0.177744
0.195477
0.188222
0.193453
0.189246
0.188575
0.193094
0.189748
0.192205
0.190519
0.191204
0.196355
0.189482
0.193558
0.190408
0.189052
0.196167
0.189583
0.192024
0.191759
0.188578
0.191391
0.18855
0.191968
0.191411
0.189177
0.190541
0.189253
0.191418
0.19518
0.188299
0.190132
0.19243
0.191716
0.195974
0.1906
0.190636
0.190563
0.192777
0.193261
0.189829
0.189986
0.192268
0.193332
0.192084
0.189955
0.190311
0.192788
0.191186
0.189178
0.189371
0.188531
0.193376
0.190257
0.192364
0.192593
0.190852
0.193315
0.18997
0.193083
0.190888
0.190775
0.194176
0.189083
0.191614
0.192444
0.188867
0.192679
0.189316
0.193462
0.191867
0.190661
0.189444
0.191001
0.192388
0.194334
0.188553
0.189871
0.190899
0.192703
0.194228
0.188858
0.189123
0.192701
0.192939
0.195079
0.188667
0.18981
0.191537
0.192295
0.190624
0.19074
0.191358
0.192669
0.192861
0.190986
0.189825
0.190588
0.195836
0.192756
0.189594
0.191529
0.189916
0.194834
0.192959
0.188886
0.192587
0.190705
0.194271
0.190892
0.19189
0.191248
0.189543
0.194291
0.191527
0.192134
0.190865
0.190006
0.192075
0.190933
0.1923
0.192492
0.188704
0.188955
0.191571
0.193439
0.194054
0.190109
0.189752
0.192217
0.192711
0.195266
0.188962
0.190005
0.192696
0.193274
0.196029
0.188729
0.190948
0.190861
0.192877
0.194893
0.189932
0.19006
0.191986
0.193033
0.191257
0.191141
0.189718
0.191733
0.19422
0.19106
0.191441
0.190958
0.194521
0.192528
0.190305
0.191018
0.189199
0.195746
0.193558
0.190308
0.192126
0.191106
0.193252
0.193154
0.189912
0.191902
0.189765
0.195184
0.190164
0.190163
0.190466
0.189733
0.189899
0.189606
0.192859
0.193193
0.189543
0.189595
0.190222
0.19388
0.194442
0.188545
0.190809
0.190411
0.192621
0.19457
0.190601
0.190761
0.189938
0.192524
0.194286
0.189817
0.189644
0.190509
0.192884
0.19129
0.189645
0.190865
0.193365
0.192103
0.189171
0.191533
0.189726
0.194741
0.191762
0.190082
0.191165
0.190178
0.193481
0.192524
0.188829
0.193054
0.189684
0.194229
0.19241
0.188784
0.192021
0.188681
0.190513
0.192847
0.189967
0.191798
0.190713
0.189033
0.191075
0.192456
0.196647
0.189237
0.190388
0.190437
0.193215
0.195578
0.189265
0.189927
0.191151
0.19255
0.195646
0.189984
0.190411
0.191136
0.19281
0.190539
0.188622
0.189595
0.190305
0.193551
0.189888
0.191253
0.190363
0.194623
0.192938
0.190344
0.192616
0.189709
0.194539
0.192641
0.189945
0.190902
0.190281
0.195309
0.193953
0.190924
0.192393
0.190577
0.193076
0.193491
0.190106
0.191899
0.188323
0.188438
0.194343
0.189239
0.194965
0.189828
0.189796
0.194398
0.190483
0.194919
0.190584
0.18942
0.191262
0.192976
0.195319
0.189993
0.190486
0.192082
0.191508
0.193095
0.189593
0.189309
0.192345
0.193335
0.190165
0.190156
0.188592
0.194703
0.19271
0.189955
0.192966
0.190891
0.194801
0.192361
0.191121
0.190846
0.190568
0.194332
0.192042
0.188646
0.192701
0.188158
0.195127
0.193027
0.190899
0.191298
0.19008
0.190765
0.193257
0.190319
0.191595
0.18978
0.189442
0.192246
0.190177
0.195111
0.189888
0.190141
0.194664
0.189311
0.196068
0.190108
0.189963
0.19421
0.190998
0.193502
0.189729
0.191548
0.194897
0.19043
0.194574
0.188945
0.189508
0.19333
0.190814
0.190329
0.190198
0.1904
0.190844
0.192042
0.189246
0.190469
0.191179
0.194918
0.191652
0.18881
0.191516
0.19054
0.194094
0.192273
0.18809
0.190221
0.188572
0.192432
0.193592
0.190788
0.190745
0.189577
0.190262
0.191345
0.191194
0.191359
0.189556
0.189714
0.191593
0.189644
0.195161
0.189846
0.189608
0.194403
0.187594
0.193521
0.190526
0.190616
0.19503
0.190234
0.194288
0.19059
0.19
0.19372
0.19047
0.190239
0.190271
0.189394
0.193627
0.189617
0.191116
0.189339
0.190172
0.193297
0.18972
0.189063
0.190664
0.190715
0.193741
0.193651
0.189994
0.191464
0.191092
0.19575
0.193567
0.190654
0.193057
0.188577
0.195064
0.192312
0.188264
0.190261
0.189182
0.192672
0.192873
0.190869
0.192022
0.189108
0.191306
0.193453
0.190482
0.19335
0.190989
0.189793
0.19303
0.190928
0.195372
0.190777
0.191015
0.194498
0.18879
0.19355
0.189624
0.188351
0.194234
0.189756
0.195464
0.189375
0.190462
0.19449
0.190482
0.191008
0.190361
0.189946
0.194124
0.191182
0.190755
0.191069
0.191867
0.197381
0.190155
0.189745
0.190438
0.188637
0.198259
0.189113
0.190316
0.191102
0.189362
0.195638
0.191291
0.190368
0.19133
0.190411
0.191953
0.193964
0.189948
0.19215
0.191849
0.189339
0.193655
0.19071
0.194774
0.190604
0.191149
0.195739
0.19048
0.195371
0.190764
0.191336
0.195413
0.19035
0.196282
0.19115
0.190713
0.195691
0.191396
0.195015
0.190691
0.190642
0.194458
0.189815
0.1947
0.189886
0.190112
0.194846
0.189717
0.191328
0.189405
0.190233
0.194229
0.190507
0.190374
0.192066
0.188804
0.197096
0.189668
0.189545
0.19107
0.188796
0.196716
0.189367
0.190901
0.192818
0.190217
0.198225
0.190476
0.187479
0.19151
0.190995
0.193852
0.188443
0.190586
0.190886
0.189425
0.193376
0.189209
0.189978
0.195012
0.18939
0.188962
0.192765
0.189473
0.194629
0.190276
0.19208
0.194198
0.190971
0.193018
0.18915
0.190337
0.194422
0.189621
0.194898
0.189913
0.189484
0.194141
0.19132
0.190529
0.191077
0.190004
0.195925
0.189149
0.189255
0.190089
0.190398
0.19663
0.190292
0.190447
0.193108
0.189373
0.197872
0.189878
0.188873
0.191269
0.18929
0.197989
0.189732
0.189901
0.192045
0.189366
0.197406
0.19051
0.188975
0.19121
0.189497
0.193345
0.189289
0.191556
0.190121
0.189587
0.192374
0.190749
0.190267
0.19443
0.189087
0.191796
0.192201
0.191331
0.193655
0.1904
0.190317
0.194456
0.191426
0.193845
0.188966
0.190474
0.194406
0.19075
0.192644
0.188602
0.189555
0.193934
0.190187
0.190907
0.19094
0.189651
0.197503
0.190071
0.188977
0.192602
0.189539
0.19781
0.190692
0.19058
0.190956
0.191851
0.198421
0.18993
0.190075
0.190955
0.189276
0.197905
0.190651
0.191159
0.1907
0.190355
0.194129
0.189712
0.190311
0.192678
0.18935
0.191627
0.190991
0.190402
0.195544
0.190646
0.193836
0.192253
0.189761
0.195256
0.19047
0.191259
0.191807
0.190014
0.193205
0.190613
0.193064
0.189943
0.189484
0.194582
0.189172
0.191444
0.191475
0.188212
0.191903
0.190551
0.189406
0.195543
0.189816
0.1908
0.192089
0.190336
0.196021
0.18885
0.189442
0.19172
0.188422
0.197668
0.187809
0.18762
0.191056
0.18917
0.192367
0.18916
0.188421
0.191592
0.18929
0.191039
0.190023
0.189535
0.193385
0.187867
0.19161
0.190665
0.189566
0.193719
0.188796
0.192566
0.190704
0.190345
0.194581
0.190362
0.190517
0.190635
0.189224
0.194584
0.189558
0.193916
0.191384
0.189635
0.192413
0.188653
0.192928
0.192347
0.19091
0.190243
0.191125
0.190919
0.197289
0.19137
0.189793
0.1919
0.188834
0.19709
0.190087
0.19033
0.191738
0.190937
0.198146
0.191059
0.190434
0.192961
0.190936
0.197496
0.191202
0.190733
0.192163
0.190087
0.19512
0.189888
0.190202
0.191861
0.190577
0.192496
0.192439
0.191292
0.192654
0.190455
0.192317
0.191102
0.191167
0.194823
0.190505
0.192684
0.190861
0.190364
0.196043
0.189802
0.1938
0.193264
0.189473
0.194248
0.191088
0.192914
0.192112
0.191195
0.19203
0.191654
0.193467
0.193224
0.189924
0.189852
0.191191
0.193435
0.195295
0.188498
0.190106
0.190184
0.192881
0.194754
0.175617
0.177174
0.174283
0.184348
0.192929
0.19258
0.189501
0.191173
0.192193
0.194231
0.194437
0.191586
0.191733
0.19239
0.191463
0.191982
0.189447
0.18983
0.189255
0.194286
0.190112
0.191607
0.193125
0.190855
0.193553
0.192293
0.190566
0.189821
0.192019
0.193218
0.194765
0.190348
0.191669
0.192366
0.194103
0.189508
0.189155
0.194203
0.191807
0.191339
0.189898
0.189816
0.191429
0.18877
0.191054
0.189767
0.190368
0.193514
0.189106
0.192857
0.190396
0.189513
0.193386
0.188582
0.192489
0.191046
0.189204
0.190658
0.190214
0.192706
0.192599
0.1907
0.19285
0.191005
0.192576
0.194088
0.191225
0.189812
0.192575
0.192115
0.195105
0.189133
0.190259
0.191928
0.193704
0.19379
0.18831
0.188677
0.190643
0.191063
0.195102
0.191811
0.18892
0.191102
0.19336
0.195075
0.19104
0.190399
0.193139
0.192431
0.194322
0.189945
0.19102
0.192051
0.19202
0.195901
0.18785
0.19039
0.192265
0.192469
0.191767
0.19035
0.189929
0.190741
0.192414
0.191987
0.189972
0.189545
0.191216
0.190598
0.188144
0.19088
0.189879
0.194431
0.194636
0.190367
0.190408
0.189063
0.195149
0.189864
0.18853
0.18949
0.188721
0.192816
0.193476
0.189458
0.19168
0.191139
0.19486
0.192764
0.19035
0.190323
0.1795
0.194703
0.18693
0.191631
0.190211
0.19488
0.189478
0.191627
0.19105
0.190956
0.190944
0.189976
0.193588
0.192434
0.189735
0.190266
0.190537
0.191467
0.193633
0.189059
0.189824
0.19117
0.191441
0.19577
0.190083
0.191689
0.191251
0.191337
0.196175
0.190788
0.189623
0.192411
0.191815
0.194123
0.189852
0.190509
0.192459
0.192925
0.195482
0.19139
0.191684
0.193118
0.193888
0.195106
0.190696
0.190115
0.190182
0.193523
0.191828
0.189928
0.189518
0.191187
0.192324
0.190866
0.191123
0.190795
0.19142
0.193668
0.189775
0.18999
0.190355
0.193693
0.193185
0.18986
0.191444
0.189902
0.194936
0.192896
0.189923
0.191832
0.191698
0.195698
0.192084
0.190069
0.191045
0.190451
0.190887
0.191172
0.191247
0.19274
0.189701
0.193124
0.189863
0.189395
0.19178
0.190163
0.190799
0.188553
0.192768
0.195135
0.190497
0.190457
0.192524
0.194271
0.195716
0.190762
0.19044
0.191572
0.191551
0.194476
0.190705
0.191237
0.192079
0.193289
0.195315
0.189047
0.190265
0.192629
0.19291
0.1918
0.190873
0.189244
0.191784
0.19275
0.190904
0.191037
0.189704
0.194536
0.193412
0.190401
0.192827
0.19122
0.195124
0.192396
0.18985
0.191297
0.19032
0.195203
0.190442
0.190716
0.189193
0.18847
0.192215
0.193564
0.191155
0.192488
0.189852
0.190511
0.193068
0.191118
0.190831
0.190233
0.18967
0.194003
0.191459
0.194562
0.189686
0.190928
0.194375
0.189871
0.194733
0.190018
0.189455
0.192087
0.19211
0.194093
0.188969
0.190572
0.19095
0.19235
0.192424
0.190377
0.188946
0.191017
0.192399
0.189748
0.191169
0.190102
0.193979
0.191269
0.191001
0.19188
0.189722
0.192884
0.194671
0.19045
0.192514
0.19097
0.195767
0.193497
0.190124
0.191588
0.189243
0.195115
0.193412
0.189318
0.192519
0.19047
0.191968
0.193413
0.190244
0.191553
0.190118
0.191415
0.192023
0.189306
0.195691
0.190545
0.190345
0.193696
0.190489
0.194911
0.18995
0.191119
0.193372
0.189785
0.195466
0.189687
0.189702
0.194446
0.188536
0.194972
0.188677
0.190676
0.191542
0.18888
0.190849
0.190403
0.19026
0.190551
0.191128
0.190941
0.190764
0.190419
0.195468
0.193969
0.188861
0.192195
0.18736
0.189706
0.190797
0.193181
0.19053
0.189254
0.193304
0.188606
0.190192
0.189944
0.193496
0.19253
0.190443
0.19178
0.190129
0.194197
0.192822
0.189113
0.191864
0.189012
0.194493
0.191408
0.189498
0.192924
0.191498
0.193209
0.193412
0.190528
0.192375
0.189765
0.189352
0.193926
0.190777
0.194542
0.188773
0.190931
0.192811
0.190901
0.193969
0.189971
0.190808
0.192642
0.190233
0.1936
0.189024
0.189095
0.193149
0.189601
0.194652
0.188698
0.189669
0.195422
0.189811
0.194329
0.188777
0.189197
0.195254
0.189563
0.189378
0.190243
0.190352
0.197405
0.189898
0.190042
0.191006
0.189859
0.196631
0.190702
0.188718
0.190799
0.18851
0.194585
0.191423
0.189829
0.192224
0.18933
0.194799
0.191485
0.189743
0.190274
0.189168
0.182784
0.187373
0.194374
0.189852
0.189931
0.191124
0.188431
0.19534
0.189204
0.189207
0.191745
0.190247
0.194462
0.190075
0.190931
0.191953
0.189376
0.195148
0.189235
0.189258
0.191331
0.187891
0.189791
0.190782
0.190309
0.197379
0.190205
0.189545
0.189839
0.189852
0.195174
0.190524
0.190061
0.188911
0.187196
0.196769
0.189862
0.189504
0.190062
0.190162
0.197649
0.189245
0.190031
0.189085
0.190274
0.198535
0.189955
0.189737
0.190121
0.19023
0.190776
0.191326
0.189903
0.190002
0.189774
0.191044
0.191452
0.189968
0.193291
0.188782
0.189281
0.192853
0.1899
0.194925
0.190606
0.189859
0.19077
0.190574
0.195522
0.189825
0.189532
0.192394
0.190377
0.18953
0.190728
0.190235
0.191818
0.189722
0.190895
0.191791
0.190789
0.198155
0.190081
0.1899
0.189997
0.190653
0.198621
0.191159
0.1906
0.190117
0.189237
0.197758
0.190424
0.189784
0.190878
0.190502
0.193321
0.190639
0.189036
0.189982
0.19101
0.192456
0.190001
0.19102
0.196534
0.189749
0.190092
0.192799
0.189901
0.196626
0.19083
0.190434
0.193909
0.191172
0.194966
0.190889
0.189797
0.192935
0.19052
0.196043
0.190103
0.189876
0.19266
0.189477
0.190732
0.191209
0.190614
0.195476
0.19082
0.190741
0.189146
0.190752
0.198395
0.191072
0.19104
0.187938
0.190366
0.191887
0.190163
0.189679
0.187908
0.189789
0.197675
0.190487
0.18842
0.19076
0.187876
0.198258
0.190517
0.188348
0.190476
0.190505
0.197845
0.19051
0.189995
0.18923
0.189236
0.19712
0.188589
0.189421
0.190352
0.187742
0.192924
0.190234
0.189184
0.190741
0.174869
0.173068
0.175333
0.193003
0.195844
0.188303
0.190226
0.191428
0.189691
0.196403
0.188519
0.189643
0.188564
0.186959
0.189224
0.187113
0.188211
0.19237
0.187907
0.190751
0.187631
0.186662
0.191775
0.187163
0.191442
0.190671
0.188715
0.191391
0.189364
0.190411
0.19279
0.189307
0.189941
0.190696
0.190973
0.194403
0.190987
0.192926
0.189238
0.194817
0.193084
0.188141
0.195437
0.190112
0.191914
0.193049
0.190458
0.192382
0.189433
0.191032
0.192256
0.190891
0.189613
0.190615
0.190437
0.219015
0.18918
0.188771
0.192863
0.188613
0.193376
0.190081
0.190303
0.190487
0.189043
0.196756
0.190779
0.190104
0.191683
0.189062
0.196254
0.229468
0.191222
0.192487
0.190528
0.198139
0.18924
0.189363
0.1931
0.191906
0.196528
0.189998
0.189975
0.19268
0.188011
0.197718
0.189994
0.19061
0.191731
0.190736
0.193502
0.190595
0.190792
0.191594
0.190449
0.192654
0.189508
0.190904
0.19472
0.189981
0.192126
0.191435
0.190436
0.193676
0.189036
0.192511
0.197655
0.19011
0.194749
0.190404
0.201868
0.191326
0.190574
0.194084
0.190263
0.193127
0.191589
0.189304
0.194216
0.19013
0.191098
0.191325
0.190032
0.192306
0.189412
0.193497
0.190849
0.190334
0.191008
0.189103
0.191845
0.192683
0.19023
0.190926
0.192523
0.193772
0.195333
0.192006
0.190705
0.191561
0.192541
0.194782
0.190508
0.190199
0.190326
0.190379
0.196871
0.190328
0.189436
0.192812
0.191234
0.197486
0.190419
0.191618
0.190865
0.18958
0.194369
0.190292
0.190705
0.191459
0.191029
0.193551
0.190419
0.189778
0.195776
0.190915
0.193027
0.191099
0.190601
0.196378
0.190638
0.192187
0.192855
0.190548
0.196513
0.189952
0.193496
0.192704
0.19032
0.195204
0.190527
0.192602
0.19255
0.190735
0.194276
0.189354
0.192207
0.190741
0.190846
0.194685
0.190998
0.193044
0.192214
0.189812
0.192356
0.190401
0.192974
0.19316
0.190842
0.190282
0.191101
0.193074
0.194647
0.191243
0.189253
0.191489
0.192391
0.194482
0.190727
0.190068
0.191439
0.192806
0.194615
0.189876
0.189083
0.190545
0.193163
0.189243
0.188605
0.190061
0.192031
0.189969
0.191058
0.192028
0.190966
0.195883
0.191347
0.189656
0.190819
0.188553
0.189019
0.191611
0.19289
0.18994
0.188304
0.191105
0.190934
0.193622
0.191163
0.189006
0.191263
0.191078
0.193223
0.189982
0.188915
0.191395
0.19362
0.193705
0.188533
0.190864
0.192064
0.191621
0.190459
0.189679
0.190829
0.191323
0.191654
0.194372
0.189682
0.188985
0.191446
0.191499
0.189544
0.188576
0.190188
0.192471
0.194255
0.196268
0.190337
0.189978
0.19242
0.192673
0.191628
0.190867
0.190663
0.193089
0.193222
0.190371
0.190983
0.190701
0.194923
0.192991
0.189205
0.191621
0.190138
0.194759
0.189976
0.187135
0.192592
0.189387
0.193773
0.193789
0.189085
0.192372
0.190001
0.194039
0.190201
0.191086
0.191539
0.19024
0.193208
0.190831
0.19264
0.192251
0.191255
0.189735
0.190061
0.192283
0.19249
0.190879
0.190227
0.192081
0.193676
0.195836
0.189787
0.189242
0.192108
0.191765
0.19396
0.189776
0.19021
0.192495
0.193431
0.1954
0.190097
0.189474
0.191901
0.191502
0.191595
0.189473
0.191136
0.190622
0.19243
0.189895
0.192474
0.191499
0.195673
0.193571
0.190644
0.191967
0.18878
0.194337
0.193368
0.187116
0.190953
0.190212
0.194177
0.19488
0.191389
0.189888
0.190111
0.194914
0.193344
0.189946
0.193124
0.191307
0.195898
0.193443
0.190354
0.192164
0.190246
0.192659
0.19149
0.190459
0.192094
0.189352
0.195077
0.193794
0.191138
0.19175
0.191888
0.196158
0.19287
0.1907
0.191807
0.190284
0.194207
0.192411
0.190935
0.19248
0.189648
0.193678
0.191573
0.189452
0.191382
0.189573
0.190911
0.19292
0.191249
0.191512
0.190766
0.190321
0.192176
0.190665
0.19251
0.190512
0.191093
0.194292
0.189618
0.196124
0.190206
0.189428
0.192699
0.1895
0.194604
0.190877
0.191154
0.192009
0.192421
0.193682
0.190466
0.188733
0.191673
0.192652
0.192942
0.189544
0.190401
0.191425
0.19231
0.191751
0.189678
0.189049
0.190908
0.192402
0.189319
0.188785
0.190199
0.194668
0.191485
0.190257
0.19095
0.1889
0.193574
0.190748
0.188893
0.191796
0.189696
0.191886
0.192691
0.19004
0.193473
0.190407
0.191917
0.19348
0.191079
0.192347
0.190308
0.190687
0.192874
0.189707
0.195743
0.189709
0.189762
0.195138
0.189063
0.19484
0.18856
0.189049
0.19421
0.189958
0.195049
0.191583
0.190573
0.190071
0.19299
0.195613
0.191022
0.191556
0.192161
0.19257
0.192134
0.189808
0.190436
0.19119
0.190524
0.192293
0.18932
0.189185
0.192686
0.192626
0.191077
0.190662
0.190974
0.193218
0.194224
0.190682
0.188869
0.190162
0.193265
0.192763
0.190647
0.189245
0.191684
0.192425
0.193499
0.190738
0.188143
0.18943
0.191169
0.192596
0.19117
0.189894
0.189238
0.19591
0.194004
0.190214
0.191927
0.190306
0.195342
0.193721
0.191096
0.191783
0.191003
0.195593
0.192933
0.190951
0.192578
0.190418
0.194998
0.193194
0.190434
0.19013
0.190499
0.19158
0.193753
0.189584
0.193146
0.189221
0.1906
0.192017
0.190139
0.192143
0.188725
0.189977
0.194709
0.190447
0.193316
0.189719
0.189738
0.195703
0.188862
0.194829
0.189462
0.190262
0.193634
0.18932
0.195646
0.191564
0.189955
0.193782
0.190579
0.192184
0.189617
0.190163
0.195715
0.189126
0.189544
0.190713
0.190634
0.194227
0.191654
0.189719
0.190369
0.189818
0.194115
0.193118
0.190543
0.192463
0.189592
0.193532
0.19358
0.19089
0.192194
0.189251
0.191963
0.19149
0.190465
0.191599
0.189369
0.189464
0.193256
0.190307
0.194327
0.188694
0.190341
0.193704
0.191173
0.195687
0.189911
0.190081
0.194812
0.187693
0.193614
0.19069
0.188661
0.193524
0.188688
0.189805
0.190015
0.190481
0.194193
0.19078
0.189787
0.192275
0.189248
0.197081
0.189985
0.18925
0.190573
0.189443
0.197323
0.190549
0.189091
0.19131
0.190159
0.194494
0.19139
0.189376
0.190888
0.188676
0.188118
0.192112
0.19119
0.193943
0.189939
0.19012
0.194229
0.190618
0.195229
0.19021
0.190552
0.194447
0.189768
0.194483
0.191072
0.190543
0.195433
0.191094
0.195356
0.189636
0.189638
0.195292
0.190094
0.191966
0.188648
0.189082
0.193351
0.187466
0.190507
0.190983
0.190515
0.198477
0.190641
0.189322
0.191727
0.190704
0.195796
0.190776
0.191119
0.192415
0.189595
0.197925
0.189267
0.190513
0.191748
0.18898
0.196338
0.189933
0.191519
0.191209
0.189774
0.192865
0.190666
0.190756
0.191135
0.189479
0.190807
0.191041
0.189449
0.194053
0.191276
0.190199
0.193707
0.189657
0.19585
0.189836
0.190082
0.194626
0.190258
0.19277
0.190437
0.189281
0.192599
0.190369
0.194102
0.189949
0.18882
0.191656
0.190489
0.194162
0.188297
0.189792
0.192239
0.188303
0.193159
0.189917
0.189055
0.191352
0.188886
0.196183
0.189874
0.188602
0.192705
0.188717
0.188901
0.187846
0.188551
0.191115
0.190809
0.189407
0.189589
0.190269
0.195992
0.189605
0.188347
0.189556
0.189673
0.198246
0.189668
0.190207
0.189599
0.190739
0.198668
0.189567
0.188874
0.189863
0.189856
0.19765
0.189012
0.190154
0.188789
0.188885
0.192445
0.191191
0.189619
0.189803
0.188018
0.193417
0.189439
0.189247
0.190578
0.190175
0.191836
0.189806
0.188228
0.193898
0.188797
0.190511
0.190264
0.190028
0.194577
0.189885
0.191779
0.189619
0.189498
0.196174
0.188303
0.190868
0.19185
0.188968
0.190222
0.189656
0.190522
0.191547
0.189714
0.190011
0.189121
0.18881
0.196389
0.188313
0.19027
0.190184
0.188317
0.198013
0.189994
0.188522
0.18934
0.189711
0.191481
0.189073
0.188973
0.188537
0.188857
0.192261
0.189706
0.189676
0.194885
0.189238
0.191014
0.188363
0.190176
0.195873
0.189344
0.19301
0.188255
0.189371
0.187979
0.189322
0.188778
0.191162
0.188929
0.189932
0.189586
0.188659
0.197968
0.18932
0.188285
0.188647
0.187677
0.195601
0.189204
0.190097
0.188999
0.188504
0.190395
0.189898
0.18852
0.190466
0.190227
0.193817
0.190117
0.190163
0.195568
0.188916
0.191263
0.188602
0.18885
0.195224
0.189936
0.191852
0.189045
0.188759
0.190712
0.189955
0.193255
0.189281
0.188006
0.188623
0.189936
0.188952
0.197633
0.18825
0.188819
0.189502
0.189998
0.196775
0.189594
0.189752
0.190275
0.189534
0.194842
0.189367
0.189365
0.187817
0.18872
0.19239
0.190688
0.190832
0.193015
0.189081
0.189982
0.187976
0.188256
0.195448
0.189236
0.191928
0.190322
0.189849
0.194219
0.189073
0.192271
0.189498
0.189624
0.189944
0.188795
0.191044
0.190358
0.18932
0.189332
0.190281
0.19087
0.195227
0.189716
0.18838
0.18905
0.188406
0.197952
0.190021
0.188514
0.188951
0.188539
0.19097
0.188429
0.188856
0.1901
0.187785
0.190863
0.189866
0.18917
0.194573
0.189967
0.19121
0.189016
0.190284
0.194182
0.189733
0.190613
0.189837
0.189663
0.19546
0.188828
0.1926
0.189313
0.189527
0.189855
0.188845
0.191594
0.195572
0.19091
0.18967
0.189041
0.192173
0.1959
0.189252
0.189987
0.189156
0.192233
0.195346
0.189684
0.189343
0.190694
0.189186
0.192285
0.190114
0.19039
0.189892
0.190287
0.191042
0.190305
0.188328
0.194505
0.187267
0.191925
0.188936
0.188847
0.193786
0.189795
0.192107
0.188584
0.190051
0.193631
0.189044
0.190279
0.188464
0.189449
0.1954
0.189403
0.193574
0.190287
0.190426
0.189097
0.188262
0.190565
0.192335
0.188539
0.187732
0.189601
0.192311
0.195236
0.188721
0.188772
0.188449
0.193347
0.193903
0.189481
0.189571
0.188788
0.191109
0.191072
0.189712
0.188466
0.188317
0.189137
0.19082
0.189226
0.189109
0.194849
0.188554
0.19142
0.188037
0.188708
0.193509
0.188282
0.191135
0.189898
0.187544
0.189346
0.18922
0.190213
0.193986
0.188892
0.188771
0.189363
0.191948
0.196049
0.188971
0.189581
0.189966
0.191098
0.193272
0.190267
0.189157
0.189357
0.191249
0.195688
0.190219
0.189838
0.18983
0.191126
0.19057
0.190156
0.189362
0.189264
0.192637
0.189354
0.189444
0.18953
0.193853
0.189081
0.192263
0.188426
0.191051
0.193921
0.190482
0.192713
0.188052
0.19006
0.195346
0.189783
0.192159
0.190342
0.190449
0.195495
0.190222
0.191601
0.19041
0.189313
0.190187
0.189727
0.191566
0.18836
0.190727
0.190041
0.188974
0.192395
0.19505
0.189486
0.190758
0.188339
0.193191
0.19556
0.18943
0.189171
0.19009
0.192736
0.195131
0.189059
0.189913
0.190875
0.192221
0.1961
0.189679
0.190051
0.190583
0.192958
0.189234
0.189562
0.188113
0.188234
0.193128
0.189919
0.189714
0.189643
0.195101
0.193579
0.188573
0.187222
0.189125
0.19449
0.191865
0.189837
0.189349
0.189081
0.195239
0.190678
0.187114
0.1895
0.188695
0.188135
0.188485
0.192101
0.190022
0.189637
0.188441
0.189866
0.191563
0.194582
0.187942
0.188214
0.188273
0.191626
0.194015
0.190293
0.189386
0.190086
0.192603
0.188121
0.189447
0.190015
0.188135
0.191038
0.188343
0.191549
0.188596
0.194316
0.191688
0.188029
0.188552
0.188898
0.19574
0.191783
0.190401
0.19031
0.18865
0.189007
0.191019
0.190391
0.190492
0.190075
0.190409
0.189177
0.191705
0.195071
0.188758
0.189195
0.189511
0.192365
0.192746
0.188885
0.190857
0.190021
0.191675
0.195867
0.188049
0.190504
0.19033
0.192443
0.190727
0.18976
0.189388
0.18968
0.192988
0.190699
0.18915
0.188315
0.195425
0.192586
0.18886
0.190346
0.189477
0.195632
0.192505
0.189648
0.188873
0.189073
0.187114
0.191437
0.188585
0.189751
0.172619
0.175139
0.173498
0.175948
0.174093
0.173056
0.173136
0.190197
0.193765
0.191902
0.18974
0.192442
0.188858
0.194722
0.190639
0.188779
0.193016
0.19009
0.194826
0.19267
0.172775
0.172878
0.178463
0.178609
0.179547
0.173074
0.172822
0.172886
0.177552
0.171185
0.169898
0.171685
0.175615
0.190318
0.17104
0.189696
0.188689
0.187871
0.190321
0.189463
0.192558
0.187995
0.188414
0.191071
0.186738
0.193922
0.18892
0.18922
0.191123
0.188671
0.194188
0.18698
0.187853
0.1912
0.187222
0.188641
0.188127
0.187973
0.195759
0.187754
0.188909
0.188542
0.187983
0.196597
0.189929
0.189666
0.188666
0.18899
0.192792
0.189735
0.187457
0.190221
0.187266
0.197881
0.187656
0.188782
0.189082
0.189624
0.196923
0.190115
0.18843
0.189715
0.18916
0.195082
0.187889
0.189551
0.188905
0.18859
0.18746
0.189761
0.187628
0.193572
0.188199
0.187753
0.192177
0.186262
0.194998
0.187661
0.188808
0.190526
0.189272
0.193506
0.190407
0.188213
0.189795
0.188493
0.195399
0.188637
0.188569
0.190836
0.188584
0.194673
0.190126
0.189892
0.192535
0.189208
0.193823
0.189372
0.188778
0.192226
0.189136
0.189438
0.188986
0.190448
0.1978
0.18843
0.189673
0.189379
0.18889
0.197712
0.186576
0.189328
0.190719
0.190104
0.197192
0.189843
0.187865
0.189846
0.189367
0.197047
0.189307
0.190328
0.190262
0.189176
0.198187
0.189245
0.188992
0.187607
0.189398
0.192135
0.190171
0.189244
0.189048
0.18873
0.191432
0.187654
0.189115
0.194191
0.188449
0.188403
0.1914
0.18919
0.193692
0.189094
0.189025
0.19083
0.188329
0.187755
0.186332
0.189273
0.196668
0.188643
0.188416
0.18931
0.190053
0.197714
0.188481
0.188931
0.188814
0.190166
0.197057
0.187714
0.18914
0.189249
0.187971
0.190516
0.189436
0.189721
0.188858
0.189426
0.193065
0.188247
0.190078
0.194251
0.187882
0.191993
0.188134
0.188818
0.196314
0.188935
0.186961
0.191013
0.190423
0.189984
0.188808
0.189066
0.190089
0.189464
0.187601
0.188895
0.189554
0.196399
0.190037
0.189927
0.189721
0.187998
0.197325
0.189506
0.190932
0.189224
0.189516
0.191909
0.189637
0.189813
0.188186
0.190581
0.191433
0.190058
0.189448
0.1946
0.188625
0.190386
0.188248
0.190508
0.193849
0.188787
0.191875
0.187076
0.189212
0.193896
0.190214
0.189647
0.189311
0.189922
0.194892
0.188724
0.189337
0.190272
0.188399
0.189444
0.187217
0.189727
0.195621
0.188005
0.189064
0.189315
0.188603
0.196067
0.1856
0.187754
0.189736
0.189578
0.196149
0.187571
0.188232
0.187745
0.190354
0.193773
0.190291
0.191141
0.195517
0.189199
0.19244
0.188764
0.18904
0.194224
0.189228
0.190998
0.189565
0.188228
0.188214
0.190385
0.192
0.189467
0.189869
0.194391
0.176406
0.187264
0.190664
0.18958
0.189278
0.187948
0.195306
0.189107
0.18885
0.188691
0.188885
0.195699
0.188313
0.187224
0.187547
0.189143
0.192051
0.189765
0.189059
0.187567
0.189043
0.193287
0.18807
0.188111
0.18799
0.187494
0.191194
0.188581
0.188933
0.194238
0.188088
0.189775
0.189154
0.189303
0.194994
0.188456
0.190498
0.188861
0.189519
0.193706
0.189376
0.192672
0.188322
0.189362
0.1885
0.188476
0.19132
0.189012
0.18806
0.190264
0.186291
0.19029
0.188312
0.189335
0.19368
0.188252
0.192445
0.187855
0.188672
0.190607
0.187673
0.19099
0.194527
0.188769
0.188364
0.189051
0.190959
0.193944
0.189374
0.187124
0.189679
0.187886
0.192672
0.18811
0.189151
0.189514
0.189031
0.190076
0.188422
0.187555
0.194384
0.188979
0.190976
0.189273
0.187709
0.193393
0.189679
0.193913
0.188267
0.188044
0.188989
0.189286
0.19301
0.188614
0.189873
0.190313
0.189614
0.191785
0.193563
0.188443
0.18845
0.187025
0.191247
0.190712
0.188576
0.190424
0.189868
0.190748
0.192038
0.18889
0.189924
0.189025
0.190515
0.190614
0.190162
0.189215
0.19442
0.189507
0.191576
0.189825
0.188677
0.194606
0.188826
0.190339
0.188057
0.190251
0.190787
0.187943
0.190535
0.18918
0.190163
0.188415
0.188461
0.190873
0.195881
0.189463
0.188867
0.190307
0.19292
0.192495
0.18965
0.188713
0.190596
0.192771
0.190359
0.189807
0.188993
0.190293
0.188132
0.19195
0.190508
0.189164
0.195478
0.189263
0.190991
0.189439
0.187836
0.196348
0.189425
0.191957
0.189533
0.188878
0.189149
0.189773
0.191369
0.189546
0.188591
0.189403
0.188357
0.190729
0.19429
0.189834
0.188915
0.190665
0.192189
0.19316
0.189525
0.189771
0.189929
0.192807
0.194393
0.190232
0.189399
0.18754
0.190897
0.189296
0.189068
0.189106
0.189519
0.193042
0.187497
0.190054
0.188051
0.194737
0.188305
0.192634
0.189308
0.188964
0.195494
0.18831
0.192392
0.188205
0.189197
0.18926
0.188516
0.190674
0.189217
0.19095
0.189249
0.190138
0.191403
0.196046
0.19047
0.189537
0.189497
0.192385
0.19518
0.189228
0.188393
0.19091
0.192003
0.193609
0.189897
0.187515
0.188228
0.191104
0.194351
0.190049
0.18787
0.189609
0.192672
0.189322
0.189374
0.190462
0.196118
0.19217
0.188577
0.188365
0.188884
0.193842
0.192943
0.18977
0.189749
0.188361
0.193303
0.187768
0.190201
0.189308
0.190305
0.190722
0.188499
0.191705
0.189457
0.189636
0.188847
0.18925
0.190928
0.194679
0.188978
0.188585
0.190729
0.189951
0.195474
0.190659
0.190345
0.1888
0.191196
0.189773
0.188574
0.188768
0.190831
0.193209
0.188468
0.190138
0.189072
0.192878
0.191973
0.188366
0.190446
0.189421
0.195746
0.193195
0.190725
0.187198
0.190365
0.195283
0.192227
0.189921
0.188578
0.190455
0.191249
0.188302
0.19133
0.189761
0.189506
0.189945
0.189171
0.19127
0.19527
0.188591
0.189385
0.190322
0.191846
0.194248
0.188386
0.189281
0.190138
0.191957
0.194785
0.188425
0.189097
0.189862
0.191679
0.18956
0.19133
0.189501
0.194321
0.191262
0.190566
0.188634
0.189201
0.195629
0.191654
0.187696
0.189838
0.190264
0.196027
0.192336
0.188672
0.189405
0.187368
0.195704
0.191469
0.189053
0.189236
0.188376
0.19318
0.191707
0.189852
0.18812
0.188484
0.195221
0.189338
0.189367
0.190092
0.189789
0.194255
0.191049
0.191092
0.188456
0.187878
0.192139
0.18823
0.189135
0.190016
0.189996
0.192443
0.189525
0.187554
0.189672
0.194115
0.192215
0.190745
0.18845
0.190389
0.195474
0.191865
0.188793
0.188978
0.189873
0.195508
0.192452
0.190076
0.189692
0.189351
0.188616
0.191726
0.18938
0.190231
0.190146
0.188529
0.190574
0.188256
0.194855
0.190144
0.188997
0.193449
0.188782
0.195882
0.190369
0.189663
0.192773
0.189791
0.195435
0.189721
0.190208
0.190403
0.19091
0.196366
0.190619
0.188895
0.190689
0.192151
0.193628
0.190404
0.188556
0.18924
0.191621
0.193377
0.185642
0.172091
0.195633
0.189345
0.189522
0.189635
0.191289
0.192293
0.190819
0.19114
0.193555
0.190228
0.193365
0.189874
0.190963
0.181168
0.175298
0.191621
0.188019
0.190571
0.190234
0.189449
0.188689
0.195556
0.190369
0.189993
0.189014
0.187961
0.189484
0.191959
0.189232
0.189518
0.190042
0.189045
0.1909
0.19106
0.190085
0.189423
0.195285
0.189193
0.19424
0.186999
0.189236
0.193121
0.189202
0.18907
0.188873
0.194514
0.187666
0.188627
0.187943
0.188972
0.191956
0.189211
0.189851
0.188934
0.189541
0.191925
0.190326
0.190739
0.19051
0.188963
0.194897
0.192757
0.190098
0.19046
0.188386
0.195131
0.19011
0.19013
0.190159
0.189397
0.19098
0.190403
0.191116
0.189358
0.189661
0.195871
0.191882
0.19057
0.190291
0.189556
0.195173
0.191538
0.188668
0.190434
0.189912
0.190112
0.19109
0.19045
0.189783
0.18834
0.188316
0.192663
0.19029
0.19246
0.189549
0.189824
0.192244
0.189083
0.194972
0.190387
0.190185
0.192331
0.188222
0.194004
0.18937
0.189652
0.192372
0.189888
0.194172
0.187795
0.190422
0.190572
0.188886
0.195974
0.188236
0.188217
0.188919
0.188949
0.189783
0.188824
0.189493
0.19366
0.190939
0.195932
0.190047
0.188886
0.191324
0.189474
0.188349
0.188687
0.193545
0.188252
0.188061
0.188882
0.189286
0.192007
0.189605
0.190235
0.189059
0.188129
0.190702
0.189699
0.193939
0.189263
0.187536
0.182348
0.188064
0.189372
0.190141
0.197125
0.189903
0.193733
0.187737
0.189893
0.191407
0.191921
0.189532
0.188798
0.188069
0.191623
0.191155
0.189971
0.190344
0.190161
0.192062
0.190737
0.195155
0.188187
0.188824
0.191607
0.189987
0.190997
0.187911
0.187919
0.191393
0.189629
0.193369
0.190179
0.188376
0.191603
0.189446
0.194241
0.187808
0.190716
0.192502
0.189399
0.195359
0.188698
0.190445
0.192698
0.189886
0.19509
0.18948
0.19095
0.193546
0.190301
0.190978
0.189823
0.190242
0.192092
0.190747
0.19018
0.189036
0.190717
0.196899
0.190761
0.190161
0.189144
0.190282
0.195568
0.18845
0.190529
0.19041
0.188367
0.191967
0.187317
0.194867
0.189478
0.188105
0.191178
0.189448
0.194422
0.18942
0.188714
0.190983
0.189136
0.194728
0.189365
0.189316
0.189823
0.189251
0.187871
0.187398
0.197209
0.174806
0.192821
0.189792
0.190224
0.190488
0.18909
0.193971
0.19069
0.188899
0.190599
0.190799
0.196194
0.190096
0.188613
0.191286
0.188602
0.195954
0.189749
0.188998
0.192748
0.190285
0.19508
0.188625
0.189086
0.188944
0.189225
0.194086
0.190505
0.18979
0.189593
0.189884
0.195548
0.189315
0.190286
0.189538
0.189948
0.195659
0.189121
0.190188
0.191988
0.190623
0.196155
0.189691
0.189939
0.192383
0.189687
0.191291
0.190393
0.191086
0.193887
0.189461
0.189707
0.18951
0.190726
0.197637
0.189921
0.187717
0.18882
0.19133
0.197798
0.190542
0.190055
0.190436
0.189894
0.198415
0.189858
0.189026
0.189193
0.190288
0.197036
0.188311
0.189975
0.189429
0.190345
0.197019
0.19046
0.18993
0.189107
0.189774
0.197844
0.190188
0.190346
0.189861
0.190257
0.195943
0.189442
0.190862
0.189216
0.189239
0.192282
0.190018
0.188896
0.194205
0.190152
0.190887
0.189403
0.190546
0.194207
0.188761
0.192287
0.189498
0.191066
0.19517
0.188242
0.191139
0.191157
0.189958
0.189385
0.189265
0.188382
0.191371
0.188758
0.188623
0.189652
0.188586
0.196843
0.190554
0.189126
0.189854
0.187225
0.197931
0.189419
0.191041
0.190576
0.189813
0.196864
0.189603
0.19085
0.189258
0.190032
0.191337
0.189349
0.188905
0.19522
0.189555
0.191073
0.189489
0.189576
0.195817
0.18898
0.192835
0.189905
0.190072
0.195256
0.190039
0.192693
0.190058
0.189829
0.188584
0.189256
0.190734
0.188964
0.189047
0.190345
0.189082
0.18997
0.197345
0.189005
0.189718
0.189625
0.187883
0.196993
0.189792
0.190418
0.189123
0.190302
0.198036
0.18986
0.190198
0.188955
0.189095
0.192824
0.188851
0.188957
0.190476
0.189762
0.191213
0.19027
0.187226
0.194934
0.188357
0.19233
0.189561
0.188762
0.193853
0.189164
0.192724
0.190157
0.190683
0.188882
0.19014
0.192164
0.191522
0.189525
0.19065
0.189555
0.19242
0.195123
0.190495
0.189758
0.189515
0.190562
0.193273
0.188183
0.191
0.187345
0.189272
0.196088
0.190456
0.189689
0.188195
0.190079
0.191853
0.189268
0.189797
0.191001
0.187424
0.191289
0.190161
0.189704
0.19583
0.189607
0.192562
0.18973
0.187787
0.195852
0.190064
0.192435
0.189877
0.189691
0.195681
0.190406
0.193293
0.190599
0.189726
0.194276
0.189677
0.189886
0.187807
0.18865
0.190246
0.188637
0.193474
0.189374
0.189964
0.189714
0.188462
0.192793
0.188452
0.188925
0.18856
0.188588
0.192734
0.189624
0.190143
0.195914
0.189296
0.192482
0.189131
0.188235
0.196081
0.189248
0.192767
0.187874
0.190514
0.195001
0.189212
0.191442
0.187724
0.18917
0.188186
0.188321
0.192747
0.195462
0.188858
0.18922
0.188128
0.191804
0.195015
0.188508
0.189569
0.184666
0.191425
0.188575
0.176387
0.19286
0.189663
0.196586
0.190588
0.193671
0.1911
0.18986
0.196474
0.19054
0.193145
0.190802
0.190698
0.191346
0.19049
0.192608
0.19134
0.191068
0.191087
0.190988
0.193306
0.190713
0.190337
0.189735
0.19105
0.193241
0.196182
0.191053
0.190581
0.189735
0.193329
0.196211
0.188914
0.190604
0.189755
0.191694
0.188526
0.174081
0.174531
0.191732
0.189956
0.189447
0.192145
0.194597
0.190129
0.18768
0.191044
0.193081
0.194636
0.188884
0.189988
0.191085
0.193324
0.195136
0.19006
0.190863
0.190438
0.192161
0.195988
0.189687
0.189087
0.190449
0.193632
0.189986
0.18856
0.190646
0.192585
0.192113
0.188699
0.19002
0.190751
0.194568
0.191481
0.188803
0.190696
0.190113
0.194884
0.19066
0.189326
0.189493
0.191007
0.193378
0.188932
0.19076
0.191032
0.190057
0.19323
0.189458
0.190932
0.190013
0.18944
0.18904
0.189424
0.191186
0.189691
0.190842
0.19037
0.189799
0.192332
0.195391
0.189712
0.190322
0.189905
0.193375
0.196216
0.190676
0.189112
0.189842
0.192259
0.195113
0.190365
0.190285
0.190313
0.192767
0.195901
0.189354
0.18928
0.188703
0.192708
0.189563
0.190641
0.189592
0.195519
0.191558
0.188902
0.190199
0.188828
0.194915
0.191717
0.188972
0.190529
0.188798
0.194989
0.191428
0.18867
0.1902
0.1901
0.18867
0.190324
0.190653
0.189761
0.18932
0.189848
0.189187
0.192112
0.195208
0.189274
0.189414
0.189887
0.192429
0.19394
0.190814
0.190898
0.190253
0.191728
0.196691
0.188696
0.189953
0.189751
0.191843
0.189776
0.190462
0.189286
0.190047
0.193117
0.189088
0.18963
0.190059
0.196195
0.195108
0.189634
0.187427
0.189899
0.195639
0.191856
0.189611
0.190821
0.189264
0.194677
0.190512
0.189437
0.190461
0.190127
0.194142
0.190175
0.19013
0.189893
0.189276
0.190378
0.192193
0.190172
0.205765
0.190204
0.18986
0.192744
0.187774
0.194254
0.189414
0.189494
0.190383
0.191967
0.194442
0.190986
0.190188
0.188896
0.191743
0.195857
0.189932
0.189906
0.189408
0.191159
0.193898
0.18964
0.188698
0.188411
0.191947
0.190152
0.190007
0.18931
0.192255
0.190659
0.189399
0.189887
0.190308
0.195605
0.193435
0.190699
0.190755
0.190382
0.195987
0.193262
0.189522
0.189903
0.189474
0.195934
0.192025
0.189398
0.190522
0.190261
0.194971
0.191087
0.190282
0.187887
0.187993
0.190307
0.191217
0.189563
0.195378
0.188477
0.18841
0.192707
0.188784
0.19379
0.189675
0.190625
0.189853
0.189418
0.194263
0.190911
0.188806
0.190119
0.190864
0.189731
0.189751
0.188618
0.192473
0.192131
0.18878
0.189093
0.190022
0.195175
0.193332
0.19057
0.187979
0.187911
0.196057
0.191998
0.188666
0.18998
0.188979
0.195769
0.191693
0.188014
0.190268
0.188579
0.189449
0.19162
0.190629
0.19328
0.18991
0.190936
0.192058
0.190418
0.196153
0.189815
0.189389
0.19128
0.190873
0.195194
0.189277
0.189737
0.190775
0.189074
0.18939
0.190555
0.188585
0.190151
0.192004
0.190149
0.189172
0.189711
0.195716
0.192208
0.189221
0.189295
0.189522
0.194144
0.192639
0.190067
0.190436
0.189931
0.194337
0.191902
0.191569
0.190114
0.19037
0.190603
0.19026
0.188441
0.189757
0.189567
0.193406
0.192481
0.189537
0.189236
0.189796
0.190456
0.1915
0.190118
0.188939
0.188645
0.188667
0.191275
0.192142
0.194675
0.190845
0.193462
0.195804
0.191987
0.198241
0.191646
0.198064
0.188176
0.191874
0.188169
0.191906
0.200083
0.190617
0.197579
0.189643
0.191499
0.200509
0.191518
0.192045
0.188807
0.189848
0.199333
0.190831
0.191808
0.197249
0.191719
0.198834
0.191142
0.191027
0.196867
0.191536
0.19615
0.191864
0.198656
0.192
0.192438
0.200998
0.19223
0.197118
0.192025
0.191454
0.19984
0.191305
0.198022
0.192857
0.192226
0.200424
0.191839
0.197313
0.19238
0.191894
0.198133
0.191608
0.198296
0.191817
0.191159
0.197814
0.192059
0.193697
0.191981
0.187635
0.19209
0.188508
0.196504
0.18238
0.203599
0.192222
0.197284
0.192013
0.189081
0.200948
0.191238
0.194626
0.192625
0.192662
0.200168
0.188566
0.198296
0.188401
0.194187
0.189661
0.19232
0.197186
0.192575
0.196675
0.188216
0.191711
0.195741
0.192117
0.200094
0.191952
0.189873
0.197107
0.187458
0.183887
0.190877
0.198716
0.190781
0.197818
0.190154
0.188779
0.194986
0.192416
0.197642
0.191924
0.192089
0.1992
0.192738
0.199295
0.192501
0.192471
0.194486
0.191892
0.19654
0.187453
0.190987
0.198952
0.192528
0.20044
0.19061
0.189513
0.193354
0.190993
0.199
0.190376
0.191088
0.196717
0.182143
0.196169
0.177271
0.18043
0.196528
0.190233
0.191134
0.198549
0.190581
0.198058
0.19098
0.190172
0.196069
0.189561
0.19537
0.186949
0.190084
0.195705
0.188909
0.196898
0.190362
0.190104
0.195671
0.190737
0.194934
0.189084
0.189295
0.195425
0.185344
0.197967
0.186761
0.193866
0.188464
0.191996
0.198281
0.18811
0.19693
0.192411
0.187912
0.193277
0.191087
0.195955
0.190422
0.191455
0.19671
0.191253
0.196086
0.186282
0.190848
0.187528
0.190461
0.194911
0.188972
0.19324
0.192856
0.183732
0.193243
0.18666
0.197122
0.190632
0.19069
0.187255
0.190272
0.199962
0.191422
0.191014
0.186652
0.18793
0.196219
0.188462
0.190721
0.187759
0.194327
0.195277
0.190561
0.196593
0.190405
0.19341
0.195643
0.191059
0.197315
0.190262
0.196202
0.197336
0.191553
0.197204
0.190167
0.205634
0.199176
0.189634
0.192263
0.191354
0.194746
0.189998
0.173269
0.173268
0.173924
0.173411
0.177082
0.174181
0.192339
0.188565
0.189291
0.192252
0.188419
0.189319
0.192139
0.189907
0.199063
0.191138
0.190696
0.198001
0.19133
0.200427
0.191159
0.190397
0.196391
0.190416
0.200508
0.190232
0.190285
0.196878
0.189833
0.197921
0.190355
0.189789
0.197708
0.191303
0.19955
0.190537
0.190338
0.197265
0.192213
0.174826
0.180803
0.1803
0.174027
0.192251
0.195691
0.187964
0.193623
0.187741
0.184963
0.203395
0.194396
0.189803
0.192978
0.173248
0.174532
0.177432
0.192997
0.182404
0.178306
0.189265
0.188053
0.194781
0.188408
0.1986
0.188642
0.188267
0.187586
0.185405
0.188501
0.188579
0.190225
0.188406
0.192041
0.189825
0.182873
0.189099
0.192267
0.188627
0.189298
0.190197
0.189305
0.190829
0.194253
0.189461
0.188442
0.190138
0.189836
0.197233
0.189041
0.188097
0.187695
0.188028
0.196316
0.190516
0.189944
0.190408
0.189614
0.192091
0.188456
0.189233
0.189651
0.190151
0.192543
0.187869
0.190585
0.195386
0.190192
0.191898
0.190321
0.189084
0.195582
0.190108
0.19266
0.190313
0.189483
0.194961
0.190372
0.193738
0.189278
0.189751
0.193918
0.188639
0.193245
0.188311
0.190061
0.195122
0.189915
0.191168
0.189735
0.187841
0.193903
0.187899
0.189729
0.188311
0.188136
0.1886
0.189986
0.193449
0.188384
0.190779
0.189507
0.189721
0.1922
0.190226
0.190731
0.190401
0.187902
0.19142
0.190333
0.190818
0.190123
0.19005
0.191429
0.190262
0.19096
0.196234
0.190626
0.1919
0.190805
0.188648
0.190131
0.190656
0.192803
0.190117
0.188384
0.187938
0.188042
0.192715
0.190344
0.191167
0.188877
0.190723
0.194284
0.190309
0.179985
0.191193
0.191315
0.189113
0.191482
0.195971
0.189382
0.192337
0.189679
0.190108
0.177298
0.187338
0.191601
0.188812
0.190313
0.191619
0.194575
0.189856
0.190016
0.191042
0.190548
0.19009
0.190088
0.189034
0.192094
0.19104
0.192621
0.188463
0.188706
0.189362
0.191172
0.194075
0.188569
0.176171
0.192675
0.190358
0.195306
0.190958
0.19263
0.191398
0.188672
0.190768
0.19209
0.192564
0.189434
0.188868
0.189266
0.192025
0.188611
0.187254
0.192638
0.191548
0.193318
0.18921
0.190798
0.192664
0.194227
0.1943
0.190699
0.18924
0.191345
0.192747
0.192495
0.19034
0.190402
0.190766
0.19078
0.190669
0.188262
0.189784
0.191021
0.190148
0.191749
0.190542
0.18999
0.191557
0.193511
0.19554
0.191517
0.190932
0.191216
0.193131
0.194189
0.1906
0.191076
0.192521
0.192689
0.19578
0.190619
0.190091
0.192861
0.194349
0.195608
0.191036
0.191299
0.191776
0.193821
0.191868
0.190999
0.190244
0.192042
0.19435
0.191808
0.191201
0.190162
0.192729
0.194681
0.19059
0.191086
0.190225
0.196196
0.193264
0.190445
0.191428
0.190725
0.195313
0.193056
0.189718
0.191442
0.18924
0.193511
0.19064
0.189999
0.191602
0.189647
0.191009
0.18982
0.193132
0.192887
0.191334
0.191277
0.191349
0.19309
0.190675
0.1888
0.195119
0.193549
0.189229
0.190398
0.188654
0.195834
0.193059
0.187995
0.187578
0.191175
0.19304
0.193731
0.192339
0.189167
0.191002
0.193005
0.191465
0.189265
0.188856
0.190659
0.189309
0.188654
0.189582
0.190174
0.192777
0.190455
0.190172
0.190925
0.187695
0.190512
0.19101
0.193432
0.189211
0.191429
0.190029
0.192697
0.19349
0.188482
0.189972
0.192968
0.193369
0.195323
0.191019
0.189177
0.192104
0.193313
0.190011
0.187485
0.191905
0.192658
0.19152
0.173636
0.191555
0.192192
0.173363
0.186335
0.195011
0.190547
0.190934
0.190529
0.188393
0.191279
0.189805
0.188423
0.188313
0.194362
0.191472
0.188528
0.18836
0.1865
0.194506
0.192775
0.189223
0.189402
0.189204
0.196805
0.192965
0.190081
0.189701
0.189127
0.189142
0.191376
0.190441
0.189524
0.190743
0.190532
0.191884
0.190269
0.194242
0.190441
0.190411
0.190211
0.191837
0.196321
0.187293
0.18895
0.192902
0.189201
0.188493
0.188049
0.189811
0.191719
0.188453
0.189203
0.187035
0.194216
0.190232
0.187469
0.189723
0.191204
0.195816
0.19133
0.189216
0.189878
0.190426
0.188301
0.192286
0.190521
0.192059
0.188846
0.188889
0.19112
0.19019
0.196081
0.188417
0.189453
0.190975
0.188571
0.1943
0.189802
0.1888
0.188845
0.19129
0.190673
0.188335
0.190536
0.18895
0.191741
0.189198
0.189431
0.189865
0.195598
0.193531
0.18986
0.190038
0.189834
0.195733
0.192837
0.188444
0.188108
0.189599
0.188767
0.190758
0.188753
0.1903
0.189975
0.189984
0.192069
0.19023
0.193063
0.188164
0.189666
0.193083
0.189804
0.195228
0.189265
0.188301
0.191709
0.188647
0.19318
0.189543
0.188961
0.190462
0.192222
0.191226
0.188726
0.190269
0.191106
0.19244
0.20403
0.190619
0.189725
0.193834
0.192061
0.190413
0.189761
0.190642
0.195577
0.192323
0.189261
0.190503
0.188977
0.196088
0.19212
0.189686
0.188263
0.188383
0.189842
0.191946
0.190409
0.190419
0.190708
0.189977
0.192777
0.18993
0.195417
0.190667
0.190359
0.191359
0.187517
0.196019
0.189787
0.189762
0.192931
0.189419
0.195126
0.188631
0.189742
0.19242
0.190054
0.195985
0.189417
0.189764
0.19293
0.190124
0.190747
0.189634
0.189365
0.19497
0.190305
0.190649
0.190393
0.189508
0.195644
0.191981
0.189388
0.190616
0.189302
0.193778
0.192744
0.191007
0.188761
0.18986
0.196419
0.192844
0.189896
0.18924
0.189353
0.189335
0.191478
0.191035
0.189867
0.190242
0.18916
0.191743
0.190697
0.195196
0.190791
0.189879
0.191199
0.189874
0.196093
0.190082
0.191045
0.19315
0.191147
0.194617
0.189618
0.190183
0.192634
