1.00144
0.0115691
0.0541128
0.957605
0.00910619
0.0117274
0.287336
1.2329
0.0847328
0.104951
0.00605527
0.0321753
0.818346
1.27782
0.028344
0.0620764
0.556615
2.89298
0.475498
0.118394
0.040603
0.831605
0.00680498
0.0353276
1.13423
3.98539
0.275643
0.00974768
0.0296935
1.51034
0.0525821
0.0572989
0.527856
0.531578
0.026942
1.20144
0.121866
0.0111958
0.486421
0.0400854
0.00435974
0.227399
0.336107
0.221268
0.107699
0.32776
0.42145
0.189701
0.0076237
0.067858
0.0012201
0.303254
1.12719
0.0196319
0.00922512
0.0107023
0.0145074
0.000446379
1.42148
0.18014
0.314141
0.00650614
1.99051
0.000623034
0.334875
0.0260203
0.027777
0.0228473
0.200863
0.00422381
0.324945
0.452292
0.0489386
0.263026
0.303436
0.00234915
0.00862381
0.0026248
2.39314
0.0930054
0.421756
0.00945242
0.0398021
0.520026
0.00775068
0.36003
0.200728
0.0139747
0.162875
0.28582
0.012848
0.223248
0.633198
0.00849887
0.115354
0.23042
0.143121
0.00676892
0.0236431
0.127118
0.211077
1.07541
0.00140035
0.00610776
0.000806109
1.66451
0.0179431
0.0830194
1.41639
0.0149292
0.0134816
0.02527
0.00274398
3.74805
2.72304
0.00102646
0.1603
0.0112957
1.98439
0.005449
0.0371939
0.0413762
0.212464
0.00720255
0.024881
0.506435
0.00634246
2.19246
0.112631
0.00873138
0.323725
0.13739
0.452634
0.410109
0.327944
2.92691
0.465447
0.00281024
0.123048
0.583753
1.65394
0.00809234
1.16104
0.0995369
0.00645556
0.0375469
1.25192
0.837585
1.99577
0.618832
1.02631
1.44914
0.225435
0.222425
0.0106606
0.259839
0.645934
1.2639
0.534916
0.00812572
0.682008
1.45125
0.00775336
0.00502555
0.27541
0.162245
0.356121
1.99986
0.0728991
0.0723623
0.146436
0.00760915
0.517777
0.0949967
0.0361822
0.00227835
0.00516643
0.558965
0.0257716
0.62371
1.95093
0.314244
0.719703
0.0599319
0.616375
0.0375988
0.243036
0.00356642
0.0354414
0.0111684
0.209051
0.0541528
0.969809
0.245994
0.0882557
0.0143803
0.266217
1.38516
1.03856
0.125411
0.0784231
0.0194202
0.142143
0.00342012
1.34678
0.854048
0.704296
0.0880038
3.27186
0.23529
0.224199
1.20291
0.357098
0.0507333
0.0247267
0.345084
0.0517975
0.128313
0.668578
0.316218
0.339176
0.259531
0.156481
0.00333163
0.153154
0.0392692
1.30526
0.362737
0.211902
0.0252904
1.04051
0.554948
0.459922
0.095275
2.2107
0.00187885
0.00428837
0.485005
0.0491065
0.00174346
4.45021
0.14953
0.050503
0.434921
1.08788
0.203388
0.605487
0.0596332
0.298325
0.0136653
0.102857
0.852331
3.22666
0.363587
0.246663
0.397596
1.19959
0.0426178
0.00472642
0.473332
0.418312
0.0587224
0.345742
6.69467
0.280418
0.869815
0.00250154
3.97382
0.0469367
0.163801
0.0187787
0.972249
1.82677
0.130779
0.0282223
0.234981
0.301663
0.253676
1.78858
0.271825
0.129648
0.420831
1.41002
0.202055
1.05248
2.63718
0.135515
1.49203
0.0302825
0.962336
0.0836763
0.00436037
0.018379
0.0895381
0.241587
0.226685
0.916168
0.260718
0.0441011
0.91464
0.00234932
0.00309577
0.00117286
4.21994
0.774657
0.00325056
0.154155
1.02469
0.632396
0.87961
0.0769259
0.551016
1.77371
0.0327502
0.469806
0.936747
0.00529398
0.330483
0.809909
2.47302
0.128189
0.000990225
0.166547
0.219126
0.028437
0.051176
0.865273
0.629655
0.00695884
0.00340417
2.4603
0.000248966
1.05813
0.343279
1.42047
0.337942
0.0372976
0.153479
0.0250824
0.112745
1.1062
0.156582
0.281233
1.65064
0.289093
0.00226446
0.0715457
0.0146851
0.0666121
1.58168
0.130529
0.103684
0.0665777
5.63117
0.0585136
0.497536
0.00412398
0.279842
0.96723
0.523902
0.166113
0.11832
0.00284209
0.00340124
0.246956
0.0133623
0.00296919
0.182525
0.305782
0.750787
0.698414
0.36888
0.0267105
0.0208193
0.00275869
0.0382573
0.00620241
0.246567
0.299342
0.0110951
0.328071
0.062438
0.350538
2.32636
0.0329422
3.92676
1.43231
0.690081
0.111854
0.00195175
0.0118132
0.321375
0.00209364
3.85481
0.40665
0.00449771
0.12522
0.567631
0.908394
0.495895
0.0325935
0.329765
0.895503
0.125797
1.28493
0.388304
2.3066
0.0910851
0.165986
0.00121106
0.0156953
0.087771
1.47063
0.0641523
1.42993
0.0796975
0.381624
0.296003
2.16274
1.18175
5.15985
1.19154
0.0722386
0.120139
0.0334347
0.0250296
0.109013
0.00562226
1.39911
0.576135
0.857097
0.0623373
1.01325
1.27229
1.74085
1.85719
0.618544
0.0574542
0.241803
0.65816
0.854167
1.37266
0.024471
1.72065
0.00189757
0.168153
0.306477
0.180175
0.19095
0.00509616
0.0221344
0.00651374
0.127854
0.00495235
0.0750581
0.0798624
0.0209896
0.1917
0.0737919
0.826707
3.59597
0.395601
0.573901
0.00232647
1.13087
0.0741333
0.0057925
0.0478981
0.350651
0.0151442
0.417514
0.738521
0.142024
0.144952
0.192832
0.149012
0.277988
0.144638
0.340658
0.198978
0.146148
0.00527881
0.172468
0.0291952
0.0973982
0.00104355
0.120147
0.0403026
0.030433
0.00957196
0.0849606
0.0418364
0.0195597
0.0375441
0.0413099
0.0853262
0.152587
0.0629773
0.00240737
0.555688
2.45116
0.152202
0.125157
0.502376
0.803559
0.112917
1.51528
0.00405277
1.43097
0.194441
0.414097
0.329215
0.0254097
0.580564
0.100836
0.0346789
0.278539
1.42743
0.485988
0.136819
0.00112954
1.20879
0.0175752
0.476624
0.0655319
0.0328923
0.288767
0.0540378
2.51166
0.122535
3.10619
3.7942
0.199072
0.085363
0.0581164
0.248555
3.29714
0.549824
0.634198
0.0513878
0.00975199
0.751603
2.68704
0.284483
0.27424
0.162485
0.101084
0.19863
0.222
0.152637
0.0373597
0.156434
0.798738
1.4656
0.239853
0.00294653
0.0927138
0.00310969
0.0501117
0.0615652
1.12129
0.501731
0.429503
0.344379
0.0765212
0.901391
0.614113
1.40117
0.0170971
0.197096
0.024494
0.123507
1.21749
0.00550371
0.353964
0.657463
0.293274
0.0140511
1.48985
1.12442
0.126548
0.572457
0.0484047
1.52893
0.271697
0.0304915
0.0846194
0.517366
1.20085
0.112615
0.11824
0.0108887
4.23616
0.60262
0.187909
0.104181
0.289062
0.143358
0.534668
0.592917
0.119801
1.49335
0.0129183
0.0261271
0.0575003
0.152319
1.22006
1.44677
0.0425895
0.433299
0.951087
0.00336288
0.0347639
3.36049
0.463107
1.98525
0.0539743
0.556783
0.399174
0.309555
0.00413009
0.18223
0.227816
0.552079
0.0826054
0.521664
0.00293547
0.156024
1.60667
0.044149
0.0835774
0.710166
1.30122
0.0095393
1.18735
1.24955
0.729366
0.0168741
1.67728
0.19332
0.0228769
0.0252269
0.236694
0.000421015
0.298898
0.125904
0.116413
0.0131736
1.8551
0.0157629
0.137012
0.813081
0.0574591
0.461808
1.59376
0.0959314
0.294512
0.24821
0.0496736
0.879538
0.38486
0.310044
0.131732
0.00794284
0.000780374
0.0971373
0.0167144
0.015842
0.908084
0.0585548
3.8419
0.924747
9.90434
0.158853
0.765168
1.23456
1.60728
0.0591691
0.955406
0.409025
0.176848
0.440849
1.23214
0.181191
0.247995
0.0601703
0.167942
0.132283
0.128173
3.62121
0.0267697
1.53463
0.61663
0.222484
0.248835
0.561761
0.188729
0.0897309
0.281704
0.19999
0.0440447
0.0689238
0.0280082
0.000573001
0.163308
0.166427
0.961431
0.0829643
0.32416
0.189889
0.102507
0.0751661
0.00279735
0.206516
0.328125
0.146058
0.0150765
0.500056
0.187747
0.148638
0.103972
1.33936
0.561341
0.16647
0.00929757
0.216514
0.00108876
0.00140906
0.242241
0.00345317
1.07868
0.00337691
0.0730698
2.38114
2.74966
0.0505772
0.473089
0.39235
1.08718
1.59694
1.34498
0.00145846
0.00179913
0.184405
1.96085
0.0760885
1.78819
2.54239
0.0290868
0.984591
0.0695352
0.328472
0.00309382
0.0277357
2.3442
0.259381
0.000478872
0.0103571
0.0158129
2.18898
0.000402328
0.0160233
2.4423
0.00204051
0.68163
0.486688
0.259621
0.518546
0.493199
0.0266449
0.271298
0.362585
0.0387387
0.207228
0.278289
0.476313
0.249049
0.0353162
0.0212157
0.0324731
0.35603
0.383631
0.0186301
0.0421031
0.00120537
0.0693444
0.00771956
0.0248177
0.372798
1.5182
0.466471
0.00162586
0.21239
0.00430543
1.26143
0.00813723
0.0153199
1.73937
1.34784
0.00598234
0.109126
0.0817891
0.0141163
0.0296674
0.0122344
0.496751
0.0383971
0.347249
1.08817
0.963356
0.297253
0.180747
0.00146407
0.00714795
0.0262701
0.534051
0.00167621
0.146046
0.757688
1.39339
0.151109
0.107211
0.136525
0.275065
0.0575345
0.163293
0.14394
0.228077
0.726799
0.211891
0.518178
0.650335
0.778801
1.93648
0.0500726
0.426177
0.0396572
0.393463
0.1885
0.0171219
0.247451
0.0615625
0.184033
0.0251875
0.382868
0.121514
0.132378
0.128739
0.095484
0.0954576
2.21695
0.398751
0.0125633
0.609192
0.32005
0.215678
0.178174
0.119697
0.322918
0.14785
0.357613
0.296908
0.128296
0.106142
0.00386593
0.00204043
0.0345769
0.00107264
0.919524
0.301735
0.00181081
1.23301
0.0706382
0.611521
0.0531781
0.0330002
0.0056157
0.0130707
0.23524
0.604458
0.0561389
0.499712
0.321781
0.148972
0.904506
0.174382
1.11563
0.264916
0.671374
0.10534
0.899005
0.00748805
1.73176
0.0660989
0.0719383
0.394972
0.291426
0.563646
0.234491
0.514632
2.55917
2.43391
0.229965
0.00660545
0.474153
0.00423866
0.00737154
2.39965
0.285865
0.239469
0.000555237
0.0370101
0.731081
0.734503
0.199763
1.37816
0.544462
0.00387422
0.354776
1.77221
0.631658
0.38887
0.411016
0.0869282
0.289214
0.903517
2.11762
0.944889
0.174271
0.31969
0.574633
0.000443419
0.000548124
0.0350795
1.31969
0.00101464
0.418395
0.252731
0.0779107
0.195457
0.794377
0.749175
0.271719
0.381645
0.00586635
0.0674456
0.00943934
0.00514301
0.00580278
0.0897608
0.0188502
0.00526658
0.0537792
0.509116
0.0828917
0.828574
0.00753866
0.0794251
0.335007
0.00151258
0.0755579
0.0924742
0.137372
0.133374
0.338761
0.288412
0.209289
1.1127
0.00597107
0.44323
0.501987
1.02046
0.0943359
4.06144
0.0498399
0.0567187
0.0319108
1.02587
0.498383
0.0218927
0.00961271
0.860283
0.377091
1.6419
0.0129506
0.394764
0.00996874
0.0370518
0.455092
0.0860072
0.0263778
0.185999
0.00279923
3.00576
0.0304374
0.00221309
1.77548
0.0445793
1.14041
0.00443316
0.00126509
0.0272927
0.0109334
0.468251
0.00754129
0.823866
0.178305
0.0347866
0.229524
1.93318
0.1359
0.00457506
1.16091
0.584453
0.78545
0.0215263
3.39466
2.46748
0.514897
0.184335
0.26376
0.0871481
2.83563
0.557884
0.508249
0.998174
0.699588
3.1893
0.435338
0.536213
0.157907
0.368684
0.750768
0.0547573
0.541558
0.18271
0.174788
0.277693
0.13615
0.019804
0.000520247
2.85552
0.0231088
0.951913
1.56334
0.0481052
0.631044
0.0228695
0.00520986
1.28414
2.0232
0.0202718
1.42084
1.04421
5.00099
0.00683705
0.363931
0.0558941
0.528071
0.477712
3.31507
0.482882
0.16934
0.0249269
0.40691
0.983647
0.0089979
1.59932
0.154325
0.139526
0.557362
0.00612802
0.206015
0.732166
0.0537732
0.0671437
0.686954
0.00156035
0.0051594
1.93609
0.455494
0.0135649
1.54622
0.24979
3.38468
1.19854
0.0624504
0.00494114
0.139788
0.225279
0.010472
0.382818
0.0239948
0.0555704
2.17408
0.220304
0.164952
0.302778
3.0259
0.130694
0.0818845
1.20392
0.0959758
0.00248516
0.00511216
0.00632941
0.00269622
0.000114639
0.0200664
1.00934
0.414316
0.268349
0.00255275
0.211724
0.417218
0.729477
0.242464
0.0154289
0.978461
1.87875
0.0549308
0.0807429
0.286408
0.161692
0.0323916
0.374858
0.195942
0.750279
0.207693
0.0319076
2.31687
0.0446793
0.101054
0.582364
0.512836
1.06004
0.000251931
2.68044
0.0221333
0.832443
0.00469808
0.674399
1.40447
0.415938
0.108386
0.000391639
0.368883
1.78119
0.0501262
0.216219
0.0630954
0.253587
0.941677
0.0397281
0.270133
0.251933
0.069432
0.168691
0.0684091
1.16813
0.00963207
0.00617114
1.68585
0.262461
0.285089
0.115855
0.24406
0.786464
0.0482906
0.369771
0.769899
0.139761
0.965241
1.87634
0.563551
0.46018
0.0888789
0.00889024
0.00180889
0.328509
0.00191727
0.23896
0.04453
0.578676
0.0824432
1.93905
0.547119
0.197222
0.236828
0.0832586
0.115694
0.209833
0.066253
0.0545058
0.187179
0.291795
0.0135912
1.79101
0.080545
0.699258
0.181763
0.431476
0.305035
0.311344
0.12875
0.120413
0.161711
0.357945
0.497552
0.676435
0.0296106
1.09143
0.351692
0.279399
0.0589569
0.0390743
0.341923
0.349555
0.0443283
0.0203307
0.488663
0.0220825
0.0259133
0.0157995
0.0454936
0.0864184
0.390674
0.919608
0.180027
0.353791
0.206673
1.84671
0.243033
0.48527
0.0546096
0.00406128
0.266827
0.793
1.8482
2.20309
0.00920377
1.02812
1.22405
0.731948
0.0184054
1.67213
0.856636
0.317154
0.0950429
0.00148098
0.0011933
0.840513
0.338415
0.00796721
0.0278455
0.00121962
1.61943
9.95269e-05
2.87494
0.0710398
1.78297
0.0218734
0.0833769
0.64396
0.850388
0.168672
0.00657028
0.074906
1.76108
0.727409
4.1138
3.01506
0.00664918
0.266735
0.176348
0.0179755
0.633437
0.259497
2.59066
0.050041
1.81916
0.238192
0.491706
2.26696
0.277681
0.0142024
0.511002
0.139935
0.245615
0.0823306
0.19559
0.00774811
0.643556
0.0051791
0.199228
1.83338
0.0665423
0.225701
0.0206528
0.173685
0.0548355
0.0108739
0.00466682
0.387622
0.15607
0.00449241
0.00524747
0.0850437
0.159772
0.0848495
0.0784769
0.00399101
0.11807
0.0659964
0.181471
0.0111545
0.0848271
0.408995
0.221907
0.0291646
0.014003
0.0284721
0.194189
0.191975
0.0251488
0.139899
0.0948881
0.132611
0.109613
0.00343288
0.0174754
0.15832
0.025898
0.174027
0.0911769
0.266067
0.137974
0.00747507
0.00236202
0.123557
0.101142
0.0620452
0.258638
0.00223034
0.0914303
0.361049
0.00873865
0.0160621
0.146005
0.019712
0.210466
0.138641
1.47038
0.0622408
0.0101273
0.731087
0.614879
1.17299
0.278557
0.0889337
1.0331
0.484132
0.0186851
0.501033
0.258632
0.524829
0.0322471
0.625152
0.000215001
0.00908646
0.011755
0.0869892
0.2505
0.00613831
0.0644445
0.151376
0.0752013
1.12228
0.0681182
0.113658
1.33287
0.00508717
0.0690796
1.1158
0.00594723
1.22112
0.502466
0.827481
0.827622
0.164189
0.193017
0.0906477
1.24507
0.119848
0.333058
0.193873
0.0589936
0.113117
0.313774
0.0100319
1.43284
0.160118
0.689787
0.146957
0.199537
0.121322
0.578479
0.802532
0.468365
0.223271
0.0752377
0.244148
1.34893
2.70155
0.802587
1.31876
0.64286
0.0014786
0.0476683
0.418413
0.163718
0.00935108
0.0993559
0.000563342
0.0655359
0.396474
0.0931631
0.315007
0.596192
0.841442
0.123976
0.197078
0.741238
0.42128
1.10219
0.833485
0.23098
0.799817
2.98636
0.25769
1.23323
1.11493
0.26585
1.2805
0.233973
0.0227458
0.360943
0.177129
0.39693
1.01412
0.14707
1.17975
0.0163398
2.34521
0.239676
1.00511
0.362452
0.289039
1.12991
0.015536
0.198617
0.126329
0.0617594
0.367001
0.00821737
0.0498242
0.273086
0.20644
1.37959
0.112602
0.0730189
0.169581
0.0931076
2.66787
0.0199977
0.305731
0.00656836
0.0083057
0.581766
1.78566
0.918006
0.303555
0.00417235
0.71375
1.06804
0.0577233
0.162711
0.0426939
0.132358
0.482165
0.0530624
0.289508
0.233821
0.594291
0.0482427
0.0593911
0.00329263
1.46832
0.0723913
0.219961
0.048707
0.217797
0.318381
0.876655
0.445478
0.384613
0.0824786
2.74252
0.111158
0.725198
0.456799
0.134884
0.188496
1.55675
0.750263
0.0400142
0.67025
0.272597
0.0247319
1.43622
0.898722
1.41143
0.205608
0.284452
0.0127018
0.0839244
1.89149
0.134707
0.00208089
1.52217
0.0439529
0.357551
0.157122
0.822186
0.677639
2.09304
0.508014
0.0906521
0.0142094
0.414846
5.53537
0.359024
0.00114086
0.0374667
1.03684
0.156673
0.158751
0.0274612
0.295974
0.0156633
0.0767568
1.41969
0.0434011
0.706406
0.00839915
0.955221
0.000208483
1.17823
0.958276
0.452596
0.710202
0.496945
0.577437
0.378819
0.00870204
0.0133098
0.238445
0.0593044
0.00313271
0.0155859
0.301127
0.202994
0.473317
0.209607
0.00555496
0.267982
0.0147086
0.252919
0.551577
0.250162
0.5134
0.097278
0.0222193
0.197054
0.00456582
0.0620445
0.407366
0.190581
0.0494465
0.0276023
0.376288
0.052969
1.4644
0.191803
0.158133
0.0540639
0.400691
0.63639
0.0552603
0.271672
0.610621
0.176394
1.27399
0.256098
0.133287
1.91938
0.0820846
0.00842848
0.0358748
0.012188
0.00187534
0.0074837
0.0160043
0.0150773
1.31817
0.71415
0.424318
0.924605
0.221493
0.776895
1.99028
0.573306
0.0621221
0.557207
0.134346
0.516764
0.837745
0.24022
0.235667
0.317373
0.967864
1.12057
1.09715
0.0127516
0.503868
1.91999
0.00613683
0.183473
1.53385
0.0388766
0.130403
1.24793
0.193376
0.766198
0.0760987
0.228946
0.188685
1.48345
0.0732015
0.774879
0.546617
1.8027
1.41137
0.440662
0.10566
0.33854
0.199936
0.505564
0.0031898
0.12831
1.65369
0.151536
0.336517
0.383551
0.755823
0.132629
0.439679
0.482638
0.0148963
0.588018
0.00405032
0.757761
0.062072
3.29469
0.491068
3.26581
0.00667797
0.537692
0.0941314
0.673793
0.00489889
0.00324852
0.285822
0.161706
0.76005
0.0606554
0.00276528
0.0251652
0.555978
0.00336959
0.614122
0.0344603
0.010421
0.445949
0.0026183
1.45822
1.41476
0.341899
0.131429
0.798816
0.644191
0.0160797
0.000509562
0.0295473
0.131535
0.22754
0.00880145
0.00568603
0.214169
0.242977
0.012392
0.0593303
0.134487
0.266598
0.62224
0.21691
0.931282
1.23469
0.638594
0.0321357
0.225803
2.0198
0.424012
0.118665
0.462333
0.00329884
0.468957
0.00529556
2.12894
0.0334048
0.0864012
0.0343156
0.0226252
0.242858
0.0102228
4.19514
2.34796
1.61491
0.00367432
1.39317
1.01682
1.41842
0.611752
0.232668
0.00222651
0.00372172
0.114644
1.67438
0.436052
0.00329943
0.108911
0.831641
1.34772
0.113489
0.0567286
0.125813
0.68736
0.775028
0.560382
0.634212
0.0692048
0.597779
0.0529338
1.54767
1.50124
0.219734
0.116652
0.783185
0.297666
0.334581
1.60524
0.0222258
0.0214578
1.45285
1.33886
0.0104709
0.0769178
0.079428
0.460011
0.0919104
1.23011
0.424833
0.0849908
0.288829
0.0544813
0.141046
0.181137
0.0978474
3.54744
0.0317519
0.24373
0.00362995
1.67465
0.604806
0.285691
0.020808
0.464584
0.393784
0.121396
0.215509
1.11488
0.168292
0.197002
0.266012
0.0521383
0.138169
0.503806
0.248284
0.157906
0.0542441
0.0399713
0.0215256
0.322047
0.00642036
0.244585
0.109864
0.646003
0.266216
3.60361
0.309873
0.127271
0.141246
0.289928
1.28919
0.0778703
0.0785734
0.976524
1.98058
0.0120499
0.105456
0.565258
0.0139997
0.0483855
0.124962
0.265486
0.0008054
0.607414
0.344455
0.226622
0.00414267
0.148489
0.977968
0.154656
0.0899024
1.53922
1.21277
0.162281
0.0889542
0.8727
0.00817326
0.00201276
0.052802
0.220726
0.152176
0.121369
0.248733
0.0669696
0.0903353
0.0278878
0.0500662
0.0371968
0.461018
0.121369
0.00195658
0.037469
0.254924
0.0010792
0.228667
0.093538
0.16181
2.0221
0.00917291
0.012584
0.00401002
0.0913655
1.29202
0.242044
0.0132133
0.0087796
0.162237
0.910644
1.96484
0.0143693
0.0034229
1.92958
0.281216
0.72784
0.159332
0.00194024
0.823769
0.237756
0.423191
0.223006
1.38148
0.464695
0.0207204
1.22491
1.37886
0.0862212
0.0077552
2.03752
0.141384
0.00832216
2.57278
0.00711037
0.229487
0.616674
0.379203
2.6645
0.0621788
0.11814
1.84173
0.00101697
0.00777651
0.335771
0.30437
0.811169
0.0331425
0.130237
2.02277
1.78324
0.334983
0.0390472
0.246512
0.62074
0.0147761
0.73569
0.0022705
0.234712
0.604751
0.0277414
0.790377
0.320993
0.184187
1.7193
0.0453306
0.00652389
0.0143958
0.808918
0.270068
0.00969
0.389531
0.0121746
0.691446
0.0646837
1.41966
1.09282
1.87019
0.346517
0.00246732
0.441811
0.0830706
0.671916
0.802695
1.59843
0.264563
0.00459523
0.00823792
0.0494466
0.180081
1.03338
0.635718
0.566544
0.022417
0.117986
0.00375043
0.531313
0.0386354
0.12677
0.929684
2.71907
0.462755
0.232875
0.0878047
0.00517448
0.00178915
0.379865
0.00933974
0.026625
0.705136
0.0808804
0.00552258
0.13473
0.129235
0.00436765
0.168884
0.90006
0.00489093
0.784391
0.00563395
0.824097
0.290503
0.0276184
0.1257
0.12205
0.0548876
0.0620439
0.571026
0.0524586
1.50471
0.443088
0.550901
0.631589
1.34563
0.1026
0.354682
2.07713
1.92005
1.90481
1.02746
0.291274
1.27806
0.17805
0.966445
0.226214
2.77595
0.00360379
0.0394229
0.0845872
0.0244228
0.672583
0.500717
2.202
0.162967
2.06791
0.266682
0.0476459
1.42979
0.277331
0.293995
0.923973
0.545548
0.00267245
3.39506
0.382582
0.167328
0.185834
0.027373
0.705262
1.03113
0.135987
0.61045
0.0268326
0.010555
1.72224
0.901877
0.381185
0.223073
0.00903869
0.358322
0.000449185
0.561223
0.0987538
0.415447
0.179094
0.376157
0.0466579
0.113487
0.677376
0.677618
0.117471
0.0253248
0.720878
0.0095184
0.326686
0.260442
0.23145
0.0185272
0.688204
0.145645
0.00417019
0.00467525
0.0189108
0.0264246
0.00398966
0.151483
0.0285905
0.0263912
0.00485754
0.241607
0.0199161
0.451068
0.309306
0.350596
0.01679
0.141549
0.0609425
0.0735295
0.116705
1.02975
0.208994
0.264112
0.172329
0.477771
0.346021
0.154648
0.0157234
0.0445716
0.178082
0.0349487
0.0871669
0.221997
0.311181
1.39146
0.149813
0.684332
0.0498698
0.533517
0.675035
0.0542675
0.00349906
0.194824
0.133475
0.70552
0.00273905
0.0897795
0.0390097
0.173896
0.216243
0.414323
0.00368797
0.337668
0.0826259
0.00796275
0.00192855
0.182049
0.468246
0.0322255
0.000633432
0.0767167
0.055983
0.144387
0.451445
0.0982471
0.167032
0.422074
0.00554381
1.33362
1.52283
0.013143
0.00906072
3.57153
0.00280712
0.0293757
0.560493
0.0451327
0.209029
1.15013
0.172425
0.0334762
0.0847364
0.155245
1.02592
0.335901
0.0393367
0.167893
0.35335
0.600022
0.360874
0.141832
0.102265
1.25214
0.569459
0.00884721
0.0100583
0.0381281
0.891114
2.55448
0.531753
0.0239333
0.231885
3.03929
0.00311672
0.231464
0.436952
2.03785
0.0231973
0.221221
0.322263
0.173683
0.0564877
0.249226
1.2539
2.66064
2.49719
0.140435
0.174223
0.00655632
0.0475939
2.48044
0.740758
2.50297
0.216632
0.0101232
0.00574673
1.43032
0.483966
2.11214
0.0565499
0.00521845
0.0116397
0.286595
0.414931
0.129491
0.0488061
6.72078
1.94208
0.00555697
0.0938973
0.555184
3.1728
0.742408
0.129622
0.069971
0.698067
0.712203
0.208792
0.582495
0.00662844
0.0252954
0.00447631
0.353615
3.94414
3.95832
0.0093288
0.138636
0.580603
0.0137893
0.309558
0.00542619
0.0860922
0.163079
0.0163436
0.0389671
0.0488306
0.121213
0.244829
0.11514
1.59905
0.00144058
0.656412
0.963956
1.57567
0.0977145
0.0391094
0.00178654
0.689541
1.28005
0.42047
0.0681382
0.140676
0.0755982
0.0024147
3.77475
1.06607
0.0151524
1.08712
0.400103
2.78248
0.00211925
0.557864
0.00381941
0.925599
0.292098
0.248935
0.455672
0.202001
0.231782
0.0249843
0.00218938
1.27894
0.0467709
0.779221
2.07493
0.00543965
1.18657
0.311685
0.924586
0.0127539
0.0184878
0.132217
0.75541
0.29903
1.1048
0.0408803
0.226723
0.688353
0.272713
0.0505649
0.0368339
0.370324
0.0671298
0.489626
0.287013
0.327628
0.0260423
0.210107
0.0995185
0.0308963
0.0641514
1.53623
0.340078
0.405439
0.376315
0.0377474
0.612079
0.0225186
0.304701
0.0374078
0.240515
0.00525647
0.124021
0.00898436
0.951191
0.276644
0.298296
0.00515398
0.0370777
0.0548517
0.133576
0.00940338
0.00157751
0.0384696
0.251002
0.19039
0.000927465
0.00638447
2.7379
0.035783
0.524183
0.105551
0.125693
0.144218
0.375796
0.86396
0.486452
0.25908
0.49524
1.55902
0.742708
0.721182
0.238476
0.019209
0.430646
0.216723
0.128408
0.0605327
1.94252
0.438928
0.490482
0.318953
0.152449
0.0920905
0.408219
0.0606101
1.84175
0.138278
0.156797
0.0904425
0.0157152
0.161966
0.0261079
0.218783
0.0969562
0.289723
0.255368
0.95924
0.0975897
1.3099
0.0120497
1.60829
2.02223
0.24957
0.81972
0.557632
5.08582
0.111462
0.659077
0.227115
0.0201842
1.24659
0.225252
0.164527
0.00374915
0.0241531
0.00493137
1.5754
0.179773
0.200222
0.00384124
0.405028
0.99862
0.789229
0.283275
1.10179
0.764325
0.0156761
0.222183
0.00278891
0.921348
0.640287
0.612748
0.0385068
0.0846043
0.0305745
0.0196644
0.0263934
0.155215
0.147411
0.00429247
0.0891192
0.00588645
0.00341772
0.605272
0.221513
0.117563
2.11061
0.0164772
0.0107566
1.19993
0.299785
0.00779378
0.0237381
0.00699598
0.430092
0.00399364
1.70831
0.197229
0.253224
0.10108
1.07308
0.765565
0.575446
0.0582483
1.24474
0.0206841
0.338875
0.00778154
0.191245
0.0379212
0.00605541
0.00328603
0.60424
0.00373496
0.00579717
0.925922
0.79053
0.00236707
0.411486
0.443703
0.737376
2.3584
1.43689
0.0170407
0.00687066
0.00930588
0.00483663
0.579255
0.0262437
1.1538
0.383814
0.385931
0.172794
0.013045
0.00326674
1.38619
0.057777
0.205378
0.0160029
0.0324808
0.48804
0.156511
0.520915
0.147828
1.19827
0.00223545
0.00293725
0.0676068
0.684731
0.137608
1.65932
0.00926312
0.413625
2.14587
0.0270097
2.35493
0.356
0.358977
1.9347
1.35778
2.68157
1.3991
0.0357359
0.646323
0.0274473
0.416012
0.00176285
0.397996
0.589971
0.241341
0.0524899
3.31086
0.240651
0.838437
0.206476
0.00780863
0.226821
0.909679
0.240203
0.0432311
0.0853371
1.50694
0.823939
0.260454
0.0525792
0.073222
0.00501315
0.47865
0.0337004
0.0596338
0.196072
0.841036
0.481084
1.22808
4.11634
0.621828
2.23765
0.00639498
1.416
0.0237452
0.00482006
0.230987
1.43527
0.07747
0.651135
0.000296644
0.00997487
0.204253
0.0896301
2.69804
1.40144
0.0182397
0.00114917
0.0518016
0.0285671
0.53542
0.0711341
1.16626
0.0406861
0.317417
3.13414
0.00189012
0.0348712
0.0186849
0.419284
0.717504
0.00282294
0.404297
0.165133
0.448773
0.441382
0.0799871
1.03885
1.16807
0.0206817
0.0375527
0.220184
0.357789
0.0871567
1.78538
0.0241563
0.0418063
0.246607
0.0257251
0.0215167
0.014177
0.000770432
0.0265718
1.44869
1.53678
0.12536
0.63748
3.23789
0.824554
0.195304
0.155662
0.239915
0.196862
0.106294
0.189101
0.174664
0.408851
0.308257
0.0115637
1.05809
1.26693
1.18868
0.0120696
0.017032
0.00718891
0.00310416
0.0112434
1.88356
1.93711
0.00694778
0.00123785
0.138347
0.00413783
0.0513772
0.275408
0.423613
1.0403
0.00115839
0.473607
1.4081
0.0542662
0.213363
0.43847
1.52154
0.135822
0.0441275
0.32157
1.43578
1.05732
0.59645
0.183432
0.601093
1.14851
1.81549
0.00476459
0.0244888
0.125217
0.0896821
0.0148841
0.426667
0.357863
0.244759
0.0803863
0.703101
0.171857
1.28748
2.12096
0.114853
0.212382
0.103369
0.0123782
0.54701
0.521002
1.37771
0.356293
0.274121
0.0912897
0.167797
0.0140061
2.26267
0.0356889
0.522912
0.084831
0.104889
0.0486013
0.0214041
0.667144
1.00006
0.143013
0.465223
0.13016
2.74989
1.99405
0.00598542
0.00850981
0.00394255
0.0211788
0.143477
0.200053
0.00453202
0.189011
0.00624808
0.111847
0.712585
0.0814621
0.226114
0.0151683
0.0188096
0.00170653
0.0141506
0.218606
0.0525571
0.0138706
0.0186472
0.367509
0.0131808
0.172002
1.31728
1.31653
0.0907216
0.00552175
0.0013872
1.2533
0.150921
0.101964
0.0562168
0.0729843
0.384908
0.123519
0.0136716
0.0136672
0.418287
0.0180723
0.0159463
0.533207
0.675203
0.277327
0.00719252
0.0380443
0.291499
0.0103955
0.0103097
0.011541
0.314744
0.0108369
0.112192
0.741483
0.763072
1.90673
0.00368889
2.13886
0.00468716
0.163086
1.58358
1.65545
0.0329511
0.017938
0.221277
0.58929
1.2942
0.459688
1.45255
0.568478
0.132089
4.04192
0.81597
0.0254798
1.55399
0.939492
1.84316
0.712428
0.0732492
0.218063
0.471212
0.00102007
1.95443
0.0461389
1.64619
0.0112226
0.00181529
0.0179115
0.00852861
1.85682
1.42914
0.180465
0.0819433
1.6451
0.21333
1.78583
0.00435912
0.00406581
0.00115892
0.00456283
0.0191388
0.438304
0.558379
0.0213618
0.0474179
1.45203
0.0546681
0.0188015
0.0796249
0.00977959
2.30608
2.75039
0.0237098
0.328469
0.266957
1.49283
0.838469
0.000606805
2.57232
2.74724
0.17623
0.73059
0.877004
0.461147
1.96566
0.54616
0.0144662
0.962906
0.00120503
2.52958
0.00826023
0.0169521
0.500787
0.00463914
0.189458
0.00394809
0.00603196
0.00548609
1.57188
0.0674715
0.546756
0.00143095
0.124404
0.00247506
0.049422
0.856971
0.00758588
1.11634
0.114116
0.268989
0.370641
0.272431
0.238969
0.126398
0.666963
0.384225
0.60342
0.281585
0.215429
0.208119
0.269259
0.277691
1.33448
0.575578
0.30995
0.189373
0.054351
0.811158
0.0237136
0.392072
0.736545
0.161471
0.0625317
0.000883784
0.0386929
0.108417
0.324242
0.141507
1.06372
0.431406
0.309026
0.522613
0.0329771
2.05595
0.0655732
0.00195333
0.198136
0.128493
0.0177786
0.20951
0.198695
0.00792173
0.474733
0.0550308
0.388345
0.143672
0.919601
0.173333
0.18506
0.126712
0.321944
0.248216
1.3549
0.389557
0.864856
0.162228
0.275221
0.339458
0.00393653
0.260741
0.182766
0.0961645
0.873626
0.0217023
2.59875
0.177372
0.00585552
0.787058
0.915904
0.384369
0.000934715
0.308308
2.23176
0.469134
0.0245328
0.160008
0.470007
0.0181517
2.89237
0.0646144
0.356606
0.249542
0.0659745
0.0356967
0.0910609
0.178621
0.366005
0.996246
0.157561
0.117587
0.339
1.19684
0.774511
2.20606
0.0672852
1.91932
2.23067
0.796555
3.23706
1.07557
1.29607
0.787919
0.343843
0.248361
0.0253494
0.0812092
0.492253
1.7978
2.11269
0.0066575
0.345027
0.189034
0.322254
0.00567368
0.591884
1.3306
0.111497
0.344026
0.251648
0.0160668
0.0630771
0.176937
2.31882
0.0489545
0.0308235
0.0196332
0.00146453
0.428473
0.419589
0.00120356
0.299144
0.73554
0.0859739
0.0105686
0.023148
1.29229
0.00321702
0.0396513
1.95696
0.330022
0.00990596
2.83125
0.00823821
0.309891
0.0949841
0.367987
2.55798
0.322171
0.192926
3.39918
0.0192943
0.134583
0.0115499
0.00102641
0.518746
0.353114
0.0135675
0.011755
0.645542
0.249893
0.771619
0.516463
0.0935526
0.941772
0.381089
0.00824499
0.00287353
0.0022399
0.324813
0.0103828
0.00229115
0.157527
0.0083891
0.268136
0.514227
1.19919
0.0397833
0.937267
0.631715
0.0131939
0.193446
0.592996
0.0110983
0.100609
0.0198489
0.0112878
0.491775
0.00986339
0.00987979
0.00618034
0.720059
0.23284
2.31459
0.0105222
0.284019
0.0581869
0.0156664
1.88009
1.46816
1.96469
0.0107997
0.125833
1.75352
2.38465
0.0215314
0.0372656
0.00421485
0.0350523
0.0424312
0.0995165
0.530274
0.00293361
0.00153285
0.065331
0.559179
0.500238
0.350347
0.0509713
0.0232803
0.00954872
0.273222
0.690397
0.0104335
0.0245351
0.19444
0.00865186
0.121469
0.338007
0.105685
0.0128183
0.216707
0.401114
0.456465
0.130157
0.00345915
0.0895852
0.00338642
0.3321
0.0114047
0.00677551
0.378435
0.0040418
0.327128
0.342568
0.228334
0.0340514
0.0220482
0.207047
0.152425
0.78738
0.0177394
0.355726
0.0077996
0.397921
0.035669
0.125344
0.0815409
0.134865
0.200358
0.00176422
0.874169
0.991243
0.751179
0.0766849
0.257396
0.226088
2.15255
0.607024
0.388664
0.171764
0.129011
0.117742
0.303217
0.732263
0.0139241
0.425904
0.152453
0.194902
0.181604
0.283035
0.128796
0.059761
0.210629
0.273081
0.00752966
0.299187
0.00142575
0.236504
0.329941
0.00561943
0.250313
0.122064
0.999349
0.132742
0.000909238
0.113408
0.496071
0.0879769
0.661762
0.151961
0.0012683
0.0228849
1.49891
4.58793
0.00756777
0.113132
0.0381061
0.0297113
0.104602
0.198146
0.289138
0.00148909
0.0449531
0.75631
0.022751
0.0253259
0.0359618
0.10083
0.26737
0.711611
0.0190853
0.531078
0.0374506
0.185547
0.381918
0.0935157
0.991118
0.00206832
0.0981491
0.295284
0.467368
1.67613
0.0653864
0.03565
5.14831
0.125053
0.194294
0.0311892
0.660129
2.76183
1.61754
1.20385
0.00326454
2.0204
0.627197
0.693732
0.0302982
0.185366
0.108829
0.482181
0.301675
2.02176
0.949425
0.190521
0.296815
1.15795
0.16141
0.166501
0.857075
0.663352
0.827409
0.9284
1.28561
0.0125111
0.645896
0.699055
0.175045
0.0738816
0.0099423
0.0102864
0.0202775
0.00493564
2.46398
0.0661658
0.00378152
2.45057
0.0137848
0.564871
0.374823
2.01428
1.84155
1.13495
0.261292
0.00265161
0.390017
0.0216256
0.038477
0.0136231
0.395007
0.127156
0.195713
1.26778
0.65467
1.58123
0.00218565
0.0340491
0.0168417
0.22497
0.65232
0.496049
1.01504
0.00582041
0.00211586
0.692583
0.067956
0.518152
1.78003
0.0274909
1.20379
0.0194308
0.00495386
0.179906
0.438691
2.27514
0.181973
0.00182817
0.00486512
0.0015009
0.0836034
1.19018
0.0102509
0.0040966
0.0965231
0.180966
0.341401
0.675069
0.68978
0.000250737
1.36852
0.00426715
0.218179
0.00811697
0.242402
0.0370104
0.0897288
0.243684
1.74073
0.0486644
0.020893
0.150725
0.0718889
0.00278843
0.312387
0.0196966
0.0150919
1.85232
0.127681
0.397178
0.171378
0.167167
0.0737577
0.244826
0.00124554
0.585754
0.218163
1.09912
0.00950672
0.0642135
0.0314524
0.318768
0.0114787
0.1409
0.396362
0.00523673
1.32689
2.07422
0.0830923
0.0337611
2.94113
0.00902786
0.0181738
1.58952
0.0516722
0.423137
0.789628
1.98473
0.0193939
0.140203
0.00398705
0.00122196
0.689293
0.169583
0.0805362
0.00142163
0.00370056
0.533741
1.02236
0.464623
0.00154344
0.264112
0.00216903
0.272504
0.00410999
0.640298
1.62491
0.721487
2.46654
0.0193601
1.74525
1.43937
0.257332
1.04567
0.0168139
0.227256
0.45507
0.398231
0.212922
0.109086
0.02786
0.79701
0.0992552
2.29001
0.00832706
0.00328727
1.3731
0.00275341
0.862985
0.0190859
1.09071
0.420788
1.84457
0.465371
0.39419
0.337736
0.049194
0.23259
1.7006
0.0604207
0.580695
0.642276
0.701104
0.0913746
0.0432721
0.00919308
0.0206903
0.545412
1.0114
0.00608151
0.0410344
0.0121616
0.0463936
0.0119549
0.273598
0.058967
0.0192313
0.1855
0.0100693
0.0077826
0.00472537
2.02193
0.271058
1.43822
0.262303
0.130459
0.0317415
1.80913
1.10058
0.00479935
0.00241412
0.00586973
0.134498
0.0166152
2.34002
0.0237487
0.190915
0.0576794
0.177323
0.476908
0.00814884
1.77708
0.00923911
0.033521
0.18518
0.00584123
0.00342529
0.729516
2.15821
0.00246879
1.43622
0.00897235
0.00777488
1.14025
0.0280209
0.28659
0.00913563
0.0111371
0.0180528
0.0212891
0.00312838
0.202481
0.742699
0.266493
0.078127
0.00133245
0.457112
0.230507
2.26383
0.0522484
0.627862
0.0441562
0.00376589
0.150338
0.00754023
0.00123616
0.00607083
0.694808
0.0208027
0.00289926
0.111777
3.31758
0.045407
0.985074
0.00160322
0.273688
0.136932
0.00417356
0.0141997
0.00945616
0.0174554
1.10661
0.00651408
0.0224001
0.407182
1.86872
0.832692
1.43036
0.128672
0.211558
0.208317
0.00375043
0.0697295
0.0296284
0.314094
0.227207
0.360519
0.00443179
0.0699929
0.0132514
0.0669004
0.251448
0.0669869
0.0470055
0.236908
0.238838
0.0101937
0.166912
0.179638
1.2125
0.00205214
0.044755
0.0071631
0.572331
0.224473
0.391751
0.104584
0.147729
0.572578
0.559443
0.912633
0.00744169
1.24474
0.392643
0.00432885
0.0118106
0.00228827
1.68457
0.0679789
0.012785
0.0246554
0.380827
0.637421
0.0191532
0.0034869
0.0143864
0.146241
0.00789074
1.6365
2.34644
0.00992463
0.288608
0.00224714
0.287395
0.00454086
0.0120956
0.726629
0.21867
0.18362
0.00876274
0.675979
0.731388
0.25157
0.0580834
0.0303223
1.57273
0.508599
0.0129348
0.590286
0.254552
3.93076
0.588163
0.0304619
0.00800069
0.0166112
0.106563
0.304787
0.00161748
0.0185952
0.0374564
0.00906395
0.290389
0.513013
0.00559219
0.50559
0.647419
0.278702
0.680567
0.245113
0.0787371
0.00494423
0.0015628
0.00112648
1.57637
0.495775
0.0105013
0.019582
0.718178
0.0036881
1.00933
0.00376166
0.0272295
0.0344218
0.0081811
0.215555
0.00228288
0.123269
0.0684908
0.0186992
0.013911
0.00538588
0.207002
0.163422
0.0499229
0.0521392
0.00370415
0.0051908
0.0016828
0.0116146
0.00232588
0.0167582
0.312296
0.0849955
0.00884362
0.0366163
1.72375
0.00303054
0.0537401
0.00108176
0.0916462
0.00428923
0.277694
0.152978
0.12015
0.203356
0.40175
1.40893
0.00272809
0.0154398
0.137581
0.00460328
1.98905
1.90964
0.00516866
0.0308913
0.00584002
0.0179
0.205487
1.93591
0.150248
0.615695
0.00343838
0.0421444
1.04643
0.0330113
0.775053
0.53071
1.33227
0.475714
0.0178627
0.0108291
0.216112
1.22666
0.0315904
0.0358439
0.193646
0.837343
1.36621
0.371363
0.251902
0.319662
0.16984
0.110534
0.117899
0.10108
0.0327097
0.0407594
1.23026
0.085232
0.0433597
0.0506887
0.260701
0.0226844
0.601856
0.436838
0.01405
0.387091
0.0964836
0.00144962
0.0138561
1.20683
0.437976
0.285785
0.0361013
0.142454
0.38901
0.0637943
0.713077
0.00680271
0.00480605
0.0101453
0.162135
0.227883
0.713657
1.58063
3.73038
0.0024372
0.625958
0.344645
1.48622
0.857095
0.366785
0.122843
0.0468707
1.26993
0.786944
0.141407
0.00783632
0.217914
0.478097
1.61751
0.0778785
1.55003
0.136207
0.00284467
0.391114
0.291905
0.450016
0.0135637
0.0207694
0.0168093
0.119402
1.3499
0.218799
0.0437653
0.20553
0.98451
0.13407
2.25411
0.0424689
0.0143507
0.866565
0.974857
0.00117617
0.00585834
0.0771726
0.222104
0.484657
0.00809048
0.663714
0.169044
0.00784334
1.14684
0.00180949
0.00362572
1.62288
0.00666858
0.0179207
0.545992
0.373042
0.133465
0.46997
0.0100368
1.46209
0.405573
0.529249
0.144358
0.940174
0.040854
0.88317
1.9338
0.145676
0.188704
0.0248243
0.0417513
0.00125886
0.440773
1.18834
0.00549012
0.0020248
0.0372178
0.00423274
0.262272
0.00937823
0.720915
0.148884
0.475112
0.000253469
1.18783
1.73759
0.0770765
0.0262789
0.606265
0.00727072
0.635485
0.0322054
1.55956
0.269142
0.318527
0.117068
0.411495
0.619445
0.00135325
0.503259
0.478779
0.589762
0.234577
0.0704227
0.627928
0.0193067
0.656645
0.260947
0.354282
0.0617413
0.495147
1.26276
0.427509
0.142525
0.314775
0.353661
0.21938
0.650413
0.525732
0.269792
0.267052
0.791739
0.306411
0.506827
1.97853
0.0573209
0.185282
0.253745
0.457429
0.321109
0.940085
0.135704
0.8679
0.102307
0.211039
0.00933955
0.291104
0.194395
0.0395035
0.0362048
0.00443964
0.00496351
0.00163738
0.00378687
0.0110365
0.00337272
0.0126036
0.00508048
0.00781075
0.0270211
0.00677481
0.000948618
0.0179629
0.0198183
0.0114199
0.000750122
0.0164451
0.0250509
0.0178215
0.0225483
0.0198712
0.0135952
0.0310199
0.00515127
0.00173867
0.00107999
0.00256108
0.014714
0.0165335
0.223631
0.00751881
0.017238
0.00845303
0.00261703
0.00801654
0.00254976
0.00630315
0.00451256
0.00511107
0.0152215
2.68181
0.0267635
0.780308
0.287678
0.787542
0.517828
0.00393772
0.359378
0.00682862
0.000935522
0.298663
0.00656508
1.71999
0.168426
0.0621217
4.16235
0.289426
0.90028
0.00794114
0.0520767
0.00350722
0.00527809
0.287746
0.170032
1.96092
0.00490143
0.0546421
0.366146
0.718978
0.0110144
0.00396557
0.0177857
0.0115663
0.219633
0.0302433
0.11482
0.0583093
3.57884
0.463311
0.530893
0.00409788
0.00971947
0.391076
0.131087
0.142891
0.267047
0.00756219
0.313614
0.0549704
0.0182256
0.00327879
0.0174373
0.0286623
0.512752
0.00816881
0.000770971
0.216429
0.0280273
0.00356587
0.0332506
0.369621
1.34935
0.490082
2.53003
0.0963207
0.317475
0.0727898
0.0330626
0.0123972
0.685502
0.00739794
0.233047
1.18133
0.11474
0.00185508
0.352411
0.373142
2.15239
0.919947
0.00692038
1.56191
0.235866
2.74778
0.18503
0.0324293
0.0278059
0.155884
0.0501795
2.76007
0.187121
3.54537
0.409775
1.23168
0.00424293
0.297436
0.626332
0.064208
0.00428796
0.330207
0.293128
0.101114
0.019275
0.00226717
0.0853077
2.09121
1.54254
1.97823
0.159245
0.283377
0.000618278
1.75468
0.212204
0.451295
0.907812
0.00079764
0.261891
0.00302907
0.216869
0.0798952
0.058695
0.0326395
0.977976
1.0394
0.0592262
0.0140518
0.28764
0.28068
0.00348957
0.309772
0.481491
0.00470912
0.00616627
0.00109232
2.47751
0.309424
1.0914
1.26357
0.377947
0.138682
0.833196
0.939709
0.0586626
0.441048
2.91508
0.0730315
0.0691579
0.412695
0.0122997
0.0167739
0.0143886
0.0132027
0.00120032
0.0106084
0.0392377
0.00701135
2.04589
0.26123
0.179091
0.00561872
0.00166877
0.00385093
0.351017
0.106326
0.0145832
0.00491953
1.74096
1.09484
0.0338011
0.655712
1.58257
0.00932852
0.296058
0.0258565
0.0681417
0.00172467
0.735644
1.18963
0.0031016
3.30769
1.05387
0.00230236
0.000574026
0.222125
0.295192
0.00745
0.000857946
0.0120009
0.0773102
0.93298
5.64527
0.564524
0.404526
0.3104
0.557259
0.048141
0.430849
0.286129
0.680689
0.0023061
0.370336
3.30004
0.0507829
1.04074
0.00935018
0.0156205
1.47468
0.0641617
0.879831
0.886296
2.12113
0.0520363
0.00256837
0.551319
0.412316
0.60252
0.179287
0.258162
2.34836
0.0080463
1.75821
0.126084
1.61569
0.310595
2.80494
0.048955
0.0167975
2.59085
0.020191
0.258048
0.0243841
0.0323387
0.886022
0.744807
0.862182
0.368002
0.0907126
0.0212045
0.105164
0.166946
0.12862
1.21522
0.0829541
0.169531
0.0170096
0.328279
0.00964816
0.0602538
0.419342
0.00590535
0.225854
0.488536
0.000817108
0.0023358
0.64317
0.0187333
0.438535
0.00216461
0.368658
0.205561
0.943439
0.0230592
0.0725291
0.0156653
1.19722
0.0675805
0.338049
0.020004
0.00143235
0.237328
0.0100276
0.00684277
0.0795428
0.464133
0.00142523
0.0533085
0.0351383
0.00567189
0.919872
0.960888
1.05454
0.204811
0.595825
0.550097
0.00600047
0.0110894
0.184685
0.0305203
0.00519484
0.258822
0.114003
0.773016
0.00941979
0.0220608
0.488787
1.35377
0.116674
0.299716
0.521366
1.31467
0.614905
0.0207265
0.0197393
1.05915
0.227593
0.0318868
0.219405
0.13762
0.00703644
0.141925
0.171031
0.0293351
0.00918505
0.800155
0.0467735
1.21462
0.00446349
0.277247
0.308848
0.0694273
0.0079473
1.50684
1.90084
0.142325
0.109825
0.526425
0.0617208
0.248904
0.245879
2.13087
0.0410294
0.38963
1.35856
0.586958
0.210916
0.52665
2.75921
0.0123156
0.0468953
0.0485599
0.105836
0.794313
0.894299
0.0101753
0.0697837
0.112157
0.01655
1.27207
0.0379037
0.864627
0.403383
0.343806
0.177305
0.719849
0.0224144
0.264499
0.119283
0.0294904
0.261039
0.0386371
0.42498
0.100614
0.587287
0.0105758
0.00856696
0.00779442
0.460604
0.0110655
0.00708238
1.8564
0.0160911
0.0205255
0.224332
0.0252544
0.00447688
0.38808
2.36519
0.000668138
0.248376
0.0750146
0.031943
0.450032
1.28162
0.0752526
2.26168
0.903399
0.860397
0.173037
2.81285
0.252873
0.0953423
0.197449
0.131342
1.35369
0.106376
1.00772
0.159906
0.301488
0.00334597
0.511721
0.148851
0.238437
0.254164
0.110832
0.182516
0.30516
0.0945167
0.00297975
0.18491
2.17122
0.00175216
0.232805
0.0135702
1.19838
4.08757
1.72876
1.05875
0.0694087
1.39401
1.05427
0.0124734
0.470956
0.159643
1.24899
1.84123
0.204906
0.322338
0.701008
0.00744593
0.00790975
0.219426
0.279462
0.00344352
0.0150435
0.00942605
0.0204534
0.00168515
0.00291129
0.0102704
0.101286
1.70083
0.0687106
0.403763
0.115071
0.226895
0.152374
1.43861
0.00615094
0.00959221
0.00642788
0.00550201
0.305289
1.63231
0.2861
0.258767
0.0097813
2.38923
1.39462
0.0269296
0.447535
0.24579
0.191918
0.475273
0.191018
0.00694279
0.00752362
0.00472756
0.00626021
0.92379
0.126799
0.541638
2.182
0.23975
0.0104741
0.00307701
0.195336
0.172041
1.30385
0.0713555
0.111167
0.00814288
0.211113
0.00162353
0.034789
0.0032587
2.29142
0.205922
2.73448
0.622493
0.0402077
0.198495
0.720106
0.695092
0.307103
0.190768
1.2211
0.126532
0.304183
1.4877
0.00258818
0.0153701
0.851669
2.90488
0.102407
0.136529
0.138822
0.112402
0.409479
1.01662
0.973961
0.288706
0.0195534
0.444683
0.153411
0.488312
0.149383
0.125176
0.292518
0.170907
1.10384
0.227601
7.97267
0.101755
0.0326847
0.00938106
0.00778847
0.00644147
0.0233987
0.0101868
0.00486502
0.0174609
1.55274
0.365448
0.00206226
1.0748
0.253693
0.187924
0.398677
0.381117
0.0842893
0.0126232
0.226098
0.107591
0.399231
0.174396
0.33706
0.0380308
0.241579
0.52493
0.833872
0.292454
0.0489237
0.773747
0.144378
1.29687
0.246978
0.138001
0.0382362
0.297286
0.454098
3.51873
0.0414742
0.438776
0.017744
0.0430844
0.334793
0.00316223
2.47575
0.0431008
0.139117
0.190369
0.0573761
0.0055972
0.012461
0.152236
0.154456
1.15039
0.00301872
0.00290825
1.0627
0.187813
0.00316167
0.00590244
0.189476
0.0024446
0.000981687
0.0108976
0.0126844
0.00370916
0.025887
0.00510496
0.0973214
0.0161052
0.00888917
0.0274296
2.27194
1.74539
0.0828618
0.0639675
0.00113784
0.213888
2.1752
1.4239
0.0103637
0.0714941
0.537245
0.226429
0.199963
0.212054
0.386556
0.300633
0.0278543
0.235804
0.21823
0.0813241
0.00885384
0.195839
0.525141
0.382205
0.620844
2.69565
0.836029
0.0740285
0.098569
0.252032
6.06141
0.79891
0.143372
0.449376
0.000545604
0.00378411
0.0256987
0.427568
1.52957
0.213311
1.51345
0.00163977
0.0123717
0.261741
0.451565
0.00280778
0.0297068
0.067101
0.299762
0.000399148
0.0441783
0.143551
0.374724
1.49789
0.0244466
0.0324364
0.00305475
1.16747
0.139319
0.198268
0.0494711
0.0175499
0.0391281
1.26877
0.0093323
0.00403859
0.00760543
0.0119427
0.0254757
0.00808109
2.52261
0.00816679
0.0428816
0.296551
0.0013832
0.00355926
0.167769
0.0382332
0.276512
0.367284
0.284681
0.119106
0.00853367
0.012465
0.0175776
0.908888
2.67966
1.26047
0.00994142
0.00247128
0.524309
0.311257
0.241203
0.941871
1.33085
2.2259
0.00388117
0.14316
0.258894
0.290331
0.0337742
0.509194
0.141117
0.0059281
0.217493
0.485883
0.0236475
0.00215462
0.00130791
0.1388
0.0111268
0.0362022
0.167036
0.0127925
0.134069
0.00608124
0.0443681
0.113677
0.682517
0.254847
0.0141891
0.130712
0.0282416
0.031761
0.190307
0.0294651
0.000849533
0.00864084
0.00972899
0.0163896
0.758483
0.00759381
0.677674
1.30254
0.646743
1.54391
0.430477
0.00423489
0.690269
1.33202
0.0787032
1.62418
0.0625731
2.03308
1.71895
0.0876856
0.0293765
0.306492
0.0258373
0.313839
0.037644
0.017685
0.493834
0.000491408
0.696258
0.0014968
0.314934
0.0620799
0.0425165
0.634878
0.391095
0.00660003
0.552696
0.61139
0.036737
0.218392
0.498547
0.505217
0.0241272
0.0128151
0.118222
0.277073
0.118975
0.790303
0.00314175
0.00489489
0.0276209
0.291752
0.0197954
0.0148085
1.4271
0.0101018
0.980474
0.0974807
0.190457
0.946578
0.0451667
1.86376
1.11221
0.0292963
0.0243407
0.564741
0.00392364
0.322464
0.498076
1.13081
1.1555
0.0722152
0.000512147
0.023003
0.00516432
0.488069
0.00569491
1.51733
0.00835365
0.024864
0.0108562
0.264056
0.686246
0.00142209
1.41302
0.035975
0.262485
0.26136
1.42896
0.598923
1.37518
1.9697
0.00374524
0.00166423
0.227996
1.0243
0.946942
1.89646
1.22952
0.970656
0.00396589
0.00205729
1.5195
0.00378631
0.311487
0.105073
0.00758906
0.179931
0.0364817
0.15986
0.163095
0.100118
0.00769995
0.0150599
0.0176198
0.0119929
0.0522368
0.0294037
0.00949303
0.483871
0.900196
0.12418
0.652049
0.000991522
0.0202177
0.0101235
0.189875
0.0240391
0.0725727
0.0120844
0.0034728
0.00559635
0.0380561
0.00189143
0.159899
0.0661295
2.07346
0.0181541
1.0325
0.0300027
0.00526805
0.0552454
0.105747
0.0198254
0.0882702
0.265735
0.311638
1.02875
0.00357988
0.00700565
1.20705
0.444274
0.00211688
0.00758057
0.0348858
0.0135631
0.0106944
0.0237379
0.42218
1.32543
0.00131287
0.0385095
0.956066
0.245878
0.101844
0.915938
0.988905
0.29412
0.09915
0.274486
0.0169429
1.34319
0.478986
0.000962069
0.162236
0.163103
0.702561
1.03789
0.181392
0.103506
0.675941
7.17552
0.743566
0.150063
0.229165
0.0345962
0.433875
0.471742
0.0068214
0.0613166
0.472802
0.0203167
0.204261
0.0413514
0.00539196
0.00223008
0.296602
0.00235732
0.00543511
0.104458
0.0126306
0.320905
0.0304645
0.00723819
1.08941
0.0172381
0.0517342
0.0553519
0.0192255
2.17792
0.0640247
0.0028778
0.497568
0.708025
0.0430061
0.547649
0.266849
0.0486998
0.657028
0.136716
0.955281
0.00382156
0.511705
0.029417
0.00403351
0.812103
1.90633
0.0075788
0.0176506
0.220605
1.07897
0.0161515
3.49346
0.799261
0.189815
0.036823
0.0240874
0.256141
0.97521
0.366548
4.25466
0.0452947
0.0559233
0.142779
0.181252
0.219753
1.83344
0.113187
0.301534
0.377702
0.876761
1.68449
0.0100583
0.771633
0.0945543
0.0547823
0.121367
1.55491
0.037054
0.174641
0.0565742
0.206926
0.726028
1.25186
0.286667
0.210967
0.983334
0.0577592
0.320175
0.0943396
0.00428498
1.60961
0.226168
0.042887
2.71331
4.75832
0.527724
1.66318
0.617308
0.191087
0.24266
0.250395
0.267605
0.226994
0.128179
0.372839
0.00106027
0.210817
0.0598041
0.145749
0.926308
0.0472382
0.464242
0.00271341
0.000308736
0.0734315
0.697488
0.00597186
0.155311
0.135615
0.795377
0.133156
0.169743
0.0468853
0.278518
0.862645
1.6177
0.254732
0.033092
0.265992
0.231194
0.178438
0.0983315
1.21237
0.554885
0.315156
0.32192
0.268314
1.48048
0.880955
0.861681
0.647196
0.582055
0.0176371
0.114389
0.0130219
0.572432
0.358809
0.162395
0.151644
0.130117
0.0829951
0.209327
0.148857
0.0392633
0.0979487
0.292464
0.0454642
0.0408139
0.162659
0.0230787
0.478148
0.975793
0.208729
0.232061
0.244105
0.433502
0.0248728
0.666628
0.0517988
0.387132
0.0277002
2.01491
0.18875
0.0181748
1.72273
0.145882
1.26086
1.13856
1.16307
0.330475
0.537984
0.0718028
0.463127
0.233727
0.72679
1.07917
0.247307
0.0145483
0.0132993
0.010623
0.249412
0.00430035
0.628729
0.155593
1.14549
0.0106632
0.879318
1.20951
0.100411
0.452233
0.0214727
0.761391
