0.487512
0.0323201
0.456738
0.0442339
0.0977473
0.111885
0.197774
0.0834585
0.03245
0.260431
0.112702
0.00761889
1.43404
0.0352954
0.0357762
0.037066
0.0445481
0.152566
0.890835
0.688822
0.430159
0.0219375
0.504958
0.139228
0.311442
0.0205441
0.107223
0.0431158
0.630666
0.0754401
0.9445
0.0116105
0.0895748
0.604853
0.0284326
0.040751
0.0345062
0.691791
0.187022
0.00775552
0.741719
0.138456
1.46931
0.0290475
0.0482336
0.10024
0.024786
0.198044
0.110833
0.0277675
0.1601
0.537068
0.962845
0.468345
0.00826357
0.131317
0.492515
0.622804
0.0152093
0.0365209
0.447868
0.8057
0.0303348
0.0119635
0.161073
0.303644
0.0223562
0.399834
0.0279379
0.447438
0.360201
0.30375
0.0370916
0.18152
0.440251
0.0603232
0.634306
0.0814551
0.0696897
0.123723
0.463957
0.0177376
0.0265385
0.0140162
0.0803706
0.0579485
0.0424388
0.167879
0.0963446
0.2689
0.0899277
0.359206
0.0454288
0.0502694
0.176927
0.028536
0.463934
0.101892
0.0191961
0.0776461
0.0326905
0.131522
0.145574
0.0589227
0.00527676
0.504901
0.400085
0.107967
0.0361792
0.221926
0.177301
0.284514
0.0645494
0.297891
0.00424227
0.0279285
0.484993
0.0131161
0.346017
0.289082
0.204579
0.0960443
0.542323
0.224349
0.0861585
0.0569166
0.279699
0.0930669
0.0330053
0.0301393
0.173102
1.34975
6.54612
0.0447071
0.664484
0.0707451
0.0806471
0.183609
0.131583
0.680819
0.580212
0.0130338
0.715658
0.142305
0.0609084
0.0210238
0.0251366
0.0862261
1.30125
0.15545
0.0404034
0.0569677
0.245501
0.0103937
0.21556
0.0124927
0.0275492
0.752501
0.0269151
0.64854
0.302028
0.141917
0.161891
0.27493
0.219684
0.486538
0.421857
0.020563
0.15717
0.332952
0.312059
0.273947
0.167489
0.0299586
0.0694244
0.393917
0.546409
0.892819
0.427389
0.0482131
0.537291
0.0344313
0.4185
0.0409958
0.0492603
0.0134589
0.556218
0.0945313
0.0567333
0.0138408
0.090992
0.0205219
0.0395823
0.0725602
0.45038
0.0286425
0.0186743
0.0106014
0.0818498
0.590225
0.0133895
0.118499
0.0140626
0.0423514
0.0197999
0.018092
0.0130486
0.00989098
0.0233896
0.00923586
0.0982823
0.178789
0.0321128
0.108581
0.0448938
0.0272037
0.114781
0.894635
0.00509509
0.505312
0.0183711
0.332601
0.0406876
0.565465
0.0381801
0.0379888
0.0532577
0.62367
0.00685813
0.0136319
0.0125881
0.0652534
0.0120599
0.144668
0.0259416
0.256594
0.129363
0.0645342
0.1049
0.459174
1.01435
0.00550815
0.107168
0.0640057
0.0195456
0.294394
0.0289587
0.120435
0.194759
0.199298
0.0425451
0.0128851
0.633418
0.0218846
0.747874
0.158398
0.0220342
0.03056
0.246882
0.00917877
0.0373524
0.107819
0.0702085
0.0286891
0.0298574
0.0711344
0.0142534
0.0640302
0.0329525
0.429197
0.250272
0.609228
0.101543
0.0891821
0.3013
0.526078
0.0510184
0.0446358
0.166556
0.221497
0.118033
0.824054
0.132347
0.0310099
0.341956
0.00304819
0.00674611
0.391745
0.239054
0.147164
0.0345397
0.055125
0.708765
0.225748
0.0169077
0.403685
0.0342462
0.034834
0.142173
0.0163157
0.00599958
0.0597261
0.01333
0.0176242
0.0226651
0.0159292
0.010462
0.0488078
0.0567814
0.0130802
0.00858456
0.0928929
0.0145307
0.273263
0.219253
0.0491715
0.0701271
0.220354
0.00681942
0.010505
0.0724909
0.292594
0.334878
0.014822
0.191733
0.0184297
0.0718952
0.0187001
0.0330696
0.38509
0.297481
0.0193715
0.154439
0.0702499
0.154692
0.0588166
0.72559
0.0385481
0.150877
0.498543
0.0181295
0.0796597
0.339309
0.046108
0.0533236
0.626727
0.0595413
0.0674254
0.248968
0.0321441
0.0195713
0.211905
0.410481
0.0242164
0.0230863
0.0207722
1.19543
0.500275
0.372751
0.091338
0.0504027
0.0479755
0.0268113
0.0478389
0.0886419
0.420568
0.0205078
0.191117
0.608881
0.0170224
0.0693448
0.490318
0.00466792
0.0248108
0.0178959
0.00637459
0.11513
0.0335712
0.0279201
0.0115347
0.0181653
0.0173478
0.0193031
0.0157403
0.0131698
0.0169142
0.0134615
0.0144312
0.0143296
0.527786
0.0821855
0.00640462
0.0203232
0.0268311
0.016746
0.0140653
0.446216
0.0210243
0.00468923
0.0296043
0.0211265
0.0102765
0.120927
0.0183033
0.0265818
0.0747978
0.0102593
0.0802919
0.151498
0.0927415
0.0441343
0.00616575
0.00555858
0.016004
0.0329599
0.0378043
0.0252307
0.0383991
0.0125513
0.0308251
0.897838
0.0130097
0.0540656
0.0592241
0.24726
0.0145319
0.0545957
0.176125
0.0167164
0.0186247
0.00950356
0.00356677
0.0227253
0.0947371
0.0214311
0.0146117
0.0248729
0.00385337
0.0176107
0.0326679
0.0571129
0.0364154
0.0508599
0.0358308
0.0969773
0.00953216
2.07556
0.0662283
0.0714484
0.0195637
0.0136336
0.0194323
0.0103071
0.0208293
0.030654
0.0592869
0.636984
0.159538
0.0273125
0.0371346
0.505734
0.0176139
0.0180768
0.391424
0.00865982
0.0130221
0.0129635
0.0298739
0.0131804
0.589949
0.00996116
0.142867
0.0104649
0.110034
0.00522526
0.00649056
0.621385
0.0185154
0.0109291
0.087774
0.0250782
0.0237601
0.0688227
0.0247175
0.0871987
0.0629159
0.0980453
0.00664091
0.376963
0.57055
0.0147229
0.0102828
0.0282795
0.0545343
0.00516722
0.0677719
0.0110945
0.0306098
0.501068
0.191815
0.105559
0.029082
0.0154795
0.0141043
0.0302945
0.052293
0.0324694
0.0140436
0.0396823
0.0617372
0.00484918
0.0263382
0.0210327
0.0156254
0.0189414
0.0638041
0.608806
0.0197855
0.7253
0.434677
0.00627182
0.0182943
0.517123
0.0314685
0.0449706
0.0229242
0.0349846
0.0245803
0.0102344
0.0129619
0.648851
0.0400499
0.0630846
0.0785578
0.036716
0.00856177
0.00669556
0.0298537
0.0132136
0.0242983
0.0258036
0.00396122
0.0138565
0.0622433
0.101576
0.0109936
0.0730172
0.0522096
0.0191585
0.179281
0.00496961
0.0245933
0.0052371
0.0243476
0.00716701
0.00996981
0.272184
0.0451402
0.00576369
0.0193329
0.0253042
0.0253136
0.0233404
0.0292086
0.0398564
0.0191232
0.0183954
0.0136703
0.062996
0.10427
0.0406361
0.0183954
0.010238
0.0295275
0.022818
0.00732171
0.0236843
0.00958931
0.00276655
0.0448165
0.00497727
0.0172656
0.0216127
0.101739
0.106729
0.193021
0.217404
0.0401305
0.321832
0.00578227
0.0226069
0.0958515
0.0283092
0.0271101
0.106716
0.205217
0.351312
0.570898
0.113753
0.0425489
0.123154
0.280875
0.0992538
0.0185375
0.0133307
0.279061
0.614953
0.184522
0.473997
0.139664
0.195397
0.0272197
0.0246507
0.0337771
0.113584
0.136778
0.127546
0.238886
0.0169358
0.228688
0.060151
0.0370017
0.023365
0.0584368
0.0321088
0.478842
0.0701499
0.0888507
0.100012
0.0207004
0.246172
0.0139839
0.063025
0.0120563
0.0135152
0.0649128
0.268844
0.00683054
0.116353
0.116208
0.0216348
0.00795053
0.0250173
0.109586
0.0639934
0.00442007
0.127156
0.478081
0.259917
0.0905406
0.0741556
0.0335888
0.23325
0.101371
0.663143
0.0998689
0.0181349
0.31221
0.161843
0.750164
0.0295
0.0935934
0.0485162
0.0359145
0.0519903
0.00885751
0.0140889
0.0768148
0.0304615
0.0146159
0.00646454
1.08515
0.0240879
0.0070337
0.0222184
0.0301557
0.0222656
0.505452
0.039724
0.0648511
0.0167495
0.0397904
0.021361
0.0311371
0.245909
0.00282168
0.024508
0.592537
0.415794
0.0103198
0.0323787
0.00302765
0.00572205
0.0137865
0.0136604
0.0107722
0.0455427
0.00933705
0.0169322
0.0248848
0.0138835
0.00268761
0.0139794
0.0230974
0.0122885
0.0182135
0.216562
0.0336118
0.018895
0.0688623
0.0320745
0.0134047
0.0178043
0.843465
0.00636073
0.00812735
0.0282735
0.0104396
0.0136944
0.578363
0.177202
0.0235034
0.0476887
0.369332
0.0393678
0.0153394
0.0960418
0.0118185
0.026928
0.00535811
0.011929
0.0148932
0.0238409
0.0294039
0.014569
0.081807
0.0182217
0.0131728
0.0233106
0.278951
0.185876
0.119894
0.00734058
0.340407
0.0758329
0.587403
0.00720912
0.00267585
0.010378
0.0642306
0.0247736
0.186975
0.413224
0.321178
0.0458606
0.0298187
0.103109
0.447964
0.0133572
0.00262891
0.0182414
0.0253139
0.0115735
0.0115676
0.56377
0.039038
0.0799506
0.430996
0.441923
0.303448
0.0991273
0.0158792
0.00756396
0.436047
0.0193148
0.239739
0.0171851
0.516217
0.174437
0.599689
0.14467
0.37379
0.107738
0.298083
0.113399
0.0293848
0.420056
0.0456308
1.64368
0.512703
0.637083
0.39202
0.27523
0.252594
0.0440254
0.250393
0.135603
0.00347115
0.0200844
0.0083667
0.0323698
0.00913119
0.295404
0.0158924
0.0507658
0.0297178
0.0143126
0.440872
3.71851
0.0365658
0.0424498
0.0407912
0.151062
0.00105034
0.0131039
0.466019
0.0127331
0.0673416
0.0143194
0.0181048
0.0126431
0.0119154
0.0229988
0.0171618
0.00994488
0.23473
0.318831
1.51392
0.0540664
0.00987594
0.193112
0.0384916
0.199817
0.0184878
0.0246508
0.0218635
0.0193525
0.0641807
0.0173476
0.0360369
0.00944921
0.0197666
0.0220889
0.0092872
0.020638
0.0277225
0.0045226
0.0133838
0.0200221
0.0239945
0.320325
0.419787
0.0175407
0.550415
0.20824
0.0710375
0.157274
0.455966
0.0244497
0.0722339
0.0662059
0.0119398
0.0115514
0.00899376
0.0053503
0.0344907
0.510174
0.0122249
0.017246
0.0192982
0.0226022
0.0107336
0.0181168
0.021718
0.0103241
0.0101678
0.01005
0.0149688
0.00188855
0.0154218
0.178613
0.189492
0.120696
0.0397985
0.0899775
0.0561201
0.0974581
0.0235566
0.0149299
0.236114
0.0191797
0.0355864
0.563069
0.473518
1.10562
0.492884
0.0448332
0.0430042
0.511806
0.00960085
0.30292
0.295212
0.0352892
0.0253851
0.0549828
0.124907
0.0166446
0.133645
0.400977
0.072176
0.148561
0.020028
0.0972028
0.00495425
0.0337336
0.100084
0.231533
0.0194021
0.0336289
0.232416
0.0501166
0.00835419
0.0711228
0.0414043
0.0338776
0.0313574
0.0626251
0.0187202
0.236295
0.0143621
0.0117931
0.0115422
0.00636116
0.553118
0.010536
0.00209439
0.0365919
1.31551
0.078412
0.0577839
0.0120968
0.055843
0.0547849
0.00825484
0.00456934
0.00357579
0.0178069
0.0568451
0.158866
0.0254842
0.0142469
0.227597
0.381882
0.186774
1.23335
0.108033
0.178608
0.0220842
0.0174426
0.0190351
0.0235348
0.0215868
0.0156638
0.0813903
0.0557486
0.196008
0.0490749
0.0322894
0.116774
0.252942
0.0855642
0.0871906
0.0738599
0.840228
0.015543
0.0294153
0.0941559
0.0256631
0.00773493
0.0178546
0.00269442
0.236137
0.0380396
0.254413
0.121915
0.0352051
0.586191
0.352282
0.0701105
0.0321753
0.00768434
0.0154831
0.00431898
0.0405999
0.733587
0.00879451
0.028896
0.742202
0.0177381
0.0129884
0.500162
0.00632637
0.0111916
0.0203523
0.00233023
0.0437114
0.0201074
0.231992
0.446906
0.023518
0.303965
1.33525
0.335915
0.035173
0.0653543
0.0203354
0.0149515
0.0491959
0.0357364
0.0156074
0.382421
0.0246528
0.499922
0.0129452
0.0334643
0.0339177
0.0162183
0.0250988
0.0200679
0.0308177
0.0384976
0.640792
0.22309
0.0171295
0.0831273
0.27916
0.00454614
0.0253822
0.0687251
0.288555
0.0126472
0.0453454
0.205498
0.181003
0.0968729
0.380575
0.15904
0.201344
0.0175326
0.18083
0.614691
0.10428
0.0150858
0.197847
0.014044
0.0184637
0.0318603
0.282283
0.050987
0.0697973
0.226641
0.0114653
0.679694
0.00470723
0.525508
0.0140966
0.00577086
0.0287301
0.0104467
0.0188278
0.0267634
0.0199696
0.0146416
0.0199918
0.0106213
0.00586335
0.0018226
0.017871
0.0196369
0.571677
0.0355088
0.0352022
0.0359648
0.0362209
0.0119147
0.00726587
0.0222192
0.0110472
0.0300889
0.0166912
0.0076212
0.00986324
0.0215839
0.0201629
0.027797
0.0488476
0.467741
0.00745082
0.0149238
0.0176068
0.0170669
0.0269916
0.00872747
0.0168936
0.0200514
0.00386993
0.0170072
0.0115297
0.0142847
0.00734089
0.0132107
0.0182169
0.327483
0.00331947
0.00490179
0.00632026
0.0246337
0.0342757
0.0235632
0.15935
0.0055039
0.00449702
0.348213
0.038576
0.0436129
0.170587
0.0244137
0.0511752
0.0161562
0.0322246
0.0117725
0.0327935
0.0188789
0.00878759
0.0115234
0.0253558
0.0330149
0.0140335
0.011055
0.0292506
0.0165993
0.0407401
0.0301116
0.0243522
0.127351
0.0244312
0.0116854
0.00923761
0.179709
0.0105244
0.0347271
0.0072916
0.0199477
0.00335494
0.0163485
0.0221333
0.00761807
0.048325
0.0195766
0.0603361
0.0264185
0.0248249
0.0115567
0.0138603
0.0178438
0.0106345
0.0286099
0.010315
0.0137127
0.0151321
0.0134383
0.0215588
0.00769016
0.38807
0.015409
0.0488015
0.0712855
0.025034
0.0266014
0.00625987
0.0122316
0.145515
0.0158635
0.00558497
0.00443854
0.0103073
0.00655849
0.432531
0.0850135
0.99679
0.0771902
0.00784559
0.0887406
0.014819
0.0911153
0.00530083
0.0228566
0.0691239
0.0218638
0.0311043
0.0147031
0.0247653
0.0124502
0.0442167
0.00653575
0.0147108
0.0251539
0.011413
0.0153915
0.527085
0.355972
0.0253412
0.00471457
0.0285509
0.463634
0.523898
0.0225131
0.0132939
0.013018
0.0180752
0.0272314
0.026912
0.0506105
0.00580553
0.00823934
0.0278329
0.0190197
0.00921681
0.0282077
0.0278648
0.0250305
0.00324603
0.0143125
0.0275488
0.00356794
0.117709
0.0300731
0.0501622
0.00986731
0.0217142
0.0181041
0.0145498
0.0247639
1.37369
0.0611654
0.41969
0.0122552
0.0170662
0.163993
0.0128366
0.0108976
0.335864
0.146482
0.0139331
0.0131971
0.00267629
0.0183424
0.0200073
0.0346318
0.00810676
0.108773
0.288108
0.143858
0.0984609
0.111698
0.0373647
0.0124385
0.0215127
0.0153571
0.0615541
0.499834
0.016501
0.00772682
0.419108
0.0102348
0.183067
0.25906
0.187417
0.0662323
1.26528
2.72592
1.05044
0.0195401
0.0262223
0.00605572
0.134231
0.0600872
0.0150211
0.263791
0.0265103
0.0052362
0.00897986
0.0067429
0.375704
0.0145261
0.429172
0.00994366
0.0121168
0.013231
0.120662
0.00594061
0.00552561
0.319054
0.644568
0.713788
0.020547
0.0270439
0.510873
0.0298552
0.0959056
0.0264592
0.00506058
0.0126354
0.0188348
0.0114062
0.022651
1.18799
0.0226408
0.0124035
0.0302342
0.00674082
0.0191822
0.015802
0.0490322
0.298297
0.0170974
0.0174737
0.0220074
0.0126843
0.00459064
0.019621
0.0335725
0.0149516
0.0551298
0.153416
0.0342755
0.560083
0.0392099
0.0133578
0.0379334
0.0299087
0.111433
0.023934
0.0195533
0.0282932
0.0319635
0.0145
0.0183725
0.00915568
0.00984493
0.0583667
0.00515323
0.0209338
0.0466897
0.00981561
0.0587355
0.0671576
0.0319555
0.041892
0.696241
1.88979
0.0493089
0.277197
0.00485883
0.0302454
0.0192429
0.00881389
0.0502567
0.00633978
0.0134499
0.00664706
0.0707273
0.0128243
0.0522234
0.0285261
0.0260405
0.0135119
0.0501878
0.0132158
0.0102332
0.0483252
0.0480821
0.0130743
0.0317123
0.00389264
0.0295082
0.0359998
0.0101593
0.0174285
0.011226
0.0042514
0.0138484
0.0188981
0.0314494
0.0194733
0.0454029
0.0191034
0.0158931
0.00574505
0.0088269
0.0388217
0.00224185
0.00460774
0.0107054
0.611171
0.11
0.0158423
0.0777006
0.0386173
0.03426
0.0171823
0.0363763
0.0189569
0.0557508
0.106241
0.0108489
0.466415
0.0116099
0.0158819
0.238719
0.0591629
0.0168909
0.0326215
0.0876528
0.033881
0.607465
0.383085
0.156289
0.0607971
0.0518725
0.0195083
0.233362
0.333437
0.640826
0.981636
0.0144439
0.0172399
0.0350812
0.0168378
0.0217912
0.0147126
0.0326899
0.0245695
0.0112881
0.0123339
0.00379769
0.459434
0.0721736
0.0509657
0.022959
0.0250317
0.0160638
0.0178918
0.0131423
0.0418506
0.0539025
0.0033526
0.0247398
0.0526502
0.00697156
0.030545
0.0283627
0.0355339
0.0590533
0.0417756
0.0214773
0.0221321
0.0238199
0.0251247
0.0111043
0.0388888
0.0064764
0.0194899
0.0116217
0.0127217
0.0173009
0.00582297
0.0237797
0.0163269
0.00258024
0.0138393
0.0252876
0.0186094
0.00997294
0.00791844
0.0170099
0.0304113
0.0235548
0.015218
0.0420816
0.0136578
0.0206942
0.00673781
0.0165326
0.0305984
0.0178003
0.0165653
0.0145365
0.0206231
0.00927603
0.00492005
0.0257262
0.00671704
0.0202375
0.0685706
0.00680304
0.0222107
0.0110659
0.0190868
0.00854185
0.0158987
0.00643569
0.0218416
0.106684
0.00322939
0.0202122
0.0388144
0.0361262
0.874527
0.0211128
0.0168102
0.463347
0.0415827
0.00606575
0.0371782
0.111215
0.192967
0.0287221
0.0129254
0.297476
0.106383
0.0934386
0.00940643
0.200145
0.118851
0.0479132
0.00563706
0.016183
0.0545562
0.663858
0.0482219
0.0138456
0.00797147
0.116453
0.0212153
0.0165194
0.573591
0.012155
0.0128586
0.0149131
0.00976126
0.027103
0.0147246
0.0158211
0.0223427
0.0370551
0.0110709
0.0122168
0.824066
0.0144915
0.00844374
0.0333988
0.716339
0.013348
0.0205717
0.230319
0.276276
0.0406381
0.134048
0.0248058
0.0894404
0.116919
0.286669
1.47133
0.0809675
0.255144
0.211383
0.030902
0.0115926
0.0839383
0.0751675
0.00787768
0.0775813
0.0179819
0.0221243
0.00431788
0.0134829
0.199041
0.0549596
0.065921
0.358244
0.125355
0.0454008
0.0770805
0.0195068
0.422245
0.0688141
0.121968
0.0262343
0.519066
0.225435
0.033227
0.0308784
0.0399937
0.0762287
0.0190074
0.0277276
0.0604256
0.0243848
0.00483451
0.255348
0.0246811
0.0376933
0.0152367
0.104551
0.0247777
0.00716628
0.0307428
0.0394256
0.0221609
0.0110072
0.0257145
0.0161412
0.0381464
0.0162804
0.00956476
0.0598328
0.00383621
0.0096191
0.0182162
0.0292202
0.233356
0.0122247
0.0266028
0.00549161
0.0125332
0.48286
0.0180628
0.00770169
0.0108709
0.00923912
0.0140795
0.0111096
0.138608
0.0114157
0.00730554
0.0277048
0.437637
0.124401
0.0378441
0.0259942
0.0440694
0.0411964
0.0271553
0.00922588
0.0249798
0.0142722
0.00791196
0.0152744
0.0147438
0.0595471
0.015526
0.018272
0.0787378
0.693268
0.00480276
0.513496
0.0229375
0.0470623
0.0175587
0.0506747
0.0245587
0.0176437
0.0371686
0.0246708
0.0775818
0.0388943
0.0157628
0.669879
0.0144421
0.00967043
0.0107767
0.0276228
0.402438
0.0296245
0.0236102
0.390288
0.156614
0.0770083
0.229099
0.0501051
0.25732
0.174812
0.700516
0.121172
0.347415
0.0327713
0.0623005
0.395253
0.482758
0.0119569
0.860278
0.0123172
0.519391
0.0196672
0.0111973
0.584811
0.0214324
0.00935433
0.143306
0.00659485
0.0466079
0.0111761
0.0399323
0.103162
0.0948336
0.431568
0.248984
0.0242985
0.00706521
0.00372667
0.552927
0.0211061
0.0877305
0.0198958
0.0235668
0.00903568
0.00537304
0.00861454
0.0309784
0.0632601
0.0214312
0.0188003
0.0144691
0.164222
0.0194167
0.00588922
0.00737479
0.0317764
0.0544224
0.00466433
0.0311611
0.773897
0.0113303
0.0163011
0.0212784
0.0301807
0.0112463
1.37535
0.00790821
0.0346109
0.646193
0.492901
0.0304292
0.227472
0.045269
0.191647
0.00382869
0.0422192
0.446438
0.407922
0.381255
0.0390015
0.199636
0.257737
0.341063
0.00925988
0.02999
0.355031
0.27069
0.00894292
0.528217
0.209592
0.00554053
0.216104
0.0243343
0.50342
0.0133988
0.0376377
0.0605546
0.139633
0.254575
0.292027
0.0123784
0.0292978
0.0212602
0.014763
0.538797
0.0396179
0.013319
0.012935
0.0330234
0.0170087
0.386732
0.0177305
0.145045
0.397592
0.0359515
0.0144396
0.407806
0.210888
0.210734
0.198445
0.0548133
0.0610581
0.0887735
0.0192039
0.0181047
0.0299105
0.0327137
0.0244151
0.0217322
0.000983522
0.00279146
0.0141963
0.0457535
0.0306369
0.0409796
0.530087
0.0116202
0.0465816
0.00516291
0.00724317
0.0195468
0.0181809
0.021414
0.616687
0.0701129
0.0142412
0.0267957
0.0140884
0.0384731
0.0100397
0.0220843
0.0286338
0.749637
0.00472678
0.010152
0.0218011
0.0408159
0.0235184
0.326135
0.0127909
0.00981155
0.0320695
0.0166582
0.0107844
3.568
0.0103577
0.0603309
0.0122211
0.723294
0.0227344
0.152483
0.0186442
0.761863
0.233749
0.7076
0.62194
0.022683
0.0610809
0.047785
0.00892496
0.0434764
0.235528
0.0200762
0.0643981
0.63827
0.127812
0.089992
0.0206638
0.0073704
0.0109649
0.210474
0.233443
0.683547
0.180539
0.221237
0.811272
0.803735
0.456794
0.133662
0.0730213
0.0384585
0.0162658
0.0694823
0.212386
0.985781
0.323218
0.0398459
0.549786
0.158397
0.00856271
0.065744
0.20986
0.0165207
0.0258335
0.0468506
0.0644432
0.34129
0.0554397
0.133581
0.108053
0.0250472
0.0131233
0.253156
0.182427
0.0173974
0.256438
0.00803318
0.0126325
0.00507531
0.248775
0.236616
0.0140912
0.518331
0.0322564
0.202912
0.0502349
0.064307
0.00667548
0.16497
0.0114031
0.0239279
0.00642463
0.39349
0.0729151
0.0744741
0.0146257
0.0546481
0.035445
0.126846
0.0178371
0.0716152
0.388433
0.713224
0.395367
0.326204
0.0725948
0.367944
0.210651
0.0453249
0.0346484
0.276152
0.0982174
0.0249873
0.277065
0.545918
0.0790639
0.324322
0.134586
0.160892
0.0898934
0.448954
0.118721
0.026919
0.0401723
0.289353
0.0619736
0.22529
0.0875174
0.607654
0.815997
0.00225456
0.192277
0.0195705
0.506617
0.365717
0.0270842
0.196858
0.521058
0.496344
0.58137
0.0159473
0.0433949
0.161465
0.0123041
0.320963
0.10412
0.269181
0.402028
0.0514598
0.00969197
0.250755
0.0413147
0.0138831
0.0576985
