0.0567263
0.504128
0.75717
0.0283528
0.388275
0.205601
0.0085253
0.0110189
0.0139377
0.0728607
0.0365225
0.290345
0.787414
0.0677096
0.505534
0.0876278
0.456902
0.348337
1.45202
0.373588
0.0270022
0.0172519
0.212627
0.0209095
0.206831
2.19552
0.598469
0.0579191
0.0120132
0.0833096
0.0255694
0.231294
0.518616
1.75646
0.452348
0.193489
0.441924
0.0144753
0.0350516
0.0323284
0.611128
0.53965
0.0481871
0.0880796
0.053817
0.150161
0.039808
0.0723594
0.0342228
0.657472
0.0598146
0.0518647
0.140034
0.0209356
0.484482
0.502798
0.0132371
0.373401
0.0112772
0.0455163
0.111598
0.683729
1.46001
0.470342
0.196113
1.09584
0.0020478
0.027146
0.192239
0.438993
0.139845
0.106879
0.0316545
0.0993027
0.0466163
0.0125702
0.137279
0.24568
6.93651
0.0748624
0.03422
0.30371
0.0230847
0.0124108
0.165081
0.0124272
0.0132647
0.0131426
0.013599
0.0349092
0.495739
0.0166488
0.0326565
0.0051891
0.59331
0.002077
0.375966
0.0673096
0.00933371
0.00717101
0.171104
0.0140598
0.071726
0.0801109
0.0692148
0.0421156
0.011593
0.0368694
0.265871
0.567058
0.0141397
0.125584
0.0107212
0.0516202
0.556319
0.103477
0.0362568
0.0316248
0.134729
0.0717144
0.183123
0.304767
0.279081
0.0233468
0.158804
0.0155564
0.17804
0.0979224
0.267141
0.00634362
0.0582337
0.952649
0.0663697
0.0645847
0.0409348
0.196949
0.1586
0.604458
0.00282787
0.00457983
0.242905
0.0574047
0.10663
0.00955509
3.04512
0.0615237
0.0084014
0.00127763
0.0789088
0.0226244
0.0895824
1.31428
0.0602657
0.120612
0.158848
0.00686976
0.131065
0.0168283
0.00882923
0.00796223
0.19283
0.146959
0.61781
0.0256112
0.017781
0.0533625
0.234659
0.66587
0.0556798
1.70683
0.526117
0.300978
0.438502
0.12769
0.0421552
0.0522848
0.398459
0.195025
0.359797
0.491245
0.240609
0.204092
0.0343494
0.376607
0.163799
0.0680254
0.00365282
0.0510724
0.00586056
0.337804
0.262374
0.213056
0.0143364
0.322714
0.0146419
0.0271952
0.0188868
0.366146
0.0177141
0.239037
0.0630973
0.274618
0.0187894
0.209582
0.192202
0.00576797
0.334234
0.132947
0.507684
0.185446
0.524736
0.338992
0.0510529
0.0150379
0.00871901
0.0321601
0.184161
0.0115847
0.119686
0.0232962
0.192071
0.439329
0.0353339
0.0105502
0.00814325
0.0208635
0.00495648
0.00398662
0.0384483
0.0212356
0.0409801
0.0104654
0.0154464
0.181672
0.520172
0.0226711
0.0125854
0.670196
1.19075
4.04962
0.177862
1.32782
0.165218
0.389189
1.34063
0.0360834
1.59234
0.0292092
0.0999344
0.00422001
0.223634
0.0350776
0.0852429
0.0451744
0.0349593
0.0173543
0.0542924
0.261072
0.93535
0.426954
0.00740013
0.0267795
0.425908
0.0138792
0.00422287
0.441766
0.0595998
0.239285
0.214305
0.462754
0.180775
0.0338512
0.177268
0.106228
0.0169436
0.0105709
0.0834046
0.00642256
0.379265
0.0116489
0.408985
0.102588
0.0664011
0.0215141
0.0593841
0.00476997
0.0299323
0.103084
0.605717
0.244132
0.15961
0.0078079
0.187844
0.0394604
0.0197838
0.0174247
0.614718
0.0308543
0.0152528
0.014609
0.00348907
0.0337962
0.036374
0.0278646
0.010251
0.0160957
0.0327818
0.00648503
0.00793484
0.31242
0.00579379
0.0423055
0.0146662
0.0224267
0.00189559
0.0201206
0.0352919
0.0181682
0.0718754
0.0869516
0.00714874
0.0273102
0.129496
0.0345162
0.0749352
0.0278747
1.0206
0.343334
0.00311909
0.0108592
0.0546863
0.262483
0.0110881
0.388613
0.126616
0.657979
0.0482078
0.25156
0.209238
0.126672
0.0231883
0.0797906
0.00474946
0.0251551
0.306295
0.418749
0.0206627
0.0232521
0.630643
0.13072
0.0233837
0.68652
0.165444
0.0771119
0.127264
0.141275
0.833127
1.65345
0.179731
0.115086
0.242251
0.0366914
0.036047
0.327644
0.416252
0.0356742
0.00564284
0.022994
0.13506
0.0159132
0.0339848
0.00997879
0.00712888
0.240092
0.00946272
0.0157487
0.00689626
0.0263542
0.443359
0.0164983
0.0602737
0.0308987
0.00770668
0.1759
0.445292
0.33326
0.0086866
0.0439122
0.0161967
0.0234978
0.00617922
0.183648
0.0108392
0.176608
0.00544489
0.00691818
0.023323
0.0298871
0.0246038
0.00707569
0.0133539
0.0164191
0.132647
0.0529299
0.113715
0.0927711
0.484766
0.460442
0.0841028
0.0114308
0.100992
0.00744641
0.190346
2.01947
0.016974
0.0240541
0.114388
0.0120883
0.0614282
0.110304
0.00440417
0.00727576
0.0112207
0.0120974
0.0085996
1.08059
0.030947
0.115874
0.08291
0.0030008
0.0532247
0.0278107
0.00920384
0.187257
0.0353339
0.050798
0.320793
0.0129713
0.0417664
0.137291
0.162899
0.0065703
0.0187168
0.0392403
0.00652825
0.0146377
0.0365542
0.0128254
0.0111551
0.0218359
0.0127481
0.018588
0.0736152
0.0122632
0.343007
0.00499647
0.020026
0.010599
0.138229
0.0620478
0.00783679
0.239275
0.014705
0.0309076
0.0100184
0.0146248
0.00516745
0.00180706
0.0040356
0.0144525
0.00681072
0.00566504
0.0220505
0.050891
0.0319087
0.160916
0.0228778
0.0256468
0.00318733
0.00322848
0.0161517
0.0638654
0.148545
0.151757
0.00519666
0.522923
0.0908188
0.0105771
0.0991229
0.0267279
0.00219701
0.00923075
0.00435259
0.00885602
0.0120045
0.00270644
0.0152055
0.00973079
0.0813578
0.0657728
0.0198087
0.0317888
0.00700072
0.223353
0.060869
0.123027
0.0167991
0.0168211
0.0429801
0.170075
0.0011729
0.00747635
0.146725
0.0148489
0.170822
0.0105441
0.0054918
0.195102
0.00877476
0.0088525
0.0183985
0.00694184
0.0301038
0.0254168
0.131218
0.00397259
0.267171
0.0113325
0.0963417
0.0105639
0.00456015
0.012213
0.0103054
0.0238786
0.161218
0.0141749
0.0122046
0.00332974
0.0231426
0.0163426
0.019293
0.0236601
0.00202942
0.0259349
0.132755
0.0913896
0.0166008
0.037675
0.0152848
0.00863797
0.0174787
0.0160908
0.00635106
0.00608414
0.0182674
0.860774
0.010475
0.0142756
0.0173223
0.0122817
0.00483692
0.00269374
0.0253887
0.177872
0.0670952
0.0102588
0.00888537
0.218713
0.00133733
0.00677473
0.764783
0.00674949
0.0080257
0.110128
0.00207643
0.00600182
0.00111481
0.00385218
0.515004
0.02287
0.124663
0.436918
0.105538
0.332055
0.0106738
0.0257907
0.123043
0.0348185
0.047681
0.0245968
0.199098
0.249373
0.0958716
1.90629
0.272298
0.179518
0.0313876
1.47445
0.295167
0.13052
0.0300844
0.264294
0.0197814
0.399128
0.0783407
0.375534
0.0275206
0.203596
0.00785821
0.0190387
0.266434
0.227616
0.372803
0.0436202
0.0368343
0.500087
0.523894
0.0721024
0.0259582
0.0197252
0.0153896
0.118309
0.0561451
0.21995
0.49723
0.121967
0.126047
0.0368433
0.353417
0.0119554
0.00724489
0.219923
0.00777051
0.0312458
0.152795
0.263448
0.00473894
0.124221
0.00641928
0.00165915
0.0128171
0.0354427
0.523852
0.0207902
0.26807
0.00649352
0.0161018
0.622124
0.0031527
0.210977
0.0302981
0.0233935
0.0257959
0.0334353
0.555351
0.00316949
0.0176016
0.0206668
0.191839
0.0361893
0.0351755
0.0364006
0.00244478
0.0753245
0.0118671
0.162526
0.478378
0.0429065
0.00764655
0.0134898
0.0207251
0.431068
0.0897389
0.00956249
0.0137512
0.0114126
0.034164
0.116282
0.0133135
0.00102017
2.19119
0.00680315
0.0144769
0.00811804
0.0740534
0.00551104
0.649153
0.346904
0.0308645
0.0150725
0.0039925
0.00219993
0.0119973
0.017258
0.177415
0.0266574
0.129501
0.418312
0.00644355
0.0139951
0.00531121
0.00463088
0.00411343
0.383708
0.0103764
0.006793
0.00428414
0.00422258
0.17585
0.010914
0.0137849
0.0069633
0.0100243
0.0140025
0.0105104
0.00840182
0.0436485
0.00645232
0.0321366
0.187387
0.0705147
0.0123801
0.0120625
0.0655236
0.00245618
0.00984633
0.0339549
0.0621488
0.0216312
0.010867
0.00755349
0.0137349
0.00970663
0.000309382
2.80135
0.0305467
1.99446
0.033364
0.0186395
0.162955
0.0212809
0.023926
0.120696
0.0156115
0.615255
0.0852529
0.0210202
0.00395011
0.147406
0.0587815
0.037229
0.38626
0.187961
0.032668
0.444838
0.32364
0.00317134
0.0980695
0.117313
0.103173
0.0163537
0.0161047
0.0159047
0.362552
0.00390608
0.0169705
0.276518
0.152797
0.232412
0.0210442
0.2129
0.197349
0.00914918
0.0542674
0.206244
0.380946
0.196406
0.0114088
0.00501728
0.15177
0.00581269
0.192563
0.00845084
0.0166283
0.710825
0.173903
0.11894
0.0633967
0.103337
0.554812
1.11171
0.563873
0.0135743
0.264205
0.0125499
0.0636102
0.421315
2.87418
0.00750162
0.00540915
0.0154182
0.249976
0.0145244
0.158301
0.229408
0.00173611
0.0612412
0.0148987
0.0104504
0.066832
0.00630303
0.017859
0.17766
0.0179667
0.241949
0.0133297
0.0108469
0.009921
0.0321701
0.0253851
0.0283562
0.088593
0.802961
0.00769301
0.306813
0.113886
0.0198451
0.0122892
0.029023
0.0157454
0.0123072
0.00453826
0.0109773
0.0238031
0.013529
0.022732
0.0328106
0.0193099
0.0476505
0.0114784
0.0110352
0.46731
0.0154381
0.0123537
0.039439
0.00848276
0.131092
0.0224317
0.00491969
0.00573395
0.199575
0.410994
0.212576
0.225093
0.446979
0.0407913
0.275477
0.08488
0.0895072
0.166353
0.00451615
0.0110987
0.196747
0.00967889
0.178922
0.00530376
0.0897566
0.00340578
0.00953087
0.0131909
0.0105601
0.00547448
0.0263464
0.00953138
0.00417501
0.0139219
0.00380025
0.0144561
0.0153427
0.133148
0.0592577
0.0287966
0.438592
0.439873
0.290763
0.0287329
0.0157912
0.461885
0.0162984
0.327604
0.236592
0.856627
0.00761172
0.257394
0.111694
0.055687
0.300326
0.0190408
0.00730843
0.0354249
1.29903
0.0249363
0.0244636
0.173506
0.00210391
0.0534401
0.0243758
0.108068
0.0436576
0.230678
0.0125298
0.0213525
0.0112222
0.124329
0.00895005
0.00206251
0.0238173
0.196308
0.0263476
0.0323896
0.0284997
0.00886956
0.00768409
0.34159
0.0805689
0.0851465
0.0123275
0.0663209
0.0364417
0.00242172
0.00912861
0.00798653
0.0166437
0.0109982
2.68561
0.00570464
0.0441107
0.0133857
0.0312797
0.00328089
0.017033
0.0373115
0.604674
0.00425255
0.136858
0.53605
0.0948081
0.0286205
0.109563
0.126372
0.00903928
0.530456
0.115998
0.0775615
0.60944
0.0122793
0.0025941
0.0176186
0.00757056
0.00516378
0.128945
0.0124167
0.0148668
0.0986775
0.0126613
0.155141
0.103955
0.138754
0.0467513
0.197867
0.0896165
0.101868
0.00968752
0.277347
0.125873
0.0114693
0.0111129
0.0457139
0.0137005
0.0153291
0.100525
0.0416179
0.159936
0.127739
1.21466
0.125855
0.535731
0.108935
0.24889
0.214588
0.151887
0.0105037
0.0243351
0.0469568
0.0117183
0.016126
0.0130908
0.254959
0.0269934
0.00450857
0.0619227
0.532896
0.010409
0.0499516
0.0142652
0.00538189
0.0226991
0.0373142
0.559254
0.046643
1.04378
0.188818
0.269923
0.0112313
0.0510151
0.013004
0.002557
0.00889563
0.00805469
0.00460495
0.0214943
0.0133435
0.0485069
0.281015
0.0107431
0.00571528
0.00712416
0.131781
0.0202769
0.279479
0.0098693
0.0148613
0.085425
0.0235288
0.113572
0.00814243
0.335526
0.0495685
0.302503
0.0285996
0.0142589
0.40698
0.0642179
0.111721
0.198892
0.00396648
0.0710934
0.150592
0.0862229
0.0157602
0.104715
2.17024
0.0102639
0.0128606
0.172325
0.0313328
0.0854098
0.00154218
0.102976
0.3266
0.0817195
0.0669418
0.169969
0.0188431
0.0227633
0.0070774
0.180286
0.0100298
0.256955
0.0137901
0.0700383
0.00604234
0.0048272
0.0104956
0.0184771
0.00714443
0.0506289
0.0115458
0.0247394
0.00271741
0.0209649
0.00888206
0.00457413
0.00424405
0.0306566
0.00655169
0.0207452
0.00972703
0.0111163
0.0709438
0.0103952
0.0164533
1.33202
0.0343911
0.0044636
0.00243183
0.00580469
0.21067
0.407461
0.161133
0.66626
0.0459414
0.0345313
0.00463097
0.0924326
0.0132918
0.320352
0.0133866
0.00991156
0.0385206
0.0205483
0.00864702
0.702113
0.00879783
0.0352422
0.00456347
0.00340677
0.372131
0.26174
0.0723016
0.0132674
0.00402742
0.0654414
0.0121774
0.00626143
0.0560548
0.0169827
0.150656
0.00375902
0.154776
0.0122425
0.607886
0.0214648
0.00242991
0.0102798
0.0432904
0.0200001
0.0481829
0.0130573
0.016619
0.00691186
0.0465601
0.2581
0.00568275
0.527952
0.0135138
0.0052542
0.00385028
0.196628
0.258435
0.0214529
0.0295283
0.181151
0.00428451
0.00543451
0.0299395
0.00889132
0.0135895
0.00988995
0.0218556
0.255225
0.0133409
0.0045405
0.25796
0.00639475
0.681554
0.015899
0.0162793
0.0222826
0.0142028
0.353675
0.00641337
0.00373016
0.0229888
0.0250542
0.00666865
0.00331113
0.0196172
0.0214515
0.0132137
0.0134193
0.00760707
0.00452609
0.00923773
0.00901329
0.0176998
0.00877346
0.0892959
0.530868
0.771812
0.0411497
0.0120395
0.00973206
0.0102167
0.435665
0.00537209
0.0258029
0.0415237
0.0188092
0.00780773
0.0105103
0.00294503
0.00408114
0.00128937
0.00509402
0.0413217
0.00779748
0.0327649
0.0080737
0.0145623
0.693789
0.00942935
0.10406
0.0149393
0.0687889
0.0561433
0.0124927
0.0285863
0.0079599
0.0205447
0.0105192
0.0194743
0.00674896
0.00704548
0.0288511
0.283372
0.0182689
0.0259555
0.316993
0.366066
0.0159929
0.0200365
0.00629074
0.83282
0.0108741
0.175246
0.00157939
0.32876
0.00853587
0.00406504
0.00776836
0.0047986
0.0281299
0.0281972
0.822585
0.215887
0.0029789
0.00246437
0.0034769
0.12035
0.0803204
0.361687
1.23122
0.102918
0.0082233
0.0330785
0.00311309
0.0080554
0.0267419
0.0063606
0.315223
0.0486769
0.327855
0.0708744
0.0302994
0.00748629
0.0101341
0.151437
0.00214866
0.027097
0.00327119
0.00460486
0.019193
0.0454876
0.0197755
0.0114626
0.293359
0.0941348
0.0323622
0.141154
0.193188
0.120414
0.0363321
0.00285667
0.00231272
1.02003
0.0354269
0.0368212
0.00414823
0.0157872
0.0210106
0.00458976
0.117162
0.0068759
0.0159824
0.0127827
0.00870611
0.147619
0.0371515
0.0451522
0.00780551
0.0135982
0.173162
0.396167
0.0264602
0.123737
0.0417366
0.00841456
0.0593389
0.00555231
0.0803134
0.244323
0.0115473
0.351246
0.0106556
0.0145558
0.0528256
0.00248102
0.0408554
0.0793649
0.0420229
0.0176027
0.0209485
0.0136752
0.0362809
0.0360769
0.00437788
0.0293978
0.00603026
0.637157
0.204749
0.0254371
0.0288185
0.0126912
0.0113752
0.091733
0.000711173
0.0244562
0.00906219
0.0439553
0.598767
0.0418707
0.0405028
0.045196
0.00492609
0.0088813
0.00482277
0.00255791
0.0376334
0.258978
0.0319495
0.002987
0.0201908
0.159816
0.384561
0.000490413
0.0323476
0.00602789
0.00615171
0.0128595
0.0878419
0.0958333
0.277026
0.0481192
0.0103726
0.0143321
0.0449478
1.51376
0.0114806
0.0201647
0.0217106
0.0330088
0.00631606
0.00365608
0.0132512
0.0108106
0.00538727
0.0096678
0.00751484
0.0102373
0.0150923
0.0287972
0.00240263
0.0147442
0.0627522
0.0624924
0.00658375
0.0166409
0.00489312
0.0118267
0.0102033
0.198285
0.019969
0.00382571
0.0784466
0.013754
0.012592
0.00635152
0.0195728
0.00402271
0.00391005
0.0140221
0.0191452
0.749872
0.00694304
0.0120019
0.00541106
0.00580595
0.0185634
0.031181
0.00901912
0.00609463
0.00675309
0.00221722
0.00552717
0.00612403
0.00697291
0.00634153
0.292885
0.0291906
0.0184764
0.00440241
0.412431
0.0136616
0.194915
0.435515
0.0155258
0.00860421
0.0218512
0.0318162
0.552044
0.330114
0.613332
0.0192202
0.0142967
0.016305
0.00663329
0.00899163
0.388107
0.576963
0.451097
0.00490683
0.0837137
0.003735
0.0100664
0.00537364
0.0148312
0.0384374
0.0404479
0.0104867
0.000671422
0.00428801
0.0155358
0.0480296
0.0615019
0.583008
0.410749
0.00294845
0.00219921
0.0297332
0.0160182
0.503523
0.0435696
0.0084786
0.355074
0.0228364
0.0358235
0.38168
0.00518449
0.00990413
0.00926729
0.0114405
0.031246
0.0537854
0.00556988
0.00743837
0.0422164
0.017161
0.0511084
0.0106496
0.326925
0.00497522
0.00446449
0.0153255
0.00758251
0.00741024
0.00226383
0.0199843
0.0553153
0.0105475
0.153223
2.49852
0.26131
0.0491287
0.0166695
0.00782269
0.0281128
0.0127945
0.00857376
0.0141681
0.0023397
0.00882413
0.151655
0.00223608
0.00486034
0.00813577
0.027074
0.0139271
0.0288736
0.00972491
0.012259
0.00621157
0.0113906
0.0039995
0.0629815
0.00781083
0.00578978
0.318542
0.0205301
0.00955149
0.0980616
0.0703145
0.0381554
0.0105569
0.0436171
0.0115256
0.0145581
0.00629328
0.00296842
0.0139175
0.32652
0.0129334
0.528959
0.0261575
0.441794
0.029206
0.0142481
0.0490021
0.0150039
0.0121308
0.0075341
0.0300465
0.00693176
0.0153422
1.00992
0.0213048
0.00901972
0.0116375
0.0833316
0.0212434
0.00231279
0.0062839
0.0263433
0.0283542
0.00943335
0.0607061
0.00673341
0.0161112
0.00295498
0.005168
0.031707
0.0170771
0.00320177
0.0766373
0.0118205
0.0879376
0.00139177
0.149994
0.470888
0.0495357
0.269713
0.191017
0.0393722
0.00432057
0.0437134
0.0720562
0.173239
0.0190847
0.613629
0.0416229
0.121025
0.0418016
0.167917
0.363295
0.01928
0.0717291
0.564931
0.0671378
0.62142
0.606023
0.0457501
0.229457
0.243274
0.237601
0.316608
0.0648257
0.580211
0.0144001
0.0311295
0.000597775
0.00579017
0.067019
0.588692
0.323855
0.45573
0.0171639
0.178956
0.0551609
0.390158
0.030536
1.12579
0.00800596
0.00506138
0.22911
0.104887
0.00271826
0.338274
0.0436623
0.0175821
0.00162651
0.460843
0.0303206
0.00793243
0.0273243
0.00316997
0.0181292
0.201421
0.0149976
0.0138774
0.00276698
0.406252
0.110858
0.00732281
0.562112
0.0303169
0.854566
0.023578
0.00243566
0.00640612
0.117117
0.0119879
0.0061826
0.00547949
0.0113946
0.0239774
0.0284015
0.0154731
0.265943
0.289497
0.0200253
0.59949
0.0132604
0.0037191
0.145138
0.00552439
0.0421652
0.0102563
0.0731183
0.0315233
0.00589274
0.00457652
0.00351638
0.0377658
0.33319
0.0111264
0.026024
1.34898
0.00401279
0.784095
0.0105208
0.0298003
0.0136761
0.391596
0.0145362
0.0978063
0.0070724
0.00938522
0.0137536
0.243228
0.00591948
0.239552
0.0376383
0.0123098
0.0674793
0.0732759
0.214521
0.16025
0.138619
0.343925
0.0289023
0.332819
0.045602
0.103823
0.118669
0.0246617
0.225851
0.132306
0.00617216
0.00106287
0.0189349
0.0303167
0.241946
0.00938108
0.0144519
0.115849
0.001721
0.0134197
1.71859
0.0373865
0.0228246
0.0150936
0.149871
0.0353056
0.10973
0.243986
0.466167
0.0138541
0.20691
0.0103818
0.0107273
0.00654677
0.006512
0.00493319
0.568976
0.0122374
0.00839727
0.00795814
0.036152
0.0182316
3.12402
0.405106
0.108455
0.00346832
0.132145
0.0732078
0.00677277
0.00828431
0.00931396
0.0221105
0.0196983
0.0071057
0.0612489
0.0115603
0.0273625
0.0220562
0.0198024
0.442637
0.125272
0.295102
0.164849
0.0228763
0.0544746
0.0382684
0.00756304
0.0991713
1.3081
0.132689
0.193761
0.309284
0.194981
0.471722
0.103036
0.0085945
0.037777
1.546
0.188495
0.0174525
0.168353
0.491767
0.718254
0.307497
0.299956
0.401643
0.00677095
0.21699
0.0795488
0.35738
0.0171992
0.579669
0.312967
0.293534
0.061877
0.0112832
0.00758439
0.0041145
0.0223288
0.436303
0.00732609
0.00843217
0.0195975
0.0525658
0.0127602
0.0275937
0.0228198
0.253651
0.248431
0.0185013
0.147214
0.0197626
1.32643
0.810579
0.274656
0.00387749
0.0796438
0.0308592
0.309804
1.24611
0.0173217
0.0548541
1.69176
0.00924273
0.0139417
0.004216
0.444614
0.087305
0.0200665
0.00370309
0.00506367
0.00218839
0.0236412
0.00935225
0.225665
0.0116351
0.346033
0.00858983
0.0200394
0.00368171
0.0095945
1.48542
0.0138307
0.810702
0.00641304
0.00598395
0.013696
0.0128085
0.0425149
0.0204928
0.0122868
0.0169253
0.0381288
0.0245287
0.0328749
0.0197732
0.00767023
0.0229106
0.0364866
0.0070082
0.013541
0.006411
0.00310413
0.00516107
0.00686666
0.00587268
0.0118567
0.00662362
0.012451
0.000739469
0.0346455
0.0089514
0.0181585
0.0188596
0.0377589
0.0342037
0.293733
0.0351734
0.245265
0.0813091
0.0374331
0.00472587
0.777049
0.0543534
0.00345894
0.0034235
0.187704
0.06401
0.0327923
0.0235517
0.011557
0.00937692
0.026575
0.0211922
0.347676
0.406693
0.00336205
0.205713
0.154259
0.031678
0.212002
0.437991
0.0724502
0.0429884
0.0852075
0.0498013
0.374858
0.12231
0.352516
0.0774466
0.00506741
0.462331
0.275954
0.0426374
0.337099
0.0220076
0.282434
0.288778
0.187671
0.417538
0.0753358
0.00716171
0.0201749
0.0142843
0.225125
0.724064
0.706525
0.0776052
0.167645
0.127224
0.0170553
0.014702
0.328122
0.890615
0.02963
0.0134188
0.0143789
0.0321404
0.00501305
0.34985
1.63097
0.33672
0.393938
0.0126689
0.0424491
0.292215
0.66201
0.45974
0.475213
0.00488936
0.0474556
0.183834
0.12314
0.0164802
0.303058
0.0356757
0.266141
0.0179395
0.00474681
0.0129681
0.361929
0.0149813
0.0407521
0.114801
0.160296
0.00618078
0.0661634
0.389974
0.178572
0.677395
0.00249753
0.717258
0.00207006
0.128727
0.355257
0.0116394
0.769674
0.102404
0.30465
0.198658
0.935787
0.0333488
0.404371
0.0367576
0.100593
0.0468507
0.369407
0.00452385
0.0152428
0.262508
0.0100417
0.132855
0.329562
0.0133752
0.29834
0.0197939
0.124272
0.00455079
0.288408
0.0265922
