0.00195595
0.000598102
0.00026445
0.0269642
0.000276075
0.000684477
0.000898312
0.00133807
0.000645325
0.000377282
0.000789733
0.000557941
0.000763904
0.00032001
0.00016392
0.000195512
0.00148185
0.000251805
8.02426e-05
0.00131986
0.000195284
0.000321002
0.00154029
0.00109378
3.32279e-05
0.000695188
0.000977785
0.000279208
0.000499696
0.000505212
0.000142236
9.14035e-07
0.000502561
0.0017844
0.000165648
0.00062459
0.000753722
9.90736e-05
0.00224508
0.000280218
0.000808117
0.000592103
0.0016759
0.00103521
0.00241404
0.000829748
0.000455887
0.000102095
0.000289603
0.000296125
0.000561341
3.65957e-06
0.000610044
0.000172931
8.70559e-05
0.00109147
0.000244613
0.000729964
0.000740539
0.000350984
0.000319116
0.000918591
0.000350877
0.000345118
0.000814181
0.000463012
0.00101692
0.000589213
0.000199121
0.000476914
0.000787093
0.000632806
0.000325707
0.00118561
0.000362119
0.000185465
0.000729837
0.00112677
0.000226387
0.000610958
3.33271e-05
0.000827566
0.000369125
0.000777999
4.73342e-05
0.00101248
0.000413117
1.93486e-05
0.000299903
0.00375178
0.000583253
0.000449984
0.000152387
0.00015675
0.000647012
0.000144067
0.000391707
0.000148639
0.00140343
5.70559e-05
0.000437507
5.9099e-05
0.000519785
0.000209902
4.841e-05
0.00045314
2.25827e-05
0.000141284
0.000141817
0.000774111
0.000467456
1.19991e-05
0.000830734
8.52753e-05
0.0014501
0.000957207
0.000834348
0.000256269
5.48369e-05
0.00388674
0.000252364
5.67495e-06
0.00156367
0.00128749
0.000224347
0.000939252
0.00106725
0.000294984
0.000263341
0.000303192
0.000331259
0.000757492
0.000681125
0.000319479
0.000124623
0.000506952
9.16938e-05
0.00239838
0.000596859
0.000206253
0.000452193
0.000616703
7.18629e-06
0.00336307
0.000638581
0.000220583
0.000469199
0.00149222
0.000126357
0.000419898
0.000331738
4.39489e-05
0.000196518
0.00111879
0.000779918
0.000826901
0.000358301
0.000140766
0.000193686
8.61207e-05
0.000337764
0.00639501
0.00138895
0.000824844
0.00014942
0.000818618
0.000821102
0.000523735
0.000193668
0.00164765
0.000459381
0.000799172
0.00181204
0.000538586
0.000247383
0.000729777
0.000127318
0.00324029
0.000204011
0.00292246
0.000520405
0.000457927
0.000234286
0.00019057
0.000845399
3.82033e-05
0.00377891
0.000701134
0.000469744
9.30695e-05
0.00089724
0.000112125
0.000538901
4.63307e-05
0.00190283
0.000507626
0.00411344
0.0049385
0.000540761
0.000482088
0.000248954
0.000519494
0.000172526
0.000507551
9.04209e-06
0.00018549
0.000237767
0.00227464
0.00316067
8.0565e-05
0.000309351
0.000523405
0.000381093
0.000104503
0.00022957
0.000599432
1.08575e-06
0.000264209
0.00120867
0.000272878
0.000165261
0.000186758
0.000155548
0.000613989
0.00218153
0.000522044
0.000410966
0.000376454
0.00382603
0.000638508
0.000186593
0.000255637
0.00145092
0.000306914
4.00754e-05
0.000259111
0.00125398
0.000587966
0.0148448
0.00285355
0.00715769
0.000351008
0.000324466
0.000844654
0.00057027
0.000658826
0.000744837
0.000601652
0.00037633
0.00125595
0.000308983
0.000947513
0.000860695
0.000184309
0.000267591
0.000110507
0.000298899
0.00110792
0.00106089
0.00128091
0.000506969
0.000414584
0.000705273
0.00138251
0.00109398
0.00101545
0.00117799
0.000345507
0.0012028
0.000425156
0.000186869
6.41961e-05
0.000104152
0.00183417
0.00196717
0.000628428
0.000140752
0.000637604
0.000456226
0.000238598
0.000870601
0.00031988
0.000224336
0.000560075
0.000367117
0.000815371
0.000290756
0.000716203
1.56603e-05
0.000280093
0.000704964
0.000243367
0.000412416
0.00115107
0.00182522
0.000211069
0.000662189
0.000522343
0.00138054
0.000168544
8.65175e-05
0.00278729
3.43054e-05
0.000588142
0.00182782
0.000668622
0.00284648
0.000742794
0.00280776
0.00081486
0.000448949
7.78027e-05
0.00131855
0.000807693
6.99338e-05
0.000990647
1.05268e-05
0.000678731
0.000534316
0.000148524
0.00214331
0.000548813
0.000689096
0.000421582
0.00030046
0.000313267
0.000219624
0.00321383
0.000956357
3.99775e-05
0.00017632
0.000890447
0.000444627
0.00039379
0.000121122
0.00173302
0.000334905
6.24125e-05
2.61898e-05
0.00133037
0.000376955
0.000836308
9.09333e-05
0.000778849
0.000633662
0.00150234
0.000290001
0.000351524
0.000235097
0.000671352
0.00108887
0.000257676
0.000781192
0.00101939
0.000377299
0.000342853
4.72284e-05
0.000266302
0.00124737
0.000629646
0.000331238
0.000887732
0.000364652
0.000770482
0.000101707
0.00156392
0.00156035
0.000149632
0.000642932
0.00103038
0.000582619
0.000277652
0.00167521
0.000116354
0.00243484
0.000573826
0.000223502
0.00035235
0.000901122
0.000528307
0.000678484
0.000275053
0.00105667
0.000234719
4.9963e-05
0.000106995
0.00144466
0.000985298
0.00141293
0.000379543
5.31852e-05
0.00145471
0.000112523
0.000116551
0.000369609
0.00184814
0.000648714
1.15733e-05
5.25576e-05
0.0002665
0.00021818
0.000514185
0.000166133
0.000227204
0.000223
0.000713744
0.0013982
0.000955761
1.62987e-05
0.000389993
0.000162896
0.00030039
0.000343292
0.000125802
0.000420774
0.00325494
0.000428647
0.000790241
0.000190746
0.00042742
0.000652859
0.000284927
0.000269352
0.000347007
0.000879051
0.000499294
0.000495503
0.00121102
0.000302648
0.000611645
0.000703904
0.000111454
0.00187419
0.00133622
0.00134548
0.0013655
0.000706046
0.0011327
0.00170516
0.0014634
0.000142402
0.000446394
0.000489725
0.000737729
0.0017712
0.000840365
0.000292695
0.000328989
0.000540598
0.000490456
0.00112762
0.000457779
0.000576491
0.00048474
0.000381296
0.000286108
0.00177706
0.000667854
0.00258293
0.000381193
0.000398769
0.00020833
0.000671673
0.000885414
0.00106545
0.000507036
0.000125888
0.00192373
0.000212254
0.00126528
0.00040722
0.00202591
0.000309476
0.00250131
0.000873558
6.63646e-05
0.00114313
0.0010777
0.000194975
0.00135089
0.000273991
0.00125676
0.000700943
6.13113e-06
2.16955e-05
0.000295167
0.000112022
0.000724272
0.00021396
0.000231683
0.000455506
0.000796096
0.000807719
0.000935999
0.000874002
0.000673142
0.0001571
0.000156431
0.000493569
0.00211403
0.00241153
0.00104796
8.01747e-05
0.000130157
0.000184189
0.00464313
0.000820635
0.000405601
0.000964236
0.000624725
0.000463331
0.00209051
0.00172263
0.00409585
0.000140695
0.000289854
0.000696387
0.000224554
0.00322325
0.000194567
0.00134593
0.000380692
0.000231952
0.00117349
0.000613062
0.000607223
0.00161796
3.06177e-05
0.00115563
9.2439e-05
0.00216845
0.000134798
0.000195237
0.00180637
0.000689485
0.00122504
0.000657667
0.00146108
0.000162874
0.000302387
0.000872018
0.00060139
3.58808e-05
0.000643487
0.00117292
0.000415108
0.000403685
0.00121126
0.00091242
8.54053e-05
0.000603744
0.000478327
0.000120456
0.000264266
0.00161186
0.00165224
0.00035197
0.000934402
0.000154791
0.000798777
2.06342e-05
0.000195987
0.000777534
0.000501953
0.00147065
0.000200762
0.000311104
0.00186955
0.000330641
0.00109115
0.000640947
0.000971778
0.000314861
0.00293959
0.0016527
0.000200851
0.00044852
0.00028404
0.000597673
0.000452833
0.000722839
0.000206014
0.00102034
0.000189926
0.000342728
0.000230583
6.62787e-05
8.21566e-05
0.000250024
0.00157905
0.000324363
0.00117568
0.000146405
0.000131028
0.000423292
0.000500859
0.00093801
0.000157658
0.000569561
0.000416007
0.000205395
0.00133668
0.000717434
0.000196282
0.000297988
0.000865842
0.000651947
0.000597562
0.000178198
0.000414875
0.000567746
0.000119736
0.00053328
0.000709112
0.000204514
0.000578959
1.45964e-05
0.0012072
9.5908e-05
0.000190239
0.000576169
0.000148584
0.000304789
0.000636564
0.000453928
0.000177459
0.00127254
0.000144518
0.000978474
3.85307e-05
0.000428628
0.000783412
0.0019867
0.00182592
0.000610314
0.00040443
6.99203e-05
0.000282792
0.000435159
7.50361e-05
2.43072e-05
0.00334046
0.000342239
3.12148e-05
0.000385439
0.000609658
0.00011798
0.000198177
0.000436677
0.00104667
0.000860693
0.00139459
6.36697e-05
0.000450099
0.00137766
0.00200492
0.000164461
0.000382403
0.000442268
0.000305127
0.000458968
0.000157229
0.000333824
5.07141e-05
0.000485538
0.00035104
0.000406971
0.00117648
0.000472317
0.000346817
0.0010494
3.90833e-05
0.000399518
0.000168755
0.000521292
0.000801037
0.000495132
0.000356537
0.00100968
0.00166396
0.000816465
0.000698353
0.000106051
0.000448112
0.000647029
0.000300672
0.000665303
0.000635163
0.000318232
0.000130902
0.0009733
0.000937285
0.000475069
0.000888066
0.000756268
0.000654538
0.000466047
0.000239693
0.00114286
0.000123293
0.00117886
0.000245446
0.000585514
0.000322119
0.000321329
0.000139053
0.000477635
0.000290486
0.000311959
4.5355e-05
0.00165455
0.00147626
0.000256058
0.000373239
0.000680312
0.00163464
0.00106079
0.000221664
0.000333933
0.000372685
0.00274545
0.0019364
0.000137847
0.000565049
0.000660215
0.00108522
0.000172092
0.000341527
0.000335693
0.000410816
0.000258849
0.000928947
0.000268832
0.000630917
0.000245393
0.000292853
0.00106622
0.00123869
0.000462161
0.000667513
0.000918912
0.000952441
0.000327549
0.00126851
0.000214994
0.000671778
0.000690984
0.00156099
0.000513666
0.000645851
0.000842308
3.91144e-05
0.00163831
9.92844e-06
0.000396155
0.000280425
0.00165432
0.000557887
0.00123639
0.00109563
0.000503865
0.00161123
8.77669e-05
3.35934e-06
0.000177086
0.000238702
0.00142313
0.000589676
0.000273301
0.000494555
0.000701733
0.000329087
0.00039605
3.32213e-05
0.00145791
0.000232244
0.00156531
0.00044937
0.000299078
0.00435033
0.000415575
7.91513e-05
0.000524725
2.86302e-05
0.00104
0.000672328
9.43891e-05
0.000394647
0.000203179
6.61027e-05
4.77012e-06
0.000930459
0.000404644
0.0005201
0.000524742
0.000258214
5.85365e-05
0.0014005
0.000903482
0.000301798
0.0010403
3.12452e-06
0.000782245
0.00134353
0.00145737
0.000489174
0.000844221
0.00047746
0.000630513
6.80773e-06
1.11399e-05
0.000244535
0.000755935
0.000308883
0.000153016
0.000291474
0.000857941
0.00277516
0.000285695
3.76737e-05
0.000164717
0.000798447
0.00145134
0.000632538
0.000844019
0.00011365
0.000494041
0.000872178
0.00190787
0.00121586
0.0017477
0.000260763
0.00125274
0.000386131
0.000928006
0.000431836
3.17331e-05
0.000569212
0.000581082
0.000184994
7.7513e-05
0.000900813
0.000546118
0.00182297
0.000303764
0.000705437
0.000281845
0.000142809
0.000623461
0.0004352
0.000694142
0.00182074
0.000685643
0.000418727
3.96796e-05
6.0114e-05
0.000616322
0.000134821
0.000570685
0.000178487
0.000664435
0.00152767
0.00144456
0.00316523
9.34346e-05
0.00121418
0.00227773
0.000352285
0.00183939
0.000983521
0.000427789
0.000262634
0.000761412
0.00162589
0.00272128
0.00186134
0.0034494
0.00166464
0.00179995
0.00046684
0.000333567
0.000632529
0.00172888
0.000312271
0.000607916
0.000970181
0.00134285
0.000744999
0.000239483
0.000178117
0.000895854
0.000520013
0.000485197
0.000273842
0.00149687
5.62886e-05
0.000625979
0.000458492
0.000104607
0.00025343
0.000382886
3.53488e-05
0.000494176
0.000111669
0.000833172
0.000296982
0.00016325
0.000217683
0.0017079
0.000610005
0.000427481
0.000105652
8.53137e-05
0.000827386
0.000296436
0.000832363
0.000228632
0.000244516
0.00169426
0.000368238
0.000850031
0.00102889
0.000200838
0.000508143
0.0012385
0.000402634
0.000763857
8.40914e-05
0.000376236
0.000423235
3.44776e-05
0.000433207
0.000771308
0.000151909
0.000389417
0.000142538
0.000967177
0.000929186
0.000650811
0.000281015
7.7309e-05
0.00217069
0.000658632
0.000773452
0.000740688
0.000705717
0.000348126
0.00152863
0.000864013
0.00101185
0.000272686
0.000624949
0.000143424
0.000638045
0.00109254
0.000866871
0.000189262
0.00049424
0.000123476
2.50636e-05
0.00157191
0.000651028
0.000343242
0.000763499
0.00036031
0.000909088
0.000597006
0.00138655
0.000414612
0.00071898
0.000136594
0.000406755
0.00017651
0.000199981
2.74567e-05
0.00192996
0.00336886
0.00135555
0.000391541
1.59492e-05
9.11722e-05
0.000131059
5.77161e-06
0.00126954
0.00055141
0.000350239
0.00058208
0.000344227
0.000281958
0.000243754
7.81066e-05
0.000144492
0.000122698
0.000313512
0.000507358
0.00158621
0.000113063
0.000870255
0.000835585
7.33774e-05
0.000809163
0.000811012
0.000168784
0.00095744
0.000505976
2.52054e-05
6.44021e-05
0.000139335
0.000996819
8.43598e-05
0.00109372
0.00216629
0.00140153
0.000224262
0.000887894
0.000432207
0.000307188
0.000389539
0.000630312
0.000180376
0.000319734
0.00061587
0.000713535
0.000177776
4.6708e-05
0.000721834
0.00391516
0.00184222
0.00127942
0.000622873
0.000634215
0.00230734
0.000547065
0.000211462
0.00225334
0.000634032
0.000152367
6.62652e-05
0.000258312
0.000140293
0.000383504
0.000632362
0.00122499
0.00117386
3.62474e-05
0.0016363
0.00016789
0.000289373
0.000751126
0.000447715
4.16679e-05
0.000589402
6.23542e-05
0.00042525
0.000186122
0.000798826
0.000450366
0.0003489
0.000892625
0.000935422
0.000486332
7.98811e-05
0.00205414
0.000256068
0.00030801
0.000598373
0.000282954
0.0014415
0.00028522
0.00102246
0.00122881
0.000581468
0.000625924
0.000267989
0.00282616
0.000984686
0.000802562
0.00022063
0.00112137
0.00166257
0.00403093
0.00178476
0.00125166
0.000786019
0.000838431
0.000573495
0.000456742
0.000161358
0.000742008
8.82831e-05
0.000477062
0.000559932
0.00143663
0.00120314
0.000477396
0.000142249
2.445e-05
0.000279936
0.000122372
0.00100175
0.000954692
0.00198949
0.000212301
0.00146893
0.00232863
0.00065183
0.000571473
0.000233816
0.00165812
0.00216901
0.000483519
0.000517718
0.000537397
0.000762975
0.00217611
0.000356629
8.21022e-05
0.000130342
0.000465618
0.00161983
0.000853383
0.000728863
0.000602015
0.000191115
0.000868994
0.000244408
0.00126136
0.00129264
0.000431977
0.00188672
0.00348983
0.00535843
0.000424105
0.00210719
0.00036422
0.00279227
0.0028483
0.000314683
0.00185896
0.00406348
0.000322176
0.00290955
0.000483334
0.00183036
0.000116282
3.04673e-05
0.000143466
0.00240377
0.000958564
0.00520742
0.00110511
0.000202475
0.00353321
0.00306005
0.000753274
0.00185541
0.00136453
0.000271378
0.000909066
0.000767587
0.000145705
0.000664417
0.00108385
0.00105913
0.000439265
0.00338683
0.000304122
0.000533819
0.000299169
0.0033958
3.13538e-05
0.00135151
0.00116347
0.000976794
0.000832184
0.00185445
0.00111711
0.000495378
0.000550628
0.00242927
0.000654579
0.000131172
0.00459149
0.000355779
1.62352e-05
0.00326193
0.000154546
0.000123861
0.000896863
0.000743095
0.00011652
0.00510278
0.00443813
7.93714e-05
0.00108263
0.000213504
0.000241409
0.000217324
0.000398823
0.0011395
0.00168689
0.00163834
0.0010484
0.000723436
0.00138764
0.000862537
0.00135317
0.000751952
0.00160724
0.00118034
0.00206573
5.97046e-05
0.000546678
0.000445903
0.000638839
0.00132967
0.000236131
0.000698176
0.00148744
0.00125401
0.00200327
0.0014074
0.000885166
0.000405751
0.000540273
0.000633612
0.000324521
0.00128827
0.000649415
8.94559e-05
0.000835768
0.000367832
0.000528683
0.000788977
0.000645825
0.00081642
0.00372424
0.000881794
0.00203997
0.000656889
0.00182459
0.000562768
6.44962e-05
0.000215617
0.000252451
0.000457165
0.000436658
0.00027868
0.000168706
0.00122177
0.000820323
0.000463694
0.00042657
0.000848386
0.000624622
0.00104941
0.000106594
0.000480268
0.000522758
0.00206526
0.000793422
2.45216e-06
0.00213782
0.000245408
0.000497037
8.76487e-05
0.000237302
0.000257662
0.000788847
8.1562e-05
0.000719874
0.000539608
0.000534933
0.0018026
0.000738646
0.00110987
0.000301979
0.000249799
0.000270733
0.00276518
0.00243637
0.000171409
0.000839564
0.000414358
0.000232585
0.000157733
0.00103191
0.00522079
0.000153325
0.0014078
0.00392604
0.00052916
0.0010183
0.00218299
0.000443668
0.000107644
0.000261907
0.00123306
0.000160768
0.000219351
0.00346238
0.000265798
0.000214413
0.00271272
0.000271887
0.000111052
0.000899689
0.000322434
0.000499403
0.0011273
0.00126492
0.000476916
0.000889254
0.00132947
0.000602368
0.00031937
0.001179
0.000420155
0.00171087
8.25794e-05
0.00101162
4.57103e-05
0.000323823
0.00191988
0.000241021
0.000975497
0.00133965
0.00079045
0.000583608
0.000659193
0.000325229
3.64122e-05
0.00147623
0.00274461
0.000138995
0.00162934
0.000790552
0.000134762
0.0014866
0.000143007
0.000647442
0.00164754
0.00167678
0.00465037
3.66942e-05
0.000335354
0.0014445
0.000258522
0.000590275
0.000199308
0.000335353
0.00010014
0.00104588
7.91216e-05
0.000416761
0.000457181
0.000604764
0.000638573
0.00111782
0.000391228
0.000729573
4.56608e-05
0.0010709
0.000227437
0.000679215
0.000817689
9.13685e-05
0.000754961
0.000365706
0.000975834
0.00121871
7.28576e-05
0.000673635
0.0012866
4.23433e-05
0.000344805
0.00135142
0.000188437
0.000506934
0.00060602
0.00074621
0.00140623
0.00245527
0.0006374
0.000286399
0.000238314
0.00173248
0.00080135
0.00133486
0.000227253
0.00173699
0.00474749
0.00156711
0.00254658
0.00186843
0.000406919
0.000107787
0.000363159
0.000498317
0.000536119
0.0032362
0.000473699
0.000808814
0.000448173
0.00134085
0.000331566
0.000142737
0.00077631
0.000866328
0.000243025
0.00181602
0.00188363
0.000699695
0.000396782
0.00190499
0.00115044
0.000252563
0.000156436
0.000868596
0.00138537
0.000673433
0.000342475
0.00063029
0.0015293
0.000364063
1.94602e-05
0.000167994
0.000201378
0.00168554
1.65437e-05
0.00117196
0.000448773
0.000368499
0.000790204
0.00363821
0.00155092
0.0020353
0.000765502
0.00228793
0.00126507
0.000258246
0.00234985
0.000399985
0.000852727
0.000770877
0.000107963
0.000434816
7.3806e-05
0.00131286
0.000154622
0.000395824
0.000914246
0.00142739
0.00113644
0.000357463
0.000478149
1.72345e-05
0.000127956
0.000795739
0.000497656
0.0013731
0.000124726
0.000634536
0.000193179
0.00317296
0.000289355
0.000676251
0.000170467
0.00104498
0.00171082
0.000470238
0.00198046
0.00016894
0.000275714
0.000442864
9.98919e-05
0.00112049
7.62554e-06
0.00181114
0.000958425
0.000845804
0.00110555
0.000602681
0.00198304
0.000416888
0.000836793
0.000369574
0.000728182
0.0005937
6.48852e-05
0.00107269
0.000529776
3.98851e-05
0.000220574
0.000883142
0.000824736
0.00126424
0.000100225
0.000418557
8.27276e-05
0.00071001
0.00240894
0.00147822
0.000344782
0.000571813
0.0028723
0.000280068
0.000902504
0.00127537
0.000387898
0.00104542
0.002745
0.00118648
0.000968649
0.00134263
0.000163531
0.00158855
0.000332822
0.00188765
0.00167231
0.000480005
0.000207056
0.000768653
0.000522613
0.000108665
0.000315942
0.00152525
0.000532708
5.93763e-05
0.00102589
0.00027888
0.00125506
0.00132507
0.000268632
0.00188288
0.000247602
0.00132621
0.000404362
0.00120022
0.000201542
0.000834768
0.00151678
0.00093846
0.000130972
0.00106963
0.000834155
0.00219024
0.00112222
0.000332861
6.21326e-05
0.000743275
0.000535159
0.000379679
0.000181645
0.000107403
0.000130044
0.000964739
0.00145108
0.00581742
0.000395301
0.000170056
0.000942615
0.000677478
0.000898415
0.000647243
0.000722405
7.16765e-05
0.000349688
0.000514944
0.000129615
0.00226454
0.000638199
2.25544e-06
1.59807e-05
0.00155766
1.89765e-05
0.000356325
0.000197671
0.000644153
0.000966708
0.00317204
0.00144765
0.000189589
0.0014775
0.000653988
0.00107691
0.000465233
0.000235984
0.000362131
0.000502447
0.000184636
0.000296849
0.00047123
0.000419378
0.000898086
0.00117947
0.000365109
0.000756731
0.00071677
0.000434745
0.000249063
0.00164748
0.000131488
0.00102235
0.000902351
0.000897572
0.000101529
0.000375873
0.000152195
0.00431429
0.00132658
0.000731285
0.000739058
0.000203607
0.000179259
0.000633105
0.000324747
0.000169799
0.00060485
1.96863e-05
0.000343536
1.11039e-05
0.000636709
0.000389856
0.000298902
0.00109458
0.00178399
0.00077236
0.000594776
0.000118758
0.000139707
0.000518392
0.000259439
0.000279107
0.000135471
0.000948139
0.00122178
0.000698846
0.000783894
0.00026696
0.00177739
0.000222603
0.000667794
0.00291754
5.20316e-05
0.00134102
0.00101352
0.00160366
0.000631464
0.000234815
0.000180524
9.78764e-05
0.000415806
0.000256236
0.000483335
0.000281269
0.00286136
0.00166036
0.00365934
0.000929565
0.000236194
0.000446153
0.00027379
0.00407735
0.000390388
0.00048054
0.00025577
0.000649068
9.04523e-05
0.00024801
0.00370442
0.000225295
0.00235102
0.000904494
0.000500215
0.000157417
0.000573244
0.000198693
0.001441
4.52255e-05
0.000263287
0.000683868
0.000924835
0.00262441
0.00165769
0.000111376
0.000186572
6.72747e-05
0.0018949
0.000500028
0.000244767
0.000395348
8.26417e-05
0.00129479
0.00021197
0.00175567
0.000332034
0.000148013
0.000286949
0.000330328
0.000783601
0.000741786
0.0057261
0.000945502
0.000422732
0.000990101
0.000506473
0.00153423
0.000819777
9.32327e-06
0.00271035
0.00124345
0.000632814
0.000402674
7.01591e-05
0.000436682
0.000848426
0.000142614
0.00111735
0.000145912
0.000620111
0.000625822
0.00253904
0.000196635
0.00205327
0.00133182
0.00334204
0.000227721
0.00118707
0.000345036
0.00120948
0.00192632
0.000739692
0.000152242
0.000593323
0.000317739
0.00109102
0.00123955
0.000640286
0.000930844
0.0014309
0.000803703
0.00057127
0.00142585
9.5292e-05
0.00108762
0.000427189
0.000348596
0.000896365
0.000668047
0.000632565
0.000417288
0.000283287
0.000350899
0.00142174
0.000737967
0.000261038
0.000656516
0.000639668
6.15361e-05
0.000607849
0.000280294
0.000219769
0.00135249
0.00011288
0.00852438
0.0338131
0.000433325
0.000236955
0.000208949
0.000495235
0.00123527
0.000542611
0.000893606
0.000450424
0.000795673
0.000128006
0.00127624
0.000538664
0.000349075
0.00012608
0.000267681
0.000441931
0.00092736
0.000439099
0.000743146
0.00141436
0.000448644
0.000858627
0.000500343
0.00405408
0.000774188
0.000869408
0.000435424
0.000348064
0.000598155
0.000471741
0.000379425
0.0134999
2.6955e-05
0.0143968
0.000527371
0.00319117
0.000441807
0.00132731
0.00013167
4.50082e-05
0.00216016
0.0012036
2.51599e-05
0.00159234
0.000716689
0.000184747
0.000148268
0.00177016
0.000136078
0.000364267
2.82202e-06
0.00030635
0.00238234
0.000324728
0.00127574
0.000654046
0.000689227
0.000762713
0.000116801
0.000162354
0.00028975
0.000454676
0.00191778
9.10661e-05
0.00168422
0.000535505
0.000165578
0.00223895
0.000674125
0.00130129
5.46278e-05
0.000864163
0.000711152
0.000863434
0.000256159
0.000168264
0.00116352
0.00167289
0.000413575
0.00145073
0.000257649
0.00164259
0.00109639
0.000621656
0.00134397
0.000463931
0.00097076
0.000265447
0.00161128
0.000623562
0.00289514
3.63007e-05
0.000471926
0.000113194
0.0013563
0.00150623
0.00152567
0.000426206
4.21028e-05
0.000405019
0.000627039
0.000233292
0.00104026
0.00121868
0.00148951
0.000692899
0.000908309
0.000180086
0.000504987
0.000346395
0.00107717
0.000285978
0.000726887
0.000226683
0.00262072
0.000856619
0.000299082
0.000372117
0.000852072
0.000226409
0.000425539
0.000600967
0.000108295
4.87046e-05
0.000935947
0.00297275
0.000808613
4.34269e-05
0.000728785
0.000157547
0.000770059
0.000309741
0.00280412
0.000597922
0.000621871
0.000226162
0.000755803
0.000118187
0.00038995
0.000998018
0.000557509
0.000440682
0.00145254
0.00071299
0.000836257
0.000459919
0.000377722
0.000612408
0.000330043
0.000370803
0.000479686
0.000855761
0.00111726
0.00145604
0.000968402
0.00111947
6.41473e-05
0.000507449
0.000646661
2.2289e-06
0.000297483
0.00047734
4.03544e-05
3.2499e-05
0.000373727
0.000332123
0.00159567
0.000591094
0.000466455
0.00069303
0.000924889
0.000890759
0.00033339
0.00080399
0.000262717
0.00109547
0.000148843
1.54204e-05
0.00240051
0.000864313
3.88466e-05
6.67306e-05
0.000398111
3.6886e-05
0.000650889
0.00034443
0.000557924
0.000988604
5.86115e-05
4.58771e-05
0.00054031
0.000252272
0.00127279
0.000474079
0.000293818
0.00103042
0.000410264
0.000139331
0.00111778
0.0010318
0.00156149
0.000108395
0.000494891
0.000298604
0.000404695
0.00159677
0.000749031
0.000481574
0.00060642
0.00185648
2.78283e-05
0.000375501
0.000250139
0.00116414
0.000117742
0.000481117
0.000187388
0.000882305
0.0021384
0.00058831
