509.307, 0.352857, 2.23018
520.152, 19.0154, 0.549618
557.353, 0.316762, 2.72652
541.01, -5.19899, -1.2407
514.621, 26.6693, -1.82962
535.389, -6.44611, 1.83602
510.409, -18.1891, 2.96585
496.901, -2.56964, -3.1385
502.626, -4.59158, 0.418728
560.475, -2.14257, -1.5627
497.901, -15.819, 2.84217
505.304, -4.6836, 1.4905
518.031, 17.1145, -1.91534
522.91, -3.17946, -1.16166
498.454, 20.9643, -1.42368
523.162, 18.0304, -1.72955
510.235, -3.10909, -0.235189
504.832, -9.83187, -1.22763
512.122, -13.6606, 0.941187
498.472, -22.0518, -0.792737
537.587, 11.1444, -2.72235
512.474, 15.4725, 2.97658
545.149, 10.3163, 1.663
559.717, 6.72425, 0.422162
501.721, -16.9935, 0.928243
532.219, -3.83561, 1.49263
558.368, -2.84832, -2.26745
516.754, 1.94071, 2.92424
517.171, -17.1724, 0.761186
532.882, 14.407, -0.511496
545.543, 9.6829, 2.24397
518.724, 21.606, -0.657265
499.804, -21.6427, -0.480516
510.498, -9.71647, -1.89791
531.671, -7.34371, -0.43243
530.617, 14.918, 0.222569
563.576, 4.15693, 0.659906
549.925, 6.57726, 1.55479
515.848, 19.9127, 0.91974
527.083, -4.62068, -2.20833
514.035, 20.827, 0.12366
557.571, -1.50431, -2.14673
539.489, 12.5696, 2.725
514.218, 0.503127, 1.19254
499.76, -18.1047, -2.23257
519.543, 18.3885, 1.78038
535.497, -8.36894, 2.38153
563.713, -2.70991, -3.01001
545.577, 11.3564, 0.84863
523.153, -1.06261, -0.661252
504.559, -1.15095, 0.701274
521.926, 20.9868, 0.0202951
523.033, 20.1001, 2.99176
517.716, 21.4691, -2.73568
537.711, -9.60632, -2.07368
505.027, 22.9131, -1.9924
550.515, 5.94031, -1.08075
517.54, 9.65136, -0.255588
521.201, -4.53785, 2.41348
498.161, 8.73268, 0.354695
532.56, -7.64816, -0.256285
527.242, -13.9069, -2.45756
502.444, -30.7279, 0.585887
577.211, -2.96254, 0.612366
620.093, 40.7979, -1.50081
624.343, 43.5413, -2.27992
609.754, 31.7687, 1.93955
619.209, 40.2397, -1.87154
629.711, 53.2574, 1.60824
617.775, 56.2781, 1.42463
596.07, 23.0252, 2.45718
626.76, 52.9938, 2.15813
596.645, 22.2136, 1.74241
610.113, 34.5692, 1.25194
633.739, 52.2169, 2.61614
622.816, 48.4992, -2.27791
622.166, 3.9008, -1.01488
613.685, 26.5887, -0.75263
624.943, 33.2447, 2.34228
630.485, 32.1704, 2.43394
648.241, 38.4487, -0.664807
654.885, 23.2374, -0.392876
633.265, 29.4366, -0.776645
649.519, 7.12332, 2.69795
614.16, -2.66959, -2.98204
642.25, 41.7686, 2.06384
658.511, -3.7789, 0.913926
630.908, 46.2335, 2.98441
577.931, 3.97302, -0.35116
508.569, 7.41485, 3.1188
576.329, 8.53232, 1.07033
594.243, 69.3824, -3.13298
596.946, 10.7416, 0.985625
620.686, 12.5479, 1.33068
597.076, 65.1431, 2.48058
583.486, 19.3188, -1.23697
597.835, 12.8934, -2.40443
605.898, 30.2569, 3.13308
601.215, 60.2272, 2.04602
596.881, 46.3206, 1.57729
623.785, 52.573, -2.9175
599.284, 80.3256, 2.40984
608.897, 51.3692, 1.95547
591.227, 28.5343, 1.37713
592.015, 22.7276, -2.66018
604.936, 71.3079, -1.05945
585.324, 35.1152, 1.96299
604.049, 65.1152, -1.69072
575.113, 76.9967, -0.945676
594.351, 44.5384, 1.41221
594.503, 58.2821, -0.914609
592.573, 56.6014, -1.55602
644.329, -33.5227, 2.8206
633.906, -54.4684, 0.326141
648.464, -29.3489, 2.98674
565.792, -37.9789, -1.70185
577.023, 4.11124, -0.0733038
576.738, 4.84011, 1.54639
531.582, -58.6587, -2.15332
536.566, -60.0222, -3.09413
571.695, -11.1803, -0.856963
569.771, -16.8344, -3.10948
570.116, -41.0372, 0.196897
577.461, 24.9453, 1.45391
571.843, 76.8615, -2.64341
572.326, 38.5893, 0.697299
580.25, 39.2319, -2.33922
590.282, 66.2823, 2.90188
594.206, 59.5558, 1.8378
596.287, 33.1451, -2.73818
588.794, 36.637, 2.40824
596.883, 46.3142, 0.0795224
609.814, 77.0333, 1.06862
604.092, 65.1994, 2.85123
608.907, 80.0524, 2.74448
605.405, 70.6566, 2.03028
593.342, 77.7755, -1.94301
593.55, 15.6553, 3.08002
607.21, 70.1733, -2.52841
509.678, -18.9945, 1.79681
546.984, -14.7143, -0.759697
539.725, -30.4108, -0.461293
555.031, -51.8145, -2.70031
576.565, 7.5294, 0.0526899
574.635, 5.27147, -0.927154
576.166, 6.63053, 0.146866
576.719, 6.77152, -0.989661
618.574, 38.3806, -0.75279
633.971, 49.2807, 1.88694
634.615, 47.0879, -2.38217
639.221, 52.1885, 1.11502
585.732, 13.5463, -1.06434
637.289, 34.5889, -1.68959
553.69, 59.2263, 1.51885
557.134, 33.9085, 0.762843
532.602, 63.9089, -1.45454
539.454, 62.012, 0.639649
554.72, 59.8739, -1.65095
615.873, -58.6561, -2.29547
614.843, -56.6048, -0.878443
616.777, -15.0727, -2.37414
611.452, -15.7102, 1.09007
627.04, -16.7363, -0.522559
623.024, -24.6611, 1.58833
610.439, -17.4993, 1.39219
621.423, -39.809, -2.00758
559.032, -68.1343, 0.956495
603.808, -59.6687, 2.22045
513.04, -3.19623, 2.58969
504.57, 3.36258, 0.0712004
496.685, 19.5112, 1.88087
543.569, 14.1094, -0.484191
502.149, 24.9982, 0.305964
497.716, 28.3898, -1.91693
527.758, 47.7971, -0.353323
557.175, 79.02, 0.354477
572.189, 79.2963, 0.103561
541.842, 62.7538, 0.963721
588.118, 54.3378, -2.02675
575.481, 79.8931, -1.04176
532.904, 65.3876, 0.496313
566.658, 20.1583, -0.0850354
545.593, 57.9613, 1.66036
556.423, 36.6229, 2.32989
560.62, 31.9407, 0.112996
554.617, 83.6945, 2.38119
572.882, 5.99884, -1.68888
564.203, -43.2787, 2.15114
565.016, -39.6563, -0.952355
570.516, -15.0122, 0.780622
572.911, -48.8652, 3.04758
533.984, 55.8871, 1.19945
572.196, 7.41511, -1.11519
539.071, 45.296, -0.771284
572.166, 5.78872, -2.01667
572.643, 6.1469, 2.09766
572.238, 6.40064, -1.51452
572.504, 7.20113, -2.01202
538.681, 72.544, 0.838227
535.631, 62.3145, 0.143855
505, 28.9998, -2.37684
525.746, 53.177, 0.490949
648.102, 18.308, -0.286971
651.935, 13.2503, 2.20097
571.776, 6.80894, -0.398331
572.728, 6.74784, 2.05808
496.077, 26.7111, 1.65192
497.468, 17.7755, 2.29162
500.691, 8.66269, 0.863583
528.202, 5.85843, 2.83278
538.07, 7.12427, -3.10356
526.033, 4.87331, -1.06818
504.207, 2.84608, 2.34058
493.72, 3.90891, 0.429229
511.744, 1.63597, -2.94846
518.597, -8.32477, 0.902907
518.942, -8.48445, 0.796352
503.82, -6.1005, 2.55555
499.003, -9.09716, 0.434412
548.538, 2.33203, 2.03731
505.199, -4.17814, -0.781028
517.369, -0.850068, 2.21717
530.525, -2.11735, -0.188716
572.228, 7.65234, 1.37321
572.484, 5.78372, 1.73755
573.305, 6.26404, 2.22272
572.479, 5.70553, 0.119151
572.955, 6.29065, -2.16769
573.374, 6.3312, 1.13408
576.01, 4.7738, 1.64924
572.766, 6.28849, 1.16977
573.125, 6.28275, -0.703106
572.683, 5.60789, 2.34871
575.58, 4.94986, -0.912753
638.293, 6.2997, -1.34639
642.958, -7.02132, 2.8949
631.66, -33.5287, -0.831155
578.761, 8.13435, 0.413594
626.878, 33.0751, 1.11717
603.605, 74.2817, -0.67418
610.846, 63.1946, -0.758494
643.685, 5.30686, -2.74803
587.693, 6.58333, 2.63272
627.133, 21.051, 2.26103
622.532, 49.3989, -1.15819
588.102, 12.2018, -2.9812
588.486, 8.15404, 1.12371
632.787, 23.8455, 3.09905
647.47, 37.9885, 2.01526
633.576, 31.5709, -2.95677
649.302, 25.2445, -1.42924
647.547, 22.9176, 2.0802
628.856, 17.413, -2.34846
613.047, 51.3779, -2.1506
627.881, -40.747, 2.63378
616.488, -43.8168, -1.25899
605.886, -57.7289, 2.87463
580.885, -21.6629, -0.765116
590.049, -51.5964, 1.94481
636.641, 45.127, -0.463918
602.808, -64.0861, 1.19504
598.474, -60.631, 2.63245
577.359, 3.85612, 2.39801
579.162, 4.3703, 2.7085
519.184, -15.8388, 0.450797
577.2, 2.94666, 2.11953
577.482, 4.28938, -0.171388
503.615, 2.98601, -1.92519
541.404, -33.9944, 0.330188
523.452, -54.5937, -2.32692
515.214, -49.1044, 0.60335
508.238, -39.0857, -2.72709
644.855, -7.05696, 1.00389
615.701, -58.705, 2.72637
612.98, -50.2294, -2.24819
623.272, -48.5493, 1.72143
613.925, -66.0745, -0.964723
614.854, -39.6647, 2.52895
607.425, -72.377, -0.690014
626.932, -57.6893, -1.99891
614.536, -46.4879, 2.72406
620.341, -52.3089, 2.06303
601.989, -19.9001, -0.372853
621.913, -30.3197, -2.60137
644.633, -25.0179, -1.64221
531.421, -23.9437, -1.292
529.411, -19.7447, -2.62636
555.046, -7.88563, 2.78667
526.066, -12.4705, 1.37099
536.575, -3.56815, 0.250865
518.552, 3.58245, 2.69078
523.369, -0.971911, -0.0534959
578.417, -0.676548, 2.65112
578.014, -0.600176, -0.340671
576.929, -2.9785, 2.7576
577.643, -1.08658, -1.09372
581.201, -3.57864, -1.38813
640.019, -42.4158, 0.144163
580.959, -3.80358, -2.55037
576.08, -2.49734, -0.0336984
576.588, -3.02042, 0.418167
576.862, -3.63267, 2.02959
576.052, -3.36838, -0.499745
576.798, -2.70418, -1.25623
575.416, -3.30585, -0.887162
576.057, -2.78853, -1.29546
576.422, -2.85816, -0.362002
575.459, -3.74391, -0.560858
576.1, -4.16131, 2.15662
574.982, -3.07192, -1.10488
574.918, -3.04853, 2.94209
592.4, 58.1751, -0.1633
593.384, 73.9174, -0.316598
589.403, 59.8509, -0.805482
581.683, 30.2998, -1.25683
598.291, 70.3428, 3.09763
574.111, -2.24401, 1.87424
581.26, 17.2742, -0.561317
600.72, 64.1382, 2.04494
573.773, -2.58251, -2.32188
573.916, -2.81361, 2.68538
521.859, -56.9683, 0.27439
562.661, -19.0797, -0.429276
547.709, -34.1094, 0.75444
569.792, -7.51128, 2.04833
582.659, -68.3051, 2.48689
572.808, -2.96988, -1.77583
572.777, -3.53171, 1.73509
573.166, -4.31549, -0.883697
616.573, -30.3028, 1.20871
623.157, -19.0322, 0.50079
620.049, -7.69203, -2.94177
567.991, -32.1004, -1.46889
564.671, -72.7854, 2.8844
534.082, -72.9239, 1.05072
554.409, -53.1975, 2.72972
534.622, -60.5185, 2.61506
533.828, -55.924, 1.31362
607.95, -71.8391, -1.93895
602.852, -70.8223, 1.55005
601.696, -75.3734, 1.30732
599.237, -78.9895, 0.429815
615.804, 62.6227, 0.317291
603.211, 40.5559, -2.0767
613.616, 55.2443, -2.15535
605.042, 40.7971, -1.84359
607.193, 44.2589, -0.364295
613.61, 49.7662, -0.733118
508.041, -26.8626, 2.29896
521.968, -20.0734, 0.158625
513.368, -26.7615, -1.63624
521.439, -25.899, -2.64711
509.998, -36.2253, 1.90095
573.117, -2.60619, 0.354109
642.71, 35.3963, 2.36118
634.988, 15.7787, 3.08388
627.881, -15.663, 1.26747
619.999, -6.19176, -0.692911
641.57, -21.9506, 0.29331
648.416, -14.1537, 0.365503
565.971, 65.3927, -0.203815
550.468, 65.6289, 0.113317
574.425, -2.27291, 2.1543
576.827, -4.20546, 2.43724
576.485, -76.264, -1.50378
624.228, 24.313, -0.0811138
628.903, 26.5839, -2.67139
622.239, 55.9109, -0.231278
590.53, 21.3675, -0.177749
577.735, -2.17043, -0.83309
634.513, 51.3642, -0.773958
578.428, 1.18292, 1.51606
632.694, 53.0055, 2.80224
575.632, -3.2407, 1.15094
578.384, -2.35306, 1.32822
576.076, -3.61286, 0.680201
557.35, -68.2694, 0.272876
576.29, -3.90298, 2.2697
575.8, -3.73755, -1.27922
576.74, -4.92482, 2.71381
576.804, -4.5214, 2.12374
576.891, -4.7155, 1.3935
576.26, -3.9093, -0.498267
576.881, -4.56869, 0.259311
516.739, -33.6735, -2.43844
541.781, -9.67651, 2.4272
574.016, -7.50079, -2.61837
574.549, -6.19384, 0.950078
575.61, -5.36607, 1.38759
573.864, -8.12129, -0.120943
574.29, -6.33761, 0.684096
573.386, -7.07894, 0.250879
574.231, -7.30296, -0.666028
574.046, -6.96196, 2.18506
574.575, -6.10714, -2.10784
574.2, -6.51657, 2.64185
575.366, -6.31578, -2.64209
574.478, -8.60103, -0.149247
572.192, -6.57402, -2.4771
575.097, -6.76015, 2.96278
574.826, -7.49623, 1.05406
574.759, -7.06309, -1.34032
572.986, -7.45422, 2.93004
569.613, -5.18555, 0.154765
564.019, -1.62718, 1.79568
558.9, 31.7683, -0.805113
570.63, 67.2138, -3.13718
562.793, 0.653166, 1.74855
572.184, -6.09988, 0.0966206
563.412, -1.83998, 0.947495
571.939, -5.88445, -2.29727
569.084, -4.88776, -2.0281
559.219, 0.0329569, 1.51133
563.901, -1.89986, 2.97323
570.51, -5.18146, 1.18691
561.426, -1.21041, 1.09996
564.305, -2.70708, 1.07147
566.164, -2.70547, 1.08102
561.157, -0.863562, 0.504553
565.721, -2.63914, -2.39638
568.862, -4.30088, -2.87492
566.987, -3.24651, -0.152527
565.163, -2.40629, 0.271654
564.329, -12.7034, -0.0409115
568.541, -4.19202, -1.96646
569.077, -4.4729, -2.97691
565.703, -8.36841, 2.40501
562.125, -12.8885, -1.35471
568.945, -4.5876, -1.16374
562.588, -12.062, -1.59516
562.006, -13.642, -0.000480138
561.207, -14.2697, 3.14128
567.415, -3.30614, -1.73036
567.747, -3.65712, -0.819698
560.586, -0.731005, 2.71149
563.795, -1.90985, -2.28139
564.749, -2.27473, 0.444108
566.664, -3.02475, -1.8975
564.51, -1.6181, -0.646494
559.674, 0.653879, 1.88279
564.571, -1.95528, -2.7053
560.996, -0.313951, -3.01173
564.145, -1.97879, 0.620875
564.405, -1.58802, 0.422219
562.443, -0.803598, 2.6702
561.219, -0.0175023, -2.8809
562.183, -1.11403, -1.0125
563.079, -1.64306, -1.09824
561.261, -0.386428, 0.507608
561.797, -0.684749, 0.126437
562.933, -0.86135, -1.78567
560.575, 0.619681, -2.72075
559.107, 0.669702, 1.98098
560.726, -0.019724, 2.32903
562.661, -0.0256241, 1.43057
560.009, 0.50604, 1.0156
560.626, -0.86286, 1.87893
559.809, -0.447101, -1.68838
560.424, 0.229483, -2.94429
560.893, -0.456198, 1.12607
560.945, -0.397704, -2.83827
562.296, -0.945408, -0.228636
559.81, -0.130479, 2.04628
559.361, 0.676948, -0.0648189
561.181, 0.0199505, 1.25646
560.547, 0.0228408, -0.148004
560.186, 0.757683, -2.88886
560.263, 1.58553, 1.26595
559.352, 0.853483, -0.351255
560.768, 0.516214, -2.64493
559.549, 0.601743, 1.63414
559.756, 0.855118, 0.31177
550.419, 3.42105, 0.149802
546.87, 3.89413, -1.81203
560.869, 0.963345, -2.20813
551.857, 3.52131, -1.8631
555.656, -0.279097, -1.84313
553.85, -0.32871, 2.80623
553.457, -0.413175, 1.2236
563.353, -1.65083, -1.26059
567.438, -3.87661, -0.682055
561.985, -0.929941, 2.1339
563.863, -2.39996, -0.638772
562.031, -1.42503, -0.100397
560.443, -0.173178, -1.23663
565.449, -4.56639, 2.98639
569.097, -8.35349, -2.91578
562.287, -0.461507, 1.87865
567.541, -6.25859, 1.96601
562.742, -1.76766, 1.84217
564.961, -3.55271, 3.12426
561.624, -1.16926, 1.23622
565.301, -3.7385, 0.404721
569.458, -8.56224, 3.02372
568.831, -7.88823, 0.0778304
572.383, -11.6066, 0.642509
567.493, -6.25437, -1.7192
568.431, -6.60216, 1.28723
569.994, -8.99967, 1.50074
565.751, -4.48406, -1.15323
565.662, -4.4524, 3.08574
571.017, -9.67974, -3.06244
566.688, -4.35293, -2.36563
568.937, -7.57316, -2.80373
568.204, -6.56647, 0.61232
564.396, -2.72616, -0.648162
573.8, -12.7419, 2.17566
567.856, -6.06683, 0.633294
573.744, -10.5325, 1.72661
573.608, -11.5164, 1.10553
569.415, -7.39356, -2.53822
572.011, -10.2844, 1.91805
568.873, -7.24137, -1.86803
572.359, -10.1028, 0.723691
568.922, -7.4273, -0.590372
569.4, -7.18235, -0.834527
571.812, -10.9119, -0.400772
570.05, -9.56221, -0.163482
571.776, -11.7171, -2.07497
571.797, -9.99297, 0.110588
571.296, -10.4967, 1.26623
569.338, -7.45133, 2.14732
565.893, -8.45639, 0.709911
566.023, -8.20295, 0.566479
574.336, -10.9791, -0.625716
559.701, -15.5655, -3.01433
567.094, -7.0658, -2.62162
565.383, -9.50893, -1.69471
559.576, -13.6134, 2.34695
563.312, -10.9693, -0.178371
559.574, -15.5187, 2.99213
559.703, -15.292, -2.61322
561.7, -13.6419, -2.07261
561.576, -13.0373, -2.42877
560.244, -15.4017, -1.43624
560.55, -15.1265, 2.55576
565.495, -9.15449, -2.58562
563.91, -11.1393, 1.51288
560.597, -14.4214, -2.80067
560.002, -14.8089, -1.73356
560.378, -14.4792, 2.57041
563.829, -11.0614, -2.29077
565.003, -9.90501, 0.0832284
559.595, -15.1143, 2.14776
563.473, -11.6733, -1.7521
562.81, -12.1714, 0.124369
560.114, -14.1221, -2.73132
564.007, -10.9019, -1.11749
561.171, -13.166, -2.89391
560.722, -14.6184, -1.20173
563.15, -11.837, -1.86154
558.762, -14.7135, 1.40113
559.992, -14.0365, 0.662081
557.741, -13.6887, -1.05217
558.342, -13.4067, -2.55388
559.878, -12.5647, -2.99088
559.831, -14.4571, -0.0344485
560.811, -13.2112, 2.10705
557.409, -12.6243, 2.94085
561.166, -13.3129, 1.66634
559.233, -13.1979, -1.89829
558.889, -15.3283, 3.06413
556.651, -12.5882, -1.19344
559.245, -14.305, -0.526733
558.909, -14.6, 0.331584
559.463, -15.037, 0.473417
562.044, -12.8244, 2.96466
558.04, -12.708, -2.79703
559.382, -14.9671, 1.8022
560.122, -14.3127, -2.58631
559.74, -12.276, 2.92185
559.876, -13.1887, 2.69134
560.412, -13.3159, -2.38643
559.096, -14.1542, 2.3525
560.665, -14.0469, 0.247969
558.172, -12.9252, 1.23961
559.298, -14.9773, -0.721827
555.851, -11.6149, -1.12826
560.46, -13.7892, -1.81335
560.128, -15.7019, 2.56622
559.182, -14.9265, -0.189221
560.259, -15.0519, 1.55521
559.601, -14.9631, 2.92742
562.366, -18.7011, -2.44995
563.297, -19.2715, 2.42362
561.062, -16.8149, 2.59634
568.398, -25.6127, -0.0269877
563.099, -19.8356, -0.549567
575.677, -36.6496, -2.32323
570.607, -30.8957, 0.314406
564.688, -22.5441, 1.29364
574.357, -33.946, -1.90534
575.323, -36.0204, 1.20164
565.089, -22.257, 2.9401
575.601, -37.6784, 1.6918
570.099, -31.0715, 2.12165
561.751, -17.8805, -1.73271
563.137, -20.9195, 2.17286
567.253, -27.7461, 1.68707
568.088, -29.1106, 0.524951
563.433, -21.3145, -0.785994
562.165, -19.0723, -2.12608
567.992, -28.6679, -2.97821
571.495, -35.395, -0.536303
564.281, -21.9302, -2.57038
571.885, -36.126, 3.09229
570.757, -33.9401, -1.26198
573.409, -38.5816, 0.108883
569.067, -30.4559, 1.43433
569.451, -31.3229, -3.09607
563.678, -21.6976, -2.57485
570.087, -33.042, 0.073241
563.192, -20.86, 2.48772
573.509, -38.5381, 2.35482
571.199, -35.0927, -2.92843
574.107, -39.6655, -1.45014
564.61, -21.979, 0.768251
564, -22.4042, 0.462803
567.312, -28.7214, 0.355699
564.628, -23.6092, 0.032931
572.101, -35.7786, -0.415747
574.169, -39.4729, -3.01466
566.511, -26.0878, 2.8219
570.295, -33.3667, -2.09426
567.059, -27.086, -2.02764
567.624, -28.1168, -2.90496
574.806, -39.1468, 1.47293
566.194, -25.6735, 2.97926
573.846, -37.775, -1.16027
571.678, -33.9562, -1.55765
571.71, -33.4858, -1.71106
569.31, -29.8384, 2.39329
569.888, -31.7083, -0.397906
573.344, -36.1702, -1.5036
570.386, -32.3542, 2.99781
571.811, -34.7155, -0.994324
572.399, -35.406, -0.445591
567.48, -27.4034, 0.164868
568.084, -28.4573, 1.37121
567.515, -27.8773, -1.4666
570.76, -32.7945, 1.82665
567.06, -26.8012, -2.19723
566.975, -28.2849, 0.26006
567.882, -28.0038, -1.92227
573.537, -37.1073, -3.02961
571.414, -34.0072, 2.98376
571.445, -34.3503, 0.992859
570.128, -31.8527, -2.47109
571.562, -34.2341, 1.71704
574.834, -38.8214, 2.31705
573.369, -36.2815, -2.51406
570.136, -30.6609, 0.451668
570.235, -31.1086, -0.658903
569.052, -29.482, 0.990279
574.952, -37.9207, 0.267415
574.272, -35.6541, -0.21563
568.992, -29.6816, -1.44142
569.392, -29.833, -2.64085
570.915, -32.2846, -1.69441
574.097, -36.1128, -0.577614
575.557, -37.9967, -1.67161
574.582, -35.7615, -0.854068
573.815, -35.6717, 1.33791
575.588, -37.9121, 0.0169547
570.104, -31.1305, -1.18439
569.653, -30.5753, 0.557038
573.018, -35.336, 0.259106
574.053, -35.6488, -1.98509
571.102, -32.1751, -2.54804
575.698, -36.0743, 0.469926
574.706, -37.5602, 1.64317
573.38, -34.604, -1.80883
573.576, -35.5515, -2.54293
574.812, -36.3378, -1.12733
574.443, -36.8402, 0.917536
575.7, -36.0312, -1.77493
575.793, -31.7252, 2.18632
574.114, -32.4618, -2.82316
575.688, -36.0571, -1.68911
575.004, -36.7038, 0.260604
576.482, -31.4426, 0.0047995
574.341, -33.745, -0.433431
576.167, -35.4478, -2.08675
574.898, -33.2807, -0.332599
575.011, -34.9267, -0.403601
575.731, -36.5867, -2.88449
575.661, -33.4488, -0.748439
575.865, -36.416, -1.34555
576.551, -35.6299, -1.96901
576.013, -37.329, 0.506205
576.602, -35.503, -1.8495
575.253, -34.8289, -0.927654
575.258, -34.4389, -2.98771
575.893, -35.4766, 1.42618
575.808, -36.0263, 1.84384
576.173, -31.6069, 2.69201
575.517, -31.3515, -1.41903
573.639, -36.186, 1.2673
573.806, -34.9003, -1.53444
574.476, -34.4713, -1.94713
575.341, -30.8775, -0.0493977
575.505, -35.0774, 0.584934
574.322, -31.4172, -1.67716
575.315, -31.5566, 1.89926
573.909, -31.6333, -2.495
577.008, -31.3428, 1.57809
574.754, -31.915, -0.634278
576.496, -30.4039, -0.319283
574.595, -31.9862, 0.692198
572.848, -32.4994, 1.22701
576.43, -31.5516, -1.01653
574.481, -30.4391, -1.66356
576.318, -32.7768, 1.51915
574.222, -30.9933, -2.58534
577.882, -28.9923, -2.7153
576.991, -31.4175, 2.0534
577.335, -30.6161, 1.27627
576.585, -30.4617, 1.50241
580.237, -28.018, 1.27168
578.403, -29.2219, -0.999552
575.788, -30.4098, 1.62835
582.921, -27.9455, 2.84535
584.203, -27.7517, -0.522481
576.76, -29.7276, 0.964554
585.028, -27.2968, -0.324746
584.7, -27.0853, -2.54767
645.681, -67.7877, 0.425411
585.667, -26.3255, 2.02106
583.57, -25.8716, -2.98366
583.72, -27.0144, -1.38029
584.198, -25.3354, 1.36024
582.269, -27.8857, -1.61039
581.878, -28.0763, 1.44275
583.727, -24.8852, -2.24831
587.233, -26.2921, -1.19217
587.251, -26.3914, -1.00705
579.238, -27.9466, -2.17721
582.196, -28.8391, 1.19276
580.851, -28.486, -0.198951
597.387, -36.8013, 2.14531
582.315, -27.3685, -0.275907
596.79, -33.8309, 2.91957
593.792, -31.9869, -0.549321
585.509, -25.3149, -0.0598875
603.907, -37.4432, 1.28724
585.103, -24.5194, -2.37314
585.143, -28.6463, 0.90852
582.787, -24.4527, 0.925548
583.988, -26.556, 1.96356
587.103, -25.7635, -0.0757022
588.674, -24.8543, 3.0136
584.808, -25.4238, 0.719739
640.869, -60.3469, -0.0226896
650.18, -61.0182, 1.44163
628.474, -48.1016, -1.91551
585.065, -24.9483, -2.344
587.54, -24.4539, -1.12146
631.921, -62.0025, 2.80773
624.699, -58.8686, -1.5563
630.714, -85.9355, 0.218585
587.101, -24.2495, 1.38588
585.889, -24.2457, 2.53687
586.427, -24.2072, 0.902783
633.851, -82.5937, 1.64873
627.459, -92.4791, -0.468143
587.043, -24.3263, 0.889514
584.428, -93.9627, 2.85951
579.495, -102.686, -0.892058
600.876, -58.35, 3.0537
607.716, -77.8048, 1.12401
568.786, -96.2514, -1.13496
570.977, -74.118, -0.597306
569.246, -89.0196, -2.95687
589.547, -64.1536, 1.72621
585.351, -58.0468, -1.66276
588.494, -83.5996, 0.656942
583.957, -61.3184, -2.93585
575.081, -91.9167, 2.83288
565.439, -99.2217, -1.68056
560.66, -55.3632, 0.311368
556.456, -67.1889, 0.697924
546.859, -72.6854, -2.93218
570.445, -77.0923, 0.846884
559.845, -95.156, -1.49563
600.29, -99.2328, -0.901833
564.126, -90.5597, -0.0938941
594.185, -103.744, -1.22688
585.247, -85.8046, -2.55208
580.495, -106.978, -1.15491
576.407, -89.0852, -0.139342
560.201, -93.4643, 0.193014
589.909, -29.7717, -1.47255
541.341, -67.3663, 1.20531
542.233, -59.3734, 3.10993
532.227, -69.2264, 0.262553
565.546, -43.8524, 2.41895
536.682, -48.5031, 0.118186
589.258, -28.6093, -3.04608
586.7, -30.5651, 1.47724
587.149, -30.1813, -0.847035
585.738, -30.2283, -1.44786
588.803, -28.9829, 2.99752
590.043, -30.5624, 2.90801
594.375, -29.1696, -1.43608
602.409, -30.348, 1.27834
596.686, -29.8147, -2.40359
596.814, -30.7415, -2.7411
598.176, -30.4584, -2.42921
596.637, -30.5051, 0.0966854
596.725, -30.2475, -2.20357
592.062, -30.5101, -3.0596
594.909, -30.6752, 2.2092
604.671, -31.6577, -0.718277
597.878, -31.3369, -0.500414
605.395, -31.8805, -1.70586
599.216, -31.5124, -1.95227
606.888, -32.6644, 1.39704
596.814, -29.8083, -2.37084
599.104, -30.5647, 0.560271
601.631, -30.9847, 0.61687
596.262, -30.1706, -3.11716
605.017, -29.6294, 0.29507
596.547, -29.7711, -0.792019
602.671, -29.5706, -0.00460931
604.169, -27.7994, -0.910617
599.544, -28.8875, 0.561593
599.71, -29.4483, 3.09124
606.993, -30.2825, 1.01052
594.712, -29.5316, -0.53784
607.702, -30.8247, -2.30837
603.227, -29.8715, -0.278259
602.702, -29.1937, 0.331122
607.663, -28.9709, -2.28035
597.603, -29.2554, -0.138812
600.811, -28.7588, -0.194648
605.576, -29.502, 0.00300145
601.049, -30.0975, 1.82082
602.312, -29.6927, 2.76888
603.443, -29.2917, 1.85494
604.339, -29.3477, 1.27158
601.001, -29.7109, -1.69993
604.566, -28.7676, 0.272965
601.797, -29.7433, 2.14482
599.421, -29.3904, -0.636806
606.294, -29.2851, -1.18829
599.237, -29.832, 0.0405603
603.297, -29.0402, -1.81628
604.666, -29.4836, 2.98113
605.453, -28.7474, -0.839025
650.373, 5.45995, 0.503816
603.566, -28.809, -3.12804
663.709, 21.1713, 1.28982
624.116, -9.63949, -1.26588
637.548, 8.92289, -2.73366
619.795, -6.69758, -1.27818
628.1, 1.16548, -1.6624
636.274, 25.2391, 0.326615
646.043, 37.5977, -2.90098
630.128, 35.3661, -0.834809
616.558, 9.72225, -0.463361
625.033, 35.0449, -0.672356
605.944, -29.8115, 1.71525
605.004, -29.318, -1.12703
606.431, -29.2128, 0.569206
605.1, -29.1584, -1.58437
605.885, -29.3834, -1.98741
604.7, -29.0286, 2.66768
605.669, -29.8344, -2.50305
604.972, -29.6446, -2.73756
605.215, -29.8322, -1.31117
607.059, -29.3527, 0.383799
606.461, -28.9524, 1.24679
607.178, -28.9604, -0.884221
606.848, -29.3457, -2.21751
607.062, -28.9156, -1.94906
607.317, -28.6668, 0.970732
606.324, -29.0714, -2.98145
606.233, -29.4831, 1.32842
607.191, -28.9972, -1.43895
602.667, -30.1528, -2.86756
583.202, -35.5211, -1.21442
594.334, -32.3237, 2.79007
604.448, -30.1898, -2.58347
582.928, -29.4428, 1.59408
596.76, -29.0222, -1.44399
580.424, -25.8711, 2.66822
603.219, -29.3198, -0.555059
591.979, -28.0226, 2.98
601.804, -28.5471, -0.111864
543.959, 19.0854, 1.23195
548.334, 25.8393, -2.8568
566.708, 28.0895, 1.06599
581.575, 23.2495, 1.87398
578.635, 39.3227, 2.3252
583.204, 30.7849, 0.285257
592.719, 27.7737, -1.43782
588.162, 49.6749, 0.944951
596.076, -27.0021, -0.13891
599.902, -28.5072, -1.83491
588.11, -25.5375, -1.98968
585.2, -24.0124, -2.24266
582.285, -24.5619, -1.32868
592.583, -26.9925, 1.68647
600.776, -28.3479, -1.87737
594.328, -27.6645, 0.385171
584.64, -24.6413, -1.82381
580.926, -24.393, -1.66952
594.77, -27.4685, -2.98553
594.033, -27.3404, -0.428436
590.448, -26.49, 1.84548
591.288, -26.1201, -1.6372
598.887, -27.4458, 1.59309
583.481, -24.3902, -2.90565
525.687, -26.7151, -0.803951
582.444, -23.1594, -1.14445
587.836, -24.2041, 0.500116
517.362, -26.8548, -1.27559
587.566, -24.7182, -2.37853
595.434, -26.5399, -0.85893
595.719, -26.7152, -1.07777
586.939, -24.4345, -0.45032
592.208, -25.7649, -2.77108
581.52, -21.9636, -0.0998315
592.499, -26.0191, 0.981735
583.71, -21.4564, -1.97496
582.509, -21.7882, -2.97774
592.411, -26.6209, -0.647263
586.356, -23.3154, 2.49602
592.47, -28.5028, -0.885653
594.863, -26.952, 3.10135
590.955, -25.5141, 2.05483
585.898, -22.6445, 0.763073
588.653, -23.3334, 2.0695
591.589, -25.4889, 1.199
584.662, -21.3885, -1.8844
585.651, -21.9439, 1.60214
587.337, -23.0015, -1.4383
587.866, -23.922, 2.11424
592.545, -25.6767, 1.12849
592.061, -25.0739, -0.444106
583.963, -21.9663, 0.356612
581.851, -21.3226, 3.02823
518.817, -10.5242, 2.90565
581.953, -21.5961, -2.5024
584.537, -22.9239, -2.57225
583.577, -22.0755, -0.309912
583.17, -21.866, -1.23308
582.867, -21.1511, 2.78903
588.728, -23.9027, -0.529951
521.766, -13.9268, -1.76891
589.962, -23.0516, -0.893946
571.142, 47.4433, 2.89859
581.276, 33.5807, 2.38388
568.823, 7.57048, -1.83841
550.943, 43.8805, -1.14342
564.14, 41.4954, 0.408256
585.218, -20.85, 1.57115
587.234, -24.7929, -2.80832
583.66, -21.2652, 0.991628
527.321, 13.0097, 1.9058
525.978, 23.3766, 0.725931
532.215, -30.4917, 2.27953
586.866, -20.5325, 1.61717
518.546, 12.0254, -1.46647
519.495, 13.01, 1.37462
527.215, 15.9782, -1.47773
534.859, -43.2952, 1.8765
528.497, -1.33724, 2.56041
625.298, 9.09916, 2.50336
558.26, -20.5935, 0.146336
542.576, 15.2876, -1.22335
522.332, 22.3019, -2.72101
540.346, -10.267, -1.61892
529.944, -25.9756, -1.46769
523.326, -37.5559, 2.86995
584.858, -19.0765, -2.21659
508.825, -40.1956, -1.05936
584.721, -20.8874, 1.42977
583.366, -19.3277, -2.11776
586.476, -17.4518, 1.20382
525.81, -64.1222, 0.476775
584.497, -21.0281, 2.83681
575.472, -60.8767, -1.73803
537.857, -86.6989, 1.36304
561.394, -61.9208, 0.100052
561.873, -82.7234, 3.04054
565.744, -78.3509, 1.29147
560.135, -84.156, 1.39119
541.79, -58.2136, 1.8458
528.232, -61.526, -1.73143
526.293, -75.1494, -1.37258
582.46, -20.0536, -0.580303
582.475, -20.0421, -1.80926
582.756, -20.0346, 0.818224
530.229, -73.8206, -2.10012
580.625, -21.3277, 1.81605
575.452, -23.4856, -0.625932
577.047, -23.6935, 2.76461
576.972, -23.9636, 0.350742
575.733, -26.6255, 1.44838
578.597, -26.3345, -0.299458
578.583, -22.6045, 2.49033
578.72, -25.6514, -0.774022
574.579, -23.5589, 2.41457
576.071, -23.2389, -1.81282
575.401, -24.8572, 1.7423
574.57, -23.3858, -0.969912
572.185, -76.5406, 2.77269
575.383, -84.2254, 0.328905
618.05, -89.2823, -2.15502
590.424, -59.6887, 2.4315
588.862, -54.7805, -2.2021
621.078, -91.198, 1.97019
601.761, -49.3394, -0.684668
575.042, -22.9316, -2.46299
577.267, -22.0391, -2.46204
577.067, -23.5605, -2.2073
577.814, -24.2999, -1.23236
576.097, -27.1169, 0.599053
575.72, -29.2296, 1.54122
576.019, -26.7807, -2.55605
576.409, -27.9747, 2.70161
577.736, -21.6705, -0.629394
577.043, -24.0106, -1.24739
575.405, -25.7952, 1.27699
575.192, -24.3477, 1.08649
576.147, -23.5458, -0.252856
576.812, -23.486, 1.64424
577.155, -22.9339, 0.683707
575.718, -22.7829, 2.13878
575.069, -22.6365, 2.35631
574.428, -23.0856, -1.53144
574.982, -22.8456, -0.374301
566.293, -8.50405, -0.467259
560.623, -0.138113, -2.39498
571.126, -18.0362, 0.961117
562.885, -7.30976, -1.30397
570.745, -18.3355, -1.65683
558.537, -2.47628, 2.24863
570.082, -17.7542, 1.82057
570.589, -18.524, -0.921862
572.271, -20.7739, 0.848307
565.625, -11.1198, 0.794867
561.773, -6.14181, -2.80219
569.321, -16.7117, -2.21043
566.326, -11.6414, 2.12954
565.1, -9.96659, 2.24091
568.147, -14.0253, -1.04092
568.64, -14.9886, -2.07682
569.32, -15.9889, 1.75604
563.907, -7.54837, -1.22136
561.331, -4.43119, -2.59502
563.699, -7.8932, -2.00954
568.293, -14.5485, -2.79642
565.539, -10.419, -1.52458
566.332, -10.7828, -1.06612
560.05, -0.79622, -0.0507921
568.028, -14.4807, -2.19478
560.844, -3.0879, 0.0959758
565.965, -20.3512, 0.652696
567.152, -12.0443, -1.92136
569.691, -16.1688, 2.83633
567.207, -18.9523, -1.86425
569.479, -18.4716, 2.68131
567.5, -19.0743, -0.206491
567.393, -18.66, 0.0702953
567.249, -18.1195, 0.928778
568.25, -18.4354, 2.49236
567.741, -18.804, -1.46572
561.967, -19.6158, 0.101442
562.516, -19.2667, 2.09847
567.099, -18.9864, 1.04033
563.957, -19.0153, -1.72204
564.368, -19.1741, 0.363217
562.549, -19.0853, -1.30041
563.236, -19.5621, -2.52963
565.585, -18.8353, -1.28864
563.101, -19.3175, -0.575566
561.975, -20.1682, 0.101958
565.299, -19.2968, -1.41381
563.128, -18.8399, 2.98022
562.358, -19.3432, 2.66935
562.494, -20.1386, 0.950825
563.264, -19.7299, 0.14106
562.886, -20.244, 3.05826
562.448, -18.3194, 1.21249
563.388, -20.4737, -0.0782811
561.894, -19.1059, 0.874663
562.42, -20.075, 2.15782
611.926, -74.8547, 2.29548
563.068, -20.882, 0.115338
562.413, -21.0215, -0.157243
562.488, -19.8482, 0.386464
562.306, -20.3609, 1.95928
562.406, -20.1735, 1.08742
563.384, -9.72635, -0.751112
562.95, -20.8023, -2.3404
561.795, -14.4344, -1.83818
563.005, -18.7781, 0.859108
562.506, -20.168, -1.0262
562.642, -17.4083, 0.980596
561.809, -12.2094, 2.59927
563.845, -18.7414, -0.534316
563.214, -19.0883, -1.2698
561.378, -13.5623, 0.266561
561.463, -9.02404, -0.868001
561.704, -10.6251, 0.532314
560.994, -12.2144, -0.970274
560.702, -9.22703, -0.915668
562.657, -18.3679, 0.539094
561.22, -13.0349, -2.90786
561.188, -15.3365, -2.01371
561.967, -15.611, 3.13802
561.245, -12.0869, 1.98547
560.155, -11.4318, -1.09714
560.679, -11.1708, -1.21233
559.382, -9.66821, 1.81586
559.424, -16.121, -2.93112
554.731, -16.6709, -2.29558
561.16, -9.86963, 2.87097
560.517, -11.78, 1.2134
561.021, -9.87633, 1.32216
510.091, -77.0814, 2.71511
514.242, -76.2113, 1.43187
517.971, -71.3987, -2.72797
525.247, -66.9156, 0.18625
524.41, -72.5468, 0.659884
555.15, -15.5328, 2.53521
556.811, -15.2604, 0.363928
556.622, -15.656, -1.96167
558.458, -16.1394, 1.41357
554.835, -15.4314, -1.07033
556.853, -13.9342, -2.92382
555.772, -15.5567, 3.11536
556.802, -12.6914, -0.338047
554.927, -15.7125, -2.2501
557.446, -16.4636, -0.356572
556.305, -15.6269, -3.05163
555.708, -15.2065, 2.89733
556.23, -15.7888, -0.825618
555.087, -15.3361, 0.377499
555.545, -15.1019, -2.72401
556.178, -15.5521, -1.40935
555.201, -15.6755, 0.0538133
507.367, -70.6841, 2.33073
555.255, -15.4147, -1.37236
554.816, -15.5782, 2.03633
555.107, -14.9379, -2.95544
521.814, -72.0565, -0.192751
555.499, -14.997, -2.40211
555.579, -14.6995, 2.86049
566.093, 29.3062, -2.92443
573.46, 44.7674, -1.19723
579.21, 54.4221, -1.32859
555.55, -15.2704, 2.86129
555.801, -13.6562, 1.49272
556.211, -13.9557, -2.86059
555.29, -14.7839, -3.05497
556.004, -14.3671, -2.51574
566.749, 14.7914, -3.03662
559.908, -17.1373, 2.64057
558.703, -16.3871, 1.03918
559.116, -16.3006, 1.62766
560.328, -16.6527, -2.39259
561.174, -16.3818, -2.01963
558.163, -15.622, -1.09235
560.963, -15.4037, 0.893234
562.19, -15.4472, 1.96394
556.96, -15.5285, -3.03491
559.787, -15.9466, -2.88375
562.81, -15.6147, 1.18882
562.441, -15.568, 1.95505
561.282, -16.1749, 2.92932
557.471, -15.5532, -1.69847
562.869, -16.078, 2.70906
559.949, -16.0677, 0.650328
557.917, -15.0261, 2.75647
557.741, -15.3343, 2.86562
557.609, -12.8858, 1.10682
557.473, -13.8713, 0.968365
557.729, -13.4928, 0.452278
558.098, -13.8412, -1.13793
557.857, -13.0974, -2.04275
557.752, -13.6586, 0.0395803
557.697, -12.8806, 0.735485
557.88, -12.8508, -2.32369
557.757, -11.8199, 0.333189
503.738, 26.4249, 0.103367
488.49, -4.89686, -0.293959
524.713, -9.23258, -1.54873
504.454, -7.2431, -1.46592
557.543, -11.4938, -0.302042
558.153, -11.292, -1.2111
561.98, -11.4773, -0.476065
601.275, -50.0331, -2.75135
560.134, -11.055, 2.85442
562.954, -10.7846, 0.635596
564.183, -10.4976, 0.454539
562.319, -10.1992, 0.873908
564.366, -9.73336, -1.51602
562.68, -10.3005, -0.0898812
561.811, -9.73563, -2.73474
561.718, -10.7618, 1.23728
561.968, -9.34612, 2.55751
561.148, -9.79475, 2.30846
562.34, -10.9877, 0.849578
563.33, -10.9166, -1.11723
563.382, -11.7865, 1.10255
563.638, -10.8989, 1.38487
563.134, -15.3232, -0.259318
562.209, -11.0718, -2.33723
563.303, -12.7726, -2.04543
530.414, -57.8528, 1.17368
519.844, -73.1459, 1.17944
506.625, -68.2703, -2.86927
563.774, -11.8054, -2.43946
564.026, -16.3323, 0.424915
564.779, -20.9981, 2.65104
563.988, -18.1627, 2.92976
563.094, -12.6437, -1.09719
564.115, -18.3406, -1.16966
564.602, -21.2866, 1.13739
563.842, -16.9113, 1.76898
563.482, -14.9682, 1.403
564.383, -15.8569, 3.03103
499.462, -49.5657, -0.0833557
565.16, -20.4007, -2.10673
563.747, -15.5415, -1.58542
562.957, -16.6325, 0.875027
562.564, -16.7152, -1.86281
563.679, -17.0399, 1.6102
564.747, -19.9981, -1.70798
564.785, -16.7494, 2.80543
564.1, -17.1684, -3.01559
560.98, -16.8737, -0.73592
531.166, -71.6948, 0.180454
565.607, -20.5611, 2.45831
563.953, -16.4083, 0.894726
563.753, -16.549, 1.68192
565.138, -19.4254, -0.520711
564.496, -16.4434, 0.101396
562.431, -9.37036, 2.1232
563.248, -12.9949, 2.95425
590.489, 1.42243, 0.62406
618.698, 26.4675, 3.04589
586.451, -9.13378, 0.785803
563.51, -12.4716, 1.3855
563.668, -13.3635, -2.33904
564.952, -10.7359, 1.36921
607.537, 36.3821, 0.0232435
577.633, -2.22405, 1.78291
615.751, 21.566, -0.881106
616.025, -2.08161, -1.5897
563.295, -10.0778, 0.838524
564.882, -11.0292, 0.168954
564.09, -9.88739, -2.39909
564.192, -11.8425, -1.85144
564.444, -11.6271, 0.90853
562.583, -8.92547, 1.14052
514.214, 35.7972, 0.403817
503.687, 39.9217, 1.3941
509.204, 30.5223, 2.8493
510.908, 25.1943, -3.12355
510.365, 16.7488, -2.77145
494.639, 6.77649, -2.0276
519.091, -22.5605, 1.91408
500.314, -30.5882, -2.78581
498.065, -29.9676, -2.41841
494.812, -35.1247, 2.50505
563.78, -2.54646, -2.65201
563.151, -10.1096, -0.256135
563.53, -3.73888, -2.92528
563.926, -5.04745, -0.49383
563.037, -3.39739, 1.18866
563.822, -3.54032, -2.96009
601.967, 55.5473, 1.92658
606.597, 59.9981, 2.84035
594.442, 30.2582, 1.36845
611.999, 23.8145, -2.58614
622.902, 33.6166, 0.196627
605.502, -7.75235, 1.75458
637.776, -1.38957, -0.310194
562.598, -4.07594, -1.6673
563.068, -5.35304, 3.0488
563.254, -1.06978, -2.14949
505.446, 15.2084, 1.09911
509.402, 5.30803, 2.19072
563.108, -4.61594, 3.01947
513.79, 1.3034, 2.08488
562.825, -1.02931, -0.489521
561.653, -2.47893, 2.48875
562.818, -2.68942, 1.58852
563.559, -4.81595, 2.25884
562.872, -4.11629, 2.87202
561.921, -3.10141, 0.254828
565.038, 0.161622, 2.00157
563.221, -3.02267, -1.518
562.071, -3.22662, -1.80714
564.451, 0.0225418, 0.886654
564.491, -0.675538, 0.865544
562.363, -2.42996, 2.18693
562.666, -2.43906, -3.10964
566.347, 41.4813, 1.08666
535.739, 67.1994, -2.50453
507.334, 57.3222, -1.07576
504.698, 43.0791, -0.96531
537.485, 18.5031, 1.5766
526.911, 66.6481, -2.86153
534.816, 46.9983, 1.89494
527.217, 56.597, -2.91171
513.798, 62.9789, 0.666948
567.769, -0.137095, 1.22273
566.859, 0.502256, 0.554894
573.997, 1.1575, 0.356516
566.243, 1.23216, -0.185945
568.424, 0.742203, -0.478851
564.995, 2.64614, 1.58821
566.936, 1.4577, -1.94529
565.16, 1.59143, 1.47277
571.427, 1.11568, -2.90368
568.357, 1.35431, -2.33375
568.142, 0.720378, -0.914182
567.954, 0.599352, -0.94551
570.506, 0.816901, 0.653617
537.287, 38.4771, 0.34176
565.326, 1.69531, -0.397651
562.45, 4.84885, -1.34591
562.182, 4.06434, 1.2784
564.729, 3.79153, 1.62389
564.14, 4.00651, -1.58003
562.763, 4.3194, -0.821292
564.384, 3.44933, -2.21384
563.083, 3.27569, 1.59206
564.158, 3.5576, -1.11154
562.153, 3.8525, -0.531187
564.074, 4.13356, -1.95964
564.244, 3.92156, -1.62366
563.325, 3.87223, -1.8814
562.147, 4.56567, 1.66298
558.429, 5.95341, -0.692684
559.077, 6.04372, -2.86882
563.692, 3.96583, 1.00815
526.74, 59.5693, 2.26238
562.868, 3.33676, -2.60018
562.299, 3.74166, 2.60422
494.856, -34.8833, 2.61009
501.551, -29.3402, 2.86026
563.288, 3.13205, 1.40048
489.951, -22.364, 0.137431
562.843, 3.58443, -0.10871
552.873, 1.66435, -0.585558
567.034, 1.5548, 0.541762
565.019, 3.41162, -1.11772
568.126, 1.48224, -2.50587
563.601, 2.78472, 2.38534
564.842, 2.58454, 1.46339
569.624, -0.386318, -1.88717
564.078, 2.46434, -2.18384
564.912, 3.68483, -3.11373
584.689, -72.3037, 0.403085
565.613, -49.1592, 1.25479
554.532, -49.7513, 0.763037
534.282, -69.8192, -0.50909
567.132, 0.0382034, 1.37693
565.452, 0.387622, 1.42044
566.789, 0.134931, -1.08611
568.786, -0.209995, -2.97501
567.852, -0.178261, -2.21941
567.939, -0.220609, 0.735204
569.17, -0.411445, 2.01895
570.201, -0.157315, 2.58119
569.022, -0.206762, -0.143818
567.543, -0.290644, -2.98147
567.483, -0.390549, 1.75439
569.846, 0.0730321, -2.6776
571.139, -0.424304, 2.0454
570.976, -0.560743, 2.21989
570.373, -0.720106, 3.01796
570.224, -0.268586, -2.01648
573.412, -0.101764, -2.51027
571.421, 0.0185726, 2.50447
570.291, 0.485793, 0.140003
571.313, -0.116639, 1.1425
573.155, -0.291134, -1.48394
572.302, -0.0909939, -1.45193
572.94, -0.117001, 1.90187
571.174, -0.203836, -2.88717
572.987, -0.483725, -1.06361
569.318, -0.118072, 2.37632
569.677, -0.344021, 1.85712
571.829, -0.207773, 0.979217
571.255, -0.430995, -2.47052
570.763, 0.129711, 2.11842
571.363, -0.147981, 1.28423
572.974, -0.600137, -2.15307
571.649, -0.437189, 0.391726
570.922, -0.734162, -2.8308
573.481, -0.611187, 1.90014
573.498, -1.59312, -2.5555
573.3, -0.970918, 2.07434
572.304, -0.948385, 2.49371
575.421, -3.58559, -3.04271
572.933, -0.541605, 2.21896
576.253, -5.49138, 1.55153
571.453, -0.262516, -1.72137
573.496, -1.99022, -0.881982
575.677, -3.94366, -0.4007
573.695, -1.85406, -2.5724
573.582, -0.381599, -1.20627
574.959, -4.46824, 2.67028
576.872, -5.36302, -0.150498
573.307, -1.08621, 0.951387
576.242, -5.407, 2.39097
574.473, -3.30206, 0.888162
575.393, -3.53422, -0.106293
572.683, -5.2667, -3.01117
573.824, -3.1709, 0.950096
572.951, -6.50224, 1.49107
574.064, -3.14112, -1.68606
574.42, -29.4693, 1.48607
577.254, -4.18319, 0.0630598
577.417, -4.77493, 1.47306
573.517, -18.4392, 2.24767
573.518, -6.31305, -2.48855
574.711, -4.34049, 1.93726
576.238, -23.0318, 2.76279
574.233, -4.7423, -0.996516
573.737, -14.1741, -2.46276
573.391, -18.7391, 1.50848
572.867, -27.9846, -3.0277
575.461, -3.8098, 0.397895
576.192, -5.43764, -0.185572
576.988, -3.54543, 3.00962
576.301, -4.28023, 1.05297
577.217, -3.24362, -1.63763
576.606, -3.50329, -2.89537
574.936, -4.80706, -3.05379
576.543, -4.09729, -1.21424
574.546, -3.18264, 0.287456
578.265, -6.23404, 1.80837
578.242, -3.29979, 1.82821
576.329, -6.04778, 1.82704
577.321, -3.79116, -0.887367
576.688, -4.97274, -1.5141
576.643, -3.56657, -1.85226
576.378, -4.50372, -0.0496978
576.023, -4.96529, -2.70569
577.154, -4.37091, 2.4892
640.865, 22.3858, 2.08869
577.316, -5.19711, -1.34991
576.905, -6.3493, 1.92145
576.861, -5.93655, -1.45322
576.898, -5.71771, 0.806142
579.631, -6.07147, 1.80486
577.783, -5.58898, -2.62375
579.39, -5.45406, 3.0803
586.796, -5.59826, 1.85233
585.285, -5.48123, 2.41227
583.916, -5.30956, 2.56297
581.686, -5.58531, -2.32871
586.875, -5.75353, -1.29655
585.041, -6.29087, 0.571689
582.934, -5.89113, -0.861246
583.964, -6.28766, 1.79401
586.546, -6.58465, 0.626508
580.387, -5.72322, -2.21586
582.274, -5.63098, -0.129627
583.186, -5.43762, 1.90013
581.868, -5.88615, -1.32004
580.763, -5.82171, -0.583894
581.066, -5.90622, -2.96181
583.736, -5.44926, 1.13529
584.408, -5.10161, 1.91963
585.777, -5.69768, -2.33856
584.216, -5.50631, -2.5831
583.704, -5.40097, -0.103768
586.064, -5.30522, -0.753144
585.599, -5.59501, 0.543145
586.623, -5.81487, -2.4513
586.794, -5.7976, 0.944746
586.922, -4.99558, -2.69909
585.432, -6.1534, -2.0399
584.345, -5.8251, -2.78743
586.291, -5.58571, 2.07588
584.465, -5.59133, 2.68294
585.462, -5.61218, -1.8498
586.23, -5.61565, 0.951891
586.032, -6.26408, 1.84824
586.355, -9.59174, -2.18171
585.464, -14.3298, -0.244519
584.88, -14.2156, 0.492229
585.616, -7.03463, 2.49487
587.078, -10.7515, 1.75302
587.658, -11.8213, 0.406586
587.903, -11.7587, -1.72376
586.997, -9.0859, 1.50353
587.69, -12.4455, -2.72756
586.956, -7.79823, 1.06243
587.496, -9.35249, 1.08168
586.671, -9.21533, -0.018013
588.144, -12.1054, -0.261139
587.688, -13.9154, 2.6762
587.189, -11.5234, -0.414772
587.538, -11.4118, 2.35131
587.797, -11.1479, 0.712378
589.409, -11.5854, 2.04951
587.34, -10.1519, 1.73339
587.203, -10.5964, 0.869703
587.223, -11.0269, -2.08348
587.553, -12.286, 2.47402
587.632, -11.3103, -0.659618
588.354, -11.7349, -0.683923
587.167, -11.6192, 0.970915
588.056, -12.2732, 1.43429
586.596, -13.9896, 1.33184
586.441, -14.1208, 0.309781
587.687, -13.4913, 1.69467
580.029, -14.7133, -2.92927
585.037, -13.921, 0.863213
579.235, -15.4714, -1.34186
582.282, -14.7366, -1.30242
584.917, -14.3246, -1.48055
581.31, -15.8076, -2.60271
580.985, -15.8121, 0.823957
584.094, -15.2573, 1.2983
580.51, -16.7811, -0.813077
580.89, -16.3737, -1.0521
578.501, -17.4975, -1.7153
582.523, -15.8965, 1.60134
577.082, -18.0639, 3.0596
580.822, -15.88, -3.07618
582.775, -15.5926, 0.0993146
583.415, -15.4206, -2.10096
576.773, -17.8716, 2.14935
581.039, -15.7705, -3.05787
581.237, -15.9234, -0.502947
575.84, -18.0914, 0.171794
579.272, -16.422, -1.14984
580.851, -16.4493, -0.0137986
580.098, -16.2855, 3.10355
575.693, -17.8118, 1.70574
577.915, -17.233, 0.770077
577.689, -17.6305, 2.63173
576.777, -17.229, 1.28759
576.449, -17.7485, -2.71678
579.647, -16.9839, -2.79233
576.96, -17.6123, -0.256327
576.942, -17.3726, 1.78399
578.885, -16.9225, -0.177483
579.712, -16.4076, -1.47621
576.825, -17.8008, 1.10411
577.018, -17.869, -2.34382
576.443, -18.1674, -1.19734
578.638, -16.933, -1.74526
577.507, -17.1592, 0.649828
577.389, -17.5533, -3.06376
576.438, -17.346, 1.67355
577.38, -17.5214, 1.38516
576.482, -18.368, -2.7635
576.202, -18.2246, -0.782678
575.983, -17.6494, -0.867941
575.761, -17.2984, -2.28022
576.344, -17.3772, -0.125726
576.172, -17.7421, -3.00963
577.843, -26.1747, 0.358466
580.448, -31.455, -2.44689
577.273, -21.2577, 3.07615
576.593, -18.6864, -1.06492
580.824, -33.6827, -2.27821
580.365, -30.0485, 1.57171
580.612, -33.5542, -0.155434
579.054, -33.4232, 1.93576
577.839, -25.5364, -1.60262
578.998, -37.4221, 0.489257
579.778, -35.9885, -0.968601
578.971, -32.6465, -2.93284
577.281, -27.8701, -1.9166
578.599, -32.5819, 2.80557
578.355, -31.3802, -2.00108
577.175, -29.0136, -0.902012
575.882, -23.7777, 0.265038
573.297, -31.223, -1.93983
568.082, -32.0158, -2.10585
569.095, -25.9662, -0.146684
579.173, -26.4445, 2.68786
575.042, -15.897, 0.589453
572.353, -8.41713, -0.874612
572.078, -6.86092, -0.751361
573.401, -6.80095, 2.29658
574.803, -8.94539, -2.84833
574.783, -4.06948, -0.325252
575.626, -13.68, -2.14446
575.719, -7.11021, 2.3322
575.635, -6.07155, 1.26816
575.629, -13.7118, -2.97651
576.14, -8.13012, 0.34316
576.203, -8.78371, 1.90595
575.708, -5.54138, 1.3225
576.685, -8.54432, 1.75476
581.461, -17.875, -2.24325
575.28, -13.4339, -2.0639
576.499, -12.4929, 0.575112
578.21, -17.2199, -1.23886
577.351, -17.3102, -0.104081
587.223, -15.2852, -2.95255
577.647, -17.2856, -2.56548
584.602, -15.4567, -0.214135
583.091, -15.9539, 2.37119
587.37, -13.9966, -0.991629
584.265, -15.1218, 2.863
582.97, -16.1845, -2.37388
586.001, -14.804, -0.308871
584.067, -14.9691, -2.89234
583.755, -15.3652, -0.13464
588.912, -13.8924, 0.0357824
585.14, -15.1406, 2.36199
588.232, -14.189, -2.84185
587.851, -13.5263, -0.487478
586.53, -14.4524, -1.75872
582.95, -15.3895, -2.55775
585.272, -14.8733, -2.61661
588.065, -13.5745, -2.75845
586.136, -14.5973, -1.01913
586.014, -14.5764, -1.57055
587.677, -14.1585, -2.06236
588.633, -13.1884, -0.992607
586.778, -14.2367, -2.18006
586.477, -14.0393, -1.32182
588.232, -13.4872, -2.35331
587.231, -13.855, 0.00970398
588.386, -13.3466, -1.83431
588.151, -13.7646, -0.299582
586.667, -13.8803, -0.953219
588.015, -13.8067, -2.66157
587.261, -13.6189, -1.1295
585.987, -13.9239, -2.86161
587.931, -13.5397, -0.70808
586.323, -14.3249, 0.836028
588.733, -13.2487, -1.77312
586.767, -13.9124, -0.369332
587.752, -13.6357, -0.352878
587.804, -12.8275, 0.475555
588.41, -10.4122, 2.7932
588.52, -10.609, -2.04871
588.982, -10.2081, 1.58343
587.701, -11.2006, 0.404722
587.46, -11.6819, -3.07565
586.119, -4.64999, -1.70065
585.123, -3.29312, 0.910698
585.931, -3.41293, -2.27647
586.986, -10.2697, 2.04835
585.758, -6.95252, 3.13489
581.376, 3.21603, -2.19395
585.598, -5.9335, 0.233482
589.62, -11.0251, -1.33639
590.645, -10.7844, 2.82838
594.571, -9.25649, -2.21708
590.297, -10.506, 1.90746
594.434, -8.37675, -1.6968
594.287, -7.8532, 2.52603
594.619, -6.51644, -0.404087
593.826, -5.7274, -2.38313
616.017, 66.2905, -1.63709
607.943, 51.9165, -2.28138
594.84, -6.83736, -2.85337
594.677, -4.74593, -2.57293
590.654, -7.59111, 1.34174
592.713, -7.87518, -0.708804
593.414, -8.07334, -0.324454
592.71, -6.70871, 1.26528
592.981, -7.92801, -1.1815
594.44, -4.81487, -1.94721
592.973, -8.29731, -2.56781
595.947, -3.68957, 2.21362
596.038, -3.06896, -2.14368
593.568, -7.67359, 1.91062
599.195, -11.4827, -0.512489
595.688, -9.8797, -0.562632
595.161, -4.71222, -2.80596
600.374, -10.418, -0.284919
596.374, -9.94105, -1.60555
600.79, -10.3952, -0.849453
644.504, -53.347, -2.77149
654.985, -56.2702, -2.51322
644.509, -48.1293, -2.90564
646.46, -50.1407, 1.992
633.032, -38.5812, 1.68783
634.221, -41.0319, 2.17585
635.437, -41.4349, -1.75904
651.264, -56.1082, -0.679305
660.74, -58.8614, -1.79993
646.401, -48.8655, -0.028469
615.401, -25.2432, 2.51447
652.436, -53.8737, -1.44145
658.085, -61.441, 1.54181
657.155, -62.6328, 1.90958
645.832, -60.5156, -0.211617
639.462, -64.932, 1.04495
600.614, -7.50353, 1.39871
598.274, -10.126, 2.20065
600.336, -8.61032, 0.919097
600.554, -8.12115, 2.28247
600.065, -8.79933, -1.69854
599.334, -9.41458, -1.25599
600.031, -7.51027, -3.0138
599.041, -6.49721, 2.10161
599.211, -6.39078, -2.94446
599.683, -7.66809, -1.54148
600.08, -7.65073, -2.30897
659.857, 5.07642, -2.19494
598.966, -6.33502, -1.67121
606.503, 70.0665, -1.89505
600.147, 55.3327, 1.43155
609.452, 54.4246, 1.34683
608.337, 67.0557, 1.46958
603.098, 39.217, 0.0629541
656.002, -47.2235, 1.60834
668.627, 34.2962, -2.50397
599.29, -9.30845, 2.11531
599.509, -9.11268, -1.53943
598.189, -11.4884, -1.33414
600.425, -9.21534, 0.910975
599.49, -9.82256, -1.79998
597.48, -9.74745, -1.3309
598.324, -10.2278, -1.58633
597.34, -11.5349, 1.69053
599.402, -10.0888, 0.382316
598.584, -11.7819, 1.44874
598.677, -10.7005, -0.123643
597.479, -11.7376, -0.869375
599.25, -10.3938, 1.46458
600.883, -9.13545, -2.74278
598.689, -9.15925, 1.64331
616.326, -82.092, -1.94206
598.649, -10.2566, 2.93515
598.191, -10.9735, -0.538549
594.941, -8.31885, 0.320725
597.258, -9.89567, -2.17419
593.399, -7.5253, 0.912521
597.427, -10.3415, 2.70144
596.9, -9.49957, 0.853319
594.113, -8.18985, -2.87453
595.788, -9.39751, -2.03597
598.401, -12.5655, 0.488816
598.297, -11.1794, -1.45585
597.357, -10.1255, -1.52885
591.073, -6.28568, 2.88727
599.856, -13.881, -1.25939
623.832, -54.379, 0.421166
621.823, -43.4518, -1.70942
612.605, -35.8624, -0.530981
644.992, -76.6115, 1.82595
635.394, -59.6915, -0.647956
642.991, -78.9891, 1.72405
620.481, -43.1223, 1.66011
637.265, -73.2571, -1.07425
642.385, -66.4292, -0.351208
641.265, -66.1607, -1.45485
633.371, -47.4979, 0.299653
639.271, -53.5334, 2.45042
649.439, -71.3932, -0.230594
640.675, -67.1047, 0.0696061
639.471, -62.5394, -1.5472
632.289, -64.4294, 0.434712
659.111, -70.4313, -1.29746
603.279, -73.5716, -0.453207
609.86, -58.181, 1.68345
637.15, 20.6715, -0.408114
607.552, -87.5636, 3.1389
613.704, -94.4799, 0.89554
602.853, -15.0823, -2.69697
663.471, -59.2978, 3.06871
659.029, -62.9284, -0.688745
602.835, -15.4849, -0.346491
639.673, -55.8025, 0.864804
638.718, -58.1117, 2.48695
622.274, -58.9667, 0.341582
603.103, -15.3933, -0.653556
631.654, -80.4446, 0.0195477
624.357, -69.6257, -1.43521
630.47, -70.2489, 0.803458
628.766, -58.1647, 2.14275
647.844, -77.2024, -3.01472
602.296, -15.0954, 0.500746
598.648, -13.0831, -1.08163
600.637, -14.4694, -2.04407
601.738, -14.6903, -1.6136
601.405, -14.5893, 0.235485
598.643, -13.6244, 0.436863
601.597, -14.8559, -0.740399
599.009, -13.553, -0.912674
601.571, -14.5749, -0.630755
598.977, -13.8837, -0.955181
529.42, -23.1964, -1.20134
538.357, -20.8741, -0.179775
545.773, -33.9737, -0.831951
575.329, 55.8688, 1.00051
585.921, 36.1839, -1.9619
579.464, 38.7043, -0.414757
578.29, -27.8643, 1.77708
586.984, -26.3951, 0.454643
579.905, -36.9415, 1.99425
579.94, -45.7553, -0.606452
614.136, 32.6839, 1.12572
627.361, 51.1636, -0.36704
597.776, -8.86141, 1.59425
598.429, -12.7545, -0.111035
597.252, -8.07585, -1.26444
596.83, -8.20404, -1.10538
598.173, -10.1854, -1.8459
597.791, -8.99236, 2.48911
598.197, -7.88517, -2.46461
598.47, -8.01266, -1.08808
599.275, -9.68954, -2.04361
600.332, -10.0707, -2.92167
598.384, -13.8475, -1.33987
599.537, -7.43084, -2.33985
599.19, -11.9829, 0.753689
599.204, -12.3822, -2.60218
599.248, -10.2723, -0.112237
600.322, -9.36176, -0.372469
599.037, -10.5681, 2.5486
598.72, -11.1123, 2.31233
598.64, -8.12882, 0.219001
598.606, -8.14418, 0.693009
598.78, -8.47692, 2.90898
599.018, -8.27767, 3.04776
597.951, -8.88392, 0.195032
598.151, -8.48608, 2.51929
599.366, -9.64143, 0.322522
597.774, -7.60134, -1.84756
598.22, -8.2623, 2.0958
599.318, -8.48863, 1.8613
599.365, -9.57594, 2.72965
602.183, -9.14488, 3.07068
600.695, -9.49853, -1.04822
597.97, -7.68321, 0.539545
598.575, -9.37764, 1.58237
598.87, -9.36775, -0.159823
595.998, -3.13294, 1.35904
597.333, -8.22561, -0.0581301
574.105, -9.1222, 1.02351
528.333, -28.1624, 0.995691
597.433, -7.24101, -1.26733
596.746, -4.8959, -0.768038
596.222, -4.79471, 2.59743
597.16, -5.59124, -0.216179
596.956, -5.51488, -0.812421
595.155, -2.16177, 0.180596
596.91, -4.82618, -0.360787
597.25, -5.49935, -1.79644
596.612, -3.48369, 0.436075
598.181, -3.2282, 0.48792
518.582, -7.18264, -0.555935
596.43, -3.67895, 1.62117
595.566, -5.24874, 1.49118
596.605, -4.38, 0.281943
597.815, -5.96707, 2.64838
598.709, -2.20136, -1.57516
596.615, -3.58711, 0.908662
597.333, -4.14881, -0.137759
648.694, 19.0519, 3.05466
666.721, 25.8099, 1.17343
652.937, 13.0605, -2.78657
636.331, 5.01423, 1.79387
659.245, -48.4549, 2.1939
644.753, -41.4979, 0.424019
648.767, 2.8507, -0.025698
644.906, -5.58815, -2.78888
621.982, -8.41929, 1.3317
658.455, -25.5579, 1.6936
665.897, 20.5385, 1.51321
652.726, 40.6081, 3.04485
538.053, 22.9807, -2.54503
538.754, 23.634, 0.372972
521.515, 16.5287, 1.2324
554.499, 7.63309, 0.670926
524.509, -0.329046, 2.37365
638.506, 30.1172, 0.47452
677.676, -13.4697, -0.877541
671.197, -15.2354, 0.954338
637.558, 17.1901, -0.606463
668.11, 24.7284, -2.19881
638.011, 10.4307, 2.87477
650.932, 24.745, 2.51403
665.303, 26.3535, -3.05391
633.279, 15.494, -1.52835
635.097, 11.0631, -1.90572
655.327, 24.5026, -0.908875
670.716, 30.3395, 1.89138
648.967, 0.653038, -3.12304
592.924, -5.12522, 1.32973
629.553, -52.3667, 1.27747
597.171, -43.4946, 2.38074
613.216, -73.5848, 1.20183
596.543, -7.20626, 1.35632
598.005, -6.93216, 1.64649
596.579, -7.51322, 0.0960825
665.461, -43.4177, 1.20549
671.574, -31.7224, -1.9818
654.412, -19.3233, 2.06639
559.914, -0.424903, -2.75442
588.234, -76.7464, -1.51081
590.06, -64.7098, -0.634991
531.642, 21.6362, 0.115992
623.391, -73.5491, 0.434934
597.758, -25.5763, 0.273747
606.277, -66.1467, -1.15477
596.113, -3.45588, 3.0648
595.144, -3.73844, 1.55057
596.217, -4.05982, 2.04498
521.094, -9.5102, 0.163027
527.158, -10.8196, -2.44321
547.926, 0.40789, -2.30624
541.394, -9.38109, -0.131934
536.69, 18.8502, -0.418638
552.354, -4.52523, -2.6047
541.777, -6.90281, 2.03744
596.941, -3.98344, 1.12674
674.038, -11.8092, 1.51375
668.299, -11.121, 0.436554
662.6, -11.0273, -1.78766
597.694, -2.3729, 0.199991
661.608, -8.90501, 0.295512
652.612, -8.78619, -2.60224
669.36, -12.5618, 0.267866
677.088, -13.4706, -3.02358
671.588, -12.1027, -1.07609
596.322, -6.58007, 1.5448
597.766, -4.11597, 2.11825
597.765, -3.22995, -1.16749
594.792, -7.87181, -2.36275
661.552, -11.1309, -1.07549
674.524, -11.9286, 2.84611
675.836, -13.608, -2.10622
595.861, -6.57587, -2.14954
654.395, -10.1519, -1.42295
654.602, -10.1853, -1.3136
653.315, -10.2992, 1.78238
673.323, -13.253, -0.184866
675.23, -12.56, 2.95396
670.324, -11.9352, -1.32061
597.037, -2.83772, 0.965708
658.845, -10.9329, 1.36494
669.326, -12.0191, -3.04094
670.613, -11.6154, 2.18197
676.091, -12.3561, 3.1252
652.886, -9.7892, -1.82066
671.106, -11.1667, -0.564606
672.585, -12.2723, 0.401198
655.316, -10.3439, 1.36002
657.889, -10.5463, 0.85517
660.593, -11.2444, -1.66045
598.354, -2.97935, 2.64177
655.926, -9.8888, 8.49256e-06
668.03, -12.0285, -0.480604
672.368, -12.2952, 0.437845
658.031, -10.5198, 0.339971
670.038, -12.518, -1.82966
642.387, -8.62177, 2.31082
646.785, -9.22442, 1.74527
598.442, -3.80722, -2.49219
663.568, -11.34, -1.84089
674.261, -12.8795, 0.829606
595.726, -6.4308, -2.7361
654.269, -10.3783, 2.02786
664.783, -12.0322, 1.40999
658.758, -10.6427, 0.941025
598.183, -5.74853, 0.158024
667.57, -11.4274, 0.32747
635.579, -7.6156, 2.24944
648.056, -9.37985, 2.91165
673.741, -12.9338, -0.172916
639.454, -8.33952, 0.967356
597.36, -4.38788, -2.62658
650.789, -9.53418, -2.18423
669.226, -12.0458, 1.04018
657.802, -10.0854, 1.21144
645.886, -8.69182, -1.00117
655.914, -9.7157, 1.94152
669.612, -12.5414, 1.44284
627.33, -6.76175, 0.810331
676.269, -13.0158, 2.67107
596.376, -6.84881, -2.42208
639.026, -8.45641, 0.488667
595.734, -6.60019, 1.58968
625.383, -6.77973, 0.845573
