503.556, 18.2818, -3.03299
501.52, -10.1057, 2.74346
513.857, -10.9166, 1.91016
512.787, -16.7978, 0.717354
497.996, -1.38659, -0.875579
519.629, -12.2306, 1.37332
501.436, 1.45091, -2.26938
524.047, -2.42139, -1.13826
502.834, 16.249, -3.0175
512.652, -7.3915, -1.31589
536.21, -3.52557, -2.54994
556.165, -1.01689, -1.71612
504.11, -6.02281, 2.14328
502.414, -14.8757, -3.08952
548.771, 9.3294, -2.69197
517.341, 18.348, -1.17531
516.599, 23.0408, 1.69795
498.28, -10.2209, -1.47231
508.708, -15.2642, 0.253091
518.007, 12.7867, -1.30028
524.111, 18.3931, -2.89356
529.639, -11.6481, 1.26289
503.758, 27.7236, -2.4956
511.124, -10.5012, -1.33103
519.993, -7.58969, -1.27447
535.179, 12.9229, 1.15825
514.919, -15.7098, 3.00068
500.203, 2.19164, 0.362228
510.755, -10.7794, 0.35346
566.548, -0.370027, -2.0441
531.661, -12.6663, -0.096781
527.491, 14.803, 2.85327
538.7, -10.5991, 1.91673
550.432, -5.10483, -3.00851
510.013, -11.4945, 2.09345
535.218, -2.4653, -1.3282
537.446, -6.732, 1.2604
559.126, 7.37288, -2.61078
501.783, 19.1957, -2.69977
517.399, -6.83283, 1.92777
504.197, 28.2462, -2.7326
503.713, 25.8196, -0.69377
498.686, -0.150724, -1.51335
505.083, -16.2226, -2.7072
524.613, 19.9601, -0.275459
528.92, -0.928717, -1.74923
526.652, 22.0872, -2.94884
501.249, 18.1923, -1.81219
497.12, -9.68196, 1.18659
545.825, -0.66071, -0.349815
541.701, -5.08452, 1.70767
505.497, -10.1561, -2.92609
529.568, -6.5904, 1.71855
548.409, -7.84783, 2.94158
498.145, -12.05, -2.77333
525.52, -9.54942, -2.66047
506.275, 27.7145, -0.828261
536.198, -2.99792, -2.94799
515.633, -5.36561, -3.05659
537.955, -11.1182, -1.30912
563.762, -2.92264, -0.655727
498.809, -15.6543, -1.08501
531.671, -19.8177, -2.93959
577.684, -2.83946, -1.02402
622.963, 44.3368, 2.78933
629.445, 48.6492, -2.29891
617.123, 43.2626, 2.77289
577.286, 0.348928, -1.1505
634.724, 55.9994, -2.38367
615.439, 57.107, -0.926296
616.536, 48.4897, 0.666961
604.929, 33.4758, -0.969389
627.96, 58.6144, -0.527066
618.447, 47.2956, -1.6986
622.099, 44.1085, -1.80108
602.914, 26.0313, -1.27454
636.846, 46.8633, 0.490955
649.839, -4.43898, -1.67584
651.096, -15.5484, -2.60947
621.778, 25.0416, 1.09618
624.618, 24.5334, -0.0887
606.681, 10.5929, -1.81756
630.903, 8.98349, -0.166644
626.66, 43.1357, 1.98375
615.958, -3.88329, 1.02739
596.437, 76.1423, -2.75732
646.534, -2.9208, 1.86118
639.483, 43.8448, 1.78106
585.316, 74.473, -2.10635
603.301, 59.6687, 0.04342
578.168, 3.58125, -2.82884
590.295, 51.0583, -0.277557
591.379, 52.2465, 1.29402
622.485, 67.7185, 0.462844
629.876, 33.9002, -2.1483
615.095, 22.2828, -0.218247
595.254, 53.7792, 2.21576
632.87, 55.8031, -0.561384
633.91, 21.2196, -2.49812
596.772, 21.9845, -2.3063
601.019, 67.7899, 2.43545
595.575, 58.8185, -0.640962
593.308, 81.9879, 0.336228
616.08, 57.9969, 1.34959
593.245, 38.2866, -2.27537
601.34, 71.2626, -2.75598
577.356, 63.2943, 1.45821
581.538, 76.8801, 1.04923
577.14, 40.476, -0.126167
568.752, 78.221, 2.6262
576.502, 60.6891, -2.51421
610.697, 46.5271, -2.02703
599.782, 29.4887, 0.089769
626.715, -22.3817, 1.87739
611.212, 13.1228, 2.95662
631.946, -51.6209, -1.20329
594.959, -27.5784, -1.42023
575.927, 7.04297, -2.63197
552.691, 69.2001, -0.396687
535.472, -57.4174, 0.336921
559.521, -40.3441, 1.81452
563.094, 59.4912, -1.95981
578.224, 22.8518, -0.562621
557.35, 58.1724, 2.93338
568.495, 47.9384, 0.755096
562.08, 81.1167, -2.8132
573.786, 64.6955, -0.307638
584.25, 38.0613, 1.57974
597.73, 46.5057, 1.38073
606.112, 55.4222, 1.40475
586.411, 29.2384, 1.13818
592.85, 24.714, -1.86209
594.362, 54.4435, -2.41654
585.162, 24.9385, 2.60379
597.832, 42.3589, 2.2368
598.308, 52.9559, -1.3471
584.623, 21.4662, -2.65855
644.101, 50.6351, -1.49609
582.533, 18.9631, 3.07959
602.822, 56.3496, 0.872346
523.079, -32.637, 2.26066
557.686, -22.12, -2.73026
551.907, -57.251, -1.11418
575.933, 6.65214, -1.04373
537.472, -55.6092, 0.553119
574.618, 4.80071, 2.31431
576.618, 6.94379, 2.81789
632.677, 45.122, -2.07153
639.779, 56.6619, 1.78213
604.307, 29.6022, -0.939554
623.224, 35.504, -1.23232
634.619, 35.9411, -2.16832
649.065, 43.9166, -0.34308
544.93, 76.3576, 1.81886
536.999, 61.3224, 2.92348
527.119, 71.4043, 3.1169
532.314, 74.0725, 3.13772
560.927, 44.7207, 3.05318
576.176, 7.35195, -2.65209
617.704, -61.3172, 0.601349
637.138, -25.771, -1.40321
649.162, -26.1966, 2.08275
634.176, -24.8634, 2.61871
610.769, -17.6522, 2.33918
619.327, -20.2646, -1.36299
619.33, -37.5727, 0.818314
550.924, 12.7467, -1.5183
585.303, -71.6189, -0.213031
496.966, -14.1158, 0.343341
504.464, 7.91715, -1.82358
508.546, 18.9772, 0.456105
547.734, 8.43459, 0.516566
522.889, 26.9609, -2.64744
531.434, 18.5284, -2.36112
512.961, 40.3075, -0.438498
549.946, 66.6119, -2.66065
545.652, 81.6581, 0.892931
593.451, 68.179, -1.00668
594.417, 55.6192, -1.29796
575.094, 59.2862, 2.06279
581.531, 44.0666, -2.64098
604.918, 80.4169, 0.41731
542.271, 42.5867, -1.91688
555.062, 73.0964, 0.651451
575.409, 64.8408, -1.41826
544.721, 79.8111, -2.18768
572.02, 6.49103, -1.31999
559.896, -61.8036, -0.266755
565.978, -23.881, 1.77701
569.869, -32.0851, 1.95014
570.76, -54.6352, 1.15122
573.375, 5.85679, -0.412021
572.302, 6.82459, 2.06292
543.238, 40.2513, -1.08629
572.398, 6.27216, -0.328613
572.119, 7.42733, 0.338794
571.941, 5.9198, 2.70785
573.051, 6.94142, -1.11214
540.217, 69.7793, 1.66576
572.557, 7.11062, 2.28294
506.99, 29.1104, -1.79954
517.074, 62.0604, -3.08349
629.608, 16.2591, 0.970688
637.306, 11.1504, -0.100151
572.201, 7.57561, -1.87526
572.02, 7.27482, -0.532712
502.669, 25.0715, 0.936386
492.596, 18.2845, -1.40447
501.797, 6.66081, 0.147976
531.066, 6.95204, 0.267478
500.624, 5.76856, 2.14512
515.679, 4.6157, -2.96751
504.962, 5.16106, 0.562462
540.292, 6.84584, -0.152963
560.549, 6.48124, -1.15795
553.66, 0.353128, 1.43211
497.784, -17.406, 0.207486
539.555, -0.27101, -3.00119
548.043, 2.63335, -1.66027
494.981, -9.16957, 0.650539
550.888, 3.2971, 1.94996
497.161, -4.71026, -0.991894
516.147, -5.47928, 0.652257
575.878, 5.55097, 0.890409
573.198, 6.23833, 2.5214
572.571, 5.83191, -2.48121
572.887, 6.05387, -1.34606
572.611, 6.62948, 0.684837
572.785, 7.0834, 1.69894
572.903, 5.94846, -2.75289
577.683, 3.75554, 2.93335
578.386, 3.85834, 2.23732
572.789, 6.65439, -0.226604
638.804, -16.1907, 2.28589
642.15, 6.19338, 2.63811
590.99, 8.93339, 2.99797
630.29, 25.6192, 2.46894
644.749, 25.5309, -0.464323
633.755, 28.4273, -2.812
592.649, 20.4545, 1.33655
601.434, 28.1897, -2.97761
642.498, -15.2998, 0.678304
615.311, 13.7742, -1.74222
636.436, 32.0105, -0.17809
625.145, 54.2647, -2.34241
608.901, 18.8058, -0.877528
641.776, 17.989, 2.87322
621.906, 22.2911, -1.83476
634.855, 27.2835, -3.06407
632.164, -49.8447, 0.493149
648.326, 25.3895, -2.00351
650.165, 23.4738, -0.540122
642.855, 19.1498, 0.85313
600.896, 36.3593, 2.23276
596.69, -21.6326, -1.62237
621.034, -50.4244, -2.60541
599.802, -49.6983, 1.49572
594.162, -53.0563, -2.03042
595.134, -70.2252, 0.86188
634.001, 44.4813, 0.779122
602.942, -65.5247, 0.2627
614.842, 65.4974, 1.32049
620.994, -54.6949, -1.35065
577.783, 3.13429, 2.60513
577.228, 4.4571, 1.13268
533.499, -56.4494, 2.2627
578.046, 2.37013, 0.582277
577.619, 3.42914, 2.04316
523.826, -51.7495, -1.26532
545.31, -30.4866, 0.636836
526.258, -40.4832, 2.28717
512.822, -32.9412, -2.21416
577.089, 2.58621, 1.62261
595.412, -25.8837, -2.70452
601.101, -32.9977, -0.770814
652.092, 18.9215, -1.57654
604.726, -51.6687, 0.325488
595.024, -21.5232, 0.990739
591.949, -16.1117, 1.15929
603.717, -22.1469, -1.24972
628.465, -29.6059, 2.1087
601.55, -28.6077, 0.633055
593.5, -12.8171, 0.187671
632.426, -40.1277, 0.708406
608.298, -10.4536, -3.05651
537.599, -20.8841, -2.21722
529.857, -19.2005, -2.81708
534.785, -13.6495, -0.968711
516.351, -18.712, -0.538083
513.122, -6.41937, 2.20661
500.14, 6.26187, 0.721152
554.492, 0.749596, -1.42631
576.362, -1.81617, 2.52873
577.834, -1.35574, 0.479694
642.695, -44.5451, -2.7213
633.904, -38.7492, 0.380394
576.61, -3.67025, 0.775191
578.071, -1.46088, 1.84209
645.449, -45.6951, 3.08825
576.634, -2.60748, -0.121866
576.732, -2.84422, 1.59704
576.289, -2.51417, -0.814062
575.482, -3.75313, -2.71509
575.771, -4.41319, -0.45732
575.48, -3.78483, -2.80519
575.939, -2.97, 2.00638
575.874, -2.85779, 1.52882
576.714, -3.79536, 1.52783
575.344, -3.1306, -1.92779
575.936, -3.01858, 2.35959
575.424, -3.23377, 0.669711
592.966, 61.238, -0.545123
592.431, 73.6591, 0.465743
583.772, 30.6683, -0.779992
595.952, 69.7975, -0.044177
598.598, 74.3159, -2.9617
574.41, -2.90217, -2.59307
600.119, 71.153, 1.55271
599.245, 62.2886, -2.79983
573.805, -2.43754, 2.95559
573.733, -2.50262, -0.406496
525.292, -51.5126, -2.69398
536.814, -40.2629, -2.52762
536.196, -71.2691, 1.48128
541.874, -41.3174, -0.601253
582.806, -61.7688, 0.035605
572.574, -3.69268, -0.427129
572.336, -3.34038, 0.503307
572.767, -2.99918, 1.63839
636.436, -44.5898, 2.41764
566.59, -77.2435, 2.28413
555.835, -79.824, 3.02526
552.016, -81.6527, -1.93855
552.662, -70.1963, 1.58456
562.429, -22.2222, 2.013
525.61, -68.5757, 1.14664
528.128, -57.3999, 0.053029
530.556, -61.9552, 0.670306
608.762, -73.615, 1.63104
604.539, -75.1726, -0.886221
599.562, -70.1768, -1.78668
599.559, -80.1566, -2.97522
606.819, 48.9469, -0.109255
614.955, 58.218, 2.77105
605.919, 43.6653, 2.98675
595.484, 27.4555, 3.07502
604.794, 39.6258, 1.17693
606.972, 41.2844, -0.697613
507.892, -30.5524, -1.24344
524.838, -27.6832, 0.41241
541.029, -15.1471, 0.924825
499.268, -35.8083, 0.976174
542.122, -17.5892, 0.252325
572.475, -3.02259, -2.31607
629.976, 28.3976, -0.448651
639.575, 18.7491, 2.55358
647.846, -6.42753, 3.12201
638.017, -9.25747, -1.94051
639.08, -15.9767, 1.35307
615.297, -8.41236, -2.07464
569.85, 26.6429, 2.5165
647.457, 29.6399, -1.06295
578.345, -0.661658, 3.08683
575.408, -3.3835, -1.8373
624.855, 37.015, 2.41854
625.776, 25.0442, -2.2215
622.936, 47.213, 0.620405
618.815, 49.0648, 0.669881
625.894, 33.8041, -1.02412
577.418, -3.50368, -1.99592
610.27, 28.321, -2.60192
620.523, 40.6956, 2.92532
624.847, 45.2433, 0.010587
611.811, 33.8082, -1.27073
575.257, -3.06629, 2.97025
576.15, -3.8774, -0.731867
557.426, -68.008, -2.08966
576.565, -4.62422, 1.52262
576.578, -4.12906, 3.1225
576.017, -4.24564, 2.09457
576.268, -4.22506, 1.69228
576.048, -4.0348, 1.25873
576.285, -4.05292, -0.9974
576.543, -4.91035, 3.00225
516.225, -24.8918, -1.49295
511.487, -16.3533, -3.06298
574.72, -5.88144, 0.946551
573.934, -7.30241, -2.56968
572.983, -6.84825, 0.078188
574.322, -7.33391, -2.69234
573.976, -8.15833, -0.235351
575.195, -5.56086, 0.057252
573.379, -7.48493, -0.807684
573.696, -7.1489, -1.21318
574.53, -7.29628, 0.211123
573.58, -7.72629, -2.58398
574.166, -7.63646, 2.929
575.173, -6.26496, -2.7565
574.302, -9.811, 2.59304
573.617, -7.67092, 1.89096
574.356, -9.75873, 0.805856
574.822, -9.72244, -1.66971
561.342, 0.881879, 1.7648
561.685, -0.287103, -2.24046
565.591, -1.60915, 0.46846
554.566, 41.188, -1.02108
573.406, 51.4318, -1.01745
566.621, -1.56583, -0.053221
569.19, -3.72933, 1.96076
566.806, -3.15871, 1.74157
565.541, -2.41395, -2.11801
567.224, -3.7811, 2.00048
561.138, -0.653765, 2.72331
567.656, -3.98157, -3.07191
570.316, -5.19544, -1.29928
560.398, -0.899879, 1.51118
560.594, -1.05143, 0.776764
567.699, -3.9686, -0.651785
564.387, -2.10109, 1.18791
568.787, -4.14217, 2.37038
565.406, -2.08545, -3.14002
567.592, -8.48817, -1.18625
570.367, -5.03132, -0.306936
563.983, -13.0163, -1.49864
560.214, 0.2776, -0.242775
561.16, -0.364016, -0.730411
568.933, -4.21353, 3.02386
566.505, -7.14166, -0.936003
565.609, -2.07475, -2.14372
564.26, -10.5347, -0.976901
563.544, -11.5144, 0.227592
566.592, -2.81893, 2.2481
564.895, -2.07459, 0.43436
565.419, -2.94438, -2.12884
559.64, 0.68239, -1.38105
561.917, -0.505699, -0.105694
562.349, -1.13317, 1.56988
564.965, -1.82665, 2.07401
564.126, -2.00012, -0.28793
564.47, -2.42877, 0.235686
560.299, -0.014173, 0.343751
560.418, -0.172929, 1.05189
564.247, -2.17839, 0.974338
563.981, -1.72277, 0.38792
563.431, -1.61121, -0.458488
561.933, -0.165063, 1.98355
564.541, -2.09589, -2.77775
559.733, 1.07933, -0.579434
563.588, -1.86412, -0.98659
564.082, -1.44226, -2.24061
562.707, -0.978137, -2.19052
562.968, -0.811253, -2.53352
560.389, 0.976261, -1.33388
561.597, 0.409793, 0.241728
560.74, 0.754605, -0.55711
562.119, -0.303001, 2.41185
561.42, -0.833989, -0.926191
560.309, -0.061386, 2.35748
562.345, 0.28591, -0.906982
560.888, -0.173078, -2.11382
561.363, -0.825487, -2.24556
562.591, -0.113665, -1.35922
559.728, -0.190769, -3.10222
559.918, 1.05, -2.72531
559.933, 0.415054, -2.3065
560.133, 0.645162, -1.5781
560.171, 0.820587, 1.10866
560.407, 0.977488, -0.98526
560.36, 0.295165, -0.076958
560.319, 0.632525, -0.214733
560.121, 1.08428, -0.513319
559.86, 0.205851, -1.87445
549.656, 3.41512, -2.03793
550.583, 2.85762, -2.46802
547.455, 4.29415, 0.404071
547.704, 5.16846, -0.559836
559.505, 0.442723, 0.067758
553.656, -0.875258, -1.85738
557.317, 0.306002, -2.20868
562.672, -0.752743, 2.52063
562.506, -1.17691, -1.69486
561.628, -0.626473, -3.09593
566.256, -3.39574, -0.262001
571.896, -8.44362, 1.17094
560.161, -0.244732, 0.989028
565.717, -4.64014, 0.262776
564.923, -3.90445, 2.47618
566.277, -4.73982, -1.18258
566.35, -4.75011, -2.65833
564.861, -3.5323, -2.07681
564.622, -3.04964, 2.8605
564.661, -3.32925, -0.870066
563.597, -2.41542, 0.061361
567.276, -6.17239, 0.129874
570.857, -9.31311, -1.51879
564.977, -3.3316, 1.32898
565.316, -4.33994, -1.10348
564.172, -2.57123, -2.36464
566.804, -5.0837, 0.714056
568.885, -7.67685, 0.406018
573.047, -11.9113, 1.50773
564.693, -3.33365, 1.28649
569.573, -7.94549, 2.72
564.608, -3.68676, 1.49343
565.787, -4.71513, 2.16955
573.029, -10.5642, -1.4998
572.261, -10.8643, 0.279282
565.215, -3.6318, -1.48015
566.478, -4.62869, 1.95974
568.996, -6.07589, -2.46773
568.422, -5.74045, -2.00647
569.126, -6.82552, -0.465996
570.799, -9.26386, 1.10081
567.866, -5.81756, 2.39612
572.904, -11.7802, -0.199174
571.542, -9.66546, 1.87818
571.716, -10.8006, -1.48263
570.109, -9.12178, 1.91047
570.254, -9.57162, 2.21216
572.591, -11.4195, -1.66069
571.228, -9.54598, 2.08144
566.914, -6.65418, -0.745129
571.31, -9.22782, 2.31522
569.008, -6.80561, 0.753789
565.32, -8.89824, -1.60412
563.639, -11.3318, 2.90447
559.017, -15.6172, 0.276076
565.163, -8.87783, 2.70195
559.883, -13.7231, 0.050819
563.071, -11.3468, -1.13267
566.231, -7.55919, 0.16838
562.715, -11.6154, -0.2659
565.798, -8.87266, 2.71777
563.439, -10.8587, -0.650727
563.723, -11.5645, 2.76956
561.36, -13.383, 1.48231
559.194, -14.9583, -2.17803
559.577, -15.686, 3.10278
559.484, -15.4617, -2.87662
561.097, -13.8735, -0.580568
563.696, -11.0315, -1.55211
559.882, -15.7175, 1.00821
563.578, -11.7325, 0.300207
561.156, -13.4806, 0.099366
558.979, -15.0799, -0.165013
562.744, -12.578, 1.0879
560.769, -13.9046, 1.72932
559.192, -15.5501, 2.87449
559.513, -13.83, -0.869437
560.059, -14.4563, -0.668024
559.48, -15.1035, 0.122293
560.407, -14.0826, 0.388106
558.651, -14.5994, -0.105357
558.224, -13.5015, -1.74284
560.536, -13.2956, 0.833977
554.502, -12.5595, -1.76218
560.288, -12.3163, -2.81585
560.998, -13.6803, 2.24995
559.461, -13.6086, -1.33185
559.437, -12.0384, -1.05516
560.589, -12.7207, -0.611462
559.661, -12.9849, -2.67714
555.532, -12.4056, -1.38721
558.326, -13.3073, -0.843785
557.326, -13.4958, 0.211478
559.267, -12.0128, 2.67424
559.74, -13.6973, 1.01251
557.707, -13.0859, -3.03315
555.082, -12.2949, -2.31368
559.727, -12.3207, 1.96124
558.774, -14.7995, -1.67519
558.143, -13.2389, 2.7313
561.067, -13.2506, 3.14042
558.006, -14.2811, -2.88211
558.344, -14.4131, -1.93065
557.57, -13.1687, -0.111645
559.423, -14.3587, -1.74636
557.171, -12.6471, -1.77629
559.646, -15.4262, 3.10743
560.259, -14.6896, -1.93685
560.929, -14.0482, -2.42224
559.798, -13.9433, -2.81469
561.895, -17.8166, -1.24389
567.16, -23.7698, -0.268834
575.479, -32.0441, -0.653344
576.346, -33.5318, 0.645594
565.035, -21.5889, 1.99459
566.458, -24.5665, 2.44949
564.647, -22.0245, -2.85534
568.158, -26.8539, 0.618097
570.253, -30.5474, 2.15575
576.581, -36.6602, 2.07957
562.923, -19.8597, 0.989916
569.885, -29.135, -2.10342
573.052, -34.5923, 1.63482
572.614, -35.4493, 0.91175
565.403, -23.2246, -3.04212
570.171, -31.1712, -2.68883
570.878, -33.5908, -0.799796
567.547, -28.4669, 0.331935
569.138, -30.8455, 3.12785
573.097, -36.531, -2.85579
563.695, -21.3058, 0.769501
566.436, -26.0423, 1.15482
573.652, -37.9877, -2.8097
568.461, -30.1251, -0.486785
572.719, -37.6536, -1.65177
566.297, -26.1459, -2.70837
565.243, -24.6149, 1.63206
564.736, -23.5761, -1.66959
566.974, -27.8472, 0.456406
564.757, -23.9234, -2.29293
573.141, -39.9315, -2.47262
568.381, -29.6094, -2.04662
564.835, -21.8984, 0.123124
569.607, -32.3729, -1.37756
565.147, -24.0699, -1.84776
570.145, -33.1974, -2.02538
568.055, -29.3295, 1.4468
572.952, -38.8811, 2.98849
565.245, -24.0935, 2.55793
569.236, -19.4851, 0.01
572.076, -17.4975, -2.35783
572.877, -37.9274, 2.7949
564.891, -23.0268, -0.913001
569.833, -31.2056, 2.504
573.005, -36.313, -0.705588
570.413, -32.3377, -0.164617
566.509, -26.1454, -0.663571
571.731, -33.8723, 0.823906
569.151, -30.6733, -2.47951
574.321, -38.3779, 1.58097
567.172, -27.3027, 2.21498
571.262, -33.0871, -1.03951
568.963, -30.3196, -1.61473
566.725, -26.7099, -2.87244
573.781, -38.1457, -2.9072
566.943, -27.592, 2.01886
572.958, -35.364, 0.466722
568.727, -29.2902, 2.71409
574.126, -38.2858, 2.47941
566.853, -26.8508, 0.662483
574.205, -37.8569, 0.312843
565.768, -28.3913, 2.85058
567.285, -27.6828, -0.757522
565.265, -28.9268, 2.19179
570.402, -32.6104, -3.07147
572.802, -36.1268, -2.52155
573.311, -37.635, -0.131294
574.49, -37.9207, -1.92236
568.6, -29.0151, 1.53612
573.675, -36.0188, -2.65691
573.406, -36.2577, 2.93577
570.086, -30.9385, 0.781942
568.816, -29.1607, -2.25276
568.288, -28.1482, -1.20735
573.089, -34.6476, -2.72048
574.331, -37.1838, 0.116616
574.586, -37.3223, 1.73379
574.841, -37.3138, 1.89907
571.986, -32.9694, 0.646172
574.153, -35.6355, -2.76545
571.865, -33.9085, 0.103225
574.961, -37.8257, -1.66182
575.546, -38.5591, -1.6632
576.111, -38.4824, 0.395011
573.094, -34.4217, 1.01604
573.32, -34.3552, -2.39002
571.153, -32.4641, -0.95789
574.849, -35.7763, 1.72173
571.694, -32.6766, -3.03495
572.595, -33.2359, 1.74331
572.09, -33.1125, -1.27384
575.018, -35.7759, -2.69877
573.271, -34.3252, -1.70147
575.412, -35.614, 0.979465
574.325, -35.0694, -0.641194
576.422, -33.4297, -0.959267
575.509, -33.8335, 2.23184
573.841, -34.9242, -2.07709
576.467, -35.6043, -2.21857
575.975, -34.8503, 2.19781
575.856, -36.5102, -2.46972
572.543, -33.5226, -1.32059
575.812, -37.4617, 0.972373
576.092, -35.6352, -0.208132
576.427, -37.9644, 1.77631
576.549, -37.1983, 2.04779
576.366, -33.4171, 0.331501
576.013, -35.2428, 1.79161
576.217, -36.2416, -0.889363
575.855, -35.6563, 1.21172
576.179, -36.6225, -2.92835
576.522, -34.946, -2.29797
574.827, -34.8664, -2.89272
575.877, -33.2825, 2.52674
574.786, -33.524, 2.42786
575.459, -30.1559, -0.292162
574.607, -30.9007, -2.46135
575.579, -30.192, 0.396366
577.179, -31.3708, -1.09261
576.857, -30.9848, -0.325805
576.325, -33.9187, 0.441689
576.453, -33.4188, 2.8363
574.595, -32.88, -2.83473
576.281, -33.8973, 1.26225
575.459, -33.1092, -1.7819
575.464, -30.8026, 2.9357
573.766, -31.4921, -0.029087
575.839, -29.8854, -3.03048
576.084, -31.0384, -1.4648
571.87, -31.6484, -0.314362
575.971, -31.1234, 3.00624
576.204, -29.7787, 1.85252
576.914, -32.0659, -1.83396
575.879, -32.5416, 2.56113
572.462, -31.7548, 1.27532
577.1, -31.1796, -1.87474
575.358, -30.7538, -0.896921
576.262, -30.9184, 3.07567
577.789, -29.2916, 2.7828
576.508, -30.0126, -0.227528
580.241, -28.8085, -2.59887
584.772, -28.0112, -1.26598
585.248, -26.9441, -0.878202
582.733, -26.8677, 0.476326
578.922, -28.2244, 1.65987
581.902, -27.8267, -0.004167
579.234, -28.0449, 2.28564
585.634, -26.5697, -2.30077
582.69, -27.8023, 1.245
581.839, -26.4759, 1.22247
585.78, -26.5812, 0.431531
585.932, -26.4665, 2.35008
587.994, -25.4036, -2.52743
599.132, -37.0534, -0.574283
601.041, -38.4136, -1.42023
585.611, -30.1788, -0.920705
581.028, -28.8707, -2.96928
585.934, -25.6786, -2.1889
590.567, -32.6763, -1.40782
586.36, -24.0771, 1.11734
585.135, -24.7115, -2.40966
594.443, -33.2608, 1.91375
589.975, -32.7267, 0.75199
602.981, -38.3125, 2.66688
584.059, -24.3377, -2.82639
589.664, -32.4608, 2.25403
584.672, -26.6918, 0.652248
650.851, -53.3231, -1.57103
584.373, -26.3754, -1.89484
586.477, -26.0955, 1.90204
586.641, -24.7356, -1.56776
610.567, -40.1478, 0.315909
614.99, -41.6577, -1.9004
584.007, -25.5595, -1.35853
585.016, -25.8168, -1.64041
584.75, -25.0994, 1.12264
645.436, -76.1944, 2.58444
638.955, -80.3482, 0.300173
585.759, -25.9427, 1.65709
588.603, -23.8331, 2.07701
585.213, -24.3298, 1.73589
587.526, -25.2105, -0.228451
586.993, -25.2659, -1.65838
621.098, -85.3202, -0.150762
584.418, -91.8628, 1.09726
579.098, -105.093, 2.95445
615.918, -94.0656, 2.6487
579.986, -59.5705, -0.57468
571.928, -86.6602, 0.382077
571.695, -76.4138, 0.068853
566.466, -99.889, 1.29084
591.58, -103.663, -2.27533
592.075, -70.3989, -1.75419
588.861, -51.7385, 0.475214
582.465, -90.4718, 2.57839
573.767, -88.9766, -2.1715
569.636, -60.5936, 1.84396
554.216, -93.3191, -0.477226
547.115, -61.4011, 1.15615
563.019, -42.5296, 2.46659
592.109, -86.7658, -1.21463
547.346, -58.5963, 0.577997
555.159, -100.177, 0.573636
564.132, -74.404, 0.910628
590.69, -85.2301, 3.09163
587.966, -107.486, -0.17767
575.379, -44.6099, -3.02038
579.643, -79.7246, -0.394406
552.336, -88.9558, 2.65953
582.424, -35.147, 3.10919
539.151, -62.9059, -1.47451
562.6, -52.5945, -2.31621
565.194, -52.196, 0.218567
569.088, -36.6534, -1.13626
536.315, -52.1193, 1.91898
586.641, -31.4085, 1.6537
589.169, -30.1493, 0.828353
586.253, -31.8784, -2.93367
586.213, -30.9538, -2.37899
518.529, -58.3664, 2.4245
596.858, -31.9636, 0.795518
591.542, -29.5007, 0.372966
597.505, -30.0768, 0.41085
607.173, -29.883, -0.568685
591.595, -30.2568, 0.073077
597.827, -31.1702, 1.71561
604.562, -31.0832, -2.37609
607.205, -31.2679, -0.197217
600.329, -31.6109, -1.00676
601.836, -31.5021, -2.79352
602.002, -31.7994, 0.971264
599.08, -30.2521, -2.51327
599.873, -31.4581, 2.19595
599.337, -30.8122, -1.08523
596.144, -30.6534, -1.04386
600.651, -30.6393, -3.01694
604.366, -31.4078, -1.71519
605.525, -30.1428, 2.45119
605.863, -29.2306, 0.339326
598.138, -29.5472, 1.83925
604.953, -28.7122, -2.05304
603.747, -29.5722, 2.02877
602.803, -28.2977, 0.757433
601.568, -28.2145, -1.90368
600.545, -29.3479, -3.07461
596.119, -29.4884, -3.05741
600.181, -29.7441, -0.44375
605.209, -30.0706, -0.233152
606.878, -29.301, -2.79049
597.335, -30.1265, 2.64315
604.926, -29.9337, -0.659297
599.282, -29.5067, -0.404404
604.953, -28.6818, -0.461327
602.187, -29.165, 1.89866
599.511, -29.2506, 1.58639
600.526, -30.1404, 2.55414
601.141, -29.2366, 2.41307
603.66, -29.693, 1.93548
603.513, -29.6347, -0.714259
604.265, -28.5855, -0.822432
599.981, -29.2855, -2.63966
604.031, -29.6996, -3.12419
603.921, -28.5737, 0.740069
606.939, -28.5458, 2.2363
603.06, -30.0192, -0.174677
602.328, -29.2447, 2.27424
605.171, -28.9372, 2.23484
607.565, -28.7054, -1.77352
602.983, -29.8266, -1.30089
659.212, 16.5156, -0.230846
640.864, 3.43637, 1.91499
643.61, 12.1973, 3.04705
621.725, -6.41599, -0.656347
637.919, 29.4237, 2.79396
605.076, -24.4792, -3.11122
626.414, 32.4154, -1.49195
637.176, 36.5565, -1.57948
625.739, 28.8708, 0.132127
625.906, 38.5624, -3.02859
603.563, -28.5561, 2.16513
606.352, -28.9888, -2.5846
604.782, -28.5943, 0.236447
605.284, -28.7403, 2.23926
607.419, -29.482, 2.23994
604.784, -29.1111, 1.85065
607.278, -29.669, 0.995395
606.965, -28.7735, -2.90479
606.744, -28.3431, -0.112897
605.898, -29.713, 3.09672
606.516, -29.2679, 1.92677
607.354, -29.4154, -0.251413
606.003, -29.7538, 1.81567
606.573, -28.852, 0.134009
606.715, -28.3026, 2.33831
606.546, -28.5049, -1.7906
606.95, -28.3236, 0.63184
605.507, -28.4971, -2.71817
599.898, -31.3729, 1.91474
604.757, -29.5499, -3.13902
603.818, -30.5416, -3.01009
580.496, -33.4133, -0.279385
580.984, -29.7488, 2.94781
603.152, -28.8741, 0.493248
605.181, -28.7118, 0.966951
584.556, -27.2314, -0.426968
601.616, -28.6979, 2.56142
585.953, -27.6225, -1.88901
546.254, 17.0726, 3.0541
559.105, 18.7338, -2.44903
582.305, -24.984, 0.575988
593.479, -8.13393, -1.45911
582.941, 43.2831, 2.49003
585.482, 33.4387, -0.846952
598.527, -4.8441, -1.58182
594.798, 26.6273, -1.24738
596.068, -27.3601, 1.54004
596.91, -27.6861, 0.977514
581.784, -24.2612, 1.92029
583.925, -24.1848, -2.80304
592.811, -26.4861, -0.711073
585.119, -24.0892, 2.20461
598.471, -28.2363, 0.563469
592.349, -26.2578, 2.30145
584.523, -24.0762, 1.11976
581.015, -23.0933, 1.36288
582.95, -24.383, -0.833939
596.108, -27.3338, 0.491229
588.365, -25.3471, 1.97299
598.966, -27.6952, -0.925557
591.028, -25.6784, -0.969161
590.753, -26.4536, -0.958295
543.094, -26.8677, 0.642121
598.809, -27.7598, -2.56641
585.357, -23.2879, -0.198906
527.787, -27.1578, 0.905289
594.995, -27.016, -1.09937
543.599, -15.5123, 0.34935
531.431, -29.9007, -0.705844
593.411, -26.0867, 0.820295
594.689, -26.1545, 1.19682
593.66, -26.9155, 2.04207
587.749, -23.3308, 2.39766
589.144, -24.3655, -2.60254
593.533, -25.7525, 2.66137
589.461, -25.3299, 1.53652
586.237, -22.6202, 1.92193
583.491, -21.3055, -2.40638
587.227, -23.0138, -2.52311
589.227, -25.1379, -1.33129
584.799, -22.5436, -2.14296
593.155, -25.4422, 0.684149
593.578, -26.2218, 1.02328
593.065, -26.1033, 2.36139
585.178, -23.2561, 1.77341
592.056, -25.3094, -2.88642
584.424, -21.5019, 2.01742
592.904, -25.8838, 1.13593
591.269, -24.8559, -0.552205
591.66, -25.5486, 1.27189
582.893, -21.8442, -1.47875
527.917, -12.5643, -0.501141
514.999, -10.2672, 1.99869
557.424, 10.0096, -2.87247
586.896, -24.6481, -0.606279
583.052, -21.6902, 1.52111
587.29, -23.0555, -2.55646
551.077, 12.9012, 0.725396
582.92, -20.876, 1.27851
514.966, -10.5588, 2.99906
575.523, 39.5858, 2.79546
583.78, 37.5602, -2.34426
572.125, -1.40042, -0.02966
560.265, 28.785, 2.24625
584.122, -19.1023, 0.438483
586.384, -20.2302, -1.43392
586.499, -22.8644, 0.08019
583.683, -20.1154, 1.25486
522.029, 16.5183, -2.226
538.018, 13.7715, -0.980845
529.575, -30.6639, 2.22995
586.785, -22.9778, -2.44542
556.062, -2.83853, 1.24175
538.728, -0.620991, 2.97497
517.017, -40.059, -0.304021
536.648, 4.03193, -2.08613
535.307, -1.20564, 1.43942
570.73, -21.1276, -1.95265
530.565, -18.8328, 0.825529
517.59, -22.9565, 0.038255
520.469, 19.2993, 2.45527
519.496, 7.39556, 0.266213
507.114, -24.4658, 1.69351
658.545, 1.77094, -1.71017
548.988, -30.8174, -2.44781
531.801, -34.8009, 2.48097
586.67, -20.6847, -1.7031
587.804, -17.6417, -0.422152
585.334, -18.489, -0.237067
526.093, -64.3615, 1.287
560.951, -64.8421, 2.07236
568.551, -84.8261, 2.80033
545.208, -76.9858, 1.54292
544.754, -81.364, -0.111871
553.892, -92.954, 3.06559
560.925, -97.0995, -0.373454
513.089, -61.3384, 0.831552
546.156, -54.7435, -1.99673
532.809, -58.928, 0.747715
583.554, -20.1365, 0.568722
585.263, -18.3074, -1.70482
584.389, -18.6639, -2.47312
580.953, -20.9412, 1.05418
527.69, -77.3424, 0.766402
575.251, -24.5026, -3.04935
576.179, -24.1767, -1.06012
579.711, -21.8632, -0.018982
575.928, -24.8452, 2.45756
576.444, -27.2889, -2.43299
578.23, -24.5614, 0.680871
578.472, -28.2881, -2.66996
575.988, -26.451, -3.13144
575.624, -24.4434, 2.83219
577.156, -28.5381, 2.53535
576.507, -27.491, -1.52174
575.257, -27.045, -0.406186
569.161, -86.8376, 1.08804
608.209, -89.4813, 0.962349
577.45, -79.1759, -3.09822
607.902, -86.0537, -0.638868
630.478, -82.1035, -2.13633
617.181, -63.2727, 2.34689
612.515, -56.2887, 1.17207
576.674, -25.0572, -2.39035
576.441, -23.5304, 1.48639
574.861, -23.5528, -0.96643
575.599, -22.6781, -0.140526
576.697, -22.2116, -3.13906
575.533, -23.3957, 2.77092
575.542, -26.4469, 1.06083
578.036, -24.6448, -2.80425
578.644, -25.2923, -1.48625
577.571, -22.2462, 2.48314
577.32, -22.7013, 2.2704
575.813, -27.5497, -3.11229
575.066, -24.6923, 2.01152
576.03, -24.3203, -0.87961
574.176, -23.3933, 0.544927
576.709, -23.6452, -2.61545
576.267, -23.5924, -2.89312
572.852, -20.5791, -2.54676
568.423, -11.8429, -1.70362
569.99, -16.0714, 0.047553
560.438, 0.551777, 0.883745
571.683, -18.9473, -0.559406
569.193, -16.4699, 1.75951
557.988, -1.94189, 0.287503
563.895, -9.10178, -0.452292
568.709, -16.061, -1.99266
558.725, -1.52013, 1.99951
565.019, -9.80557, -0.991608
572.315, -20.0846, 0.938632
559.162, -1.79416, -2.48416
568.985, -15.686, 0.797348
565.773, -11.2016, 2.58517
571.901, -19.6021, -0.460047
560.439, -3.52838, 2.87213
568.335, -14.6619, 2.95206
560.283, -3.52352, -2.02981
564.292, -8.86635, -1.79351
569.115, -16.6329, -0.615671
571.752, -19.189, 1.34543
566.915, -12.095, -1.13813
561.754, -4.48929, 1.93273
569.375, -17.5262, 0.869655
568.968, -17.5863, 1.69487
568.468, -17.3716, -0.619687
568.963, -18.0875, -0.872035
568.118, -14.5057, -2.75926
564.551, -7.10311, -0.419043
568.647, -18.2073, 0.737607
562.654, -0.678217, 0.051999
567.239, -19.2762, 0.432759
567.725, -18.5665, -0.835834
568.543, -18.3041, 1.91592
565.699, -19.5403, 0.58206
567.407, -18.731, 2.65127
567.328, -17.8094, 2.83988
562.369, -19.7202, 1.8336
566.67, -19.1305, 0.403699
562.931, -19.1463, -2.53622
562.874, -19.1718, 0.510688
564.278, -18.7302, -2.18081
562.151, -18.7015, -0.703814
562.006, -18.6762, 2.5725
562.083, -18.5964, 1.60359
562.249, -19.6217, 2.984
564.42, -18.8238, -1.82717
562.171, -19.1233, -2.61078
565.344, -19.1034, -2.5882
563.044, -19.9497, 2.20538
562.835, -20.3095, -1.65516
564.721, -19.2954, 1.48033
562.411, -21.1943, -1.8251
562.318, -19.9336, -2.83938
562.573, -18.6132, -1.51064
562.043, -19.6339, 1.86547
562.097, -19.3146, 1.59339
612.276, -75.5686, -0.720437
562.317, -20.0109, 1.40203
563.015, -20.7701, -1.36728
563.628, -20.5245, 0.112778
563.25, -20.3722, 0.349399
563.292, -20.3527, 0.705221
562.602, -17.2562, 2.02277
562.512, -15.4353, 0.461819
562.668, -14.931, 1.41334
561.95, -11.9198, -1.02642
562.178, -19.1308, 0.372176
562.802, -17.8637, -1.39995
562.367, -13.4409, 0.34179
562.215, -19.5016, -2.00954
562.665, -18.5398, 1.16585
560.922, -9.04404, -2.4653
561.331, -10.4268, 0.130537
561.743, -14.3811, -2.51518
561.168, -15.3186, -0.539496
562.449, -17.1656, -0.670712
560.794, -15.1462, 1.49124
561.084, -12.211, -1.17102
561.647, -11.5357, 1.8376
560.951, -12.287, -1.7313
562.329, -16.5817, -3.01686
560.448, -10.2453, -0.794205
561.675, -14.3085, 1.19561
555.32, -16.5266, -2.6223
559.977, -15.507, -0.37799
561.243, -15.2894, 0.01774
561.034, -10.1167, 0.795347
560.18, -15.7299, -1.7438
560.795, -9.61033, -0.098126
514.272, -71.7176, 3.04332
517.307, -71.9683, -2.64364
557.618, -16.1061, -1.23652
528.664, -61.8379, 0.435058
537.724, -51.1793, 2.4525
559.863, -16.0654, 2.80805
557.251, -15.8481, -0.757397
554.709, -15.2735, 2.34406
557.617, -16.062, -1.26901
556.978, -15.7529, 1.1546
555.183, -15.1816, 2.74876
557.566, -14.7753, -0.842239
557.844, -15.9023, 2.96686
554.753, -15.1932, -2.89322
557.402, -14.2781, -0.059105
556.295, -15.4983, 2.26311
557.276, -16.1103, 0.927532
556.277, -15.6988, -1.06578
556.142, -15.4462, 1.56263
555.712, -15.0563, 2.55775
555.593, -14.7863, 1.3333
556.599, -15.7284, 0.380901
510.111, -67.614, -1.8614
555.372, -15.6321, 0.382537
555.725, -15.5568, -1.49124
555.245, -16.0035, 1.44728
523.721, -65.6487, -1.77273
555.238, -15.8506, -3.09471
555.341, -15.5663, 2.69673
570.833, 47.7538, -1.89048
572.966, 42.5368, -1.77977
580.292, 58.3698, -1.3476
555.243, -14.0957, -1.96654
555.165, -14.8696, 0.642646
557.163, -16.5234, 0.821063
558.134, -17.6784, -1.18595
555.806, -15.7233, 1.65774
573.651, 29.1486, -2.9201
556.058, -15.5483, 0.174238
555.666, -14.8866, 2.48594
557.074, -15.8128, 3.04536
558.01, -16.4878, 2.96325
558.065, -16.2137, -2.10705
558.093, -15.156, 2.43253
556.285, -15.4846, 2.08661
560.925, -15.7707, -2.3899
556.454, -15.9113, -2.32688
561.207, -16.0867, -0.16706
562.339, -15.6861, -1.67485
557.205, -15.7969, 2.18503
560.363, -15.7896, 0.098285
562.491, -16.5453, -2.49314
560.019, -15.8679, 2.43156
561.794, -17.0435, 1.1451
561.549, -15.9291, -1.7151
557.998, -15.2628, -0.437742
558.093, -14.866, -2.84772
557.913, -14.9873, -0.046079
557.744, -13.9281, 0.675224
557.894, -12.9071, -2.57829
557.971, -13.2576, -0.544111
557.91, -12.9679, -0.116913
557.872, -12.91, -1.68745
557.902, -12.9992, 0.79458
557.785, -11.4501, -1.34271
502.971, 20.2322, 1.43384
507.442, 12.5606, 1.04238
531.106, -4.02578, -3.04195
533.282, -10.6832, 1.65299
557.785, -11.4132, 1.234
561.922, -10.2717, -2.3991
564.328, -12.0652, -1.53084
590.321, -38.9868, -0.205603
563.938, -10.9482, 3.01276
562.734, -10.8242, -3.03931
562.248, -10.8024, 2.64773
561.436, -10.7387, 2.84283
563.655, -10.6055, -2.3677
560.991, -10.4047, 1.90579
564.045, -10.3655, -0.449867
562.247, -10.5178, 1.79943
561.86, -10.1674, -1.15691
562.058, -9.85823, -2.82644
562.528, -10.7729, -1.40918
561.689, -9.99169, 0.879505
594.628, 57.5848, -2.54034
563.594, -13.2785, 0.771687
562.705, -12.7761, -2.89674
563.67, -11.3549, -2.34351
535.326, -75.9256, -1.43853
563.155, -12.9928, -2.88625
563.532, -14.5937, 2.02034
520.535, -53.3592, -0.580908
563.267, -12.8839, -0.66951
563.041, -12.4338, -2.5134
563.117, -11.9633, -0.92466
563.996, -12.026, -1.53585
564.487, -16.819, 2.96261
563.862, -12.8236, 2.93972
564.066, -17.4791, -0.556393
564.267, -13.1555, -3.05917
564.342, -19.6383, 3.03422
563.77, -13.3428, 3.04494
533.933, -30.4104, -2.93601
564.109, -14.8775, -3.11063
563.823, -15.7554, 0.511929
563.331, -15.639, -0.617612
564.356, -19.9374, -1.6297
564.631, -15.8717, 1.99343
562.979, -16.675, 0.832908
564.786, -19.9155, -0.670257
564.913, -20.1525, -1.57101
526.19, -79.3805, 0.713773
534.731, -64.5778, 2.74065
564.552, -17.6408, -1.68547
564.417, -17.7314, 2.53172
564.777, -17.694, -1.9174
564.587, -18.5872, 2.57317
562.739, -11.2871, 0.939091
562.131, -9.81717, 1.42611
563.737, -13.4551, -1.38793
625.711, 24.6991, -1.16756
608.361, -0.343361, -2.05741
609.991, -0.320117, 1.73006
564.069, -12.8772, 1.61157
563.645, -9.75046, -1.79044
595.437, 30.6464, -0.491128
595.732, 26.4982, 0.767589
630.369, 28.07, -0.18889
595.484, -6.45266, -2.74552
616.459, 7.17834, 1.82822
564.515, -11.7853, -0.261645
564.055, -9.49851, -0.208641
564.233, -9.83415, 1.80578
564.126, -9.13639, 1.38172
565.113, -9.27744, 2.29309
563.612, -11.4036, -3.02167
512.21, 37.8877, 2.15797
518.521, 27.8574, 1.38895
508.851, 30.6525, 1.83478
499.558, 30.0681, -0.228008
497.48, 23.6225, 0.699105
483.342, -6.42647, -3.01245
484.262, -1.41884, 2.67582
501.502, -29.818, 3.00112
490.057, -30.4406, -0.660722
495.978, -34.8728, 0.850103
563.563, -4.55789, -2.54049
562.887, -9.5405, -0.567302
563.193, -7.20427, 2.93784
563.184, -2.02212, 2.43982
563.316, -6.26947, -3.00511
563.679, -4.39428, -2.2636
598.152, 51.6328, 2.14555
572.243, 6.22223, -0.298677
501.572, 3.49774, 1.35501
613.665, 48.0672, 1.8181
635.716, 17.0025, -0.820746
639.542, 7.24993, -2.79346
597.536, -5.88049, -1.38033
562.403, -2.33716, 2.89331
563.05, -4.9556, 2.9707
562.907, -5.33066, -2.37685
492.203, 19.3167, 2.0952
501.825, 6.98103, 2.13368
562.278, -2.8261, -1.08712
529.115, -0.86501, 1.55214
562.854, -4.13567, -1.3904
562.944, -4.65606, 0.057927
562.937, -4.64541, -0.652166
562.812, -3.19577, -0.046198
562.384, -3.04329, -0.643564
562.257, -2.41816, -1.86841
563.081, -2.70943, 2.37367
562.279, -2.32727, 1.25075
562.751, -3.30132, 1.47075
564.697, 0.286888, 2.93911
505.509, 33.7211, 0.630364
562.25, -2.43578, -2.05841
564.403, 0.131288, 2.96272
568.433, 66.0252, 0.429868
552.148, 25.7486, 0.873018
534.774, 27.8539, 1.69733
526.718, 24.5761, 1.3922
531.521, 23.5015, -2.61157
529.318, 61.9293, 1.16758
540.742, 38.2319, 1.76267
529.323, 48.8803, 1.15515
536.714, 33.161, 1.14716
511.993, 47.067, -1.2071
605.541, -48.38, 2.27115
626.19, -46.3542, 2.48731
616.176, -53.1895, -1.83909
568.07, 1.81909, -0.880368
564.884, 0.939762, -2.07277
564.618, -0.076363, -0.499595
571.926, 1.44026, 2.25842
566.33, 0.383777, 1.63652
566.622, 1.21333, 2.84584
572.954, 1.28606, 2.34616
569.899, 1.37217, 0.176724
571.264, 0.860455, 2.55741
545.501, 27.3063, 0.80418
568.739, 1.45291, -0.709797
570.154, 1.4355, -1.20696
564.734, 3.98189, 0.630753
565.144, 2.57666, -2.97439
563.673, 3.92225, 3.01846
562.843, 4.38301, -0.563355
562.049, 4.10771, -1.57441
562.676, 4.56595, -1.17545
564.323, 3.64345, 2.48104
562.444, 2.76153, -0.455048
564.405, 3.93268, 1.47436
563.482, 3.13704, 3.11486
562.375, 4.58486, 1.09448
564.104, 4.02947, -3.02564
563.653, 4.03968, -1.81069
562.828, 3.07578, -0.745042
526.057, 66.328, 3.10177
522.173, 66.4523, 1.50292
562.365, 3.44424, 0.161826
562.816, 3.79604, 1.16006
550.194, 13.8768, -0.505458
562.343, 3.95187, 2.29564
563.326, 3.86257, 1.58817
503.165, -22.3354, -2.98863
488.306, -17.2992, -1.26677
564.235, 2.37727, -1.44024
570.022, 0.895343, 1.16996
564.194, 2.62007, -1.26163
563.158, 2.55601, 0.718475
569.343, 0.4734, 1.44354
567.849, 0.475901, 2.93615
570.885, -0.437872, 2.25035
568.079, -0.282461, 0.468005
565.067, 3.40622, 1.47469
581.472, -58.4223, 0.672296
558.131, -61.7515, 1.67145
559.336, -29.8073, -2.46412
533.125, -66.491, 2.52482
565.57, -0.290404, -1.2633
568.142, -0.339508, 0.782097
567.265, -0.299102, -2.06267
567.377, 0.537898, -2.66562
566.615, 0.717057, 0.061363
566.301, -0.372913, 2.83204
567.984, -0.119308, 0.060771
569.465, -0.32906, 2.41111
566.632, -0.084295, -2.99512
571.937, -0.740628, 2.97109
569.124, -0.004889, -0.077872
571.371, -0.710684, -3.05888
567.395, -0.373923, 2.45972
568.471, 0.246986, -2.34555
567.695, -0.181842, -0.562411
570.191, -0.390518, 1.45099
567.523, 0.520934, -0.098745
572.117, 0.135684, 0.884801
568.964, -0.110453, 3.08363
568.245, -0.460821, -0.052913
569.101, -0.05118, 2.19379
569.003, -0.401444, 1.09695
573.061, -0.82302, -0.327078
570.867, 0.051204, 1.20325
569.902, -0.121639, 2.01608
571.551, -0.247704, -0.528969
570.006, 0.01912, 1.79464
570.384, -0.483266, 2.08347
570.498, -0.043498, 1.94485
572.597, -1.03126, -0.803007
573.483, -1.49783, 1.32769
569.805, 0.205161, 1.18257
570.387, -0.134926, 2.0595
572.03, -0.353296, 1.35297
572.833, -0.669884, 2.42963
573.281, -0.600008, -2.66284
573.502, -1.3169, -2.58007
573.224, -0.42311, -0.549017
573.569, -0.572732, 1.23401
572.673, -0.139461, 1.96198
573.919, -2.63716, -0.366118
573.644, -1.30612, -2.95899
575.231, -4.15018, -1.2599
575.432, -3.63961, -1.90294
575.557, -5.58605, -2.0859
575.593, -5.75413, 0.990081
572.935, -0.74207, 2.23335
574.956, -4.69261, 3.12416
573.508, -1.91148, -2.34879
578.038, -6.04439, 1.49985
574.901, -3.62537, -1.92302
573.512, -14.7571, -0.972954
575.788, -5.26799, -2.11242
571.383, -15.225, -2.65933
574.07, -5.62045, 2.99949
577.052, -4.74717, 1.04165
573.85, -4.37729, 2.09719
573.572, -19.0268, 1.05316
574.015, -4.28586, 1.47282
576.01, -2.99256, -2.54375
577.125, -5.26602, -0.649768
574.604, -5.39847, 2.17643
574.787, -11.6177, 0.543192
575.011, -30.6421, -2.94634
575.047, -4.81369, -0.218865
578.462, -5.6863, -1.70457
578.169, -3.63059, 0.468116
573.584, -32.441, -2.6216
577.525, -3.6328, 1.80015
574.873, -5.85478, 0.091317
574.674, -4.90117, -1.84562
579.694, -5.31838, 1.10371
574.776, -3.50922, 0.636908
574.77, -3.33139, -1.49691
577.05, -5.33382, 0.670084
576.342, -5.43907, 0.537505
576.376, -5.45892, -2.90145
575.748, -3.68367, -2.90676
575.635, -3.09321, -1.03939
577.341, -6.43305, 0.319604
575.391, -3.49127, -2.79323
576.797, -4.78576, -1.08874
577.038, -5.66316, 0.152324
576.727, -3.39966, -0.011173
576.133, -5.56349, -0.600064
649.126, 25.9866, -0.462061
577.155, -4.92021, 3.13765
577.16, -4.67995, 2.47683
578.54, -5.99325, 2.44956
577.364, -6.11358, 0.392483
580.847, -5.78471, 0.220276
577.933, -5.91883, -2.31394
579.466, -5.50278, -1.14759
583.071, -5.12747, 1.96507
578.334, -5.42135, -2.97265
581.759, -5.90597, 2.93017
584.7, -6.08737, 0.797169
586.857, -5.65393, 1.57576
584.834, -5.86836, 2.07266
580.099, -5.61849, -0.309458
583.214, -6.00627, -2.95407
584.039, -6.40945, 1.10119
585.306, -6.31788, -2.89841
580.771, -6.07899, 2.83104
583.62, -5.86236, 0.602831
584.512, -5.9229, 2.62929
580.91, -6.14345, 0.379319
585.979, -6.01225, 2.53291
582.447, -5.54767, 0.161748
584.914, -5.19251, 1.39755
584.133, -5.48685, 0.009697
584.673, -5.77135, 2.65097
583.781, -5.52875, -0.111228
585.69, -5.2581, -2.40685
584.519, -5.94226, 0.451185
586.284, -5.46005, -0.018019
585.887, -5.546, 2.58003
586.736, -6.20952, 1.38159
585.932, -5.61655, -0.180317
585.188, -5.8481, 0.180082
585.159, -5.77393, 2.05593
585.848, -5.5712, 0.141801
586.496, -6.22274, 1.94906
585.793, -5.85782, 0.714598
586.541, -7.21395, -1.46744
586.095, -7.23864, -2.29023
585.698, -9.42888, 0.688865
585.679, -13.8858, 2.39443
586.79, -6.64768, -0.249561
587.077, -11.0981, -0.700303
586.196, -7.88395, -3.0137
587.307, -11.0758, -2.2619
586.551, -7.67249, -1.4613
586.459, -7.46228, -2.36989
587.066, -10.2513, -0.101681
586.699, -9.44935, 1.22431
587.224, -9.55498, 2.5908
586.65, -9.58383, -2.4569
588.076, -11.6492, 3.10087
587.454, -9.68614, -2.38864
587.378, -12.8591, -2.54541
587.465, -9.65408, -2.77853
587.678, -11.6461, 1.93455
588.12, -12.8423, -3.07819
588.224, -13.1807, 0.295658
587.596, -12.1491, 0.33765
587.067, -10.5938, 0.222303
587.669, -12.73, -1.64735
587.956, -11.6469, -2.3766
587.972, -11.8377, 2.35768
587.989, -12.4797, -1.02592
587.994, -13.1988, -1.47744
586.809, -14.061, -2.4401
587.811, -13.6955, 2.88171
576.059, -15.0373, 1.58168
575.133, -15.5671, -0.478646
584.582, -14.3799, -2.35708
585.907, -14.3456, 2.62394
577.59, -16.7998, 0.102714
578.671, -16.2786, 2.4187
575.643, -18.1369, -2.24754
579.315, -17.3623, -2.889
584.337, -15.107, -3.08894
579.236, -17.1066, -2.12736
578.041, -17.4774, 1.59378
581.927, -16.1409, 0.636792
576.636, -18.1974, -1.28698
580.041, -17.0825, -1.021
582.251, -15.6328, 2.17908
576.708, -17.9557, 1.15343
578.56, -17.1634, 0.975004
576.264, -18.5575, 1.19868
577.053, -17.9355, -0.794918
577.853, -17.7278, -3.0594
578.576, -17.4462, -1.75701
580.876, -15.9178, -1.76885
580.712, -16.3596, 2.50054
579.613, -16.9873, 3.11247
580.284, -16.0958, -1.75944
575.922, -18.0035, -2.82396
581.003, -16.1624, -0.774212
578.626, -17.2649, -1.92456
579.882, -16.2809, -0.408451
575.828, -17.7362, 1.39695
576.89, -17.3918, 2.88954
579.92, -16.6915, -1.78063
575.97, -17.97, 2.54243
579.438, -16.3261, 2.6075
578.993, -16.6948, 0.597447
576.54, -17.8202, 2.18828
577.823, -16.8851, -2.35175
578.398, -16.6768, 1.89883
576.078, -18.2048, 2.10785
577.919, -17.3753, -0.179649
576.536, -17.4465, 0.851695
576.901, -17.675, -1.8372
575.915, -18.4426, -2.67957
576.528, -17.3034, -0.266575
576.27, -17.5058, 1.23781
576.505, -18.0096, -2.01353
576.719, -17.4841, 2.47506
575.753, -17.7559, 1.20828
577.113, -21.7737, 2.58412
579.171, -27.3149, 1.42913
577.187, -21.9671, 1.19438
579.058, -26.6831, 1.96854
577.57, -24.3231, 1.44876
580.38, -33.0932, -3.00499
576.797, -22.4358, 1.96739
579.414, -35.8373, -0.058918
578.707, -36.1765, 0.824846
577.286, -23.8487, 0.871939
577.657, -26.4986, 2.1993
578.743, -35.4097, 2.95308
577.981, -28.6141, -0.303829
579.25, -35.5864, -0.893311
577.071, -23.4169, 1.66142
576.045, -26.0635, -0.144294
571.419, -36.7713, -2.86026
569.027, -32.148, 2.02229
571.22, -24.287, -2.0684
579.175, -27.2767, -0.638108
571.497, -6.73666, 0.191092
572.297, -8.23578, -0.403079
575.719, -18.9703, 1.13745
573.96, -9.43263, -1.92216
576.252, -19.0864, 1.82597
575.725, -15.7351, -2.14881
576.042, -19.3563, -0.553794
576.337, -13.2511, 1.70668
575.902, -8.97011, -2.40754
575.941, -8.50849, 0.618121
576.503, -15.5291, -0.309012
576.454, -9.68463, 2.95101
576.159, -5.74664, -2.18039
576.539, -15.5954, 1.91543
575.122, -5.05427, -0.682233
575.753, -17.091, -2.5344
585.971, -17.7558, 1.67973
576.154, -13.379, 1.10225
589.567, -15.2928, -0.236986
583.841, -16.1002, 2.57416
587.392, -14.7838, 1.08124
587.658, -14.3805, -2.29552
585.116, -15.3025, 0.039042
583.951, -15.5834, 0.01503
589.061, -13.8207, -2.03269
580.596, -16.647, 3.01534
583.315, -15.4118, -0.033629
582.915, -15.3743, 1.44141
587.875, -14.1879, 2.70965
588.07, -13.9762, -1.70235
583.346, -15.5796, -0.032995
587.302, -14.4266, -1.40226
585.504, -14.6454, -0.65603
586.828, -14.128, 1.38383
581.663, -16.1018, -1.86038
588.229, -13.7021, 1.94033
588.003, -13.9082, -2.97144
586.509, -14.338, 1.86307
585.261, -14.9755, -0.775122
582.958, -15.7911, -2.43614
582.822, -15.262, 0.273341
586.963, -14.2506, 1.12288
585.667, -14.2056, -0.090286
585.834, -14.7439, -2.91337
588.3, -13.1363, -0.846564
585.988, -14.1561, -0.491195
587.677, -13.5767, -2.49292
586.418, -14.0338, -2.93697
586.347, -14.2403, 1.68801
586.915, -13.5905, 0.815296
585.804, -14.6478, -0.771127
586.938, -13.889, -0.832397
586.901, -13.998, -2.75316
588.427, -12.8136, 1.55987
586.982, -13.7601, -1.0427
588.177, -12.3354, -2.64683
588.872, -10.8039, -2.46307
587.852, -13.5741, 2.97142
587.986, -12.6099, -0.312412
589.467, -10.4907, -2.49623
587.704, -12.9469, -0.083556
587.016, -9.64465, 0.931669
587.033, -7.68871, 1.04512
586.976, -10.131, -1.90018
584.806, -2.82048, -1.5117
582.668, 3.23074, 2.04019
584.011, -1.0771, -1.092
584.968, -3.3046, 0.044074
582.246, -0.473109, 0.311513
589.451, -11.1005, -0.733874
589.413, -10.9019, 0.938125
590.261, -10.6634, -1.10069
589.639, -10.9923, -3.04296
594.446, -8.6447, -1.89784
592.781, -9.13309, -2.65681
593.966, -8.25403, 1.0741
593.885, -6.96572, -2.99926
614.94, 62.0701, -0.770611
609.575, 61.5578, 2.82034
592.559, -9.27022, -2.4691
593.133, -8.81115, 1.78341
593.969, -6.44767, -1.25738
594.484, -4.6416, 0.843877
590.125, -6.86427, 1.28781
593.78, -7.65261, 0.250774
594.199, -6.93914, 1.84529
593.8, -8.29567, 3.12537
593.61, -5.17228, -2.19512
593.717, -8.02551, -1.61547
593.277, -8.2756, -2.08675
599.777, -11.6158, 2.76948
597.399, -11.1635, -1.49213
598.737, -12.0679, -1.04694
594.801, -5.26199, 2.85296
652.069, -59.5984, 2.07437
649.886, -58.2769, 1.22003
598.589, -11.7235, -0.740686
634.665, -44.4714, -2.84533
651.623, -53.4131, -1.65788
647.506, -50.6524, 0.943475
642.954, -48.4889, -0.109025
657.23, -58.0322, -0.585363
651.615, -53.4408, -2.67535
643.509, -48.411, 2.17241
657.956, -61.344, 0.979233
647.845, -49.554, -0.006251
633.423, -39.8151, 3.04401
637.566, -43.8238, -1.84834
641.062, -45.5983, -1.05164
635.121, -41.9773, 1.73376
652.087, -56.7603, 1.16179
600.07, -13.7493, -2.64314
646.704, -74.6803, 0.571718
601.136, -9.59209, -2.39048
600.809, -8.75922, -0.531159
600.396, -8.88797, 0.669896
600.288, -9.73188, 2.08735
600.524, -9.79533, 2.04832
600.377, -7.92239, -1.2572
600.462, -6.77862, -2.02745
599.549, -7.17995, 3.11454
599.837, -6.80178, -0.376599
599.587, -7.09466, 0.931896
599.576, -7.07744, -3.02957
598.826, -6.67919, -2.57116
599.7, -7.17957, -2.9152
599.761, -7.93331, 0.739319
599.987, -7.09565, -1.54746
609.883, 65.9533, 1.08612
609.885, 51.2869, -0.310696
658.313, 5.67597, 0.786476
647.532, 8.94913, -1.28591
600.299, -8.90786, 0.375179
597.705, -10.8381, -0.921792
600.66, -8.47312, -1.7244
601.207, -8.43174, -2.04872
598.504, -10.336, 2.81951
597.651, -11.789, -0.945074
600.704, -11.1938, 2.3721
598.825, -10.338, -0.762247
599.802, -9.25888, -2.41812
600.201, -9.86141, -2.4052
600.786, -8.89813, 1.06589
595.428, -9.77805, 0.146959
601.268, -11.1224, -1.79797
647.414, -74.1603, -0.976452
598.1, -10.4525, -1.76322
597.288, -9.98887, 1.14207
596.122, -7.72668, 0.784858
625.861, -79.8641, -1.68238
600.386, -9.63312, 2.81729
598.13, -11.5814, 2.30118
596.65, -8.94665, -1.3383
598.478, -10.8998, 1.77703
596.302, -9.76645, -0.436611
597.455, -9.48365, -1.41369
595.962, -8.81563, 2.65929
596.322, -9.47826, 3.0041
597.76, -10.4589, -2.96504
593.251, -7.90003, -1.7741
595.309, -8.72805, -2.03258
598.832, -13.2317, 1.90393
623.202, -53.1642, 0.99463
638.839, -77.5545, -1.70961
622.485, -43.6813, -2.79439
640.679, -76.963, -1.70062
627.84, -55.8059, 0.195468
612.376, -30.5514, 1.62192
644.34, -71.1774, -1.73859
634.909, -68.9456, -2.13531
638.9, -72.4018, 2.6712
632.914, -61.509, -1.87662
649.346, -77.0504, 1.67921
623.245, -36.6891, 3.00265
634.555, -48.5648, -1.92398
639.675, -60.2802, -1.81328
650.287, -72.8833, 0.112482
628.207, -45.324, 0.252394
637.414, -60.6856, 2.24998
610.68, -48.4286, 2.12399
607.449, -8.69138, 1.96309
615.376, 5.52508, 3.04463
627.627, 17.092, 0.135743
607.944, -49.6762, 1.03234
612.369, -77.6847, 0.338715
602.32, -14.8641, 1.88812
666.034, -60.5438, -1.36332
603.056, -15.4698, 0.002029
602.789, -14.9426, 0.649388
640.411, -57.8534, 2.14718
641.581, -63.4734, -0.878374
628.244, -71.0318, 1.87204
638.479, -15.7315, 2.85636
620.102, -58.065, 1.40194
634.688, -87.0526, -0.965169
624.947, -59.0659, -0.899224
635.005, -69.6663, 2.568
634.426, -61.3775, 2.92568
599.21, -12.9548, -0.591379
598.681, -12.9266, -0.813408
599.346, -13.6318, 2.95284
599.185, -12.6097, 3.07992
601.621, -14.7089, 3.03407
598.727, -13.3627, -0.309947
598.831, -13.4153, -3.08535
598.901, -13.4353, 0.798477
599.545, -13.9395, 0.839062
601.494, -14.6981, 2.49337
528.565, -24.1272, 1.94604
546.992, -20.7719, -2.48563
541.395, -29.7819, -1.95369
540.017, -45.6682, 2.6554
560.136, -30.1144, 1.30227
555.467, -60.783, 2.12647
578.343, -47.4551, 0.958784
558.096, -47.297, -1.08388
555.399, -60.8515, -1.43109
625.719, 33.7628, 1.17943
562.588, -83.7284, 0.039127
622.54, 40.6599, -3.11159
599.176, -13.2203, 1.62696
599.208, -13.2756, -2.22206
598.729, -12.7728, 1.97408
598.699, -12.6861, 1.89513
598.224, -12.636, 2.3277
597.963, -10.0137, 2.58242
598.506, -9.22506, 2.16923
598.832, -8.48146, -2.49651
599.004, -10.248, 0.202162
600.263, -8.4596, 2.90241
599.35, -12.4312, -1.22833
598.931, -11.0469, -1.95963
599.09, -8.93055, -1.18188
599.294, -8.61735, -3.03651
598.339, -8.78867, -2.95342
599.291, -12.9902, 0.251188
599.058, -11.4347, -2.2653
598.831, -8.87, 0.09299
598.045, -7.68286, -1.01411
597.569, -7.30053, -0.702343
598.775, -11.0714, 1.79216
598.807, -12.188, -1.80321
598.955, -9.54816, -0.520517
598.265, -7.81488, 2.52331
598.305, -9.14823, 1.34144
598.849, -12.2418, -2.33452
598.242, -8.84039, -1.25326
599.545, -9.69558, 1.55306
600.511, -9.41253, 2.19761
599.534, -9.90381, 1.81501
596.348, -5.34251, 0.838665
597.505, -7.13456, -2.09152
598.403, -8.05659, 0.957712
595.873, -3.10488, 1.06751
595.401, -3.30496, 2.59832
598.596, -8.96801, -2.51475
539.829, -7.42732, -3.13228
520.335, -10.1018, -2.27593
528.377, -36.8838, 1.13441
597.504, -7.9805, -1.88443
595.944, -3.54112, -0.263408
597.593, -7.14865, -1.28755
596.583, -3.38556, -2.03618
597.119, -4.72322, -2.08503
597.24, -4.50695, 0.114656
595.527, -4.76404, 2.10033
594.134, -4.25109, -0.230193
597.297, -3.73795, -1.4964
520.918, -6.87691, 1.28428
602.637, -0.846229, -0.520751
599.166, -2.56993, 2.46178
598.525, -4.08272, 2.73208
598.344, -3.37669, 2.47934
597.69, -5.46594, -0.57093
601.069, -0.769571, 3.01477
598.72, -3.6374, 1.2715
599.202, -2.92859, -1.90184
632.489, 10.6577, -1.43721
649.763, 12.5194, -1.70221
670.935, 16.3059, -0.091399
636.11, -31.3449, 2.58762
647.657, -4.40515, -0.93615
640.694, 2.9922, -0.142437
641.546, -3.27041, 1.03005
664.846, -13.3365, -2.0981
645.813, -18.3709, 1.85932
600.104, 0.864251, -1.70733
655.964, 42.9309, 2.09631
671.336, 5.12803, -2.62456
547.725, 20.3882, -0.833743
648.349, 56.2195, 1.3587
543.59, 4.5829, -2.37615
539.544, -1.79052, 1.97811
640.568, 31.4237, 2.58118
676.726, -15.3788, -1.74947
660.822, 31.5582, -1.8235
660.718, 20.0474, 0.410246
671.844, 33.0633, 2.1031
573.543, 57.7529, -1.82026
664.73, 32.3939, -2.63227
619.968, 9.9146, 3.06899
649.5, 23.2849, -3.06034
675.77, 29.0501, 2.59197
669.481, 40.1927, -0.548471
678.836, 20.9633, -3.12592
677.649, 3.22973, 2.3868
593.433, -5.08703, 0.462428
634.013, -61.8704, -1.31929
598.118, -38.2141, -2.83247
609.489, -45.4529, -0.56259
597.09, -7.12545, 0.877047
598.517, -5.19117, 2.84197
596.67, -6.7375, -2.57331
662.689, -39.6564, 2.18152
643.019, -18.1363, 0.352783
663.025, -18.9245, -0.52787
593.541, -80.5169, -1.94902
589.587, -61.3523, -2.62685
598.299, -74.9165, -1.46144
601.035, -67.865, -1.4448
593.741, -4.94164, -1.63661
624.377, -74.3885, -0.375005
607.585, -58.1268, 1.02418
595.504, -4.31319, -2.03779
597.37, -4.31554, -2.613
520.38, -4.47119, 1.67262
560.4, -6.07891, 0.565703
597.639, -4.8185, 0.49534
536.01, -11.6981, 0.174463
522.046, 10.6213, 0.267467
545.7, 8.28124, -2.53419
561.35, -0.445594, -0.772877
523.158, -7.15277, -0.668532
656.463, -10.7579, -0.065334
598.168, -2.35418, -2.11428
597.998, -4.46746, -2.09893
665.353, -10.9348, 1.95108
675.323, -10.7876, -2.47351
671.997, -9.79059, -1.23564
646.344, -7.79283, 1.22828
596.386, -6.74614, -2.54273
673.587, -12.2763, 1.5942
597.099, -4.94713, 2.51908
647.153, -9.44601, 1.59999
676.921, -12.4219, -0.867832
673.303, -11.8545, 0.184178
656.67, -9.88603, -0.15336
659.844, -10.9414, 2.36986
669.899, -11.9737, -2.67341
674.897, -12.6943, 3.07461
597.039, -6.19789, -2.65501
596.559, -5.7454, 1.09251
659.726, -10.7629, -0.954178
626.472, -6.70882, -2.53986
595.488, -4.16946, -0.710952
597.509, -3.00435, -2.52734
598.321, -5.10274, 2.72323
670.344, -12.295, 2.24932
597.015, -4.61706, 1.41343
595.505, -7.15805, -0.312486
597.89, -2.3156, -1.22522
670.827, -11.725, 0.306897
676.216, -11.8948, 2.0029
655.94, -9.99477, -0.932804
596.816, -6.30235, 0.297367
663.839, -11.8216, -1.63653
669.417, -12.391, 0.154656
597.168, -3.21147, 0.924274
664.759, -11.1298, -1.17283
658.703, -10.6233, -2.13215
650.43, -9.67055, 1.60193
678.353, -12.3462, -0.538068
639.632, -8.35689, 0.947203
644.128, -8.76318, 1.52103
665.165, -11.8479, 3.0614
595.709, -4.16873, 0.621518
595.55, -4.51836, 0.338843
671.503, -12.7047, -0.436752
675.552, -12.057, 1.0662
595.764, -4.45652, -2.47242
671.052, -12.2132, -0.098907
662.322, -10.9679, 0.76149
670.587, -12.3279, -0.151278
669.167, -11.5171, 0.620588
650.898, -9.37261, -2.4081
664.152, -10.9586, 2.33726
676.16, -12.1162, -2.99679
671.382, -11.4691, -0.498589
664.673, -11.9517, -1.96118
675.05, -13.1321, 2.96187
663.409, -11.1704, -0.395825
670.647, -12.2652, -2.03417
672.338, -11.8026, -0.122916
663.536, -11.194, 1.03684
673.493, -11.852, -2.33268
670.487, -11.8318, -2.43423
677.652, -12.8197, -0.519025
655.458, -10.6292, 0.225628
595.427, -6.84204, -2.32702
645.723, -8.92134, 1.18109
666.618, -11.9499, -3.11289
671.548, -12.362, -3.07097
