3.37181e-06
0.00092161
0.00188866
0.01314
0.00248422
0.448954
0.0202848
0.556634
0.0012537
7.82257e-05
0.177172
0.0163978
0.0368314
0.00111828
0.263269
0.000954113
0.400106
0.000752364
0.00132156
0.250217
0.000784186
0.00435064
0.104331
0.230156
0.38257
0.324969
0.106795
0.0093921
0.000791921
0.545797
0.508249
0.00532966
0.00070203
0.431136
0.000729094
0.000604133
0.0115725
0.226701
0.00161644
3.08276
0.0112047
0.274343
0.32034
0.431159
0.236213
0.0171451
0.00114952
0.000740441
0.000386834
0.000827509
0.0264766
0.000631654
0.299884
0.00287447
0.000232882
0.221174
0.0111405
0.000392459
0.000281979
0.259784
0.00571201
0.000262599
0.336747
0.36929
0.000767906
0.00424631
0.0892375
0.000149168
0.245314
0.00843593
0.00540523
0.00271343
0.54775
0.00163622
0.483144
0.128285
0.337015
0.00561836
0.421471
0.0123546
0.0186466
0.000979299
0.529401
0.00284513
0.781771
0.304833
0.0025381
0.258915
0.00116528
0.0121818
0.44836
0.00374868
0.406244
5.07307e-05
0.0194138
0.34965
0.00738995
0.437174
0.000724252
0.013019
0.0127901
0.00184323
0.257946
0.0151026
0.508317
0.000736035
0.00145864
0.0127655
0.00112882
0.00174892
0.016685
0.000540498
0.00189884
0.00905964
6.62951e-05
0.001399
0.00228971
0.000845197
0.233932
0.00601046
0.000608874
0.00394731
0.00560111
0.0287094
0.00165609
0.00111087
0.430598
0.027295
0.000290875
1.93997e-05
0.000347356
0.000238425
0.00174065
0.000709989
0.00217016
0.0088822
0.389799
0.00127658
0.566424
0.00948558
0.538264
0.000975279
0.555729
0.158684
0.000721341
0.0448299
0.0140747
0.00230244
0.00238896
0.000700706
0.000497917
0.38745
0.000389381
0.298016
0.479025
0.488684
0.0115601
0.380148
9.41583e-05
0.00126852
0.00407955
0.0005775
0.00104376
0.000893573
0.00631316
0.00337122
0.0116013
0.314041
0.00125305
0.0309606
0.542995
0.597107
0.000631467
0.00252871
0.0130628
0.00177719
0.133683
0.00189305
0.00240545
0.000257799
0.126955
0.00779241
0.286062
0.464964
0.107751
0.00744632
0.0294327
0.404735
0.000364853
0.320384
0.258566
0.00051634
0.00306922
0.000204474
0.0116684
0.00445106
0.0090944
0.00277843
0.181276
0.000863005
0.00117843
0.00185603
0.0830485
0.14017
0.0125381
7.91514e-05
0.000239176
0.000248388
0.00856652
0.0103387
0.000970487
3.61913e-06
0.126469
0.00331693
0.0021119
0.00245622
0.005548
0.00094229
0.354917
0.00124731
0.000120848
0.00177632
0.00286267
0.17676
0.303083
0.0637397
0.0004707
0.00046767
0.00777225
0.00688261
0.0071022
0.000864708
0.496797
0.00182047
0.00218627
0.00526075
0.0521651
0.000386086
0.000664348
0.37707
0.000193436
0.0609885
0.267441
0.535403
0.429212
0.251541
0.32907
0.00129474
2.32258e-05
0.0804234
0.0143034
0.0143923
0.024537
0.00383358
0.0180795
0.136058
0.231237
0.00323391
0.463711
0.0850781
0.539268
0.503776
0.0011968
0.00145334
0.0217899
0.52966
0.00459723
0.241155
0.0072197
0.007839
0.0425728
0.159021
0.0103607
0.501839
0.000107315
0.283037
0.336557
0.470154
0.000819933
0.306255
0.399635
0.00117181
0.404274
0.00252739
0.0931437
0.00209388
0.00122144
0.00110467
0.000800667
0.0475992
0.481356
0.18546
0.536647
0.00127558
0.000669435
0.0651294
0.00293468
0.0224443
0.000662753
0.016471
0.000248876
0.00393108
0.0171435
0.00192054
0.000869018
0.00769973
0.816521
3.14134
0.0583435
0.0017971
0.127333
0.00247705
0.000910997
0.0109145
0.0102263
0.000117526
0.0654093
0.0176086
0.20913
0.00696541
0.00351599
0.000474329
0.00494416
0.137934
0.0148135
0.00499007
0.0015634
0.0300937
0.00878646
0.000161116
0.00653885
0.331128
0.00235986
0.0037212
0.344244
0.00177692
0.00715871
0.00075538
0.00563275
0.0706064
0.00422928
0.000761371
0.00028904
0.0339853
0.0235857
0.0011154
0.000152332
0.00334997
0.000810582
0.00553363
0.00675247
0.0567847
0.0012371
0.00773995
0.0074913
0.000566746
0.014648
0.000906655
0.00205076
0.00139846
0.00105037
0.0186732
8.95694e-05
0.0010904
0.0262041
0.00269785
0.00289865
0.00380451
0.00143135
0.00129161
0.467874
0.00528171
0.000849111
0.0274475
0.00404245
0.00171298
0.00431418
0.000588151
0.0607128
0.00603232
0.0958527
0.397452
0.0575596
0.00488026
0.209774
0.00451123
3.39677e-06
0.00964894
0.0113921
0.00316321
0.050694
0.0214476
0.0210541
0.00277265
0.00399245
0.3136
0.00272214
0.0192961
0.00140653
0.493289
0.0126748
0.000828124
0.163005
0.00848499
0.503637
0.0507471
0.00767233
0.000696586
0.00611793
0.000330257
0.000142335
0.00137082
0.00163798
0.000979474
0.00251709
0.000764244
0.0125592
0.00304277
0.000911524
0.00192132
0.00814674
0.00104929
0.000722174
0.065297
0.00270915
0.0813323
0.00306334
0.0599297
0.00188191
0.0121971
0.00464174
0.00877622
0.00111597
0.0125328
0.00686306
0.000757249
8.54959e-05
0.00877325
0.00302839
0.000383281
0.00343539
0.00283539
0.0401087
0.0020402
0.26058
0.00167016
0.000519022
0.00132354
0.00076145
0.00452671
0.00341785
0.00155922
0.288543
0.0427949
0.645045
0.00618286
0.559089
0.388074
0.00915587
0.00781496
0.0100803
0.00523838
0.00270818
0.00664677
1.95984e-05
0.0609245
0.00300308
0.0014017
0.0986573
0.00660542
0.234943
0.00288259
0.00317991
0.0102876
0.111084
0.00479588
0.0772396
0.00380392
0.00676887
0.000478165
0.0204977
0.00248886
0.0302483
0.00269051
0.000618184
0.00783946
0.177098
0.00150281
0.00741056
0.207277
0.00416536
0.0086588
0.00619043
0.000597012
0.00282011
0.00617791
0.523098
0.000937733
0.00105042
0.0230713
0.00236922
0.022778
0.00372422
0.00741314
0.0140449
0.00044992
0.00105658
0.00029124
0.00249642
0.519191
0.0316934
0.00321933
0.0138394
0.034369
0.000844522
0.0838508
0.215819
0.00369896
0.0113323
0.00631091
0.148631
0.00384168
0.000375373
0.0769937
0.501988
0.0088036
0.182419
0.17265
0.00040383
0.000190436
0.496202
0.002877
0.37544
0.172541
0.000125121
0.00367012
0.00106473
0.00473353
0.323337
0.00156044
0.00165672
0.0316554
0.0140117
0.0151354
0.000260296
0.0303222
0.299857
0.238717
0.15276
0.0158573
0.00259324
0.122785
0.202041
0.00011718
0.00133416
0.00516094
0.217777
0.50245
0.000158558
0.0175184
0.173244
0.291942
0.547233
0.374394
0.278185
0.00292621
0.170827
0.000756165
0.0251337
0.430019
0.480065
0.0159228
0.00164919
0.00285926
0.00383239
0.0193755
0.00211524
0.475195
0.942128
0.00344853
0.000274519
0.00355882
0.431528
0.383129
0.012022
0.337317
0.00294773
0.00104076
0.00439115
0.00672907
0.00229737
0.26549
0.0103026
0.0100378
0.479157
0.00436548
0.0365589
0.211772
0.00436604
0.0792097
0.311821
0.00612915
0.0474056
0.0226887
0.00154827
0.0278376
0.030654
0.338585
0.00756517
0.563424
0.299312
0.00034861
0.000624327
0.00225005
0.00273888
0.422029
0.00689319
0.0754077
0.00669629
0.0518244
0.313294
0.489013
0.00110844
0.00107924
0.314822
0.0169511
0.0653954
0.240798
0.478809
0.00745707
0.00333441
0.0010162
0.0212666
0.380662
0.369247
0.302246
0.146456
0.192906
0.0126631
0.51683
0.218726
0.00619359
0.00595192
0.314446
0.0174399
0.62988
0.00312794
0.579963
0.00519795
0.208443
0.0002097
0.00117024
0.00927591
0.00813914
0.556673
0.000603553
0.00917491
0.55194
0.396635
0.0105001
0.00614218
0.000338793
0.0291975
0.00123875
0.00267285
0.00880375
0.000987222
0.0038753
0.00105726
0.21883
0.00926433
0.00117586
0.28397
0.00520305
0.00342135
0.00769203
0.205712
0.00696506
0.239372
0.00491729
0.000891665
0.330429
0.000337544
0.00758814
0.00940887
0.00438867
0.0247754
0.321413
0.00267833
0.388753
0.016121
0.00236724
0.189144
0.00452919
0.00375042
0.0030972
0.513847
5.3907e-05
0.0041638
0.00934253
0.0272064
0.00135942
0.0006953
0.500811
0.000700209
0.00344599
0.000793639
0.0230625
0.0124329
0.000630588
0.0154472
0.00199105
0.23497
0.000958232
0.00158713
0.476845
0.207441
0.00220796
0.00127194
0.000752426
0.0250695
0.00212195
0.0462665
0.00463646
0.346237
0.00889263
0.00131736
0.00543528
0.00929057
0.000704961
0.349483
0.000193186
0.00480289
0.00336746
0.117237
0.0065997
0.00434581
0.00116993
0.00897186
0.00224688
0.000505715
6.01295e-07
0.0242715
0.00403511
0.00136081
0.00486969
0.195633
0.00513065
0.00248271
0.348359
0.00868607
0.428281
0.000823337
0.000195869
0.257282
0.498925
0.000343579
0.00483473
0.00490385
0.0309574
0.0146612
0.483425
0.468695
0.00764536
0.445393
3.99859e-05
0.00378019
0.0125517
0.000921852
0.0566627
0.00344607
0.00632743
0.00151398
0.00450675
0.00246866
0.350408
0.28127
0.00211906
0.000127962
0.46502
0.124218
1.2837e-05
7.32828e-05
0.0890289
0.00120236
0.000758256
0.00550625
0.487
0.00218867
0.0696064
0.000122901
0.00158918
0.000103305
0.0287789
0.00580094
0.00188273
0.000632585
0.411476
0.00949783
0.00311651
0.0229125
0.416988
0.00958273
9.8939e-05
0.00091328
0.0125244
3.12086
0.464144
0.00247086
0.224418
0.214939
0.00173923
0.00865726
0.00299208
0.0100987
0.00355557
0.00134903
0.00621362
0.471048
0.131666
0.265439
0.249915
0.00526216
0.00377906
0.000201722
0.0170533
0.000102837
0.452234
0.483004
0.00355005
0.00602287
0.00474566
0.000940153
0.00195963
0.0265859
0.032957
0.000732926
0.00432475
0.281331
0.00434492
0.000671866
0.00461914
0.000385323
0.0258573
0.000708436
0.390819
0.000790146
0.000828457
0.00133675
0.000606747
0.199952
0.0308336
0.0738134
0.0102353
0.0174255
0.0110704
0.00055476
0.485805
0.000571308
0.358642
0.000396924
0.00127711
0.369153
0.0401012
0.000808435
0.0284381
0.027481
0.0006721
0.00240228
0.505453
0.0110591
0.54944
0.341159
0.006102
0.0164809
0.00564625
0.00260412
0.0484336
0.264694
0.000525847
0.00114324
0.00803247
0.000472316
0.562579
0.00110605
0.000909386
0.00456857
0.00172185
0.00303974
0.00316302
0.00534955
0.00509063
0.505317
0.00295306
0.0100813
0.0082221
0.00160642
0.00133689
0.0199232
0.555494
0.0013309
0.470548
0.00938438
0.00979988
0.398351
0.160961
0.00213838
0.000835186
0.0190707
0.439989
0.00267827
0.185801
0.00120223
1.71267e-05
0.657026
0.00111343
0.0046833
0.0109501
0.463109
0.00563728
0.0142675
0.00837951
0.354211
0.0284136
0.339372
0.00164156
0.408118
0.000997356
0.0066632
0.00333137
0.00239267
0.00158683
0.0215616
0.000765678
0.00754168
0.351231
0.217469
0.54633
0.0294882
0.282648
0.500212
0.04107
0.366046
0.380676
0.0175312
0.529824
0.00558217
0.000225852
0.000739043
0.543981
0.00131729
0.00293326
0.00450193
0.000137896
0.00762238
0.00129993
0.000906444
0.00070481
0.0952984
0.556997
0.0509885
0.00516914
0.0115189
0.0439303
0.00400927
0.278528
0.00654114
0.000851693
0.0368378
0.0611046
0.0142781
0.00664107
0.00655537
0.0178623
0.00239207
0.00244989
7.88194e-05
0.0168144
0.000429852
0.00566582
0.000379816
0.113192
0.00550516
0.000109631
0.012734
0.0125466
0.00679444
0.00219011
0.0334078
0.0148569
0.104285
0.0024402
0.0911949
0.00750045
0.0131318
0.002726
0.00543524
0.0208398
0.169009
0.00782985
0.524042
0.453343
0.00365485
0.00286603
9.17249e-05
0.125064
0.0531469
0.0606452
5.33702e-05
0.00182259
0.000122045
0.323121
0.00514504
0.00160375
0.257008
0.00490668
0.00290318
0.494082
0.000213319
0.00287926
0.229146
0.000851061
0.185695
0.00435171
0.00968995
0.0335053
0.420771
0.0100199
0.000707719
0.450052
0.609657
0.0124095
0.0243679
0.551584
0.481902
0.39335
0.000109475
0.1546
0.52027
0.037003
0.228427
0.552434
0.000365874
0.0117573
0.00927338
0.0113769
0.00106037
0.504789
0.00313733
0.000886315
0.0020584
2.40863
0.00310815
0.0701181
0.000442346
0.00174868
0.000813779
0.286169
0.00195773
0.094371
0.0243531
0.0256683
0.410496
0.0118392
0.439247
0.00792087
0.000865859
0.405459
0.0025412
0.349198
0.392638
0.00294109
0.0226258
0.079247
0.15713
0.241539
0.00744619
0.344138
0.00161195
0.00219941
0.326166
0.308228
0.00152343
0.479402
0.217128
0.557021
0.0163747
0.417422
0.00477153
0.000523234
0.00199052
0.00247706
0.0146121
5.86189e-05
0.208417
0.00328693
0.00208466
0.587172
0.021045
0.00082681
0.0647085
0.00395424
0.170355
0.00116297
0.000740449
0.0018706
0.00342038
0.483507
0.00366794
0.336149
0.00300886
0.101616
0.383622
0.000601347
0.00468535
0.00313855
0.311014
0.365359
0.00437774
0.535815
0.00853653
0.516565
0.238324
0.000537418
0.00494998
0.0111587
0.178331
0.39191
0.00400407
0.394135
0.557551
0.152058
0.621789
0.300085
7.14481e-05
0.00598048
0.0112072
0.00268591
0.000209114
0.0377295
0.348349
0.00423466
0.0222832
1.90331e-05
0.00196281
0.499281
0.490159
0.000198643
0.00225961
0.0104695
0.000733007
0.00938237
0.520424
0.0224063
0.51689
0.0115644
0.00575158
0.668142
0.000819717
0.0108777
0.0105992
0.00270909
0.0092709
0.280269
0.234433
0.00202953
0.408765
0.00221044
0.211404
0.000320393
0.0215477
0.523633
0.429417
7.10207e-05
0.633527
0.00300228
0.266505
0.0038381
0.547538
0.00308421
0.000408213
0.000992309
0.0231935
0.00201579
0.209854
0.447086
0.000304553
0.0573359
0.00317709
0.0107337
0.0334653
0.00256696
0.00356066
0.00109002
0.031176
0.00199557
0.10799
0.044469
0.0191653
0.00364538
0.578139
0.318432
0.000571479
3.09522
0.00967156
0.00457134
0.0068144
0.00523726
0.00103233
0.00241123
0.0104362
0.000260006
0.00107703
0.546813
0.00231378
0.0019362
0.00992561
0.000772914
0.00604798
0.544387
0.000794629
0.00489414
0.49633
0.0118778
0.392162
0.0159806
0.544866
0.419738
0.00202327
0.00385211
0.000610253
0.00050243
0.00122507
0.447556
0.0161446
0.00788989
0.526365
0.275335
0.000247058
0.00106977
0.0444323
0.00167412
0.000902457
0.00153408
0.00239469
0.0660868
0.0197361
0.000105329
0.0783298
0.00290303
0.0111217
0.00689523
0.00714038
0.000420643
0.0227615
0.00569702
0.00214691
0.000795468
0.0030814
0.00135017
0.00386505
0.00807771
0.46957
0.000317557
0.0102216
0.00703624
0.0023666
0.0488514
0.0290072
0.000716151
0.102088
0.0376008
0.031935
0.00276523
0.174502
0.000466223
0.00213176
0.207278
0.00102877
0.0226324
0.00603539
0.000161028
0.000428158
0.00133185
0.0112488
0.674739
0.493411
0.00222842
0.000215887
0.00101782
0.0243655
0.00247767
0.16467
0.00142841
0.0028221
0.0127766
0.0156358
1.95332e-06
1.6465e-05
0.00628353
0.00287968
0.080653
0.0332056
0.0032736
0.00681305
0.000502705
0.0196633
0.02578
0.325459
0.00910119
0.000660073
0.000503793
0.452306
0.0868375
0.459397
0.543458
0.00480709
0.00164778
0.200802
0.00419181
0.349172
0.0489741
0.00346034
0.0372614
0.0175579
0.00131999
0.199773
0.000933733
0.424613
0.00616018
0.00104909
0.00377107
0.00553151
0.00425569
0.00388718
0.0102693
0.00163569
0.562783
0.00767161
0.000705554
0.0352477
6.84023e-05
0.00186269
0.358517
0.00156757
0.000869028
0.000261805
0.438629
0.00281882
0.000388691
0.000331558
0.423385
0.000650447
0.000366773
0.000191134
0.00200986
0.00510966
0.00213854
0.0158083
0.00363814
0.00276959
0.00116564
0.00662107
0.000316504
0.0400163
0.00707037
0.000815743
0.000748364
0.000469534
0.20484
0.00156436
0.00144204
0.0200752
0.00118299
0.00399322
0.280073
0.372512
0.0029279
0.001348
0.0256161
9.1485e-05
0.000576409
0.000168375
0.000582749
0.0028237
0.164371
0.0609417
0.000592134
0.00023333
0.0200887
0.00179183
0.00249101
0.000554694
0.00261586
0.000207019
0.00199194
0.00505037
0.000535149
0.00692097
0.0354694
0.0119174
0.000491598
0.00110764
0.000447717
0.0212835
0.00876792
0.000578786
0.00352145
0.00268309
0.0140313
0.369367
0.524791
0.01759
0.000454535
0.00159529
0.00150254
0.00449028
0.00449606
0.00929471
0.00276033
0.0129241
0.00224482
0.000440236
0.32739
0.275729
0.00149233
0.010747
0.0020676
0.300058
0.000183803
0.0131875
0.00287644
0.00440824
0.00283397
0.00513266
0.0212799
0.0450555
0.000258698
0.0309516
0.003313
0.0024053
0.00299915
0.00509315
0.0390651
0.00893201
0.0832637
0.0139538
0.0102362
0.00460831
0.000547274
0.00734963
0.000781579
0.00918389
0.00148919
0.00909433
0.00247473
0.000911105
0.000376483
0.0052604
0.000136272
0.0081769
0.00401936
0.00161465
0.00379888
0.0461975
0.00770455
0.00543547
0.000242085
0.00241343
0.000424783
0.00461377
0.00190412
0.0160678
0.00209778
0.00279653
0.00127822
0.00206369
0.010308
0.00162403
0.00164337
0.00833354
0.0015422
0.000246089
0.0228186
0.420763
0.00285017
0.000601838
0.00151478
0.329264
0.0162727
0.237509
0.00017816
0.00783864
0.000488962
0.288576
0.186525
0.00861517
0.195983
0.236327
0.444323
0.022733
0.255168
0.0258733
0.00462214
0.000197267
0.0101408
0.0370647
0.000251872
0.00636331
0.121957
0.335229
0.0484199
1.28759e-05
0.00341862
0.13127
0.00108809
0.00117208
0.0156602
0.000283496
0.0053871
0.000349991
0.000567475
0.0178939
0.00204221
0.00687757
0.00100692
0.000155492
0.000937375
0.00524937
0.000389945
0.00565747
0.00237795
0.00602071
0.000349515
0.421747
0.55972
0.0773485
0.000361602
0.0104726
0.00973014
0.00175095
0.527917
0.00695569
0.0811319
0.00155919
0.0310267
0.00937602
0.00494711
0.00567581
0.00126376
0.00309751
0.00341914
0.0070327
0.000479221
0.00196786
0.00162411
0.00161612
0.00756322
0.371549
0.000356445
0.179334
7.82852e-05
0.0199785
0.000839659
0.00123104
0.00104102
0.00383638
0.00374248
0.000708241
0.00319804
0.000970117
0.000954264
0.0050567
0.0156507
0.139729
0.00728112
0.592317
0.00601566
0.00193728
0.0039202
0.250375
0.0696475
0.00141557
0.00633526
0.00222091
0.472678
0.00212928
0.00214488
0.00288532
0.000226998
0.0162837
0.000305638
4.96622e-05
0.442036
0.00654747
0.00227324
0.190592
0.0881198
0.00164569
0.0749303
0.00980375
0.00248947
0.00424292
0.00688749
0.000174315
0.00137267
0.0011759
0.0801102
0.00928221
0.00466767
2.08164e-05
0.00142961
6.80652e-05
0.00367665
0.00389673
0.30725
0.0331286
0.000292664
0.00139095
0.00173419
0.0087017
0.00691668
0.000577056
0.0357622
0.0278762
0.001693
0.0089151
0.119919
0.0175208
0.00238603
0.00280037
0.0284394
0.00505684
0.020787
0.292407
0.493286
0.00582685
0.540441
0.0170384
0.0378878
0.000651792
0.295994
0.399905
0.0030175
0.000402882
0.0737874
0.000482846
0.0134373
0.00215253
0.000816715
0.0225749
0.00113713
0.0913951
0.000915137
0.000632104
0.0120339
0.000547031
0.0112968
0.00749083
0.0107978
0.115327
0.00175344
0.0174564
0.446775
0.593564
0.00495138
0.190128
0.211724
0.000303795
0.000200649
0.527992
0.0144092
0.00149864
0.00607389
0.495848
0.484848
0.000248332
0.41221
0.0236178
0.00607916
0.000847486
0.438979
0.000247634
0.00357294
0.00349261
0.541117
0.000118341
0.572553
0.260087
0.457666
0.400182
0.394358
1.16565
0.00236489
0.0310369
0.00175392
0.00147484
0.00333869
0.509439
0.00140655
0.00939649
0.457003
0.584301
0.142162
0.415583
2.07986e-05
0.000176794
0.00287842
0.456329
0.0107087
0.00302326
0.1819
0.488808
0.00273105
0.642548
0.525717
0.00151979
0.00337346
0.0875717
0.41598
0.391196
0.193488
0.0346535
0.000592382
0.372882
0.0161041
0.0189846
0.00136601
0.00136079
0.00257562
0.561021
0.302585
0.00044101
0.420972
0.4945
0.232571
0.0151847
0.373619
0.424261
0.252522
0.060461
0.00390283
0.000283048
0.490066
0.00868168
0.0195471
0.000108558
0.00254354
5.15528e-05
0.000542371
0.0141398
0.258475
0.00187957
0.00691829
0.321961
0.00477605
0.0276297
0.013576
0.00014976
0.2528
0.00766253
0.434489
0.0492417
0.152703
0.504057
0.00191611
0.0019057
0.593518
0.00904305
0.0945138
0.110155
0.322929
0.00478669
0.330271
0.00865341
0.00124587
0.0592691
0.406194
0.370982
0.0161208
0.0012631
0.237999
0.166105
0.47402
0.428523
0.000239231
0.203305
0.0254092
0.015311
0.00231185
0.307367
0.37916
0.199358
0.00111449
0.00666608
0.0103027
0.0979762
0.198831
0.00196321
0.0139501
0.0167885
0.0251279
0.116844
0.145159
0.507546
0.183966
0.296962
0.0075317
0.00108194
0.494854
0.00252424
0.0033597
0.00104888
0.000112452
8.79541e-06
0.00440304
0.00989984
0.000374609
0.000357081
0.00344093
0.518542
0.266235
0.0737769
0.000727468
0.000531666
0.00106374
0.0676192
0.0212161
0.0326306
0.0139576
0.347398
2.26163e-05
0.000946588
0.452033
0.000420183
0.0113432
0.168879
0.00207777
0.00628922
0.145776
0.00414286
0.196267
0.000825586
0.0180722
0.286263
0.00201333
0.183603
0.00432822
0.0610293
0.00505594
0.0457368
0.00163707
0.460344
0.20835
0.439931
0.351483
0.285474
0.0835078
0.214013
0.0451881
0.246603
0.225097
0.101956
0.449543
0.0035992
0.00548137
0.00296796
0.00107943
0.00021637
0.226656
0.000939744
0.00259483
0.474624
0.000465328
0.0402337
0.00114632
0.531179
0.00137516
0.368384
0.0123767
0.00112106
0.000660408
0.190158
0.117096
0.139087
0.0103944
0.000662758
0.0508098
2.66729
0.00127827
0.00160098
0.00560124
0.00151463
0.00114739
0.00156517
0.493482
0.00554761
0.000590995
0.277324
0.257443
0.400782
0.301686
0.000388615
0.524141
0.00304292
0.00213089
0.00164695
0.501659
0.142635
0.0154395
0.00597731
0.0018166
0.44108
0.000730552
0.418205
5.31689e-06
0.00849235
0.396848
0.416411
0.281219
0.218234
0.000898124
0.368259
0.0687118
0.000545037
0.411969
0.011889
0.504123
0.00078429
0.215776
0.145736
0.00790068
0.071356
0.000999318
0.00222677
0.0263861
0.215353
0.534792
0.00260783
0.160353
0.309141
0.147895
0.326471
0.358689
0.024898
0.417957
0.330839
0.375573
0.00196906
0.00164202
0.00825736
0.0646896
0.00942935
0.00216554
0.035036
0.00403351
0.252109
0.00119141
0.00353589
0.00232281
0.00537559
0.420196
0.540522
0.264731
0.000164462
0.0113375
0.133679
0.000673213
0.000388127
0.000873226
0.0016713
0.00216755
0.0040599
0.557653
5.01053e-05
0.0015191
0.0108407
0.000802489
0.00229524
0.0037882
0.325277
0.0100055
0.00114855
0.000591614
0.000519804
0.155906
0.00179574
0.475459
0.00044617
0.0513868
0.502406
0.304769
0.146226
0.432638
0.00125769
0.00164613
0.00163761
0.568866
0.368295
0.00727366
0.538304
0.0001541
0.00283976
0.00830913
0.00357471
0.00207068
0.673614
0.414166
0.0328723
0.455709
0.000540701
0.0216538
0.00526495
4.20031e-05
0.553915
0.00455728
0.509585
0.502405
0.00587033
0.484765
0.0060693
0.0261148
0.00237656
0.00113201
0.00563937
0.00299654
0.0197579
0.175886
0.379908
0.030858
0.508269
0.0262599
0.00959685
0.00326185
0.330213
0.00278355
0.000818732
0.000233879
0.280276
0.0214968
0.000908425
0.39513
0.000180238
0.499512
0.0356977
0.015902
0.00207774
0.0232175
0.00440267
0.00392812
0.00074037
0.402136
0.411823
0.274486
0.00123092
0.0444097
0.00177589
0.00340857
0.000460883
0.390884
0.000426219
0.001254
0.174254
0.0380886
0.451251
0.000699124
0.399823
0.0260028
0.0360878
0.23726
0.50432
0.0176765
0.00142286
0.000905481
0.0047471
0.334814
0.0143535
0.0877546
0.00157789
0.287974
0.40991
0.0144824
0.0136388
0.000470427
0.0596833
0.00289919
0.435925
0.208078
0.396823
0.0015014
0.459195
0.11034
0.00122796
0.000868716
0.000663516
0.00240328
0.000867669
0.335082
0.00839056
0.449091
0.00139431
1.12185
0.000286292
0.00332777
0.0822479
0.051746
0.00224738
0.0021866
0.00105274
0.019466
0.00279095
0.00081545
0.454359
0.00153743
0.00261842
0.00369576
0.000234929
0.00036035
0.212582
0.00197707
0.428404
0.00375162
0.00246443
0.00211946
0.0147336
0.546169
5.23792e-05
0.00119648
0.00925231
0.0023719
0.181966
0.0122716
0.00070645
0.00482618
0.0271762
0.00198173
0.493601
0.00914969
0.515712
0.034274
0.000927481
0.428357
0.00297406
0.00425588
0.000129123
0.00444642
0.549049
0.00209682
0.000158229
0.551006
0.00443661
0.0034713
0.000518576
0.00113059
0.00276415
0.500399
0.167291
0.0174177
0.000251696
0.000891456
0.00272685
0.000308375
0.0116951
0.00327058
0.427635
0.153845
0.0108247
0.0321063
0.257852
0.00225816
0.0164595
0.00301463
0.0751759
0.0255832
0.000837817
0.000686273
0.00072037
0.00225234
0.00159143
0.000127858
0.00522587
0.719408
0.00149469
0.0104516
0.267026
0.00143822
0.00595912
0.0081154
0.312121
0.557727
0.169212
0.365105
0.0016065
0.065093
0.133513
0.00257432
0.103358
0.216001
0.0210457
0.000540194
0.0179171
0.000635172
0.301627
0.212889
0.0205888
0.0312886
0.0180204
0.294619
0.000665913
0.237733
0.549913
0.158445
0.520746
0.0613623
0.466044
0.417923
0.00682587
0.00271358
0.0097844
0.22149
0.00380124
0.547181
0.000337058
0.000484707
0.395224
0.00033804
0.340391
0.002246
0.00692496
0.00557666
0.00268504
0.002086
0.148771
0.00863175
0.0762766
0.15127
0.0317254
0.364665
0.0129351
0.324991
0.00252978
0.000549803
0.041931
0.0384323
0.246609
0.000461113
0.0105329
0.00306566
0.487135
0.225776
0.00221036
0.0374139
0.384242
0.492631
0.00224765
0.432741
0.00135786
0.317591
0.00100004
0.0861967
0.01278
0.346793
0.460862
0.00179291
0.375103
0.0165505
0.00633275
0.360584
0.000543296
0.456395
0.023532
0.00638587
0.00846892
4.02159e-05
0.00262625
0.00324098
0.00346489
0.000668367
0.201929
0.00553873
0.0179849
0.00613458
0.232415
0.000798927
0.234949
0.00131984
0.000611503
0.318657
0.000970745
0.0465625
0.000434047
9.7752e-05
0.0967883
0.00264545
0.000134878
0.00067539
0.0131344
0.0239901
0.00867038
0.000451148
0.571328
0.000890064
0.00303058
0.0511685
0.00234957
0.000138787
0.0883296
0.00461838
0.000514665
0.00107005
0.473339
0.554952
0.00560209
0.00541655
0.0123964
0.0215826
0.00216923
0.0650097
0.00401474
0.0495822
0.396524
0.000286735
0.253566
0.000630967
0.557081
0.040234
0.436624
0.502473
0.396515
0.179147
0.355456
0.000553922
0.419923
0.374597
0.00132466
0.00154879
0.426633
0.311581
0.238409
0.119316
0.0192386
0.011072
0.0198093
0.195566
0.00228171
0.00403716
0.233909
0.00472671
0.00294686
0.0141172
0.139502
0.479484
0.000168006
0.537431
0.112723
0.0132478
0.429636
0.00038871
0.002501
0.0189083
0.001139
0.000101655
0.0181529
0.0125643
0.0013531
0.00401752
0.368406
0.0110902
0.0467756
0.227051
0.198053
0.00331651
0.000221189
0.00809046
0.3654
0.00660055
0.410638
0.00522381
0.320955
0.000735455
0.00589975
0.000738254
0.00017332
0.0403002
0.541355
0.00463948
0.0968732
0.00308775
0.000655289
0.00180934
0.0715182
0.00653771
0.364195
0.182892
0.00851961
0.00228723
0.273064
0.00187122
0.295786
0.000208507
0.0276182
0.409642
0.356217
0.346341
0.242349
0.000861831
0.000642804
5.06904e-05
0.504236
0.38706
0.000236842
0.027571
0.503396
0.000258895
0.00593114
0.00320941
0.317854
0.686592
4.53082e-05
0.0405632
0.00244625
0.00472837
0.00278114
0.00103253
0.00324997
0.36487
0.42206
0.206272
0.52213
0.00352772
0.00136623
0.277604
0.0259466
0.545556
0.00962191
0.00102757
0.415598
0.454446
0.000884122
0.519324
0.131062
0.010395
0.0380449
0.291416
0.00456506
0.0025546
0.13677
0.000986575
0.00770036
0.364161
0.501222
0.569752
0.000234268
0.00340265
0.262085
0.240821
0.16214
0.477381
0.497845
0.00378001
0.000313221
0.547273
0.0151381
0.00300842
0.237253
0.00410503
0.166921
0.00630231
0.496096
0.435374
0.00209729
2.28017e-05
0.272925
0.0104772
0.00907085
0.00394463
0.0334897
0.0103628
0.0942572
0.088893
0.00858142
0.491653
0.484606
0.00455287
0.284076
0.395341
0.017556
0.0232548
0.00756845
0.49581
0.314565
0.00501451
0.000274598
0.45818
0.0064797
0.352214
0.258885
0.493184
0.32936
0.00749026
0.0167875
0.0632572
0.0107956
0.351066
0.0119396
0.402838
0.00513928
0.000864565
0.00151537
0.00140125
0.3711
0.00199286
0.000434579
0.000123167
0.26964
0.0020035
0.0395053
0.00560047
0.0105119
0.405609
0.00554709
0.531397
0.456917
0.000949354
0.0291197
0.0312145
0.0390918
0.452019
8.69563e-05
0.0258221
0.000496892
0.446342
0.00088787
0.524216
0.00258772
0.069614
0.467925
0.00555173
0.000379056
0.0195668
0.25222
0.0538762
0.443357
0.00702714
0.00107697
0.00323022
0.277567
0.260213
0.0101277
0.00284468
0.18295
0.431655
0.065188
0.0143871
0.460445
0.000246825
0.174519
0.24149
0.00757722
0.00505369
0.00597663
0.00583275
0.556416
0.00583279
0.00832799
0.000455618
0.000800089
0.438743
0.00052583
0.00460504
0.0236358
0.00299936
0.00515661
0.0317504
0.00229692
0.00607343
0.0382835
0.0169393
0.00146548
0.00177976
0.0155062
0.305318
0.383897
0.0105295
0.22897
0.00621141
0.0280968
0.00264024
0.0158346
8.49765e-05
0.229185
0.000175111
0.164077
0.482975
0.000945239
0.00700793
0.00183504
0.351231
0.370642
0.152148
0.00181092
0.00156253
0.464933
0.0200613
0.441472
0.00322254
0.321455
0.00494979
0.539736
0.332025
0.00213412
0.00114031
0.00139771
0.00164826
0.521616
0.28725
0.0181617
0.277734
0.524376
0.194303
0.00427303
1.92194e-05
0.00558222
0.191873
0.129719
1.08631
0.0261176
0.0018398
0.529578
0.0278871
0.00217223
0.0951162
0.455295
0.0153339
0.00148501
0.00044876
0.00302495
0.93348
0.00052014
0.000406462
0.00113918
0.39702
0.0136353
0.141856
0.276355
0.000803269
0.0049215
0.000521155
0.00586815
0.00212206
0.00160593
0.481155
0.000233788
0.00837045
0.387748
0.295723
0.000885784
0.000610277
0.000511253
0.000339365
0.5261
0.00248732
0.0215722
0.00185543
0.00166568
0.00481725
0.0951753
0.000311691
0.883524
0.00563089
0.562957
0.0369207
0.18707
0.433594
0.0215346
0.000719997
0.295389
0.000928733
0.00163572
0.211569
0.00164563
0.00220751
0.0432438
0.0291628
0.00270634
0.554466
0.000583124
0.00478338
0.00576455
0.333274
0.00310537
0.438154
0.155261
0.00106128
0.00114618
0.00700618
0.000882794
0.627749
0.00064438
0.000798485
0.00159622
0.000326758
0.00313797
0.00492119
0.268373
0.00156456
0.539604
0.0105727
0.00508804
0.551506
0.00190025
0.0316723
0.00234189
0.0024873
0.00310781
0.519739
0.00206885
0.406961
0.326471
0.000930135
0.000927566
0.249993
0.0112989
0.000533431
0.361196
0.40377
0.00241226
0.00520065
0.00626751
0.197455
0.00711825
0.00932435
0.00272242
0.00287702
0.00523403
0.384839
0.297172
0.00513164
0.00171468
1.4482e-05
0.461768
0.00755546
0.0173762
0.00058466
0.0278822
0.00121982
0.00482485
0.00566713
0.0302583
1.02417
0.496162
0.00323957
0.31265
0.0170297
0.478736
0.380887
0.45306
0.00354176
0.00443516
0.000246202
0.000176377
0.00306624
0.0698741
2.74751
0.00315395
0.0158136
0.00465142
0.000214072
0.0316537
0.00208312
0.00381793
0.00420581
0.000290748
0.00354696
0.0104928
0.0411948
0.408115
0.00578594
0.0334793
0.410496
0.226026
0.0207341
0.0322606
0.388974
0.194232
0.00618831
0.436423
0.479407
0.0725213
0.358764
0.00116039
0.00431879
0.00214508
0.000756367
0.0115473
0.365871
0.00369765
0.000687705
0.000167688
0.0824987
0.00884248
0.0200822
0.0194213
0.00278594
4.61924e-05
0.00526112
0.00288964
0.00934127
0.031542
0.00228004
0.00833762
0.000459603
0.326214
0.00269951
0.00618143
0.385657
0.00311545
0.239693
0.0181291
0.30634
0.000449259
0.00820101
0.00539015
0.000510601
0.0193157
0.0128415
0.00330594
0.000983774
0.00319728
0.0101984
0.0207999
0.202675
0.00772772
0.00316182
0.0120398
0.0132392
0.379936
0.00219686
0.0154826
0.00879404
0.000491253
0.365596
0.00186973
0.00802431
0.492582
0.000314742
0.404799
0.373905
0.0578321
0.000289177
0.0155916
0.0160998
0.458137
0.0133903
0.0271213
6.63661e-05
0.00263986
0.0546744
0.00567037
0.000129322
0.00118045
0.0313711
0.0216993
0.0693346
0.00612666
0.352054
0.0212098
0.00170534
0.0041453
0.00583685
0.448945
0.415413
0.0154026
0.24187
0.376539
0.019404
0.00779011
0.250474
0.0107767
0.386368
0.0206066
0.442473
0.00492838
0.0200892
0.0109584
0.00131879
0.00694933
0.00962944
0.0179928
0.00452382
0.00888811
0.00672761
0.419946
0.288708
0.00456119
0.00517467
0.00395284
0.546111
0.000238616
0.000918482
0.000832913
0.00965252
0.00310434
0.0283581
0.0272929
0.471217
0.00323513
0.00313926
0.0196432
0.406406
0.00276978
0.530272
0.00314169
0.000865938
0.129806
0.000368238
0.512762
0.00149222
0.385154
0.00341037
0.00754257
0.00279089
0.0177378
0.000827149
0.000701098
0.177022
0.0210688
0.287998
0.278497
0.279433
0.007679
0.166066
0.00736607
0.623392
0.00241042
0.516573
0.395954
0.00251097
0.00126442
0.0122278
0.252505
0.00115017
0.434668
0.00200196
0.149388
0.326668
0.00177569
0.0271418
0.0158612
0.0568407
0.00161935
0.00101228
0.00118084
0.332495
0.00135143
0.000128949
0.000525847
0.520876
0.00359191
0.00163977
0.00157236
0.00157054
0.000611096
0.00470431
0.28025
0.00406238
0.00736478
0.0044933
0.0019781
0.516556
0.00289171
0.189769
0.00120201
0.00860947
0.00066084
0.539924
0.551395
0.000902876
0.0068815
0.381969
0.342215
0.546501
0.505821
0.0055391
0.00502189
0.509734
0.00205451
0.735449
0.0117897
0.0276795
0.193892
0.525471
0.000368298
0.138448
0.413149
0.353526
0.00134623
0.00264689
0.000417503
0.000295177
0.000615096
0.00228691
0.0357163
0.00390005
0.0822334
0.458271
0.000735506
0.150911
0.520026
0.000130918
0.426076
0.00380446
0.000713461
0.0130774
0.000201391
0.00146973
0.000268381
0.0113214
0.412515
0.000297992
0.000407973
0.0291388
0.0611213
0.0456748
0.0320303
0.0129499
0.00223508
0.194683
0.00142782
0.0044085
0.0168045
0.00142413
0.0123409
0.00161701
0.00777064
0.533345
0.00069689
0.0121442
0.10383
0.00180541
0.26233
0.070871
0.00400522
0.00341248
0.00322793
0.00126266
0.0177613
0.0581829
0.000395055
0.0738114
0.0164237
0.000499721
0.00481362
0.00105391
0.0084847
0.00101711
0.0262873
0.000943693
0.000205674
0.283485
0.533237
0.000191894
0.00355059
0.00786688
0.260703
0.371946
0.242817
0.0081097
0.000681976
0.470935
0.0444954
0.470854
0.39469
0.0183064
0.000950306
0.185699
0.00339895
0.000265571
0.00644782
3.47343e-05
0.00484407
0.0022966
0.000638056
1.93406e-05
0.0016423
0.00344576
0.027759
0.0844622
0.519093
0.0163498
0.00416289
0.00157591
0.0017272
0.00531411
0.0160824
0.00265669
0.00683253
0.00225351
0.294748
0.000197966
0.435007
0.000297519
0.00472025
0.473059
0.00528731
0.000556599
0.574117
0.00150777
0.00135415
0.367461
0.00181947
0.159421
0.00289777
0.00758681
0.0449351
0.00638245
0.00284772
0.00178659
0.00140265
0.0390259
0.00334816
0.0111887
0.00131909
0.00136324
0.00202508
0.00723716
0.00210159
0.439598
0.459859
0.363221
0.00273856
0.0002358
0.00527892
0.0122473
0.00181095
0.00782351
0.532122
0.000325445
0.000813909
0.016141
0.00125964
0.00335794
0.0160775
0.153266
0.00235187
0.0787961
0.000492365
0.00908157
0.0363575
0.00405465
0.000670946
0.0223194
0.00026964
0.00691621
0.00590837
0.0488163
8.69997e-05
0.00468259
0.00601971
0.00433794
0.255373
0.0230286
0.00480541
0.00202925
0.0415123
0.00106966
0.00391231
0.0498351
0.305301
0.00470661
0.535474
0.140657
0.0134929
0.00452001
0.259996
0.375017
0.00176307
0.00780235
0.00923378
0.00106377
0.00445716
0.000293163
0.521761
0.006789
0.00224097
0.000686758
0.386243
0.0473993
0.000942089
0.00485541
0.0135879
0.0140413
0.00611073
0.000702956
0.00196906
0.417378
0.0135156
0.000731223
0.0330824
0.000473953
0.00334874
0.026868
0.00168342
0.502357
0.0855827
0.000934654
0.0200661
0.00578445
0.02409
0.00555712
0.00239077
3.42055e-05
0.002461
0.000722618
0.00394641
0.016296
0.0106101
0.0130685
0.00571439
0.383687
0.00179945
0.00251359
0.00334446
0.00256483
0.000872993
0.00358529
0.0121116
0.000122349
0.000738453
0.038036
0.00256118
0.0010541
0.00924545
0.000177321
0.001804
0.0338951
0.00942063
0.000294082
0.00518866
0.00500163
0.00432515
0.174328
0.00255768
0.00329595
0.00190976
0.0231596
0.00276559
0.00798626
0.00116964
0.0257742
9.50713e-05
0.000302389
0.000999957
0.434531
0.00082496
0.0123131
0.00342931
0.0120269
0.444195
0.0164572
0.00325712
0.0787241
0.509715
0.00211755
0.312113
0.0218704
0.00479954
0.00147826
0.106452
0.00500399
0.377638
0.00769251
0.134504
0.512943
0.19973
0.387314
0.430932
0.0496644
0.000223598
0.367696
0.571038
0.000770286
0.466208
0.235617
0.320359
0.207898
0.00204981
0.00107254
0.0074264
0.000299059
0.00671498
0.294075
0.0171824
0.00480507
0.000229182
0.0162681
0.0218564
0.431157
0.0196202
0.0200417
0.00042455
0.00115022
0.0286179
4.85546e-05
0.00786927
0.0101876
0.00057309
0.02124
0.00204684
0.000308186
0.342018
0.296114
0.00317896
0.0151227
0.227149
0.00378596
0.044931
0.00613618
0.000104535
0.0021448
0.00130031
4.61563e-05
0.481146
0.00233062
0.00203022
0.0540663
0.00578471
0.429879
0.00704471
0.000356234
0.525077
0.055795
0.182123
0.00191513
0.499182
0.277694
0.391275
0.00249197
0.0156775
0.00546018
0.0032514
0.189067
0.0212553
0.161403
0.365989
0.442808
0.003353
0.000648482
0.446083
0.396766
0.0212338
0.263147
0.52615
6.68525e-05
0.000910069
0.420986
0.0053486
0.000753337
0.507807
0.111253
0.397804
0.152814
0.00976133
0.192407
0.0647032
0.459631
0.0431895
0.0113378
0.0102764
0.000878797
0.000916852
0.44431
0.248254
0.235446
0.0272257
0.00485385
0.0043444
0.0182354
0.514905
0.0143519
0.536619
0.00114505
0.00553737
0.00447756
0.386895
0.0016236
0.0511368
0.031672
0.250297
0.523207
0.460239
0.000744925
0.375396
0.0222703
0.553229
0.39238
0.301964
0.0206554
0.0171388
0.179252
0.0146349
0.0801229
0.0249488
0.0540794
0.0058485
0.174413
0.00699148
0.000814229
0.256398
0.0136488
0.255156
0.35787
0.000441567
0.0129271
0.283592
0.00243993
0.160237
1.0765e-05
0.0200774
0.160614
0.00121233
0.00979295
0.221018
0.000215774
0.00606581
0.00208269
0.535619
0.0927605
0.268546
0.0024219
0.00371626
3.11874
0.273573
0.545754
0.00191859
0.0141026
0.0054225
0.00645798
0.00523064
0.00123674
0.000831561
0.00193044
0.000579835
0.0104088
0.00235173
0.000204457
0.00896674
0.000453368
6.60293e-06
0.00365089
0.00363043
0.000277209
0.00779536
0.0342445
0.0156882
0.00246434
0.00079702
0.00203968
0.00111254
0.00305365
0.443527
0.0173452
0.0285479
0.0992281
0.00121474
0.0250471
0.00172058
0.0036553
7.19581e-05
0.0021471
0.432086
0.0103314
0.011467
0.419397
0.417241
0.000360614
0.000967152
0.294345
0.00190005
0.00249499
0.0084931
0.157455
0.000813762
0.0208334
0.428281
0.00541272
0.000908934
0.00138365
3.736e-06
0.028025
0.000943523
0.000917124
0.0283184
0.00666597
0.000597588
0.0490536
0.00558472
0.00812104
0.00258554
0.00579866
0.0027603
0.00136951
0.00709971
0.0036837
0.00105783
0.00334868
0.00460121
0.0159792
0.0090642
0.67542
0.0107195
0.409841
0.000535138
0.22314
0.000131324
0.0426626
3.02867
0.253394
8.57228e-05
0.28722
0.00458199
0.00614102
0.000162762
0.347433
0.515213
0.521809
0.00197726
0.00979127
0.0620184
0.0517825
0.00072299
0.0102617
0.0382833
0.00024402
0.0136241
0.00564499
0.000281045
0.000918646
0.231171
0.00487017
0.00175493
0.0119369
0.0477143
0.00284567
0.00628946
0.000408217
0.00946019
0.00120903
0.0297791
0.0183742
0.00273523
0.00299874
0.0146093
0.0155532
0.00168219
0.836309
0.00606576
0.00103755
0.00145327
0.000870892
0.444486
0.497862
0.00197063
0.0149624
0.21694
0.335157
0.00264463
0.359151
0.000151641
0.362777
0.86394
0.135151
0.543067
0.413511
0.507051
0.000991365
0.000156991
0.00133891
0.00406767
0.00418115
0.0130714
0.510896
0.000504187
0.00245958
0.00328591
0.178687
0.0110142
0.466661
0.0009468
0.00194425
0.00185697
0.00191316
0.0177916
0.0865378
0.000496424
0.270847
0.185311
0.00299021
0.0114948
0.00110291
0.0158661
0.00317543
0.351485
0.347031
0.036518
0.0709085
0.00225792
0.00278937
0.000121607
0.0400525
0.531868
0.00123198
0.00479818
0.00132295
0.00329693
0.161153
0.221695
0.000913606
0.036653
0.260157
0.0152027
0.00195779
0.0346003
0.481434
0.00525556
0.316392
0.493907
0.0109368
0.290139
0.00142075
0.00205
0.43677
0.00246139
0.417091
0.286095
1.31502
0.610945
0.060029
0.272907
0.0192074
0.000187818
0.0238327
0.00226764
0.00264443
0.0629855
0.425687
0.000657629
0.000709949
0.00934429
0.203779
0.000415057
0.543904
0.00614955
0.47781
0.0310735
0.00210851
0.453115
0.000296783
0.000689609
0.0295057
0.556959
0.000325958
0.296856
0.455762
0.0532678
0.00443243
0.00527492
0.00217367
0.0132806
0.119901
0.264899
0.334882
0.00147736
0.00985499
0.299649
0.0586371
0.000848292
0.349866
0.393677
0.00649061
0.00380539
0.291689
0.337483
0.028984
0.202436
0.118533
0.379148
0.226445
0.373018
5.25385e-05
0.449401
0.00355835
0.00397923
0.420443
0.231484
0.380493
0.485522
0.44446
0.00600609
0.257772
0.00923814
0.5022
0.398339
0.430412
0.387956
0.0026687
0.36096
0.398959
0.0408769
0.0312269
0.158066
0.0120402
0.534414
0.302995
0.218634
0.366408
0.00478901
0.00199613
0.0198455
0.00251395
0.000928131
0.00182518
0.0267819
0.0573816
0.00177609
0.218586
0.0049794
0.00117921
0.548301
0.0109166
0.00382698
0.362679
0.0380944
0.00138717
0.0168094
0.00180767
0.443406
0.067607
0.469925
0.31001
6.36408e-05
0.5146
0.333803
0.00687777
0.000832173
0.00408781
0.509046
0.00537086
0.000637165
0.00973211
0.307605
0.374688
0.352997
0.0022126
0.00638417
0.000560517
0.00132025
0.163409
0.000269568
0.016773
0.0105678
0.468472
0.507149
0.000822728
0.188142
0.00633349
0.0137978
0.00128555
0.00184306
0.000541666
0.11574
0.187426
0.566167
0.0429401
0.271064
0.467554
0.0174287
0.00853457
0.0103523
0.396682
0.00638154
0.00136177
0.471075
0.00114696
0.00301548
0.283216
0.0727092
0.0161772
0.268496
0.00929926
7.28437e-05
0.0031522
0.385952
0.0632607
0.534599
0.00559597
0.00199145
0.0270102
0.00654556
0.223311
0.481454
0.000361207
0.238709
0.281988
0.32263
0.000544549
0.384958
0.000224063
0.400941
0.114548
0.0180985
0.0314409
0.0189412
0.0961674
0.00436331
0.000249287
0.319581
0.00233362
0.508058
0.000983828
0.00190126
0.00157114
0.611697
0.278156
0.000815071
0.00227876
0.0133063
0.735799
0.514063
0.000332798
0.353417
0.0896206
0.00307719
0.00181426
0.00855693
0.109887
0.320912
0.00226708
0.143146
0.399817
0.00556465
0.394846
0.00747434
0.00565719
0.000423603
0.00128076
0.0701426
0.0322961
0.00329078
0.0258399
0.306578
0.0020161
0.000279574
0.0575759
0.0013346
0.000603985
0.0109153
0.00861203
0.0119209
0.226743
0.0281677
0.293497
0.00467055
0.304517
0.00447475
0.00130277
0.00360939
0.000253422
0.000628875
0.00106613
0.00222353
0.00223889
0.000462676
0.00993415
0.00206685
0.0140423
0.00466879
0.00287144
0.00996271
0.000979301
0.00543169
0.00990296
0.395632
0.0020457
0.00985774
0.413935
0.00108447
0.017403
0.00285204
1.37733e-05
0.0403
0.00308251
0.0130673
0.00069784
0.300012
0.00115877
0.00156049
0.000934073
0.447329
0.000777107
0.00868914
0.00149713
0.00237238
0.00620522
0.0076034
0.0174525
0.00222344
0.000232438
0.539892
0.00430068
0.370361
0.000213169
0.00186258
0.00538457
0.000276877
0.0563155
0.00741682
0.0184596
0.00202585
0.00804056
0.014348
0.013156
0.00153898
0.0083127
0.0635006
0.00211899
0.0124489
0.00130013
0.00116149
0.00074153
0.000122219
0.00136775
0.489496
0.007627
0.402731
0.00545269
0.00488368
0.00018942
0.494713
0.00332682
0.00836232
0.00442144
0.00686614
0.00199699
0.0016791
0.0936993
0.00213259
0.0023002
0.026722
0.0123301
0.000249406
0.0424444
0.0534969
0.133037
0.0019693
0.192302
0.000834594
0.00108224
0.000811319
0.000167459
0.0139539
0.527679
0.00144378
0.000921802
0.0127053
0.227452
0.371337
0.00829786
0.00102835
0.0136903
0.00100163
0.00883597
0.000835966
0.00212781
0.0159527
0.00718154
0.00523904
0.0011504
0.562313
0.00416151
0.53535
0.0661817
0.00316768
0.371118
0.0376974
0.0975559
0.0144339
0.576701
0.0726087
0.0122439
0.237571
0.00242677
0.000101121
0.00083382
0.465687
0.000636744
0.522755
0.000974695
0.0125425
0.146686
0.0331173
0.280344
0.253049
0.000127105
0.000194108
0.00138362
0.187054
0.460651
6.23586e-05
0.00368718
0.00228798
0.0221351
0.000409646
3.19024e-05
0.00546487
0.147002
0.000482814
0.441797
0.514841
0.0116043
0.00150425
0.0036246
0.00579797
0.0659759
0.00767137
0.520935
0.454574
0.00255372
0.474867
0.000850902
0.400736
0.00902575
0.342936
1.96541e-05
0.00104066
0.00739582
0.00122218
0.00549421
0.00120946
0.00896533
0.000648569
0.435928
0.000989135
0.00108195
0.00292725
0.000520755
0.00284801
0.0025862
0.00722661
0.0143302
0.0489215
0.00284644
0.00333205
0.00254975
0.19664
0.00544281
0.000471424
0.00060758
0.0284177
0.00194944
0.0025762
0.000758812
0.0212209
0.452046
0.501848
0.0042467
0.0032768
0.00416797
0.00429332
0.104608
0.0106186
0.518725
0.000456172
0.00035633
0.00246981
0.00368857
0.492133
0.00163597
0.00192652
0.00119821
0.00200899
0.00108652
0.00659868
0.130859
0.00668882
0.300331
0.298578
0.256859
0.000829039
0.000109593
0.00219397
0.00127296
5.41021e-06
0.00504624
0.00579439
0.00237676
0.000725698
0.000412045
0.037615
0.0249078
0.000959587
0.00295644
0.0210387
0.000381303
0.000977768
0.00404565
1.85802e-05
0.417769
4.81892e-05
0.0021804
0.00269746
0.0390214
0.00350735
0.00672561
0.267348
6.81799e-05
0.375512
0.0325066
0.00276046
0.00584332
0.000127792
0.00131127
0.368553
0.00060851
0.267432
0.00272479
0.0153939
0.0130247
0.122709
0.010916
0.609629
0.376414
0.000412757
0.00496655
0.000385178
0.00638763
0.00841803
0.0019022
0.00524096
0.48028
0.0163343
0.00490238
0.0034521
0.000551308
0.261983
0.000137158
0.0808974
0.00389832
0.00305907
0.18479
0.00158345
0.0307466
0.00382514
0.514393
0.227295
0.0217406
0.000918603
0.00130793
0.0128115
0.000794645
0.00152698
0.480736
0.0148007
0.31025
0.392765
0.0013705
0.0440317
0.329711
0.0768525
0.000962221
0.395566
0.00180314
0.478021
0.00651134
0.000208811
0.561251
0.00178593
0.036666
0.000288844
0.00184484
0.584894
0.00051263
0.000769187
0.000196901
0.000550415
0.0015333
0.0107166
0.248917
0.0453744
0.00505803
0.478757
0.00266159
0.00281044
0.000429221
0.000803561
0.000202687
0.168039
0.00508449
0.000782368
0.000909697
0.0039357
0.00828556
0.0047603
0.00107902
0.153346
0.00157949
0.000563991
0.33833
0.116265
0.307079
0.221108
0.000163823
1.31516
0.071109
0.0310286
0.00380055
0.00268431
0.00427516
0.20502
0.00128496
0.0409408
0.000475344
0.00100127
0.000838038
0.269219
0.00132437
0.00360137
0.0121843
0.000372228
0.290273
0.00064792
0.0284516
0.00336798
0.458148
0.020811
0.188364
0.52583
0.35261
0.00478797
0.00749249
0.00239062
0.525785
2.16777e-05
0.000879573
0.0138218
0.44195
0.00758152
0.173931
0.00574698
0.000302484
0.0652797
0.0269914
0.000269091
0.000181189
0.229358
0.0135695
0.000625188
0.00187034
0.00843102
3.89466e-05
0.000682889
0.0141491
0.00100936
0.00285977
0.0222641
0.254581
0.0179608
0.00261569
0.1734
0.00727187
0.00107009
0.256458
0.0149297
0.340581
0.0111853
0.00194936
8.552e-05
0.0232435
8.79104e-05
3.00403
0.15161
0.000587364
0.409534
3.71551e-05
0.391734
0.408784
0.000161599
0.00191857
0.338659
0.305447
0.001415
0.0396106
0.000332516
0.0277861
0.307826
0.00264503
0.00934023
0.00105046
0.627593
0.00179476
0.236428
0.00152195
0.00563627
0.00434997
0.00156138
0.0021574
0.00230483
0.00528237
0.00505803
0.000795918
0.00106895
0.000491101
0.0451515
8.97944e-05
0.004136
0.00194393
0.00557047
4.61477e-05
0.0143587
0.0180414
0.00318091
0.000274549
0.0150512
0.0381997
0.00193664
0.813507
0.000206994
0.0135601
0.00265344
0.000672767
0.357812
0.0166888
0.00067096
0.008807
0.00103869
0.00199635
0.000296584
0.00953576
0.0359543
0.000198335
0.106048
0.00135964
0.00378265
0.356732
0.0282527
0.011031
0.00277469
0.547566
0.172138
0.00929204
0.00743289
0.127661
0.000239552
0.00841817
0.00104891
0.0097428
0.00416788
0.00550337
0.506286
0.295438
5.51623e-05
0.0185153
0.00417192
0.384134
0.00105042
0.30066
0.0229666
0.000188802
0.438565
0.513504
0.000523019
0.00441055
0.00496951
0.0015035
0.00691438
7.82844e-05
0.547751
0.47115
0.0124531
0.00865307
0.00182922
0.31542
0.38624
0.00372471
0.348519
0.0178816
0.00707995
0.0150953
0.000156029
0.000541118
0.00190265
0.0188364
0.00565599
0.00678256
0.000104106
0.00150112
0.0067936
0.340402
0.414877
0.00147488
2.61216e-05
0.00194427
0.518398
0.00919399
0.00118359
0.462896
0.918962
0.00764107
0.00093968
0.0156103
0.00604754
0.0310026
0.288469
0.481585
0.559512
0.00400008
0.000928048
0.0686297
0.00247337
0.00198147
0.178578
0.282802
0.506394
0.00179506
0.00298888
0.000645489
0.00115136
0.00195214
0.0090385
0.0293632
0.0121251
0.101481
0.0134067
0.00173063
0.0166834
0.264042
0.00294264
0.000126069
0.00102189
0.00677891
0.226115
0.00260308
1.7504
0.415354
0.001886
0.00600145
0.32568
0.0024826
0.00205036
0.0507657
0.00796071
0.00079458
0.00194935
0.468978
0.315074
0.163399
0.000168851
0.00718846
0.330941
0.00329691
0.00168768
0.00380056
0.551604
2.1583e-05
9.07188e-05
0.00013442
0.00176827
0.0243489
0.00150915
0.000268535
0.00170366
0.0451394
0.00394153
0.00578956
3.40835e-05
0.0030695
0.00970638
0.224013
0.517015
0.00843361
0.000461924
0.00025189
0.143226
0.00675954
0.00374592
0.000411766
0.000827857
0.406172
0.0108815
0.318198
0.00996316
0.00329658
0.242313
0.00485249
6.37995e-06
0.0656409
0.00430756
0.540147
0.454997
0.00424598
0.00478882
0.00184947
0.00318118
0.0176982
0.000807437
0.00119448
0.000291784
0.00691414
0.0229014
0.00425638
0.259861
0.206947
0.122472
0.00279188
0.261188
0.014044
0.00294311
0.00111587
0.00559644
0.00234124
0.00204048
0.00381074
0.00249199
0.514877
0.421118
0.00983359
0.00111089
0.00179791
0.00148641
0.00589744
0.000108545
0.467059
0.28383
0.0246737
0.516187
0.00483516
0.157149
0.320879
0.329988
0.490407
0.000559429
0.00522868
0.199169
0.00708822
0.000838799
0.10364
0.0124826
0.00385243
0.000597442
0.00440811
0.00187281
0.470374
0.00445752
0.00137487
0.0838766
0.000994957
0.00205313
0.548358
0.00530725
0.000206521
0.00336501
0.00419032
0.512932
0.0220869
0.0898507
0.0142054
0.174218
0.304691
0.143428
0.00384082
0.00397078
0.532448
0.377849
0.181263
0.462278
0.0340553
0.00233749
0.282937
0.0229072
0.331501
0.000931457
0.49109
1.67355
0.545715
0.00362207
0.0759269
0.468695
0.00449021
0.263191
0.00769379
0.579074
0.0012331
0.00220419
0.00880126
0.268622
0.00529913
0.00825878
0.472315
0.582713
0.0365604
0.00280882
0.299351
0.000466928
0.00060869
0.0353373
0.504719
0.00542296
0.485982
0.290915
0.000570245
0.00116719
0.0189585
0.309036
0.223821
0.0079482
0.00774665
0.00142277
0.408302
0.00150149
0.444015
0.00182357
0.347879
0.276734
0.425422
0.188405
0.0150722
0.000591256
0.512488
0.818773
0.0101449
0.33028
0.332934
0.000730568
0.44044
0.144963
0.44307
0.348964
1.28183
0.514246
0.20866
0.00295257
0.471446
0.480119
0.242064
0.165568
0.273297
0.00611139
0.00364255
0.391756
0.11248
0.26882
0.39247
0.228967
0.195204
0.06449
0.281513
0.206946
0.00823378
0.00389509
0.308438
0.000683608
0.0731217
0.285682
0.00274875
0.00917833
0.347282
0.118862
0.275331
0.132477
0.348252
0.247186
0.00648446
0.356729
0.0502014
0.0167979
0.409714
0.00766475
0.0121807
0.473153
0.00768773
0.333948
0.130293
0.00182479
0.375548
0.530093
0.00073833
0.19654
0.278868
0.0443417
0.0790216
0.135723
0.121064
0.00147439
0.0143733
0.0114824
0.000793433
0.0864695
5.21861e-05
0.00964879
0.532835
0.000791539
0.00113314
0.168216
0.00834245
0.281659
0.30286
0.546565
0.175913
0.00438059
0.301713
0.0551841
0.20839
0.00199811
0.000277979
0.000961858
0.000358644
0.236901
0.000968382
0.00261786
0.206761
0.00287955
0.00467685
0.00883458
0.000410825
0.0041535
0.00207738
0.0123471
0.273581
0.186799
0.358317
0.00286951
8.35753e-06
0.114354
0.00654742
0.290543
0.0924677
0.384209
3.39675e-05
0.0547314
0.0245353
0.362691
0.000695483
0.486659
0.215838
0.308895
0.00384928
0.00924945
0.00316464
0.325793
0.14471
0.193156
0.00024065
0.00122912
0.133673
0.440428
0.0242658
0.00904094
0.0415228
0.00706383
0.000147943
0.00634757
0.000134459
0.239193
0.0275743
0.00173901
0.0163921
0.00377817
0.00581711
0.0087453
0.171178
0.00180294
0.00174779
0.0199891
0.201815
0.00309947
0.149732
0.0193373
0.487199
0.00205022
0.00745128
0.498419
0.00251552
0.00407605
0.387843
0.00432431
0.436044
0.292984
0.00012963
0.129061
0.0189416
0.000137616
0.00689194
0.38434
0.000309686
0.0177324
0.00094585
0.00048782
0.005553
0.0015901
0.343205
0.000373322
0.0186832
0.488394
0.000437712
0.0843775
0.000308414
0.014234
0.011889
0.000948034
0.45337
0.03896
0.338947
0.00142293
0.511599
0.000827865
0.198819
0.0027072
0.194941
0.0116199
0.0111619
0.509303
0.494001
0.541304
0.00262914
0.402931
0.0148782
0.00110889
0.00109829
0.524597
0.0038274
0.20868
0.000119766
0.00341193
0.316346
0.333574
0.3569
0.480563
0.19485
0.444186
7.25137e-05
0.446139
0.00460338
0.00291668
0.466809
0.00155624
0.00346929
0.0151146
0.000113473
0.138803
0.00642767
0.469351
0.001331
0.0208182
0.196689
0.00104035
0.044648
0.00329379
0.00312715
0.0261766
0.00275207
0.442476
0.688846
0.216997
0.000995955
0.0083613
0.420218
0.0051624
0.000342277
0.0104144
0.383082
0.00206716
0.000630486
0.481716
0.00153987
0.535186
0.00202088
0.318768
0.329983
0.404169
0.391836
0.00080743
1.16299e-05
0.00635943
0.24544
2.71588e-05
0.0923277
0.00551261
0.0018832
0.000985403
0.551928
0.00106013
0.295654
0.306586
0.202072
0.0141433
0.490425
0.335066
2.71784e-05
0.00729307
0.362568
0.00100853
0.065967
0.402753
0.286064
0.000561599
0.000341021
0.00766973
0.008452
0.165862
0.0174692
0.502592
0.00119972
0.0856117
0.0102648
0.00427454
0.00816464
0.421412
0.014815
0.349901
0.326124
0.00175845
0.109061
0.222165
0.000314236
0.0161884
0.265645
0.0128796
0.283801
0.0122193
0.55661
0.00948709
0.448987
0.497656
0.484122
0.399426
0.598262
0.511628
0.000133878
0.483404
0.00231789
0.521537
0.242096
0.000252194
0.273664
0.00218867
1.45772
0.000891117
0.0202302
0.174961
0.00331379
0.00560748
0.192648
0.0217212
0.000989001
0.423042
0.00642074
0.295385
0.491081
2.15565e-05
1.27334
0.224875
0.00776926
0.0239824
0.00176413
0.0709017
0.270907
0.500847
0.00117182
0.0344977
0.00365981
0.000706805
0.342994
0.278211
0.00411604
0.392771
0.00214638
0.00254864
0.0176829
0.00368107
0.000848191
0.214453
0.328743
0.297625
0.0244573
0.203887
0.00791778
0.227867
0.00264182
0.402228
0.505602
0.00320382
0.252286
0.322391
0.453238
0.000662644
0.154626
3.80074e-05
0.379295
0.0293047
0.00326702
0.014181
0.0153527
0.0028689
0.0258613
0.0216054
0.000497962
0.00474771
0.0747004
0.290373
0.00109927
0.00308746
0.471738
0.412969
0.427188
0.00816599
0.000161404
0.00150005
0.202647
0.479031
0.000297263
0.0307501
0.0152668
0.101212
0.579163
0.345969
0.0116718
0.00461785
0.00106324
0.0221829
0.469305
0.00479593
0.404134
0.00600821
0.469705
0.0199393
0.462355
0.00895818
0.350216
0.345678
0.18298
0.000317451
0.00461579
0.351427
0.00521876
0.309139
0.297019
0.00272239
0.000287759
0.00163405
0.000710748
0.515351
0.437472
0.468068
0.002157
0.0106609
0.00180792
0.0283696
0.00158208
0.21584
0.149979
0.0250791
0.0185598
0.0201725
0.010837
0.441877
0.00566803
2.22295e-05
0.0023357
0.011288
0.000662714
0.00483148
0.000436312
0.00150216
0.178266
0.397238
0.00401184
0.000174835
0.469634
0.000844293
0.00120556
0.245531
0.0191026
0.00126001
0.000780483
0.000434148
0.504159
0.00215963
0.339367
0.00254299
0.00114339
0.00670172
0.472213
0.42618
0.0032917
0.00617864
4.9563e-06
0.25369
0.46147
0.557766
0.00328915
0.00365179
0.00419775
0.00450252
7.72589e-05
0.000900472
0.0140071
0.000724659
0.0154665
0.00300224
0.462755
9.49195e-05
0.415439
1.92345e-05
0.00130041
0.000478505
0.0055337
0.462724
0.0328095
0.00157279
0.00703093
0.00086428
0.00149602
0.000401732
0.00154061
0.481701
0.417929
0.00119145
0.431962
0.00315543
0.00268084
0.499558
0.00469416
0.00198449
2.07758e-05
0.00238568
0.00308272
0.000410843
0.0164161
0.207422
0.0163547
0.00464053
0.000241585
0.00139011
0.00897908
0.0407795
0.525044
0.00607594
0.000958936
0.152612
0.00297718
0.0128351
0.554929
0.256419
0.420445
0.0125289
0.0485354
0.0880625
0.000493423
0.000183752
0.00019485
0.00270798
0.000831605
0.00131235
0.000527597
0.00494743
0.000403313
0.000494661
0.0338314
0.00727897
0.00277994
0.00181431
0.00030412
0.00346512
0.032129
0.432236
0.0107525
0.00286677
0.00117695
0.00292432
0.00563303
0.0083126
0.497991
0.000630955
0.28924
0.0178395
1.97755e-05
1.2278
0.0196502
0.00865606
0.0031543
0.00209603
0.00317935
0.00488865
0.0376186
0.00109836
0.00669887
0.0516025
0.466688
0.493224
0.0105721
0.026344
0.0135806
0.000461995
0.460697
0.00107462
0.00141142
0.156244
0.000516303
0.00769931
0.00349239
0.534178
0.000644041
1.1665e-05
0.426304
0.123534
0.386434
0.239359
0.010296
0.0099999
0.47883
0.00359878
0.00102857
0.000363069
0.000328276
0.00134459
0.00284625
0.00621856
0.000571493
0.267697
0.0264091
6.31611e-05
0.00233399
0.00907574
0.0043034
0.446325
0.00101019
0.00384384
0.346358
0.0140767
0.343561
0.243783
0.48382
0.00164703
0.00552469
0.480148
0.317122
0.0244293
0.117442
0.00169189
0.358862
0.00420736
0.000699171
0.00252389
0.00315661
0.0111514
0.00148712
0.000654361
0.00157755
0.00594809
1.87199
0.00263546
0.000736799
0.332553
0.0613793
0.0155366
0.00105849
0.78976
0.0065414
0.00100503
0.486302
0.447783
0.437987
0.00346548
0.0242073
0.0236059
0.186494
0.280338
0.0219467
0.00131625
0.503482
0.775619
0.0097755
0.00963834
0.0314115
0.401143
0.024113
0.0947849
0.00183805
0.00350199
0.00125016
0.00328214
0.396794
0.00187139
0.154611
0.370599
0.471179
0.529779
0.137508
0.0817278
0.0019742
0.0120685
0.498609
0.164045
0.214582
0.000781257
0.390001
0.222699
0.055843
0.245433
0.00169129
0.0253937
0.00084065
0.0321055
0.000451112
0.461286
0.00174779
0.46524
0.0151316
0.146103
0.543128
0.000547366
0.000988959
0.183484
0.283908
0.532746
0.0208614
0.115575
0.453579
0.143556
0.404352
0.0181767
0.195814
0.000755579
0.273531
0.00160337
0.422571
0.0222091
0.446363
0.286281
0.0106518
0.0557467
0.507724
0.0483172
0.0430338
0.0127903
0.165755
0.299443
0.116216
0.000217253
0.0774912
2.49772e-05
0.00437454
0.00159549
0.000375804
0.0216898
0.235976
0.177616
0.00735782
0.0204285
0.550194
0.00116452
0.259839
0.324745
0.00970877
0.00821252
0.106271
0.00039625
0.0167303
7.58536e-05
0.000847344
0.000275798
0.00018953
0.384568
0.00037804
0.00173408
0.227931
0.0214988
0.512498
0.338734
0.148956
0.141824
0.277914
0.134395
0.00133546
0.293165
0.425274
0.324267
0.0128811
0.520022
0.287173
0.079069
0.534073
0.00541507
0.000450198
0.000633564
0.000787467
0.307777
0.0702448
0.0282685
0.457508
0.0103496
0.0010254
0.277421
0.00304976
0.0100877
0.00314327
0.00238598
0.00296613
0.419838
0.000248729
0.264954
0.543236
0.0955413
0.00559989
0.0028301
0.0166418
0.179322
0.406614
0.00198611
0.00777155
0.050381
0.00158888
0.488706
0.0964603
0.367887
0.183279
0.12365
0.00213183
0.111832
0.00359137
0.0851545
0.283565
0.0692407
0.00510884
0.103381
0.0206884
0.0215849
0.37713
0.00137696
0.00370968
0.124365
0.475312
0.518698
0.0116928
0.183144
0.153958
0.00976795
0.114211
0.0114491
0.246671
0.392446
0.00393372
0.163444
0.0121528
0.184212
0.0015516
0.00326918
0.259088
4.12042e-05
0.331444
0.00143456
0.0138637
0.00923987
0.000489232
0.154918
0.163622
0.00102371
0.142508
0.114079
0.00813079
0.000577519
0.000894402
0.00167722
0.0181489
0.00955876
0.00149112
0.243249
0.210644
0.0404238
0.553363
0.0932394
0.523475
0.189065
0.00127735
0.00519681
0.000958282
0.000670654
0.00346784
0.229363
0.619793
0.00590597
0.010219
0.000611306
0.000959557
0.187454
0.00114586
0.00249017
0.281795
0.0892042
0.00390882
0.350858
0.494671
0.00071744
0.380545
0.482984
0.201996
0.00220564
0.00435561
0.0120397
0.499123
0.00203818
0.265268
0.43171
0.000441478
0.0032774
4.37668e-05
0.00803243
0.421418
0.00680312
0.00347969
0.000640358
0.0194218
0.000805503
0.0102585
0.000290538
0.00250997
0.443039
0.126468
0.00251759
0.0135204
0.00895854
0.281788
0.000330681
0.000656141
0.00344309
0.00105701
0.00111044
0.00208009
0.0100815
0.0110204
0.0114049
0.0397746
0.234394
3.13957
0.00123556
0.00258412
0.0033112
0.00062951
0.611392
0.00128368
8.85175e-05
0.00231324
0.00853179
0.0936601
0.00589848
0.0428609
0.0871367
0.286258
0.0101432
0.016421
0.00573297
0.274472
0.0033214
0.00527396
0.000945214
0.0205902
0.555601
0.00753842
0.0298783
0.483177
0.135964
0.000699915
0.00227409
0.00137362
0.065439
0.00258425
0.00100259
0.012691
0.00312938
0.0320098
0.00139384
0.000458112
0.0153424
0.00336909
0.000781536
0.296031
0.0127078
0.00183344
0.391101
0.000175549
0.000206491
0.000247505
0.00643367
0.00849678
0.0010871
0.00221529
0.00285474
0.000370827
0.148919
0.000675022
0.000572915
0.00346808
0.00498996
0.00442374
0.000574218
0.00124543
0.0056703
0.00720522
0.0128076
0.00365873
0.000822922
0.00124313
0.000884034
0.00591006
0.00504866
0.240447
0.409131
0.00267227
0.0154005
0.34188
0.604681
0.00212625
0.00071352
0.00660633
0.000232502
0.291389
0.53053
0.0218387
0.00220487
0.24166
0.00603082
0.00426564
0.00855628
0.00356766
0.00938806
0.000554689
0.00250888
0.120157
7.51224e-05
0.0327714
0.00114583
0.000824798
0.539015
0.511612
0.0038893
0.000992834
0.00142997
0.231914
0.000910669
0.494615
0.00196829
0.279866
0.492975
0.000681356
0.00235882
0.500553
0.00350458
0.000326246
0.435341
0.00119816
0.0134789
0.0305345
0.00380988
0.493112
0.00290029
0.000821582
0.000627347
0.141145
0.0262662
0.0003364
0.0197995
0.0132454
0.00197643
0.368917
0.0134357
0.482652
0.0011964
0.000389448
0.0188357
0.00260548
0.00122405
0.00853607
0.478518
0.00119536
0.00510162
0.00231424
0.27518
0.360759
0.000342271
0.0106742
0.0393231
0.964014
0.00319135
0.00434199
0.000847548
0.000596204
0.0287971
0.0330361
0.00631058
0.249444
0.0130208
0.289077
0.00720059
0.0251047
0.586005
0.353054
0.0134467
0.074518
0.30047
0.000175195
0.351691
5.13672e-05
0.00310312
0.0020294
0.0116868
0.122693
0.00724605
0.425572
0.160506
0.039651
0.116362
0.539381
0.000240503
0.00702792
0.000769414
0.31584
0.377504
0.000364361
0.262191
0.0150943
0.272423
0.00174715
0.000690959
0.00613631
0.0261819
0.491611
0.0184923
0.551805
0.0296481
0.0360903
0.00535842
0.456294
0.542676
0.00338601
0.210845
1.56086
0.55456
0.000179735
0.00169476
0.016382
0.0413004
0.00304017
0.0507603
0.000406571
0.000332037
0.0364648
0.00129658
7.36781e-06
0.0079919
0.000731667
0.281453
0.00284706
0.000995027
0.00170179
0.0143397
0.00113624
0.990525
0.00231831
0.486732
0.0203003
0.186482
0.000645755
2.92261e-05
0.00104018
0.000815907
0.0343996
4.03619e-05
0.0159897
0.00135982
0.00108965
0.0225425
0.00247904
0.0156966
0.00266935
0.002586
0.335431
0.013359
8.75631e-05
0.00132785
0.00358834
0.00210986
0.0021633
0.0125116
0.162631
0.00107619
0.00333001
0.000800223
0.0022494
0.0016165
0.00231502
0.000496452
0.522544
0.25725
0.000912617
0.00654869
0.00108566
0.000144295
0.000821725
0.00333693
0.000797042
0.00290277
0.00114776
0.000564172
0.104998
0.00245111
0.014654
0.0117647
0.00203138
0.469368
0.00443464
0.0103937
0.00202624
4.06959e-05
0.00124042
7.31539e-05
0.00587833
0.0315477
0.0152204
0.286311
0.00104526
0.000488003
0.000843098
0.395179
0.0128782
0.000204402
0.00026334
0.0111685
0.0816385
0.00442857
0.000128324
0.000903323
0.47057
0.208082
0.00080941
0.00427835
0.150621
0.00120227
0.000131123
0.0007464
0.243206
0.33602
6.90832e-05
0.0197193
0.00428887
0.000894659
0.00495439
0.00313905
0.00562569
0.00928907
0.00132105
0.0013616
0.00217759
0.00304627
0.00180054
0.00214206
0.0194456
0.00539575
0.52088
0.00818649
0.447642
0.0056746
0.02271
0.00470073
0.0178661
0.000781523
0.0066608
0.00239075
0.00198844
0.000389176
0.00320568
0.00496648
0.431696
0.0504598
0.000828555
0.025118
0.0138832
0.205402
2.39618e-05
0.000344407
0.000334723
0.461552
0.00235137
0.509632
0.000145273
0.00120532
0.100613
8.04726e-05
0.0051378
0.0249347
0.0027563
0.0143057
0.559027
0.00325219
0.000434606
0.00183631
0.000794848
0.00792573
0.00926074
0.541988
0.196526
0.000253631
0.00801996
0.106709
0.000833271
0.00108899
0.0012529
0.00613123
0.00783715
0.00838017
0.00148671
0.530794
0.0484348
0.000112941
0.0159955
0.00972968
0.00101115
0.28057
0.00651088
0.00277208
0.000111659
0.121174
0.0518403
0.0013837
0.00250204
0.557654
0.001934
0.00333826
0.00012827
0.00274592
0.00256011
0.00110639
0.000775611
0.00817846
0.00119922
0.00686661
0.210306
0.00661994
0.0081302
0.00525795
0.00126827
0.0021951
0.00277722
0.544342
0.00350701
0.00428424
0.000655157
0.000431743
0.000882931
0.198507
0.521181
0.0304544
0.00673344
0.000343604
0.512734
0.000987103
0.017998
0.00745615
0.00388836
0.000558064
0.0240158
0.423691
0.000872155
0.726778
0.00157927
0.00118989
0.509453
0.000566919
0.00027978
0.00111009
0.00273292
0.000437488
0.0179354
0.00765169
0.00949087
0.00985962
0.000488771
0.54204
9.27694e-05
0.00158172
0.02154
0.000541276
0.0115983
0.000126813
0.0643886
0.00310543
0.00524562
0.0673668
0.0098295
0.00142107
0.00261617
0.00107247
0.0157204
0.00262548
0.00142352
0.00291482
0.00033476
0.00349519
0.00317765
0.00231259
0.121522
0.0026776
0.0149409
0.394001
0.00394729
0.145047
0.005422
0.0966379
0.07582
0.478309
0.00528556
0.000382844
0.000212012
0.0026558
0.0023984
5.58512e-05
0.00981657
0.000314276
0.0191811
0.00266225
0.520835
0.00747176
0.160168
0.0033087
0.009245
0.000598359
0.000801177
0.0113144
0.000747141
0.347075
0.391168
3.37147e-05
0.000400949
0.00713353
0.000356513
0.509922
0.00814558
0.0129924
8.26258e-05
0.011038
0.457469
0.00250841
0.181827
0.00262821
0.00122421
0.0213875
0.397821
0.0211231
0.00337914
0.000527015
0.0143989
0.00360306
0.00320723
0.00390155
0.000361711
0.0205974
0.137735
0.0100695
0.000557142
0.00521694
0.00206443
0.000612093
0.00262314
0.00569545
0.501985
0.00442725
0.0577368
0.00438743
0.373651
0.0208884
0.00010761
0.443348
3.12503
0.0553985
0.0110597
0.000138761
0.00316011
0.408411
0.369289
0.000382033
0.00182969
0.24552
0.0409627
0.605773
0.00256566
0.392537
0.00131594
0.00936449
0.0144688
0.000304049
0.221614
0.40443
0.195261
0.000293533
0.00416254
0.205185
0.00613595
0.000945478
0.506974
0.0249347
0.0114114
0.0121259
0.00163389
0.000177866
0.537125
0.00176043
0.00977398
0.303304
0.00512653
0.00436174
0.0715531
0.156293
0.504468
0.0209232
0.00264978
0.00778552
0.190243
0.0904047
0.00181902
0.500128
0.00513744
0.262813
0.189379
0.00812665
0.00278922
0.000501073
0.00536494
0.00742147
0.00126657
0.0114906
0.000895497
0.000906477
0.411734
0.539424
0.00159051
0.0224046
0.388398
0.000293758
0.00162258
0.00256477
0.000132287
0.22926
0.00538336
0.016644
0.527882
0.117914
0.0016821
0.234542
0.0883186
0.00223084
0.0301779
0.000281543
0.00115736
0.0020947
0.498427
0.010279
0.004097
0.00859951
0.00479796
0.226419
0.00389675
0.237293
0.29315
0.550777
0.250459
0.000357227
0.0239928
0.279903
0.0232808
0.0206843
0.0760117
0.215254
0.00072326
0.0695566
0.446364
0.00120856
0.0599757
0.167969
0.00994692
0.00124877
0.138735
0.00256184
0.35757
0.487113
0.122124
0.00210223
0.0768623
0.0400395
0.295729
0.492754
0.025869
0.00219851
0.00196313
0.0795818
0.000359223
0.000401723
0.000735044
0.499453
0.204252
6.56145e-05
0.00364698
0.442755
0.301483
0.00769525
0.00197721
0.360977
0.0017172
0.164976
0.428974
0.113392
0.48324
0.469249
0.324402
0.151125
0.0561686
0.000917079
0.00171293
0.530999
0.467401
0.231217
0.0227203
0.0292322
0.324802
0.00110243
0.00832569
0.00321427
0.519664
0.194876
0.430729
0.00329216
0.000298693
0.380569
0.0297169
0.127929
0.000433883
0.181402
0.000307779
9.98129e-05
0.615008
0.0037751
0.541127
0.00813429
0.00437406
0.224228
0.00159349
0.248168
0.620612
0.303225
0.019116
0.36654
0.000377518
0.00144506
0.350699
0.47452
0.455982
2.19623e-05
0.322423
0.00444211
0.00435368
0.346309
0.000929931
0.033838
0.00134704
0.00119049
0.416921
0.518326
0.000690487
0.0251605
0.000219724
0.0824197
0.136212
0.000804034
0.280494
0.0134882
0.0613266
0.365884
0.162077
0.0164285
0.0114665
0.365951
0.531019
0.158525
0.0262194
0.137197
0.293994
0.189653
0.00761579
0.374936
0.372917
0.000148625
0.171556
0.00344953
0.00598532
0.0743134
0.00123863
0.00573764
0.00500554
0.000356621
0.176436
0.0340532
0.00178074
0.0933359
0.000316955
0.511614
0.295049
0.000988727
0.0227568
0.0100649
0.487491
0.0336545
0.00360421
0.0328104
0.00283596
0.000546138
0.0549335
0.00621134
0.00814611
2.84879e-05
0.00101247
0.3624
0.00364619
0.35884
6.03724e-05
0.00917309
0.00183924
0.00192085
0.0243846
0.000899265
0.000214669
0.417124
0.0123566
0.463227
0.00174876
0.00154757
0.00101189
0.000655801
0.00126365
0.000905789
0.000145876
0.360782
0.0686025
0.533559
0.000388474
0.00177896
0.0323138
0.314785
0.00720368
0.00452782
0.00159704
0.0167076
0.00116028
0.00110139
0.454529
0.0111653
0.0143252
0.0040502
0.00119497
0.00485628
0.00249071
0.000298084
0.390485
0.0626696
0.230317
0.000964667
0.000105802
0.00116707
0.00556916
0.489436
0.000133929
0.00185686
0.000393608
0.000213484
0.000993451
3.01221e-05
0.00214257
0.368454
0.448017
0.00230452
0.00702765
0.00466777
0.00347367
0.0039917
0.0169932
0.535936
0.357235
0.0120187
0.0011012
0.00139369
0.174819
0.00568811
0.000371525
0.62018
0.0298445
0.0154712
0.549662
0.00367019
0.00202992
0.450096
0.424718
0.0847458
0.286794
0.464182
0.00572196
0.00970227
0.00635945
0.0348215
0.00474532
0.000159613
0.204044
0.251708
0.00277894
0.0223988
0.000503006
0.000124513
0.00840521
0.404971
0.21464
0.000104531
0.000430527
0.420365
0.0203359
0.0149895
0.00111364
0.00341961
0.0316788
0.00400788
0.00504187
0.00589503
0.00199439
0.202735
0.0038806
0.12181
0.00237033
0.370679
0.0104672
0.0583877
0.00782573
0.0117833
0.0330212
0.00276875
0.313131
0.000968203
0.00382813
0.00530655
0.000323351
0.457408
0.281315
0.000769971
0.0764476
0.000637121
0.0031337
0.00299844
0.000151148
0.163509
0.458614
0.00109563
4.06724e-05
0.000346822
0.318243
0.0457423
0.00604519
0.0269093
0.688943
0.0220805
0.275774
0.0223386
0.161199
0.000331805
0.0635874
0.30374
0.000848226
0.20925
0.00320704
0.00129802
0.000664317
0.00299832
0.00586101
0.00129968
0.0980342
0.256106
0.000467688
0.0415697
0.0129049
0.00149297
0.00258301
0.00127018
0.547555
0.156383
0.444775
0.000725451
0.00254757
0.000560332
0.0446143
0.611015
0.537728
0.00457028
0.345387
0.000354853
0.335919
0.00159919
0.00340462
0.00945931
0.0170256
0.0448972
0.00239589
0.000134247
0.00354405
0.28853
9.17991e-05
0.00112636
0.400333
0.000224584
0.00919645
0.0435695
0.000553046
0.00674382
0.00483799
0.00463396
0.000752609
0.045557
0.0127284
0.265903
0.00757138
0.525905
0.00101778
0.00616135
0.444952
0.00324216
0.0251295
0.000485346
1.96276e-05
0.0164208
0.00109245
0.000853575
0.0122391
0.00229943
0.0169865
0.0156205
0.283579
0.00304328
0.00443071
0.00109415
0.446357
0.00250285
0.000285007
0.52722
0.0132099
0.500445
0.071785
0.0772738
0.274663
0.00043163
0.00138132
0.000451781
0.00177546
0.412134
0.536614
0.0017153
0.266362
0.00047622
5.28893e-05
0.000329204
0.00451252
0.00552433
0.528915
0.00512114
0.00488554
0.00419401
0.00270563
0.232674
0.00657317
0.462103
0.481933
0.000494168
0.00074415
0.301268
0.347004
0.259517
0.149242
0.000505187
0.34176
0.000771815
0.000459163
0.465758
0.228515
0.00266614
0.00331126
0.0537778
0.397958
0.000228295
0.490616
0.273632
0.00198574
0.292069
0.00276835
0.0538707
0.00901708
0.54892
0.0236604
0.0802505
0.00078983
0.378746
2.61012e-05
0.00277659
0.228804
0.016073
0.529509
0.257827
0.441267
0.277906
0.450951
0.464821
0.00447119
0.012442
0.00214906
0.004399
0.193936
0.0100128
0.00129887
0.00215255
0.0012654
0.00115638
0.00159809
0.00347535
0.273441
0.00344703
0.00587866
0.364313
0.00284618
0.0313546
0.25303
6.033e-05
0.00114627
0.0125371
0.543645
0.0237086
0.450806
0.281026
0.014823
0.000287412
0.0123394
0.00254604
0.373403
0.160557
0.00492963
0.540669
0.00991144
0.0139608
0.00492926
0.0157162
0.000937105
0.00832525
0.331413
0.00203289
0.0149171
0.00261484
0.00588983
0.422276
0.0499523
0.518914
0.379413
0.498919
0.242931
0.0134963
0.544783
0.116788
0.107204
0.170525
0.141345
0.0133543
0.00538735
0.259434
0.520754
0.0337769
0.166825
0.364205
0.273673
0.00269077
0.0181304
0.519781
0.300218
0.0105386
0.0152294
0.00876924
0.162283
0.000104997
0.420543
0.0041571
0.001319
0.159549
0.0036807
0.00421611
0.488368
0.528046
0.231695
0.000411837
0.00502018
0.000858666
0.372945
0.276947
0.000951128
0.145627
0.011922
0.455303
0.000560919
0.537905
0.326263
0.00288621
0.00167587
0.426355
0.527814
0.0155652
0.293043
0.00331687
0.148509
0.0924032
0.0159526
0.0834983
0.000131131
0.0153269
0.433071
0.00380968
0.0032575
0.467248
0.285746
0.00467053
0.250794
0.0075277
0.00536262
0.000316215
0.00243053
0.00513275
0.00574721
0.000135488
3.63678e-05
0.0104215
0.00872773
0.00807774
0.41985
0.0089226
0.150082
0.142652
0.128357
0.000834266
0.410239
0.0363731
0.00135793
0.000343312
0.0157496
1.05296
0.00139666
0.0153262
0.000427544
0.010011
0.00237111
0.00156557
0.00441006
1.23669e-05
0.30187
0.127601
0.554596
0.534489
0.00952701
0.00303788
0.000873865
0.0147906
0.000861403
0.0019115
0.0140747
0.00478029
0.477057
0.437411
0.276296
0.00194532
0.000394946
0.0125343
0.00625673
0.00694103
0.000305598
0.00543768
0.00152648
0.0120714
0.280091
0.0018054
0.00489565
0.0036553
0.000998511
0.475007
0.000528888
0.00130951
0.000913277
0.00806621
0.0108196
0.000110193
0.139297
0.00146439
0.0388004
0.000230502
0.000150777
0.0065536
0.00927798
0.0154427
0.0187322
0.00773364
0.011619
0.379875
0.00993575
0.00262689
0.00450937
0.00411735
0.0124811
0.00922627
0.000844182
0.0015149
0.00418402
0.000564361
0.000590074
0.0076126
0.00223097
0.194874
0.00321961
0.0614655
0.00105365
0.450826
0.00101811
0.0200562
0.00459677
0.032262
0.109821
0.00555827
0.000222233
0.000294149
0.00217032
0.00677949
0.0259403
0.00257842
0.318898
0.00842204
0.00704652
0.00661204
0.00449225
0.00791143
0.0049243
0.477591
0.386764
0.00181696
0.015942
0.0126046
0.0039944
0.542078
0.00035142
0.000568347
0.00537294
0.00719653
0.0100693
0.00438338
0.313714
0.00538009
0.00488199
0.000571022
0.423984
0.0467916
0.0015339
0.0104466
0.0114464
0.000392899
0.00098603
0.0857729
0.00139821
0.0125816
0.00174969
0.15588
0.00410108
0.000709932
0.000261604
0.000586486
0.468447
0.465339
0.00278587
0.464845
0.000390668
0.0462349
0.00268344
0.00804535
0.514532
0.350682
0.319466
0.00386078
0.000672043
0.00704475
0.173597
0.00177198
0.287271
0.516559
0.00576907
0.485274
0.000642528
0.000339225
0.0032242
0.239985
0.448295
0.539272
0.0999056
0.332822
0.00110702
0.0207168
0.0211234
0.0105001
0.0372858
0.0384924
0.000712354
0.00116437
0.0202044
0.000239708
0.000288055
0.011486
0.094442
0.00190815
0.477485
0.371323
0.0123158
0.0105422
0.00485302
0.431732
0.238673
0.00349828
0.0135604
0.257367
0.00476773
0.00315703
0.000384458
0.00042383
2.14096
0.00207892
0.0859697
0.0286913
0.000179982
0.00560536
0.000709488
0.0376037
0.000339785
0.542652
0.00258129
0.0147892
0.000810117
0.241015
0.359669
0.000421969
0.000420212
0.00446647
0.00111619
0.00368715
0.00737532
0.0107732
0.00207759
6.79569e-05
0.00266903
0.0267638
0.00267636
0.00203623
0.000612945
0.0213602
8.13972e-05
0.00520079
0.00076538
0.302407
0.00411438
0.266987
0.000721665
0.00372247
0.55841
0.00115301
0.518893
0.00173833
0.000111028
0.00745055
0.0117701
0.483366
0.00139546
0.000604514
0.0014669
0.000602368
0.00161291
0.00555322
0.0516379
0.000426825
0.00348692
0.000691804
0.00557034
0.00723815
0.0017491
0.00715181
0.00305801
0.466991
0.0134728
0.000887586
7.93006e-05
0.000404515
0.00227226
0.0109195
0.0018541
0.00173109
0.00435914
0.153417
0.00275759
0.00057777
0.528776
0.0285097
0.546724
0.017957
0.0902106
4.90596e-05
0.994125
0.00771859
0.0204689
0.000247993
0.00713885
0.388399
0.000287207
0.00162937
0.0659678
0.000130205
0.000108391
0.0082811
0.0183266
0.248388
0.574017
0.245806
0.192241
0.00131155
0.00330077
0.00413325
0.0236659
0.00017485
0.0103847
0.00210985
0.000920794
0.000276681
0.0418801
2.60276e-05
0.00299652
0.00989453
0.0273479
0.0213481
0.000217814
0.00630239
0.0066055
0.360232
0.00545194
0.00908807
0.00227785
0.409479
0.00554696
0.0511853
0.579161
0.00866574
0.00598218
0.000249935
0.00284606
0.000126019
0.00160298
0.0015818
0.53998
0.0187017
0.535601
0.000659112
0.0744613
0.088198
0.0176127
0.00164248
0.0423473
0.0015345
0.00166817
0.00233381
0.00104403
0.00301052
0.0166207
0.0162904
0.0123184
0.00130367
0.00166005
0.00191107
0.00715898
0.0110778
0.131078
0.00421179
0.000636426
0.00264765
0.494845
0.00778345
0.01678
0.541612
0.0393117
0.00397445
0.000830546
0.000427849
0.0294828
0.0045022
0.0254019
0.0431612
0.0017631
3.5259e-05
0.0179091
0.424453
0.00540677
0.000182568
0.00108139
0.211516
0.000531857
0.00518862
0.0106747
0.000732144
0.000236141
0.0544421
0.334558
0.000958304
0.0038731
0.00432631
0.467162
0.000223034
0.00416536
0.479582
3.87597e-05
0.00227323
0.0071361
0.000752122
0.0006152
0.000741897
1.14343
0.394924
0.00986793
2.26707e-05
0.00402274
0.0216161
0.000930024
0.00206786
0.176497
0.469414
0.00524679
0.00331603
0.000384962
0.00778993
0.00593455
0.00545605
0.00789377
0.0069595
0.00176466
0.341201
0.530048
0.00517183
0.00384013
0.00536517
0.247327
0.000508503
0.249702
0.0275502
0.0147822
0.00211243
0.0956562
0.000525191
0.0567631
0.00218283
0.183625
0.647973
0.0149344
0.000720871
0.000846216
0.381204
0.668237
0.000680402
8.89361e-05
0.0116744
0.00413134
0.39869
0.00294791
0.00186882
0.493806
0.380526
0.000603704
0.00381678
0.00838982
0.0037721
0.000190355
0.827406
0.38075
0.148407
0.00442347
0.00326637
0.27583
0.010499
0.00120009
0.508141
0.0448231
0.00144779
0.332907
0.219887
0.0030739
0.0164083
0.437771
0.00273889
0.00521501
0.00147117
0.0011195
0.00135324
0.000739759
0.324736
0.00484991
0.000225495
0.427216
0.0195147
0.177095
0.507319
0.000161947
0.000159343
0.0103248
0.000531379
0.129342
0.00137623
0.000599619
0.00136977
0.368963
0.000151045
0.0293342
0.23701
0.494062
0.000923619
0.0568678
0.00350351
0.000459691
0.0444933
0.00190344
0.0160167
0.000425123
0.000333462
0.000818691
0.00799694
3.014e-05
0.00431725
0.0139448
0.00079006
0.372172
0.000639738
0.00266315
0.322384
0.000909579
0.00358012
0.00221236
3.29658e-05
0.00767513
0.00061302
9.9393e-05
0.00308507
0.458811
0.010706
0.00839106
0.000537251
0.519202
0.000631869
0.00702582
0.152451
0.442821
0.027181
0.391837
6.72952e-05
0.313133
0.00760764
0.376942
0.00311777
0.0061403
0.247753
0.0713927
0.00079559
0.0416294
0.00433373
0.00396061
0.000819096
0.00192986
0.00100125
0.469074
0.01015
0.000744791
0.0168847
0.165697
0.00874853
0.00526004
0.466318
0.000788209
0.0146596
0.00152808
0.228377
0.000229623
0.00189378
0.113727
0.406099
0.00241855
0.00208255
0.00203731
0.00728939
0.00148963
0.00391481
0.0177497
0.0122081
0.00111063
0.000586685
0.201285
0.43336
0.000855619
0.00499489
0.000491498
0.000677797
0.00324304
0.00121642
0.00269216
0.235314
0.381127
0.000645139
0.00521156
0.000511863
0.0206233
0.499156
0.412958
0.00284783
0.00143697
0.579725
0.499677
0.00104658
0.000196201
0.00113672
0.437488
0.00177707
0.00693706
0.0046453
0.557861
0.0100118
0.000701612
0.0271769
0.00121729
0.00193178
0.000440924
0.000208847
0.188834
0.400941
0.200324
0.517719
0.0207482
0.0104297
0.461452
0.0399979
0.00464309
0.00386253
0.514791
0.00152574
0.240585
0.419345
0.0510005
0.0016459
0.00351766
0.00316048
0.000633759
0.00434755
0.277714
0.000467259
0.00305464
0.0144144
