0.00190002
0.00133145
0.000544648
0.00048784
0.000759357
0.00184463
0.0022778
0.00440632
0.00743739
0.00426136
0.00146654
0.00660225
0.00300134
0.0081187
0.00701177
0.00176377
0.00773218
0.00210385
0.00430226
0.0022885
0.00345381
0.00196157
0.00323798
0.00188016
0.00776934
0.00544763
0.00740494
0.00220771
0.00126415
0.0035366
0.00207855
0.00092897
0.00102136
0.000123726
0.0027107
0.0046867
0.0115245
0.00307278
0.00201422
0.00225684
0.00911296
0.00504106
0.00871499
0.00399716
0.00296228
0.000667613
0.00367977
0.00315272
0.000876501
0.00197813
0.000455147
0.0033958
0.00531428
0.00349263
0.00305263
0.0075531
0.00312844
0.00606374
0.00203337
0.000865129
0.00416221
0.000574828
0.0039824
0.00324874
0.0069057
0.00229338
0.00678835
0.000654336
0.003812
0.0062562
0.00537804
0.00209479
0.001927
0.00236982
0.00632113
0.00363449
0.00252005
0.00800653
0.00154832
0.00409326
0.00176426
0.0015098
0.00266383
1.36879e-05
0.000437436
3.95628e-05
0.000786457
0.000964659
0.000263958
0.00691258
0.0151382
0.00213943
0.000447313
0.00694829
0.00516806
0.00055966
0.00414471
0.00217826
0.00157707
0.0005745
0.00231124
0.0021627
0.00043259
0.00379373
0.000340242
0.00333725
0.00920149
0.00236465
0.00906415
0.0037275
0.00014737
0.0032308
0.00613419
0.00273302
0.00141531
0.000783654
0.00152452
0.00326418
0.00773399
0.000560538
0.000947257
0.00241463
0.00236046
0.000876559
0.00281477
0.00353784
0.00289026
0.000160428
0.0017337
0.00444597
0.000658605
0.00381103
0.00387147
0.00136194
0.000268773
0.000500152
0.00120174
0.0078631
0.00449243
0.00141541
0.0014408
0.00192721
0.00342372
0.00343885
0.000510594
0.0010564
0.00126106
0.00179301
0.00289156
0.000248608
0.00126653
0.000975092
0.00116694
0.000829143
0.000240043
0.00381985
0.00145141
0.00169863
0.00213457
0.000158327
0.00520456
0.0037245
0.00165959
0.00112015
0.00271281
0.000223154
0.00296315
0.00236105
0.00459234
0.00130614
0.00329487
0.00320503
0.00204819
0.0019646
0.0018358
0.00490623
0.00450499
0.00293604
0.00212373
0.00358667
0.000487758
0.00402008
0.00135619
0.000425582
0.00452788
0.00105071
0.00474674
0.00178921
0.00765266
0.00486035
0.00350147
0.001085
0.00138408
0.00210124
0.000783453
0.00358917
0.000193211
0.00244841
6.78487e-06
0.00219768
0.00352027
0.00265519
0.000783257
0.00104257
0.00127384
0.00215133
0.00657289
0.00616886
0.00052871
0.00443194
0.00185604
0.00092995
0.00370018
0.00305526
0.000334307
0.00128875
0.00259149
0.000921157
0.000532551
0.00111073
0.00160611
7.9423e-05
0.00132738
0.000784848
0.00676136
0.00507154
0.00414415
0.00383313
0.00119492
0.000773871
0.0119626
0.00406957
0.00242882
5.66489e-06
0.00216717
0.00517749
0.0023289
0.00151509
0.00365515
0.00358749
0.00236845
0.0108625
0.00271223
0.00275421
0.00967391
0.0104002
0.00188393
0.007088
7.34689e-05
0.00193463
0.00214646
0.0024007
0.000766049
0.000862324
0.00191494
0.000368227
0.000116579
0.00159124
0.000677926
0.00197635
0.00357819
0.000573946
0.0143788
0.000308527
0.000188884
0.00064014
0.00159677
0.00335441
0.00555353
0.00149691
0.00196237
0.00231079
0.00368346
0.00241096
0.0027207
0.00388285
0.00732
0.00259724
0.00297831
0.00368214
0.000598569
0.000297676
0.00659352
0.00493629
0.00102389
0.0053347
0.00296702
0.00277948
0.00182659
0.0019195
0.00117597
0.00192464
0.00014163
0.00244033
0.00331881
0.00818046
0.000707289
0.0021667
0.00252747
0.00286583
0.000493646
0.00360915
0.000214723
0.00199289
0.00442186
0.00018075
8.53406e-05
0.00131999
0.00095165
0.000364108
0.0029692
0.0021069
0.00409458
0.00200074
0.00361608
0.00237816
0.00168757
0.000973418
0.00754468
0.00578411
0.000658024
0.000271234
0.000447736
0.00227273
0.00326414
0.00541067
0.000764331
0.00169908
0.00290547
0.00321587
0.000841067
0.000541598
0.00335444
0.000171782
0.00491007
0.00123848
4.20066e-05
0.00654603
0.00501463
0.00176578
0.00569004
0.00376024
0.0012998
0.0017086
0.0012078
0.00476729
0.00107876
0.00386881
0.00046301
0.00632143
0.00206135
0.00569284
0.000271197
0.00341674
0.00314728
0.003406
0.000483513
0.00320851
0.00186236
0.00117532
0.0023792
0.0017559
0.00301534
0.00118184
0.000597755
5.23757e-05
0.00535408
0.00747714
0.00116018
0.000881041
0.000149044
0.00209908
0.00865726
0.00257806
0.000152459
0.00381934
0.000135577
0.00269845
0.00190391
0.00343907
0.00310597
0.00285045
0.00246439
0.000423404
0.00618022
0.000490014
0.00119687
0.00547711
0.00367186
0.00136045
0.000712518
0.00708597
0.00164625
0.000781036
0.0011029
0.00335532
0.00282939
0.00591646
0.00083772
0.00240986
0.00371162
0.00129183
0.00204303
0.00403438
0.000495546
0.00198928
0.00675409
0.00841514
0.00176395
0.00183618
0.00220881
0.00291671
0.00020949
0.00135861
0.000438824
0.00397077
0.00289852
0.000465686
0.00658708
0.00653172
0.00235354
0.00140893
0.00359731
0.00757108
0.00499702
0.00221997
0.00589623
0.00336477
0.00399076
0.00128885
6.42085e-05
0.00558552
0.00444393
0.000273213
0.00306482
0.00202626
0.000121126
0.00150368
0.00215454
0.00132319
0.00674594
0.000744616
0.00406941
0.00396698
0.00152154
0.000334421
0.00280489
0.00138564
0.00211357
0.00126316
0.00229189
0.00219248
0.000269912
0.00159261
0.00473167
0.001181
0.000158496
0.00236977
0.0062185
0.00404365
0.00331917
0.00159652
0.000668311
6.47769e-05
0.000914764
0.000655807
0.00380921
0.00110914
0.00173841
0.00122736
0.0013401
0.000400281
0.00404601
0.00605549
0.0014413
0.0041994
0.00238729
0.00219038
0.00105646
0.00143758
0.0038603
0.000270052
0.00711477
0.00247878
0.00359299
0.00526492
0.00195035
0.00557359
0.00359978
0.00456944
0.00273317
0.00926255
0.0048742
0.000436105
0.00151546
0.000301338
7.68181e-05
0.000402326
0.00127979
0.00328719
0.00218855
0.00169457
0.00059074
0.000633673
0.00782802
0.00102749
0.0014012
0.00157909
0.000898486
0.000653601
0.0020577
0.00616797
0.00421656
0.0216045
0.00221577
0.00083246
0.00733135
0.00195347
0.0017524
0.00204289
0.00318938
0.00477183
0.00679454
0.00745762
0.000529799
0.00173517
7.04355e-05
0.00173585
0.000722029
0.00148466
0.00640852
0.00403883
0.00422206
0.000870103
0.00436896
0.000936944
0.00373275
0.000857224
0.00135192
0.00450307
0.00174074
0.00401737
0.00182199
0.00172377
0.000942563
0.00317154
0.000858595
0.00314844
0.00222123
0.00467734
0.0070289
0.000377438
0.00503836
0.00337977
0.0187754
0.00091758
0.000710899
0.0011786
0.00173794
0.00423791
0.00772902
0.00863112
0.00265695
0.00264194
0.00325497
0.00684899
0.000795921
0.00110575
0.000788732
0.000371434
0.00446294
0.00490603
0.00240285
0.00271148
0.00119171
0.00187221
0.000714468
0.00319498
0.00477941
0.00514365
0.00144094
4.19897e-06
0.00161911
0.00196662
0.00128062
0.00260616
0.00428896
0.00136576
0.0020571
0.000985746
0.000806938
0.00045654
0.0035169
0.00101934
0.00433334
0.00646688
0.0115901
0.00250909
0.0011452
0.000380641
0.00889572
0.000403236
0.00179848
0.00335477
0.00166841
0.000211562
0.00590314
0.000317559
0.00126069
0.00235097
0.0023855
0.0001626
0.010522
0.00475028
0.000523571
0.000420193
1.83136e-05
0.000924174
0.00230231
0.00268707
0.00468948
7.29445e-06
0.000699629
0.00242193
0.00403304
0.00173495
0.00287766
0.00959347
0.000389988
0.00347238
0.00143194
0.00295888
0.00331383
0.00453215
0.00560927
0.00173318
0.00391118
0.000400494
0.000810687
0.00182947
0.00243503
0.00514591
0.00153833
0.00253612
0.00704707
0.00508361
0.00546936
0.000836646
0.0056154
0.00295381
0.00114642
0.000661796
0.00295244
0.00311541
0.00143879
0.00222243
0.000853319
0.00313574
0.00142999
0.00281423
0.00301223
0.00346599
0.00403945
0.00261973
0.00298022
0.00322331
0.00288753
0.00183547
0.00320286
0.00518477
0.000477296
0.00161214
0.00205472
0.00343256
0.00453298
0.00243567
0.00125525
0.00059291
0.000627632
0.000902942
0.00168864
0.00439521
0.0040478
0.00162286
0.00224094
0.00358563
0.00181797
0.00115991
0.00401557
0.00303607
0.00589471
0.00387577
0.00449526
0.00274008
0.00503552
0.00244091
0.00130636
0.00322306
0.00147546
0.00312446
0.00169177
0.000500289
0.00415336
0.00295585
0.00220658
0.00453202
0.00484139
0.000137045
0.00751347
0.00703087
0.00398169
0.00399614
0.0073212
0.00138003
0.000321863
0.00265318
0.00261407
0.00107944
0.00234363
0.00104207
0.00330029
0.00313537
0.00503776
0.00407712
0.000807657
0.000871891
0.00454492
0.00195684
0.00244066
0.000394308
0.00275585
0.00198187
0.00513544
0.00143624
0.00134751
0.00084558
0.000345827
0.00156532
0.00593194
0.0113355
0.0027356
0.00403567
0.00249482
0.00380805
0.00340436
0.00341742
0.00143846
0.00580457
0.00655314
0.000445681
0.00352509
0.00663685
0.000836781
0.00139041
0.00308602
0.00194488
0.00787992
0.00499526
0.00227987
0.00797661
0.0036396
0.00100425
0.000838597
0.00074605
0.000910895
4.96359e-05
0.00398503
0.000823713
0.000698009
0.00251021
0.00407594
0.00107019
0.000419585
0.00218812
0.00162089
0.00218374
0.00310997
0.00183227
0.00211115
0.00398873
0.00349671
0.00515854
0.000162691
0.00180875
0.00159696
0.000832002
0.00034353
0.00188021
0.00183043
0.00174859
0.00764114
0.000286888
0.00408684
8.16491e-06
0.00326078
0.00310839
0.00119964
0.00650069
0.0067266
0.000126704
0.00532125
0.00232977
0.000969955
0.000865608
0.00151677
0.00129508
0.00853799
0.00393558
0.00127967
0.0024394
0.00129645
0.000991272
0.00233165
0.0049181
0.000663022
9.62008e-05
0.000222521
0.00285076
0.000376565
0.00123464
0.00305715
0.00258577
0.00330641
0.00254143
0.00398872
0.00272763
0.00228568
0.00725638
0.000914759
0.00205936
0.00141161
0.00174032
0.00295177
0.00237659
0.00252129
0.000656685
0.00125074
0.000298738
0.00648438
0.00438979
0.00153071
0.00259196
0.00606476
0.00282519
0.00424339
0.00497356
0.00541674
0.00216701
0.00175934
0.00612804
0.00328455
0.00219564
0.00500221
0.0014701
0.00257478
0.00407414
0.00914636
0.000212054
0.00428021
0.00186671
0.00116161
0.00627282
0.00199513
0.000818416
0.00106331
0.00412034
0.00216497
0.00499996
0.00202197
0.00320828
0.00601195
0.000475166
0.00204932
0.00271171
0.0043291
0.000829674
0.00130166
0.0106778
0.00016676
0.00310764
0.00243885
0.00652499
0.00203962
0.00218289
0.00467509
6.78843e-05
0.00193902
0.00290204
0.00430003
0.00586423
0.000461567
0.000556875
0.00180258
0.00281222
0.00305794
0.00374381
0.00104443
0.0019309
0.000557263
0.00205631
0.0034283
0.000477017
0.00144634
0.00935848
0.00169391
0.00209084
0.00288943
0.00050455
0.00340912
0.00582115
0.000324743
0.00530493
0.0075749
0.00306498
0.000142579
0.0029194
0.00114813
0.00078672
0.000742754
0.000217646
0.00320016
0.000869539
0.00431222
0.00294489
8.13827e-05
0.00381598
0.00304366
0.00158253
1.37648e-05
0.00501418
0.00221956
0.000307686
0.00109547
0.00144525
0.000711642
0.00328764
0.000354109
0.00210102
0.00263682
0.000222622
0.00309055
0.00209882
0.00418212
0.00134781
0.00033556
0.00766682
0.00169857
0.00191419
0.000483289
0.00131138
0.00341708
0.00180887
0.00383202
0.00140259
0.00540981
0.00410358
0.00150896
0.00297126
0.00356208
0.00235767
0.00334597
0.00326799
0.00414598
0.00221888
0.00401781
0.000473861
0.00452351
0.00144291
0.000340455
0.00569249
0.00226033
0.00368977
0.00139278
0.00249922
0.0044466
8.6172e-05
0.00256156
0.000495541
0.00587265
0.000311177
0.00428377
0.000906371
0.0003976
0.00204004
0.00102088
0.00404265
6.82387e-05
0.00625838
0.00880492
0.000901008
0.00132713
0.00440713
0.000320378
0.00431623
0.00478116
0.000846455
0.000855783
0.00122862
0.000309142
0.00157779
0.00166132
0.00268069
0.00328341
0.00258575
0.00370007
0.00765784
0.00140321
0.00474914
0.00287806
0.0018078
0.00190936
0.00182348
0.00325194
0.00766233
0.00190912
0.000874494
0.00496161
0.00158216
0.00212414
0.00405819
0.0207294
0.00060231
0.00471447
0.000439627
0.00179224
3.51534e-05
0.00208436
0.00708487
0.00191754
0.00358865
0.00400551
0.00615131
0.0014881
0.00839195
3.37896e-05
0.00116331
0.000538378
0.00305479
0.00204849
0.00414314
0.000952721
0.00183235
0.00569697
0.00597384
0.00236609
0.000490482
0.000747866
0.00369961
0.000823205
0.000307643
0.00246296
0.000373153
0.00261079
0.00186382
0.00346627
0.00268025
0.00123456
0.000486096
0.00132937
0.00119925
0.00156242
0.00811407
0.00739208
0.00222322
0.000556423
0.00277822
0.00491428
0.00628614
0.00396209
0.00111235
0.00103515
0.00213166
0.00675086
0.00281275
0.000518245
0.00308532
0.00393449
0.000900343
0.000932491
0.0017706
0.00449297
0.00242056
0.00194452
0.00118859
0.0017263
0.00738088
0.00124512
0.00237258
0.00364585
0.0037012
0.00330953
0.00150464
0.00446948
0.000346697
0.00353652
0.000738789
0.000703588
0.00449941
0.0068174
0.0016892
0.0047612
0.00106002
0.00467606
8.43948e-05
0.00603904
0.00395409
0.000101734
0.00566646
0.0030088
0.00166893
0.00486039
0.00281514
0.00329296
0.000950497
0.00555976
0.00688613
0.000559107
0.000869681
0.00159317
0.00261733
0.000166732
0.0012168
0.002888
0.00684663
0.00857583
0.00268211
0.00321013
0.00188955
0.00249228
0.00695011
0.00790352
0.00246246
0.00164421
0.00101987
0.000312218
0.00145161
0.00398805
0.00405255
0.0042267
0.00432412
0.0188282
0.0042273
0.00285028
0.00231796
0.00388457
0.00149033
0.00283239
0.00164325
0.0101347
0.000593901
0.00581159
0.000793611
0.00198567
0.0147957
0.000795923
0.00170652
0.006173
0.00140234
0.000714127
0.000493929
0.00330296
0.00396729
0.007048
0.000502004
0.000849076
0.00427861
0.00116301
0.00114029
0.0026699
0.000454722
0.00106047
9.55431e-05
0.00615838
0.00381756
0.00196239
0.00267889
0.00237429
0.00721867
0.00519395
0.000252387
0.000409673
0.000910975
0.00458059
0.00739272
0.00105451
0.00221416
0.00443185
0.013977
0.00107485
0.0021531
0.0017603
0.00347895
0.00366423
0.000686659
0.00594116
0.0036292
0.00486512
0.000995528
0.0118208
0.0016576
0.00127003
0.00441042
0.00134675
0.00090439
0.00203528
0.00328341
0.00156126
0.00327633
0.000127486
0.000265966
0.00274694
0.00139587
0.00361951
0.00534116
0.00175864
0.00356866
0.00240985
0.00214373
0.00860017
0.00361822
0.000974982
0.00803898
0.001308
0.00326354
0.00425406
0.00438096
0.0018696
0.00341238
0.00492919
0.00183044
0.00391864
0.00298036
0.00763116
0.00350428
0.00489281
0.0013092
0.00269348
0.00181444
0.00239262
0.0047328
0.00420179
0.000193794
0.00273171
0.00137684
0.00138903
0.00244502
0.00403106
0.00217028
0.00129657
0.000186046
0.00122948
0.00446827
0.00029036
0.00140971
0.00192504
0.000894509
0.000902903
0.000398157
0.00635085
0.000240983
0.00197426
0.000977702
0.00197163
0.00062436
0.00186135
0.00190816
0.00418452
0.00131581
0.0013759
0.00126037
0.00124808
0.00207461
0.000168688
0.000901127
0.000123776
0.00162339
0.00127552
0.00321535
0.000964534
0.00409188
0.00105763
0.000291642
3.39498e-05
0.00353703
0.00229842
0.00467655
0.00222712
0.00182744
0.00392473
0.00169652
0.000924491
0.00671982
0.00174018
0.000866093
0.00490356
0.00098658
0.00028525
0.00298612
0.00138063
0.00247654
0.00140676
0.000802467
0.000786347
0.0013786
0.00151884
0.00145059
0.00393714
0.00334489
0.011497
0.00430338
0.0031004
0.000729465
0.00494301
0.0029498
0.00332529
0.000562283
0.000296554
0.00203553
0.000472975
0.000410051
0.00151699
0.00134005
0.000817046
0.00103934
0.00392365
0.00304182
0.00102094
0.00367051
0.00539878
0.00467462
0.000159761
0.000819306
0.00360684
0.00510435
0.00301023
0.00166896
0.00346595
0.00537497
0.00326976
0.00345655
0.00228058
0.00144684
0.00155513
0.00154572
0.000460215
0.00478724
0.00750062
0.00382736
0.000795993
0.00172069
0.00281166
0.0019649
0.00345368
0.00645708
0.00476271
0.00446852
0.00243332
0.0029075
0.00361012
0.00682092
0.00287665
0.00234248
0.000147274
6.37019e-05
0.00185475
0.00363144
0.00300473
0.000588894
0.000909168
0.00231462
0.00141961
0.00401113
0.00199627
0.00383155
0.00261614
0.000344746
0.00224599
0.000436125
0.000903126
0.00109002
0.00321316
0.00110908
0.000825109
0.00137331
0.00369899
0.00177506
0.00323621
0.00105675
1.03617e-05
0.000925199
0.00068295
0.00160019
0.00187955
0.00363317
0.0035135
0.00180898
0.000323112
0.00171771
0.00175184
0.000357459
0.00361886
0.00565548
0.000302999
0.00352885
0.000408832
0.000567743
0.00108564
0.00156085
0.00257732
0.00190893
0.00325497
0.000272775
0.00273942
0.00337179
0.00179994
0.0042455
0.000144578
0.00414924
0.002222
0.000421048
0.000542022
0.00484299
0.00519524
0.00201677
0.000657338
0.00132059
0.00049596
0.00227449
0.00693626
8.98722e-05
0.00462118
0.00148382
0.000204897
7.36705e-05
0.000959698
0.000639942
0.00457064
0.000987344
0.000706493
0.00233913
1.95358e-05
0.000805089
0.000976306
0.000150508
0.00360007
0.00132396
0.00471142
0.000452977
0.00163193
0.00188614
0.00329806
0.00181786
0.00115547
0.00388722
7.56298e-05
0.00101113
0.0015156
0.00128405
0.00171744
0.00184224
6.81406e-05
0.00189468
0.000840389
0.00165893
0.000437542
0.00243166
0.0082034
0.00232195
0.000295086
0.005116
0.00140018
0.000224812
0.00153428
0.0030578
0.003887
0.000667856
0.00294117
0.00357628
0.000839435
0.00570149
0.00154973
0.00312914
0.00133008
0.00373539
0.00279823
0.00511191
0.0041979
0.00278877
0.0134415
0.0073939
0.00153183
0.00374931
0.00162202
0.00132275
0.00147967
0.000402495
0.00373779
0.00282722
0.000377082
0.00113505
0.000360933
0.00246637
0.0078766
0.00315943
0.00280392
0.000730512
0.00121036
0.0033085
0.0021086
0.00101853
0.0103365
0.00511115
0.00331919
8.39266e-05
6.04452e-05
0.000882106
5.37191e-05
0.00566372
0.00240054
0.00145804
0.000909345
0.00315385
0.00456901
0.00209928
0.00121241
0.00236704
0.000633286
0.0018184
0.00345809
0.00392083
0.00362133
0.00622236
0.0040185
0.00741261
0.00227814
0.00520831
0.00367209
0.00022444
0.00255657
0.000395679
0.0014744
7.57906e-05
0.00326741
0.000690944
0.00117199
0.00123416
0.00529091
0.00197478
0.00310407
0.00115128
0.0033043
0.00136648
0.00317223
0.00124568
0.0019401
0.00332062
0.00035766
0.000775902
0.00533097
0.000489171
0.00241956
0.0028692
0.0073546
3.44631e-05
6.74038e-05
0.0049059
0.000303263
0.00582724
0.0050031
0.00128611
0.0015141
0.00390393
0.000290038
0.000479098
0.00500847
0.000830698
4.12123e-05
0.00287467
0.00245332
0.00259056
0.00217972
0.00329228
0.00229413
0.00504269
0.00149916
0.00401973
0.000690683
0.000449719
0.00247161
0.00447575
0.00110419
0.00193592
0.000398889
0.0044745
0.00894163
0.00238275
0.00278297
0.0045245
0.00157496
0.00179539
0.00169054
0.00438962
0.00274118
0.0035549
0.0052284
0.00380956
0.00124816
0.000959574
0.00353144
0.00482237
0.000163214
0.00237483
0.00573237
0.000996194
0.000172765
0.00114037
0.00178876
0.000917022
0.0052143
0.000183016
0.00291441
0.00198446
0.000959416
0.00356082
0.00535081
0.0026699
0.000545032
0.000756127
0.0024126
0.00376641
0.00347481
0.00377778
0.00476976
0.00277723
0.00118661
0.00506899
6.30767e-05
0.00178646
0.00629842
0.00403664
0.0032674
0.00293419
0.00290111
0.000398005
0.000699134
0.000114758
0.00361673
0.00444361
0.000198924
0.00760173
0.00222067
0.00754449
0.00164604
0.00135027
0.00116654
0.00114298
0.000541626
0.0010094
0.00174106
0.00189422
0.00273694
0.00358899
0.00885119
0.00210226
0.0049801
0.000822151
0.000639529
0.00289234
0.00143318
0.00150242
0.00231298
0.00270617
0.00216041
0.000850375
0.00675703
0.00198702
0.00018315
0.00291758
0.00276573
0.00193635
0.00439118
0.00186331
0.00272367
0.00212918
0.00283675
0.00338977
0.00226838
0.00486714
0.00341599
0.00634019
0.00210579
0.00270383
0.000586507
0.000351623
0.00269032
0.00074305
0.00213192
0.00619001
0.00460393
0.0021158
0.000660073
0.000782993
0.00200614
0.000916694
0.00355867
0.000819134
0.00623753
0.00768905
0.00275514
0.00201584
0.00574785
0.00649119
0.000361795
0.00073666
0.00306443
0.00299695
0.00325406
0.00214501
0.00258882
0.00156073
0.00775292
0.00389479
1.97932e-05
0.00363216
0.00161249
0.000219267
0.00866363
0.00508063
0.00114046
0.00358732
0.00365456
0.00254238
0.00398334
0.00335268
0.0017722
0.00628841
0.0106846
0.0034761
0.00392757
0.000988362
0.0017995
0.00497019
0.00926655
0.00244725
0.00147537
0.000992716
0.00463156
0.00871733
0.00391552
0.00539584
0.00405778
0.00520302
0.00534111
0.00507523
0.00243225
0.00614694
0.000194941
0.00537252
0.000942087
0.000164683
0.00236155
0.00278329
0.000135302
0.00267704
0.000769424
0.00522109
0.00480839
0.00269614
0.00294732
0.00129509
0.00130982
0.0077078
0.00339075
0.00152565
0.00429201
0.00334534
0.00263089
0.0014794
0.00793907
0.00271511
0.00184268
0.00613643
0.00388032
0.00471932
0.0172497
0.00677205
0.003487
0.00748296
0.00661635
0.00975642
0.00241508
0.00351242
0.000591188
0.0056568
0.00247821
0.000430311
0.00163946
0.000200769
0.0031628
0.00148865
0.00628831
0.00526977
0.00258128
0.00616004
0.00226136
0.00369331
0.00316643
0.00303636
0.00156156
0.00201663
0.00133742
0.00111229
0.00105836
0.000991705
0.00154239
0.00429197
0.00670292
0.000126325
0.0043454
0.00439311
0.000523845
0.00105184
0.0031286
0.00129997
0.00699875
0.00663791
2.29956e-05
0.00305183
0.000289552
0.00359686
0.00178261
0.00109763
0.00483884
0.00435608
0.00251925
0.00206102
0.00409448
0.000658088
0.00228765
0.000799294
0.000236607
0.002882
0.0118573
0.00617782
8.76123e-07
0.00157052
0.00465258
0.00347472
0.00276519
0.00181644
0.00723039
0.000150542
0.0062302
0.00209508
0.00163022
0.00587356
0.00041081
0.0014362
0.0074247
0.00426867
0.00537303
0.000388549
0.00525367
0.000112239
0.00304546
0.00206567
0.00522879
0.00123887
0.00469592
0.000878518
0.00826407
0.00129766
5.79891e-05
0.00304841
0.00212772
0.0022724
0.00499815
0.00527854
0.00147599
0.00169337
0.00567437
0.00916764
0.00276113
0.00528315
0.00505297
0.00141641
0.00149526
0.00383591
0.00379827
0.00303873
0.000884401
0.00369143
0.00239899
0.00262746
0.00577363
0.00271679
0.00244097
0.0011094
0.00512579
0.00590953
0.00222968
0.00216091
0.00174135
0.00282783
0.000693229
0.0061329
0.00448384
0.000481541
0.00115495
9.53045e-06
0.000912051
0.000658778
0.000593877
0.0029903
0.00114904
0.00698457
0.0102822
0.000754592
0.00644319
0.00711787
0.0150548
0.0180679
0.00243977
0.00118417
0.00764995
0.0091163
0.000284235
0.000215928
0.0049341
0.00361802
0.00228118
0.00463526
0.00246783
0.00318234
0.00928954
0.00295911
0.0030591
0.00206869
2.44612e-05
0.00184022
0.00272372
0.00371139
0.0111443
0.006417
0.00270285
0.00450332
0.000409439
0.00348832
0.00336916
0.00539706
0.00371505
0.00201389
0.00621884
0.00358031
0.0012123
0.00097506
0.00132891
0.00175127
0.0025806
0.00252015
0.00375688
0.000195176
0.00175657
0.0068328
0.00586952
0.00163925
0.00550819
0.00351187
0.000453769
0.000369917
0.00282549
0.00428308
0.00272764
0.000462056
0.00414138
0.00623153
0.000547227
0.000349764
0.00388031
0.000648816
0.000618304
0.00467721
0.00735489
0.000525872
0.00410378
0.00435699
0.00071396
0.00212499
0.00552631
0.00039358
0.00301325
0.00554187
0.00260173
0.00502214
0.000752965
0.000964333
0.00241619
0.00165884
0.00131613
0.00730997
0.000912507
0.00894159
0.00299528
0.00244562
0.0013823
0.0010232
0.00117004
0.000294527
0.00117119
0.00331166
0.00579935
0.00392822
0.000308818
0.00193881
0.00279275
0.00316422
0.00423736
0.00804483
0.00319618
0.000778216
0.000261252
0.000764171
0.00349007
0.00110821
0.00471333
0.00461278
0.000103752
0.00310252
0.00805404
0.00135554
0.0059546
0.00133892
0.00261587
0.001881
0.00332938
0.00435947
0.00394729
1.71209e-05
0.00066665
0.000364875
0.00262514
3.58712e-05
0.00183698
0.00210864
9.18604e-05
0.00199255
0.00250466
0.00155817
0.00157525
0.0025543
0.00468691
0.00301144
0.00439546
0.00505982
0.00206461
0.0018539
0.000300471
0.00064719
0.00344997
0.00235771
0.000114189
0.00425319
0.0012693
0.00244419
0.00646909
0.00127537
0.00279657
0.00387165
0.000730534
0.00167143
0.00701505
0.0046129
0.000288597
0.00302388
0.0058259
0.00243479
0.00572659
0.00267888
0.00321064
0.00137293
0.0017391
0.00768452
0.00599784
0.000294044
0.00130889
0.00122056
0.00228804
0.00360309
0.00478246
0.00504648
0.00211614
0.00370945
0.00282343
0.00521492
0.00905489
0.00156787
0.0144611
0.00364502
0.00624911
0.000560454
0.00103767
0.00311863
0.00332711
0.0011384
0.00535752
0.00284203
0.000403844
0.00168657
0.00384581
0.000744115
0.000677258
0.00646718
8.2597e-05
0.00118704
0.000382119
0.0012571
0.00248143
0.000443195
0.000443049
0.00210416
0.000428403
0.00652723
0.00345223
0.00181674
0.00550758
0.0044579
0.000469964
0.00288127
0.000159882
0.00121594
0.00162025
6.5576e-05
0.00179633
0.00261876
0.000574919
0.00172815
0.00481241
0.000357061
0.000367564
0.00115867
0.00490545
0.00577509
0.0015634
0.00140942
0.00396276
0.00175605
0.000366615
0.00537967
0.00142216
0.00201431
0.00299418
0.000773626
0.000495981
0.00773194
0.00623368
0.00347583
0.00200668
0.000172125
0.00157527
2.61521e-05
0.00597936
0.0032987
0.00410032
0.00114305
0.00232568
0.00179874
0.00100194
0.00167731
0.00131559
0.00153227
0.000127957
0.000764756
0.00487361
0.0039028
0.000107006
0.00356559
0.00463775
0.00278157
5.75981e-05
0.00161113
0.000421496
0.000193433
0.00138895
0.00086093
0.00133578
0.00355948
0.00680552
0.00100831
0.0035655
0.00495148
0.001413
0.00042269
0.00222557
0.00633881
3.92516e-05
0.0019117
0.00167934
0.0067547
0.0041235
0.00160189
0.00174885
0.000769839
0.00844536
0.00206202
0.00168372
0.00632173
0.0120916
0.00195584
0.000833806
0.000929068
0.00423233
0.00251393
0.00267844
0.00205673
0.000963833
0.000754097
0.00572844
0.00212323
0.00285578
0.00262186
0.00258053
0.00497872
0.00431811
0.00303364
0.00644365
0.00513706
0.00506664
0.000981647
0.00148603
0.00252145
0.0027768
0.00183582
0.000378494
0.000536363
0.00192012
0.00123399
0.000929673
0.00336925
0.000976673
0.00219798
0.00208466
0.0141836
0.00420838
0.000107992
0.00534522
0.00294366
0.0016629
0.00448562
0.00209395
0.00185425
0.00172152
0.00445843
0.00152398
0.00412106
0.00159989
0.00376468
0.00241668
0.00687052
0.00374793
0.00107438
0.000700835
0.00473351
0.000708184
0.00316318
0.00162793
0.00127654
0.0032019
0.00390537
0.00248358
0.0059688
0.00161841
8.83293e-05
0.00381654
0.00100118
0.000630377
0.000840837
0.00161531
0.00377828
6.08553e-05
0.00297549
2.61426e-05
2.42603e-06
0.00109536
0.000993186
0.00141598
0.00433283
0.00175003
0.0017663
0.00154303
0.00294226
0.00511678
0.000153506
0.00220254
0.00279735
0.000571613
0.00193936
0.00188969
0.00353185
0.00132567
0.000464518
0.000961215
0.00359907
0.00264044
0.00442277
0.000802312
0.0013324
0.00243278
0.00430549
0.000762503
0.00635053
0.00101066
0.00131311
0.00284453
0.00479527
0.00225159
0.000778545
0.00128273
0.00644651
0.00347021
0.00300699
0.000488136
0.00600648
0.00466348
0.000965263
0.00866036
8.95174e-07
0.000184422
0.0045549
0.00534676
0.00106968
0.00200142
0.00264974
0.00117914
0.00633835
0.00112903
0.000589697
0.0032247
0.00504402
0.000249004
0.00306429
0.00413361
0.00292655
0.00297709
0.00329592
0.00314899
0.00107986
0.00389609
0.00464851
0.00453748
0.000844647
0.00819242
0.00168483
0.00206463
0.000599812
0.0054558
8.24338e-05
0.0112538
0.000914158
0.000475479
0.00159778
0.00163414
6.54948e-05
0.00265207
0.00168992
0.00516093
0.0033934
0.00610909
0.000794984
0.00101103
0.00300051
0.00248737
0.00304281
0.000939933
0.00245018
0.00437248
0.00102537
0.000603697
0.0015079
0.00752223
0.00570336
0.00327974
0.001424
0.000723629
0.01282
0.0016677
0.00223184
0.00768334
0.000238641
0.00154786
0.000157537
0.00656717
0.00574011
0.00489976
0.000724019
0.000472427
0.00101585
0.0050229
0.00393964
0.00226901
0.00124985
0.00427995
0.00475592
0.00409086
0.00120242
0.00237615
9.45984e-05
0.00635331
0.0018608
0.00418939
0.00142506
0.000729891
0.00135844
0.00124937
0.000679166
0.00904533
0.00582912
0.00452462
0.000160413
0.0033112
0.00109606
0.000279355
0.0050452
0.00327989
0.00553363
0.00103053
0.00331555
0.000246434
0.00299719
0.00375583
0.00236636
0.00469661
0.00409642
0.00225717
0.00801009
0.000905429
0.00188782
0.000274707
0.00368163
0.00186538
0.000692862
0.00388949
0.00132519
0.00192908
0.00590988
0.000563003
0.0012723
0.00683869
0.0069332
0.000237555
0.000844791
0.00234607
0.00360378
0.00300298
0.00598569
0.00313281
0.00106246
0.00200182
0.00215599
0.00338692
0.000250081
0.000120482
0.00534665
0.00403932
0.00328647
0.00440589
0.000447428
0.00280352
0.00354798
0.00452932
0.00628103
0.00278895
6.82003e-05
0.000785718
0.000692923
0.001359
0.00135001
0.00285704
0.00590086
0.00290161
0.00432082
0.00301561
0.00353133
0.00446544
0.005172
0.00413257
0.00177477
0.00385532
0.000562808
0.00107547
0.00242325
0.00586444
0.00408246
0.00368693
0.00167468
0.00401317
0.0152562
0.00171422
0.00711346
0.00230077
7.86425e-05
0.00093634
0.00374143
0.000122243
6.51455e-05
0.00391908
0.000204213
0.00150473
0.00168141
2.20246e-06
0.00930861
0.000534651
0.00355897
0.000163407
0.000667052
0.00319137
0.00358208
0.0015366
0.00291399
0.00300452
0.00188468
0.000334228
0.00111396
0.000239533
0.005036
0.00542061
0.00316291
0.00235685
0.00194051
5.16413e-06
0.00198657
0.00134849
0.000299361
0.00269138
0.000836839
0.00184613
0.00269304
0.00362676
0.00121279
0.00334492
0.00241879
0.00172128
0.0017721
0.0018186
0.0033878
0.0022606
0.00169409
0.00751258
0.00239154
0.00290763
4.42685e-05
0.00586755
0.000929701
0.000307566
0.00065523
0.003146
0.0010024
0.00621202
0.000729387
0.00627373
0.00110462
0.00117758
0.00180603
0.00155385
0.00196886
0.0063957
0.00222205
0.000667098
0.00365214
0.00420839
0.00781474
0.00301576
0.00141585
0.00311368
0.0019651
0.00454852
0.00143185
0.00112979
0.0028966
0.00512744
0.00322542
0.000671318
0.000625551
0.0035756
0.000420106
0.00199687
0.0027963
0.00534181
0.00385438
0.00327014
0.000930907
0.00302595
0.00128877
0.000531069
0.00297174
0.00570247
0.000966058
0.00271386
0.000621765
0.00422896
0.000859845
0.00327579
0.00280503
0.00047459
0.000527667
0.000974502
0.00138941
0.00380779
0.00357577
0.00111833
0.00477584
0.00278423
0.00109191
0.00388177
0.00220623
0.00246801
0.00227409
0.00299874
0.00189235
0.00311686
0.00285517
0.00323545
0.00284575
0.00240363
0.001789
0.00377036
0.00498418
0.00200669
0.00369363
0.000100736
0.00404704
0.00601327
0.00158128
0.00249828
0.00164107
0.00530586
0.000760077
0.00111308
0.00269134
0.00335748
0.00468924
0.00219147
0.0022045
0.0090952
0.000434049
0.000575808
0.00346208
0.00423375
0.000627401
0.00149193
0.000846435
0.00131732
0.00867985
0.00301614
0.00136442
0.00181822
0.000395043
0.000120869
0.00317486
0.000878215
0.00461595
0.00448313
4.25018e-05
0.00241381
0.000748665
0.00557551
0.000706887
0.0087596
0.0150312
0.00756023
0.0049148
0.00460325
0.00360281
0.00196785
0.00197093
0.00245545
0.00448829
0.0010247
0.00300275
0.00776737
0.0199527
0.000329644
0.00517404
0.00118975
0.00647337
0.00256981
0.00167062
0.000693275
0.00494424
0.00342976
0.000694522
0.00215456
0.00218394
0.00128589
0.00585723
0.00463327
0.00121406
0.00270961
0.00980601
0.00140551
0.00304715
0.0041237
0.00514393
0.0019117
0.00275437
0.0033746
0.00156099
0.00485277
0.00144916
0.00149193
0.00136481
0.0033401
0.00206461
0.000449255
0.00027221
0.00372227
0.00137659
0.00251787
0.00824694
0.00197522
0.00361423
0.00351273
0.00625136
0.00555967
0.00567317
0.00229274
0.00569484
0.00241713
0.00249374
0.00131588
0.00213758
0.00172852
0.00630861
0.00316122
0.00687295
0.00568048
0.00299214
0.00703874
0.00138076
0.00233887
0.0025447
0.00645565
0.00384351
0.00804132
0.0058592
0.00396837
0.011275
0.00640677
0.000128029
0.00798247
0.000650307
0.00174896
0.000660835
0.0093855
0.00561052
0.00221351
0.0171582
0.00256711
0.00501982
7.28994e-05
0.00649064
0.0051525
0.00291029
0.000216286
0.000541902
0.00049653
0.00263562
0.000668722
0.0062317
0.00274177
0.00391664
0.0035945
0.00117894
0.00140363
0.00268286
0.00187039
0.00953397
0.000465656
0.00395787
0.00432238
0.0116384
0.0015035
0.00363989
0.00416363
0.000239091
0.00244
0.00283335
0.00808333
0.00660329
0.0047357
0.00127495
0.0135064
0.000761557
0.000180022
0.00374955
0.0053893
0.000137405
0.00191361
0.00910959
0.00283208
0.00683215
0.0125489
0.000606308
0.0125656
0.0024287
0.00149477
0.00174718
0.00326256
0.000602535
0.0106294
0.00281048
0.00429391
0.00348751
0.000946019
0.0121474
0.00140794
0.00383794
0.0012493
0.00550811
0.00297719
0.0163961
0.00687442
0.0065494
0.00332281
0.0116016
0.00303629
0.00394534
0.00453959
0.00391407
0.00187814
0.00982284
0.0050164
0.00620608
0.00706754
0.00570653
0.00956808
0.0031927
0.00362766
0.000779227
0.00512032
0.000943114
0.00569515
0.00835
0.0128417
0.00027604
0.0123446
0.00296839
0.00178889
0.00300165
0.00860771
0.00270107
0.00908247
0.00559377
0.00533582
0.00235925
0.00561756
0.00434653
0.00414216
0.0078703
0.00193887
0.00969033
0.0158815
0.00791447
0.0105061
0.00116627
0.00413165
0.00964327
0.00334484
0.000389332
0.00201814
0.00467284
0.00854115
0.000616519
0.0060708
0.00311763
0.00552904
0.00301737
0.00303786
0.000176417
0.00153994
0.00816155
0.0079648
0.00114517
0.000837763
0.000456447
0.000840201
0.00625241
0.00723509
0.00788257
0.00937289
0.00513321
0.00855016
0.00483969
0.00125502
0.000844006
0.00540769
0.00471382
0.00263703
0.00113523
0.00101087
0.000730676
0.0141841
0.00208118
0.00702446
0.00261215
0.00459175
0.00333709
0.00265428
0.00196174
0.00396124
0.000571621
0.000494779
0.00692611
0.00508854
0.00514607
0.0118636
0.0111424
0.00122656
0.00127723
0.00525791
0.00837102
0.00192928
0.000173319
0.00414952
0.00443352
0.0065737
0.0173218
0.000831332
0.00545179
0.00206878
0.00544817
0.00241925
0.00644612
0.00139605
0.0147813
0.00268642
0.000962489
0.00692333
0.00192183
0.00400069
0.000592863
0.00411173
0.00468149
0.000236935
0.000872521
0.0010823
0.00143796
0.00345362
0.000125476
0.00870663
0.000865946
0.000955888
5.66837e-05
0.00511154
0.000574761
0.000542957
0.00325224
0.00216801
0.00241701
0.00371203
0.00137078
0.00137557
0.00143366
0.00989835
0.00246855
0.00111639
0.00395616
0.00573374
0.000396149
0.00110263
0.00416972
0.000224743
0.001881
0.00426219
0.000481078
0.000851193
0.000750157
0.00322847
0.00189151
0.000450619
0.000450824
0.00153074
0.00477007
0.00405064
0.000720636
1.02667e-05
0.00347581
0.00319355
0.00340025
0.000178869
0.00815458
0.00238386
0.0012208
0.00248412
0.000339516
0.001597
0.000232517
0.00401774
0.00225147
0.00385465
0.000883989
0.00607769
0.00530197
0.00259993
0.000309048
0.00126634
0.00214718
0.00178824
0.000897499
0.00201598
0.00352257
0.00334378
0.00144424
0.00264028
0.00472236
0.0171947
0.000120239
0.00282916
0.00106247
0.00561505
0.0017341
0.00457744
0.00334468
7.78851e-05
0.00633734
0.0118666
0.00455858
0.00184255
0.00242196
0.0063482
0.00682773
0.00172104
0.0026493
0.00129807
0.00210772
0.00585273
0.00605526
0.00518529
0.00485815
0.0022836
0.00126135
0.00112532
0.0101929
0.00375643
0.00611622
0.000101327
0.000507241
0.000419942
0.000540859
0.000954469
0.000399038
0.00247304
0.00550636
0.00106776
0.00243285
0.00284242
0.0020011
0.00174467
0.00169081
0.00399092
0.00231139
0.00339296
0.00397671
0.000323931
0.0030561
0.00269044
0.00157831
0.00098804
0.000171979
0.00398994
0.000158283
0.00231228
0.0113244
0.00249685
0.005716
0.00627366
0.00356866
0.000388919
0.000931716
0.00325011
0.00515789
0.00656326
0.000704377
0.0071186
0.001321
0.00161951
0.00202185
0.00414984
0.000650183
0.000983139
0.00163712
0.00160439
0.001853
0.00339399
0.00586906
0.00204886
0.0120389
0.00416028
0.00110589
0.00478071
0.00588189
0.00682216
0.00125642
0.00181712
0.00154409
0.00151463
0.0108041
4.53881e-05
0.00192432
0.0041765
0.00572371
0.00114082
0.0103177
0.00135708
0.00852824
0.00344876
0.000996032
0.00245233
0.00764832
0.00138498
0.0075806
0.0128198
0.000989125
0.00196126
0.00132225
0.00555121
0.00302545
0.00608192
0.000819109
0.0016122
0.00346622
0.00182351
0.00012625
0.00038811
0.000615221
0.000789077
0.000222413
0.000717196
0.00223477
0.00100962
0.00355133
0.00448633
0.00306974
0.0014906
0.00926627
0.0014781
0.00437465
0.00298798
0.00073452
0.00466905
0.00019513
9.57397e-05
0.00162479
0.000732345
6.4805e-05
0.00673555
0.00718378
0.0034027
0.000400299
0.00156371
0.00260741
0.0012041
0.00183599
0.0010697
0.0046631
0.0017991
0.00171442
0.00328597
0.00130479
0.00205572
0.000902017
0.00160473
0.00170692
0.000520139
0.00717669
0.00269805
0.00290289
0.00096571
0.00378582
0.00621433
0.00807524
0.00458591
0.0153356
0.00147686
0.00516438
0.00224914
6.31566e-05
0.00588724
0.00400533
0.000584942
0.00308418
0.00574302
0.00101215
0.000437757
0.000204709
0.00885759
0.0045674
0.0048937
0.00304575
0.00304167
0.00153592
0.00254056
0.00390148
0.00135899
0.00412383
0.00477679
0.00133688
0.000895562
0.00628906
0.00410199
0.000358432
0.00399348
0.00176449
0.000317881
0.00170299
0.00577911
0.00846634
0.00232087
0.0039715
0.00203806
0.000189998
0.00217529
0.00197738
0.00113006
0.00106976
0.00459643
0.00298491
0.000308078
0.000924803
0.00276588
0.000654154
0.00603809
0.00202856
0.000579508
0.000747703
0.000641046
0.00280975
0.000648253
0.00187452
0.00159943
0.00332746
4.03623e-05
0.000375834
0.000798484
0.00225953
0.00367256
0.00154591
0.000391823
0.000832393
0.00377188
0.000993564
0.000798942
0.00123266
0.00466241
0.00485024
0.000150968
0.000557879
0.0038699
0.00313413
0.00109347
0.000360585
0.00179219
0.00243383
0.00787078
0.0059834
0.0162157
0.00363019
0.00453793
0.000670067
0.0024861
0.00235153
0.000873688
0.00148784
0.00613292
0.00479738
0.00235635
0.00159053
0.00372055
0.00170586
0.00599963
0.001471
0.00105799
0.0022068
0.000782035
0.00094625
0.00434249
0.00609081
0.000958179
0.000969193
4.94165e-06
0.00369848
0.000202111
0.00351673
4.81741e-05
0.00333179
0.00456806
0.00112463
0.00558928
0.00180353
0.00480462
0.00293128
0.00104922
0.00724486
0.0012629
0.00245066
0.00444891
0.0068095
0.00164247
0.000726336
0.00180051
0.00438758
0.000935057
0.0023031
0.000174991
0.00582911
0.00210504
0.00650088
0.00172087
0.0020613
0.00249256
0.000886553
0.00142813
0.0018384
0.000435918
0.000907054
0.000865337
0.00106025
0.000797681
0.00358748
0.00304229
2.36334e-05
0.000555951
0.00229957
0.000691162
0.00202421
0.000735322
0.00150145
0.0155742
0.00230288
0.00310238
0.00690099
0.00529438
0.0120938
0.000228372
0.00464412
0.00688219
0.000414952
0.0111009
0.00608501
0.0165952
0.00702214
0.0054128
0.00272224
0.00104897
0.00146095
0.00185224
0.0022973
0.00307465
0.00502896
0.00736312
0.00540417
0.00564674
0.00187957
0.0106022
0.0089484
0.000805381
0.0002865
0.00970021
0.000283955
0.00094742
0.000653648
0.00400592
0.00464075
0.00106827
0.00170485
0.00431033
0.000145468
0.0015574
0.00282082
0.0048419
0.000202947
0.00268901
0.00945924
0.00118868
0.00374642
0.000687339
0.0140902
0.00794244
0.00334799
0.00458301
0.00299119
0.00834068
0.00103773
0.000455306
0.00248676
0.00653435
0.00602192
0.00505781
0.00528281
0.00481275
0.00193281
0.00164229
0.000215629
0.00369697
0.00604502
0.000658993
0.00213171
0.00450428
0.00457567
0.000235549
0.0160727
0.00460419
0.00177607
0.00877332
0.00194538
0.0266753
0.00261467
0.00624511
0.0184042
0.00151964
0.00390368
0.00537885
0.00765846
0.00334659
0.00631957
0.0021643
0.0121556
0.00634617
0.00059262
0.000102154
0.0037971
0.00264522
0.00247586
0.0036143
0.0052285
0.00135182
0.00154304
0.00269984
0.00475844
0.000702736
0.00628471
0.00176515
0.00281922
0.000816075
0.00181654
0.00328509
0.000635146
6.32782e-05
0.000526631
0.00192141
0.00259548
0.0016526
0.00408245
0.00437655
0.000235823
0.000492506
0.000744411
0.000116451
0.00373263
0.00410252
0.000604102
0.00373155
0.00619564
0.00493055
0.00446559
0.00331199
0.00227122
0.00643031
0.00179581
0.000418326
0.00565445
0.00149453
0.000907387
5.32481e-05
0.00273409
0.00332851
0.00134079
0.00200574
0.000280161
0.000899275
0.00135439
0.000748648
0.00270773
0.00186049
0.0024684
0.00689422
0.0112773
0.00201848
0.00226638
0.00552764
0.00228646
0.00275347
0.00106718
0.00683733
0.000338278
0.0020243
0.000323667
0.0015178
0.00110206
0.00139899
0.00648198
0.00179598
0.00210755
0.00180502
0.000380889
0.000239539
0.00160737
0.007162
6.30685e-05
0.00187461
0.000315257
0.00745912
0.00190486
0.000680997
0.00140072
0.00278388
0.00261189
0.00382614
0.00337961
0.00133146
0.00208184
0.00382546
0.00298252
0.00370917
0.000349109
0.00425164
0.00644001
5.93372e-05
0.00482674
0.0043996
0.00208771
0.00107497
0.00107411
0.00360293
0.00124904
0.00292307
0.00219804
0.000458042
0.000230792
0.00413853
0.000807893
0.000944669
0.000969212
0.000890751
0.0017603
0.00408516
0.00173569
0.00363401
0.0052618
0.00114447
4.12489e-05
0.00324031
0.00077622
0.00419346
0.00224642
0.00194673
0.000724631
2.77805e-05
0.00472952
0.000594404
0.00192561
0.000516033
4.62037e-05
0.00457763
0.00325746
1.5413e-05
0.00565922
0.00103708
0.00475342
0.00105545
0.000640994
0.00231959
0.00048418
0.00146656
0.00443884
0.00220536
0.00248936
0.000673379
0.00286639
0.00077556
0.00418562
0.00276681
7.14174e-05
0.00788484
0.00211162
0.00323463
0.000490971
0.000344041
0.00316668
0.000581735
0.00197772
0.000669686
0.00277616
0.00048915
0.00465431
0.000656422
0.00484969
3.48154e-05
0.00448604
0.000327318
0.000902634
0.00328435
0.00259996
0.00393476
0.00215238
0.00318714
0.0039777
0.000725389
0.00194144
0.000281405
0.0025459
0.00982361
0.00463519
0.00036339
0.0047001
0.00424486
0.00195897
0.00575313
0.00881308
0.00112783
0.00331079
0.000808202
0.00136191
0.00508276
0.0122005
0.00115039
0.000299209
0.0053939
0.000688412
0.00366997
0.00530993
0.00199745
0.00251192
3.2476e-05
0.0013962
0.00331295
0.00219658
0.00400289
0.000532085
0.00159251
0.00412774
0.00142342
0.000772256
0.0112751
0.00505093
0.000154464
0.000963522
0.00198642
0.0011152
0.00870102
0.00566373
0.00692621
0.000897226
0.00632673
7.15232e-05
0.00286585
0.0027102
0.00495751
0.00288372
0.00436797
0.000232017
0.000568846
0.00482734
0.00771087
0.000671392
0.00715248
0.000777135
0.00687524
0.00226324
0.00125907
0.00428055
0.000932647
0.00599256
0.00647886
0.00435271
0.0100366
0.0031351
1.49154e-05
0.00403665
0.000526375
0.000910911
0.00219921
0.00198862
0.00559048
0.00567259
0.00174807
0.00895758
0.00344479
0.00687997
0.00825753
0.00413171
0.0025978
0.00292867
0.0176265
0.000154124
0.0103908
0.00398061
0.00329854
0.00468548
0.000434173
0.00565793
0.000490647
0.000175634
0.0069475
0.00117499
4.57843e-05
0.000910342
0.00528328
0.00513203
0.00286039
0.00817571
0.0023806
0.00230091
0.00827816
0.00116058
0.00210164
0.00700579
0.00077104
0.00319452
0.00733959
0.00167374
0.00140864
0.00150051
0.000626125
0.00369368
0.0009837
0.00583033
0.00920353
0.000243709
0.00066787
9.57238e-05
0.00134294
0.00055551
0.0020486
0.000687896
0.0028875
0.00144305
0.00276234
0.000876158
0.00555821
0.00298201
0.00334549
0.000714155
0.0031661
0.00172999
0.00339018
0.000241811
0.0032152
0.00108669
0.00107465
0.00118945
0.00159045
0.00242492
0.00454243
0.00103498
0.00445662
0.00359063
0.00092595
0.00443034
0.00727022
0.000277008
0.00386126
0.000275434
0.0166696
0.00489324
0.00105371
0.00626596
0.00298538
0.0041667
0.00358621
0.0037488
0.00324893
0.000738912
0.00119235
0.0047691
0.00689611
0.00324074
0.000758836
0.000242262
0.00443135
0.00196743
0.00139399
0.0115131
0.0111053
0.00081159
0.00096543
0.00078594
0.00125964
0.00544537
0.000617274
0.000177817
0.00201706
0.00772805
0.00331241
0.00331649
0.00355287
0.00262941
0.00117757
0.00252819
0.00195677
0.0023897
0.00171986
0.00112166
4.2034e-05
0.00562341
0.00286042
0.00789291
0.00343783
0.0018317
0.000667834
0.00129129
0.00261651
0.00550402
0.000915621
0.00504383
0.00180986
0.00316185
0.0034419
0.00657511
0.000240505
8.90207e-05
0.000284584
0.00221992
0.00488446
0.000300965
0.0026104
0.00067796
0.0036503
0.00119506
0.00303311
0.00316026
0.00183626
0.0129163
0.00286169
0.00393419
0.00823436
0.0018517
0.00384001
0.00152327
0.00162568
0.00292193
0.00723335
0.00406323
0.00749
0.00201206
0.00886497
0.000835524
0.00614792
0.00718752
0.011618
0.00497376
0.00207989
0.00305241
0.00271828
0.000885885
0.00633329
0.00306433
0.00112883
0.00350184
0.00207657
0.000421873
0.00261958
0.00378067
0.00248676
0.00277211
0.00415947
0.000156199
0.00022536
0.00506055
0.00231773
0.000553736
0.00266628
0.00461445
0.00258084
0.00449443
0.00022173
0.00447337
0.00225057
0.00151404
0.0044338
0.00368863
0.00180515
0.00543069
0.00213131
0.00238335
0.00150942
0.00111452
0.00274373
0.00233326
0.00379153
0.00494999
0.0081545
0.0040308
0.00430245
0.00296928
0.0032988
0.00491917
0.000259019
0.00345557
0.00131472
0.00666396
0.00071679
0.001562
0.00254769
0.00121339
0.00088734
0.00394424
0.00120933
0.00100438
0.00517424
0.00275216
0.00135775
0.00323647
0.0021695
0.0048769
0.00907064
0.00137522
5.96627e-05
0.0057499
0.00271523
0.00179884
0.00248264
0.00287225
0.000265226
0.000290677
0.00315753
0.000392638
0.00158917
0.00379521
0.00253985
0.00436328
0.00114027
0.00281118
0.000643926
0.00140686
0.00442981
0.00440076
0.00451332
0.00461805
0.00212557
0.00103503
0.000866754
0.00390987
0.00109737
0.00310932
0.00336689
0.00150929
0.0017234
0.00296189
0.00524619
0.000846144
0.00256584
0.00136205
0.000696882
0.00748005
0.000731271
0.000168287
0.000373409
0.00199644
0.0014518
0.000598972
0.00222112
0.00448841
0.005682
0.00264486
0.00177238
0.012079
0.000415788
0.000798946
0.00296473
0.00310383
0.00100988
0.00300776
0.00328679
0.00125218
0.00430278
0.00368265
0.00304397
0.00453532
0.00589129
0.00755485
0.000729873
0.00218587
0.000577121
0.00248437
0.00186184
0.000399725
0.00418534
0.000843326
0.0014341
0.00189306
0.00125146
0.0017296
0.00288835
0.00220756
0.000592099
0.00188994
0.000186954
0.000935791
0.00234167
0.0031116
0.000902692
0.00186
0.00515896
0.00189949
0.00594602
0.00309113
0.00488864
0.00234055
0.00215802
0.000375655
0.00532952
0.00338389
0.00216714
0.00441682
0.000358008
0.00157975
0.00508967
0.000323042
0.00203487
0.00133171
0.00684324
0.00312327
0.00470255
0.00363533
0.00457749
0.00162361
0.0018405
0.000546099
0.00164378
0.00103129
0.00174462
0.000735599
0.00133469
0.0029395
0.000353146
0.0025915
0.0042243
0.001425
0.00348208
0.00103897
0.000479458
0.0021386
0.00258814
0.00319622
0.00188427
0.00167794
0.00357784
1.67153e-05
9.36426e-05
0.00321105
0.000871784
0.00212052
0.00157101
0.00181698
0.000570087
0.00452407
0.000781684
0.0057069
0.00369251
0.00326269
0.000104561
0.00448258
0.00159752
0.0067092
0.00515856
0.00197368
0.000196966
0.00474515
0.00100246
0.000879585
0.00192918
0.00310026
0.00480469
0.000528653
0.00178836
0.00677181
0.00484143
0.000966487
0.00275479
0.00199233
0.00544233
0.00156494
0.00174317
0.00580526
0.00111294
0.00203373
0.00197055
0.00223843
0.00330497
0.00257395
0.0078498
0.00178774
0.00448563
0.00529985
0.00503476
0.00289658
0.00396411
0.00387828
0.000838413
0.0023167
0.00420855
0.000423709
0.00184436
0.00519319
0.00044179
0.00167803
0.00305799
0.0014503
0.00133319
0.0050273
0.000216817
0.000582391
0.00236602
0.000957745
0.00430215
0.00506376
0.00282795
0.00235474
0.00429555
0.00258686
0.00216067
0.00133695
0.000725877
0.00501568
0.00221206
0.00123111
0.004607
0.00231154
0.00108931
0.000686982
0.00241544
0.00176424
0.00651132
0.0015422
0.00330915
0.00354292
0.00482043
0.00188164
0.00194821
0.00434361
0.00206398
0.00208411
0.00653074
0.000157075
0.000196704
0.00387695
0.0116066
0.00059333
0.00600075
0.00143206
0.000497708
0.00327311
0.00252475
0.00337735
0.00246749
0.00371673
0.00278293
0.00112265
0.00203825
0.00161346
0.0032383
0.00267445
0.00170297
0.00260235
0.00403371
0.000912599
0.00199147
0.000483924
0.00241718
0.00180906
0.00531947
0.00282221
0.000406477
0.00248258
0.00575601
0.00321163
0.00109874
0.00567376
0.00269491
0.000886183
0.00220911
0.00145607
0.00377349
0.000293889
0.000675898
0.00386635
0.000444243
0.000428208
0.000267613
0.00143154
0.00267055
0.00430165
0.00394865
0.000804568
1.0791e-05
0.00217329
0.00233034
0.00166622
0.00591894
0.000980328
0.000272678
0.000262978
0.00492151
0.000294497
0.00627364
0.00320918
0.00557029
0.00580729
0.00264818
0.00168923
0.00847165
0.00434005
0.00194329
0.0010687
0.00116145
0.00125892
0.00173429
0.0033372
0.00437033
0.000724053
0.00132403
0.00160072
0.00183613
0.00255367
0.00833547
0.000492863
0.000981362
0.00283158
0.000544484
0.000226203
0.00247728
0.00364545
0.00201586
0.00166433
0.00210021
0.00135363
0.00365324
0.0093252
0.00673378
0.00194429
0.000805892
0.000659376
0.00285929
0.00320909
0.00408318
0.000575912
0.00218606
0.00519942
0.000434433
0.000770461
0.00476616
0.00293439
0.0044842
0.00118386
0.00161247
0.00354036
0.00471054
0.000986146
0.00189645
0.000495198
0.0004001
0.00331005
0.00170531
0.00427992
0.00329088
0.00269545
0.0017827
0.00213895
0.000777494
0.00150073
0.00271957
0.00201375
0.00390952
0.00404208
0.00515001
0.000122139
0.00309446
0.00852341
0.00697941
0.00212629
0.00171844
0.00418343
0.00497952
0.000489408
0.000527899
0.00378949
0.000677318
7.58106e-05
0.00246985
0.00517647
0.00802642
0.00152719
0.00363753
0.00405968
0.000158937
0.00469156
0.00440112
0.000267269
0.00288322
0.000896333
0.00259359
0.00391837
0.0026317
0.00220644
0.00319124
0.00353698
0.000321279
0.00474305
0.00026304
0.00570693
0.00405288
0.000727546
0.00020597
0.000285685
0.00524684
0.000959892
3.91986e-05
0.00316157
0.00511177
0.00031453
0.00342534
0.00164503
0.00397928
0.00231531
0.000675001
0.00413347
0.000983457
6.89461e-06
0.00893664
0.00181953
0.0041096
0.00522543
0.00233096
0.00130914
0.00267017
0.00169713
0.00925267
0.000572529
0.000110348
0.00149636
0.00561992
0.000955171
0.000531715
0.00176987
0.00339898
0.00344386
0.000967338
0.00147113
0.00184775
0.00107475
0.0002655
0.000390675
0.00310672
0.0019644
0.00138801
0.00256498
0.000707342
0.00512505
0.0040833
0.00343715
0.0030458
0.0012255
0.00149454
0.000394127
0.00218467
0.00183125
1.62118e-05
0.00199119
0.000667591
0.00363353
0.0013925
0.00435177
1.35962e-05
0.00260217
0.00747372
0.00395948
0.00119271
0.00315959
0.00558919
0.000411831
0.000523007
0.0015885
0.00179637
0.00157047
0.00596688
0.000897186
0.00252803
0.00279821
0.000402676
0.00158869
0.000344905
0.00930091
0.00304196
0.00278136
0.00733299
0.000279349
0.00328617
0.00434471
0.00207766
0.000507411
0.00114299
0.0027767
0.000521296
0.0017104
0.000465132
0.00271152
0.00102762
0.000664438
0.000802137
0.00196715
0.000855804
0.00135704
0.00362471
0.00461508
0.00244333
0.00602236
0.00239229
0.0078799
0.00371563
0.000355838
0.00527534
0.00284798
0.00273122
0.00175433
0.000943242
0.00489078
0.00438512
5.49881e-05
0.000718943
0.0025359
0.00594141
0.00250683
0.0025521
0.00934587
0.00223769
0.000970815
0.00157441
0.000648481
0.000504932
0.00218688
0.000224627
0.00204841
0.00362316
0.0049676
0.000542212
0.000140427
0.000884024
0.000428522
0.00283646
0.00201954
0.000981547
0.0058312
0.00516506
0.00189533
0.000954581
0.00232628
0.00340494
0.000349367
0.00265154
0.000428627
0.00352996
0.00117688
0.00170584
0.00209905
0.00162649
0.00287796
0.00470498
0.00312953
0.0012554
0.000139326
0.00365506
0.00344406
0.00213907
0.00276881
0.00153394
0.0025565
0.00341071
0.000863799
0.00533816
0.00496011
0.00197266
0.00292543
0.00143949
0.000772511
0.00316536
0.00139749
0.00401387
0.000916994
0.00188381
0.000720687
7.5303e-05
0.00111286
0.000542823
0.0026033
0.00126049
0.011156
0.000269915
0.00505656
0.001009
0.00350157
0.00199531
0.00394755
0.00158668
0.00281048
0.00442845
0.00432761
0.0012709
0.0037339
0.00346249
0.00720439
0.00348817
0.000964002
0.00254244
0.00250115
0.00270449
0.00187635
0.00809468
0.000999099
3.2155e-05
0.00295965
0.00109313
0.00582333
0.00321062
0.000524117
0.0027539
0.00112343
0.00251216
0.00100989
0.00598804
0.00132858
0.00139922
0.00221605
0.00850992
0.0014887
0.000740578
0.00335527
0.000650994
0.00103942
0.00566087
0.0126802
0.000642403
0.00417961
0.00467991
0.00161261
0.000217826
0.00353569
0.00200942
0.000923925
0.00215369
0.00229714
0.00271615
0.00532128
0.00511185
0.00385256
0.00470053
0.00712842
0.0116733
0.00308726
0.00149148
0.00386599
0.000640492
0.00253533
0.00378919
0.00330364
0.0025528
0.00289909
0.00383278
0.00298991
0.00239989
0.00363675
0.00305913
0.00468899
0.00125206
0.00755476
0.00348951
2.80987e-05
0.00256555
0.0151438
0.00477456
0.00381214
0.00474956
0.00171259
3.73564e-05
5.18453e-05
0.00108914
0.00816368
0.00660255
0.00731736
0.00145021
0.00678374
0.0073522
0.00123401
0.0010851
6.06428e-05
1.16733e-05
0.00102128
0.0044738
0.00127658
0.0083483
0.00610912
0.00536166
0.00139491
0.00182125
0.00367421
0.00548594
0.00471111
0.00270995
0.00297065
0.00151492
0.00172608
0.000724763
0.00403656
0.00178743
0.00430645
0.000109054
0.00249894
0.00115511
0.00119879
0.00236951
0.00269999
0.000330098
0.000102659
0.00149809
0.00864779
0.00288574
0.00302765
0.00106557
0.00430938
0.00581093
0.00377654
0.00288523
0.000778476
0.00770725
0.000170526
0.00278739
0.00934336
0.000178455
0.00498065
0.000203378
0.00122412
0.0214967
0.00218476
0.000439594
0.000810437
6.73587e-05
0.0130259
0.00283177
0.00123013
0.000202727
0.00150091
0.00206629
0.00526745
0.0113175
0.00180405
0.00483043
0.00692027
0.00550487
0.0258528
0.00202706
0.00964472
0.00114688
0.0040106
0.00112941
0.00166071
0.00279971
0.00290055
0.000814569
0.00756045
0.000617027
0.00299044
0.0082989
0.00405179
0.004092
8.98905e-05
0.002493
0.00742729
0.0020156
0.00306469
0.00941931
0.0110803
0.000253996
0.000411546
0.00358724
0.00234119
0.00416218
0.0122532
0.00375801
0.000250722
0.000817212
0.0029513
0.00363099
0.00238458
0.000225432
0.0012009
0.00168441
0.00245727
0.0151316
0.000433435
0.00396547
0.000156276
0.00173529
0.00381199
0.00592612
0.0160225
0.00316082
0.000128078
0.0143188
0.00156575
0.000959934
0.00583833
0.0094814
0.000685422
0.00315079
0.00566792
0.00429263
0.00236003
0.00431921
0.00134658
0.00700538
0.000370461
0.00223195
0.000607391
0.00616625
0.000482576
0.00410423
0.00470287
0.00361285
0.00719803
0.00236138
0.00302532
0.0129422
0.00238142
0.000539471
0.000125431
0.00113782
0.00774321
0.00539105
0.00112655
0.0115819
0.0026896
0.00123887
0.00239518
0.0022217
0.0021053
0.00302324
0.00238991
0.00312505
0.00281925
0.00156314
0.00462423
0.00227445
0.00383564
0.00125558
0.00087885
0.00455066
0.00462382
6.0064e-05
0.00492311
0.000909228
0.00208457
0.00489404
0.00117662
0.000643565
0.00129802
0.00837658
0.00335001
0.00288842
0.00190801
0.0156808
0.00239634
0.00105042
0.000725216
0.0068364
0.00406524
0.00286948
0.00344936
0.000163349
0.00300676
0.00162343
0.000456482
0.000561868
0.000844972
0.00126516
0.0034622
0.00215808
0.00210893
0.0055332
0.00505134
0.00094492
0.00315877
0.00310283
0.00360462
0.00219218
0.00377956
0.000212371
0.00289303
0.00354383
0.00380055
0.00216244
0.00474575
0.00315084
0.00392824
0.000809252
0.000254637
0.00766616
0.00145595
4.77513e-05
0.000419809
0.000948253
0.00136494
0.00135998
0.0015618
0.00282246
0.00234851
0.00183253
0.00159596
0.00464204
0.000979304
0.00353535
0.000998161
0.00219235
0.00348912
0.000953606
0.00541193
0.000858391
4.14943e-05
0.00278709
0.00219434
0.00112922
0.000244413
0.0044212
0.00341373
0.00128435
0.00414411
0.00457732
0.00227655
0.00159822
0.00144008
0.000529805
0.00628692
0.00186284
0.00327393
0.000705859
0.000172695
0.00342788
0.00194189
0.00309456
0.00321753
0.000622454
9.11138e-05
0.00400322
0.00816513
0.00251813
0.00264893
0.00765438
0.00456843
0.00254241
0.00301051
0.00496166
0.00074362
0.00156379
0.0104401
0.00421018
0.00385884
0.00126452
0.000479827
0.000614003
0.00389422
0.000926569
0.00125078
0.00132757
0.00264644
0.00147135
0.00012706
0.00109014
0.00898214
0.00285124
0.00393986
0.000317885
0.000504865
0.00300264
0.00282985
0.0073901
0.00503555
0.000698292
0.000677864
0.000631285
0.00320709
0.00112042
0.000805483
0.00477673
0.00342474
0.00103179
0.00326975
0.0019002
0.000775566
0.000974571
0.00260238
0.00613918
0.00294523
0.00503391
0.00167356
0.000278411
0.00864496
0.00115557
3.09908e-05
0.0010496
0.000821455
0.00943917
0.00373802
0.00527839
0.0118888
0.00517263
0.00147624
0.00431672
0.000959702
0.00344358
0.00924727
0.0032009
0.00702638
0.00292426
0.000917472
0.00420751
0.000659414
0.000752251
0.00631432
0.0038884
0.0010648
0.00350636
0.000503253
0.00221524
0.000856213
0.000445349
0.000847537
0.00441131
0.000842495
0.000128599
0.00125542
0.000308937
0.00442042
0.00100006
0.00214507
0.00520871
0.00306413
0.00102355
0.00085238
0.00693816
0.00262013
0.000616631
0.00217727
0.00936055
0.000744198
0.00152513
0.00101619
6.65595e-05
0.000782408
0.00640272
0.00245288
0.00178953
0.00215312
0.00116516
0.000710135
0.00559091
0.000436344
0.00681799
3.42932e-05
0.000880076
0.0019117
0.000560981
0.000630612
0.00662007
0.000136433
0.00253349
0.00101945
0.000949556
0.00411609
0.0153917
0.00122069
0.00214931
0.000360798
0.00407163
0.000597282
0.00182404
0.00607423
0.00547504
0.000928375
0.00791528
0.00597335
0.00430757
0.00924408
0.00481768
0.00661893
0.00475854
0.00146707
0.00197234
0.000403971
0.00860468
0.00716604
0.00123556
0.000420438
0.0054254
0.00169173
0.00287687
0.00875449
0.00208413
0.00201088
0.00369746
0.00467839
0.00234157
0.00114268
0.00553885
0.00309249
0.00827064
0.00644695
0.00632862
0.00219407
0.00260521
0.000848837
0.00562814
0.00447001
0.00539704
0.00147822
0.00203872
0.00303574
0.0081755
0.00255011
0.00325831
0.00589241
0.00439623
0.00235957
0.00667807
0.00487146
0.0023211
0.000686059
0.00705292
0.00408196
0.00137099
0.00577234
1.30121e-05
0.00082822
0.00104295
0.00510884
0.00182088
0.00208093
0.00960948
0.00242146
0.000355079
0.00339559
5.04991e-06
0.00554435
0.00100464
0.00482506
0.00244395
0.00585605
0.00379903
0.00351245
0.00342586
0.00327956
0.000214563
0.00223111
0.0018015
0.00381851
0.000652367
0.00312349
0.00129272
0.00071725
0.00351565
0.00334564
0.00420261
0.000697082
0.00197127
0.000397141
0.00669615
0.00278029
0.00138528
0.00033606
0.00140035
0.00102571
0.00346716
0.00130999
0.0020396
0.0039735
0.000112927
0.000929497
0.000412628
0.000996175
0.00210155
0.00365526
0.00190788
0.00357336
0.00173806
0.000659514
0.000896833
0.00339284
0.00133967
0.000872356
0.00172747
0.00396148
0.000184257
0.00474591
0.000145373
0.00227429
0.00441587
0.00320937
0.000429559
0.00381957
0.00226088
0.00177695
0.00158396
0.000637265
0.00235893
0.00450394
0.00207817
0.000206192
0.00227104
0.00152207
0.00314144
0.00226322
0.00322093
0.00661385
0.000467658
0.00345882
0.00309892
0.00415534
0.00233819
0.000294619
0.000682799
0.00136234
0.00152198
0.00134074
0.0115797
0.000121734
0.0038907
0.00303692
0.00465576
0.00248348
0.00898404
0.000293374
0.000762731
0.00446314
0.00563765
0.00138322
0.00119403
0.0020232
0.00294116
0.00330914
0.00155774
0.00569169
0.000706761
0.00155325
0.00152508
0.000659696
0.00280095
0.00416123
0.00140113
0.00136331
0.00109947
0.0019957
0.00055427
0.000800183
0.00186718
0.00269278
0.00774646
0.00284021
0.00052669
0.00360273
0.00138917
0.000832827
0.00208102
1.94724e-05
0.000253881
0.00452935
0.00182938
0.00189637
0.000596396
0.0011235
0.00196643
4.82141e-05
0.00114444
0.00325156
0.00440001
0.00346325
0.00378284
0.00342821
0.000296101
0.00163019
0.00457578
0.00525242
0.00287917
0.00478485
0.00126993
0.00278212
0.00135696
0.0039066
0.00409605
0.00548966
0.00886711
0.00106018
0.00290753
0.00166946
0.00438172
0.000887627
0.0053206
0.000616075
0.00475182
0.0034974
0.00542393
0.00500614
0.00103719
0.00853058
0.00250098
0.000875051
0.00384769
0.00172839
0.000216644
0.0107807
0.00038663
0.00318154
0.00221814
6.69513e-05
0.0126635
0.00530716
0.00292765
0.00206394
0.000616539
0.00355994
0.00338992
0.000611932
0.00693212
0.00152848
0.00445023
0.00150672
0.00165678
0.00495813
0.00642227
0.00467683
0.00367368
0.00208087
1.46631e-05
0.00269549
0.0108775
0.00193684
0.000597143
0.00561249
0.00244612
0.00266988
0.00175867
0.00315391
0.000104156
0.00330497
0.000715156
0.00286794
0.0012397
0.0015896
0.00135724
0.00170801
0.0002642
0.000524233
0.00284101
0.0015982
0.00230588
0.00281566
0.00720287
0.00459604
0.000890824
0.00203411
0.00199058
0.00206885
0.00753302
0.00242711
0.00284713
0.00394634
0.00250992
0.00245151
0.00238633
0.00224503
0.000578817
0.00397047
0.00415913
0.000794991
0.00165095
0.00352093
0.0024602
0.00101756
0.00418825
0.000782355
0.00336393
0.00563205
0.00149076
0.00723919
0.00110795
0.00208223
0.00371681
0.0026302
0.00160436
0.000703257
0.00141857
0.00652968
0.00369512
0.000118047
0.0052367
0.005298
0.0043886
0.00183498
0.00338077
0.0040202
0.000605806
0.00922211
0.00315481
0.0015245
0.00186679
0.00401065
0.00969092
0.000336127
0.00551892
0.00185611
0.00200276
0.00032189
0.00522081
0.00426123
0.00398796
0.0033223
0.00184475
0.00192061
0.00277169
0.00568041
0.00100156
0.00801804
0.00429328
0.00202432
0.0018839
0.00189671
0.00283198
0.00144935
0.00254114
0.00256221
0.000102829
0.000915918
0.00282785
0.00560437
0.0021127
0.00167096
0.000665167
0.00247022
0.00211024
0.000851536
0.010483
0.0030327
0.00155555
0.00121635
0.00389555
0.00117823
0.00120093
0.00696462
0.00115113
0.000664515
0.00497378
0.0019459
0.00233742
0.00243962
0.00825204
0.000377817
0.00317291
0.00403999
0.00328174
0.00544141
0.00173824
0.00191145
0.000173705
0.000401587
0.00360369
0.00268275
0.000190551
0.00271217
0.00366308
0.00528349
0.00509621
0.000253904
0.00187191
0.00139566
0.00057532
0.00141799
0.00135619
0.0120542
0.00133604
0.00470581
0.00037841
0.00887008
0.00142797
0.00246802
0.00384148
0.00250411
0.00208396
0.00175576
0.000417895
0.00502797
0.000363763
0.00141528
0.00196087
0.00113217
0.00673329
0.00110428
0.00039037
0.0022667
0.00116675
0.00641469
0.000759745
0.00585652
0.00438387
0.00428394
0.00703864
0.00330416
0.0021543
0.00327023
0.00342606
0.00381652
0.0011147
0.00241216
0.00435676
0.000912874
0.000897157
0.00258331
0.000650265
0.00160377
0.00354559
0.000716614
0.00131891
0.00368259
0.00277975
0.00265548
0.000506651
0.00329604
0.00371453
0.000855621
0.00503242
0.00488458
0.000867709
0.00121578
0.00691911
0.00784203
0.00145429
0.00132318
0.00210346
0.000612853
0.00114754
0.0123715
0.0061552
0.000816278
0.00349337
0.00123374
0.000608574
0.00252205
0.00371501
0.0116449
0.00309593
0.00374726
0.00086679
0.00362213
0.00271379
0.00229247
0.000111926
0.00195098
0.00169332
0.00892613
0.000833115
0.00450078
0.00255169
0.00102957
0.000510689
0.000905522
0.00292561
0.00315097
0.00196167
4.16371e-05
0.00364109
0.000605551
0.00293648
0.00339406
0.00160078
0.000584474
0.00234596
0.00464437
0.00061686
0.000771612
0.00113048
0.00354907
0.00342687
6.24386e-05
0.00686162
0.00106413
0.00587848
0.00361747
0.00328048
0.00502596
0.00122855
0.0015668
0.00145592
0.00319333
0.00290117
0.00297951
0.000962363
0.00562405
0.00243865
0.00040873
0.00204785
0.00843729
0.0013534
0.000203945
0.000652292
0.000532288
0.000608056
0.00296134
0.00127579
6.27384e-05
0.00463273
0.00305998
0.00285051
0.00454878
0.00619371
0.00323773
0.00311192
0.000112288
0.000720691
0.00176025
0.000945514
0.00258418
0.0015374
0.00316283
0.00182988
0.00104631
0.00122187
0.00269882
0.00255173
0.00194532
0.0211745
0.0055797
0.000307369
0.00235658
0.0123673
0.00132441
0.00195194
0.00271559
0.00239568
9.13585e-06
0.00478102
0.0033208
0.00295585
0.000483776
0.0019154
0.000811369
0.000676648
0.00053323
0.00128629
0.00266432
0.00109746
0.00142485
0.000458735
0.00458808
0.000133962
0.00559703
0.00188864
0.00419919
0.000245793
0.00162222
0.00274747
0.00149543
0.000173235
0.00188135
0.00569693
0.0100894
0.00033799
0.00198135
0.00323251
0.00196518
0.00109312
0.00140397
0.0034069
0.00210426
0.00278183
0.0058997
0.000841045
0.00118922
0.00727538
0.000341706
0.00422941
0.00215287
0.000220059
0.00066418
0.000641825
0.00232897
0.00391876
0.00443083
0.00496585
0.00281549
0.00080315
0.000431143
0.00273862
0.000732367
0.00124022
0.00104112
0.0030428
0.000159738
0.000536692
0.00198862
0.00345564
0.00259977
0.0017563
0.00251311
0.00382032
0.00551532
0.00394809
0.00105527
0.00270757
0.00533784
0.00205047
0.00241996
0.00300762
0.000206226
0.00414638
0.00181392
0.0102342
0.00637667
0.00317516
0.000790011
0.00361124
0.00547085
0.000276758
0.00501994
0.00875396
0.000837989
0.00165234
0.000326089
0.00373403
0.00685058
0.00156816
0.00102335
0.00136221
0.00661575
7.3897e-06
0.000635683
0.00337247
0.000424625
0.0168372
0.0039667
0.00224143
0.0053442
0.00484329
0.00295906
0.00356661
0.00189869
0.00129342
0.00519023
0.00193725
0.000167868
0.000469458
0.00542426
0.00364353
0.00450144
0.00445778
0.00301554
0.00181261
0.00325277
0.00567704
0.00263697
0.000779812
0.00345579
0.000774223
0.00332081
0.003427
0.00327448
0.00153194
0.00123349
0.000323304
0.000947461
0.00164047
0.00224524
0.00205404
0.00366764
0.00333228
0.00314752
0.00323452
0.00113289
0.000358596
0.00441698
0.00128456
0.00100069
0.000921808
0.000952559
0.00416497
0.00734231
0.0070919
0.00387412
0.000201164
0.00339946
0.00175301
0.000655828
0.000799711
0.000974552
4.54464e-05
0.00141593
0.000974836
0.000928154
0.00219453
0.000242001
0.000576276
0.00190976
0.000815549
0.00271398
0.000786115
0.00354038
0.00139461
0.00619784
0.00115294
0.00135649
0.000529667
0.00306295
0.00359143
0.00117894
0.00152285
0.0062839
0.00135147
0.00676358
0.000955063
0.00160721
0.000998116
0.00210195
0.00313638
0.00145204
0.000390886
0.00682988
0.00427219
0.00200332
0.00428772
0.00184604
0.00170409
0.00274805
0.00157988
0.00198915
0.00532761
0.008103
0.00663656
0.000103747
0.00844151
0.000287844
0.00183365
0.00177548
0.00202917
0.00238756
0.00978435
0.0017524
0.00638702
0.00634543
0.00126755
0.00900734
0.00637523
0.00038875
0.00223266
0.000141876
0.00860904
0.00470475
0.00360191
0.00487767
0.003615
0.000408044
0.000854857
0.0099685
0.000658108
0.00175936
0.00208065
0.0121329
0.00239498
0.00210285
0.00227777
6.62168e-05
0.00287494
0.00567444
7.26873e-05
0.00363781
0.00557938
0.000978121
0.00237108
0.00172534
5.7659e-05
0.0010201
0.00205972
0.00601228
0.00243671
0.00299134
0.00280648
0.00775531
0.000749996
0.00325818
0.00634924
0.000699455
0.000391731
0.00163935
0.00393319
0.00615417
0.00305104
0.00117092
0.00502893
0.0010185
0.00125874
0.000678156
0.00173998
0.000847062
0.00130727
0.000547734
0.00165703
0.000440295
0.00123844
0.00126034
0.000356399
0.00105712
0.00256894
0.00543326
0.0014137
0.000201257
0.00203991
0.00145038
0.00153137
0.00364104
0.0014234
0.00617786
0.00154541
0.00227547
0.000732482
0.00172027
0.00407823
0.00118091
0.00239137
0.015027
0.0020968
0.00125775
0.00206273
0.00140594
0.00302467
0.000721179
0.00287977
0.000469418
0.00316371
0.00514529
0.00426886
0.00171571
0.00519434
0.00349888
0.000580329
0.0041615
0.00379147
0.00241266
0.0035131
0.00137136
0.00520147
0.00451205
0.000452692
0.00239052
0.00112162
0.0010486
0.00481754
0.0076973
0.000700201
0.000845876
0.0035716
0.00120259
0.00414569
0.00220734
0.00340054
0.00465375
0.00211925
0.0052423
0.000441264
0.00504074
0.000561161
0.000425216
0.000527551
0.00128141
0.000289974
0.00190802
0.000466637
0.00264124
0.00159744
0.00124399
0.00207039
0.00354559
0.00939967
0.00625637
0.00385605
0.000206592
0.00295467
0.000774564
0.00179686
0.0019886
0.000701736
0.00169512
0.000522411
0.000180023
0.000485521
0.000589779
0.00372919
0.00533764
0.00339845
0.00125939
0.000935396
0.0021585
0.00283222
0.00139212
0.000594401
0.00399287
0.00457118
3.27278e-05
0.00102105
0.00229818
0.000762501
0.0107019
0.00146667
0.00196484
0.00137783
0.000933702
9.28941e-05
0.00406787
0.00483004
0.000447584
0.0024819
0.00275415
0.00127672
0.0013384
0.000943854
0.00488349
0.00446708
0.000878925
0.000445255
0.00482644
0.00156532
0.00189056
0.00114335
0.0016646
0.00122645
0.00506378
0.00118866
0.00161992
0.00333141
0.000392662
0.00140535
0.000998843
0.00364476
0.00157053
0.00454138
0.000642119
0.00307791
0.000243208
0.000352501
0.00988547
0.0017208
0.00116142
0.00106627
0.00594622
0.0053309
0.00184607
0.00389405
0.00254272
0.00330975
0.00139917
0.00578811
0.00215074
0.00302956
0.00130192
0.00221011
0.00143132
0.00506719
0.00297314
0.00329428
0.000884669
0.00195147
0.000431507
0.00586656
0.00421371
0.000101014
0.000573855
0.00115707
0.00217732
0.000404054
0.000141378
5.04735e-05
0.00134542
0.00382259
0.00175487
0.00139569
0.000172092
0.000347268
0.00534314
0.00127539
0.00262009
0.00248096
0.0012509
0.00109411
0.00423561
0.00407195
0.00300729
0.00430697
0.000205517
0.000189729
0.00273326
0.00112784
0.00916678
0.00174081
0.000614936
0.00340979
0.0012277
0.00104535
0.000591585
0.00209593
0.000660251
0.00334776
0.00157694
0.00304632
0.00338925
0.00393813
0.000509027
0.0031582
0.000459767
0.00339311
0.00125953
0.000620313
0.00073889
0.00159578
0.000359805
0.00278965
0.00120378
0.00457762
0.000551542
0.000738834
0.00253676
0.00453247
0.00555775
0.00289308
0.0033832
0.000677561
0.00118079
0.00469497
0.00376104
0.00461511
0.00273289
0.00199473
0.00310092
0.00443041
0.000429265
0.000291133
0.00174095
0.0042581
0.00185785
0.00160157
0.00306371
0.00750276
0.00150514
0.00197976
0.001653
0.00238659
0.00365876
0.00136288
0.00209807
0.00417985
0.00103159
0.00305696
0.0010982
0.00385497
0.0024313
0.00373442
0.00202822
0.00130375
0.000882125
0.00263238
0.0051501
0.00259125
0.00217569
0.00941472
0.00135783
0.000722987
0.00180179
0.0045726
0.00155971
0.00192796
0.00155981
0.000495529
0.00427278
0.00305428
0.00507971
0.00118324
0.00163472
2.06415e-05
0.00331908
0.000845816
0.000222845
0.00491766
0.00310924
0.00101284
0.0016319
0.00326197
0.00255063
0.000644861
0.00213896
0.00141447
0.00167019
0.00235072
0.00350784
0.00416773
0.00103767
0.00168679
0.0027324
0.00190513
0.000504031
0.00403702
0.00312467
0.00297238
0.0027886
0.000967481
0.00467231
0.00264199
0.00226712
0.000719301
0.00590409
0.00151673
0.00403035
0.00226028
0.00530723
0.00531881
0.00345925
0.00436681
0.00497603
0.00371828
0.00287924
0.00318069
0.00224828
0.00441517
0.00302458
0.00143712
0.00274626
0.00286646
0.00105338
0.00222969
0.0040557
0.00301829
0.00633445
0.00452537
0.00227584
0.00123734
0.00760172
0.00033857
0.00150742
0.00291978
0.00159367
0.00563492
0.00308138
0.00217636
0.00358654
0.00366736
0.00150554
0.00450354
0.00149699
0.00131539
0.00309552
0.00219392
0.00304559
0.00382747
0.00191581
0.00645965
0.000984671
0.0107598
0.00651534
0.00573842
0.00403939
0.00198664
0.00243565
0.00406872
0.00792016
0.0015743
0.0028817
0.00430731
0.00318706
0.0015599
0.000654373
0.000185707
0.0103068
0.00246529
0.00457569
0.00126832
0.00673599
0.00161893
0.000539994
0.00573905
0.00012829
0.0031396
0.00160385
0.000396236
0.00671076
0.000326028
0.00265646
4.66992e-05
0.00501028
0.00205316
0.00110062
0.00112911
0.000690777
0.0013497
0.000555623
0.00419895
0.00102731
0.00108281
0.00294084
0.000541231
0.00356124
0.004475
0.00353577
9.89404e-05
0.00381091
0.00236615
0.00546881
0.00470023
0.000202581
0.000359609
0.00709851
0.00311936
0.0100031
0.0056383
0.00553399
0.00130532
0.00345034
0.00388738
0.0134739
0.00291368
0.000408646
0.00351243
0.00223406
0.00206849
0.000629012
0.00483185
0.00430969
0.000305459
0.000909381
0.000278883
0.000786909
0.0062115
0.00235283
0.000662127
0.00243101
0.000159411
0.00475439
0.000810552
0.00250479
0.00132332
0.00343665
0.00487728
0.00422862
0.00372353
0.00255033
0.00193187
0.00105427
0.00176738
0.000510134
0.00310364
0.00453605
0.012479
0.00120382
0.00120892
0.00231583
0.00762894
0.000187267
0.00252243
0.00341857
0.00677003
0.00187849
0.00621709
0.00289567
0.00738069
0.000932788
0.00122301
0.00448125
0.00109784
0.00251835
0.00221791
0.00736548
0.000724473
0.00167738
0.000107243
0.00504725
0.00147908
0.00586984
0.000741664
0.00499509
0.000589776
0.00239921
0.002239
0.00086139
0.00372954
0.00309087
0.000386105
0.00170449
0.0019711
0.00170248
0.000201907
0.00455717
0.00470183
0.00280664
0.00235016
7.01042e-05
0.00619143
0.00250741
0.000158787
0.00826424
0.0047749
0.000548965
0.000439277
0.00278448
0.00299091
0.00359454
0.000179574
0.00347541
0.0021828
0.00403516
0.00179246
0.00438449
0.00103887
0.000657423
0.00510623
0.00230388
0.00116869
7.0225e-05
0.00578372
0.00276633
0.000199018
0.000350941
0.00222218
0.000340531
0.0036702
0.00315567
0.000946772
0.0010978
0.00188854
7.781e-05
0.00236463
0.00158541
0.000335997
0.00754364
0.00214515
0.0032128
0.00315047
0.00282295
0.00309103
0.00449046
0.00341322
0.000538103
0.00292891
0.00356408
0.00312284
0.00609973
0.00115903
0.00313856
0.000586505
0.00266962
0.00136638
0.000572164
0.00337016
0.00226765
0.00151503
0.00409344
0.00124431
0.00153501
0.00109447
0.00355883
0.000215206
0.00178324
0.00101614
0.00121541
0.00085462
0.00127737
0.000969744
3.65085e-05
0.00265287
0.00619409
0.00178866
0.000478979
0.000456774
0.00063125
0.00183661
0.0018294
0.000507051
0.00112733
0.00107183
0.00126317
0.000149419
0.0034739
0.00237777
0.012055
0.00644141
0.00361431
0.0107122
0.00114929
0.001956
0.00308035
0.00135645
0.00418716
0.00253205
0.00300105
0.000309703
0.00459173
0.0028072
0.000836261
0.000662708
0.00251049
0.00721806
0.0020018
0.00616532
0.000392586
0.000347376
0.00565502
0.00158505
0.000408941
0.0010348
0.000840178
0.0049153
0.00283498
0.000762958
0.00387746
0.00707369
0.00376687
0.00251267
0.00622576
0.00658083
0.00205534
0.000545117
0.00477517
0.00220916
0.00552034
0.00622167
0.00115374
0.00038144
0.000266512
0.00281022
0.000765908
0.000833828
0.000939626
0.00109044
0.000116149
0.00025981
0.00586876
0.0208252
0.000487964
0.0107355
0.00345983
0.000688678
0.00712487
0.00434386
0.00358653
0.0030431
0.00130067
0.00365035
0.00229678
0.000809484
0.000465183
0.00621245
0.00458095
0.00325368
0.00524024
0.00103286
0.000279326
0.00437221
0.00388928
7.86752e-05
0.000565011
0.000823507
0.000342661
0.00246927
0.00327655
0.00106204
9.26717e-05
0.00112929
0.000368716
0.0042589
0.00440743
0.000386996
0.00573641
0.0018042
0.00124892
0.00034393
0.000175286
0.00436334
0.00114191
0.00251607
0.00025265
0.00321945
0.00401598
0.000952375
0.00192071
0.00112914
0.000360998
0.00496263
0.000830264
0.00368603
0.000139828
0.000580826
0.00260646
0.00132889
0.00371914
0.00306526
0.00168165
0.00338902
4.59163e-05
0.000864049
0.00231092
0.00331402
0.00106141
0.000462851
0.00317946
0.000689339
0.000991666
0.000922131
0.000145704
0.00422058
0.00264022
6.00741e-05
0.00359462
0.00493148
0.00203169
0.00301596
0.00338947
0.000141955
0.00182742
0.00403378
0.00797085
8.78547e-05
0.00266646
0.000580878
0.00188301
0.00188543
0.00257132
0.0026415
0.0025703
0.00184185
0.00504593
0.00287608
0.00303107
0.0054179
0.00240902
0.00130071
0.000771605
4.21928e-05
0.00155258
0.00221373
0.00204411
0.00707107
0.00357252
0.000401149
0.00240101
0.00995231
0.00453016
0.00293619
0.00191562
0.000581672
0.00101891
0.00699317
0.00274106
0.00026357
0.0054082
0.00225211
0.00120951
0.00525798
0.000973023
0.00161628
0.00578039
0.00183965
0.00218249
0.00189835
0.0013987
0.00021337
0.000843368
0.00145884
0.00148368
0.00369542
0.00625531
0.00677774
0.00491814
0.00182402
0.00315241
0.000339798
0.000337664
0.00704848
0.0163457
0.00572474
0.000296457
0.000975885
0.000187182
0.00334236
0.00107617
0.00314365
0.00264257
0.00270829
0.000853785
0.00158446
0.00205657
0.000416399
0.003214
0.00170737
0.00223926
0.00134644
0.00261068
0.00129845
0.00518019
0.00146029
0.000687074
0.00399435
0.00324757
0.00181147
0.00026476
0.00398599
0.00339782
0.000735793
0.00542027
0.00674017
0.00100054
0.00013345
0.00139506
0.00142749
0.00245573
0.00128334
0.00446456
0.00211332
0.000498866
0.00273192
0.0046021
0.00389068
0.00457001
0.00244777
0.00261002
0.00216511
0.000449491
0.00158528
0.000202068
0.00117306
9.43192e-05
0.00411788
0.00180989
0.00058025
0.00297072
0.00336876
0.0052087
0.00480589
0.000200008
0.00579678
0.00132662
0.00483646
0.000241838
0.000349775
0.00188465
0.00171244
0.000194888
0.00289034
0.00092825
0.00592797
0.00747901
0.00226124
0.00156869
0.00448856
0.00157122
5.78538e-05
0.00332968
0.00346917
0.0060764
0.00231626
0.00151262
0.00313121
0.00022351
0.0019727
0.00449388
0.00586074
0.00230118
0.000296908
0.00715847
0.00290977
0.00488927
0.00214838
0.00151868
0.00613606
0.00523494
0.00628006
0.00312787
0.00258288
0.0038275
0.000962453
0.0069289
0.00178513
0.00557999
0.00110065
0.00679841
0.000756628
0.00621859
0.00189743
0.00330948
0.00244936
0.00687728
0.00615202
0.00610006
0.000368944
0.0100836
0.00442466
0.00293996
0.00154223
0.00649313
0.0108313
1.7095e-05
0.00428773
0.00577672
0.00272782
0.00481538
0.00295517
0.000122212
0.00122147
0.00310731
0.00544415
0.00069662
0.00141289
0.00525537
0.00562999
0.00107903
0.0046092
0.000275466
0.0019121
0.000682922
0.00374339
0.00158862
0.00979396
0.00291484
0.000661219
0.00105791
0.00348777
0.00279472
0.000951361
0.0097939
0.00516407
0.000464283
0.000849101
0.00168643
0.00389283
0.00217853
0.000263711
0.00133441
0.000459694
0.00137853
1.515e-05
0.00125243
0.000752104
0.00245875
0.000190496
0.000645256
0.00105471
0.00206271
0.00289434
0.00110499
0.00227724
0.00246457
0.0031764
0.00290166
0.00680214
0.0122529
0.00426667
0.00115756
0.0022436
0.00298985
0.00639461
0.00223639
0.00145102
0.00859429
0.00032917
0.00413956
0.00346884
0.00250877
0.000248245
0.00492933
0.00506996
0.00394864
0.00309287
0.00104053
0.000240375
0.00237201
0.00197976
0.000914459
0.00177481
0.0032812
0.00401891
0.00086453
0.00491306
0.00659338
0.0016083
0.00149096
0.00525066
0.001271
7.75225e-06
0.00694948
0.00164911
0.000644277
0.000399593
0.00292518
0.000302733
0.00774628
0.0065534
0.00100978
0.00677151
0.00321739
0.000668908
0.00985629
0.00399795
0.00338166
0.00379656
0.00384355
0.0029784
0.00170715
0.00550007
0.00489218
0.00636107
0.00338237
0.00451461
0.0010805
0.000343167
0.00310083
0.00275121
0.0026568
0.00045317
0.000592342
0.00430035
0.00074501
0.00600981
0.0013327
0.00103513
0.00117723
0.000878856
0.00329155
0.000210131
0.00541475
0.000396835
0.000450758
0.00816839
0.0044357
0.00440355
0.000779879
0.00453288
0.00679081
0.0109602
0.00459058
0.00110194
0.00541933
0.00138295
0.00235703
0.000787009
0.00396856
0.000625097
0.00161051
0.00334152
0.00119579
6.73956e-05
0.00434301
0.0127732
0.00133783
0.00933569
0.0034478
0.00285194
0.00279981
0.00450274
0.0022627
0.000125414
0.00104506
0.00964187
0.000984133
0.00357467
0.00336272
0.000694774
0.00434963
0.00344454
0.00205699
0.000780874
0.00770268
0.0016221
0.000733615
0.00184863
0.00297609
0.0060409
0.00214565
0.00560755
0.000621496
0.00141899
0.00360823
0.00174844
0.000115513
0.00454357
0.000208113
0.00254002
0.00484832
0.00191583
0.00228514
0.00499956
0.0013765
0.00798645
5.97339e-05
4.07824e-05
0.00121661
0.000651085
0.00495496
0.00312486
0.00194173
0.0014614
0.0051104
0.000265161
0.00291716
0.00451684
0.00232273
0.00584779
0.00481102
0.00256452
0.000287366
0.00180146
0.000970563
0.00447362
0.00480906
0.00177398
0.000404673
0.00169489
0.00188543
0.00233654
0.00287907
0.00331797
0.00347719
0.00447347
0.00355568
0.00546849
5.99682e-05
0.00477865
0.00505269
0.00341859
0.00163458
0.00660236
0.00113605
0.00485056
0.00144411
0.000296107
0.00194321
0.000958608
0.00381608
0.00122254
0.00216696
0.00450862
0.00434808
0.00701796
0.00102081
0.00140723
0.00448223
0.00672639
0.00876177
0.000871498
0.00724748
0.00304746
0.00510973
0.00344386
0.00365618
0.00353516
0.00140597
0.000559082
0.00339533
0.00193129
0.00567057
0.000342941
0.000488417
0.00280366
0.0034405
0.000247138
0.00113612
0.00491681
0.00161811
0.00317553
0.000554173
0.00295701
3.13069e-05
0.0027569
0.0021582
0.00244464
0.00210495
0.00348997
0.00311032
0.000856596
0.00570177
0.00570327
0.00199371
0.000483044
0.000687673
0.00332335
0.00148133
0.00846877
0.00106465
0.00156042
0.00147143
0.00381102
0.00243975
0.00512298
0.00417518
0.00715304
0.00237891
0.00191331
0.00300492
0.0023964
0.000410964
0.00076866
0.00083638
0.00546051
0.00271864
0.000231106
0.000838761
0.00286168
0.000985699
0.00205215
0.00336543
0.00449621
0.00451141
0.000466302
0.00188836
0.00141267
0.000152218
0.00667585
0.00302088
0.000440055
0.00681431
0.00324283
0.0014111
0.00037956
0.00320558
0.00256324
0.00360227
0.00216659
0.00624734
0.00795329
0.00502113
0.00336779
0.00199332
0.00554138
0.0010017
0.000855791
0.00277165
0.00496164
0.00175364
0.000387123
0.00250294
0.00600053
0.00214218
0.000412816
0.00175504
0.00635486
0.00297767
0.00392495
0.00137339
0.00170885
0.000266792
0.000550472
0.000126224
0.00130457
0.00139536
0.00573602
0.00206949
0.00204191
0.0021493
0.00169938
0.00062197
0.00375732
0.000194145
0.000467792
0.00274859
0.00298661
0.00103904
0.00427372
0.00807699
0.00329542
0.00357816
0.00236075
0.00825019
0.000998027
0.00254812
0.00120117
0.00381589
0.00302083
2.4547e-05
0.00812253
0.00258778
0.00193352
0.00154857
0.00396893
0.00189301
0.000221597
0.00291754
0.00367003
0.00216066
0.0027453
0.00416523
0.00151495
0.00168106
0.00116997
0.00180112
0.00424514
0.00580654
0.000746138
0.00394689
0.00297721
0.000176777
0.000566352
0.00363852
0.0053887
0.000298997
0.000175139
0.00827789
0.00239825
0.00406683
0.00081544
0.000870193
0.00188053
5.17744e-05
0.0048114
0.00257134
0.00142708
0.000824527
0.00225749
0.00214928
0.000854398
0.00430768
0.0048131
0.00313824
0.00116565
0.00050354
0.000465453
0.00163929
0.000245624
0.00213558
0.0016623
0.00178917
0.00449522
0.00393833
0.00235084
0.00300492
0.00258944
0.00091081
0.0035946
7.09344e-05
0.00309858
0.00174496
0.00404683
0.00709962
0.000925473
0.00157711
0.000788014
0.00178019
0.00245642
0.00515928
0.000533605
0.016009
0.00114218
0.00438603
0.000964937
0.00141798
0.00564006
0.000299906
0.00184847
0.000283322
0.000940924
0.000957125
0.0020729
0.00156733
0.0051881
0.000529204
8.20383e-05
0.00286669
0.00119011
0.00250326
0.0022382
0.00066808
0.00282767
0.00111795
0.00355847
0.00301011
0.00689369
0.0026215
0.0049679
0.00526191
0.00775016
0.00545583
0.00293591
0.00152666
0.000116716
0.0045952
0.00124443
0.00201847
0.000424704
0.000449896
0.00488329
0.00177519
0.00129732
0.000222341
0.00299024
0.00178807
0.00320735
1.36819e-05
0.0028168
0.00364505
0.00296429
9.35722e-05
0.0017292
0.00805688
0.00212418
0.0010634
0.00118636
0.00188123
0.00263811
0.0119463
0.00109473
0.00101481
0.000808625
0.000630344
0.00322467
3.31048e-05
0.000869754
0.00158148
0.00124388
0.00328626
0.00702275
0.00111989
0.000693487
0.00137787
0.00248302
0.00501244
0.0113205
0.00243768
0.00294612
0.00366818
0.000790409
6.37874e-05
0.000333412
0.00329752
0.00171718
0.00312093
0.000204413
0.0023377
0.00347204
0.00113059
0.00390497
5.09861e-05
0.00946777
0.000324661
0.00286062
0.00212053
0.00377204
0.000805086
0.00605764
0.000594548
0.00110431
0.00315032
0.00329182
0.00178361
0.00321421
0.0030643
0.00103278
0.0050454
0.000936702
0.00231813
0.00702188
0.00170072
0.000201677
0.000921726
0.00444906
5.21742e-05
0.00328293
0.0036334
0.00212255
0.00670534
0.00330477
0.00536616
0.0075711
0.0019258
0.00249282
0.0001078
0.00384473
0.00138837
0.00217533
0.00339854
0.00152862
0.00376304
0.0004454
0.000472053
0.0027118
0.00270881
0.00082423
0.000599745
0.00345896
0.00152642
0.000767174
0.000595642
0.00325748
0.00529165
0.00281527
0.00220719
0.00639821
0.00528221
0.00173773
0.000263535
0.00312024
0.00361716
0.00147578
0.00536798
0.00131337
0.0036726
0.0014141
0.00318813
0.00261951
0.000920987
0.000426196
0.00889121
0.00391559
0.00283116
0.00262214
0.00367345
0.00155922
0.000153006
0.00275665
0.00247834
0.00100993
0.00100867
0.00254498
0.00418748
0.000567946
1.35015e-05
0.000786693
0.000355077
0.0004662
0.000236278
0.00107217
0.00206072
0.00145521
0.00370228
0.00479523
0.00193343
0.00422079
0.00405958
0.000455126
0.00339926
0.00165241
0.00331503
0.00101695
0.000821504
0.000934183
0.00243688
4.93391e-05
0.0050669
0.00287539
0.00746586
0.00251008
0.00457708
0.00281094
0.00228013
0.00126663
0.000705947
0.00203919
0.00438478
0.000200076
0.0024325
0.00162866
0.00109734
0.00300716
0.00259395
0.00217439
0.00489359
0.000244068
0.000492628
0.00499307
