0.174326
0.154347
0.00206849
0.31016
0.00359301
0.00523018
0.383624
0.0209787
0.0254842
0.686075
0.331359
0.00285716
0.18326
0.0167044
0.0271071
0.154608
1.51968
0.0646773
0.00308149
0.0314887
0.0648963
0.00614909
0.186483
0.00479387
0.0251232
0.00148364
0.010357
1.21974
0.00296184
0.0614812
0.0182179
0.351694
0.0930835
0.00292731
0.990968
0.0893529
0.00870316
0.00272433
0.0427967
0.0627234
0.054964
0.0611102
0.017115
0.0686944
0.0379707
0.0107665
0.447826
0.0284624
0.00178634
1.72342
1.08953
0.00198133
0.0145917
0.0375327
0.00781341
0.0189953
0.0137361
0.0223648
0.135946
0.00291136
1.39061
0.428546
0.00930383
0.00855937
0.00121016
0.00108121
0.0639559
0.0274309
0.00414326
0.00167345
0.0774801
0.244678
0.0184023
0.0143599
0.00630643
0.00193968
0.00513475
0.00766689
0.0369708
0.00552144
0.00930926
0.00617368
0.0214087
0.410038
0.058302
1.88523
0.451526
0.00121008
0.279157
0.279632
0.020022
0.00974518
0.00144763
0.160142
0.00533393
0.214164
0.00233475
0.0757905
0.0169742
0.168301
0.00650655
0.27607
0.019995
0.00588234
0.0610224
0.298854
0.0271336
0.064932
0.00270125
0.00448518
1.82267
0.00105872
0.0079782
0.0851352
0.0189041
0.00117483
0.0300997
0.309758
0.288621
0.00592225
0.730917
0.448237
0.00421117
0.0202057
0.0045226
0.0105528
0.00937218
0.0167133
0.0129954
0.0230148
0.670668
0.229692
1.18625
2.48722
0.0315281
1.79264
0.0185117
2.45128
0.0199125
0.0244073
0.00275207
0.00974449
0.585525
0.00562994
0.307216
2.0287
1.37136
0.0651344
5.72736
0.00635234
0.0603226
1.96678
0.0662487
0.48627
2.6858
3.81303
0.481917
0.0148429
0.00816884
0.159478
0.252111
0.1045
0.357921
0.253818
0.0118095
1.76151
0.0546258
0.0745841
0.165562
0.078451
0.0228214
0.24947
0.0853705
0.208714
0.206869
0.119951
0.400601
1.03883
0.220384
0.0658078
0.422355
0.269797
0.00626854
0.144561
0.00663117
0.100006
0.17905
0.0172335
0.238469
2.89921
0.222325
0.024028
0.0732503
0.168624
0.0187263
0.10218
0.00337932
0.360486
0.0792268
0.169303
0.0770039
0.125944
0.00467412
0.00193332
0.178968
0.167088
0.00790556
0.291842
0.0719085
0.0140532
0.190331
0.0112608
0.196997
0.310188
0.839144
0.0318761
0.00890598
0.181034
0.376973
0.000767712
0.205164
0.033375
0.15594
1.18904
0.0392887
0.105578
0.00626708
0.00657802
0.00822011
0.0404623
0.0248392
1.50118
0.379959
0.00593463
0.654671
0.00201353
0.00687073
0.451565
0.0362964
0.0065947
0.0592496
0.122084
0.0137684
0.147248
0.022247
0.0767646
1.97993
0.266368
0.30301
0.0395806
0.868771
0.0232636
0.176855
0.010252
0.0778665
0.0411516
0.122231
0.991125
0.00577548
0.519615
0.0024001
0.0416362
0.00466506
0.46504
0.0032235
0.918295
0.284822
0.0317017
0.22306
0.0329469
0.859592
0.11578
0.00321491
0.077535
0.0361605
0.00367583
0.0182661
0.0625186
0.110259
0.280504
0.0730765
0.0133757
0.0644632
0.00888815
0.0930151
0.47532
0.0710335
0.187494
0.337926
0.0869148
0.00427074
0.479358
0.0173798
0.333552
0.622892
0.0145927
0.00570023
0.00749655
0.490282
0.111661
0.0736565
0.0234245
0.00258139
0.00913659
0.102267
0.0292089
0.0146996
0.563813
0.00129646
0.0246157
0.125079
1.28762
0.320391
0.445489
0.58402
0.464112
1.29924
0.0748771
0.359686
1.47463
0.249532
1.84575
0.0220916
0.0474662
0.283259
0.0043995
0.0881142
0.0775171
1.31205
0.0274555
0.0903387
0.103513
0.0671845
0.426672
0.0127658
0.00382031
0.0307348
3.2639
0.00615315
0.0346476
0.0440301
0.22866
0.0136261
0.0338817
0.890885
0.0219142
0.00540511
0.0729335
0.616632
0.0091664
0.232878
0.330799
0.231807
0.00805001
2.49334
0.00846941
0.0127578
0.00201233
1.35882
0.696633
1.36454
0.0108706
0.0549557
0.0464816
0.118789
0.0243938
0.00729488
0.0692944
0.00281891
0.000298822
0.467274
0.0208859
0.00265184
0.0146598
0.0491645
0.0454419
0.256312
0.0149343
0.00376159
0.0410197
0.00380663
0.01533
0.0129674
0.00407978
0.00643746
0.0243505
0.0189195
0.00604583
0.0159795
0.317906
0.0148037
0.00122424
0.00115175
0.214785
0.00403133
0.00593369
0.0126798
0.0116149
0.0260377
0.012876
0.0150946
0.0192898
0.122246
0.188837
0.243366
0.00534712
0.00148092
0.20375
0.0121698
1.46089
0.00169201
0.106007
0.461303
0.00271505
1.21635
0.214329
0.00600958
0.440641
0.0225618
0.441544
0.266096
0.0280476
0.00407135
0.00587927
0.0181529
0.299157
0.066543
0.0206745
3.07507
0.425084
0.137691
0.0390269
0.00583869
0.00348741
0.672999
0.164597
0.112663
0.0241275
0.179483
0.0168314
0.00588311
0.028119
0.00309837
0.218867
0.0114008
0.298799
0.123405
0.00348419
0.0949967
0.0114642
0.102787
0.20349
0.0702518
0.427646
0.00317878
0.0945095
2.10827
0.32365
0.0104253
0.0243194
0.0371432
0.0144253
0.00363148
0.00128454
0.00847072
0.325326
0.00637624
0.230767
0.0241041
0.00293688
0.00224097
0.266138
0.223622
0.0287019
0.262637
0.00456881
0.00308091
0.191747
0.0321811
0.246151
0.0106955
0.00721544
0.292113
0.0247307
0.00598288
0.188335
0.281524
0.00878956
0.00736167
0.153454
0.0231638
0.0132346
0.0183861
0.220665
0.031117
0.0118423
0.0312947
0.00426185
0.0780294
2.00617
0.0790472
0.0295655
0.0318449
1.404
0.350623
0.242604
0.225855
0.182378
0.00831644
0.389895
0.1143
0.00698803
0.182016
0.010356
0.129043
0.00353358
0.00954994
0.0450736
0.187255
0.443867
0.193291
0.00393641
0.0969489
0.00868222
0.493645
0.0141117
0.072082
0.108551
0.749916
0.00421566
0.158145
0.111129
0.217166
0.062103
0.0162732
0.00250236
0.994512
0.0949145
0.00803139
0.080334
0.237261
1.23254
0.179618
0.0999069
0.0574972
0.0520111
0.0918041
1.10077
0.169536
0.535397
0.0875368
0.0975553
0.415566
0.434716
0.186882
0.0585948
0.214113
0.527432
0.00185735
1.80919
0.0098254
0.0178756
0.062168
0.0849238
0.00501046
0.778382
0.0545252
0.113625
0.0913951
0.202793
0.541529
0.100191
0.392478
0.10323
0.00292757
0.00787047
0.398348
0.114885
0.00907156
0.0259521
0.00109418
0.0353421
0.00652765
0.00363209
0.103627
0.0107
0.0655503
0.00306991
0.214256
0.0334757
0.358869
0.0108296
0.00131587
0.0066338
0.00519972
0.0097149
0.0396534
0.241515
0.14965
0.00320443
0.0675063
0.298821
0.0481427
0.129974
0.00146361
0.0217917
0.0315515
0.10969
0.258401
0.0126103
0.00628519
0.0118122
0.457404
0.0557618
0.00405921
0.289993
0.00446248
0.0077015
0.165007
0.0426027
0.00706448
0.00518995
0.363177
0.139891
0.0186
0.0108184
1.42854
0.761179
0.00978956
0.00763846
0.00347728
0.0949988
1.98462
0.00910259
0.0164222
0.00281136
0.123839
0.0330049
0.0137851
0.00661715
0.00371376
0.308355
1.26291
0.23204
0.0744883
0.381976
0.0520493
0.024882
0.128915
0.214217
2.25956
0.142553
0.00988963
0.25126
0.0468299
0.00293414
0.201129
0.0310119
0.381198
0.525416
0.307612
0.0355328
0.0319381
0.0118386
0.0725016
0.00644947
0.00289177
0.00720398
0.00347412
0.0340715
0.63464
0.0544699
0.719493
0.306711
0.202387
0.0630731
0.271409
0.0678544
0.0574268
0.202718
0.174694
0.22016
0.457979
0.245864
0.00645355
0.261047
0.380776
0.0343723
0.375531
0.441642
0.506032
0.180184
0.414718
0.02237
0.410372
0.0191733
0.543048
0.0279281
0.591443
0.0104111
0.392339
0.337647
0.00216772
0.945146
0.0224989
0.0116656
0.00171848
0.146138
0.0797519
0.339645
0.250133
0.00379814
0.0016067
0.0339661
0.0148023
0.0358115
0.370168
0.586452
0.60647
1.32167
0.264398
0.462378
0.0370994
0.0173426
0.224247
0.777296
0.433445
0.624535
0.00572115
0.43263
0.574329
0.0494912
2.04235
0.0200881
0.0491363
0.00443127
0.0181353
0.00140351
0.0516814
0.00976817
0.00590678
0.00582117
0.00207242
0.00706843
0.00433218
0.0261334
0.00619106
0.00168542
0.00302779
0.112746
0.784169
0.0359623
0.146812
0.00465531
0.0339607
0.0180766
0.00165681
0.00226916
0.00384581
0.0016116
0.0262269
0.459896
0.0219948
0.025915
0.00519214
0.0160213
0.00724574
0.00498751
0.104972
0.342059
0.709395
0.0165258
0.0256224
0.293205
0.44676
1.01891
0.157307
0.0236324
0.0240149
0.0165986
0.0140103
0.00261079
0.00846432
0.017303
0.00316077
0.0289254
0.00483646
0.00462537
0.387104
0.411356
0.242425
0.328729
0.0828955
0.217079
0.0179053
0.0207863
0.00311513
0.0027425
0.366755
0.0715645
0.012214
0.0754802
0.0133078
0.00580566
0.0557075
0.0070208
0.0383687
0.0576605
0.102319
0.0128815
0.00298547
0.121379
0.0095562
0.00756985
0.287027
0.0301941
0.0173479
0.0127224
0.5109
0.00938329
0.297236
0.00548976
0.0547469
0.54948
0.178353
0.483513
0.0106533
0.0918162
0.0365076
0.380047
0.108198
0.37887
0.424827
0.494724
0.155341
0.0396744
0.516255
0.0148708
0.0638045
0.124222
0.00706128
0.211224
0.00593058
0.00633144
0.176566
0.00301877
0.00611841
0.172576
0.182164
0.00232996
1.04141
0.254089
0.826069
0.310081
0.157239
0.0118889
0.537336
0.188576
0.00776997
0.0182051
0.00331673
0.250872
0.00721618
0.009872
0.0256282
0.00680588
0.0157429
0.00348104
0.145402
0.00149979
0.066724
0.008911
0.0121803
0.0129658
0.0247435
0.0046505
0.176458
0.187983
0.238504
0.184542
0.159552
0.522852
0.941752
0.154804
0.358388
0.635123
0.720903
0.0443751
0.0586257
0.508494
0.0270717
0.00364085
0.013615
0.122166
0.00792387
0.00318279
0.429504
0.00940401
0.0512255
0.00510726
0.15095
0.060386
0.0372614
0.0229924
0.0111119
0.0137803
0.00641055
0.0229858
0.00888941
0.00399533
0.0516149
0.00946905
0.00237071
0.00830685
0.0421556
0.171905
0.0311942
1.28456
2.74968
0.0106908
0.878118
0.0359747
0.5137
0.0372822
0.112138
0.199166
0.914926
1.22121
0.0143495
0.0831935
0.147388
0.00242882
0.0031903
0.0063112
0.00496292
0.0116138
0.110398
0.00755959
0.679913
0.344958
0.133699
0.00916569
0.0166843
0.363322
0.950393
0.110046
0.0776473
0.00954011
0.00436975
0.00411558
0.305827
0.00773587
0.0174741
1.49014
0.0237429
0.00891728
0.0146714
0.00229745
0.0153238
0.450441
0.00513054
0.0834221
0.00796704
0.408774
0.779007
0.275847
0.588175
0.218811
0.5905
0.251018
0.354377
0.0893348
0.251925
0.0705402
1.19118
0.00229008
0.00199483
0.0141208
0.00997345
0.000513851
0.00230339
0.0529692
0.00171601
0.203747
0.00503414
0.24999
0.0120162
0.0240032
0.00334338
0.0170444
0.000941065
0.00575928
0.00160498
0.099538
0.00717126
0.0598126
0.0180169
0.00206044
0.00808356
0.0155179
0.0195388
0.00733755
0.00305894
0.00924857
0.00811935
0.0100022
0.006534
0.00376333
0.239253
0.00915398
0.0135851
0.0012282
0.731037
0.00204094
0.00424267
0.0303941
3.42333
1.25542
0.0573915
0.033953
0.00571969
0.00635412
3.00921
0.348074
0.0174754
0.510678
0.0569073
0.0568262
0.036652
0.420642
0.0267445
0.184162
0.0129958
0.115842
0.138419
0.002328
0.0235151
0.00274777
0.0316851
0.0616836
0.00106308
0.26571
0.0133545
0.179506
0.0104325
0.110585
0.0347156
0.00297333
0.0188679
0.00166598
1.25089
0.00198543
0.0278377
0.80114
1.21377
0.00228847
0.834473
0.000547676
0.0533856
0.786767
0.00375969
0.0836287
0.0109236
0.0333759
0.02055
0.38302
0.0986159
0.422749
0.53471
0.0156804
0.00760863
1.20723
0.0075164
0.185913
0.252989
0.00448581
0.0127556
2.01742
0.000510555
0.397894
0.337344
0.00334686
0.00563611
0.0146127
1.29344
0.00115957
0.725205
0.0259799
0.132534
0.245391
0.00589542
0.061665
0.00722975
0.0144045
1.28877
0.00940982
0.0261717
0.00223549
1.68064
0.0226864
0.0611726
0.00322328
0.167972
0.0113007
0.205396
0.00781242
0.00170945
0.0165275
0.0312618
0.0394479
0.00274442
0.00261433
0.0074754
0.75105
0.0549679
0.00399266
0.240685
0.187737
0.0210563
0.36736
0.0487567
0.0829883
0.136031
0.068953
0.351864
0.0561719
0.10043
0.176171
0.242532
0.0510296
0.649949
0.0549232
0.0382954
0.0054665
0.187833
0.00681342
0.00924134
0.00294296
0.00953703
0.376821
1.69753
0.0894814
0.526157
0.0011665
0.00616654
0.0595366
0.517922
0.0143146
0.0557108
0.565599
0.998983
0.0272216
0.237727
0.0179844
0.539079
0.0101903
0.061327
0.0597411
0.0917516
0.369569
0.00859887
0.00719024
0.00691544
0.003405
0.503623
0.0562506
0.0564197
0.31846
0.0156405
0.0011327
0.108558
0.00341509
1.1074
0.119824
0.393783
0.034002
0.0274805
0.00427887
0.0163663
0.671361
0.152798
0.345354
0.547752
0.235244
0.206124
0.56708
1.23851
0.288454
0.310105
0.0497062
0.319788
0.393325
0.548399
0.0102711
0.0204239
0.577735
0.457644
0.0937218
0.0366034
0.0206975
0.0171074
0.663896
2.15989
0.0804868
0.247885
0.0878672
0.0170338
0.127672
0.00237891
0.342022
0.00760275
3.53224
0.421244
0.141546
0.337959
0.278326
0.402878
0.725895
0.00300197
0.2344
0.319499
0.00391035
1.99326
0.116891
0.00714098
1.36555
1.34018
0.00391032
0.00875572
2.28035
0.112304
0.42036
0.227009
0.766847
0.2518
0.459924
0.478598
0.039386
0.0333736
0.0549872
0.872527
0.00395937
0.00166375
0.00404149
0.00563151
1.3993
0.621708
1.22574
0.000486227
0.0267961
0.0145759
0.00801406
0.124424
0.00809496
0.0273261
0.000769092
0.00449519
0.0424445
0.470791
0.00369608
0.0402236
1.97365
0.15019
0.0576909
0.0123489
0.00174735
0.0796428
0.227568
0.026602
1.39066
0.00416534
0.0106412
0.00251204
0.00106801
0.0966062
0.00663274
0.0118175
0.0492774
0.0978494
0.144907
0.16927
0.223836
0.169023
0.0260441
0.249983
0.442492
0.00992792
0.00425242
0.0153586
0.298252
0.0844074
0.179378
0.14649
0.207396
0.0130395
0.283615
0.0277139
0.25975
0.0155186
0.306832
0.0840895
0.00914515
0.00120021
0.127167
0.0333941
0.00544276
0.290034
0.224058
0.158099
0.18601
0.0903563
0.119016
0.0402769
0.00637697
0.273162
0.180035
0.00423632
0.00434761
0.299536
0.0223391
0.156093
0.115282
0.0118752
0.297844
0.00389057
0.0276672
0.00524905
0.305603
0.0243552
0.0217563
0.248151
0.266664
0.00797948
0.0105486
0.265389
0.00561132
0.231211
0.0235649
0.0182162
0.23384
0.0100242
0.162824
0.300007
0.00128176
0.00679051
0.134988
0.00664584
0.235567
0.00983796
0.0614429
0.457076
0.228114
0.2745
0.00422255
0.424516
0.00219538
0.161744
0.632321
0.0187334
0.29454
0.0747585
0.811096
0.973306
0.182948
0.00533573
0.0306662
0.0142383
0.00233278
0.00805387
0.0259189
0.00652525
0.0483804
0.638496
0.0219713
0.353969
0.555612
0.18485
0.00395055
4.04669
0.0158196
0.0282704
0.00303501
0.0840867
0.130981
0.00175098
0.00474924
0.0231167
0.0923095
1.29041
0.130967
0.336563
0.0453707
0.169959
0.73098
1.6442
0.00944176
0.867714
0.565833
0.2169
0.267118
0.141653
0.139517
0.0889955
0.0447515
0.170195
0.115822
0.406081
0.0584667
2.26543
0.018245
0.317945
0.023859
0.268048
0.206788
0.169301
0.268709
0.85119
1.24384
0.807144
1.50562
0.0352504
0.00695163
0.197112
0.0087278
0.00273881
0.0367746
0.245703
1.33749
0.057969
0.0135503
0.202896
1.81235
2.70654
0.00790375
0.0192931
0.127594
1.08105
1.36328
0.376716
0.0617358
0.0287525
0.00527682
0.241848
0.0799482
0.00512852
0.0583266
0.363072
0.368433
0.00918914
0.897229
0.0618147
0.00615809
0.0177488
0.0878544
0.030424
0.0480139
0.20639
0.268217
1.33142
0.129167
0.018146
0.0396924
0.00344488
0.0226587
0.000746048
0.00403246
0.157798
0.139974
0.0079955
0.21251
0.177344
0.0403784
0.0220861
0.449591
2.13428
0.354353
1.72906
0.0629973
0.0449895
0.159429
0.00818049
0.37961
0.292484
0.056599
0.519035
0.06538
0.200636
0.00466532
0.0300663
2.13223
0.0508376
0.0703732
0.00152175
0.0223466
0.257132
1.73894
0.253408
0.221552
0.0276535
0.00170682
0.209312
0.0155314
0.23876
0.0419943
0.0606856
0.71529
0.242974
1.58835
0.216944
1.46013
0.0122477
0.110615
0.163095
0.00449775
0.565493
0.207004
0.244822
0.0116334
0.0670184
0.00450481
0.0194684
0.194979
0.0614599
0.0238606
0.0160074
0.283853
0.0112193
0.0538281
0.0256527
0.0158254
0.778802
0.136367
0.013954
0.308608
0.00788519
0.507782
0.0344698
0.0034692
0.000992263
0.158514
0.344794
0.0468605
0.0618133
0.547806
0.00508422
0.409079
0.673073
0.0544288
0.0239564
0.00840603
0.0162664
0.390881
0.0202599
0.00877419
0.00160726
0.00514207
0.0168817
0.0064257
0.0482554
0.0199652
0.0231086
0.000633229
0.0186601
0.00370615
0.00651918
1.07909
0.125428
0.00151295
0.00788751
0.00287985
0.207929
0.00217197
0.0197995
0.255782
0.003095
0.254319
0.0128483
0.0122423
0.00625373
0.00744634
0.00170599
1.86232
0.0202103
0.0209813
0.276518
0.0664012
0.202081
0.0149399
0.129472
0.00266772
0.401755
0.140984
0.026411
0.246881
0.493407
0.117078
0.00172499
0.271624
0.594915
0.50373
0.481316
0.0188481
0.148131
0.022716
0.295777
0.0464513
0.732266
0.154305
0.181146
0.00376694
0.0488261
0.00706106
0.002557
0.00286513
0.00657041
0.0200723
0.766666
0.0659061
0.565873
0.0173912
0.165695
0.0423208
0.434314
0.00886595
0.0164222
0.0251958
0.113161
0.113854
0.879069
1.16944
1.05159
0.000243046
0.226319
0.0182052
0.344353
0.214762
1.24632
0.44398
0.00289848
0.251616
0.46186
0.345118
0.15473
0.164358
0.441577
0.0340005
0.0155916
0.0306466
0.220607
0.00207479
0.000630004
0.132455
0.0126141
0.83957
0.00505016
0.106658
0.0175562
0.012461
0.00298143
0.182847
0.0235043
0.00629981
0.00365534
0.0046983
0.0321987
0.00220703
0.0048259
0.150362
0.447734
0.00232234
0.00270426
0.0121233
0.0303537
0.00573449
0.654769
0.192941
0.304761
0.114274
0.50924
0.112424
0.847215
0.433624
0.227084
0.0202744
0.0378205
0.00176814
0.623004
0.989626
0.00364262
0.0148757
0.0182964
0.345015
0.00330611
0.0148203
0.500786
0.657913
0.0967488
0.0118765
0.0924625
0.00839704
0.0282119
0.248821
0.0119315
0.00555661
0.270798
0.00786504
0.0370274
0.0729186
0.000720549
0.269303
0.0311968
0.00186483
0.0232631
1.28614
0.0166972
0.034853
0.0192374
0.0321864
0.145294
0.100914
0.0588029
0.0150796
0.00129329
0.0666666
0.00296449
0.00304405
0.243793
0.102356
1.43603
0.00498022
0.00291207
0.457168
0.0125283
0.00813776
0.476921
0.00247799
0.0308527
0.311372
0.00133112
0.182505
0.00273103
0.0546106
0.0103723
0.0664864
0.00776374
0.0012091
0.00299232
0.00247954
0.00179453
0.00361954
0.0440824
0.238175
0.00104332
0.00973166
0.0211408
0.0232489
0.0308437
0.00585017
0.51561
0.0397331
0.13758
0.0444792
0.00793007
0.0229496
0.00943668
0.037968
0.283861
0.580024
1.10403
1.72294
0.0201308
0.233983
0.443816
0.00540882
0.00182356
0.539902
0.111689
0.279885
0.814493
0.0985932
0.0406406
0.00316213
0.0242016
1.88479
0.00292316
0.238541
0.170593
0.266552
0.351352
0.0121219
0.684503
0.00826571
0.0801984
0.053684
0.0467421
0.00349002
0.276717
0.0616468
0.184853
0.16764
0.0485785
0.027474
0.0222534
0.0186109
0.54672
0.485577
0.0960723
0.215214
0.00177346
0.331974
0.0203676
0.0389185
0.0370932
0.272668
0.942165
0.0130246
0.63804
0.219394
0.169246
0.076513
0.156589
0.227438
1.12835
0.296598
0.0718917
0.356907
0.143577
0.0932538
0.15656
1.41426
0.221541
0.0803119
0.0555764
2.33136
0.0914489
0.00825233
0.373159
0.0783548
0.00223127
0.323261
0.0182914
0.0715234
0.346763
0.00347104
0.531816
0.0670561
0.0257113
0.264249
0.0212491
0.0111755
0.387244
0.00215742
0.027439
0.00454842
0.0267747
0.144902
0.207034
0.0716972
0.167597
0.743808
0.0480628
0.299587
0.671626
0.075543
0.192337
0.0107354
0.0043903
0.00229909
0.0106529
1.57733
0.0265406
0.00783463
0.0175916
0.00384977
0.0203708
0.101929
0.938446
0.00367885
0.0163053
0.00609643
0.488897
0.00186903
0.356385
0.0188041
0.0505149
0.00159624
0.00324882
0.00719299
0.154078
0.382975
0.257495
0.246147
0.143479
0.00308488
0.00256318
0.00978861
0.0370474
0.00243369
0.231637
0.221179
0.0883546
0.210358
0.687301
0.00613613
0.382286
0.00611441
1.91468
1.44752
0.0295207
0.00142194
0.00467774
0.00391958
0.178392
0.00339882
0.300868
0.00825977
0.235962
0.466937
0.0184373
0.457287
0.0660035
0.0294206
0.0254762
0.00207955
0.119848
0.0076472
0.00615542
0.601123
0.0442157
0.313213
0.0495023
0.03108
0.0116441
0.33381
0.00671605
0.330551
0.00839501
0.0746962
0.00971969
1.313
0.345974
0.00448588
0.586393
0.458772
0.420644
0.104282
0.00330962
0.0395434
0.0768561
0.112264
0.00431309
0.00246626
0.777834
0.0266747
0.00243762
0.467304
0.158019
0.0100987
0.0798686
0.30187
0.229484
0.00492575
0.00941505
0.00319525
0.159658
0.182727
0.45498
0.0230022
0.160903
0.255133
0.00604026
0.0228291
0.00741254
0.0122872
0.347683
0.103184
0.596994
0.630769
0.00277544
0.00122025
0.363614
0.00465185
0.145378
0.973421
0.0206867
0.00400357
0.00709438
0.139632
1.32108
0.0226973
0.00937598
0.00540205
0.237536
0.280113
0.269325
0.0600396
0.202998
0.111896
0.043865
0.0886059
1.45194
0.0032318
0.104879
0.00701196
0.0146685
0.00339587
0.90431
0.406341
0.074563
0.00339897
0.0545439
0.313749
0.160163
0.237692
0.150352
1.35527
0.00216941
0.408457
0.440518
0.0194275
0.117115
0.154682
0.00724607
0.0830811
1.82917
0.121526
2.66994
0.00494209
0.00641512
0.22101
0.230051
0.00434326
1.05535
0.779282
2.60106
0.146091
0.0431287
0.268701
0.0203175
0.0390219
0.0158916
0.0378099
0.117995
0.881964
0.0185267
0.793861
0.104156
0.0341341
0.00353186
0.011489
0.00246282
0.217344
0.148893
0.378409
0.153773
1.14724
0.23565
0.0497227
0.0197596
0.725728
0.554314
0.0440693
0.173979
0.0510953
0.0141813
0.113141
0.163448
0.0107231
0.0386317
0.0297034
0.000867792
0.00142299
0.250597
0.0214368
0.117556
0.00240135
0.0190604
0.0147402
0.00380105
0.00668243
0.112536
0.191368
0.193701
0.102501
0.00352501
0.0903406
0.0474247
0.0571743
0.0436555
0.215609
0.586956
0.022699
0.0365126
0.272146
0.168455
0.277515
1.20598
0.033007
0.821994
0.0818718
0.0238339
0.307005
0.0172573
0.624329
0.119904
0.163653
0.305757
0.0345488
0.205202
0.160372
0.00403048
0.0133452
0.00399036
0.0138126
0.292359
0.00302564
0.214854
0.00113925
0.0738457
0.0205235
0.302521
0.294363
0.21018
0.0236112
0.186022
0.172045
0.0683183
0.010931
0.801879
0.0318444
0.0752648
0.242156
0.00106358
0.00129221
0.109884
0.00847676
0.0511796
0.00147649
0.00654883
0.0445955
0.0111418
0.579068
0.0129119
0.00539719
0.0134812
0.00684945
0.26561
0.00334213
0.299424
0.0170275
0.0595621
0.0453046
0.0135443
0.0757209
0.040862
0.3525
0.0499249
0.345737
0.00531581
0.0276304
0.015992
0.00240585
0.00298434
0.389759
0.512484
0.00375576
0.885007
0.293113
1.4089
0.148264
0.440574
0.276169
0.134318
0.0487439
0.0478475
0.684969
0.48741
0.0186145
0.07742
1.43069
0.083661
0.00306251
0.264069
0.037029
0.368716
0.0514763
0.0740601
0.340804
0.0359504
0.160412
0.375152
0.0299141
0.0524066
0.26769
0.266595
0.0203509
0.225589
0.721455
0.00479104
0.0210939
0.0229292
2.60748
0.00509236
0.0160445
0.0699277
0.00598665
0.013391
0.0599397
0.0142755
0.00385361
0.186109
0.0563899
0.611161
0.0694983
0.00851872
1.32517
0.00383239
0.476285
1.05808
0.228049
0.0377286
0.106874
0.0015496
0.0596644
0.00580263
0.0164454
0.00910903
0.00454015
0.477831
0.0132573
0.355077
1.09857
0.145954
0.461933
0.0615641
0.405139
0.496252
0.0479185
0.283031
0.504273
0.221673
0.157645
0.0184819
0.0168224
0.129502
0.473944
0.0177809
0.0345935
0.0646644
0.0966234
0.906591
0.0011734
0.0125166
0.0254865
0.00664614
0.00177087
0.31
0.626118
0.0104447
0.0710692
0.00662903
0.0016128
0.0834281
0.00217922
0.0191927
0.00255179
0.169252
0.774222
0.209885
0.176712
0.0433941
0.695832
0.00298884
0.0675945
0.317406
0.0237204
0.757356
0.0619407
0.0193344
0.734742
0.16511
0.65427
0.0706905
0.538598
0.0913956
0.0154181
0.302261
0.222246
0.266328
0.0249129
0.0446826
0.452831
0.00217813
0.00279282
1.70739
0.326782
0.0256584
1.29066
0.579358
0.00360637
1.76403
0.31602
0.084895
0.0509444
0.247243
0.0151325
0.0923408
0.300524
0.00413708
0.474886
0.0298318
0.0113712
0.00315292
0.0417367
0.0022569
0.274497
0.00437562
0.286377
0.0286372
0.00857202
0.00115455
0.00140379
0.472882
0.00377592
0.0141364
0.00739572
0.00413091
0.172678
0.194048
0.0435232
0.11249
0.379709
0.0986233
0.0059168
0.0865141
0.0203723
0.0166221
0.262186
0.0105554
0.245391
0.223695
0.809258
0.0334084
1.24923
0.484573
0.194728
0.431707
0.0307167
0.118331
0.0913874
0.0072483
0.488252
0.0959295
0.463144
0.275638
0.0528135
0.119847
0.338966
0.0195452
0.148915
0.108712
0.385583
0.189964
0.0767583
3.02479
0.00365915
0.287706
0.262092
0.00974649
0.282889
0.0665687
0.0264306
0.114568
0.0417255
0.195314
1.04684
2.89762
0.0480128
0.118995
0.198406
0.00264326
0.0115906
0.00480064
0.0103955
0.66501
1.89159
0.88588
1.82954
0.0277896
0.105276
0.108877
0.0470994
0.172911
0.554389
0.0100846
0.0834939
0.342289
0.0209567
0.00227209
0.0122849
0.435063
0.0968504
0.164989
0.0018158
0.12355
0.0647007
0.11862
1.03651
0.231828
0.00983296
0.0125218
0.396491
0.0072325
1.11102
0.0108184
0.424416
0.493267
0.00388376
0.0145538
0.0180645
0.07157
0.0761645
0.0196752
0.251253
0.303393
0.147836
0.0257087
0.244552
0.0344921
0.00117341
0.00859672
0.275367
0.383368
0.00416664
0.00178269
0.000599284
0.00605305
0.0348965
0.289123
0.0136268
0.00966995
0.447105
0.00688065
0.180918
0.0174535
0.174302
0.00419888
0.00456775
0.294057
0.0105275
0.0402999
0.467636
0.00366222
0.00515253
0.379884
0.018197
0.023481
0.140488
0.0305227
0.141952
0.228859
0.00493155
0.0399629
0.952928
0.0243858
0.293935
0.000896418
0.00144298
0.00679163
0.0141148
0.00542877
0.0751546
0.0303529
0.0912352
0.00159618
0.00493051
0.0066954
0.43446
0.00490493
0.00421969
0.0318708
0.0188253
0.00552583
0.00393753
0.0197773
2.89172
0.258516
2.93619
0.250941
0.563844
0.00305886
0.186986
0.0211746
0.476449
0.00287343
0.0239589
0.00340978
0.0184998
0.281011
0.0409004
0.259062
0.0133761
0.544797
0.0038653
0.12026
0.0287637
0.0384163
0.0498854
0.00263248
0.183694
0.0770856
0.00521817
0.0623636
0.152302
0.0256615
0.110909
0.0968791
0.00402313
0.00663449
0.0113721
0.140215
0.00759154
0.0118235
0.252801
0.229141
0.0252762
0.29291
0.219263
0.0257016
0.28905
0.261461
0.0015823
0.00712255
0.0776997
0.00515531
0.0175717
0.00880519
0.024405
0.0221117
0.00332313
0.00518186
0.00491077
0.00481948
0.0024236
0.292392
0.00623031
0.00556746
0.00940013
0.0365004
0.339728
0.00326465
0.00206949
0.00215053
0.0105082
0.0171844
0.00383938
0.00176945
0.752756
0.0140349
0.00192354
0.00360627
1.5051
0.00728573
0.00568416
0.105077
0.250352
0.0425359
0.223807
0.267195
0.247843
0.429873
0.429546
0.753008
0.0285206
0.0246799
0.0165455
0.0031619
0.0224983
0.029718
0.0204351
0.0421971
0.00533665
0.0207073
0.268876
0.00311348
0.031427
0.342706
0.0649403
0.912822
0.00857901
0.120615
0.0267927
0.0868334
0.0169141
0.00726009
0.0116392
0.0105924
0.0071264
0.167524
0.00893775
0.0120198
0.074989
0.0213985
0.0167945
0.00841596
0.0093217
1.01294
0.0139768
0.0388095
0.0479406
0.950136
0.00654958
0.070834
0.139045
0.281916
0.210488
0.388244
0.521329
0.16375
0.0217758
2.12303
0.311751
0.494843
0.00234314
0.124113
0.227628
0.309325
0.102928
0.293161
0.616041
0.504021
0.127438
0.316767
0.949592
0.00639843
0.234515
0.105818
0.00678257
0.117355
0.0348496
0.0324815
0.113914
0.00637539
0.75127
0.0216017
0.0116196
1.31883
0.0651334
0.518691
0.0883685
0.253894
0.0089729
0.0173176
0.298154
0.178909
0.476304
0.151416
0.110641
0.137517
0.124467
0.106169
0.216267
0.798633
0.370583
0.0120787
0.00718026
0.248917
0.314863
0.00391095
0.0371563
0.00977082
0.0256668
0.111067
0.0725346
0.00392977
0.285528
0.0215457
0.0381986
0.0312992
0.00261013
0.0107452
0.0140036
0.00274358
1.82574
0.0200645
0.249584
0.00591712
0.07904
0.0072301
0.141857
0.0057965
0.0289342
1.46013
0.276953
0.307662
0.265692
0.0361363
0.00196818
0.0176285
0.00579525
0.00434612
0.0108409
0.00211752
0.00111859
0.00212936
0.0205273
0.0131928
0.515
0.0106549
0.0189908
0.00586678
0.0694275
0.00781815
0.00928985
0.0230408
0.00626802
0.00448467
0.00158529
0.510762
0.000840132
0.00220268
0.0289614
0.00379714
0.00573338
0.0433479
0.00965591
0.0333094
0.400026
1.38643
0.122245
0.00349843
0.00826285
0.0817555
0.0841946
0.0733805
0.0650215
0.00625661
0.295835
0.380557
0.0187692
0.338009
0.246425
0.00998337
0.120164
0.403658
0.109298
0.701209
0.00902411
0.525857
0.0248533
0.0152507
0.00205221
0.300357
0.0265546
0.0218489
0.0382211
0.0396258
0.905235
1.35787
0.101906
0.148941
0.0306969
0.063358
0.0975902
0.356855
0.131629
0.00204553
0.0546885
0.00461038
0.00383046
0.16206
0.0225341
0.0561144
0.0334977
0.00737706
0.0158842
0.0192368
0.0355087
0.700915
0.117904
0.0118641
0.00640335
1.78417
0.00563688
0.00898608
0.000823425
0.0516944
0.0167616
0.270615
0.00101638
0.737275
0.0156185
0.0178437
1.48996
0.0310024
0.272174
0.0309058
0.0025693
0.0066549
0.00683885
0.939743
0.00843788
0.810197
0.00614561
0.0143976
0.00259866
0.0449396
0.19813
0.00398754
0.00535433
0.0674689
0.0108746
0.0191364
0.00638469
0.00473419
0.0768938
0.210186
0.00672071
0.542475
1.6918
0.341778
0.0130847
0.0253877
0.0224431
0.0365546
0.0841613
0.0384748
0.157229
0.00610211
0.833035
1.38278
0.440382
0.0512566
0.382685
0.0333756
0.0531223
0.129811
0.00243277
0.0290992
0.24434
0.00082374
0.0143262
0.0155209
0.130525
0.234956
0.230975
0.00953506
0.0267742
0.710631
3.27533
0.0800404
0.0256841
0.00702663
0.194437
0.261828
0.0143335
0.00875896
0.0151924
0.264261
0.0173983
2.44643
0.348561
0.545447
0.0367833
0.454897
0.497782
1.22647
0.111174
0.049378
0.0815662
0.400802
0.202425
0.633531
0.120771
0.222594
3.19041
0.00196155
1.24892
0.0268557
0.256177
0.200847
0.0481686
0.00486677
0.00414283
0.248587
0.173477
0.0222855
0.0175264
0.386404
0.294539
0.137099
0.137838
0.0300518
1.04903
0.0659389
0.116282
0.00402349
0.906799
0.000143792
0.32218
0.131282
0.188297
0.12241
0.0437386
0.755666
0.0874647
1.93592
0.0604175
0.15294
2.54295
0.0142802
0.0803575
0.294846
0.322367
0.452052
0.32855
0.158489
0.165343
0.026761
0.441699
0.0107267
0.00170702
0.00881506
0.215682
0.243648
0.0262323
0.512351
1.10024
0.0889625
0.0630857
0.370288
0.0177099
0.0514524
0.118415
0.0298223
0.0420317
0.00536224
0.175543
0.011619
0.11894
0.680604
0.0168967
0.0411672
0.00577257
0.366962
0.0213437
0.289265
0.0455902
0.115038
0.0329045
0.0958752
0.428635
0.131578
0.00350038
0.468563
0.0285519
0.140497
0.0022045
0.0303856
0.00671761
0.00217253
0.120587
0.383782
0.0481188
0.322151
0.439395
0.474697
0.250548
0.0236271
0.185698
0.0249087
0.125504
0.0300145
0.304581
0.0090097
0.331736
0.00567539
0.0196385
0.00365054
0.264083
0.36442
0.0225829
0.0101172
0.00244954
0.267448
0.0120911
0.000963073
0.009986
0.0239102
0.00773353
0.027484
0.00464829
0.00297501
0.0136296
0.00562521
0.122087
0.0687621
0.00670446
0.40424
0.00422681
0.00723949
0.00702213
0.000718499
0.00912311
0.00376471
0.193232
0.0042713
0.0086471
0.0104447
0.00499765
0.131748
0.00665092
0.312076
0.00552824
0.286652
0.0345543
0.00934268
0.0215018
0.0148739
0.00129451
0.00441512
0.00493198
0.0244739
0.73158
0.0229858
0.00307945
0.0693952
0.329321
0.4644
0.363281
0.00648376
0.00183068
0.0448769
0.0136046
0.00377808
0.0686072
0.645402
0.315564
0.00107263
0.00260556
0.45975
0.190538
0.00925754
0.168239
0.0765903
0.000951774
0.131225
0.0125983
0.00325063
0.00560762
0.0867341
0.485329
0.00346548
0.0520188
0.00577079
0.0130405
0.540166
0.0563708
0.00539958
0.0119367
0.422873
0.0018964
0.217432
0.0116661
0.176408
0.00263211
0.0357068
0.0112907
0.0335516
0.00396822
0.0115768
0.0074378
1.04936
0.690541
1.79309
0.27649
1.01749
0.188858
0.0292134
0.386597
0.22241
0.947735
0.32569
0.824843
0.298907
0.0214577
0.0608077
0.149288
0.303741
1.144
0.115659
0.280073
0.00846444
2.49967
0.646541
0.0173094
0.0964492
0.00104686
1.36253
0.912088
0.472503
0.0439279
0.76653
0.00818918
0.0222947
0.00110033
0.0237071
0.239156
0.239845
0.0398674
0.00407592
0.0130988
0.00242368
0.0150596
0.564979
0.0111525
0.00866968
0.115928
0.00135397
0.0146046
0.269528
0.00504555
0.00721421
0.31145
0.237516
0.130171
0.00586823
0.0126664
0.0119363
0.00999684
0.0650392
0.00331416
0.0249387
0.00606811
0.00336194
0.00499682
0.00364827
0.0166873
0.00415394
0.00754621
0.00252763
0.0137656
0.00264579
0.24983
0.0273017
0.260336
0.271628
0.00561652
0.00409773
0.0244796
0.143088
0.333087
0.363637
0.104067
0.0988943
0.803146
0.0989574
1.42152
0.00129111
0.549099
0.92567
1.17498
1.98449
0.155659
0.0216488
1.08016
0.313859
1.18415
0.00266085
0.762931
0.0457601
0.059518
0.0406255
2.1508
0.0110447
0.0184633
0.448998
0.74332
0.643309
0.0317696
0.464283
0.00998609
1.18876
0.321431
0.150293
1.7074
0.00140641
0.00590242
1.69077
0.011395
0.000277767
0.19109
0.0975531
0.0374296
0.0119739
0.000514364
1.36211
0.00261131
0.109559
0.012463
0.17866
0.00676462
1.3777
0.00108278
0.00242979
0.00173624
0.00150196
0.0120942
0.295789
0.162335
0.00369185
0.00368342
0.673369
0.284869
0.010583
0.0382086
0.00304662
0.0124278
0.0050912
0.0278332
0.00361076
0.017705
0.029974
0.000568663
0.00274173
0.0625521
0.00614031
0.00367171
0.096162
0.0121772
0.104651
0.851427
0.00277783
0.00943896
0.0184534
1.04437
0.00672685
0.0165132
0.043103
0.251172
0.0564091
0.00136662
0.00241204
0.0103916
0.00985233
0.0121387
0.0281507
0.0179906
0.00906422
0.0278223
0.00151147
0.339446
0.000645441
0.316326
0.0108116
0.0330243
0.00452604
0.200405
0.1325
0.0572194
0.0181484
0.0140951
0.189347
0.664487
0.338074
0.0743059
0.00162064
0.00480248
0.0376327
0.0305967
0.00734151
0.019229
0.00028389
0.0064031
0.206255
0.0443224
0.000700496
0.0564183
0.0458321
0.00513163
0.00338056
0.0231872
0.00649697
0.00336468
0.00181476
0.00134336
0.00140739
0.557289
0.0327883
0.00881943
0.675915
0.3752
0.000899317
0.00151631
0.0318033
1.10967
0.0150037
0.00553277
0.0369131
0.00548337
0.00207707
0.00257273
0.00371658
0.0165695
0.00246217
0.00395755
0.00343439
0.0155956
0.00308357
0.00224027
0.359709
0.01008
0.0529846
0.36408
0.00861259
0.404613
0.00101116
0.0670135
0.011138
0.161323
0.114972
0.143611
0.242227
0.273109
0.111253
0.741996
0.192215
0.0752254
0.00610313
3.52044
0.00242566
0.0573972
0.308395
1.96449
0.0335625
0.00610205
0.00722674
0.0146454
0.639829
0.019974
0.602919
0.0212548
0.00809097
0.00548294
0.0519185
0.0262354
1.02147
0.0152155
0.0576419
0.00610777
0.00117616
0.0412167
0.0292579
0.00786819
0.0117068
0.167049
0.00497085
0.0328095
0.0181237
0.0156653
0.189412
0.00694227
0.00181273
0.0104599
0.025822
0.00617357
0.368393
0.0137941
0.00124042
0.00555774
0.00135574
0.00170432
0.0418509
0.00162889
0.00451851
0.0123735
0.36058
0.00623882
0.00211927
0.12915
0.00459344
0.0136826
0.00871821
2.48314
0.0062742
0.264088
0.0205481
0.00407599
0.0129365
0.00386206
0.0258373
0.00257935
0.00209637
0.0447854
0.00835267
0.0413452
0.00343545
0.0383148
1.44875
0.00517464
1.00052
1.14128
0.0120346
0.0422479
0.0100815
0.0203425
0.004417
0.00257459
0.00375885
0.0307547
0.0142757
0.02016
0.00478456
0.00648578
0.0172721
0.0139285
0.209293
0.157504
0.000871086
0.0204767
0.0328514
0.309413
0.0244731
2.24507
0.0627463
0.026774
0.00136059
0.00764734
0.00648748
0.243196
0.0227172
0.0456854
0.18839
0.00842513
0.0117373
0.0589679
0.253715
0.0203477
0.00990153
0.00499949
0.000963578
0.0219398
0.00518032
0.234518
0.430343
0.0480645
0.584863
0.00998427
0.00381471
0.00373059
0.0917439
0.133663
0.0402462
0.417932
0.0535487
0.00379071
0.580487
0.160746
0.00826934
0.113641
0.00286402
0.229832
0.00199557
0.0157027
0.222392
0.00868809
0.0213701
0.0152326
0.00535997
0.0218087
0.00900787
0.00531368
0.618897
0.0224462
0.96662
0.0110996
0.109095
0.0191838
0.932969
0.505278
0.0185548
0.0339572
0.00331175
0.00886212
0.00535016
0.00328066
0.00295943
0.0500651
0.00600979
0.98935
0.00997785
0.00371899
0.00659836
0.00225371
0.0018992
0.00274895
0.00631101
0.00392857
0.00220954
0.0113673
0.0126269
0.00998194
0.00763327
0.3065
0.0106248
0.567909
0.443673
0.0213761
2.25867
0.138356
0.00315844
0.036827
0.148163
0.000778856
0.119929
0.158121
0.0709549
0.00133044
0.00169756
0.44984
0.127105
0.185348
0.0207085
0.353259
0.00334269
0.0374225
0.00444909
0.00700305
0.359423
0.0226387
0.00982609
0.010829
0.00612005
0.226652
0.00428024
0.919172
0.216104
0.00577745
0.00377272
0.0213569
0.0693317
0.275697
0.264972
0.00504577
0.106942
0.187064
0.00955542
0.00999273
0.00965422
0.00564178
0.178969
0.00196046
0.0120248
0.00799207
0.0114246
0.0176239
0.345855
0.0520433
0.00565345
0.0131804
0.0259264
0.0176566
0.00638771
0.285025
0.00456369
0.0166349
0.00326528
0.0268644
0.0132177
0.00985765
0.0117084
0.0138151
0.00818625
0.89405
0.157558
0.00167217
0.00251174
0.00492523
0.106223
0.0247293
1.0561
0.560999
0.136518
0.00316393
0.0105368
1.1884
0.186968
0.00855023
1.49824
0.334575
0.00245715
0.00204422
0.00942816
0.000396402
0.0108846
0.0213168
2.54405
0.0166982
0.08933
0.0274134
0.0114925
1.03484
0.0084038
0.140434
0.0356749
0.00997711
0.465103
0.0213058
0.379085
0.0978394
0.0284293
0.36927
1.48121
1.48604
0.0259864
0.325869
0.0144923
1.39808
0.552751
0.000984598
0.0344488
0.0199286
0.0069642
0.834165
0.327173
0.0148676
0.421695
0.0494038
0.0384876
0.00294434
1.11068
0.0136933
0.0644066
0.0350021
0.6177
0.42495
0.439977
0.0734336
0.0576539
1.4291
0.178867
0.0050268
0.0420968
0.0284057
0.322226
0.0258367
0.0186215
0.0222454
0.0202508
0.00242188
0.299914
1.01167
1.29676
0.0294714
0.0221706
0.158923
0.00513899
0.00322268
0.0280688
0.00686904
0.270094
0.00897915
0.0159206
0.00470814
0.0272172
0.2862
0.0926061
0.104189
0.00808826
0.00170666
0.327126
0.584354
0.0323751
0.00803646
0.0100074
1.16603
1.01369
0.394345
0.0951584
0.0550943
0.0835351
2.51495
0.371708
0.0288232
0.565997
0.833439
0.259789
0.0994286
0.00438181
0.00267685
0.105656
0.00531705
0.124987
0.0127363
0.00375991
0.0163617
0.013481
0.0189948
0.0163879
0.0466692
0.00362626
0.00898881
0.00600879
0.413256
0.0458657
0.594939
0.015817
0.00867141
0.0174336
0.177799
0.0190809
0.653874
0.333576
0.348813
0.00153806
0.0105752
0.000914155
0.351031
0.0237228
0.0277927
0.00258655
0.00254917
0.318651
0.432655
0.00521267
0.642641
0.00627151
0.0099502
0.0153454
0.030262
0.0104651
0.0544253
0.00335235
0.0511138
0.08961
0.00463481
0.0018038
0.175287
0.0166301
0.00397454
0.0170834
0.0147197
0.00602177
0.279579
0.114413
0.00748256
0.187253
0.356192
0.11786
0.609096
0.342207
0.0332096
0.0398942
0.161125
1.43014
0.183936
0.0309171
0.049433
0.604021
1.97265
0.568765
0.13703
0.939291
0.00440427
0.802743
0.0257204
0.0359827
0.00599762
0.0588869
0.0306029
0.097579
0.0737662
0.244907
0.106705
0.586583
0.00130815
0.168902
0.36232
0.0251069
1.0414
0.244776
0.352633
0.00281955
0.0229389
0.631359
0.00219528
0.47151
0.184196
0.0498065
0.00100989
0.273099
0.201877
0.124159
0.02374
0.211795
0.00849661
0.00341502
0.0766643
0.0291177
0.167682
0.111381
0.0985
0.16536
0.197654
0.258731
0.00972732
0.00714842
0.225015
0.00817517
0.00513892
0.00216892
0.00103539
0.213691
0.00763526
0.148929
0.137276
0.00185057
0.0675088
0.022508
0.0345386
0.249054
0.0816907
0.0143793
0.0129505
0.00417411
0.007641
0.0126092
0.0295779
0.156317
0.180602
0.018134
0.0115758
0.00874622
0.744702
0.546506
3.66162
0.776681
0.952808
0.721143
0.00298513
0.0107813
0.00259039
0.00558096
0.0107754
0.00524044
0.202127
0.00895872
1.22421
0.00705666
0.0125767
0.00620078
0.00579789
0.339882
0.0863283
0.00725789
0.0319863
0.0315642
0.0187984
0.011391
0.00414065
0.0226951
0.00582497
0.00545969
0.0147346
0.0197173
0.011412
0.00858809
0.0048187
0.0116424
0.104
0.395918
0.00229127
0.027391
0.0334432
0.0495929
0.0217803
0.030983
0.00884445
0.0212928
0.0268863
0.00266431
0.000115357
0.0104983
0.0119567
0.00556739
0.00349016
0.00532186
2.06814
1.21828
0.0242087
0.00447096
0.00755816
0.00622829
0.00547775
0.0247076
0.00828065
0.00343344
0.00634769
0.00208291
0.000739427
0.0202313
0.596669
0.0696356
0.000611181
0.00866152
0.472438
0.0108648
0.0445362
1.25471
0.047595
1.28683
0.0808349
0.201275
1.18708
0.00654188
0.0595048
0.205
0.154456
0.0888502
0.00262866
0.00750857
0.216343
0.0531023
0.243701
0.0122103
0.219787
0.0580286
0.00951057
0.250463
0.0554389
0.0217529
0.0329525
0.0778993
0.0716856
0.0198206
0.00315358
0.34577
0.0485886
0.00370945
0.00360738
0.000776874
0.0146031
0.0406971
0.00620281
0.0014088
0.00468204
0.00280567
0.0115139
0.00894504
0.29113
0.173702
0.0293297
0.00200813
0.0425333
0.00940008
0.143093
0.0475126
0.311437
0.000943483
0.00882963
0.00417016
0.174512
0.0188864
0.290634
0.352722
0.0503523
0.017574
0.823373
0.249642
0.0879075
0.18085
0.00442963
0.00139094
1.93764
0.0141807
0.00442326
0.00325338
0.106113
0.00143759
0.000739695
0.00855515
0.001784
0.00889727
0.00803094
0.0134604
0.0057273
0.00110707
0.0842249
0.0163304
0.00269099
0.126771
0.395334
0.0248972
0.00999636
0.00323817
0.098196
0.134814
0.0336914
0.0106142
0.0135971
0.00635067
0.011475
0.240244
0.00935359
0.0163348
0.0763986
0.00945733
0.0182286
0.00130979
0.00670876
0.00882949
0.00592665
0.265009
0.00311877
0.0552612
2.81569
0.0286515
0.00391747
0.261869
0.0842014
0.2978
0.00464051
0.0302896
0.00169656
0.0219368
0.823401
0.206862
0.00523917
0.0778642
0.0380716
0.144301
0.00212698
2.19405
0.104243
0.00643933
0.00253603
0.259465
0.00520329
0.00382176
0.00814465
0.219729
0.463943
0.0559027
0.00137573
0.00184084
0.0777034
0.0116097
0.0176463
0.0943762
0.00550986
0.00981522
0.00662596
0.0559038
1.4678
0.00226819
0.121712
0.0150586
0.0748045
0.0117925
0.328329
0.0439815
0.016437
0.00377206
0.0141446
0.079853
1.92469
0.0160519
0.0026925
0.0356647
0.0267922
0.129345
0.0945726
0.0127848
0.42458
0.00431941
0.0238424
0.297642
0.00100461
0.0183754
0.0920846
0.00296963
0.00419613
0.00418761
0.325146
1.94849
0.0204023
0.000711532
0.00322532
0.0473184
0.0123186
0.362101
0.0760362
0.49374
0.0168076
0.0286231
0.0341571
0.1666
0.163341
0.00404287
0.178696
0.0162056
0.0201308
0.00182729
0.00245633
0.00305426
0.0214612
0.0023755
0.0092388
0.00983301
0.00678347
0.0150964
0.00256176
0.0265687
0.00208507
0.378918
0.0717915
0.011798
0.00457589
0.000731457
1.28012
0.20628
0.974151
0.163741
0.226189
0.0239175
0.0621481
0.138961
0.0575171
0.402049
0.419343
0.00407367
0.00349262
0.0278456
0.0212065
1.28411
0.142201
0.00330637
0.00565717
0.0124785
0.00425968
0.134295
0.0501631
4.89486
0.17877
0.201526
0.0015976
0.263445
1.2308
1.23352
0.0166555
0.0627709
0.308781
0.113466
0.113522
0.0693482
0.0906959
0.185376
0.0321259
0.553811
0.503758
0.0640672
0.895163
0.278479
0.10049
0.0119664
0.0391607
0.0368191
0.0106371
0.0174131
0.0489535
0.0133774
0.0226519
0.0230688
0.00537631
0.431712
0.0164673
0.0115425
0.00660575
0.024373
0.00361107
0.0250247
0.00801396
0.0194645
0.0121095
0.0118616
0.0417298
0.00591765
0.00740324
0.0164054
0.00467122
0.018282
0.01849
0.00190258
0.0026523
0.00167606
0.267448
0.000978673
0.00546519
0.0272974
0.236831
0.00568221
0.00794424
0.292374
0.00328023
0.00673685
0.00828021
0.00323841
0.0115783
0.00947793
0.00627172
0.00150061
0.0225737
0.456958
0.012612
0.139725
0.225847
0.00449258
0.0873354
0.142119
0.302128
0.335103
0.539312
1.67563
0.000928359
0.622787
0.00865743
0.348049
0.42739
0.0795321
0.0641857
0.0818321
0.0105112
0.12549
0.0103466
0.212774
1.00507
0.00346611
0.00466149
0.0829238
0.393879
0.00682197
0.356394
0.171652
0.315196
0.0791515
0.209617
0.106562
0.0055086
0.601531
1.05962
0.00235258
0.0192274
0.0194056
0.268949
0.00262724
0.0126122
0.00190794
0.00445979
0.0105915
0.0126644
0.0363485
0.0101249
0.0119087
0.00286967
0.0058544
0.00670991
0.0377958
0.252724
0.00855422
0.0269349
0.0558147
0.0371273
0.284579
0.241793
0.23519
1.9758
0.00841195
0.0178667
0.0050231
0.0213239
0.0337074
0.0262312
0.988155
0.0113062
1.08787
0.00386655
0.113427
0.0136149
0.0123914
0.0211965
0.00573705
0.01528
0.0169102
0.00657838
0.00202036
0.0067115
0.00570426
0.0659972
0.188003
0.0770667
0.1906
0.251522
2.04274
0.272381
0.020776
0.287829
0.0509559
0.0055244
0.0163078
0.0145714
0.0837745
0.0305664
0.0249219
0.0109862
0.0197961
0.00150384
0.00822556
0.0264031
0.0780338
0.376608
0.199368
0.113507
0.142801
0.661637
0.0174845
0.0326601
0.427621
1.63343
0.277102
0.0171031
0.0100101
0.12242
0.053308
0.0158793
0.00969149
0.368013
0.00388269
0.638356
0.840455
0.0168176
0.0345986
0.349287
0.0583204
0.0826753
0.0628159
0.0335626
0.127258
0.0878396
0.128485
0.16168
0.184393
0.248611
0.0341272
0.251234
0.0450439
0.107715
0.154731
0.00340055
0.0213455
0.149409
0.0408251
0.0958844
1.19046
0.0120139
0.0995454
0.20732
0.446243
0.0936834
0.0420398
1.1127
0.00803812
0.20608
0.0734203
0.0596532
0.417168
0.745834
0.0268049
0.104799
2.08004
0.725051
1.57978
0.124415
0.0084435
0.152416
0.0928829
0.108394
0.0851443
0.30304
0.115678
0.7069
0.433608
1.79879
1.93339
0.00214573
0.00285655
0.0192649
0.00539118
0.0162517
0.253358
0.0163373
0.00334555
0.0146747
0.00530945
0.00547098
0.0104045
1.30732
0.00597809
0.00452205
0.0132163
0.0222079
0.297461
0.0118241
0.00757935
0.00442838
0.25138
0.00831653
0.0182445
0.23594
0.00820122
0.00165397
0.0077013
0.00800266
0.00384504
0.0148442
0.699259
0.180029
0.00487428
0.0590475
0.0511763
0.00713155
0.0294462
2.31843
0.00872186
0.00257409
0.0180945
0.0149694
0.494178
0.00855022
1.05017
0.222011
0.68463
0.120309
0.0882059
0.864784
0.074103
0.00542182
1.33314
0.679056
0.00500545
0.25807
0.230561
0.0318525
0.00640465
0.0443603
1.25938
0.0272336
0.045041
0.011146
0.139406
0.0214512
0.0116411
0.00589725
0.00329612
0.011044
0.0157636
0.000747375
0.265942
0.00285916
0.00192441
0.00415928
0.00152999
0.400718
0.0650523
1.7316
0.00259461
0.00435212
0.0318604
0.0225154
0.00500448
0.00373732
0.149765
0.017873
0.0785155
0.00216228
0.00587529
0.0160063
0.0084841
0.164668
0.0115321
0.0401845
0.00351221
1.32332
0.226407
0.48437
0.493117
0.0283331
0.0214467
0.0139714
0.250829
0.147708
0.00541289
0.00299283
0.24813
0.0197427
0.403741
0.00470979
0.01051
0.240672
0.0234222
0.280954
0.0396646
0.00561374
0.229671
0.0026797
0.769514
0.30692
0.101205
0.0221527
0.0769703
0.00645981
0.00166498
0.00440095
0.00928698
0.00211609
0.0244909
0.005241
0.28883
0.0112323
0.0105418
0.184295
0.0102927
0.024259
0.00183815
0.00536847
0.0191584
0.0142895
0.0129349
0.00637675
0.00865732
0.0201834
0.0167334
0.00327744
0.00788967
0.00849195
0.0128029
0.00340855
0.0109907
0.00269042
0.0687055
0.0713141
0.247842
0.00728156
0.00265511
0.0176895
0.00872564
0.0163998
0.000349361
1.41198
0.0435899
0.590889
0.979424
0.0108196
1.61018
0.248594
0.0072483
0.112473
0.0012371
0.00506078
0.00393344
0.0219327
0.105526
0.0206855
0.0359316
0.250359
0.25036
0.0232714
0.0317882
0.00802793
0.254816
0.0150219
0.00537083
0.271887
0.0369057
0.337488
0.0531243
0.00349684
0.208079
1.27775
0.00600553
0.212247
0.57122
0.123003
0.0208607
0.0250958
0.304766
0.00769895
0.00477949
0.0148137
0.257826
0.182412
0.0432928
0.0224799
0.01195
0.0127408
0.43762
0.00821232
0.012614
0.00416722
0.00082932
0.00520356
0.0285076
0.0396636
0.0898739
0.0221719
0.336658
0.00347136
0.00688739
0.0150747
0.00252277
0.00270965
0.0263003
0.089188
0.419325
0.051852
0.420177
0.00728744
0.00184881
0.00806298
0.00299367
0.00237169
0.0132842
0.000829134
0.013294
0.0129251
0.00347511
0.00482128
0.00469014
0.264493
0.00553561
0.0206021
0.00164485
0.0127386
0.0147988
0.0197484
0.00904643
0.00561813
0.457398
0.00109812
0.00267931
0.00584893
0.00533732
0.011783
0.0318487
0.0173271
0.00824866
0.0327981
0.231408
0.209538
0.00416585
0.00710238
0.0104327
0.00310614
0.00815237
0.137697
0.0356656
0.00596883
0.0131475
0.0306955
0.291906
0.00307865
0.257484
0.0890938
0.0138295
0.0244552
0.0144308
0.0107389
0.0149334
0.0037208
0.0120228
0.00749281
0.0434024
0.0295891
0.247359
0.0113529
0.0250348
0.248179
0.005931
0.00460421
0.208954
0.00523805
0.00881721
0.215115
0.00378207
0.0239414
0.031604
0.00599474
0.0230748
0.00229767
0.00847858
0.013948
0.0572305
0.00199774
0.0101032
0.00228249
0.0249756
0.0148433
0.00845057
0.0100331
0.160334
0.00736438
0.000914223
0.0534665
0.0305405
0.0110303
0.020931
0.339588
1.13484
0.013874
0.00980195
0.341563
0.0234082
0.478102
0.272086
0.0204213
0.0210176
0.0351662
1.25623
0.427666
0.668247
0.0900754
0.109342
0.26259
0.352406
0.0982367
0.257612
0.242201
0.0834247
0.00737263
0.0388024
0.0133432
0.00130267
0.0110226
0.254561
0.0192142
0.0300081
0.241834
0.0498886
0.176294
0.0923601
0.217768
0.127563
0.271312
0.00958354
0.0456587
1.22813
0.00051036
0.0155209
0.00766395
0.669471
0.00330026
0.00703661
0.0660384
0.00638477
0.0416913
0.174774
0.0296475
0.0770762
0.00148281
0.180407
0.150269
0.0073477
0.39285
0.00847988
0.00536449
0.0122515
0.00192849
0.0778526
0.0078367
0.0187912
0.0115416
0.00467704
0.030124
0.00632027
0.0909077
0.318379
0.248504
0.0601945
0.091553
0.0525962
0.00354098
0.368274
0.307859
0.508604
0.013618
0.357492
0.0703311
0.0730864
0.0198741
0.0101526
0.218119
0.279768
0.208778
0.0208454
0.0619029
1.08513
0.313848
0.153478
0.0467766
0.0166989
0.0006071
0.00454338
0.115393
0.0297933
1.14686
0.00310596
0.45476
0.661503
0.0200952
0.0313901
0.0338247
0.289362
0.693502
0.0107522
0.221563
0.00995075
0.0159958
0.00404058
0.00310945
0.0827973
0.0128596
0.0152787
1.52138
0.216151
0.0661928
0.0339882
0.119692
0.0215772
0.0349114
0.0096529
0.0111866
1.3595
0.236537
0.0553953
0.0515786
0.303372
0.0250816
0.138044
0.00892872
0.0732209
0.00207908
0.00432394
0.00549339
0.0337888
0.0213771
0.00884242
0.180115
0.000874329
0.456511
0.0293321
0.67649
0.191613
0.30952
0.306598
0.0794564
0.0104435
0.00114361
1.9998
0.0160824
0.46162
0.0247905
0.477541
0.090881
0.436738
0.294782
0.324081
0.0227534
0.79904
0.274612
0.00826048
0.00636527
0.327967
0.0146962
0.00803471
0.0407207
0.0171526
0.565665
0.00900094
0.00492756
1.63661
0.124635
0.0265697
0.0183215
0.258668
0.113337
0.277905
1.4615
0.0073848
0.280399
0.0120127
0.140791
0.0101953
0.265265
0.0734474
0.316964
0.121884
0.0294969
0.0195767
0.146485
0.0923034
1.1646
0.280715
1.09421
0.369451
0.00500941
0.0394116
1.51724
0.0035614
0.311821
1.78947
0.00859884
0.377641
0.355953
0.455844
1.4288
0.00282139
1.38732
0.100084
0.0567456
0.0819603
0.0758226
0.220695
0.0406486
0.275744
