0.0753143
0.0358622
0.0346127
0.228517
0.071842
0.0142929
0.308667
0.218276
0.0443753
0.451059
0.0584849
0.0241245
0.0727662
0.449041
0.50954
1.30869
1.55695
0.674391
0.204273
0.158945
0.35748
0.149627
0.05854
0.619999
0.0622099
0.29124
0.566243
0.589579
0.420732
0.347566
0.0888261
0.423183
0.22619
0.0316569
0.132462
0.344143
0.111037
0.252877
0.373758
1.92448
0.101297
0.271433
0.0189053
0.0247653
0.133222
0.00238124
0.00945188
1.23777
0.010223
0.102196
0.418441
0.0518104
0.2407
0.369758
0.00379199
0.248469
0.0267158
0.121053
0.0231823
0.547857
0.560176
0.202951
0.0273163
0.0615876
0.00894967
0.0566642
0.184875
0.234695
4.4007
0.288965
0.163148
0.115812
0.337311
0.484546
0.0314307
0.183891
0.234867
1.11369
0.0300487
0.340474
0.0849502
0.644106
0.00573272
0.0639041
0.305392
0.17112
0.00714277
0.104481
0.0312933
0.221101
0.151788
0.280795
0.00521697
0.0203214
0.169334
0.0235052
0.366329
0.387698
0.0811329
0.411841
0.0269487
0.102082
0.0141482
0.269013
0.372482
0.114653
0.235959
0.422309
0.00516871
0.015795
0.0157044
0.0899094
0.427257
0.172842
0.00266112
0.13712
0.191817
0.00606546
0.00964145
0.0437881
0.0444968
0.288783
0.369614
0.00473478
0.0951196
0.129989
0.0198752
0.34945
0.324805
0.404245
0.298142
0.00957827
0.0071791
0.0391176
0.157104
0.650982
0.162846
0.419787
0.26021
0.0872717
0.192687
0.0798568
0.0564329
0.209074
0.012992
0.00985743
0.0119865
0.293959
0.0825573
0.0887434
1.07038
0.357494
0.0612233
0.00303663
0.122209
0.124375
0.353012
0.536366
0.00353557
0.375022
0.00895878
0.102381
0.365104
0.0265379
0.0742767
0.160253
0.30987
0.468268
0.371501
0.015019
0.101559
0.232957
0.0487789
0.0075503
0.0261525
0.358519
0.823089
0.0026802
0.180808
0.133161
0.299135
0.709227
0.0977196
0.022281
0.369965
0.433302
0.00689749
0.0423293
0.0959105
0.283305
0.344523
0.00664674
0.0051905
0.00837511
0.0158499
0.00756694
0.00896201
0.394454
0.193895
0.255633
0.900459
0.00500594
0.256976
0.0118766
0.242534
0.00565179
0.00867421
0.0598865
0.245181
0.362372
0.0324255
0.0624087
0.0824072
0.669882
0.0637711
0.0738255
0.0175052
0.0125361
0.250555
0.00989427
0.150095
0.493593
0.0692503
0.203857
0.312079
0.00174055
0.0198467
0.293833
0.0110494
0.00638659
0.040283
0.0189332
1.52093
0.165483
0.109134
0.0871979
0.0646493
0.0457687
0.87222
0.419509
0.106688
0.0182696
0.0775992
0.446903
0.0661627
0.00721511
0.213296
0.0402296
0.118266
0.356313
0.249408
0.425537
0.188592
0.0519448
0.280975
0.262736
0.00149977
0.0182382
0.132573
0.0508183
0.0321973
0.191923
0.0390095
0.304087
0.0119094
0.0223935
0.213134
0.555364
0.0542436
0.502065
0.54854
0.153402
0.0135186
0.384281
0.0054001
0.307287
0.0829667
0.0210384
0.093891
0.0872812
0.0203971
0.00351786
0.204551
0.0874577
0.224769
0.346964
0.0285557
0.215399
0.106842
0.00743825
0.243521
0.0480777
0.00199368
0.00680638
0.00718529
0.00549033
0.00601036
0.126313
0.148495
0.133042
0.169832
0.0096791
0.00354054
0.00451832
0.0083129
0.0433982
0.00590424
0.0179597
0.00188828
0.0114067
0.00487038
0.219948
0.0819407
0.00859154
0.0355957
0.0720422
0.00300988
0.0752668
0.0409587
0.00556534
0.00458111
0.0128389
0.0769328
0.275053
0.384523
0.346944
0.380155
0.00204751
0.00771302
0.141824
0.250119
0.123176
0.0482132
0.182358
0.201489
0.291381
0.208537
0.141021
0.542927
0.489557
0.930124
0.53249
0.0456394
0.0129669
0.0446689
0.168927
0.146647
0.00389478
0.1144
0.164552
0.0602947
0.0991297
0.028357
0.0627623
0.141882
0.00837989
0.287254
0.589126
0.325119
0.22426
0.0342885
0.0257256
0.00380402
0.417986
0.381182
0.12707
0.453882
0.0591643
0.361508
0.0131025
0.00870409
0.0751738
0.010874
0.0868971
0.0144707
0.00224927
0.0121106
0.385132
0.0147335
0.0338409
0.0102528
0.381717
0.245947
0.0133074
0.604203
0.0714637
0.00878891
0.0196942
0.00353867
0.010785
0.0138787
0.00824862
0.0104049
0.0201019
0.00367799
0.00262569
0.0184905
0.0260202
0.0674558
0.00413348
0.0219674
0.238633
0.0156155
0.136629
0.113309
0.0231344
0.0190746
0.00504041
0.0142423
0.383799
0.123574
0.00661301
0.0452644
0.234889
0.0920852
0.357163
0.0218078
0.0256906
0.0168656
0.582583
0.0390122
0.0125639
0.221666
0.00907903
0.0102393
0.0189763
0.0195286
0.0804989
0.322326
0.167242
0.00261585
0.0286318
0.0189288
0.0202005
0.0878867
0.0501281
0.0347831
0.153427
0.00259307
0.00597319
0.0313563
0.00760371
0.838427
2.02492
0.0218099
0.00111418
0.0110744
0.0323341
0.0350173
0.0118768
0.0119909
0.399335
0.0159198
0.270187
0.00258809
0.248067
1.08751
0.0024016
0.0497444
0.00903009
0.00153973
0.00883414
0.00433232
0.0113523
0.00359076
0.00395725
0.0027775
0.00643392
0.00662994
0.0349667
0.00236022
0.0194568
0.0808429
0.061517
0.21251
0.138046
0.000671837
0.00211573
0.00294963
0.00766633
0.0652164
0.0300867
0.262744
0.0393072
0.029883
0.0723729
0.00782326
0.0238754
0.00866411
0.060785
0.067628
0.54115
0.0316357
0.232336
0.00299175
0.136032
0.345057
0.0434445
0.320714
0.0117328
1.57879
0.47053
1.83204
0.00441425
0.0427047
0.0714381
0.0116476
0.129775
0.00743802
0.00637348
0.0243575
0.0185005
0.152828
0.0252959
0.22785
0.145874
0.297667
0.321549
0.0472896
0.00631415
0.663395
0.0282377
0.00366519
0.0514719
0.544085
0.00335578
0.0109938
0.131743
0.0866232
0.0164451
0.00988769
0.0201217
0.00930692
0.00326933
0.0986835
0.0247808
0.00619486
0.0132517
0.188253
0.00177949
0.0206214
0.0107256
0.0111822
0.551489
0.158979
0.0101736
0.00574862
0.00669897
0.00138369
0.226652
0.00321677
0.0106472
0.00218437
0.00411047
0.00288596
0.00854752
0.00215817
0.00796353
0.0100082
0.0213042
0.0268609
0.11362
0.00143139
0.0150842
0.380081
0.0630269
0.177812
0.157371
0.00781341
0.0102509
0.377899
0.003942
0.023043
0.0432034
0.0176176
0.0584609
0.00783114
0.0470251
0.0129581
0.0100261
0.257506
0.00690675
0.00147947
0.151694
0.373019
0.607906
0.00902238
0.131593
0.192297
0.0529521
0.123862
0.139774
0.0241899
0.0365408
0.00866811
0.242808
0.00649805
0.124876
0.147597
0.0140208
0.0199713
0.0243248
0.339229
0.154229
0.145737
0.0314613
0.213893
0.0268728
0.115601
0.169163
0.00892465
0.176296
0.00443321
0.174217
0.492558
0.0610055
0.70451
0.00758528
0.033128
1.82414
0.538079
0.0154503
0.2826
0.00177697
0.0535566
0.152479
0.0955013
0.0351433
0.154884
0.315597
0.232223
0.0273217
0.457952
0.0198234
0.0821025
0.0366395
0.0553012
1.26613
0.00688146
0.0059029
0.370092
0.0546072
0.00814645
0.00576423
0.0201719
0.0106645
0.0175173
0.0256124
0.0108752
0.0575833
0.0132595
0.169669
0.166023
0.00361696
0.111999
0.0196901
0.203837
0.0440433
0.449646
0.158104
0.100205
0.00456116
0.00431861
0.00729027
0.218152
0.00690731
0.319376
0.000652844
0.0332629
0.00753655
0.0401933
0.00965054
0.00565153
0.00122183
0.367498
0.00303128
0.00281608
0.0720473
0.52175
0.00400686
0.00702408
0.00768412
0.00989323
0.00328261
0.00471997
0.433549
0.00399672
0.716397
0.00747767
0.0125838
0.00253724
0.0201032
0.0267469
0.00449686
0.272067
0.00253633
0.259108
0.00931455
0.00754274
0.00749978
0.00168066
0.0118958
0.0116225
0.00894078
0.00877873
0.0313781
0.314806
0.00315228
0.398989
0.00315195
0.0321813
0.00610448
0.139074
0.138452
0.00692073
0.0745007
0.116822
0.00685022
0.350673
0.0183628
0.586156
0.164887
0.010638
2.38603
0.203179
0.0247565
0.165537
0.00861179
0.00550691
0.0450899
0.0197945
4.57577
0.00270706
0.00651149
0.00691675
0.00649652
0.00536343
0.0068228
0.108658
0.0107146
0.00908139
0.246138
0.142265
0.0520316
0.251898
0.0374538
0.0729082
0.0110206
0.0262683
0.0519806
0.00343506
0.185891
0.163402
0.469123
0.483034
0.0189946
0.0630294
0.0426676
0.133054
0.0219045
0.0369055
0.0246039
0.0168779
0.0270572
0.261401
0.00404427
0.0676732
0.0524147
0.0157157
0.600445
0.518188
0.275398
0.00350417
0.143646
0.0679433
0.116433
0.448135
0.0137765
0.00359412
0.398503
0.0205301
0.62363
0.0135947
0.0203633
0.436552
0.474495
0.115603
0.00287823
0.0148304
0.202042
0.274737
0.289256
0.0774666
0.00820373
0.33373
0.235311
0.00146211
0.00601183
0.399001
0.00206378
0.0247581
0.0111898
0.528536
0.380903
0.00582477
0.00823664
0.299158
0.114478
0.0223031
0.00878929
0.00743559
0.276078
0.0766831
0.0325305
0.205014
0.0234942
0.0154643
0.00710144
1.08114
0.0409589
0.189053
0.199777
0.0840911
0.0165918
0.00853496
0.323158
0.272713
0.207039
0.411312
0.00229559
0.0112619
0.016641
0.139622
0.0131576
0.087837
0.00053526
0.00363306
0.428878
0.0200836
0.103453
0.119078
0.012884
0.0854026
0.00716254
0.00842946
0.0443557
0.00742895
0.0090836
0.01659
0.0832425
0.83556
0.135225
0.0104526
0.162722
0.105908
0.0351945
0.189178
0.524782
0.0853124
0.418599
0.24265
0.00392849
0.00271734
0.0087456
0.0114726
0.00464057
0.365547
0.00732841
0.00727225
0.00281692
0.00836791
0.00379848
0.00105492
0.00829739
0.00465101
0.0244002
0.00441279
0.245396
0.00177484
0.0105537
0.119979
0.0157615
0.219862
0.00246163
0.884953
0.0135782
0.0603667
0.0175201
0.397932
0.00453427
0.00477985
0.0590426
0.550492
0.871921
0.0347418
0.0322881
0.00454404
0.311802
0.182943
0.109718
0.00329398
0.0285913
0.131146
0.102314
0.00748687
0.100909
0.0454672
0.123256
0.00993682
0.305362
0.0151055
0.0451181
0.194435
0.011333
0.322011
0.0177289
0.317448
0.0425128
0.131952
0.0124913
0.0531572
0.250501
0.00283977
0.029452
0.0925135
0.611578
0.019429
0.0865302
0.127109
0.0285454
0.00792743
0.0471248
0.014277
0.294869
0.0270974
0.0228396
0.166514
0.0129236
0.00767274
0.632441
0.0111098
0.527391
0.00870718
0.328091
0.489989
0.0160386
0.000901272
0.00572911
0.530276
0.33565
0.0121033
0.2309
0.698198
0.0897541
0.105941
0.0126556
0.0226684
0.0291795
0.00760146
0.00203236
0.0151882
0.0496635
0.00471575
0.00608927
0.139163
0.252963
0.474292
0.371995
0.197183
0.0422134
0.00758918
0.0114943
0.00902173
1.08025
0.131093
0.0619243
0.00683268
0.00223415
0.0205701
0.00652139
0.349422
0.213869
0.229635
0.119803
0.0904577
0.118297
0.00237131
0.0380574
0.3487
0.330133
0.106288
0.0059458
0.0238557
0.00688224
0.23417
0.00236855
0.0646323
0.0115217
0.01286
0.0890198
0.0593827
0.0173383
0.0206151
0.00254692
0.176481
0.0184653
0.00331866
0.142053
0.0920565
0.0132013
0.263632
0.343003
0.0208752
0.195682
0.0315245
0.00715591
0.0073205
0.0151808
0.466735
0.018769
0.0060072
0.055116
0.626993
0.0267742
0.0436072
0.385132
0.306066
0.00521117
0.224061
0.0120393
0.210357
0.203399
0.0665045
0.259983
0.0288044
0.0191712
0.0364681
0.144542
0.0239676
0.00724249
0.148374
0.477534
0.14552
0.276463
0.0478086
0.127673
0.193335
0.155434
0.0162191
0.174139
0.251004
0.199525
0.368819
0.151199
0.199196
0.552521
0.24912
0.00549291
0.187621
0.00944111
0.555183
0.010285
0.0306017
0.478223
0.00953993
0.0127611
0.145827
0.00692909
0.0140322
0.00808574
0.00986539
0.00411536
0.0258489
0.00766041
0.008956
0.0010081
0.990144
0.00604077
0.01628
0.00327725
0.00473589
0.00282496
0.00430089
0.00509527
0.219028
0.0245871
0.0129683
0.00445804
0.00507156
0.365305
0.0183867
0.00353519
0.0244326
0.00893143
0.00308832
0.0397258
0.0234713
0.0152761
0.00171612
0.159796
0.00850423
0.0467733
0.00285745
0.0358283
0.424346
0.0444707
0.00266493
0.00620906
0.00417695
0.0163776
0.0058833
0.0178764
0.0414389
0.0673497
0.025376
0.00142974
0.000882222
0.00408337
0.0122479
0.00424904
0.0413025
0.02077
0.527418
0.592747
0.0736464
0.380999
0.297907
0.0033069
0.0121791
0.00975038
0.0253444
0.00676768
0.00884416
0.0126731
0.00476153
0.00905074
0.00970206
0.00537407
0.00426102
0.0191797
0.00467222
0.0136869
0.00773302
0.00658404
0.229473
0.0112025
0.00233048
0.0114802
0.00948957
0.00620602
0.0376515
0.19356
0.00146812
0.0250407
0.012237
0.0066585
0.00804014
0.0588694
0.00748081
0.142155
0.0115608
0.00329351
0.00202441
0.0100563
0.0143919
0.0170413
0.00336119
0.481952
0.0127534
0.0106631
0.00315403
0.00456595
0.0148508
0.00173749
0.00287485
0.00518165
0.00493966
0.0192619
0.093675
0.0258639
0.00455899
0.00838754
0.00697937
0.0253239
0.00348228
0.00487273
0.0148413
0.147439
0.00915635
0.369982
0.119603
0.00214944
0.013065
0.187966
0.246809
0.0282109
0.0207069
0.0263827
0.675061
0.447172
0.0870325
0.0173838
0.00320573
0.002773
0.00283656
0.0108795
0.0101488
0.00387841
0.0028005
0.00863521
0.011267
0.383845
0.0880526
0.0378527
0.193612
0.30921
0.0415659
0.0463421
0.0109246
0.00705335
0.00522769
0.00515926
0.00843177
0.00794501
0.0412961
0.0405553
0.00125332
0.00293251
0.013279
0.0186426
0.00311689
0.0445185
0.00367673
0.00905158
0.00238268
0.1067
0.0045883
0.0159352
0.390121
0.016458
0.0026356
0.0115125
0.00980016
0.0110302
1.35234
0.029697
0.00672324
0.0196845
0.167205
0.0308366
0.215602
0.0667629
0.0890481
0.00338951
0.0859955
0.0141638
0.0949718
0.0130387
0.00224279
0.00650955
3.15548
0.696992
0.115889
0.202511
0.00599098
0.0542263
0.139392
0.0892699
0.0599663
0.050552
0.0081879
0.00354944
0.0142969
0.382158
0.0051917
0.00425338
0.0292439
0.29735
0.0430776
0.0764733
0.214322
0.000661887
0.557041
0.00690976
0.0500403
0.280962
0.0366464
0.00685301
0.229135
0.00533486
0.369219
0.00259414
0.00709514
0.00481039
0.0341237
0.00583545
0.246834
0.00631186
0.00190652
0.152615
0.00698927
0.0103527
0.0886861
0.0244461
0.191909
0.0375636
0.196171
0.092242
0.00878701
0.228248
0.0096442
2.17309
1.01538
0.0359351
0.384226
0.0129726
0.00361449
0.146235
0.0110999
0.00763618
0.00292665
0.0343817
0.0151961
0.234207
0.0071053
0.0147831
0.00816299
0.0360113
1.35283
0.00476075
0.0239788
0.0356821
0.00879793
0.00273409
0.00295467
0.00751848
0.0199587
0.214148
0.345774
0.206896
0.00420518
0.0109211
0.194845
0.0168127
0.00480715
0.0563394
0.229549
0.233059
0.0110681
0.534783
0.00138614
0.0145996
0.0299475
0.00963409
0.028718
0.00664566
0.00865174
0.205051
0.476655
0.0832599
0.217866
0.445866
0.0584077
0.269025
0.0450626
0.00462437
0.363004
0.0149818
0.00145767
0.00487124
0.623304
1.43628
0.00319065
0.0186562
0.107048
0.00985422
0.0187149
0.00394683
0.213376
0.00564873
0.013113
0.239673
0.00253285
0.00653458
0.00494043
0.0129774
0.0275704
0.0138095
0.00742935
0.00928695
0.0205328
0.00941423
0.0674498
0.00502901
0.0039359
0.00426586
0.0066008
0.0112097
0.0115339
0.0110986
0.0170802
0.0211941
0.0306679
0.00582748
2.01083
0.00691645
0.0258873
0.0235214
0.0134951
0.432698
0.00579161
0.00639887
0.00436515
0.141709
0.087442
0.418898
1.19461
0.145201
0.0286692
0.0052766
0.0722971
0.114143
0.823066
0.0142516
0.148311
0.00336637
0.0101092
0.0291875
0.00448175
0.236698
0.0108199
0.367848
0.283249
0.00285351
0.194315
0.0274447
0.0701068
0.033382
0.0139052
0.126595
0.0768044
0.00622437
0.00445591
0.062026
0.00794357
0.00347129
0.314472
0.146493
0.0308731
0.0111656
0.171105
0.00605682
0.0177579
0.53979
0.0056424
1.36179
0.205737
0.25067
0.075927
0.192911
0.0253984
0.0185593
0.0047567
0.00493643
0.0278085
0.202969
0.245945
0.00695245
0.866871
0.00786421
0.00516898
0.251225
0.00203129
0.0120068
0.0124483
0.0182738
0.00257435
0.00745459
0.0119066
0.00277088
0.0135418
0.032712
0.103736
0.0177051
0.0029289
0.00301667
0.146379
0.0234515
0.777701
0.00503576
0.015285
0.33808
0.0276272
0.00204332
0.209119
2.28404
0.0125492
0.00603451
0.259182
0.00514643
0.0071226
0.00215549
0.0217448
0.00517525
0.00760779
0.013761
0.00354705
0.00174258
0.148379
0.00463734
0.0075155
0.291598
0.020502
0.379795
0.00471324
0.0036298
0.0669474
0.0479607
0.177399
0.498523
0.107336
0.0107885
0.0104908
0.0137605
0.0177893
0.0944651
0.0116189
0.0047443
0.156533
0.021711
0.225462
0.0363686
0.019378
0.834778
0.0122845
0.0480063
0.00784347
0.0127155
0.0763361
0.0142501
0.0240597
0.00199131
0.333433
0.0434839
0.0130496
0.00607776
0.00901588
0.0115976
0.00930937
0.00329811
0.00233736
0.0297935
0.00382392
0.0452325
0.00369062
0.0105981
0.00786964
0.00155383
0.00376422
0.000938399
0.00799663
0.0156347
0.00382775
0.00520235
0.00138773
0.0397243
0.010021
0.00749496
0.628089
0.212402
0.643669
0.0794662
0.129108
0.0769696
0.0547612
0.237579
0.00849841
1.83475
0.0715892
0.00329709
0.0460255
0.171688
0.0128463
0.0205181
0.0223006
0.0350573
0.229091
0.173701
0.0276532
0.0124038
0.0220504
0.0160206
0.0104446
0.476948
0.280802
0.00470184
0.0302192
0.0340797
0.150949
1.82155
0.335423
0.0551895
2.01646
0.317187
0.199122
0.00702578
0.0295858
0.0372588
0.041578
0.00742737
0.51941
0.0115988
0.00967768
0.0116407
0.00788631
0.510968
0.00240896
0.468346
0.00381837
0.0180502
0.00439997
0.00281654
0.325504
0.149065
0.00145271
0.014188
0.00240314
0.00744728
0.00240717
0.0286899
0.00658017
0.000987783
0.369784
0.00139371
0.0413988
0.355116
0.0486256
0.0230897
0.00313063
0.0254564
0.0045628
0.00838163
0.337707
0.00192032
0.0206477
0.00429694
0.0609907
0.11412
0.424647
1.06496
0.0682394
0.0150218
0.0741709
0.0575755
0.00274015
0.00588479
0.00570857
0.0319545
0.00480354
0.00919927
0.0178211
0.0165844
0.00859701
0.443404
0.000786309
0.00687524
0.00102022
0.407209
0.0141995
0.0207936
0.00474779
0.0121826
0.0212021
0.0384229
0.221088
0.0078652
0.0214025
0.00760841
0.0199001
0.0105553
0.0156582
0.0684007
0.00879083
0.407661
0.00360051
0.0534532
0.22891
0.256055
0.500458
0.0716019
0.0151312
0.0917065
0.543459
0.0964698
0.114877
0.293397
0.02418
0.576693
0.0121355
0.0132967
0.00862146
0.0129099
0.00550953
0.320065
0.00840952
0.00582472
0.00246441
0.00196477
0.00626216
0.00373366
0.00541436
0.0208085
0.045997
0.0567646
0.381619
0.350427
0.0728173
0.0748283
0.00172074
0.0128151
0.337284
0.00810384
0.00247178
0.0119723
0.0102699
0.0207824
0.00804551
0.0253969
0.0110565
0.0101399
0.019595
0.484104
0.177254
0.767666
0.309495
0.312961
0.00940943
0.26182
0.0326112
0.201607
0.0177936
0.0022022
0.00651052
0.00680691
0.011472
0.169814
0.119074
0.020652
0.0583241
0.00494573
0.205593
0.657971
0.00907565
0.0237583
0.21523
0.0116974
0.250137
0.142337
0.33643
0.216287
0.0921251
0.345753
0.0167257
0.0395993
0.239923
1.14349
0.0581437
0.0559362
0.242838
0.0241579
0.00301499
0.00322657
0.0401455
0.0050049
0.0777693
0.0915949
0.36336
0.077777
0.0549766
0.0431255
0.173218
0.33364
0.110534
0.0261205
0.00749369
0.00851675
0.0519278
0.00854281
0.0117311
0.0122387
0.0197696
0.0108303
0.00256778
0.245776
0.112342
0.489518
0.0146723
0.163821
0.191331
0.00311501
4.58604
0.244709
0.21867
0.00484078
0.0430975
0.00268666
0.0756398
0.0092447
0.00138215
0.000765765
0.0118606
0.00587257
0.00214708
0.00485492
0.00648432
0.00625044
0.00344022
0.011041
0.0138447
0.0297236
0.0215635
0.0167783
0.00495428
0.00648724
0.00337226
0.0389988
0.0121991
0.0104994
0.404759
0.0112974
0.0223805
0.0048463
0.0257897
0.19716
0.0080536
0.00547815
0.00361846
0.00653166
0.00545682
0.0106899
0.0267162
0.263612
0.00336661
0.00495416
0.00596312
0.0060932
0.0099287
0.010951
0.00162739
0.253764
0.00501711
0.0284579
0.0021716
0.0116934
0.0155538
0.0430543
0.00499707
0.00559263
0.0160846
0.00493911
0.0215743
0.181939
0.15829
0.00477116
0.0491065
0.149422
0.17362
0.174532
0.00472055
0.356417
0.132181
0.00428066
0.344638
0.0997597
0.128333
0.112606
0.00550957
0.0690269
0.101862
0.0676736
0.00770722
0.107741
0.0754173
0.00723341
0.180787
0.0164487
0.0121112
0.0762628
0.00742015
0.162686
0.00855293
0.0262663
0.215679
0.111146
0.031595
0.015327
0.0447146
0.00567742
0.106993
0.0298942
0.170048
0.0667837
0.0939366
0.118261
0.016012
0.101392
0.1012
0.0332904
0.26837
0.0192748
0.00203374
0.0543055
0.0347542
0.796399
0.7926
0.176478
0.00375047
0.0818387
0.00284207
0.0102493
0.00335701
0.250146
0.341502
0.0992635
0.00866623
0.00658613
0.198937
0.565802
0.152313
0.00809139
0.00951562
0.353851
0.279378
0.035879
0.463887
0.0693846
0.103841
0.0189731
0.165514
0.201607
0.0554852
0.195778
0.670064
0.0746646
0.479534
0.30706
0.083646
0.0845054
0.0581237
0.0133105
0.128296
0.0666866
0.569076
0.00183217
0.0117295
0.00147803
0.00790003
0.0130312
0.686079
0.808544
0.00222178
0.136246
0.233262
0.597882
0.0793614
0.353049
0.335127
0.141106
0.0145765
0.00352914
0.263482
1.0265
0.104368
0.334564
0.318144
0.0685839
0.117039
0.285306
0.273568
0.0079524
0.100002
0.20858
0.302874
0.660357
0.0728038
0.245975
0.00378914
