515.707, -3.99882, 3.08783
543.056, -1.70314, -2.71466
567.23, -1.63705, -2.11939
560.355, -3.19412, -0.801909
506.192, 23.8362, -0.400657
496.726, -5.31023, 1.72225
529.049, -3.26628, 3.00312
506.333, 29.745, 0.837555
530.966, 11.2446, 0.0349146
504.7, 27.3302, -1.60571
502.18, -11.1112, -1.69145
508.415, -18.1594, 0.0863871
544.956, 8.93424, 0.376578
504.764, 30.4866, -2.45109
527.165, 0.808814, 2.42042
512.341, 16.6556, 2.71947
499.626, 15.3928, 2.28027
515.106, -15.5863, -1.52281
511.577, -12.055, -2.86338
497.026, -9.16155, 0.77671
531.964, 0.884069, 0.539909
534.05, 10.8693, 1.16407
518.888, 13.5794, 1.39038
498.339, -17.7825, -1.50373
542.117, -3.02149, 0.73775
509.278, -5.23171, -0.217967
539.206, -9.20296, -1.75982
552.682, -5.39281, 1.45099
507.316, 1.19306, -2.84812
509.623, -14.5985, -0.468604
560.1, 4.42006, 0.348872
509.037, 20.1693, -0.80597
548.832, 8.6015, -1.57423
510.676, 14.193, -1.90105
512.79, -0.649203, 2.34004
500.523, -15.3686, 1.51299
501.491, 27.9286, -1.01458
510.179, -11.5207, 0.31691
521.014, -12.8304, -1.82267
507.824, -2.54347, 2.1399
544.166, 8.29784, -0.758541
576.279, -3.15397, -0.671933
517.636, -14.881, -0.271008
511.407, -17.0837, 1.26106
500.481, -4.11719, 1.8285
502.819, -7.09862, -0.889664
513.905, 13.8967, 3.0669
508.352, 30.1555, 1.6298
531.39, -9.6332, 1.78347
512.626, 23.5057, -1.54845
515.167, 25.4213, -1.38
535.888, 0.361055, 2.51488
511.942, -14.9034, -1.21807
512.866, -2.82847, 0.350913
507.264, 13.1518, 1.82868
522.653, -11.5123, -1.0767
505.668, -14.4479, -0.0389518
498.933, -18.1725, -1.00907
529.958, -11.373, 1.35118
514.396, -7.93934, 1.36103
502.765, -15.9544, -3.04508
546.656, -3.45241, 1.57779
533.196, -17.5559, -0.34584
576.432, -2.24743, 0.20697
618.563, 41.0382, -0.53567
613.203, 33.9289, 0.772307
577.609, 0.455884, 1.7946
618.982, 41.104, -1.93093
576.721, -1.25375, -1.32028
603.54, 39.1049, 1.95852
603.446, 32.9624, -1.75503
625.045, 55.9674, 2.97015
612.95, 44.9463, -2.3092
598.417, 22.5163, 2.4671
604.187, 25.5582, -2.10155
621.621, 52.8587, -1.71391
627.927, 4.32806, 1.96989
625.398, 34.9475, -3.06643
624.62, -11.6607, 1.81106
588.761, 7.16854, -1.62302
637.135, 32.7364, -0.00525717
625.021, 14.0694, -0.0964076
642.767, 17.8819, -0.9537
654.607, 6.25454, -1.56926
652.804, 12.6173, -2.32954
615.811, 72.4755, 0.853432
598.465, 78.8406, 2.51129
608.67, 71.722, -2.53348
574.781, 5.12349, 0.0869263
601.41, 56.392, -2.35125
578.199, 3.02078, 0.676654
597.481, 76.2366, -0.87941
613.877, 57.227, 0.931209
655.643, 22.4166, 2.57722
600.799, 76.3435, -1.26683
632.47, 29.9933, 0.90244
636.359, 29.2432, -2.1748
634.243, 19.4985, 2.09446
611.292, 71.7681, 2.10218
616.079, 44.2015, -0.455067
606.442, 35.0029, -1.08759
626.966, 56.6042, -1.406
599.904, 35.0315, -1.50746
593.915, 29.3153, 0.463567
600.26, 57.4777, -0.122775
595.54, 57.1904, 1.74368
579.863, 43.4878, 1.71872
580.537, 13.2448, -0.275962
582.735, 24.6845, 0.542176
596.413, 48.7159, 1.65649
626.357, 70.145, -1.12127
645.96, -34.0797, 1.0789
601.999, -7.79056, 1.50013
591.535, -75.6551, -0.376861
616.892, -33.4076, -2.8719
571.242, -21.5911, -2.85623
607.269, -51.9725, 1.13405
577.411, 3.89403, 1.73129
557.951, 43.1572, -1.57438
556.44, 46.4665, 2.60915
571.425, -10.8487, -1.61098
567.805, -32.0389, -1.00884
558.324, 70.3436, 2.99849
567.324, 50.4015, -2.71037
563.914, 65.7696, -2.99096
568.032, 77.0737, -3.09247
580.097, 39.3322, -2.03267
589.204, 85.0166, -0.324266
599.993, 74.5175, 2.2646
616.741, 59.7239, 0.0573453
605.911, 51.8742, 1.30646
605.842, 76.9571, 0.67895
604.609, 47.8844, 1.07341
600.812, 54.118, 0.453961
591.075, 35.3375, -2.36235
596.027, 38.8783, 0.14064
599.413, 71.9582, -2.92402
586.942, 37.8511, 0.954273
592.614, 49.6647, 1.074
513.608, -16.8578, -1.87268
546.636, -16.0371, 2.54953
551.136, -30.7762, -2.23668
548.729, -64.9837, -2.70333
576.298, 7.64679, 2.34921
575.715, 5.76659, 0.969598
576.094, 8.02145, -0.897962
576.529, 7.72847, -0.672641
626.955, 43.2939, -2.17182
596.484, 22.0212, 2.78961
641.952, 51.6559, -0.871912
638.127, 53.0561, 2.74645
643.178, 51.0733, -2.57741
650.169, 37.6192, -3.09529
551.759, 62.8359, 1.04215
541.338, 54.856, 1.65383
534.414, 61.8656, 1.17801
533.298, 71.1738, -1.63905
550.772, 70.9376, 2.7429
616.014, -59.143, -2.49202
617.437, -60.9513, 1.29668
591.405, -22.2571, -2.66637
637.028, -27.462, 2.96276
646.718, -27.7363, -2.24344
644.373, -34.7622, 1.06108
618.534, -23.4782, 1.35009
623.931, -33.5517, -1.25605
542.93, 14.131, 1.48239
637.664, -45.4741, 1.22809
508.233, -8.29182, 0.0403411
518.209, 6.88922, -2.34631
544.319, 9.29822, -1.3856
530.313, 22.9794, -0.960105
549.133, 3.70731, 1.53049
607.391, -68.813, 0.17675
521.422, 34.4225, -2.02229
558.442, 65.1745, 2.62858
547.852, 79.0893, -2.94695
573.371, 36.1086, -2.86064
571.005, 51.6632, 2.4191
578.763, 62.8177, 1.20165
538.147, 58.3073, 1.35664
599.766, 69.0499, 0.778205
565.459, 28.2234, -2.5078
555.172, 41.312, -0.0429213
555.563, 55.6155, 3.13864
556.676, 74.1402, -2.59335
572.29, 6.58822, -3.04336
562.59, -52.9977, -1.75963
570.719, -6.68296, 2.50204
570.748, -43.97, 0.499361
572.037, -7.77662, -2.37768
531.581, 59.1462, -0.128439
573.017, 5.88888, 0.548935
533.69, 50.5012, -2.93398
572.576, 5.94537, -2.07063
572.311, 5.82083, -0.0485869
572.357, 5.65014, 2.67709
572.523, 6.56041, -3.09138
543.053, 64.0465, -0.786531
529.818, 71.3528, 1.34177
513.105, 25.5553, 1.73177
530.358, 48.7028, 1.50028
632.239, 15.6562, -2.64883
606.851, 8.80705, 1.58376
572.117, 6.96516, 0.205727
572.186, 7.45625, 1.96954
497.901, 26.5108, -2.10706
493.78, 18.2524, 0.596372
502.691, 7.74428, 1.31509
510.682, 6.60744, 2.10634
496.788, 6.0597, -1.0895
512.958, 4.27007, -2.73989
512.784, 4.44591, 0.990799
545.573, 6.17636, 2.36434
506.684, 4.8691, -0.244619
506.041, -13.7384, -1.57985
495.933, -16.6414, 1.57952
526.925, -3.34183, -2.93775
498.28, -8.34505, -1.73538
494.707, -8.49683, 2.92224
520.87, -2.79657, -0.428467
528.638, -2.39302, 1.23204
501.685, -3.72875, 1.2552
573.475, 6.12662, 3.07608
572.858, 6.09083, -0.702867
572.57, 5.72577, 2.26296
572.705, 5.8883, 2.98065
572.804, 6.75349, -2.96453
575.765, 4.97997, -1.71714
572.547, 7.27215, 2.90693
572.879, 6.4031, 1.26029
572.919, 6.22986, -1.04167
572.937, 6.35524, 0.81026
646.724, -18.7627, 1.08794
626.112, 6.91948, -2.20673
631.053, 12.4191, -0.756716
625.754, 26.0615, -2.0247
641.961, 46.7026, -3.12251
634.695, 35.7542, 2.71285
607.473, 57.8854, -0.446608
603.999, 64.3273, -2.89696
616.561, 2.6379, -1.90241
640.338, 23.499, 1.56025
617.728, 27.5063, 0.0107064
644.646, 8.77047, -1.05998
617.516, 34.6497, 2.07443
647.413, 16.8399, -3.07915
630.661, 25.4347, 2.36825
648.378, 31.6952, 2.39236
637.603, 37.3318, -0.700032
641.788, 19.9293, 0.04639
654.124, 21.8808, 0.043339
646.391, -27.9285, -1.7332
630.201, -37.7261, 0.543422
603.733, -32.7431, 1.66529
604.838, -35.9202, 2.67483
594.687, -35.1703, 0.221806
582.009, -26.3779, -1.68205
588.275, -50.3556, -0.301993
615.329, 31.0318, -2.90202
604.165, -68.3907, 1.51201
612.39, 61.529, 2.49617
618.105, -50.7526, 2.91342
576.987, 2.84867, -0.700433
577.411, 2.85522, 0.366676
537.349, -51.0873, -2.20928
578.135, 3.31151, 1.76771
499.995, 2.93284, 2.97464
524.895, -52.1059, -0.406159
558.741, -15.7214, -1.97629
519.839, -43.5484, 0.0190297
541.089, -17.4557, 1.09222
576.945, 2.78477, 2.31783
609.408, -50.2919, -1.36169
614.089, -56.6043, 0.180714
637.285, 13.8869, 0.0940092
607.8, -56.3713, 3.05041
607.945, -70.5998, -2.58018
594.311, -24.6732, -1.14281
616.02, -51.932, 2.19531
610.332, -16.1867, 2.80529
601.727, -29.2521, -0.637519
632.404, -51.2628, -2.65239
605.667, -17.0519, 2.77291
638.914, -25.3808, 0.373205
524.014, -28.1539, 0.866955
503.641, -29.9786, 0.936297
539.373, -14.7367, -0.680283
512.583, -14.1623, 1.43491
498.3, -12.4584, 0.233825
525.996, 5.3177, -0.164574
499.197, 3.7409, -0.0492147
577.013, -3.96197, -1.37926
578.321, -2.32102, 3.11929
643.702, -45.0266, 2.86458
620.892, -30.7716, -1.40679
644.403, -45.3134, -0.369908
639.072, -41.8951, -2.5046
583.293, -5.55956, -0.086945
576.287, -4.99573, -0.0134445
577.479, -1.96578, 0.883438
576.464, -2.93203, 0.128143
577.003, -3.41981, 1.87458
576.858, -2.98465, 1.35392
576.886, -2.11951, -1.54311
577.159, -2.79987, 2.14168
575.854, -3.07458, 2.5557
575.319, -3.50011, 2.58354
575.515, -2.87136, 0.980243
576.309, -3.21153, -2.75145
575.183, -3.46997, -3.02671
591.339, 55.0934, 1.63342
589.614, 60.3088, -0.979304
595.12, 64.9862, -0.125321
606.768, 71.1535, -2.7721
600.916, 60.162, -0.714992
574.184, -2.6354, 2.53222
582.323, 21.5396, 0.367675
581.221, 13.8018, -2.81897
573.668, -2.44192, -0.230648
573.739, -2.5967, 2.0731
519.718, -59.5817, 0.947943
555.443, -28.6778, -1.29466
547.481, -37.8302, 2.64044
540.45, -33.4721, -0.157634
583.51, -67.6476, -1.30236
572.59, -3.09074, -1.57345
572.581, -3.56538, 1.43111
572.698, -3.62369, 2.85136
607.381, -24.7033, 2.39714
626.718, -22.9814, -0.565445
569.874, -37.5995, -0.475442
569.212, -62.1091, -3.01291
563.448, -43.571, -0.905576
552.265, -45.9083, -1.18105
539.526, -74.3852, -1.9361
551.718, -44.2337, -1.10849
530.009, -59.9512, 1.10841
605.292, -67.2267, -1.63191
605.283, -76.3536, 1.89857
602.325, -76.7242, 0.622372
630.794, 50.223, -2.84803
612.544, 57.8936, -1.1143
615.201, 58.4789, 2.70367
609.633, 48.275, 1.02446
605.007, 41.1706, -2.72415
610.887, 48.7836, 1.98786
599.625, 31.797, -0.0315056
520.375, -26.3748, 0.605965
544.64, -13.6054, 2.76787
521.322, -24.1243, -2.98636
535.255, -20.0404, -1.8275
545.596, -17.4459, -2.33772
572.982, -2.77699, 2.6679
637.192, 32.4462, -1.17922
645.818, 13.8899, 1.288
648.187, -4.24577, 1.67436
605.706, -1.69618, -2.62257
629.768, -16.5862, 0.11368
616.997, -14.2552, -0.0784489
564.014, 70.6627, 2.35128
644.829, 28.4403, 3.11511
578.538, -0.737836, -2.82718
578.314, -0.5524, -1.2861
575.874, -52.7224, 2.40515
611.752, 17.0832, 0.907307
621.468, 46.1305, 0.361032
616.164, 45.9059, 0.944119
613.132, 52.8742, 0.0308753
578.443, -0.766368, 1.09628
577.66, -0.345753, -1.60798
617.241, 36.6642, -0.909212
618.723, 39.2684, 3.06731
617.042, 38.1105, 3.01278
576.874, -4.13919, 2.27487
576.634, -3.59163, 2.77866
579.014, -0.729584, -2.47949
578.047, -2.44463, 1.74312
577.157, -3.6165, 1.16616
577.811, -3.16046, -2.47801
576.108, -4.33062, -1.51014
576.107, -4.21292, 0.445427
576.467, -4.32876, 2.06159
576.34, -4.36086, 1.4206
554.593, -12.1719, -1.68081
513.244, -14.1973, -0.72088
574.745, -6.29206, -2.11392
573.237, -8.00646, 1.27801
575.857, -5.60079, 0.471111
572.903, -7.66249, 0.139519
573.272, -6.8495, -2.43836
574.6, -6.25418, 0.255848
574.639, -7.28068, 2.73648
574.229, -6.94711, 1.16321
574.593, -6.98461, 2.77104
573.754, -8.12949, -2.57844
574.404, -6.31941, -0.608202
573.708, -8.16708, -2.76032
572.521, -6.89523, -2.89702
574.167, -8.8178, 1.51107
574.944, -9.38004, 2.60495
571.877, -6.7025, 2.37577
560.403, 1.36919, 1.18138
571.794, -6.7602, -2.03743
567.939, -3.34402, 3.06006
562.678, 48.3265, -1.87233
572.651, 49.2427, 1.69421
563.729, -0.723109, -2.51831
572.439, -6.30161, -1.57421
570.736, -5.05453, -2.6884
565.98, -3.25295, 0.758053
565.308, -2.54519, 3.0431
566.039, -3.40059, -1.18503
564.146, -2.47331, -1.96203
561.323, -1.50129, 1.80818
558.538, -0.269102, -2.10642
561.027, -0.565576, -0.680789
562.178, -1.37259, 1.40441
569.452, -5.90615, -1.23554
569.005, -4.85109, 1.89899
564.311, -1.60918, -2.83626
560.927, -0.195473, -2.99113
563.017, -14.6355, 2.13107
564.156, -13.2804, -1.3292
561.81, -1.2093, -1.62586
566.84, -6.25702, -2.00611
564.814, -2.29625, 1.79506
561.383, -0.466207, 1.58977
563.483, -11.745, -2.81574
562.599, -12.9747, -0.164791
561.756, -0.889115, 1.3263
560.989, -0.251506, 0.364598
561.115, -14.0105, -2.48858
560.015, -0.297389, -2.15497
566.069, -2.81711, 1.34826
566.291, -3.28481, 2.94444
565.422, -2.87746, 3.04094
564.973, -2.0251, 2.24242
564.356, -1.9092, -0.664131
561.367, -0.919399, -2.55692
559.297, 0.179414, 1.13728
563.374, -1.32607, 2.95915
560.308, 0.0320338, -0.944048
564.087, -2.01342, -2.82259
559.01, 0.490944, -0.472094
562.142, -1.10575, 2.37229
561.191, -0.231564, 0.967303
563.347, -1.25695, 0.909808
561.492, -0.476819, -2.21294
560.94, -0.462101, -1.65673
560.311, 0.326961, -2.28772
561.142, 0.0703606, 0.0341502
561.762, -0.616444, 2.34199
562.599, 0.260431, -2.00475
562.501, -0.582916, -2.35064
559.878, -0.00749296, -2.41643
561.524, -0.69885, 0.00279995
560.416, -0.474689, -2.83613
559.993, 0.158746, 0.973224
562.182, -0.857652, -0.168974
560.672, -0.00574803, 1.82231
560.394, 0.62963, 0.683608
560.529, 0.422027, 2.67574
562.272, -0.56624, -1.59037
560.521, 0.796947, -0.0641507
560.673, 0.139829, 2.92508
561.1, 0.0556375, 0.0158112
560.184, 1.46603, -2.89213
559.415, 0.816903, 0.11612
560.072, 1.38077, 2.35008
560.287, 1.55316, -1.27266
560.305, 0.593387, 0.692792
549.777, 3.19869, 2.7162
548.233, 3.37077, 0.710253
559.967, 0.578504, -2.71525
547.418, 5.21209, -2.01325
553.649, -1.061, 1.34689
553.915, -0.474768, -1.5869
560.187, -0.151079, 1.64526
566.178, -2.61389, 1.68146
564.572, -3.03722, -2.90544
564.336, -1.59803, -0.958338
566.542, -3.50954, -0.949352
562.064, -0.570525, 2.18652
562.323, -1.07532, 0.866567
567.725, -6.06464, 0.190697
568.67, -7.19215, 1.38636
561.309, -1.24168, -0.645134
563.856, -2.93891, -0.697496
570.436, -9.68029, -2.91607
567.967, -6.02433, -2.7623
570.025, -9.12256, -2.00007
567.367, -5.47142, 2.94546
568.385, -6.91331, 1.36236
563.053, -0.88213, -2.98166
562.984, -1.60902, -0.358538
566.817, -5.48273, -2.17576
567.297, -5.46355, -2.79801
564.352, -2.9097, -0.493251
570.046, -8.45062, -2.09805
564.677, -3.24863, -1.3556
567.373, -5.07954, 0.551442
564.366, -3.3133, -2.50213
571.29, -10.1545, 0.774407
570.079, -7.88339, -1.23899
565.006, -3.12925, 2.94458
567.265, -5.66688, -2.40123
573.7, -11.8523, -2.50521
573.632, -10.4965, 1.20441
571.573, -9.82326, 1.27546
565.491, -3.95751, -1.00907
570.922, -8.23171, -1.50073
567.538, -4.90328, 1.65927
571.772, -9.96792, -1.38059
573.173, -11.023, 1.79308
572.694, -10.2969, -2.08396
566.804, -4.58477, -1.74892
571.457, -11.6238, -0.564773
572.134, -11.9713, -2.38365
569.375, -8.41368, 2.72837
569.879, -7.95792, -1.89088
572.97, -12.0611, 0.157404
564.844, -9.30587, 1.83431
572.999, -9.57395, -1.68693
572.014, -8.64855, -0.325453
573.368, -10.6538, 1.75487
573.289, -9.21527, -1.25024
564.166, -10.4996, -2.57963
563.064, -11.2764, -0.300742
561.695, -12.6504, 2.03417
563.23, -11.9084, 0.284693
559.374, -15.4677, 2.97449
561.798, -13.4945, 2.87305
561.591, -12.6961, -1.35851
561.328, -14.0251, -2.49739
559.271, -14.6621, 0.414539
564.172, -10.9768, -2.02517
565.083, -8.85531, -0.237346
564.424, -10.3289, 1.50799
564.211, -9.95928, 1.66249
562.908, -12.055, 0.327129
559.723, -15.7141, 2.65882
559.256, -14.4274, 2.25031
563.651, -11.0519, -2.8131
559.931, -15.1585, 0.281954
561.391, -13.3954, 2.40219
561.006, -13.049, -2.83288
560.901, -14.1135, -1.90514
564.58, -10.6258, 1.11345
559.867, -15.6118, 1.66373
561.469, -13.0744, 1.7071
563.622, -11.8349, 0.688964
559.438, -14.65, 0.794413
560.252, -13.2572, 2.42961
558.302, -14.1173, -1.71683
559.522, -14.0887, 0.452789
557.256, -12.4459, 1.51027
559.44, -11.9106, 0.836932
559.071, -14.7196, 2.16144
560.068, -13.3575, -1.57763
557.318, -13.5877, 2.03844
558.759, -13.4211, 1.20222
558.816, -15.1203, 0.055103
560.52, -14.6493, -0.00809079
560.256, -13.5156, -1.07786
560.347, -14.9658, -2.1303
559.148, -12.6102, 1.14289
559.247, -12.8294, 2.91811
556.886, -12.7645, 0.135886
557.772, -12.999, -1.41643
560.204, -14.2033, -2.53585
559.85, -12.9976, 1.66552
560.441, -13.19, -2.32599
556.371, -13.0722, 2.82687
559.578, -14.9577, -2.8132
558.373, -13.4721, 2.17997
557.906, -13.9895, 3.04245
559.382, -14.0097, -2.11819
560.821, -14.7088, 2.52459
560.676, -14.5226, -1.3788
560.747, -14.3988, 0.534226
559.415, -15.6847, -1.83266
562.942, -19.2481, 2.60746
560.819, -16.3937, -1.87305
573.806, -30.6817, -2.98251
561.45, -16.9361, -2.8351
560.358, -15.9516, -1.39786
564.635, -22.1531, 1.86205
561.713, -18.2541, -3.08647
570.338, -29.7912, -2.79391
561.834, -17.7877, 2.53199
565.157, -22.347, 1.66596
562.897, -19.3857, 0.0244967
569.95, -28.8388, -1.44992
563.043, -19.7857, 2.58252
566.389, -25.4142, 2.81857
567.166, -26.3232, -2.98828
574.758, -37.8116, -2.28742
569.612, -30.7742, -1.66786
572.725, -36.3303, 3.05538
570.624, -33.654, -0.657996
571.592, -34.068, -1.17906
563.65, -21.3322, 0.366833
572.254, -35.9881, -0.690118
563.572, -21.3611, -0.631853
574.123, -39.9128, -0.390509
567.658, -28.5137, -0.650103
568.522, -30.4631, -2.02944
572.596, -37.1629, 2.00083
566.476, -26.5051, 2.06546
573.918, -39.4827, 2.56166
569.634, -31.7576, 2.46017
564.847, -22.1124, 1.1174
573.587, -39.7188, 2.56596
564.836, -23.6242, -1.88649
567.962, -29.2555, 2.37772
568.145, -29.1581, 2.10321
563.334, -21.0297, -0.778841
570.586, -33.6934, 0.153657
565.925, -26.5292, -0.613112
568.743, -30.0763, 3.13834
565.575, -20.9943, -0.90188
571.355, -17.9292, -0.765213
575.436, -15.9987, -3.06725
571.89, -34.7391, 0.711679
571.675, -33.6548, -1.38208
574.348, -38.1054, -1.70958
570.225, -32.0056, 2.66742
571.015, -33.4484, -2.80928
574.821, -39.0436, 1.42082
568.987, -29.7778, 0.375711
569.141, -30.2664, 2.40626
572.232, -35.2779, 0.869647
573.71, -37.9369, -2.95999
571.285, -34.2084, 1.17545
569.281, -29.9909, 1.75647
569.775, -31.0808, 1.63885
565.946, -25.3296, -2.85343
568.481, -28.7245, -1.82044
571.746, -35.0704, 1.93943
570.322, -32.2224, -2.1393
569.261, -30.6784, -2.57855
571.596, -34.4884, 1.98586
572.209, -35.0552, 1.35907
571.777, -34.1479, 3.05101
574.233, -38.7415, -2.7279
564.935, -28.5964, -0.658279
574.438, -38.7468, -0.743939
570.608, -33.3506, 1.31885
570.66, -31.8689, 1.60261
570.656, -32.003, 1.41877
570.025, -30.5224, -1.1368
573.767, -36.584, -1.67698
570.69, -32.0581, 2.71059
569.357, -29.8526, 1.34936
573.797, -35.5345, 1.3011
575.168, -37.1827, 2.2009
571.011, -32.6762, 1.37671
575.364, -38.5224, 2.83344
572.779, -35.2877, -1.30339
572.105, -33.0747, 0.203655
573.729, -34.7642, -2.34658
574.97, -36.4485, 2.55955
572.142, -33.8581, 1.38834
569.857, -30.9665, -1.23819
576.28, -37.5884, 2.95698
574.163, -35.3088, -1.58801
575.302, -36.1198, -1.21377
571.581, -33.0536, 2.27141
572.634, -33.9253, -1.01307
572.281, -33.7039, -0.318643
573.064, -33.5426, 1.89057
573.566, -35.6946, -0.287768
575.432, -35.0195, 1.22368
573.866, -35.2087, -0.954097
575.518, -37.5704, 0.756447
573.909, -32.8895, 2.35278
576.083, -31.2986, -0.266903
574.405, -32.5518, 2.85308
576.572, -36.6868, -0.101757
573.884, -33.7752, -2.10219
573.237, -33.2016, 1.37926
576.448, -32.7274, -2.61804
575.766, -37.4743, 2.82603
574.717, -33.221, -3.06934
576.257, -36.5591, -0.952619
575.531, -36.9275, 1.16972
574.533, -35.1867, -0.300587
576.358, -32.7881, -0.695789
575.076, -35.5373, -2.32431
574.495, -35.4789, -2.1375
574.972, -36.2755, 1.27047
575.852, -33.0012, -2.78386
576.198, -36.6434, 0.928848
573.792, -35.4546, -0.257696
576.264, -35.0714, -1.85895
575.911, -35.4484, 3.03823
575.843, -30.4501, 1.14069
574.917, -31.1821, 2.89879
574.32, -34.4144, 0.46002
574.803, -32.6884, -0.654956
575.601, -34.2933, 1.93729
576.735, -33.045, 0.332088
575.923, -33.9396, 2.61209
575.922, -34.207, -0.190307
575.041, -31.7563, 0.564767
577.233, -31.5266, -0.0984516
575.932, -30.4425, -2.35352
574.737, -31.2155, 0.933085
577.284, -31.064, -2.3142
575.259, -30.1071, -0.231751
574.152, -30.733, -2.24717
575.382, -30.9471, -2.02121
572.865, -31.1276, 1.14193
574.097, -30.8143, -0.0667836
575.805, -29.9696, -2.03515
577.883, -28.9427, 3.14025
576.444, -30.9497, 0.982528
576.893, -32.1901, 2.39598
577.893, -29.9854, 1.1359
576.642, -29.7712, 2.34927
584.279, -27.9195, 0.878551
576.628, -29.8505, 0.784198
585.012, -27.509, 0.182602
585.055, -26.8009, -2.81298
587.148, -26.4108, -2.98741
631.113, -59.781, -2.9361
584.782, -26.987, 0.327674
581.256, -26.67, 1.45446
582.604, -26.2284, 0.315019
585.959, -26.5733, -0.0197341
583.47, -25.563, -0.555366
582.699, -27.4986, -0.267184
586.858, -26.5858, -1.99145
582.409, -27.1072, 0.426671
586.347, -30.1047, 1.8411
582.949, -27.3099, 0.0599443
581.99, -27.8371, 0.180449
585.268, -30.4004, -0.0671717
581.885, -27.1275, 1.26608
583.751, -27.1554, 1.50725
587.877, -30.4232, -2.71331
581.275, -26.6564, -1.28096
591.516, -31.5872, 2.52211
581.458, -26.8199, -1.7338
593.349, -33.7054, -0.168952
593.38, -33.8937, -1.30746
582.715, -26.6412, -1.95597
588.46, -24.4441, -2.72872
634.781, -65.1151, 0.815535
587.348, -26.2138, 0.00481198
586.797, -24.5661, -0.421432
585.52, -24.2054, -1.28124
628.443, -49.917, 3.07487
614.423, -44.6073, -1.51726
586.033, -24.7632, 0.987138
587.421, -24.3972, -2.65369
628.582, -59.3942, 0.906695
585.257, -24.8442, 0.300957
621.055, -85.0622, 0.681672
622.801, -90.5334, 0.801374
587.217, -23.982, 2.12535
588.225, -24.1996, 0.809739
636.553, -86.3023, 1.86877
588, -24.3174, -2.16502
621.156, -85.4913, -0.629238
584.488, -85.4093, -2.27134
580.864, -85.3545, 1.1133
608.997, -77.5718, 0.889287
574.522, -97.2062, 1.22054
575.757, -72.2495, 2.92886
574.086, -67.9756, -2.86746
570.368, -85.3992, -0.612543
589.748, -67.1, 3.01376
592.446, -93.8167, 2.16855
587.73, -49.4548, 0.833309
602.285, -102.128, -1.67343
567.022, -93.4168, -0.917305
577.141, -92.0733, -2.2261
594.754, -77.1313, -0.739166
592.411, -72.4451, -0.674867
553.892, -50.2435, 1.48557
573.775, -40.4066, 2.15051
529.272, -78.6138, 2.72798
535.472, -87.5994, -0.236295
595.746, -87.6849, 0.964867
594.743, -79.586, 3.02744
584.397, -89.6708, 1.81941
561.566, -61.6551, 2.88968
580.033, -68.8512, -0.163775
554.989, -68.8477, 2.77182
566.373, -57.8011, 1.03331
535.756, -65.3805, -2.55455
545.428, -60.0038, -1.40151
552.965, -48.5352, -0.912865
537.409, -55.615, 3.09781
542.804, -46.1827, 0.778424
586.057, -29.8156, 1.65681
586.975, -29.7311, -2.4766
586.218, -29.8532, -2.04498
589.016, -29.5538, -1.31771
514.439, -60.1838, -1.31453
594.381, -31.8066, -0.870954
600.945, -28.8386, -0.144094
591.9, -29.7792, -1.68509
595.73, -30.471, -2.1313
606.04, -30.9937, 1.23617
592.675, -29.7916, 0.0196125
592.802, -29.5576, 2.57109
598.195, -30.8323, 2.43248
595.152, -30.6648, -2.50621
593.723, -30.8144, 0.855416
598.885, -30.354, -1.72509
597.275, -30.7088, 0.446852
596.993, -30.0751, -1.73139
607.613, -32.041, 2.07611
607.196, -32.5898, -2.03928
606.528, -32.1407, 0.16837
605.94, -30.3999, -2.07128
596.668, -31.0066, 2.54088
602.181, -29.2742, -0.677433
600.751, -29.313, -1.47348
602.949, -28.9292, 0.0482248
594.834, -30.2487, 1.75286
595.738, -30.1118, 0.543295
601.007, -28.9899, -1.10678
602.043, -28.8911, 2.02434
595.724, -29.7566, -0.0240374
598.115, -30.3174, -0.699729
605.937, -30.0901, 2.65771
598.928, -30.2089, -0.633981
601.323, -29.8527, 0.38077
604.304, -30.1515, 2.67956
602.432, -28.9946, -0.191899
600.035, -29.7418, 2.18964
597.53, -29.86, -2.90583
606.258, -28.6149, -1.01997
598.599, -29.2758, 2.93382
605.989, -28.4996, -2.24083
604.185, -28.6539, -0.134876
600.149, -29.7489, -0.571844
606.416, -29.4702, 1.40927
604.444, -28.8863, -0.640363
602.951, -28.785, -1.20434
599.627, -30.0238, 1.01014
604.573, -29.9043, 2.81375
599.573, -29.9854, -0.678214
604.724, -29.9715, 1.50742
605.38, -29.6653, 0.427734
659.759, 11.7296, -1.92465
631.297, -7.07349, -0.204436
650.328, 8.95349, 0.681555
651.193, 16.6528, -2.90151
639.218, 10.9487, -1.98585
650.354, 22.0695, 1.64771
613.131, -10.5777, -0.390273
649.398, 32.5334, 1.33379
608.725, -17.9148, 2.3247
628.659, 32.5241, 0.680223
617.806, 16.7838, 1.3825
628.663, 40.7578, 2.13746
607.212, -29.4686, 0.450166
604.324, -29.7036, 0.447471
604.413, -29.5842, 1.79724
603.674, -29.7813, 1.05991
605.984, -29.3953, -0.622389
603.909, -29.5394, -2.85947
606.529, -28.9592, -2.92039
605.575, -29.8116, 2.81435
606.661, -28.383, 0.94203
606.063, -29.2057, -0.167482
606.524, -29.0715, 2.61663
605.927, -29.964, -3.06998
606.785, -28.9672, -3.00268
606.681, -29.3427, -0.422784
607.064, -29.029, -2.56822
606.619, -29.3602, 2.59629
606.213, -28.5441, -1.90368
606.498, -29.1905, 1.46516
591.011, -34.268, 1.5798
602.487, -30.2303, -1.31451
552.144, -45.2458, -1.89598
598.816, -30.6398, 2.85897
595.743, -29.2355, -3.0166
582.922, -27.2595, -0.594901
581.483, -26.9105, -2.71314
590.054, -27.4274, -1.74557
580.204, -26.4808, 3.10672
585.742, -27.3989, -0.841484
547.612, 16.1768, -0.434948
574.596, 1.50357, 1.48532
581.807, 4.23795, -2.43171
576.412, 18.9657, -2.81725
587.629, 5.53731, 2.47947
578.511, 27.0989, -0.0840616
584.51, 37.9574, 2.78794
592.052, 28.236, -2.66257
598.17, -28.019, -2.04698
581.523, -22.9284, 2.93592
588.661, -25.4403, -0.18983
601.228, -28.5422, 1.56222
593.637, -27.5111, 1.84046
581.98, -23.2315, 3.11765
588.269, -25.1771, -3.10623
595.059, -27.6909, -2.23572
599.011, -27.511, -2.50062
589.598, -25.8807, 1.62087
584.637, -24.0919, -3.11351
589.078, -26.1852, -0.798409
589.466, -26.0949, -2.40068
587.253, -25.6879, -3.0887
595.512, -26.9418, 2.45383
519.891, -13.0894, -3.11761
593.072, -26.2815, -2.03421
586.311, -23.7331, 0.913507
594.904, -26.6234, 1.58306
552.663, -27.5821, -1.69748
584.332, -22.6818, 1.23354
594.416, -26.1383, 0.803922
525.798, -29.9844, 2.92551
586.542, -23.6177, 2.10328
581.078, -21.7472, 1.85034
592.913, -26.4108, 1.61084
587.839, -23.6661, -0.171857
595.72, -27.6785, 2.1122
582.037, -21.7726, -2.2782
582.942, -21.0363, -2.06609
593.922, -26.8755, -1.43729
587.737, -22.8402, -1.08085
594.869, -26.8906, 1.57053
591.023, -24.7426, -3.05853
588.244, -24.4057, 1.14494
588.867, -24.2047, 0.310098
585.735, -23.3036, 2.06739
592.319, -25.6569, -2.71226
588.084, -23.3062, 1.21511
587.23, -23.4813, -0.143108
590.681, -24.9998, 1.62495
582.962, -20.9311, 0.0680595
590.912, -25.7424, -3.13953
582.686, -20.5691, 0.0969304
592.106, -26.1164, 2.18627
583.45, -20.5248, 1.03918
590.775, -25.7351, -1.56979
553.07, 14.9125, 1.62773
583.616, -20.9237, -1.208
522.28, -13.7683, -1.60572
584.952, -23.1414, 1.4536
544.489, 20.0262, 1.01705
511.589, -12.4833, 0.236956
586.906, -22.8861, 1.25044
581.826, 12.6494, -0.326995
581.828, 27.3313, 2.69837
570.538, -0.00565569, 1.96057
563.411, 21.5266, 0.0815988
568.047, 31.852, -2.65717
583.918, -21.0096, -1.68935
586.148, -20.4287, 0.111891
515.128, 6.22282, 1.46621
582.855, -20.2443, 1.95482
585.692, -21.4885, 1.35337
584.531, -19.945, -2.03622
585.77, -21.2259, -1.07174
523.485, 9.71244, -1.48061
565.208, -13.1336, -1.59225
531.048, 8.69146, -2.63644
519.611, -49.0001, -2.35035
566.856, -18.5786, -0.960664
547.189, -15.7657, 0.932693
527.655, -16.7598, 1.60302
527.491, -15.3276, 2.75466
525.404, -31.8356, 0.330665
510.135, -2.4983, -0.318377
573.59, -24.8215, -1.20273
585.983, -19.5632, 0.0413205
587.921, -18.067, 2.17065
512.665, -47.6461, -2.37867
583.618, -19.3249, -0.159744
585.911, -21.0751, -1.37302
583.301, -22.1153, 2.04715
584.276, -21.076, -1.79291
552.305, -83.0714, 2.18508
567.492, -90.0346, -2.5883
536.316, -87.1076, 0.666976
547.783, -84.5621, 1.87651
565.473, -76.099, -0.478337
572.568, -58.8752, 3.00718
520.351, -58.5584, -0.31974
533.734, -63.5307, -0.537405
582.802, -20.4096, -1.07384
529.029, -72.6727, -0.405779
583.75, -19.8433, 0.69307
582.008, -20.1504, -1.5286
582.198, -20.0496, 0.577272
534.849, -74.2448, -2.56142
579.993, -21.3042, 2.00878
576.245, -23.487, 2.59221
579.442, -21.3472, 2.3663
576.811, -24.0784, -1.80658
576.323, -25.9243, 0.353001
579.049, -22.9891, -2.05475
575.383, -25.2308, -0.267484
576.889, -22.9513, -0.552812
579.123, -24.8792, 0.565674
576.521, -27.6406, -0.877214
577.224, -22.5654, 0.526814
577.763, -21.5721, -1.28571
595.566, -63.6468, 0.639374
604.753, -85.0421, 0.85904
580.714, -59.6044, 1.37863
608.554, -81.1521, -1.87103
624.801, -86.77, 1.35247
612.473, -89.9256, -2.48235
604.217, -51.5484, -2.94541
576.106, -27.8886, -0.939481
577.734, -22.7042, -1.16718
576.718, -26.6129, -1.66126
574.981, -23.9754, 1.19987
574.267, -22.4368, 2.64343
576.233, -28.7015, -0.591567
576.625, -26.0128, -2.3522
575.643, -23.6172, 0.209315
579.099, -23.2555, -0.210688
578.703, -23.0187, -1.44266
576.68, -23.2654, 1.49998
575.17, -22.6394, 0.857381
578.167, -22.9268, -1.56684
576.118, -23.7916, 1.22642
576.508, -23.9426, -1.00723
576.253, -24.7609, -2.02806
576.008, -23.0318, 0.361678
575.492, -23.7287, 1.65624
575.385, -23.0068, -0.388452
567.944, -11.2481, 0.708724
560.718, -0.260063, 0.0267866
564.166, -5.06784, 3.02257
565.789, -10.9438, 0.0270739
572.675, -20.7239, 1.8851
572.814, -20.8157, -3.00157
571.093, -18.7492, -2.09173
561.548, -5.75084, 1.78309
569.456, -16.2155, 2.41325
571.31, -18.3328, 0.379114
569.035, -16.1594, -2.33096
568.654, -15.0277, -1.75472
571.567, -19.7114, -2.48801
562.087, -5.30375, 1.21755
568.422, -15.2096, -1.33032
559.994, -2.9212, 1.45447
565.33, -10.4226, -1.1373
569.386, -16.5379, -2.91979
571.95, -19.422, -2.70198
568.722, -15.0173, 0.613082
561.932, -4.47705, 1.23192
570.265, -17.2765, -2.29138
563.83, -5.75629, -1.21996
562.898, -4.49774, -2.91996
569.612, -16.9727, -2.71779
563.926, -8.21638, 2.14528
565.678, -10.7668, -1.45161
564.057, -7.32889, -1.46086
565.61, -7.9525, -1.38671
563.445, -2.28478, 0.8913
567.375, -19.2589, 2.39622
567.099, -18.218, 0.550088
568.041, -18.1111, 1.9174
567.341, -17.5104, -0.993486
565.298, -19.5286, 0.544678
561.94, -19.9644, -0.587312
567.302, -18.3077, 2.79321
567.021, -18.9584, -0.748424
563.02, -19.4453, -2.55493
563.686, -19.2201, -2.14343
562.145, -18.6085, -0.745334
562.666, -18.7736, -2.88423
562.237, -19.2357, -1.7497
564.157, -18.7926, 0.503013
564.136, -18.9117, -1.29534
563.561, -19.4504, 2.51201
562.4, -19.4065, 2.11735
564.126, -18.9882, -1.58815
564.321, -18.6141, -2.14185
562.343, -18.7878, -1.84568
562.284, -19.4809, -0.438329
562.274, -20.3132, -1.30807
560.167, -16.3793, 2.70069
562.751, -20.415, -2.83742
562.714, -19.5157, 1.25097
562.544, -21.0597, 2.76392
562.497, -20.802, -1.62666
562.568, -20.9344, 0.373053
562.212, -20.148, -0.793171
562.27, -19.9089, 1.82895
562.259, -20.8475, 2.10845
562.586, -20.3162, -2.46997
563.431, -11.8613, 0.726079
562.607, -10.7038, -1.45816
562.834, -13.647, 0.59144
561.918, -18.3833, -0.420052
562.098, -16.5163, 1.81818
563.256, -19.3052, -2.21401
561.166, -10.2825, 1.46414
562.237, -19.9449, 0.295038
562.323, -17.6993, 1.71945
561.881, -12.0798, 1.81081
561.617, -14.8409, -3.00083
562.353, -15.9926, -1.65499
562.604, -19.1593, -2.73293
560.115, -9.81559, -0.966088
561.932, -18.503, -1.36888
560.393, -10.9148, 0.820895
561.509, -12.504, 1.23299
561.401, -11.2217, 2.66284
561.749, -16.2606, -1.98204
562.074, -14.1022, 2.94851
560.588, -9.6179, 0.411804
561.611, -15.9084, 2.1054
560.412, -9.51608, -0.0622098
560.622, -10.2704, 0.489586
558.745, -16.4016, -0.662425
560.595, -9.8505, 1.52482
559.001, -16.3409, -1.62866
521.051, -63.4489, 1.41945
512.226, -78.6025, -1.81358
559.932, -16.2173, 0.488137
517.94, -76.3851, 0.766086
519.827, -77.8321, -1.45759
557.344, -15.6388, -0.79941
558.375, -16.1246, 0.182174
555.715, -15.4871, -1.69557
555.948, -15.6402, -0.821964
557.679, -15.4271, -0.640366
557.073, -15.3163, 0.1595
557.384, -14.3908, 0.507751
556.801, -11.9482, 1.66245
555.27, -15.1338, 2.09582
555.351, -15.5767, -1.2354
557.443, -13.9044, 2.39432
555.59, -15.3344, 0.23431
556.343, -15.7044, -1.89236
555.274, -15.3828, 0.783335
555.591, -15.5168, 1.18251
555.67, -15.6147, 2.79063
556.048, -16.098, 2.55439
512.178, -65.2124, -0.900806
554.89, -14.8285, -2.78098
556.319, -15.6628, 2.16616
556.387, -15.4525, 1.71179
515.511, -79.817, 1.89537
555.426, -14.9942, -1.39056
555.387, -15.4554, -2.58647
573.516, 57.2437, -0.797704
576.477, 54.1246, -0.237342
577.318, 49.0326, -1.12205
555.082, -14.4662, -0.0512633
555.402, -15.4037, 1.23552
555.675, -14.7562, 2.85808
554.823, -15.0118, -1.2711
557.403, -16.3358, -0.538217
579.824, 49.7482, -1.272
555.451, -15.1447, 0.720809
556.066, -16.2695, -1.51901
558.422, -16.7221, -1.31704
555.564, -15.1938, -2.48181
559.112, -16.5092, -1.87804
562.522, -15.3249, 3.10091
562.645, -15.1785, 1.67744
562.123, -14.9244, -1.5099
563.093, -15.4523, 3.01584
557.793, -15.0437, -2.37838
561.343, -15.8138, 0.0222145
563.082, -15.827, 0.995352
562.857, -15.7098, -0.438228
562.793, -16.906, 2.9124
559.481, -16.359, -2.64201
557.765, -14.9675, -1.07386
562.247, -16.4559, 2.61555
557.823, -13.9957, 2.26767
557.624, -13.7941, 1.74631
557.655, -14.2545, -0.584106
557.81, -13.5382, 2.3721
557.73, -13.2758, -0.18959
557.921, -11.5281, -2.6768
557.62, -13.42, -1.43765
557.779, -11.3446, 2.73603
557.996, -11.6722, -1.82339
558.095, -11.3352, -2.01451
495.132, 32.0091, -2.90551
538.765, 0.581782, -2.99266
506.682, -14.3626, 0.683221
503.517, -9.87033, -2.736
557.645, -11.4556, 0.905517
558.124, -11.3802, -0.0927423
559.834, -11.3124, 1.26008
587.204, -38.1787, -0.925372
562.52, -10.5359, -2.79584
562.413, -11.1777, 1.35783
561.383, -10.6221, 1.14605
560.705, -10.8865, -2.79291
562.722, -9.64397, 0.888399
563.902, -10.3086, -1.53207
563.391, -10.4319, -0.344494
563.034, -9.82917, -2.85594
560.627, -10.6406, 1.65016
563.079, -10.3806, 1.12165
561.188, -10.3514, 1.02669
562.295, -10.3883, -1.99459
561.787, -5.02978, -0.84738
563.125, -13.068, -2.19268
562.615, -12.3819, -2.17946
564.02, -12.9981, -1.30719
549.793, -30.3728, -2.47741
522.467, -66.9794, 2.46805
519.492, -73.6471, -0.880678
526.204, -47.96, 1.35502
563.131, -12.3212, -2.61845
564.782, -19.105, -2.60091
563.732, -13.5656, 0.427626
564.021, -16.825, -0.930304
564.413, -16.3598, 3.03413
564.73, -19.1066, 2.17135
564.283, -13.3856, 3.0322
564.682, -19.8372, -1.07074
563.58, -12.6821, 1.04305
564.2, -17.1955, -1.26971
502.031, -48.566, -1.81424
565.02, -21.2295, -0.00415356
564.477, -20.8043, -2.58225
564.56, -18.3779, -0.968476
564.203, -15.6325, -1.73221
564.52, -19.0036, -0.196931
564.275, -17.8936, 0.894488
564.56, -18.7458, -0.130054
565.633, -20.1415, 0.818701
563.038, -16.8609, -1.6566
541.555, -53.7382, -2.95461
565.942, -20.7636, 3.03973
565.683, -20.532, -3.05098
565.163, -20.3685, 2.9018
563.735, -16.322, 0.209922
564.046, -14.0258, -0.0616297
561.631, -12.1697, -2.86152
561.871, -11.3735, 0.484234
615.552, 26.133, 0.10987
563.665, -13.6836, -2.98474
635.294, 5.11018, -2.21882
564.547, -13.1763, 0.238342
564.094, -13.1841, 1.28512
602.948, 41.251, -0.939443
573.96, -3.7108, 2.95086
627.031, 24.0412, -1.0341
610.03, 14.335, -0.26197
603.945, 2.12126, 0.220822
564.068, -9.65263, -3.04463
564.747, -13.6609, 3.05026
565.031, -10.1155, -3.03206
565.058, -10.8759, 2.61596
564.8, -12.2724, -3.00476
564.929, -11.9388, -1.64309
563.489, -9.70269, 0.746222
537.208, 11.5208, -2.84827
503.217, 36.2638, 1.71436
506.579, 28.9126, -2.25011
564.445, -10.3262, 1.09023
495.566, -4.61865, -1.2077
525.824, -9.73552, 0.033323
512.857, -24.3892, -2.48907
501.361, -27.5672, -0.846914
487.113, -38.3043, 0.951806
563.041, -9.80329, 2.80718
562.934, -10.6357, 3.04729
563.366, -4.81512, 1.49988
563.561, -3.5626, 2.17733
562.983, -8.14381, 2.89165
563.498, -6.96457, -0.619792
596.4, 48.1911, 2.57648
570.969, 4.0766, -3.04985
596.793, 30.6493, 0.202656
624.392, 44.3273, 2.93099
623.449, 20.4437, 1.04281
592.41, 3.43607, 2.48566
609.682, -6.87046, 1.84195
563.407, -4.26476, 0.20868
562.894, -5.08827, -2.78736
563.68, -3.74064, 1.08542
527.145, 7.06435, 1.42333
493.573, 8.62494, 0.374374
562.673, -4.13025, 1.21021
562.963, -1.3888, -2.99428
562.36, -3.75506, -1.60534
562.667, -3.9035, -2.58327
563.203, -2.62807, -0.635036
562.476, -2.51326, 2.6837
562.514, -2.75797, 1.481
562.771, -2.38382, 1.73635
564.413, -0.706224, -0.382185
564.642, -0.166492, -2.1139
563.26, -2.56197, 2.03273
562.603, -2.79209, 0.101071
505.193, 33.9216, 0.466413
564.424, -0.309435, -0.565192
563.259, -1.90422, 1.1023
567.363, 52.3924, 2.43303
555.613, 51.77, -0.630647
502.934, 51.7677, -1.45178
501.775, 32.42, 3.08651
500.306, 48.9046, -2.77371
563.206, -1.26326, -2.94305
530.199, 56.3154, 0.9764
526.166, 55.5952, -1.02808
513.561, 62.3192, 2.40214
565.622, 0.305659, 2.26225
610.859, -54.3812, 1.35933
574.032, 0.740358, 1.99577
565.164, 0.880373, -2.52185
572.564, 1.78958, 0.147059
564.942, 1.34052, -0.509067
564.291, 0.102245, -0.868769
570.489, 0.661799, 1.59468
566.491, 0.678609, -2.65363
569.934, 1.3911, -2.61593
565.851, 1.93649, 0.308803
573.223, 1.43204, 1.71809
573.241, 1.07847, 0.0948979
552.619, 17.8695, -0.375402
567.524, 1.74741, 1.70809
563.64, 3.88883, -2.5863
564.683, 4.05856, 2.25451
564.826, 2.93385, 2.38506
562.282, 4.72253, -0.182168
565.165, 2.63866, 2.49435
563.6, 3.74091, -0.430918
563.537, 3.89931, -1.09908
563.611, 3.18065, -1.49582
562.871, 2.943, -1.08803
564.888, 3.62629, -2.01117
564.06, 3.55271, -0.563314
563.594, 3.9157, 2.64487
563.052, 2.72067, 1.05905
564.644, 4.13371, 0.00849155
562.768, 4.4251, 2.22721
523.293, 70.7796, 2.18198
563.035, 3.12644, 2.24823
562.179, 3.731, 1.94319
562.905, 3.0918, -0.481527
558.08, 5.67409, 1.23283
563.826, 3.33279, 2.18024
511.62, -22.9002, 3.04375
490.824, -27.5619, 0.125894
490.668, -16.648, 2.34084
567.505, -0.16331, -1.06615
567.976, 0.858501, -0.0231951
564.977, 3.01006, 2.9436
563.668, 2.93853, 2.25953
568.842, 0.205139, -2.63066
569.082, -0.105276, -1.37728
563.37, 2.60773, -1.50061
564.762, 3.835, 1.8623
563.872, 2.48669, -3.11235
584.345, -67.2354, 0.533054
574.094, -73.0306, 2.61858
550.241, -71.0123, -0.599021
531.647, -71.6119, -0.353198
568.575, -0.523502, -2.62113
565.498, -0.443885, -2.55176
570.405, -1.13351, 1.11066
569.247, -0.250669, 0.553583
567.627, 0.330578, -2.26767
566.656, -0.0214102, 3.06316
565.794, 0.476367, 1.11187
571.075, -0.110123, 3.0916
568.05, 0.527874, 2.33585
570.304, -0.457985, -1.28979
570.623, -0.216063, 0.123555
568.886, -0.301531, -0.749669
569.269, 0.0338547, -0.847191
572.6, -0.514573, 2.13984
573.233, -0.496874, 2.46614
568.174, 0.396534, -0.870889
570.687, 0.10202, -0.892531
572.453, -0.0513219, -1.70674
569.658, -0.306666, -2.52834
571.349, 0.0108382, -1.80717
573.271, -0.660918, -2.31447
569.351, -0.257599, 2.10826
570.922, -0.0179176, -2.26559
573.596, -0.646698, 1.82099
571.116, -0.62373, 0.782667
572.086, 0.0597712, 1.0602
572.717, -0.637904, -0.0979521
571.638, -0.309588, -0.958156
572.875, -0.876763, -2.10021
572.649, -1.35689, -2.87753
570.772, -0.432604, -1.28564
569.733, -0.0265034, -0.43419
571.551, -0.318896, 2.45662
571.424, -0.565682, 0.326544
573.258, -0.926447, -2.5144
571.579, -0.302215, 1.55294
572.577, -0.570387, -1.83441
572.271, -0.222772, 3.08736
571.693, -0.443179, 2.23528
577.043, -5.35928, 1.46083
576.382, -4.83184, 0.452642
573.617, -2.18676, -2.67263
575.545, -4.84421, -2.15559
573.902, -2.88371, -0.194453
574.494, -3.26295, -0.28295
573.962, -3.56815, -1.48948
575.107, -6.35976, 2.44917
574.343, -4.14273, 1.90594
574.247, -5.67993, 1.78283
573.907, -3.89188, -1.50128
573.486, -16.9286, 1.57508
573.637, -7.1205, -2.89197
569.543, -28.2289, -2.08333
577.393, -6.67, -2.48256
575.51, -3.47258, -0.220705
573.286, -29.0162, -0.696176
575.466, -4.79817, 0.656045
573.462, -12.549, 0.138126
574.824, -3.6997, 0.92217
574.37, -3.02962, 2.94403
573.59, -28.0726, 1.32025
575.498, -4.47571, 2.6795
575.222, -15.2609, 2.90032
574.761, -5.08504, -1.32236
573.28, -20.6082, -1.10949
573.088, -29.9606, -3.0974
576.868, -5.6858, -2.47327
573.269, -4.53951, -0.00985916
573.428, -2.89899, 2.20861
574.545, -4.8927, 1.26934
574.108, -3.27643, -0.897794
573.579, -4.78249, -3.09478
577.264, -5.10896, 1.65106
582.557, -12.8179, 1.99551
578.191, -6.58611, 0.226354
574.497, -3.99802, 1.48744
575.082, -4.4599, -2.70533
575.729, -4.15695, -1.20017
577.273, -4.09442, 0.0259673
577.496, -6.35281, -0.221684
577.649, -3.62263, 0.724423
576.6, -6.12988, 0.696396
576.733, -4.02414, -1.46026
576.822, -5.47416, 1.09504
576.385, -5.83015, 2.41524
647.523, 26.6485, -1.73783
576.819, -5.14199, -0.438703
577.082, -4.23542, 0.975963
577.43, -5.97865, 1.04957
577.19, -6.12907, -0.599999
579.585, -5.84735, 1.43994
583.991, -5.09494, 2.64842
581.07, -5.11385, 0.364098
579.507, -5.8991, -2.11955
586.85, -5.06643, 1.15402
580.493, -5.38345, -3.02381
580.54, -5.64463, 0.554706
586.939, -6.33227, -1.96318
583.468, -5.60969, -0.927147
586.215, -5.98182, 2.88777
585.249, -6.39249, -1.26405
582.576, -6.0542, -2.51609
579.687, -5.52506, 1.85428
583.576, -5.67345, 1.77342
586.372, -5.97918, -2.96877
580.234, -6.03036, -3.05592
581.982, -5.92044, 1.21356
581.236, -6.16388, 1.59636
585.066, -5.82248, -2.53503
584.42, -5.34205, 0.548636
585.328, -5.2761, -2.40599
586.387, -5.40283, 1.38615
585.266, -5.87674, 0.167166
586.219, -5.22947, 2.90353
584.09, -6.01502, 1.82077
584.421, -5.79371, 0.930054
585.469, -5.77538, 2.42286
583.999, -5.89062, -2.85788
586.683, -6.42962, -1.32752
586.432, -4.86983, -0.646847
586.348, -4.7885, -1.63435
586.846, -6.59473, -0.63448
586.173, -4.67135, -2.5992
585.96, -5.34331, -2.98823
586.437, -7.58433, 2.59513
586.52, -5.61921, -2.01217
586.241, -8.46697, -2.5716
585.546, -11.7622, -2.96045
586.744, -11.6638, -1.46237
586.425, -6.81524, 1.31997
586.588, -10.325, 0.848749
586.579, -9.3435, 1.7411
586.511, -9.94632, 2.36634
587.376, -12.6793, -2.1415
587.215, -12.0589, 0.633255
587.154, -8.12518, 0.396747
586.904, -10.3158, 2.38753
588.101, -13.9235, -2.3012
587.222, -12.1427, -2.40182
587.455, -10.5264, -0.831723
587.792, -12.1075, -1.71824
587.272, -10.9382, 1.87548
587.464, -10.4456, -3.07966
588.084, -13.7393, 2.87422
588.713, -10.8669, 1.27262
589.9, -10.6097, -2.41964
587.754, -10.9461, -1.6319
587.82, -10.7801, -0.0182719
588.046, -11.753, -1.31905
587.766, -11.3153, 0.11817
587.669, -13.2508, -0.113271
587.896, -12.8778, -3.11659
587.773, -13.1956, 1.58773
587.783, -13.9157, 0.209211
586.054, -13.5762, -1.69115
582.156, -14.5002, 0.207309
580.286, -14.8773, -0.0476459
580.503, -15.3639, -1.98208
583.021, -15.2055, 2.73419
576.699, -17.3689, -0.437484
581.382, -16.1149, -1.81373
578.368, -17.2735, 0.729213
576.64, -18.0385, -0.431025
582.8, -15.476, 1.77962
578.426, -17.5806, 1.5149
583.954, -14.9968, -1.90291
580.012, -16.7438, 2.22295
580.558, -16.1588, 2.53037
577.341, -17.8566, -0.716322
582.754, -15.7235, -2.32086
580.234, -16.7988, 0.233469
582.348, -15.4983, 2.84296
578.518, -17.2772, 0.961553
578.067, -17.3254, 3.06583
577.201, -17.7102, -1.56955
582.202, -15.7873, 0.918491
578.42, -16.8262, -1.59202
580.088, -16.5997, 1.63989
580.438, -16.3268, -2.6141
580.289, -16.4129, -0.120119
578.846, -16.7904, 2.42865
578.752, -16.8404, 0.274939
577.846, -16.9898, 1.01983
580.08, -16.8226, -0.206789
580.108, -16.257, 0.089048
577.225, -17.1133, 1.6537
579.681, -16.4699, 1.72737
576.136, -17.373, -2.01845
576.106, -17.802, -1.9223
578.952, -16.8277, 0.183031
576.479, -17.5428, 0.00869719
578.006, -17.4326, -1.23055
575.813, -17.553, -0.106602
577.114, -17.4054, -3.1069
577.614, -17.2327, -2.02111
575.973, -18.2012, 0.862283
577.125, -17.7004, 1.75595
576.121, -18.5396, 1.07251
575.492, -16.83, -1.77999
575.411, -16.3851, -2.02158
576.375, -19.1502, 1.93985
577.348, -23.4826, -0.557286
577.168, -22.0076, -0.994955
581.368, -33.2735, -3.07496
580.724, -33.1554, -3.10865
577.277, -21.5015, -1.26508
577.615, -21.8964, 2.66583
577.502, -23.2824, 2.83858
579.567, -34.7848, -1.10522
577.826, -27.9663, -0.751314
576.451, -20.42, 0.0637621
579.927, -36.7163, -2.59766
578.687, -33.7411, 0.143116
576.513, -19.7939, 0.369432
578.221, -31.8861, -2.87031
576.827, -21.169, 2.30694
577.395, -30.1697, -1.74563
575.951, -33.8235, -2.27469
572.737, -31.7897, -1.00392
566.891, -34.2237, -2.2599
574.526, -21.3, 0.537155
582.834, -36.0636, 2.59285
573.909, -13.2239, -1.55207
574.461, -14.7497, -2.36964
575.873, -19.0516, -0.913208
573.961, -8.67271, -1.95628
576.107, -15.949, -0.807683
575.96, -16.0021, 0.722821
575.728, -12.2623, -0.191728
575.932, -15.0948, -0.79371
575.858, -6.59837, 0.474411
575.863, -13.8991, 1.3796
576.43, -13.5643, 2.71536
576.541, -3.59297, 1.22045
575.964, -16.7927, -0.906489
576.471, -9.13029, -0.753528
589.519, -16.6272, 2.59526
579.269, -17.4529, 2.28565
576.291, -7.88939, -2.16064
582.064, -17.0275, -1.97964
581.546, -16.5285, -0.569591
588.011, -15.1389, -0.0249773
587.401, -15.2254, 1.84158
586.37, -14.9719, -1.41712
584.855, -15.289, -3.05351
584.571, -15.4312, 2.48661
586.557, -14.5516, 2.21711
580.569, -16.5861, 1.09307
585.748, -14.9153, -0.45411
582.888, -15.4019, -1.47154
580.579, -16.714, -1.17392
585.515, -14.7118, 1.62553
586.05, -14.44, 2.46366
586.088, -14.3405, 1.88979
587.796, -14.0941, -2.12021
588.537, -14.1009, -0.424995
584.031, -15.3814, -2.98277
586.314, -14.5538, -2.7407
588.328, -14.0363, 0.0335891
587.829, -13.7304, 0.176606
588.437, -13.5724, -1.38738
583.777, -15.0535, -1.20325
586.1, -14.4076, 3.06073
586.596, -14.571, 1.70342
583.395, -15.1198, 1.64029
588.672, -13.0173, -0.954363
585.532, -14.5355, -1.12137
586.488, -14.445, 2.74375
587.224, -13.8454, -1.46226
588.171, -12.9137, 0.0257954
587.517, -13.6064, -2.78975
586.242, -13.8675, -2.26043
585.465, -14.2645, 0.841274
585.84, -14.5239, -2.21354
587.86, -13.5663, -1.74791
588.363, -13.7181, 1.71158
587.031, -13.6072, 1.69764
587.45, -13.6107, -2.275
587.549, -13.2373, -2.40483
589.246, -10.0891, -1.5301
587.946, -12.0652, -2.34188
587.361, -10.5557, -1.64423
584.742, -2.89093, -2.27295
588.396, -12.949, 0.815497
584.608, -2.95421, -0.797109
586.393, -7.95399, -0.250941
586.455, -6.57814, 0.871711
588.87, -11.0364, -2.11238
588.873, -11.197, 2.52796
581.43, 4.0561, -0.0573847
581.469, 0.875583, -0.479923
594.49, -8.93559, 3.08462
589.897, -10.19, 0.254232
589.885, -10.3135, 1.36098
590.032, -10.1721, -0.0533287
590.182, -10.343, -2.36626
593.717, -8.86232, 0.211798
593.493, -8.23268, -3.06939
593.08, -8.12859, -1.51889
610.446, 48.264, -0.719725
607.947, 53.0845, -3.05788
594.817, -4.65844, 0.10651
594.011, -7.51928, -2.13043
593.971, -6.54149, 0.663573
594.017, -8.61923, -2.79426
593.098, -8.90731, -1.16059
592.098, -7.89297, 0.308761
591.793, -7.2468, -0.197815
593.043, -6.5042, 0.701502
593.614, -7.74291, 1.40077
592.741, -6.78269, 0.0536518
600.584, -10.6948, 0.161863
598.307, 0.780712, -1.43091
593.549, -8.48328, 2.15693
594.435, -4.80603, 1.11502
598.725, -10.5992, 0.509376
597.193, -9.5121, -2.75353
597.187, -9.47406, -1.92517
598.221, -11.0916, 2.00663
652.462, -60.3688, -0.482137
654.183, -56.131, 0.831209
619.401, -27.8596, 2.78913
653.06, -57.19, 0.278992
635.507, -40.5806, 0.316872
646.99, -49.0115, -2.03437
630.306, -37.3342, 1.89748
653.361, -58.6861, 0.390592
656.961, -55.2727, 0.234887
654.846, -56.8783, -0.617698
641.141, -48.3743, -1.69665
616.86, -25.7787, -0.484957
655.326, -61.0083, 1.94875
635.671, -43.089, -2.89819
649.765, -64.7374, -0.418785
641.64, -67.7177, 2.0689
599.477, -9.50621, 1.76455
600.302, -8.69255, 0.917852
599.755, -9.25662, 0.63185
599.987, -8.37188, 0.0951725
600.485, -7.18317, 2.2242
599.68, -8.85518, 0.231564
600.47, -7.49879, 2.7317
600.857, -8.12395, 2.19353
600.444, -7.35403, 3.04921
600.002, -7.39992, -0.493137
599.315, -6.39011, -0.677939
671.927, 7.5497, -0.900604
600.027, -7.74358, -2.17426
606.473, 66.409, -0.776915
600.154, 66.7997, 1.97534
609.049, 62.2031, -1.08969
609.298, 72.0078, -1.72673
600.364, 51.8019, -1.35174
655.837, 10.7656, -2.45619
663.469, 31.186, -2.30169
600.54, -8.5941, 2.25386
598.645, -9.82183, 1.36228
600.066, -9.02149, -2.11379
600.494, -9.89356, -1.85031
599.542, -9.73408, 1.01392
596.85, -10.052, -0.855905
599.419, -9.66347, 1.79432
597.753, -11.7308, 2.94373
597.853, -10.264, 2.90219
599.573, -9.8913, 1.95513
598.709, -9.97259, 1.88065
599.508, -10.1832, 0.72136
647.913, -74.9065, -1.73914
631.419, -72.4301, -2.66398
620.54, -85.1676, -3.04331
594.123, -4.68503, 2.43163
622.163, -70.9135, -2.43816
598.407, -9.63446, 1.07268
598.026, -10.1531, 0.0527593
598.428, -10.4254, 0.0794637
595.803, -8.50039, -2.14426
591.913, -7.03573, 0.795933
596.017, -9.47749, -2.10634
595.946, -9.86175, -2.35842
597.966, -11.8224, -2.97816
591.384, -6.9397, 2.82248
599.146, -10.3602, -0.179335
599.259, -14.0367, 1.69365
598.211, -12.7534, 0.916394
622.719, -53.2993, 0.363001
628.942, -63.5346, -1.72041
635.707, -57.8982, 3.0978
633.971, -73.0822, 2.43566
639.959, -78.317, -1.12031
637.909, -62.7695, 3.04176
644.987, -75.8957, 0.246319
641.215, -78.1118, 2.54633
636.758, -69.0519, -2.67931
645.002, -68.314, 2.9629
605.417, -21.5164, 1.9296
635.692, -46.8647, -2.98973
642.394, -50.0242, 2.70476
654.836, -72.55, -0.222632
633.752, -47.2761, 2.12733
633.188, -58.4134, 0.108208
623.572, -66.0377, -2.54209
628.818, -78.9885, 2.17254
632.679, -57.1624, -2.46856
605.723, -42.2739, 1.62675
659.237, -50.3796, -0.406341
615.015, -86.012, 2.57772
601.519, -42.7365, -0.413602
603.335, -15.0804, -1.97462
657.467, -54.5661, -0.639899
657.925, -61.5776, -0.650951
602.786, -15.6348, 3.09483
654.459, -74.7734, 1.45938
641.458, -62.0851, -2.26595
619.417, -52.238, 2.51022
678.324, -16.8923, 0.123306
624.653, -65.2514, 0.574475
635.054, -86.9557, 2.41261
619.527, -50.5987, -0.160925
635.676, -71.9909, -0.484923
632.976, -57.5753, -0.00064107
602.427, -16.6452, 0.148798
599.002, -13.2504, 2.20008
601.724, -14.9306, 2.6997
599.229, -12.8123, 1.38464
601.88, -14.8393, 2.61796
602.319, -15.3236, 0.471347
601.898, -14.8466, -2.52653
601.883, -14.9052, 1.341
598.882, -13.6747, 1.3038
601.466, -14.845, 0.325199
521.462, -25.01, -1.40366
535.254, -23.38, -1.3084
560.325, -28.934, -0.183283
580.047, 35.1771, 0.859133
570.056, 41.3767, 1.14106
536.991, -37.457, 0.358611
592.976, 47.1792, -0.348146
570.358, -72.488, -2.46793
546.088, -61.8765, 1.70706
587.045, -28.138, -2.84659
569.065, -62.6612, -1.29248
612.728, 14.3077, 2.67953
598.627, -11.6306, 0.982108
597.34, -8.46155, -2.68661
597.822, -8.89352, 2.33721
598.705, -13.147, -2.13393
597.579, -10.5149, -2.92486
597.772, -8.35652, 2.16614
597.894, -7.2357, -2.61139
599.095, -8.19139, -0.106554
598.957, -8.2956, -0.314933
599.385, -10.0677, 0.0279916
600.6, -9.28275, 0.948058
599.336, -12.5699, -1.18286
598.886, -10.1633, 1.15248
598.616, -9.74215, -0.430484
598.999, -11.5701, 1.89821
598.405, -9.39859, -2.19008
599.179, -10.1146, 2.68261
599.359, -8.59708, 0.515846
598.299, -10.0085, 1.7995
599.101, -11.6792, 1.45701
598.197, -9.64704, 1.72115
598.382, -8.96028, 0.997144
598.217, -7.84945, 2.73836
598.362, -9.57674, 0.38779
599.255, -10.5873, 1.55466
597.707, -7.23479, -2.74338
598.744, -11.5507, -1.60768
598.247, -10.7037, 0.729371
598.302, -9.37673, 1.75722
600.228, -9.828, -0.981288
598.491, -8.56547, 0.446246
597.022, -6.9596, -2.3582
598.295, -8.8846, 0.0635994
597.721, -7.15946, 0.000837387
596.48, -5.7937, -0.412823
595.763, -3.39362, 2.52159
542.386, -7.11985, 1.6067
544.76, -23.6675, -0.934047
595.301, -2.84781, -2.78988
596.406, -4.59533, 0.750308
596.501, -4.70189, -2.45205
596.94, -5.55841, 2.54595
596.521, -3.22354, 1.64205
597.576, -7.12154, 2.30052
596.733, -4.62065, 1.53514
596.811, -5.06245, 2.02678
596.706, -3.6565, -0.111055
595.209, -5.37744, -1.3193
556.625, -6.28927, -1.02451
599.057, -2.65879, 2.38072
596.805, -3.16659, -1.24612
597.609, -4.69569, -2.87409
598.233, -4.45625, -1.49317
598.194, -4.67562, 2.56802
596.427, -3.08999, -0.138465
596.787, -3.25393, -1.30454
634.465, 12.7667, -0.627425
672.335, 27.6395, -1.12141
598.364, -2.83264, 2.29249
668.146, 12.9955, 1.84501
653.867, -43.1176, 1.16368
618.768, -4.42495, -0.183639
674.734, 16.5868, -2.49061
678.741, -7.80006, -1.78696
646.865, -15.1334, -3.01289
648.613, -24.5123, 3.12362
599.711, 0.228998, -2.17058
601.214, 1.60052, 3.10851
530.598, 30.1668, -1.15436
556.235, 16.6774, 2.33887
550.382, 15.0941, 2.47792
577.453, 2.66167, 1.98478
652.867, 47.9673, -2.73863
647.641, 33.5682, 0.363181
645.816, -13.0675, -2.97748
668.504, 35.0977, 0.636991
652.117, 20.7972, -1.58378
625.174, 7.90277, 2.05415
651.724, 12.9983, -2.77204
622.728, 8.68932, -2.03749
633.994, 16.6245, -2.37114
668.069, 44.0898, -1.76127
609.726, 4.42587, -1.58496
647.747, 22.3247, -2.07215
665.794, 25.9584, 1.46772
664.839, 1.57247, -0.284227
586.612, -76.8159, -3.09299
624.711, -44.5452, 2.31672
598.206, -36.3405, -0.51448
607.351, -36.8432, -1.9852
596.361, -6.96943, 0.604938
596.214, -8.1715, 2.41437
599.174, -3.20987, -0.151449
619.135, -12.7742, -2.72107
607.733, -64.3705, -1.27472
620.795, -8.37858, 0.0964024
602.497, -59.8481, 2.52121
585.222, -73.7703, 0.807249
597.299, -77.9397, 0.617792
605.497, -23.5702, 0.802254
605.154, -27.2093, -2.4455
597.993, -42.2832, 1.2844
607.463, -53.1119, 0.943848
598.672, -2.7487, -0.557648
598.203, -3.75795, 1.55426
596.227, -4.90712, -1.74123
539.537, -7.85917, 0.132917
527.056, -9.66785, 1.80839
522.707, 1.93951, -2.92011
570.358, 0.066765, -1.40314
523.041, 24.0077, 1.03847
519.669, 2.35993, -2.23862
519.141, -8.12825, -2.26445
674.984, -13.1572, 1.75376
597.715, -3.72398, 0.0806886
598.115, -3.44558, -0.0781592
671.134, -12.137, -1.91466
596.542, -6.56151, 0.45786
667.97, -9.26998, 1.47312
678.788, -11.4116, -1.33708
596.607, -6.57478, -1.8726
662.682, -11.115, -1.29409
668.671, -7.44671, -1.50885
596.724, -4.79597, 1.83695
598.11, -4.4226, -1.45025
678.218, -13.0865, 2.20229
595.316, -4.27654, -0.037187
643.307, -8.8163, 0.970632
656.313, -10.2391, 1.03876
597.725, -5.98752, 3.10689
667.752, -11.2465, 2.73418
643.349, -8.56479, -1.7798
669.197, -11.2801, 0.367461
643.939, -9.0888, -1.46792
670.678, -12.3729, 1.89295
652.108, -9.66731, -0.144149
664.371, -11.5246, 0.325497
678.734, -12.5422, -1.59895
668.558, -11.534, 2.53992
595.865, -6.6941, 0.198987
653.262, -10.2298, 0.360317
597.186, -5.31277, -2.94237
674.804, -12.2435, 0.537885
663.307, -10.9954, -0.569479
655.363, -10.0773, 3.02607
596.176, -6.84644, -2.5717
639.759, -8.11748, 3.02551
638.086, -8.17743, 2.9712
633.622, -7.50541, -0.308675
596.505, -6.14744, -1.98443
661.465, -10.986, 0.831836
647.418, -9.33649, -0.0275714
634.603, -7.57822, -1.38418
671.183, -11.492, 2.79038
678.109, -13.4676, 1.26075
627.433, -6.79466, -2.11755
658.611, -10.065, -1.23045
670.53, -11.9224, 1.60874
644.979, -9.18987, -0.888122
649.918, -9.77449, -1.41917
672.461, -11.5639, 0.453682
646.819, -9.18496, 0.890477
598.218, -3.97698, 2.79898
678.272, -13.0699, -1.39777
677.026, -13.3668, -0.441455
631.738, -7.26149, -0.025532
598.076, -2.6382, 2.63162
664.17, -11.162, -0.246451
668.212, -11.2272, -0.490132
669.639, -11.3673, -1.74809
658.493, -10.1829, -3.04574
671.663, -12.3078, 2.67251
675.667, -13.0886, 2.99457
645.878, -9.23589, -3.00138
660.879, -11.2005, 0.802246
653.961, -10.2805, 0.452961
672.777, -11.9076, -0.301823
597.948, -5.28621, -1.64698
598.456, -5.30806, -0.267919
655.301, -9.93993, -0.60118
673.082, -11.7138, 1.28363
659.659, -11.1464, 2.63931
