515.741, -4.02945, 3.01836
543.056, -1.65867, -2.68307
567.231, -1.70735, -2.13466
560.429, -3.19486, -0.832492
506.289, 23.8008, -0.373998
496.673, -5.26227, 1.72136
529.117, -3.24087, 3.06511
506.248, 29.6829, 0.780238
530.885, 11.2641, 0.037491
504.678, 27.2735, -1.57983
502.248, -11.1355, -1.74914
508.35, -18.2061, 0.064222
544.908, 9.01104, 0.39175
504.821, 30.4413, -2.50838
527.221, 0.89093, 2.36326
512.368, 16.7122, 2.70336
499.639, 15.3808, 2.24905
515.113, -15.5689, -1.50128
511.615, -12.0174, -2.8304
496.978, -9.23574, 0.8284
531.936, 0.942219, 0.482845
534.132, 10.8901, 1.19146
518.899, 13.638, 1.3657
498.346, -17.7557, -1.52991
542.022, -3.05753, 0.777796
509.201, -5.16209, -0.243052
539.112, -9.20932, -1.81408
552.77, -5.39335, 1.4209
507.28, 1.14273, -2.78324
509.715, -14.6849, -0.531611
560.111, 4.40377, 0.308783
508.972, 20.2119, -0.742487
548.885, 8.59163, -1.56639
510.652, 14.1563, -1.88158
512.865, -0.594788, 2.30223
500.538, -15.3688, 1.48399
501.429, 27.9888, -1.02281
510.2, -11.5903, 0.268324
521.1, -12.8044, -1.83103
507.736, -2.5463, 2.09292
544.105, 8.24529, -0.794016
576.289, -3.24353, -0.741611
517.685, -14.9217, -0.222328
511.494, -17.0455, 1.20716
500.529, -4.14606, 1.79519
502.801, -7.08872, -0.952574
513.822, 13.8147, 3.1196
508.268, 30.2269, 1.6562
531.383, -9.70467, 1.72302
512.6, 23.4438, -1.48736
515.264, 25.3571, -1.36441
535.832, 0.265649, 2.49922
512.007, -14.9237, -1.16984
512.86, -2.8866, 0.318868
507.267, 13.1417, 1.79833
522.604, -11.5089, -1.09384
505.734, -14.5197, 0.002084
499.005, -18.12, -0.99106
529.996, -11.3993, 1.35543
514.309, -7.8802, 1.40576
502.808, -16.0455, -3.09546
546.723, -3.50627, 1.53266
533.215, -17.5693, -0.412058
576.516, -2.21417, 0.181388
618.592, 41.0639, -0.502565
613.272, 33.9637, 0.709649
577.612, 0.361994, 1.78188
618.94, 41.0929, -1.99651
576.757, -1.26966, -1.25555
603.602, 39.1291, 1.99
603.404, 32.9183, -1.70994
624.998, 55.915, 2.94558
613.029, 44.9514, -2.37841
598.319, 22.5344, 2.42896
604.14, 25.583, -2.07903
621.607, 52.9446, -1.67825
627.974, 4.29772, 1.98057
625.461, 34.9474, -3.00922
624.551, -11.6226, 1.78489
588.844, 7.08543, -1.56378
637.208, 32.8266, 0.003596
625.119, 14.0387, -0.049607
642.808, 17.9113, -0.885306
654.525, 6.2014, -1.55536
652.9, 12.6776, -2.36026
615.804, 72.5741, 0.92156
598.472, 78.8007, 2.56736
608.71, 71.8183, -2.54027
574.834, 5.03605, 0.113782
601.476, 56.3725, -2.34796
578.219, 3.10636, 0.620811
597.436, 76.2737, -0.823241
613.925, 57.1676, 0.941282
655.56, 22.4405, 2.5111
600.816, 76.3923, -1.24378
632.442, 30.0742, 0.846744
636.308, 29.176, -2.19448
634.222, 19.4255, 2.06745
611.345, 71.7824, 2.08309
615.988, 44.1149, -0.484768
606.533, 34.9037, -1.04232
627.06, 56.6779, -1.44501
599.805, 34.9879, -1.46633
593.885, 29.3291, 0.514166
600.265, 57.4729, -0.074737
595.444, 57.2479, 1.74561
579.932, 43.4036, 1.7224
580.492, 13.1507, -0.252897
582.702, 24.6937, 0.594753
596.447, 48.6602, 1.67306
626.299, 70.1169, -1.12874
646.025, -34.0542, 1.13314
602.039, -7.8537, 1.50131
591.519, -75.7168, -0.355954
616.922, -33.4021, -2.82888
571.149, -21.6038, -2.90958
607.207, -51.9313, 1.08292
577.344, 3.82505, 1.72496
557.906, 43.1005, -1.5838
556.517, 46.4631, 2.64643
571.503, -10.9322, -1.59348
567.905, -31.9591, -1.06234
558.231, 70.2759, 3.02008
567.243, 50.3655, -2.66187
563.922, 65.7482, -3.04124
567.978, 77.1622, 3.12188
580.061, 39.2418, -1.96951
589.17, 85.0619, -0.276858
600.075, 74.5901, 2.3195
616.818, 59.8093, 0.061609
605.999, 51.911, 1.33757
605.913, 76.9365, 0.686832
604.671, 47.851, 1.06385
600.907, 54.0577, 0.468501
591.13, 35.3416, -2.35379
596.111, 38.8978, 0.183254
599.498, 71.907, -2.89423
586.919, 37.8049, 0.99128
592.546, 49.6439, 1.12606
513.58, -16.9222, -1.81022
546.707, -16.049, 2.61729
551.07, -30.7998, -2.3008
548.687, -64.9556, -2.67202
576.282, 7.57354, 2.39423
575.724, 5.81889, 0.97363
576.177, 8.09582, -0.925495
576.43, 7.75587, -0.650083
626.957, 43.3578, -2.19746
596.548, 22.1107, 2.7946
641.876, 51.6194, -0.819474
638.208, 53.0903, 2.75136
643.175, 51.1596, -2.51841
650.097, 37.635, -3.12702
551.696, 62.812, 1.05837
541.286, 54.7619, 1.71885
534.397, 61.852, 1.1936
533.29, 71.0851, -1.70854
550.749, 70.868, 2.73712
616.03, -59.138, -2.48192
617.348, -60.9955, 1.31926
591.313, -22.1997, -2.61927
637.113, -27.41, 2.91162
646.791, -27.6985, -2.24497
644.297, -34.8034, 1.05892
618.508, -23.5471, 1.29451
623.988, -33.4803, -1.27646
542.871, 14.2246, 1.45917
637.724, -45.4403, 1.29097
508.265, -8.24794, 0.0719
518.258, 6.96701, -2.30182
544.263, 9.26709, -1.34622
530.388, 23.0251, -0.995003
549.075, 3.61676, 1.49556
607.371, -68.8606, 0.243875
521.495, 34.4608, -1.99272
558.529, 65.2371, 2.55922
547.948, 79.1705, -2.97465
573.36, 36.0677, -2.92338
571.064, 51.715, 2.46485
578.844, 62.7536, 1.15871
538.073, 58.2752, 1.41266
599.809, 69.134, 0.748977
565.52, 28.1399, -2.45979
555.244, 41.3855, 0.003947
555.593, 55.5367, -3.13156
556.602, 74.1933, -2.54511
572.22, 6.55403, -3.02794
562.584, -52.9595, -1.75352
570.782, -6.76045, 2.50988
570.822, -43.9441, 0.50097
572.008, -7.81498, -2.41012
531.587, 59.0524, -0.096987
573.008, 5.91986, 0.536205
533.614, 50.5135, -2.89405
572.587, 5.89765, -2.01577
572.394, 5.74028, -0.047713
572.415, 5.58446, 2.67089
572.52, 6.58786, -3.10212
543.015, 63.9839, -0.853658
529.799, 71.4384, 1.31542
513.01, 25.4839, 1.72274
530.324, 48.6882, 1.54345
632.216, 15.569, -2.71302
606.949, 8.81079, 1.61463
572.082, 6.87289, 0.202424
572.226, 7.52088, 1.92391
497.876, 26.475, -2.05032
493.712, 18.2147, 0.561175
502.658, 7.78935, 1.2741
510.632, 6.55057, 2.07382
496.853, 6.05595, -1.14504
512.92, 4.22278, -2.74352
512.858, 4.39366, 0.928295
545.594, 6.12005, 2.41802
506.594, 4.90674, -0.233219
506.085, -13.6763, -1.62911
495.844, -16.616, 1.57643
526.907, -3.25729, -2.96095
498.277, -8.42973, -1.69298
494.629, -8.48197, 2.87006
520.802, -2.82812, -0.378973
528.718, -2.36004, 1.28371
501.731, -3.73267, 1.2435
573.447, 6.1934, 3.11943
572.82, 6.1274, -0.717496
572.608, 5.75876, 2.22913
572.627, 5.92666, 3.04541
572.859, 6.78538, -3.03051
575.754, 4.96099, -1.69968
572.616, 7.186, 2.87423
572.894, 6.37579, 1.19186
572.876, 6.18885, -0.985092
573.003, 6.31557, 0.798539
646.636, -18.8169, 1.06851
626.097, 6.82209, -2.22752
631.046, 12.3651, -0.724098
625.67, 26.0216, -1.99778
642.029, 46.7054, -3.10505
634.671, 35.6941, 2.745
607.447, 57.8403, -0.409171
603.968, 64.3952, -2.8885
616.542, 2.57557, -1.9247
640.324, 23.4309, 1.59848
617.664, 27.5233, -0.01858
644.552, 8.84796, -1.11228
617.61, 34.7081, 2.12973
647.369, 16.8926, -3.02748
630.623, 25.3479, 2.35114
648.434, 31.749, 2.45408
637.605, 37.3235, -0.635738
641.831, 19.9474, 0.038083
654.05, 21.8368, 0.0263
646.323, -28.0131, -1.70173
630.207, -37.6409, 0.519656
603.736, -32.6824, 1.67766
604.85, -35.845, 2.60512
594.643, -35.2557, 0.198723
581.938, -26.3262, -1.69737
588.309, -50.374, -0.30661
615.394, 31.1143, -2.89787
604.19, -68.4064, 1.56165
612.458, 61.6044, 2.48972
618.141, -50.8145, 2.89678
577.012, 2.86381, -0.701248
577.494, 2.8215, 0.366306
537.371, -51.0373, -2.24693
578.214, 3.23747, 1.81724
499.985, 2.96788, 2.98463
524.86, -52.1061, -0.344329
558.719, -15.6825, -2.03252
519.752, -43.6092, 0.053447
541.063, -17.5439, 1.12931
576.973, 2.71749, 2.38409
609.354, -50.2799, -1.39269
613.993, -56.6565, 0.117661
637.352, 13.8016, 0.053865
607.865, -56.4032, 2.98111
607.913, -70.608, -2.53894
594.319, -24.6594, -1.09217
616.011, -51.9184, 2.14668
610.241, -16.0901, 2.83793
601.652, -29.26, -0.591586
632.321, -51.3069, -2.71486
605.567, -17.0367, 2.78303
638.99, -25.4597, 0.430039
524.079, -28.1305, 0.839499
503.679, -30.0295, 0.872197
539.37, -14.7025, -0.71598
512.666, -14.1111, 1.47788
498.21, -12.3984, 0.295233
526.014, 5.23889, -0.098856
499.167, 3.74652, 0.007595
576.988, -3.90883, -1.35879
578.372, -2.36505, 3.11467
643.647, -45.0695, 2.79883
620.805, -30.6967, -1.47079
644.436, -45.3011, -0.435498
638.975, -41.828, -2.50331
583.305, -5.49656, -0.104759
576.196, -4.89828, -0.06994
577.572, -2.04731, 0.838687
576.544, -2.89436, 0.114804
577.101, -3.32284, 1.88926
576.915, -3.00883, 1.33956
576.935, -2.21406, -1.57009
577.116, -2.71366, 2.20217
575.83, -3.037, 2.61368
575.244, -3.48945, 2.58283
575.47, -2.89699, 0.944388
576.316, -3.23649, -2.75405
575.235, -3.45774, -3.01012
591.328, 55.1508, 1.59897
589.707, 60.2287, -1.01339
595.137, 64.8943, -0.182208
606.674, 71.2132, -2.73196
600.986, 60.0707, -0.677346
574.234, -2.66389, 2.50089
582.244, 21.4706, 0.407777
581.168, 13.8935, -2.78283
573.69, -2.42684, -0.218534
573.723, -2.50681, 2.02445
519.65, -59.5185, 1.00625
555.385, -28.7333, -1.25325
547.554, -37.8001, 2.59878
540.375, -33.4381, -0.152327
583.588, -67.6248, -1.26801
572.522, -3.11279, -1.55855
572.621, -3.56642, 1.38022
572.757, -3.53835, 2.80313
607.455, -24.6954, 2.43377
626.814, -23.0162, -0.578076
569.92, -37.6266, -0.498879
569.158, -62.1664, -2.98904
563.483, -43.5069, -0.854584
552.343, -45.8695, -1.16692
539.517, -74.427, -1.86811
551.763, -44.2523, -1.10525
529.977, -60.04, 1.13433
605.378, -67.2645, -1.6816
605.312, -76.363, 1.85227
602.253, -76.6429, 0.683552
630.757, 50.1248, -2.90101
612.635, 57.9743, -1.07443
615.153, 58.3831, 2.69557
609.622, 48.238, 0.963172
604.945, 41.1238, -2.76847
610.939, 48.8674, 2.05664
599.617, 31.8296, -0.016276
520.372, -26.4652, 0.548287
544.702, -13.5195, 2.81307
521.369, -24.0605, -3.01132
535.307, -19.9579, -1.79998
545.58, -17.3708, -2.36087
572.913, -2.82801, 2.60414
637.211, 32.5314, -1.21683
645.828, 13.9056, 1.28826
648.15, -4.17077, 1.65675
605.673, -1.71887, -2.61232
629.746, -16.6235, 0.070724
617.04, -14.2127, -0.049402
563.988, 70.6386, 2.36738
644.787, 28.408, -3.13695
578.524, -0.797921, -2.80944
578.259, -0.598686, -1.29747
575.857, -52.7957, 2.35538
611.845, 17.1355, 0.884177
621.552, 46.1854, 0.298199
616.086, 45.8258, 1.00283
613.097, 52.9723, 0.018971
578.472, -0.801615, 1.11012
577.669, -0.394908, -1.55434
617.169, 36.7388, -0.939579
618.69, 39.2823, 3.02482
617.043, 38.1549, 2.98062
576.905, -4.0835, 2.28
576.55, -3.51943, 2.75757
579.016, -0.701121, -2.48238
578.137, -2.53459, 1.71418
577.218, -3.62839, 1.10957
577.712, -3.21935, -2.485
576.022, -4.28055, -1.54476
576.185, -4.12388, 0.445229
576.508, -4.29161, 2.02351
576.28, -4.30229, 1.44854
554.639, -12.2639, -1.68741
513.222, -14.2735, -0.706518
574.698, -6.3459, -2.09146
573.271, -7.91939, 1.23674
575.76, -5.51222, 0.451801
572.957, -7.58652, 0.153166
573.313, -6.92251, -2.48416
574.621, -6.32902, 0.231018
574.558, -7.34097, 2.74132
574.15, -6.90717, 1.19259
574.563, -6.9971, 2.80679
573.663, -8.07721, -2.57056
574.322, -6.28539, -0.607758
573.677, -8.25038, -2.82747
572.598, -6.94035, -2.8854
574.083, -8.71926, 1.45524
574.928, -9.35902, 2.57063
571.789, -6.64526, 2.41158
560.374, 1.30573, 1.14244
571.876, -6.73232, -2.01597
567.925, -3.42659, 3.06535
562.579, 48.3535, -1.86493
572.629, 49.3378, 1.66439
563.735, -0.690624, -2.56442
572.426, -6.39811, -1.59605
570.654, -5.15315, -2.72778
565.892, -3.2011, 0.706962
565.232, -2.53399, 3.03943
566, -3.46318, -1.22483
564.217, -2.45476, -1.9827
561.371, -1.44439, 1.83836
558.554, -0.301022, -2.14391
560.973, -0.52897, -0.72069
562.101, -1.39141, 1.3712
569.473, -5.95113, -1.23577
568.966, -4.85523, 1.9152
564.234, -1.59005, -2.82852
561.024, -0.280026, -3.03965
563.105, -14.6636, 2.11506
564.171, -13.3415, -1.32825
561.8, -1.12891, -1.62563
566.883, -6.30685, -2.07271
564.76, -2.31514, 1.86102
561.444, -0.395709, 1.5555
563.414, -11.6772, -2.84849
562.593, -12.907, -0.146297
561.682, -0.830657, 1.26472
561.083, -0.284939, 0.326971
561.164, -13.9847, -2.51111
560.03, -0.222385, -2.12072
566.045, -2.89449, 1.36007
566.282, -3.2303, 2.95548
565.487, -2.8812, 3.07798
564.922, -1.99509, 2.17726
564.359, -1.99714, -0.726778
561.414, -0.96317, -2.58394
559.202, 0.247695, 1.17204
563.299, -1.26092, 2.8978
560.398, 0.077275, -0.883532
564.005, -2.05097, -2.82561
559.095, 0.457359, -0.512563
562.168, -1.19122, 2.34525
561.12, -0.224932, 0.911162
563.408, -1.3426, 0.914432
561.528, -0.519216, -2.19402
560.95, -0.473313, -1.72273
560.339, 0.418601, -2.21778
561.097, 0.007388, -0.017286
561.728, -0.660605, 2.30659
562.5, 0.299878, -2.01802
562.496, -0.53684, -2.30849
559.968, -0.063086, -2.3668
561.606, -0.756017, 0.057641
560.495, -0.532606, -2.88746
559.931, 0.163647, 0.923337
562.169, -0.765619, -0.22915
560.689, 0.010668, 1.76801
560.448, 0.538243, 0.653645
560.561, 0.397508, 2.66019
562.221, -0.542237, -1.64957
560.488, 0.706912, 0.002129
560.772, 0.105873, 2.90577
561.193, 0.011842, 0.004941
560.245, 1.37458, -2.86146
559.458, 0.771009, 0.148083
560.08, 1.36819, 2.3431
560.192, 1.4843, -1.21938
560.226, 0.679727, 0.666568
549.866, 3.26626, 2.69583
548.303, 3.28274, 0.656428
559.944, 0.543799, -2.70033
547.33, 5.30273, -2.07515
553.693, -1.12802, 1.30203
553.99, -0.501623, -1.57391
560.105, -0.098234, 1.60161
566.135, -2.60027, 1.63734
564.628, -3.01913, -2.95437
564.36, -1.64244, -0.983744
566.599, -3.47881, -0.957155
562.126, -0.473201, 2.16887
562.27, -1.08853, 0.909807
567.796, -6.16255, 0.25117
568.651, -7.26051, 1.42837
561.261, -1.2195, -0.640188
563.904, -2.97408, -0.632142
570.442, -9.61562, -2.90556
567.905, -6.02652, -2.7619
569.941, -9.02974, -1.99737
567.369, -5.42083, 2.97005
568.448, -6.90117, 1.35391
563.004, -0.959964, -2.92288
563.012, -1.56469, -0.387986
566.885, -5.52287, -2.12963
567.388, -5.56236, -2.84431
564.404, -2.89293, -0.529539
570.063, -8.52429, -2.11614
564.599, -3.28586, -1.31343
567.461, -5.15522, 0.483456
564.365, -3.40196, -2.56927
571.338, -10.0652, 0.830977
570.172, -7.92307, -1.30187
565.034, -3.11466, 2.90206
567.172, -5.67061, -2.37122
573.666, -11.9249, -2.44777
573.698, -10.5816, 1.22575
571.659, -9.92291, 1.28164
565.416, -4.01483, -1.0371
570.863, -8.1347, -1.45546
567.526, -4.9281, 1.68486
571.689, -9.98126, -1.34334
573.129, -10.9486, 1.7555
572.598, -10.3798, -2.04248
566.876, -4.59349, -1.70699
571.454, -11.6234, -0.501122
572.187, -11.9379, -2.39325
569.322, -8.39158, 2.68589
569.78, -8.05223, -1.82777
573.045, -12.0395, 0.151435
564.938, -9.28598, 1.83187
572.914, -9.66369, -1.70273
572.048, -8.73716, -0.346461
573.41, -10.6784, 1.75753
573.213, -9.24836, -1.31895
564.068, -10.4675, -2.5756
562.996, -11.206, -0.310435
561.668, -12.6507, 2.08728
563.296, -11.9038, 0.328409
559.278, -15.4745, 3.02409
561.833, -13.5532, 2.9088
561.631, -12.6161, -1.41211
561.289, -13.9325, -2.43554
559.209, -14.6979, 0.453844
564.121, -10.9878, -1.97585
565.158, -8.93105, -0.264803
564.47, -10.3063, 1.44528
564.245, -9.95427, 1.63254
562.954, -12.0715, 0.304716
559.804, -15.7983, 2.66649
559.343, -14.379, 2.21361
563.555, -11.107, -2.79906
560.015, -15.1977, 0.238448
561.435, -13.4105, 2.37367
561.061, -13.129, -2.78869
560.905, -14.0544, -1.83936
564.495, -10.5872, 1.15541
559.918, -15.6123, 1.62877
561.441, -13.1251, 1.64265
563.574, -11.746, 0.628753
559.435, -14.6571, 0.783685
560.308, -13.1622, 2.48936
558.336, -14.1508, -1.75933
559.611, -14.1453, 0.47961
557.263, -12.4105, 1.53092
559.481, -11.8237, 0.829289
559.157, -14.6212, 2.1116
559.978, -13.4031, -1.57881
557.231, -13.5312, 2.04098
558.821, -13.3725, 1.20855
558.845, -15.0897, 0.070418
560.497, -14.6536, 0.000974
560.156, -13.4698, -1.13897
560.355, -15.053, -2.10164
559.154, -12.6271, 1.17736
559.263, -12.8565, 2.96526
556.901, -12.8492, 0.14692
557.779, -13.0628, -1.37691
560.205, -14.2738, -2.58009
559.847, -13.0555, 1.72978
560.415, -13.2822, -2.27483
556.419, -13.0127, 2.87585
559.596, -15.0111, -2.78983
558.332, -13.411, 2.14774
557.879, -13.9139, 3.08611
559.283, -13.9447, -2.07974
560.838, -14.7313, 2.47953
560.688, -14.5628, -1.39
560.779, -14.318, 0.478636
559.494, -15.5951, -1.86374
562.848, -19.2606, 2.59338
560.859, -16.4307, -1.85865
573.829, -30.674, -3.04383
561.357, -16.8852, -2.89603
560.275, -15.9112, -1.46515
564.656, -22.0873, 1.83149
561.792, -18.1707, -3.05226
570.296, -29.7154, -2.77574
561.845, -17.7277, 2.48035
565.078, -22.3143, 1.68416
562.859, -19.3863, 0.068168
569.856, -28.8209, -1.45488
562.978, -19.7437, 2.59767
566.339, -25.3742, 2.80364
567.252, -26.3527, -3.02255
574.772, -37.7332, -2.29309
569.676, -30.7629, -1.71836
572.774, -36.2518, 3.01096
570.661, -33.6671, -0.620981
571.535, -34.1304, -1.19124
563.612, -21.3126, 0.424888
572.32, -35.9236, -0.701747
563.618, -21.3392, -0.67007
574.128, -39.9487, -0.400675
567.586, -28.5988, -0.636204
568.58, -30.3905, -2.08372
572.652, -37.0697, 2.01076
566.42, -26.6027, 1.99603
573.839, -39.5026, 2.49857
569.604, -31.8556, 2.3907
564.845, -22.1625, 1.128
573.648, -39.6652, 2.63539
564.88, -23.6016, -1.84849
568.052, -29.3075, 2.3333
568.064, -29.2546, 2.05778
563.24, -20.989, -0.719605
570.554, -33.7752, 0.171128
566.003, -26.5619, -0.633514
568.649, -29.9957, 3.12166
565.548, -20.8987, -0.880349
571.284, -17.9527, -0.776023
575.484, -16.0191, -3.03833
571.925, -34.7551, 0.761717
571.643, -33.7433, -1.44975
574.282, -38.0058, -1.76028
570.218, -31.9222, 2.60173
571.03, -33.529, -2.85438
574.793, -39.11, 1.40811
569.038, -29.8226, 0.347406
569.159, -30.2405, 2.39226
572.32, -35.3548, 0.919926
573.737, -37.9719, -3.02763
571.347, -34.1741, 1.1832
569.237, -30.0135, 1.80389
569.732, -30.9867, 1.7035
565.917, -25.3184, -2.84851
568.517, -28.7941, -1.8731
571.757, -34.9777, 1.93139
570.311, -32.2701, -2.16089
569.243, -30.6156, -2.53433
571.604, -34.3987, 2.04857
572.298, -35.0197, 1.30151
571.833, -34.1126, 3.08107
574.288, -38.7387, -2.76076
565.016, -28.5506, -0.713528
574.453, -38.7935, -0.690602
570.673, -33.4017, 1.34362
570.573, -31.8055, 1.54704
570.634, -32.0741, 1.35998
569.998, -30.6124, -1.10105
573.833, -36.5483, -1.65027
570.761, -32.0352, 2.64137
569.331, -29.9092, 1.31934
573.844, -35.602, 1.37016
575.144, -37.1312, 2.24179
571.056, -32.7515, 1.38057
575.432, -38.5257, 2.86345
572.84, -35.2758, -1.23445
572.047, -33.141, 0.195969
573.696, -34.7973, -2.28003
575.069, -36.451, 2.54859
572.081, -33.8616, 1.35654
569.946, -30.9316, -1.26883
576.209, -37.6089, 2.97146
574.072, -35.3161, -1.62816
575.329, -36.1515, -1.24189
571.615, -33.0053, 2.29868
572.705, -33.8261, -0.946007
572.22, -33.6388, -0.327043
573.047, -33.5646, 1.91887
573.552, -35.7751, -0.239563
575.489, -34.9288, 1.24998
573.902, -35.1956, -0.939584
575.612, -37.6068, 0.783433
573.983, -32.8739, 2.39058
576.146, -31.2068, -0.293753
574.497, -32.5564, 2.82688
576.561, -36.6017, -0.089137
573.824, -33.7625, -2.16833
573.262, -33.2744, 1.38929
576.495, -32.6915, -2.55151
575.75, -37.3892, 2.84224
574.713, -33.2301, -3.00536
576.167, -36.5007, -0.895896
575.525, -36.9159, 1.22252
574.511, -35.264, -0.239021
576.417, -32.7549, -0.724047
575.128, -35.5055, -2.2836
574.44, -35.4365, -2.13128
574.891, -36.2118, 1.27438
575.838, -33.053, -2.8393
576.278, -36.5773, 0.940906
573.809, -35.5215, -0.211625
576.362, -35.1004, -1.89396
575.888, -35.5152, 2.96842
575.857, -30.4164, 1.1226
574.941, -31.1396, 2.85784
574.41, -34.3253, 0.504962
574.842, -32.7206, -0.649546
575.616, -34.2297, 2.0062
576.704, -32.9575, 0.274589
575.962, -34.0089, 2.5874
575.912, -34.1706, -0.185551
575.04, -31.7948, 0.620433
577.241, -31.4665, -0.065167
575.941, -30.4661, -2.2843
574.694, -31.248, 0.899227
577.332, -31.1227, -2.26172
575.184, -30.1518, -0.209088
574.166, -30.7101, -2.18068
575.414, -31.0451, -2.03461
572.774, -31.1341, 1.18409
574.029, -30.7769, -0.130628
575.824, -29.9765, -1.96903
577.906, -29.0113, 3.09302
576.353, -30.9908, 0.918972
576.953, -32.1273, 2.40512
577.925, -30.019, 1.1323
576.695, -29.8077, 2.38331
584.232, -27.8402, 0.823465
576.647, -29.8928, 0.795934
585.101, -27.5387, 0.148076
585, -26.8401, -2.85498
587.083, -26.4481, -3.02471
631.195, -59.8171, -2.9097
584.765, -27.0096, 0.355859
581.337, -26.7332, 1.45354
582.519, -26.1549, 0.358976
585.992, -26.5535, -0.012197
583.378, -25.5957, -0.488025
582.6, -27.5654, -0.216812
586.811, -26.5225, -1.93287
582.33, -27.0196, 0.359394
586.359, -30.1406, 1.90903
582.933, -27.323, 0.082951
582.037, -27.8692, 0.158139
585.356, -30.4348, -0.125571
581.836, -27.0672, 1.30613
583.832, -27.2124, 1.50063
587.846, -30.5096, -2.75749
581.281, -26.6755, -1.30025
591.545, -31.5621, 2.57183
581.524, -26.8193, -1.67764
593.438, -33.6504, -0.206615
593.453, -33.8193, -1.26003
582.744, -26.5625, -1.92849
588.49, -24.5001, -2.7491
634.71, -65.105, 0.846088
587.272, -26.1765, -0.040171
586.835, -24.4695, -0.36671
585.51, -24.203, -1.28456
628.481, -49.8574, 3.13291
614.499, -44.5494, -1.45369
586.004, -24.6781, 0.940506
587.477, -24.4664, -2.61703
628.679, -59.3701, 0.872954
585.224, -24.8226, 0.32009
621.061, -85.0022, 0.642731
622.761, -90.6253, 0.867441
587.204, -23.9705, 2.15993
588.249, -24.2115, 0.808648
636.611, -86.2295, 1.80195
588.063, -24.2482, -2.18655
621.159, -85.5863, -0.67139
584.402, -85.3715, -2.21471
580.818, -85.2646, 1.17964
608.921, -77.4833, 0.916329
574.523, -97.1947, 1.23704
575.794, -72.1541, 2.97696
573.997, -68.0661, -2.93573
570.365, -85.4108, -0.552063
589.8, -67.1401, 2.97924
592.53, -93.7998, 2.13514
587.664, -49.3816, 0.875693
602.23, -102.143, -1.64881
566.961, -93.4723, -0.856497
577.192, -92.0367, -2.22086
594.68, -77.0492, -0.758321
592.433, -72.3994, -0.648782
553.812, -50.1978, 1.49651
573.861, -40.4442, 2.17151
529.201, -78.5913, 2.72987
535.485, -87.5613, -0.232535
595.808, -87.7694, 0.942472
594.69, -79.5361, 3.02363
584.403, -89.6593, 1.86383
561.554, -61.6964, 2.89924
579.967, -68.859, -0.201029
555.036, -68.8386, 2.76081
566.307, -57.896, 1.02717
535.729, -65.455, -2.50263
545.472, -59.9622, -1.33185
553.025, -48.4619, -0.961991
537.39, -55.6021, 3.10425
542.891, -46.1811, 0.789075
586.082, -29.8842, 1.69077
586.897, -29.7957, -2.51993
586.297, -29.7668, -1.98459
589.045, -29.529, -1.26679
514.366, -60.1069, -1.29541
594.4, -31.8463, -0.809482
600.963, -28.7429, -0.155079
591.992, -29.7001, -1.7213
595.766, -30.4301, -2.18817
606.061, -30.9455, 1.20626
592.585, -29.7028, 0.055599
592.741, -29.6454, 2.50954
598.102, -30.733, 2.37113
595.132, -30.7299, -2.54158
593.726, -30.8154, 0.862408
598.825, -30.4224, -1.67738
597.213, -30.7449, 0.39333
596.99, -30.1023, -1.66722
607.671, -32.0203, 2.01977
607.259, -32.6027, -2.09873
606.577, -32.0541, 0.154511
606.023, -30.4384, -2.00869
596.734, -30.9313, 2.50545
602.145, -29.33, -0.644596
600.774, -29.2458, -1.50126
602.936, -28.9896, 0
594.839, -30.277, 1.81821
595.781, -30.1051, 0.547591
601.075, -28.9365, -1.0669
602.015, -28.9137, 1.9916
595.82, -29.6575, 0.002981
598.075, -30.3574, -0.630771
605.885, -29.9941, 2.61749
598.863, -30.3044, -0.573618
601.367, -29.8102, 0.390093
604.393, -30.1246, 2.62023
602.419, -29.052, -0.188309
599.95, -29.7458, 2.20294
597.52, -29.9043, -2.97279
606.181, -28.6869, -0.989036
598.595, -29.2592, 2.94472
605.962, -28.596, -2.20886
604.264, -28.5749, -0.132529
600.176, -29.8179, -0.623183
606.373, -29.5592, 1.40679
604.371, -28.8686, -0.578627
602.939, -28.8004, -1.14068
599.654, -30.0723, 1.03622
604.516, -29.9316, 2.80199
599.515, -29.9783, -0.637604
604.731, -29.9958, 1.48887
605.359, -29.6681, 0.369908
659.843, 11.7866, -1.93815
631.266, -7.16086, -0.212754
650.256, 9.00612, 0.652809
651.166, 16.6721, -2.89468
639.297, 10.9422, -1.99073
650.393, 22.1575, 1.65233
613.114, -10.6345, -0.393816
649.436, 32.5435, 1.28474
608.684, -17.8432, 2.25507
628.735, 32.4323, 0.65351
617.86, 16.7427, 1.39638
628.587, 40.7648, 2.18362
607.305, -29.5242, 0.422933
604.243, -29.7406, 0.479263
604.48, -29.4867, 1.76836
603.733, -29.7366, 1.10325
605.913, -29.3645, -0.617143
603.971, -29.4506, -2.86898
606.599, -29.0563, -2.9126
605.675, -29.9066, 2.87574
606.724, -28.2903, 0.893685
606.161, -29.1333, -0.14758
606.475, -29.1038, 2.563
605.867, -29.9406, -3.09601
606.783, -29.0062, -2.95653
606.706, -29.2815, -0.383148
607.067, -28.9766, -2.52758
606.624, -29.3369, 2.53592
606.139, -28.6174, -1.94981
606.523, -29.0991, 1.44923
591.001, -34.2402, 1.5581
602.429, -30.3296, -1.2774
552.23, -45.2678, -1.8848
598.806, -30.6573, 2.83438
595.836, -29.3236, -2.96313
582.868, -27.1679, -0.583451
581.566, -27.0039, -2.76519
590.117, -27.449, -1.7423
580.231, -26.391, 3.10837
585.792, -27.3462, -0.82422
547.615, 16.2149, -0.474319
574.661, 1.56755, 1.4214
581.756, 4.32723, -2.41935
576.474, 18.9299, -2.85079
587.565, 5.45262, 2.4507
578.532, 27.0146, -0.143775
584.435, 37.9954, 2.75835
592.079, 28.1588, -2.60405
598.088, -27.9512, -2.01642
581.499, -22.8841, 2.88325
588.639, -25.3583, -0.24982
601.225, -28.4473, 1.5979
593.635, -27.5161, 1.87646
581.892, -23.2413, 3.11651
588.214, -25.1828, -3.09883
595.149, -27.778, -2.28652
599.014, -27.5421, -2.51263
589.501, -25.9442, 1.60808
584.691, -24.1142, 3.13885
589.163, -26.2534, -0.781372
589.484, -26.047, -2.38815
587.24, -25.5948, -3.05512
595.46, -26.9701, 2.43226
519.904, -13.0299, 3.09937
592.975, -26.3142, -1.9714
586.237, -23.6975, 0.883822
594.97, -26.5446, 1.57236
552.656, -27.5078, -1.65526
584.381, -22.7613, 1.20406
594.488, -26.0952, 0.742653
525.894, -30.0394, 2.86901
586.611, -23.5952, 2.04812
581.173, -21.6656, 1.86626
593.002, -26.4367, 1.62829
587.938, -23.5958, -0.173963
595.734, -27.6393, 2.15516
581.955, -21.8114, -2.3258
582.981, -20.959, -2.1069
593.925, -26.93, -1.4488
587.801, -22.9388, -1.14802
594.914, -26.9655, 1.50659
590.948, -24.8189, -3.00604
588.177, -24.4191, 1.18821
588.883, -24.3039, 0.313709
585.716, -23.2115, 2.02612
592.234, -25.6308, -2.72233
588.139, -23.2135, 1.28256
587.142, -23.3864, -0.158467
590.762, -25.089, 1.58451
582.953, -20.8823, 0.036043
590.959, -25.6556, 3.09338
582.65, -20.6473, 0.088999
592.026, -26.1848, 2.18327
583.423, -20.5062, 1.02274
590.799, -25.7857, -1.52786
552.992, 14.8987, 1.56166
583.712, -20.9671, -1.2517
522.3, -13.832, -1.59112
584.899, -23.0602, 1.50065
544.537, 19.9853, 1.02607
511.525, -12.5569, 0.25852
586.989, -22.9301, 1.2204
581.807, 12.6843, -0.286216
581.744, 27.2903, 2.68771
570.532, 0.08547, 1.92154
563.452, 21.4711, 0.014152
567.971, 31.91, -2.66919
583.956, -21.1048, -1.73709
586.141, -20.5047, 0.180339
515.152, 6.2131, 1.4226
582.893, -20.1794, 1.94778
585.769, -21.5271, 1.40255
584.482, -20.026, -2.02673
585.674, -21.1977, -1.03972
523.403, 9.81119, -1.46237
565.183, -13.1011, -1.56667
531.038, 8.71791, -2.66118
519.631, -49.0277, -2.41399
566.762, -18.5133, -0.894471
547.148, -15.7824, 0.897347
527.726, -16.7893, 1.64095
527.392, -15.4146, 2.71525
525.371, -31.8066, 0.305839
510.222, -2.42341, -0.381079
573.52, -24.7939, -1.20132
585.937, -19.5598, 0.094895
587.928, -18.0084, 2.13013
512.663, -47.6726, -2.42786
583.664, -19.2964, -0.130419
585.855, -21.0064, -1.41826
583.254, -22.1213, 2.10002
584.221, -21.0633, -1.76431
552.258, -83.0049, 2.16896
567.591, -90.0351, -2.57166
536.287, -87.1408, 0.626104
547.88, -84.5266, 1.87508
565.42, -76.0017, -0.431054
572.508, -58.8341, 3.04867
520.272, -58.5769, -0.373371
533.702, -63.4885, -0.576022
582.808, -20.424, -1.13888
528.984, -72.7241, -0.44364
583.661, -19.8598, 0.760602
581.971, -20.1348, -1.47057
582.246, -20.0868, 0.559663
534.899, -74.2121, -2.62762
580.001, -21.3579, 1.95211
576.287, -23.4946, 2.65859
579.371, -21.3711, 2.30226
576.854, -24.1406, -1.87141
576.39, -25.9004, 0.404546
579.046, -22.9853, -2.08219
575.294, -25.1981, -0.265492
576.829, -22.9403, -0.601704
579.193, -24.9364, 0.602023
576.511, -27.6553, -0.817926
577.247, -22.5392, 0.47575
577.765, -21.6139, -1.31375
595.65, -63.6614, 0.701439
604.786, -85.0247, 0.906648
580.687, -59.6306, 1.32232
608.646, -81.2054, -1.88586
624.822, -86.7213, 1.30631
612.432, -89.938, -2.42754
604.228, -51.6225, -2.98939
576.19, -27.79, -1.00702
577.732, -22.6164, -1.21632
576.728, -26.6305, -1.65117
574.893, -23.9198, 1.16735
574.323, -22.3815, 2.62524
576.145, -28.7615, -0.566838
576.529, -26.0321, -2.29394
575.691, -23.5535, 0.240843
579.129, -23.209, -0.263966
578.735, -22.9985, -1.39892
576.738, -23.2526, 1.53235
575.235, -22.6375, 0.794954
578.174, -22.9428, -1.57845
576.057, -23.8492, 1.16814
576.416, -23.9621, -1.02072
576.256, -24.7342, -2.06635
576.093, -23.0984, 0.41819
575.581, -23.6965, 1.66483
575.358, -23.0828, -0.446342
567.85, -11.2028, 0.652319
560.698, -0.317504, 0.041783
564.172, -5.15139, 3.06713
565.859, -11.0228, 0.074494
572.63, -20.669, 1.86552
572.865, -20.8468, -3.01432
570.994, -18.7875, -2.15709
561.62, -5.67485, 1.82028
569.521, -16.2695, 2.48242
571.265, -18.4231, 0.31836
569.02, -16.1913, -2.35884
568.559, -14.9872, -1.76665
571.594, -19.7762, -2.45595
562.061, -5.26472, 1.26361
568.485, -15.2893, -1.27059
559.957, -2.92149, 1.46675
565.391, -10.4782, -1.07547
569.446, -16.4932, -2.913
571.851, -19.4986, -2.71633
568.683, -15.0403, 0.586197
561.965, -4.54946, 1.27872
570.221, -17.325, -2.27215
563.756, -5.74736, -1.17918
562.833, -4.4728, -2.90608
569.554, -16.8844, -2.66767
563.914, -8.21857, 2.15252
565.736, -10.6935, -1.5011
564.082, -7.34283, -1.41605
565.538, -7.90511, -1.39717
563.394, -2.19111, 0.892112
567.276, -19.3474, 2.34528
567.009, -18.1757, 0.534755
568.079, -18.1167, 1.94292
567.393, -17.5977, -1.02704
565.36, -19.5405, 0.58805
561.883, -19.8769, -0.518562
567.255, -18.3051, 2.85142
567.083, -18.9824, -0.697827
562.979, -19.459, -2.51007
563.631, -19.292, -2.11922
562.221, -18.6371, -0.715285
562.61, -18.707, -2.90276
562.239, -19.3003, -1.76963
564.185, -18.8638, 0.511736
564.158, -18.8407, -1.32831
563.569, -19.3881, 2.5745
562.476, -19.3779, 2.05626
564.184, -18.8968, -1.53258
564.303, -18.6477, -2.08813
562.306, -18.8736, -1.91494
562.302, -19.4675, -0.489561
562.336, -20.2878, -1.29403
560.144, -16.3585, 2.70696
562.683, -20.4409, -2.90402
562.772, -19.4572, 1.20657
562.482, -21.0458, 2.82013
562.559, -20.9007, -1.66165
562.474, -20.9267, 0.336474
562.263, -20.1775, -0.745199
562.328, -19.9685, 1.76783
562.286, -20.9161, 2.11545
562.592, -20.3529, -2.50165
563.442, -11.8946, 0.707849
562.549, -10.7377, -1.48065
562.839, -13.5908, 0.544576
561.977, -18.356, -0.463827
562.08, -16.507, 1.79888
563.23, -19.2573, -2.22611
561.217, -10.3182, 1.49857
562.182, -19.8549, 0.352436
562.292, -17.7545, 1.74064
561.85, -12.0705, 1.74394
561.663, -14.8331, -3.05778
562.377, -15.8976, -1.61158
562.566, -19.0599, -2.72801
560.175, -9.76459, -0.916706
561.981, -18.458, -1.38567
560.38, -10.9957, 0.772632
561.579, -12.4669, 1.25288
561.328, -11.3099, 2.72409
561.687, -16.1921, -2.02783
562.022, -14.1312, 2.96547
560.651, -9.55962, 0.46839
561.515, -15.8808, 2.07317
560.488, -9.49329, -0.066607
560.63, -10.3303, 0.519068
558.713, -16.3495, -0.672511
560.66, -9.93232, 1.56089
559.013, -16.3559, -1.6841
521.073, -63.488, 1.4787
512.224, -78.6829, -1.74388
559.96, -16.2145, 0.505413
517.911, -76.289, 0.714025
519.789, -77.7663, -1.41299
557.275, -15.6016, -0.732796
558.386, -16.1769, 0.246077
555.671, -15.4207, -1.66598
555.993, -15.5908, -0.763401
557.601, -15.4576, -0.635892
556.998, -15.2712, 0.124527
557.384, -14.4278, 0.552192
556.793, -11.9907, 1.69515
555.216, -15.057, 2.10174
555.38, -15.5357, -1.22644
557.39, -13.9572, 2.41271
555.535, -15.2805, 0.275599
556.268, -15.7801, -1.9136
555.25, -15.2919, 0.750441
555.638, -15.552, 1.2125
555.636, -15.5396, 2.79847
556.109, -16.0381, 2.57454
512.143, -65.2241, -0.882276
554.93, -14.8506, -2.82432
556.345, -15.6512, 2.19642
556.309, -15.3617, 1.75226
515.573, -79.9001, 1.93964
555.401, -14.914, -1.39705
555.369, -15.3688, -2.55837
573.563, 57.2295, -0.837304
576.522, 54.0477, -0.189495
577.276, 48.9563, -1.13884
555.099, -14.4477, -0.04935
555.487, -15.3822, 1.26899
555.596, -14.8159, 2.92657
554.82, -14.9235, -1.28941
557.349, -16.3236, -0.546749
579.803, 49.7168, -1.24753
555.395, -15.2294, 0.675313
556.165, -16.2296, -1.46824
558.411, -16.6449, -1.35798
555.536, -15.2441, -2.47288
559.209, -16.5613, -1.93975
562.598, -15.4085, 3.0802
562.678, -15.2295, 1.64945
562.063, -15.0177, -1.50696
563.005, -15.412, 3.01646
557.817, -15.0808, -2.35123
561.368, -15.7673, 0.071718
563.181, -15.9266, 0.966866
562.869, -15.6457, -0.4666
562.832, -16.9467, 2.92933
559.407, -16.3076, -2.65771
557.86, -14.9791, -1.03754
562.222, -16.4034, 2.65117
557.834, -14.0682, 2.25242
557.626, -13.8939, 1.7451
557.6, -14.2165, -0.622092
557.907, -13.5556, 2.33748
557.82, -13.3545, -0.224459
557.955, -11.5195, -2.71555
557.704, -13.3791, -1.37325
557.835, -11.4257, 2.74861
557.966, -11.5826, -1.78418
558.03, -11.3821, -2.00611
495.151, 31.9982, -2.86837
538.841, 0.516195, -3.00326
506.676, -14.4115, 0.660343
503.605, -9.85806, -2.7584
557.628, -11.4104, 0.961674
558.083, -11.399, -0.097797
559.849, -11.3864, 1.29029
587.3, -38.0965, -0.909338
562.586, -10.575, -2.78476
562.431, -11.1717, 1.41015
561.352, -10.5532, 1.19428
560.701, -10.8292, -2.80432
562.817, -9.71216, 0.940043
563.965, -10.2597, -1.49445
563.46, -10.335, -0.406067
563.124, -9.77463, -2.86101
560.714, -10.6068, 1.68096
563.012, -10.4264, 1.11106
561.139, -10.344, 0.982165
562.202, -10.3587, -2.03467
561.844, -4.95426, -0.842958
563.126, -12.9691, -2.20909
562.677, -12.3902, -2.21719
564.092, -13.0706, -1.27326
549.805, -30.4093, -2.43236
522.472, -67.0447, 2.43155
519.497, -73.5938, -0.904418
526.225, -47.8963, 1.41322
563.15, -12.2237, -2.68673
564.767, -19.1624, -2.55894
563.634, -13.6604, 0.378923
564.088, -16.8629, -0.869045
564.345, -16.3184, 3.07151
564.816, -19.0137, 2.13489
564.184, -13.2957, 3.04316
564.743, -19.7906, -1.09862
563.642, -12.6408, 1.07928
564.145, -17.2564, -1.28463
502.045, -48.5211, -1.76257
564.967, -21.1523, -0.002556
564.467, -20.7159, -2.64404
564.658, -18.4112, -0.89861
564.236, -15.658, -1.77584
564.42, -19.0271, -0.210442
564.207, -17.862, 0.889176
564.542, -18.7693, -0.123795
565.611, -20.2137, 0.874277
563.098, -16.8553, -1.71033
541.597, -53.7315, -3.01752
566.041, -20.8227, 3.00787
565.668, -20.552, -3.04611
565.163, -20.4524, 2.89493
563.781, -16.325, 0.197186
563.993, -14.0872, -0.0792
561.652, -12.0982, -2.79534
561.791, -11.4572, 0.459033
615.475, 26.0758, 0.101407
563.575, -13.6662, -3.00391
635.199, 5.07943, -2.26116
564.569, -13.2673, 0.225406
564.147, -13.2502, 1.31998
602.855, 41.2306, -0.871196
573.908, -3.80063, 2.97705
627.115, 23.9463, -1.06895
610.046, 14.4019, -0.269578
604.004, 2.03006, 0.222207
564.09, -9.56039, -3.03936
564.75, -13.5672, 3.08971
564.979, -10.1383, -2.99622
565.087, -10.8585, 2.57176
564.717, -12.2694, -2.93737
564.998, -11.9972, -1.57559
563.395, -9.6312, 0.792601
537.254, 11.5676, -2.88414
503.218, 36.2326, 1.67533
506.519, 28.9137, -2.21875
564.519, -10.2438, 1.05326
495.493, -4.53323, -1.21373
525.814, -9.64424, 0.062665
512.938, -24.4075, -2.54244
501.428, -27.5548, -0.798263
487.056, -38.2568, 0.916231
563.047, -9.84513, 2.74769
562.914, -10.5829, 3.06077
563.314, -4.88986, 1.52189
563.605, -3.57786, 2.20991
562.992, -8.07733, 2.86597
563.422, -7.03571, -0.572774
596.401, 48.2294, 2.63511
571.003, 3.97801, -3.02158
596.785, 30.6399, 0.195228
624.469, 44.2411, 2.9959
623.54, 20.4039, 1.10557
592.313, 3.37486, 2.5427
609.732, -6.94015, 1.77824
563.308, -4.23681, 0.185604
562.878, -5.01144, -2.84781
563.593, -3.79811, 1.11162
527.242, 7.05298, 1.42995
493.566, 8.59979, 0.436259
562.581, -4.22471, 1.16726
562.87, -1.40922, -2.97299
562.388, -3.74479, -1.57664
562.757, -3.83417, -2.57871
563.161, -2.56259, -0.574542
562.507, -2.55521, 2.62868
562.528, -2.84576, 1.54569
562.787, -2.34209, 1.69602
564.469, -0.730954, -0.405553
564.719, -0.187475, -2.08383
563.306, -2.57083, 2.0461
562.589, -2.8808, 0.171038
505.194, 34.0029, 0.460274
564.472, -0.26324, -0.623253
563.22, -1.99608, 1.08096
567.348, 52.3844, 2.48071
555.678, 51.82, -0.582471
502.837, 51.8432, -1.48527
501.789, 32.5016, 3.01689
500.229, 48.9596, -2.82576
563.215, -1.36198, -2.87663
530.283, 56.3234, 1.03988
526.133, 55.6199, -1.07873
513.592, 62.3206, 2.41672
565.592, 0.33216, 2.28387
610.802, -54.3614, 1.40816
574.078, 0.703193, 1.95296
565.129, 0.930939, -2.47882
572.574, 1.85396, 0.153987
564.882, 1.30475, -0.549573
564.36, 0.200424, -0.918826
570.554, 0.734859, 1.66321
566.482, 0.665632, -2.71081
569.865, 1.3106, -2.67409
565.764, 1.89428, 0.346479
573.239, 1.37963, 1.71485
573.295, 1.00259, 0.115451
552.692, 17.8664, -0.311803
567.506, 1.66447, 1.66334
563.686, 3.82649, -2.59124
564.604, 4.15755, 2.30875
564.859, 2.88442, 2.38164
562.317, 4.67172, -0.176537
565.174, 2.58426, 2.47124
563.594, 3.76909, -0.499613
563.555, 3.81448, -1.09376
563.688, 3.20212, -1.43516
562.838, 3.02636, -1.04911
564.832, 3.62082, -2.02138
564.151, 3.55963, -0.620214
563.501, 3.84732, 2.57722
563.039, 2.668, 1.053
564.578, 4.06705, -0.018321
562.731, 4.32834, 2.18874
523.351, 70.7077, 2.20986
563.027, 3.05463, 2.3109
562.171, 3.68958, 1.96773
562.944, 3.0351, -0.438356
557.994, 5.71533, 1.2052
563.785, 3.4052, 2.22709
511.611, -22.9461, 3.05222
490.85, -27.5831, 0.183617
490.643, -16.6354, 2.40861
567.497, -0.194405, -1.03228
567.998, 0.921656, -0.054416
565.067, 3.00058, 2.93261
563.758, 2.88001, 2.28838
568.808, 0.262176, -2.56911
568.983, -0.190495, -1.43542
563.328, 2.68753, -1.44532
564.75, 3.90396, 1.92418
563.832, 2.55395, -3.09899
584.399, -67.22, 0.526559
574.136, -73.0866, 2.59841
550.281, -70.9389, -0.617509
531.657, -71.7084, -0.377814
568.587, -0.512151, -2.61473
565.491, -0.378836, -2.54797
570.44, -1.03583, 1.0499
569.169, -0.347747, 0.622659
567.701, 0.274417, -2.31726
566.609, 0.028975, 3.10502
565.854, 0.564089, 1.1672
571.17, -0.094071, 3.09473
568.063, 0.565431, 2.37544
570.366, -0.439329, -1.28553
570.609, -0.288969, 0.140369
568.814, -0.255063, -0.794183
569.206, 0.030118, -0.812662
572.649, -0.592921, 2.2005
573.288, -0.538012, 2.49869
568.116, 0.308631, -0.878933
570.655, 0.06746, -0.840057
572.521, 0.02953, -1.72317
569.665, -0.307567, -2.58581
571.369, -0.075267, -1.82035
573.299, -0.618356, -2.3714
569.268, -0.289719, 2.14795
571.001, -0.097767, -2.32209
573.572, -0.678938, 1.83656
571.166, -0.553711, 0.774315
572.046, 0.153318, 1.0565
572.743, -0.553032, -0.143946
571.728, -0.319999, -0.931612
572.952, -0.785129, -2.11158
572.727, -1.32468, -2.89074
570.734, -0.363956, -1.27479
569.794, -0.089693, -0.410945
571.504, -0.309936, 2.50884
571.365, -0.607648, 0.389702
573.168, -0.861536, -2.56634
571.653, -0.304768, 1.5222
572.612, -0.509056, -1.82925
572.189, -0.256526, 3.05416
571.711, -0.356248, 2.19951
577.034, -5.45297, 1.45453
576.299, -4.74402, 0.493993
573.571, -2.14754, -2.7005
575.589, -4.83677, -2.11936
573.967, -2.82173, -0.242764
574.518, -3.35348, -0.298821
574.023, -3.55746, -1.53458
575.149, -6.40628, 2.46052
574.388, -4.21971, 1.90202
574.312, -5.59112, 1.74656
573.957, -3.9114, -1.50158
573.44, -16.8403, 1.55262
573.691, -7.10014, -2.83585
569.468, -28.1473, -2.11016
577.492, -6.65019, -2.42611
575.593, -3.52979, -0.184725
573.221, -29.0413, -0.642047
575.445, -4.85447, 0.649792
573.408, -12.5071, 0.147654
574.854, -3.67287, 0.854098
574.306, -3.03798, 2.89656
573.667, -28.1713, 1.35099
575.499, -4.44731, 2.66171
575.167, -15.1832, 2.90772
574.823, -5.05325, -1.26113
573.206, -20.5409, -1.04152
573.012, -29.8759, -3.13557
576.83, -5.60397, -2.47513
573.335, -4.58284, -0.064929
573.365, -2.84271, 2.16933
574.588, -4.80779, 1.28483
574.038, -3.36384, -0.882493
573.48, -4.76441, -3.09266
577.167, -5.07924, 1.59881
582.507, -12.9042, 1.97234
578.239, -6.6114, 0.225331
574.493, -3.94214, 1.50978
575.124, -4.36137, -2.64936
575.791, -4.16202, -1.19681
577.368, -4.1773, -0.009347
577.449, -6.43842, -0.169404
577.633, -3.70117, 0.732869
576.533, -6.15847, 0.660337
576.782, -4.05115, -1.50682
576.855, -5.55206, 1.10393
576.356, -5.78477, 2.44166
647.585, 26.742, -1.76099
576.752, -5.19799, -0.496681
577.14, -4.28328, 0.993968
577.413, -5.9022, 1.06583
577.091, -6.08964, -0.587855
579.677, -5.87824, 1.38376
583.975, -5.02357, 2.68183
581.111, -5.10207, 0.336914
579.448, -5.88824, -2.06058
586.871, -5.12302, 1.13049
580.436, -5.38467, -3.09203
580.538, -5.66661, 0.555626
586.947, -6.32557, -2.00451
583.545, -5.6332, -0.927336
586.27, -5.96205, 2.884
585.196, -6.45111, -1.29299
582.586, -6.04388, -2.47082
579.774, -5.56977, 1.90828
583.562, -5.74247, 1.80777
586.389, -5.9861, -2.9816
580.32, -5.98027, -2.99763
581.929, -5.93968, 1.17466
581.171, -6.07138, 1.53143
585.125, -5.91416, -2.54592
584.359, -5.27926, 0.604676
585.425, -5.36788, -2.35303
586.454, -5.4386, 1.44149
585.316, -5.9022, 0.210076
586.24, -5.13497, 2.93053
584.062, -6.00019, 1.80001
584.435, -5.75676, 0.949728
585.528, -5.75957, 2.35718
584.079, -5.92944, -2.88942
586.647, -6.48682, -1.36875
586.522, -4.92215, -0.708236
586.445, -4.79908, -1.61592
586.762, -6.52536, -0.566555
586.184, -4.6197, -2.66474
585.989, -5.4334, -3.04647
586.485, -7.66519, 2.53228
586.441, -5.57297, -2.04031
586.24, -8.38816, -2.56148
585.558, -11.6976, -2.95843
586.733, -11.7134, -1.50417
586.327, -6.74753, 1.32863
586.658, -10.2576, 0.887448
586.608, -9.25013, 1.76901
586.59, -9.98887, 2.41426
587.395, -12.7609, -2.18669
587.256, -11.9639, 0.672877
587.089, -8.11468, 0.39719
586.938, -10.2479, 2.39814
588.145, -13.98, -2.31435
587.321, -12.0805, -2.43306
587.451, -10.5805, -0.79839
587.821, -12.1793, -1.65588
587.367, -10.9043, 1.87453
587.504, -10.4465, -3.06681
588.021, -13.6821, 2.83368
588.619, -10.9125, 1.31699
589.919, -10.6656, -2.40042
587.724, -10.8518, -1.62401
587.835, -10.8221, -0.03957
587.993, -11.8194, -1.37911
587.742, -11.2361, 0.059654
587.593, -13.1726, -0.117412
587.883, -12.8077, 3.10514
587.743, -13.1376, 1.62671
587.782, -13.9968, 0.259174
586.008, -13.6634, -1.72152
582.126, -14.4858, 0.189737
580.379, -14.9707, -0.067733
580.451, -15.3449, -1.93617
583.12, -15.1264, 2.75717
576.703, -17.341, -0.376983
581.384, -16.114, -1.77637
578.411, -17.3587, 0.742648
576.667, -18.0709, -0.419567
582.794, -15.428, 1.83469
578.385, -17.6122, 1.4451
583.915, -14.9262, -1.97128
580.093, -16.6668, 2.28811
580.562, -16.1784, 2.48046
577.249, -17.8541, -0.77891
582.682, -15.7055, -2.29051
580.153, -16.8719, 0.189191
582.317, -15.4058, 2.78287
578.488, -17.2085, 1.00347
578.053, -17.3366, 3.01456
577.133, -17.6194, -1.59952
582.163, -15.7212, 0.936153
578.484, -16.7513, -1.55714
579.992, -16.506, 1.69044
580.513, -16.3302, -2.60404
580.386, -16.4902, -0.17272
578.859, -16.8039, 2.38471
578.801, -16.8535, 0.287024
577.924, -17.0241, 1.06175
580.075, -16.7896, -0.202727
580.09, -16.1878, 0.090919
577.223, -17.1326, 1.67847
579.675, -16.52, 1.74625
576.059, -17.4611, -2.02408
576.19, -17.7758, -1.88236
578.983, -16.8564, 0.244246
576.457, -17.5999, -0.055366
577.964, -17.4969, -1.19489
575.807, -17.6483, -0.157278
577.068, -17.3118, -3.07768
577.707, -17.2548, -1.99122
576.063, -18.2111, 0.841913
577.175, -17.7501, 1.75829
576.137, -18.5009, 1.01818
575.457, -16.7462, -1.82463
575.36, -16.3052, -2.03853
576.375, -19.0761, 1.96623
577.287, -23.408, -0.546224
577.13, -22.0387, -0.967797
581.412, -33.2877, -3.09581
580.724, -33.1882, -3.09464
577.334, -21.5214, -1.29339
577.581, -21.9049, 2.66843
577.528, -23.2035, 2.85953
579.592, -34.6909, -1.13028
577.817, -27.9529, -0.800763
576.417, -20.5103, 0.131416
579.958, -36.7867, -2.64707
578.767, -33.7408, 0.088309
576.455, -19.7856, 0.372924
578.252, -31.9087, -2.87162
576.757, -21.2422, 2.24307
577.458, -30.1054, -1.81251
575.871, -33.918, -2.22308
572.739, -31.7368, -1.05237
566.945, -34.3136, -2.24397
574.582, -21.3743, 0.545471
582.826, -36.0616, 2.58063
574, -13.1303, -1.53664
574.365, -14.7217, -2.38834
575.818, -19.1339, -0.940155
574.021, -8.70702, -1.9317
576.137, -16.0463, -0.769141
576.001, -15.9716, 0.777321
575.654, -12.3111, -0.123558
575.996, -15.1051, -0.775803
575.859, -6.68048, 0.415124
575.962, -13.9817, 1.42148
576.459, -13.4828, 2.77386
576.556, -3.52827, 1.22669
576.043, -16.7555, -0.890688
576.517, -9.06667, -0.722124
589.536, -16.6506, 2.64279
579.205, -17.5495, 2.32291
576.35, -7.82311, -2.09469
582.05, -17.081, -2.01336
581.467, -16.5731, -0.522959
587.989, -15.0812, -0.048519
587.327, -15.1541, 1.89522
586.438, -15.064, -1.48452
584.917, -15.1911, -3.04129
584.512, -15.5238, 2.46417
586.53, -14.5904, 2.24287
580.637, -16.6253, 1.154
585.777, -15.0118, -0.460662
582.807, -15.4502, -1.44282
580.596, -16.7535, -1.11225
585.46, -14.7094, 1.60829
586.125, -14.3611, 2.41643
586.034, -14.3747, 1.93844
587.82, -14.1372, -2.0813
588.536, -14.0952, -0.457053
583.956, -15.3102, -2.9715
586.266, -14.5327, -2.78702
588.355, -14.1223, 0.023566
587.859, -13.6817, 0.132346
588.37, -13.5007, -1.32592
583.805, -15.0068, -1.19464
586.19, -14.3922, 3.03669
586.66, -14.4939, 1.68325
583.323, -15.1068, 1.70355
588.676, -13.0724, -1.01785
585.449, -14.4503, -1.18354
586.524, -14.4875, 2.67678
587.155, -13.7969, -1.4187
588.109, -13.0031, 0.010562
587.421, -13.598, -2.82647
586.242, -13.8853, -2.26952
585.558, -14.3494, 0.881085
585.751, -14.5834, -2.22745
587.858, -13.4846, -1.73337
588.281, -13.6511, 1.76619
587.007, -13.6326, 1.75445
587.471, -13.6311, -2.28931
587.572, -13.1428, -2.34515
589.235, -10.1589, -1.56231
587.878, -12.0789, -2.32424
587.322, -10.6351, -1.57524
584.806, -2.97923, -2.21851
588.419, -12.981, 0.755631
584.657, -2.85772, -0.753331
586.332, -8.0304, -0.202397
586.446, -6.50882, 0.80577
588.87, -11.0028, -2.10474
588.92, -11.2343, 2.56013
581.359, 4.14537, -0.00018
581.484, 0.927566, -0.442138
594.542, -8.88501, 3.01966
589.82, -10.1686, 0.290351
589.864, -10.3453, 1.30465
589.953, -10.1407, -0.043225
590.243, -10.3134, -2.38948
593.814, -8.84096, 0.210708
593.452, -8.17546, -3.00143
593.082, -8.18728, -1.48712
610.528, 48.2223, -0.749405
607.943, 53.1158, -3.11616
594.797, -4.75457, 0.066449
594.013, -7.58984, -2.12367
594.013, -6.5542, 0.674004
593.998, -8.58074, -2.85217
592.998, -8.82295, -1.11665
592.126, -7.93, 0.256939
591.843, -7.32717, -0.151442
592.952, -6.59946, 0.693013
593.517, -7.83632, 1.35391
592.653, -6.82214, 0.114845
600.511, -10.7885, 0.160612
598.393, 0.830287, -1.3844
593.584, -8.51017, 2.0965
594.466, -4.80557, 1.087
598.712, -10.6711, 0.463556
597.121, -9.4234, -2.74287
597.27, -9.43628, -1.95054
598.176, -11.038, 2.00967
652.465, -60.4255, -0.540204
654.149, -56.2096, 0.822669
619.322, -27.9171, 2.84975
653.1, -57.2843, 0.283932
635.602, -40.5562, 0.3224
647.073, -48.9354, -2.10412
630.255, -37.3129, 1.92461
653.42, -58.6342, 0.437099
656.947, -55.2409, 0.266444
654.852, -56.8445, -0.605965
641.043, -48.3205, -1.75526
616.904, -25.7161, -0.522286
655.365, -60.9895, 1.98384
635.75, -43.1244, -2.82934
649.777, -64.6572, -0.381562
641.701, -67.6913, 2.04288
599.489, -9.48625, 1.79978
600.217, -8.61751, 0.923647
599.808, -9.28386, 0.585046
599.987, -8.47179, 0.030385
600.487, -7.20612, 2.21049
599.6, -8.78914, 0.285801
600.385, -7.44207, 2.685
600.898, -8.12938, 2.17602
600.436, -7.2765, 2.98296
600.084, -7.31644, -0.475265
599.229, -6.4027, -0.66716
671.929, 7.52233, -0.851013
599.96, -7.71448, -2.1173
606.444, 66.4974, -0.749951
600.129, 66.7719, 2.0084
609.104, 62.1043, -1.05666
609.349, 72.0998, -1.68194
600.407, 51.863, -1.2848
655.776, 10.6958, -2.39127
663.524, 31.1672, -2.35216
600.585, -8.59021, 2.22106
598.562, -9.8229, 1.40873
600.039, -9.02009, -2.10574
600.571, -9.85959, -1.91923
599.611, -9.69716, 0.968493
596.907, -10.0053, -0.805643
599.463, -9.65458, 1.75956
597.732, -11.7181, 3.00724
597.921, -10.2089, 2.85016
599.594, -9.88893, 1.90724
598.726, -9.93316, 1.89805
599.431, -10.2767, 0.789474
647.883, -74.8189, -1.69654
631.346, -72.5225, -2.69989
620.583, -85.0746, -3.07497
594.098, -4.664, 2.40695
622.144, -70.8942, -2.49034
598.352, -9.70588, 1.02322
598.032, -10.1864, -0.015241
598.488, -10.507, 0.111394
595.72, -8.5727, -2.20717
591.971, -7.07022, 0.841075
596.049, -9.54024, -2.06606
595.926, -9.79689, -2.42784
598.059, -11.8656, -2.91082
591.395, -7.00393, 2.88231
599.224, -10.2922, -0.157901
599.327, -14.0821, 1.69065
598.262, -12.8325, 0.900573
622.763, -53.3439, 0.391094
628.989, -63.618, -1.66955
635.651, -57.8265, 3.07065
633.936, -73.1701, 2.49716
639.993, -78.4044, -1.12306
637.853, -62.8523, 3.04609
644.976, -75.8052, 0.251764
641.231, -78.0312, 2.56742
636.726, -69.1419, -2.64279
645.075, -68.3306, 2.91139
605.489, -21.5261, 1.98344
635.621, -46.955, -3.01995
642.475, -50.1184, 2.7614
654.901, -72.4883, -0.275185
633.756, -47.3043, 2.13361
633.259, -58.4042, 0.090006
623.476, -65.9497, -2.54071
628.727, -78.9325, 2.22243
632.729, -57.1918, -2.40359
605.707, -42.3291, 1.58311
659.149, -50.3694, -0.419736
614.953, -86.0911, 2.55669
601.491, -42.7354, -0.376182
603.432, -15.1267, -2.02484
657.437, -54.5436, -0.639032
657.841, -61.6775, -0.660126
602.748, -15.5866, 3.09398
654.492, -74.7828, 1.50128
641.39, -62.1059, -2.31905
619.479, -52.3256, 2.51227
678.278, -16.9864, 0.094443
624.571, -65.2997, 0.573068
634.991, -86.9621, 2.41252
619.582, -50.5453, -0.098778
635.749, -72.0214, -0.42476
632.932, -57.5915, -0.049528
602.355, -16.599, 0.213718
599.029, -13.2288, 2.14815
601.81, -14.8368, 2.6336
599.211, -12.7594, 1.33509
601.894, -14.7779, 2.61293
602.324, -15.2334, 0.486768
601.997, -14.8603, -2.52461
601.971, -14.8189, 1.40771
598.808, -13.5957, 1.37151
601.524, -14.8104, 0.370918
521.374, -25.1063, -1.43565
535.172, -23.33, -1.33037
560.264, -28.9008, -0.177804
579.98, 35.2206, 0.8761
570.076, 41.2967, 1.08795
536.965, -37.4077, 0.362224
593.02, 47.1775, -0.357406
570.292, -72.5619, -2.47636
546.097, -61.8434, 1.66546
587.096, -28.0649, -2.87774
569.081, -62.7389, -1.35573
612.657, 14.2506, 2.6355
598.56, -11.6207, 1.00971
597.312, -8.45083, -2.62903
597.827, -8.7968, 2.34924
598.693, -13.2026, -2.09498
597.487, -10.555, -2.93303
597.695, -8.3396, 2.19216
597.831, -7.25717, -2.62256
599.075, -8.2493, -0.101588
599.017, -8.2879, -0.30942
599.391, -10.0815, 0.00287
600.578, -9.21819, 0.963021
599.287, -12.4981, -1.21632
598.957, -10.1371, 1.17997
598.661, -9.73941, -0.463281
598.938, -11.6249, 1.85826
598.31, -9.34705, -2.22578
599.273, -10.0541, 2.73242
599.306, -8.58607, 0.535842
598.276, -9.97685, 1.85226
599.06, -11.7646, 1.48633
598.182, -9.63786, 1.73223
598.407, -8.96168, 0.963209
598.317, -7.78215, 2.78057
598.386, -9.51214, 0.390477
599.335, -10.6607, 1.5931
597.756, -7.26931, -2.73896
598.794, -11.534, -1.62257
598.272, -10.7911, 0.72136
598.208, -9.43403, 1.78809
600.214, -9.73334, -1.04358
598.478, -8.62411, 0.429446
597.052, -7.03324, -2.4174
598.35, -8.82723, 0.088961
597.621, -7.11691, 0.043368
596.552, -5.84994, -0.418676
595.702, -3.44464, 2.54803
542.421, -7.11608, 1.58904
544.816, -23.6542, -0.976639
595.347, -2.84861, -2.74684
596.439, -4.67126, 0.787775
596.543, -4.79641, -2.49877
596.922, -5.5905, 2.53307
596.574, -3.27708, 1.69147
597.509, -7.03583, 2.3316
596.712, -4.59335, 1.47815
596.747, -5.13491, 2.07654
596.685, -3.6252, -0.177999
595.249, -5.33329, -1.25401
556.583, -6.21188, -1.02887
598.973, -2.59285, 2.44948
596.748, -3.12066, -1.31403
597.542, -4.62863, -2.87032
598.188, -4.55157, -1.54248
598.211, -4.65395, 2.60946
596.456, -3.08582, -0.12803
596.777, -3.24715, -1.30974
634.531, 12.8259, -0.599566
672.294, 27.7183, -1.09725
598.288, -2.73781, 2.22752
668.087, 13.0266, 1.85495
653.855, -43.1075, 1.22087
618.676, -4.44539, -0.213385
674.641, 16.5627, -2.44109
678.806, -7.81979, -1.84688
646.896, -15.0365, -2.948
648.619, -24.4721, -3.1407
599.667, 0.306156, -2.14405
601.196, 1.68085, 3.04509
530.572, 30.1695, -1.12132
556.251, 16.6869, 2.33954
550.38, 15.1608, 2.5335
577.44, 2.75051, 2.03444
652.791, 47.975, -2.76577
647.638, 33.6161, 0.318713
645.759, -13.0075, -2.95301
668.531, 35.1853, 0.598454
652.102, 20.8401, -1.64763
625.119, 7.83254, 2.07639
651.764, 12.9569, -2.70741
622.813, 8.66879, -2.05071
633.923, 16.7051, -2.30378
668.146, 44.1667, -1.70658
609.767, 4.46726, -1.5803
647.672, 22.33, -2.09028
665.894, 25.8982, 1.53741
664.926, 1.66544, -0.290456
586.605, -76.8288, -3.09483
624.807, -44.5553, 2.25661
598.258, -36.2987, -0.479814
607.276, -36.7698, -2.04172
596.327, -7.00011, 0.559373
596.266, -8.16149, 2.46045
599.184, -3.22738, -0.160833
619.131, -12.7272, -2.65735
607.68, -64.3687, -1.20885
620.743, -8.3768, 0.034373
602.546, -59.7598, 2.50134
585.255, -73.6794, 0.851071
597.25, -78.0375, 0.653987
605.488, -23.5754, 0.793013
605.109, -27.1392, -2.48805
598.076, -42.2965, 1.32
607.374, -53.1231, 0.964391
598.62, -2.84067, -0.600969
598.11, -3.8568, 1.61089
596.248, -4.86253, -1.71926
539.633, -7.91487, 0.108056
526.983, -9.62363, 1.75264
522.775, 1.85992, -2.94672
570.361, 0.059377, -1.44184
523.102, 23.9122, 0.979745
519.607, 2.40354, -2.30607
519.092, -8.1484, -2.1955
675.036, -13.2031, 1.77411
597.757, -3.78938, 0.110807
598.175, -3.43858, -0.039916
671.151, -12.2349, -1.9177
596.496, -6.55049, 0.504702
667.915, -9.27992, 1.5417
678.754, -11.4216, -1.35285
596.698, -6.57518, -1.87726
662.741, -11.0705, -1.30288
668.628, -7.47425, -1.4808
596.727, -4.74059, 1.85051
598.02, -4.48342, -1.49115
678.122, -13.0052, 2.25042
595.238, -4.1785, -0.029054
643.401, -8.79474, 1.0055
656.362, -10.157, 1.10596
597.689, -6.08547, 3.08224
667.761, -11.2773, 2.71116
643.36, -8.65354, -1.73728
669.147, -11.3156, 0.301997
643.919, -9.03225, -1.48206
670.718, -12.4393, 1.86896
652.046, -9.60813, -0.126155
664.381, -11.4753, 0.294106
678.654, -12.6217, -1.61801
668.601, -11.4841, 2.55695
595.813, -6.64672, 0.14173
653.298, -10.3191, 0.312727
597.156, -5.37442, -2.94286
674.845, -12.2957, 0.548023
663.268, -11.0611, -0.541217
655.311, -10.0956, 3.04485
596.17, -6.81565, -2.56494
639.676, -8.0736, 2.99165
637.998, -8.25139, 2.90889
633.61, -7.59329, -0.28189
596.584, -6.2417, -2.00017
661.503, -10.959, 0.800134
647.47, -9.3136, -0.037945
634.656, -7.58145, -1.42404
671.134, -11.58, 2.77684
678.087, -13.547, 1.3307
627.452, -6.77519, -2.16139
658.698, -10.1044, -1.25412
670.571, -11.9185, 1.5946
645.022, -9.09288, -0.881763
649.886, -9.79716, -1.46213
672.409, -11.608, 0.412664
646.812, -9.20833, 0.829228
598.122, -4.04701, 2.83245
678.322, -13.0346, -1.4047
676.987, -13.3121, -0.501422
631.7, -7.25779, 0.035001
598.023, -2.72991, 2.68865
664.156, -11.2413, -0.24953
668.263, -11.1861, -0.521176
669.713, -11.2891, -1.77662
658.545, -10.206, -3.01347
671.601, -12.2307, 2.74029
675.589, -12.9968, 3.0291
645.935, -9.18866, -3.04285
660.87, -11.1968, 0.743471
653.995, -10.225, 0.411529
672.807, -11.9455, -0.333769
598.002, -5.22535, -1.59909
598.552, -5.31991, -0.257372
655.213, -9.97446, -0.638987
673.089, -11.7931, 1.21817
659.687, -11.2316, 2.70793
