0.17885
0.192826
0.190258
0.190435
0.195423
0.190535
0.191948
0.190646
0.188639
0.189864
0.189773
0.192614
0.192608
0.190878
0.191185
0.190149
0.193209
0.195328
0.190569
0.190486
0.189601
0.192814
0.193826
0.189769
0.189138
0.190358
0.192515
0.189666
0.190164
0.190983
0.18949
0.1918
0.189459
0.191768
0.18895
0.195249
0.19273
0.189887
0.190295
0.189681
0.195319
0.192511
0.189327
0.190275
0.188729
0.189052
0.193694
0.188608
0.191361
0.190751
0.190075
0.190106
0.192882
0.19597
0.19181
0.190622
0.189109
0.192712
0.194685
0.189741
0.188725
0.189831
0.193016
0.195898
0.189101
0.189701
0.190218
0.191707
0.18977
0.188967
0.190434
0.192656
0.192066
0.190217
0.190159
0.189422
0.194175
0.192295
0.190993
0.190428
0.190041
0.193923
0.191081
0.189597
0.19039
0.1906
0.191057
0.192154
0.189669
0.190893
0.190413
0.190887
0.192296
0.189185
0.195404
0.189318
0.191152
0.189162
0.192522
0.195512
0.189897
0.18867
0.189213
0.193488
0.190455
0.190894
0.189609
0.190212
0.192941
0.189503
0.189248
0.189585
0.195634
0.193077
0.19028
0.188683
0.189177
0.196129
0.193481
0.188809
0.190404
0.190162
0.194261
0.192117
0.190653
0.189891
0.190601
0.190341
0.192412
0.191063
0.196296
0.189005
0.189351
0.193821
0.190335
0.195501
0.189704
0.189525
0.188624
0.193174
0.196212
0.190952
0.190121
0.190626
0.191989
0.19093
0.190273
0.188916
0.190165
0.191584
0.189507
0.190895
0.190121
0.193737
0.192383
0.188853
0.189601
0.189157
0.196226
0.192368
0.190269
0.189732
0.189556
0.189131
0.190248
0.189595
0.197213
0.189455
0.189804
0.19179
0.190808
0.195108
0.189147
0.189343
0.192873
0.191214
0.194746
0.189349
0.189385
0.190268
0.190047
0.188845
0.190774
0.188405
0.195622
0.192805
0.189206
0.191394
0.191268
0.195541
0.191838
0.190725
0.189498
0.189368
0.194437
0.193067
0.190695
0.189081
0.189712
0.190666
0.190716
0.188652
0.192055
0.190831
0.190175
0.193812
0.189969
0.19507
0.190866
0.189512
0.192518
0.190525
0.195175
0.191553
0.189517
0.19166
0.190084
0.18953
0.189008
0.189874
0.189683
0.19205
0.190345
0.190086
0.189024
0.194637
0.192968
0.190301
0.188912
0.189903
0.195786
0.19156
0.187866
0.188507
0.190241
0.188951
0.191334
0.188492
0.192678
0.189483
0.188655
0.19096
0.188094
0.192137
0.187237
0.188118
0.193226
0.189798
0.19047
0.190066
0.189593
0.192091
0.188886
0.191073
0.191818
0.191738
0.19607
0.191556
0.189797
0.194588
0.190196
0.195507
0.193526
0.189526
0.195414
0.190346
0.196311
0.193783
0.190273
0.195834
0.19124
0.196785
0.195364
0.191623
0.196743
0.19071
0.196287
0.192085
0.190234
0.194707
0.190704
0.197301
0.194164
0.189714
0.196728
0.188837
0.189336
0.198805
0.190171
0.19538
0.189863
0.190281
0.202034
0.192583
0.198123
0.192668
0.19287
0.201824
0.191897
0.197999
0.192271
0.192749
0.200549
0.190147
0.194569
0.191585
0.191228
0.200586
0.192024
0.195892
0.191183
0.189326
0.200408
0.191832
0.196419
0.191136
0.190832
0.199176
0.18995
0.194828
0.189482
0.190035
0.198905
0.190921
0.19595
0.189464
0.189107
0.200307
0.189664
0.18985
0.196764
0.191586
0.235549
0.190053
0.19776
0.191254
0.191189
0.205499
0.190983
0.196664
0.191333
0.189879
0.198637
0.190917
0.190486
0.195494
0.191586
0.197665
0.191064
0.211023
0.190653
0.189372
0.198598
0.189837
0.189493
0.192234
0.191218
0.199927
0.190157
0.190008
0.19357
0.191037
0.198933
0.190161
0.190819
0.192759
0.190361
0.193984
0.190645
0.190662
0.194076
0.190561
0.190117
0.194983
0.190495
0.197968
0.190041
0.190218
0.197297
0.190172
0.195006
0.189564
0.190734
0.19643
0.190544
0.196244
0.19041
0.190143
0.211951
0.189895
0.196385
0.190501
0.189994
0.195478
0.190719
0.192308
0.190575
0.190173
0.196984
0.189077
0.190933
0.192543
0.191066
0.198721
0.189972
0.195055
0.19354
0.18996
0.198507
0.190173
0.191166
0.193346
0.189723
0.200618
0.192354
0.190694
0.193454
0.190424
0.195288
0.190572
0.191577
0.192785
0.191409
0.19392
0.191496
0.190985
0.197239
0.190463
0.193748
0.192042
0.190201
0.196687
0.190448
0.19163
0.196379
0.190243
0.19507
0.192208
0.19121
0.197384
0.190683
0.194715
0.191009
0.191379
0.195258
0.189908
0.194156
0.191267
0.190986
0.195771
0.188559
0.189757
0.193925
0.190863
0.199068
0.190489
0.190972
0.192537
0.189802
0.197952
0.191025
0.192259
0.199111
0.189809
0.19985
0.191462
0.191623
0.197708
0.191739
0.198373
0.191692
0.192131
0.196933
0.192555
0.199358
0.190076
0.192015
0.198797
0.191041
0.199804
0.191421
0.191354
0.19827
0.191576
0.195254
0.195252
0.191435
0.19755
0.191557
0.193417
0.198055
0.191739
0.197464
0.191673
0.195596
0.196715
0.191289
0.198131
0.191939
0.194505
0.198092
0.191552
0.198294
0.191588
0.195342
0.19707
0.191138
0.197318
0.190707
0.19617
0.197877
0.192049
0.195585
0.191078
0.194952
0.198197
0.192522
0.197167
0.192504
0.19505
0.198199
0.191595
0.19784
0.189311
0.191596
0.201117
0.192822
0.19233
0.191918
0.190609
0.199354
0.191651
0.190946
0.197478
0.191634
0.200453
0.192925
0.191466
0.199582
0.191959
0.200008
0.191415
0.19189
0.197173
0.19232
0.200624
0.191833
0.191553
0.197283
0.189682
0.200924
0.191176
0.190243
0.196055
0.192906
0.199097
0.192592
0.192128
0.197465
0.191936
0.200888
0.190003
0.190378
0.19811
0.191813
0.201492
0.191024
0.191782
0.198518
0.191851
0.201902
0.192213
0.190056
0.197094
0.191248
0.194301
0.195003
0.190766
0.197187
0.192633
0.196316
0.197908
0.191007
0.196837
0.191821
0.196257
0.198339
0.191965
0.197189
0.192301
0.196452
0.197462
0.193488
0.196211
0.1914
0.195231
0.198524
0.192529
0.195823
0.192158
0.19322
0.199234
0.191073
0.197385
0.190899
0.194373
0.197643
0.190682
0.198784
0.191621
0.193152
0.196327
0.191994
0.197797
0.1918
0.194819
0.197465
0.191433
0.198395
0.190718
0.193282
0.198491
0.190215
0.192909
0.196666
0.194432
0.197339
0.190542
0.191671
0.197677
0.19342
0.196495
0.192623
0.191189
0.196166
0.194466
0.197065
0.189399
0.192773
0.196838
0.19562
0.1971
0.192912
0.191883
0.197181
0.195564
0.198589
0.191369
0.18943
0.19883
0.19646
0.197774
0.191862
0.192662
0.197575
0.191728
0.201041
0.191066
0.190942
0.197914
0.190404
0.201899
0.192443
0.191548
0.197671
0.193136
0.200498
0.193281
0.192751
0.198817
0.192186
0.194365
0.192173
0.19211
0.198575
0.192311
0.195247
0.195024
0.19305
0.197803
0.190575
0.193911
0.197238
0.192174
0.198243
0.192154
0.195972
0.19802
0.190994
0.196012
0.19222
0.193288
0.198529
0.191936
0.197471
0.192619
0.195702
0.19818
0.192452
0.197401
0.19264
0.195109
0.198241
0.190585
0.19742
0.190751
0.193781
0.197777
0.191841
0.196458
0.192188
0.195007
0.197985
0.191348
0.197457
0.19055
0.196364
0.197938
0.191867
0.197662
0.191772
0.19519
0.196503
0.189891
0.192719
0.19145
0.195606
0.198595
0.191506
0.191109
0.196821
0.195967
0.198399
0.192427
0.191433
0.199243
0.1961
0.197468
0.192807
0.191935
0.196877
0.194549
0.19663
0.191327
0.19182
0.196667
0.195886
0.197461
0.191255
0.192175
0.198007
0.195509
0.197064
0.192744
0.190387
0.197422
0.194868
0.196681
0.19275
0.191775
0.197022
0.194681
0.199588
0.190836
0.191976
0.198114
0.195569
0.19866
0.190046
0.192195
0.196464
0.195803
0.196776
0.191286
0.192143
0.197909
0.19509
0.198226
0.192146
0.190357
0.196305
0.194733
0.19113
0.197194
0.192084
0.195621
0.19533
0.19239
0.197784
0.192612
0.196992
0.194908
0.19237
0.197052
0.192437
0.195246
0.193803
0.190722
0.196118
0.190092
0.197823
0.196016
0.192278
0.198225
0.192113
0.19729
0.194234
0.192098
0.197965
0.191239
0.198207
0.195129
0.189582
0.198546
0.191981
0.198177
0.194584
0.192642
0.197079
0.192063
0.198766
0.191527
0.196266
0.198672
0.191367
0.198228
0.191123
0.194376
0.198503
0.191803
0.19771
0.190918
0.193231
0.196876
0.192374
0.192977
0.196406
0.196229
0.19704
0.193332
0.192364
0.196507
0.196183
0.197203
0.191788
0.19232
0.198635
0.194106
0.197647
0.193125
0.192171
0.197439
0.196417
0.19754
0.192772
0.192636
0.198678
0.194099
0.197275
0.191609
0.192543
0.198104
0.196502
0.197057
0.191909
0.191519
0.197458
0.194289
0.195939
0.191494
0.192952
0.196117
0.195654
0.197473
0.1923
0.19274
0.199143
0.195671
0.198001
0.192127
0.192294
0.198063
0.195495
0.196278
0.192473
0.191048
0.198846
0.193524
0.198587
0.191257
0.192832
0.196467
0.196108
0.192488
0.197574
0.192462
0.195918
0.195986
0.192204
0.196587
0.19307
0.198615
0.194526
0.191156
0.198365
0.191263
0.196965
0.194098
0.192286
0.197255
0.19268
0.195591
0.194416
0.191777
0.196741
0.191159
0.197757
0.195271
0.192272
0.198294
0.191897
0.197711
0.195048
0.192012
0.196872
0.191624
0.195698
0.193568
0.191821
0.196417
0.191329
0.197914
0.195405
0.191645
0.199124
0.192226
0.198352
0.195068
0.191108
0.197916
0.191372
0.198691
0.196129
0.192784
0.197085
0.192874
0.198332
0.196295
0.192384
0.198127
0.19063
0.191297
0.199942
0.192026
0.19727
0.191741
0.192822
0.200043
0.190645
0.197711
0.19163
0.192183
0.20177
0.192579
0.198248
0.192682
0.191904
0.201958
0.190735
0.196971
0.192058
0.190683
0.201728
0.191647
0.197087
0.1926
0.192121
0.201987
0.192888
0.197309
0.191924
0.191336
0.199165
0.191582
0.199204
0.192473
0.191708
0.199979
0.19131
0.196087
0.192
0.190891
0.202625
0.19223
0.197898
0.192187
0.191468
0.201167
0.190752
0.197277
0.190998
0.192132
0.201465
0.192473
0.196642
0.19169
0.191611
0.200205
0.190995
0.190588
0.196801
0.191959
0.196763
0.194495
0.191954
0.19651
0.189784
0.195609
0.194811
0.193071
0.19638
0.191082
0.198628
0.194422
0.192321
0.19772
0.191403
0.19652
0.196228
0.191745
0.198795
0.190838
0.196973
0.195964
0.192171
0.197644
0.191557
0.196768
0.194394
0.193127
0.198593
0.191413
0.197937
0.195156
0.191904
0.198578
0.190785
0.196889
0.194681
0.19168
0.198133
0.191598
0.197231
0.194669
0.193385
0.197675
0.191196
0.198093
0.195601
0.192842
0.196925
0.190976
0.197465
0.194626
0.191055
0.194984
0.1905
0.196996
0.194993
0.191607
0.197831
0.19231
0.190966
0.201844
0.190719
0.198927
0.191726
0.192423
0.201099
0.191143
0.196597
0.190993
0.191809
0.201249
0.191598
0.197201
0.191691
0.192641
0.200362
0.192508
0.196535
0.192015
0.191741
0.201684
0.192032
0.19721
0.192835
0.190255
0.201225
0.192099
0.196277
0.193159
0.191563
0.201706
0.192472
0.196498
0.192356
0.192341
0.201878
0.190293
0.195912
0.192713
0.191513
0.201939
0.192613
0.197333
0.191595
0.191955
0.201545
0.19147
0.197679
0.191386
0.191537
0.201854
0.192463
0.196218
0.19244
0.190641
0.202044
0.192078
0.199204
0.192118
0.192249
0.202325
0.192298
0.198489
0.192429
0.192777
0.2009
0.19092
0.198274
0.192335
0.191714
0.200587
0.192118
0.198124
0.192649
0.193028
0.20034
0.193091
0.19746
0.191067
0.193273
0.199457
0.192838
0.196802
0.192372
0.191494
0.200053
0.191979
0.196987
0.192557
0.191659
0.200386
0.191627
0.199033
0.192519
0.19143
0.202174
0.192136
0.198852
0.192081
0.190821
0.201319
0.191508
0.192429
0.188788
0.192551
0.201786
0.192188
0.191258
0.198281
0.191002
0.201119
0.192477
0.19229
0.192563
0.190984
0.198154
0.188798
0.19002
0.190622
0.191185
0.198287
0.190024
0.189741
0.189073
0.19016
0.198859
0.190642
0.188452
0.190448
0.189491
0.19255
0.190677
0.190168
0.195223
0.190543
0.192559
0.190214
0.188651
0.195798
0.188722
0.190657
0.192407
0.190831
0.194009
0.190336
0.189759
0.193219
0.190235
0.19005
0.189546
0.190912
0.192152
0.190675
0.190749
0.190466
0.190132
0.19783
0.190701
0.191438
0.189107
0.189732
0.197817
0.189929
0.189076
0.190474
0.190752
0.19354
0.189667
0.188998
0.188595
0.190568
0.193563
0.191714
0.190763
0.196145
0.189516
0.191843
0.189228
0.19119
0.195597
0.188748
0.189069
0.193075
0.189996
0.189861
0.18988
0.190403
0.192575
0.190852
0.190291
0.189758
0.188985
0.19859
0.190162
0.190711
0.190547
0.189319
0.196803
0.190067
0.18965
0.189877
0.188237
0.19494
0.190827
0.191429
0.189324
0.189524
0.191802
0.189867
0.190182
0.194763
0.189484
0.192623
0.19088
0.188597
0.195722
0.191709
0.19261
0.190429
0.190602
0.196525
0.189574
0.1932
0.190792
0.189723
0.189745
0.18983
0.190079
0.198032
0.19011
0.190599
0.189952
0.190587
0.198174
0.188665
0.190546
0.189863
0.190477
0.197461
0.190629
0.189498
0.190321
0.190033
0.193367
0.190216
0.190396
0.190165
0.190927
0.192734
0.188854
0.191484
0.197024
0.190368
0.192053
0.189094
0.190866
0.196159
0.190377
0.190916
0.190159
0.189582
0.196508
0.189799
0.194504
0.190408
0.188788
0.191402
0.190594
0.191058
0.191005
0.190088
0.189585
0.188633
0.188755
0.197412
0.190012
0.19014
0.189794
0.18958
0.197175
0.191053
0.190402
0.189856
0.190033
0.191339
0.189944
0.190743
0.190113
0.189925
0.191665
0.19097
0.191473
0.194405
0.189775
0.193179
0.188859
0.190412
0.195726
0.190503
0.19424
0.190653
0.189898
0.195455
0.190424
0.191649
0.191288
0.189246
0.190837
0.189369
0.192724
0.194969
0.189934
0.189514
0.190186
0.193154
0.194095
0.1897
0.188777
0.190226
0.189732
0.198329
0.189892
0.190329
0.190111
0.188635
0.192896
0.190066
0.189839
0.193629
0.189807
0.190536
0.189751
0.189494
0.196172
0.188682
0.192334
0.189682
0.188282
0.194081
0.188929
0.193295
0.19
0.1896
0.191216
0.190845
0.192356
0.193337
0.18895
0.189657
0.191283
0.19196
0.19411
0.191326
0.190111
0.19101
0.193897
0.193719
0.189565
0.190469
0.18961
0.189202
0.192842
0.190222
0.189464
0.189494
0.189026
0.193017
0.190069
0.189524
0.194982
0.18935
0.192636
0.190841
0.189003
0.19469
0.190438
0.193506
0.190669
0.189946
0.190191
0.188742
0.192589
0.189742
0.190852
0.190326
0.190486
0.19318
0.194229
0.189284
0.189004
0.190661
0.192801
0.194947
0.190138
0.189822
0.18974
0.193373
0.191085
0.190719
0.19001
0.189398
0.190684
0.190606
0.190026
0.19055
0.195766
0.189667
0.192573
0.190046
0.19146
0.194901
0.189539
0.192265
0.191094
0.188986
0.195554
0.191415
0.193505
0.19027
0.190042
0.190272
0.190489
0.194118
0.191196
0.191367
0.190053
0.188735
0.193157
0.195099
0.190378
0.188877
0.190471
0.192285
0.194204
0.18996
0.188787
0.18923
0.192963
0.196625
0.189418
0.189166
0.189982
0.191734
0.19415
0.188669
0.189642
0.18954
0.191962
0.190156
0.190272
0.190634
0.194751
0.192951
0.189096
0.189281
0.189204
0.19535
0.190273
0.191847
0.190734
0.189192
0.194599
0.189408
0.191564
0.190358
0.189049
0.190527
0.189732
0.192996
0.189759
0.188227
0.189916
0.191065
0.192337
0.195933
0.189685
0.190111
0.190246
0.192156
0.194919
0.191431
0.189951
0.190143
0.191459
0.190474
0.190862
0.189648
0.190255
0.193874
0.189826
0.190492
0.190715
0.196327
0.19246
0.190697
0.191371
0.189211
0.196238
0.192713
0.189113
0.189353
0.190727
0.192133
0.189499
0.191186
0.18997
0.190358
0.190329
0.18957
0.190975
0.195333
0.190333
0.191103
0.190293
0.193653
0.195433
0.190776
0.189934
0.191144
0.192195
0.194896
0.189755
0.190736
0.190757
0.192832
0.18952
0.19046
0.190546
0.195726
0.192106
0.190181
0.19062
0.191045
0.194136
0.193457
0.19022
0.18926
0.189344
0.19432
0.193491
0.188176
0.189548
0.189627
0.190887
0.190425
0.190878
0.192377
0.190968
0.189498
0.188793
0.192729
0.195626
0.191023
0.189207
0.191722
0.19163
0.195618
0.190052
0.189971
0.190259
0.193227
0.19186
0.19095
0.189893
0.19022
0.193281
0.1895
0.19052
0.189435
0.194876
0.195833
0.189319
0.189344
0.191038
0.194847
0.193651
0.189254
0.189959
0.190224
0.190025
0.192838
0.191522
0.190097
0.191065
0.190423
0.192057
0.189273
0.195891
0.190302
0.189014
0.189479
0.191826
0.195654
0.190739
0.18942
0.189549
0.190281
0.189817
0.189694
0.190769
0.190012
0.191236
0.190951
0.189191
0.190108
0.194725
0.192399
0.190626
0.191317
0.188934
0.194827
0.191146
0.190528
0.190137
0.189967
0.191509
0.19105
0.190411
0.188446
0.18889
0.190021
0.192123
0.188614
0.194549
0.190159
0.190074
0.192775
0.190536
0.194875
0.190864
0.189751
0.187844
0.192593
0.190496
0.188442
0.190902
0.189898
0.192558
0.189566
0.190925
0.191986
0.195415
0.192593
0.190499
0.190671
0.189316
0.196212
0.190645
0.188531
0.189105
0.189571
0.191318
0.191776
0.188636
0.189366
0.188729
0.189128
0.1937
0.189129
0.195985
0.189853
0.19098
0.19114
0.190502
0.196069
0.190027
0.188131
0.189182
0.192076
0.190223
0.190755
0.189152
0.19137
0.193646
0.191119
0.19069
0.191421
0.197508
0.191465
0.189684
0.191112
0.189833
0.19423
0.191896
0.191102
0.191214
0.189002
0.189164
0.192039
0.189825
0.189827
0.190416
0.190856
0.191838
0.19109
0.196701
0.189032
0.190537
0.191919
0.189938
0.195585
0.190533
0.189495
0.192518
0.189759
0.194655
0.188524
0.190833
0.191613
0.189457
0.189809
0.189319
0.190403
0.195939
0.190646
0.188378
0.189914
0.189044
0.19644
0.192782
0.190489
0.191152
0.190976
0.196186
0.193044
0.191022
0.190802
0.189512
0.191888
0.192099
0.191213
0.190014
0.189042
0.189857
0.191847
0.188979
0.194296
0.189219
0.188861
0.19326
0.188689
0.196003
0.190496
0.191144
0.191981
0.189634
0.189994
0.189378
0.189939
0.191778
0.188751
0.191083
0.188575
0.190099
0.194984
0.190824
0.19002
0.188939
0.191293
0.195681
0.190854
0.18954
0.191076
0.190018
0.190956
0.190994
0.188759
0.195614
0.190821
0.190526
0.192573
0.190612
0.194839
0.188486
0.18988
0.192547
0.191063
0.196849
0.190929
0.190009
0.193324
0.191163
0.191249
0.188605
0.188985
0.194144
0.190872
0.190984
0.190732
0.189813
0.197651
0.190295
0.189485
0.190458
0.18989
0.19619
0.190133
0.189955
0.189907
0.189623
0.188825
0.192049
0.190495
0.190013
0.190369
0.191385
0.191545
0.18923
0.195874
0.191228
0.190225
0.19327
0.190355
0.195354
0.187894
0.188659
0.192948
0.190693
0.1967
0.191086
0.189377
0.191935
0.190502
0.189659
0.189601
0.191847
0.197477
0.190397
0.18958
0.188562
0.188946
0.197748
0.189159
0.189174
0.191093
0.190015
0.196245
0.188796
0.19004
0.189571
0.190171
0.191626
0.19128
0.187511
0.194127
0.189351
0.19071
0.191538
0.190284
0.195244
0.190893
0.190002
0.191043
0.190504
0.195065
0.188797
0.189327
0.192086
0.188697
0.19069
0.1907
0.190566
0.192785
0.18919
0.188516
0.189835
0.189174
0.196838
0.191208
0.190355
0.189502
0.190662
0.197917
0.188578
0.190131
0.188089
0.190879
0.19342
0.190026
0.189553
0.191058
0.190379
0.189943
0.191674
0.190395
0.195447
0.18893
0.190379
0.192531
0.190541
0.195611
0.190758
0.189187
0.191757
0.190864
0.190023
0.189249
0.190368
0.193372
0.190955
0.189758
0.191409
0.190667
0.198866
0.190309
0.189072
0.189955
0.191073
0.198122
0.191157
0.189779
0.189983
0.188842
0.192809
0.190856
0.190476
0.190192
0.189096
0.193361
0.189948
0.190205
0.192889
0.190735
0.189052
0.191299
0.189338
0.196057
0.189449
0.188929
0.192196
0.1887
0.191324
0.190795
0.189712
0.191207
0.189744
0.190166
0.189929
0.189684
0.197302
0.191327
0.189282
0.188857
0.190203
0.197014
0.190926
0.190787
0.191164
0.189822
0.192206
0.190592
0.189659
0.189558
0.190445
0.191929
0.190731
0.189284
0.196631
0.190201
0.191155
0.190865
0.191256
0.196501
0.189963
0.191288
0.188739
0.190065
0.190135
0.190212
0.190119
0.192952
0.188983
0.190529
0.188701
0.190477
0.197429
0.188462
0.188459
0.189325
0.189498
0.198593
0.190766
0.19102
0.188945
0.189175
0.192823
0.190032
0.189624
0.190593
0.1892
0.191874
0.189289
0.190889
0.19549
0.190346
0.192234
0.189544
0.189483
0.195556
0.189813
0.192504
0.189877
0.189798
0.189717
0.18953
0.189348
0.193176
0.190604
0.189493
0.18948
0.190086
0.198961
0.18908
0.190932
0.19053
0.189841
0.198726
0.188249
0.190676
0.189732
0.188504
0.192596
0.191046
0.190027
0.189351
0.191147
0.193198
0.189398
0.189685
0.192401
0.191488
0.194085
0.189625
0.189699
0.195841
0.19048
0.192806
0.190139
0.190519
0.189837
0.191326
0.192295
0.189213
0.190441
0.189685
0.191184
0.190814
0.197322
0.189406
0.190241
0.190402
0.19076
0.199086
0.191168
0.190743
0.188603
0.190105
0.19798
0.191899
0.190097
0.191251
0.190413
0.192684
0.189791
0.189469
0.192815
0.190008
0.191794
0.190306
0.19005
0.196356
0.188836
0.193036
0.18996
0.188724
0.195828
0.190737
0.191586
0.188896
0.189488
0.189498
0.190606
0.191957
0.191029
0.191565
0.190075
0.190525
0.194092
0.195901
0.190363
0.190542
0.189181
0.19054
0.19695
0.189107
0.190972
0.189353
0.190806
0.197769
0.190457
0.19023
0.190506
0.19031
0.193869
0.189666
0.188888
0.196317
0.188994
0.191209
0.189454
0.190457
0.196168
0.191057
0.19176
0.189677
0.188049
0.195517
0.190934
0.195223
0.188471
0.190965
0.190966
0.190828
0.192657
0.190522
0.189975
0.189788
0.190222
0.19183
0.193943
0.189303
0.190967
0.190079
0.192581
0.195165
0.191842
0.190322
0.190264
0.190214
0.194002
0.190143
0.190127
0.190408
0.190576
0.194315
0.189303
0.190451
0.196127
0.18967
0.191325
0.190745
0.190149
0.19575
0.190552
0.192041
0.190596
0.190383
0.195043
0.189478
0.192582
0.190231
0.190836
0.189519
0.191125
0.191493
0.195886
0.189737
0.191339
0.190407
0.190166
0.19676
0.190465
0.190428
0.191193
0.194468
0.194497
0.189565
0.189366
0.18985
0.190473
0.190281
0.188711
0.190277
0.189914
0.190374
0.192501
0.188774
0.189872
0.197055
0.188911
0.191469
0.191361
0.190102
0.195107
0.189309
0.192442
0.189655
0.191036
0.191684
0.190231
0.192601
0.189912
0.190978
0.190512
0.189445
0.193036
0.196791
0.191057
0.190779
0.18996
0.192835
0.195104
0.190591
0.190386
0.189487
0.19299
0.195655
0.189798
0.1896
0.190201
0.193415
0.18968
0.189788
0.190627
0.192373
0.193747
0.190143
0.190181
0.190317
0.195628
0.189582
0.191707
0.188354
0.189609
0.193771
0.189986
0.192895
0.191057
0.190437
0.190829
0.191432
0.192864
0.189506
0.190955
0.191657
0.189339
0.193656
0.196107
0.190685
0.191207
0.190656
0.192393
0.195624
0.188858
0.191656
0.189832
0.192431
0.195777
0.187831
0.189291
0.189837
0.193255
0.191087
0.19026
0.190375
0.197046
0.193792
0.189804
0.190777
0.188623
0.196632
0.192021
0.190545
0.190105
0.191067
0.195289
0.188945
0.193266
0.19125
0.18944
0.191942
0.188546
0.193276
0.19004
0.191309
0.189446
0.190171
0.191655
0.195426
0.190467
0.190022
0.189572
0.194066
0.19525
0.190426
0.189881
0.190911
0.19106
0.190844
0.189412
0.190172
0.190299
0.193605
0.189195
0.189893
0.189769
0.194368
0.193834
0.189342
0.190564
0.190684
0.196221
0.191256
0.188289
0.189822
0.191268
0.194796
0.192336
0.189679
0.191129
0.189298
0.189742
0.190475
0.192262
0.194529
0.189228
0.191957
0.188791
0.192747
0.194033
0.190009
0.189283
0.190196
0.19261
0.195411
0.189555
0.188979
0.191067
0.193027
0.190248
0.189026
0.189355
0.189249
0.191772
0.189292
0.1906
0.189971
0.192798
0.191843
0.190977
0.191543
0.18821
0.195537
0.191506
0.189745
0.190256
0.188612
0.191348
0.193542
0.189682
0.188948
0.189979
0.187933
0.190001
0.190457
0.195713
0.188884
0.189749
0.189592
0.192604
0.195643
0.191169
0.1895
0.188908
0.191434
0.18953
0.189897
0.190634
0.190491
0.191233
0.190969
0.190981
0.189613
0.196803
0.190835
0.189789
0.190051
0.188614
0.194578
0.193158
0.190845
0.190314
0.190142
0.189876
0.190286
0.190333
0.190254
0.190725
0.190495
0.191785
0.190487
0.196312
0.190222
0.188943
0.190483
0.191208
0.194746
0.191394
0.191089
0.190364
0.193869
0.196062
0.190212
0.189233
0.190171
0.193147
0.190326
0.190189
0.189655
0.195805
0.192418
0.188208
0.189793
0.19024
0.195394
0.193017
0.189743
0.18963
0.189596
0.197506
0.194979
0.188147
0.189647
0.191209
0.190733
0.194145
0.189948
0.189578
0.190317
0.190522
0.192711
0.190177
0.195483
0.190425
0.190433
0.194311
0.191381
0.196367
0.190227
0.191081
0.194261
0.190314
0.195672
0.190901
0.190066
0.190665
0.191055
0.190119
0.189349
0.190596
0.189427
0.193438
0.190487
0.190553
0.190624
0.195506
0.193429
0.190323
0.191418
0.189223
0.195035
0.19159
0.190552
0.190154
0.191167
0.196803
0.193062
0.190264
0.190948
0.190761
0.190525
0.192737
0.190816
0.191628
0.189868
0.190717
0.194403
0.189493
0.196428
0.189299
0.189308
0.193553
0.192106
0.195587
0.19027
0.190187
0.194019
0.190375
0.189693
0.189764
0.190053
0.189562
0.193498
0.189957
0.189247
0.190975
0.195124
0.192499
0.19133
0.190012
0.191162
0.194587
0.192828
0.189458
0.190564
0.189719
0.197309
0.192496
0.190444
0.190154
0.190031
0.189382
0.193282
0.189784
0.189883
0.189094
0.190062
0.193282
0.190442
0.195968
0.19093
0.191228
0.192248
0.191244
0.196322
0.190788
0.189554
0.19255
0.190027
0.197228
0.190178
0.190338
0.193751
0.190497
0.189455
0.19113
0.189206
0.197866
0.190782
0.190349
0.190344
0.189296
0.197073
0.192362
0.190554
0.190366
0.190837
0.194937
0.192255
0.189273
0.190609
0.189228
0.189601
0.19264
0.190625
0.190627
0.190049
0.191163
0.192989
0.190708
0.194689
0.189841
0.190255
0.194187
0.190951
0.195989
0.18884
0.190695
0.192451
0.189682
0.195797
0.190092
0.188633
0.19309
0.189271
0.189029
0.191341
0.190116
0.194281
0.18919
0.189658
0.188597
0.189711
0.198043
0.191415
0.190101
0.189199
0.189464
0.197912
0.190724
0.191046
0.188871
0.190173
0.19622
0.192474
0.190359
0.190583
0.190568
0.191955
0.19303
0.189478
0.190822
0.190973
0.190409
0.192288
0.190081
0.196162
0.190398
0.189658
0.192434
0.190527
0.194984
0.190973
0.189981
0.193051
0.19059
0.196336
0.190217
0.190326
0.191539
0.191247
0.190101
0.190447
0.189318
0.197311
0.189489
0.190904
0.189865
0.19078
0.196897
0.190484
0.188917
0.19077
0.189709
0.198035
0.190799
0.190207
0.189761
0.189882
0.190415
0.190565
0.19135
0.19041
0.189153
0.189938
0.192081
0.19006
0.194269
0.188762
0.18965
0.192479
0.190495
0.197561
0.190952
0.191119
0.192342
0.191298
0.18887
0.191312
0.19152
0.192728
0.188872
0.189574
0.190162
0.190376
0.197091
0.190685
0.190992
0.189844
0.189834
0.198949
0.18937
0.190458
0.188775
0.188835
0.198131
0.189959
0.190592
0.190499
0.190424
0.1919
0.192117
0.193034
0.198406
0.191632
0.195918
0.191341
0.189953
0.197387
0.192203
0.194528
0.198645
0.19264
0.196865
0.191452
0.192289
0.199467
0.19252
0.19779
0.192256
0.192344
0.199549
0.174482
0.191205
0.174476
0.173534
0.174093
0.174928
0.177628
0.178859
0.179085
0.174496
0.173683
0.174302
0.174103
0.174522
0.175124
0.181207
0.174146
0.17338
0.174347
0.174848
0.174298
0.174163
0.181607
0.173717
0.174466
0.173993
0.174024
0.173934
0.191627
0.174542
0.173747
0.192305
0.176787
0.174199
0.174173
0.174195
0.173641
0.174549
0.179059
0.177152
0.174049
0.174472
0.173528
0.17477
0.174245
0.180285
0.175837
0.173624
0.174121
0.174024
0.175191
0.17396
0.174698
0.179619
0.173189
0.177856
0.17412
0.174549
0.174875
0.175693
0.174883
0.1783
0.179751
0.173773
0.173615
0.174338
0.174406
0.174424
0.175566
0.17431
0.179067
0.177225
0.173856
0.174622
0.174116
0.173966
0.173854
0.173743
0.180577
0.174893
0.177237
0.173888
0.174692
0.174162
0.174951
0.180855
0.180864
0.177176
0.174845
0.178597
0.172643
0.173921
0.175933
0.179194
0.180329
0.174346
0.178152
0.174023
0.174746
0.17468
0.174458
0.17477
0.174968
0.179633
0.174758
0.175141
0.173953
0.174631
0.174507
0.173604
0.174479
0.192817
0.177541
0.174297
0.174514
0.173368
0.174267
0.17502
0.174414
0.173953
0.17929
0.17668
0.175198
0.175507
0.195842
0.17464
0.194268
0.173908
0.174564
0.174633
0.173754
0.173923
0.174502
0.174702
0.17485
0.179314
0.181591
0.173163
0.174315
0.176091
0.1737
0.191114
0.191263
0.191192
0.191663
0.191678
0.190085
0.190287
0.193141
0.189221
0.189554
0.190227
0.189871
0.192253
0.193803
0.191118
0.190767
0.188293
0.193262
0.208083
0.189499
0.191049
0.190037
0.193235
0.19059
0.191504
0.190153
0.190804
0.19192
0.195075
0.188972
0.190905
0.190402
0.193035
0.194018
0.188084
0.188456
0.188678
0.19603
0.190855
0.190737
0.189507
0.189
0.192998
0.190544
0.190141
0.189601
0.195117
0.193177
0.188647
0.191258
0.190563
0.195452
0.19496
0.190091
0.18854
0.188887
0.196076
0.190411
0.191212
0.189824
0.188942
0.189746
0.188941
0.190731
0.189996
0.188763
0.189398
0.190606
0.193043
0.196353
0.188201
0.190266
0.190463
0.192453
0.193267
0.191352
0.189716
0.189989
0.192586
0.189809
0.189471
0.188352
0.189034
0.193227
0.190187
0.19055
0.189897
0.193677
0.192575
0.19111
0.189609
0.188247
0.195272
0.193273
0.191175
0.190949
0.190321
0.194821
0.192396
0.189148
0.190203
0.189668
0.188405
0.189762
0.192348
0.191079
0.189655
0.191244
0.190997
0.193523
0.195376
0.189801
0.189678
0.190384
0.193269
0.195881
0.190211
0.190374
0.188215
0.192316
0.19573
0.189809
0.189094
0.189993
0.192591
0.188723
0.188756
0.187028
0.190463
0.192811
0.190756
0.190683
0.188815
0.195395
0.192868
0.190595
0.189652
0.190969
0.194404
0.192135
0.189249
0.191278
0.187592
0.196819
0.192524
0.19088
0.190832
0.189431
0.188926
0.192118
0.189875
0.190061
0.190314
0.191488
0.19134
0.190685
0.188442
0.18981
0.190773
0.193071
0.189833
0.196687
0.190698
0.190841
0.190584
0.188455
0.195155
0.190725
0.188761
0.192272
0.187794
0.193898
0.189593
0.189323
0.189905
0.190195
0.195002
0.190345
0.189774
0.189098
0.192111
0.196385
0.190025
0.189778
0.190623
0.192191
0.197443
0.189811
0.190719
0.19093
0.192356
0.189909
0.190833
0.190352
0.190597
0.192184
0.189917
0.189447
0.19017
0.19175
0.19196
0.189298
0.190705
0.189759
0.19031
0.192993
0.191346
0.189963
0.189793
0.193892
0.192125
0.190502
0.189322
0.190623
0.194054
0.191308
0.189687
0.189572
0.190262
0.195236
0.192795
0.189934
0.189322
0.188315
0.187882
0.191393
0.189449
0.190205
0.188824
0.190336
0.191891
0.18871
0.19618
0.190865
0.190153
0.193307
0.189287
0.194997
0.189889
0.190569
0.190437
0.189232
0.195684
0.188685
0.188994
0.189901
0.189524
0.190943
0.18948
0.191117
0.189997
0.192667
0.191151
0.189283
0.190401
0.195725
0.190066
0.189279
0.190244
0.189856
0.195496
0.243481
0.192893
0.18952
0.19047
0.194337
0.192483
0.190496
0.188349
0.190679
0.195501
0.192588
0.189468
0.190671
0.191296
0.195775
0.192845
0.189653
0.190308
0.188698
0.190916
0.192969
0.190614
0.190727
0.191322
0.18859
0.192198
0.190239
0.194008
0.189982
0.189727
0.191163
0.189923
0.195421
0.190648
0.190308
0.192681
0.189406
0.194883
0.191229
0.189313
0.19098
0.189811
0.189518
0.189268
0.191158
0.195438
0.189248
0.188518
0.189686
0.189846
0.194697
0.193432
0.18923
0.188934
0.188516
0.196032
0.193954
0.189725
0.188809
0.190749
0.191674
0.193425
0.187021
0.191912
0.189142
0.188271
0.190899
0.188836
0.193034
0.187369
0.186582
0.189258
0.188183
0.1943
0.188813
0.188721
0.191925
0.187923
0.188749
0.189411
0.190625
0.193077
0.190638
0.190127
0.189315
0.190578
0.198676
0.1896
0.190091
0.188789
0.189367
0.197058
0.191129
0.190496
0.191002
0.189277
0.194593
0.193218
0.190628
0.190453
0.19047
0.190495
0.190751
0.186483
0.190466
0.189027
0.189618
0.193575
0.190086
0.194951
0.188639
0.18955
0.194129
0.190609
0.193817
0.189175
0.187856
0.190741
0.188296
0.188647
0.186397
0.188825
0.194926
0.187621
0.18978
0.18864
0.189544
0.19611
0.188999
0.188604
0.189472
0.191227
0.196675
0.190443
0.190488
0.189348
0.189221
0.191824
0.193731
0.189663
0.193107
0.191113
0.1897
0.190831
0.189076
0.195707
0.189105
0.1902
0.192096
0.188931
0.192486
0.189401
0.187029
0.191456
0.186963
0.189511
0.188261
0.190168
0.217706
0.187764
0.194491
0.188858
0.187797
0.190854
0.188274
0.189102
0.187619
0.186535
0.194562
0.189428
0.190344
0.18977
0.190424
0.193629
0.189096
0.190517
0.187737
0.188185
0.195805
0.189351
0.188925
0.188897
0.189814
0.197644
0.188759
0.188943
0.190002
0.190413
0.197638
0.189698
0.190763
0.189906
0.187979
0.19676
0.186698
0.190085
0.190195
0.190714
0.197982
0.188081
0.189286
0.18935
0.189515
0.192468
0.191283
0.189455
0.189497
0.188635
0.1925
0.188085
0.191386
0.19556
0.188189
0.190263
0.190652
0.190885
0.194204
0.190623
0.191299
0.202848
0.190308
0.194849
0.189466
0.191451
0.190781
0.191389
0.196349
0.188196
0.189267
0.190653
0.190053
0.19532
0.191252
0.188175
0.193624
0.22768
0.195584
0.189353
0.193085
0.190187
0.1902
0.196139
0.189289
0.191918
0.189778
0.190527
0.195824
0.190303
0.19032
0.192593
0.189192
0.189805
0.189291
0.190331
0.19257
0.191318
0.190738
0.190978
0.188712
0.196703
0.189961
0.189123
0.190397
0.190562
0.197889
0.190184
0.188966
0.190544
0.189671
0.19586
0.190234
0.187879
0.190363
0.189936
0.192847
0.190749
0.189275
0.195
0.189395
0.192193
0.190523
0.189506
0.195942
0.189078
0.191913
0.190007
0.190771
0.195137
0.190357
0.191341
0.191266
0.188726
0.190696
0.188887
0.190885
0.192527
0.190479
0.188465
0.189181
0.190376
0.196516
0.189817
0.1894
0.190508
0.188984
0.198956
0.190716
0.189131
0.189034
0.188485
0.19136
0.188601
0.191007
0.195496
0.189558
0.191729
0.189393
0.190835
0.195543
0.19071
0.191295
0.188808
0.186976
0.196109
0.189217
0.192612
0.188682
0.1884
0.189375
0.188236
0.189945
0.196994
0.189795
0.189869
0.189491
0.18892
0.197982
0.189283
0.189543
0.18871
0.189656
0.197821
0.189502
0.189418
0.190466
0.189038
0.192082
0.190097
0.190329
0.196396
0.189019
0.193005
0.190133
0.189761
0.194603
0.188542
0.193039
0.188666
0.189254
0.189989
0.188447
0.192243
0.187883
0.190612
0.189462
0.190238
0.188631
0.19839
0.190568
0.190925
0.18876
0.189577
0.198654
0.18971
0.191478
0.190533
0.188707
0.191463
0.188702
0.18865
0.19073
0.189956
0.194055
0.190607
0.189755
0.195187
0.190928
0.192319
0.19001
0.190191
0.194516
0.189756
0.192683
0.189803
0.189204
0.190983
0.190824
0.1922
0.188717
0.190795
0.189317
0.190735
0.19113
0.196801
0.189814
0.189211
0.190088
0.189917
0.198939
0.187931
0.190697
0.19044
0.190667
0.193166
0.190029
0.19004
0.191618
0.188718
0.192877
0.191036
0.190595
0.195344
0.18962
0.192366
0.189862
0.190382
0.19579
0.189065
0.192641
0.189669
0.190366
0.188676
0.19188
0.192876
0.188319
0.188686
0.189089
0.191591
0.192809
0.194631
0.190215
0.188864
0.190668
0.193554
0.19528
0.188746
0.189892
0.187953
0.188956
0.193755
0.190554
0.190142
0.189074
0.190349
0.191849
0.190788
0.189176
0.19486
0.190297
0.191708
0.188826
0.188473
0.194072
0.189892
0.192745
0.190312
0.190082
0.191752
0.190567
0.192819
0.191308
0.190567
0.190656
0.188778
0.192896
0.194339
0.190961
0.190343
0.19015
0.193002
0.195331
0.187701
0.191369
0.189145
0.190924
0.188812
0.18967
0.190095
0.191327
0.189301
0.19303
0.193071
0.19142
0.196662
0.19191
0.194961
0.19768
0.190044
0.196976
0.192325
0.195406
0.197231
0.192343
0.197035
0.191034
0.195231
0.197374
0.191265
0.196754
0.192752
0.196027
0.198659
0.189794
0.197551
0.190355
0.195841
0.197787
0.191623
0.195894
0.191173
0.195512
0.198433
0.19156
0.197704
0.191696
0.194867
0.198619
0.193443
0.19789
0.193373
0.194827
0.198506
0.190069
0.197523
0.192339
0.195112
0.198869
0.191155
0.198079
0.190858
0.194606
0.197708
0.19239
0.198329
0.19597
0.193846
0.19841
0.192592
0.198997
0.192101
0.194988
0.198034
0.192037
0.197151
0.192051
0.196199
0.197005
0.191203
0.197926
0.192864
0.195063
0.198536
0.192382
0.198049
0.192823
0.194898
0.197041
0.190508
0.191317
0.197825
0.194915
0.197662
0.191546
0.191812
0.197782
0.195158
0.197153
0.191204
0.191964
0.196852
0.196686
0.197927
0.193031
0.19182
0.196856
0.194823
0.197349
0.191721
0.192717
0.198144
0.194377
0.19717
0.191974
0.188772
0.197116
0.194153
0.196975
0.190998
0.192553
0.19848
0.19186
0.197314
0.191324
0.191607
0.197688
0.194616
0.198166
0.191195
0.19252
0.197651
0.19518
0.197581
0.191055
0.191262
0.197807
0.194594
0.197127
0.191012
0.192357
0.197433
0.194609
0.198364
0.191597
0.192388
0.196412
0.194746
0.198424
0.193374
0.192037
0.197898
0.195807
0.198009
0.191249
0.190974
0.199041
0.196508
0.198546
0.192841
0.191813
0.198061
0.195783
0.196523
0.192232
0.191079
0.196708
0.196134
0.198564
0.192648
0.191851
0.198557
0.195126
0.198555
0.192494
0.192224
0.19848
0.195666
0.196173
0.191905
0.192049
0.198181
0.195457
0.197334
0.191723
0.192512
0.198187
0.195229
0.197311
0.192573
0.193193
0.197662
0.195177
0.214653
0.192467
0.191603
0.1971
0.195253
0.196785
0.191639
0.19074
0.197481
0.195282
0.197386
0.192075
0.190854
0.19856
0.194705
0.196402
0.192449
0.191019
0.19869
0.19735
0.197231
0.192165
0.191816
0.197263
0.194846
0.195931
0.191976
0.191377
0.198185
0.194524
0.197584
0.190844
0.191732
0.197811
0.195285
0.192962
0.197644
0.191935
0.197327
0.194443
0.190655
0.196071
0.191699
0.196692
0.195814
0.192217
0.197954
0.19123
0.197401
0.195965
0.191516
0.197669
0.191892
0.197813
0.195518
0.192068
0.195829
0.192631
0.19748
0.196233
0.191738
0.195978
0.192408
0.196587
0.19551
0.191059
0.198663
0.190448
0.196619
0.194382
0.1927
0.197279
0.191853
0.197539
0.195328
0.191298
0.195994
0.191766
0.199131
0.193638
0.190694
0.197915
0.192305
0.197958
0.194734
0.190947
0.198702
0.190689
0.189683
0.194212
0.19148
0.197628
0.191925
0.190267
0.198081
0.1917
0.197768
0.190654
0.191874
0.200346
0.19266
0.198443
0.192157
0.19215
0.199069
0.191065
0.196656
0.191073
0.191013
0.198943
0.192296
0.198137
0.191687
0.191999
0.199864
0.192984
0.197284
0.192134
0.192206
0.201095
0.190441
0.194723
0.190421
0.192742
0.201111
0.192494
0.197223
0.191671
0.191187
0.200964
0.191696
0.196245
0.192039
0.192658
0.202888
0.192161
0.197796
0.191912
0.192854
0.201365
0.191243
0.198285
0.191656
0.19096
0.201436
0.192521
0.19055
0.191614
0.191111
0.197205
0.191918
0.190696
0.197884
0.191272
0.198078
0.193849
0.19213
0.19914
0.193066
0.196811
0.193686
0.192269
0.198105
0.191186
0.197712
0.193446
0.190882
0.197602
0.192762
0.19796
0.195269
0.192084
0.196662
0.190881
0.197097
0.194365
0.193197
0.197107
0.193026
0.197639
0.194824
0.190312
0.196088
0.191194
0.196037
0.194999
0.192042
0.196792
0.191797
0.197318
0.195936
0.191862
0.197944
0.192019
0.197776
0.193866
0.192278
0.196886
0.192894
0.191606
0.19429
0.191196
0.198091
0.191387
0.191948
0.198238
0.191699
0.196441
0.191181
0.191025
0.201435
0.191876
0.197807
0.191779
0.191737
0.200225
0.191414
0.198064
0.191626
0.191616
0.200738
0.190598
0.195872
0.190026
0.191464
0.201657
0.192306
0.198759
0.190931
0.190706
0.199285
0.191546
0.196019
0.19153
0.189963
0.199065
0.191607
0.197194
0.192393
0.191294
0.200164
0.192757
0.198952
0.192907
0.191367
0.201147
0.19143
0.192217
0.196614
0.191964
0.199113
0.191693
0.191351
0.197709
0.191705
0.199532
0.192247
0.192446
0.197954
0.192649
0.198604
0.190793
0.192827
0.196412
0.191271
0.198856
0.190736
0.190444
0.197451
0.192534
0.19989
0.192468
0.19078
0.196947
0.192551
0.20025
0.192081
0.19043
0.195588
0.192459
0.199319
0.191193
0.190506
0.199057
0.191977
0.190473
0.193449
0.190535
0.198259
0.191285
0.190612
0.198835
0.191696
0.197181
0.192169
0.191584
0.201034
0.190307
0.196106
0.191299
0.191979
0.199652
0.19138
0.196762
0.191601
0.1909
0.198939
0.190125
0.197506
0.193003
0.190283
0.200244
0.190175
0.189664
0.189681
0.189881
0.193109
0.189068
0.19059
0.190568
0.189595
0.197583
0.189685
0.188233
0.189799
0.188512
0.198032
0.189944
0.191009
0.190867
0.190543
0.198522
0.190846
0.189978
0.191341
0.189938
0.192392
0.190443
0.189123
0.195463
0.190425
0.190847
0.193389
0.189139
0.195189
0.190084
0.190462
0.192689
0.189469
0.194194
0.188828
0.190327
0.193816
0.191127
0.191262
0.189068
0.190771
0.191415
0.188801
0.190459
0.188378
0.190152
0.198742
0.190036
0.196561
0.190672
0.189795
0.197117
0.191581
0.189491
0.189136
0.190594
0.197274
0.189685
0.190657
0.188948
0.189527
0.192043
0.190187
0.19051
0.195087
0.190088
0.195436
0.190382
0.189227
0.195915
0.190068
0.191449
0.190839
0.189952
0.195986
0.189711
0.191071
0.193529
0.191101
0.1965
0.190296
0.190019
0.192822
0.190948
0.191217
0.189787
0.189686
0.195874
0.19084
0.189405
0.190869
0.189839
0.19805
0.190592
0.190556
0.190075
0.190376
0.19869
0.189516
0.190815
0.190978
0.188815
0.192904
0.189615
0.189232
0.192121
0.190568
0.192707
0.188912
0.190466
0.194672
0.190699
0.193721
0.190613
0.190566
0.195619
0.190378
0.194048
0.189791
0.190015
0.195238
0.190504
0.192929
0.189927
0.188995
0.190005
0.189429
0.189214
0.197855
0.190862
0.190398
0.188983
0.19079
0.198232
0.189658
0.190554
0.190078
0.190981
0.198166
0.190225
0.190401
0.190071
0.189676
0.19389
0.190744
0.190504
0.19148
0.19026
0.191292
0.191014
0.190328
0.195468
0.188885
0.192683
0.190302
0.188999
0.195674
0.189316
0.194143
0.189641
0.188785
0.189792
0.189489
0.190685
0.188721
0.190606
0.189052
0.191294
0.190447
0.196257
0.190065
0.18858
0.189894
0.18991
0.19763
0.188496
0.190616
0.189288
0.189737
0.19437
0.188165
0.189649
0.191029
0.188583
0.190925
0.190245
0.189529
0.195994
0.18949
0.192163
0.191295
0.189598
0.194963
0.188758
0.190939
0.190273
0.190116
0.189583
0.189076
0.192605
0.192484
0.189956
0.190911
0.190439
0.188732
0.194962
0.1905
0.19064
0.191212
0.19085
0.196667
0.189678
0.18953
0.190102
0.190639
0.193463
0.190196
0.189574
0.190152
0.189499
0.192254
0.190467
0.189804
0.195162
0.190425
0.191458
0.190872
0.189531
0.194974
0.189598
0.19258
0.189832
0.190156
0.191652
0.188597
0.193083
0.18908
0.188551
0.188731
0.190223
0.194132
0.196632
0.19028
0.189752
0.191091
0.192167
0.195508
0.190275
0.190507
0.18866
0.190535
0.191898
0.189443
0.190541
0.190682
0.190219
0.191486
0.190024
0.189913
0.196153
0.190407
0.193495
0.189783
0.189645
0.193908
0.189394
0.192605
0.190851
0.190487
0.189429
0.190982
0.192313
0.188817
0.189409
0.189809
0.188904
0.192534
0.195197
0.189029
0.189416
0.189357
0.19291
0.195496
0.189342
0.18842
0.190337
0.192698
0.1895
0.189438
0.189487
0.191131
0.190295
0.193287
0.190395
0.188381
0.195885
0.190311
0.192265
0.189848
0.189141
0.197048
0.189786
0.19308
0.189
0.190516
0.190307
0.190358
0.194121
0.190292
0.189747
0.190958
0.189949
0.193463
0.194051
0.189183
0.189925
0.190048
0.193143
0.194276
0.189883
0.189647
0.189641
0.193015
0.191416
0.18963
0.188859
0.190306
0.191108
0.189298
0.191518
0.190472
0.193866
0.189594
0.192101
0.190144
0.188891
0.196206
0.191065
0.19201
0.190045
0.189755
0.189457
0.189221
0.194048
0.190055
0.188692
0.190128
0.189866
0.192005
0.19342
0.188385
0.189036
0.190859
0.193026
0.195852
0.189441
0.188234
0.188825
0.191505
0.191131
0.190095
0.189593
0.191503
0.191598
0.189772
0.188451
0.189357
0.194332
0.188803
0.19126
0.190196
0.190853
0.19564
0.188794
0.19118
0.189055
0.188841
0.188823
0.191201
0.192558
0.195065
0.189712
0.189562
0.189944
0.194141
0.195769
0.189004
0.190636
0.190903
0.19132
0.194864
0.190024
0.189373
0.189255
0.193305
0.189782
0.188015
0.189986
0.192227
0.191948
0.189889
0.191548
0.189561
0.195696
0.19069
0.188195
0.189614
0.190165
0.194652
0.190267
0.192752
0.1915
0.191439
0.189239
0.190224
0.192003
0.189959
0.19052
0.190207
0.189943
0.191445
0.196617
0.189707
0.190057
0.189954
0.192794
0.194381
0.188912
0.190232
0.191582
0.193581
0.190422
0.189508
0.189372
0.190078
0.194627
0.190569
0.190294
0.189615
0.195507
0.192974
0.190335
0.191152
0.189094
0.196161
0.192213
0.190216
0.189043
0.190271
0.189295
0.18958
0.192958
0.189938
0.190288
0.189897
0.190586
0.19021
0.19368
0.18937
0.189039
0.189321
0.192009
0.194655
0.189112
0.189583
0.189184
0.193457
0.190158
0.189397
0.190051
0.189848
0.191449
0.189301
0.190082
0.190477
0.195214
0.192363
0.19187
0.1902
0.188575
0.195911
0.193202
0.188518
0.189724
0.189316
0.189647
0.192522
0.191331
0.188402
0.188447
0.191601
0.189161
0.193045
0.195563
0.189329
0.189585
0.190111
0.190389
0.193955
0.190269
0.189109
0.189334
0.191003
0.190845
0.190173
0.190892
0.193043
0.191767
0.189175
0.189394
0.18832
0.194383
0.191585
0.19006
0.18987
0.191078
0.193949
0.191997
0.190436
0.188407
0.189117
0.190896
0.192582
0.18842
0.193999
0.19
0.188709
0.189719
0.191344
0.195319
0.189109
0.190382
0.190035
0.192661
0.194965
0.188103
0.189258
0.191553
0.194184
0.191142
0.190546
0.188845
0.194511
0.191484
0.192386
0.188961
0.189499
0.196168
0.192526
0.189392
0.188882
0.189615
0.195804
0.192063
0.188897
0.191271
0.189829
0.189649
0.193373
0.18904
0.194514
0.190291
0.188456
0.192635
0.190086
0.19689
0.18944
0.188943
0.191395
0.191258
0.196581
0.190741
0.189164
0.190615
0.191787
0.191653
0.189352
0.189866
0.191569
0.192673
0.188809
0.190345
0.189027
0.19565
0.191946
0.189255
0.190429
0.190604
0.195229
0.192762
0.190994
0.188952
0.190941
0.190308
0.191057
0.189651
0.19032
0.187921
0.189472
0.191666
0.19029
0.208637
0.189399
0.188485
0.193784
0.190066
0.19517
0.188899
0.190197
0.191709
0.190455
0.191024
0.188194
0.188764
0.189073
0.19103
0.191323
0.191101
0.189265
0.194291
0.191771
0.189408
0.189496
0.189082
0.19572
0.192706
0.188625
0.189817
0.190845
0.19032
0.191624
0.189134
0.193648
0.190604
0.190989
0.190703
0.19032
0.195396
0.189318
0.190919
0.192683
0.189965
0.193825
0.187789
0.190685
0.191678
0.190254
0.190379
0.189731
0.188513
0.193475
0.190291
0.189642
0.189709
0.189623
0.196051
0.191896
0.189416
0.188871
0.189252
0.194621
0.193028
0.191316
0.190222
0.190239
0.188839
0.192287
0.188091
0.194648
0.19026
0.189373
0.192523
0.188366
0.196295
0.190032
0.188376
0.19354
0.189498
0.19485
0.188246
0.190215
0.193771
0.188334
0.19018
0.188668
0.188354
0.195685
0.189976
0.191285
0.188542
0.188736
0.19523
0.191813
0.189761
0.188511
0.188661
0.194487
0.191496
0.188466
0.188445
0.189585
0.188871
0.192189
0.18919
0.192531
0.188542
0.190264
0.191946
0.189899
0.19489
0.189525
0.190375
0.191862
0.187651
0.188992
0.188513
0.187652
0.195902
0.187562
0.188318
0.189571
0.187476
0.197395
0.187152
0.187375
0.186615
0.188541
0.19035
0.19208
0.190164
0.189668
0.190004
0.191075
0.191041
0.191707
0.194412
0.189854
0.189361
0.191788
0.190952
0.195504
0.190251
0.190423
0.193481
0.189169
0.194191
0.189088
0.188453
0.193667
0.191096
0.190109
0.190435
0.191094
0.193121
0.18859
0.190198
0.188993
0.191645
0.199137
0.18914
0.190256
0.189751
0.188971
0.195775
0.191641
0.190306
0.188851
0.191523
0.189791
0.192363
0.189213
0.189599
0.190743
0.189799
0.192333
0.189307
0.196161
0.189182
0.190581
0.191704
0.189604
0.195489
0.190188
0.19074
0.193039
0.190706
0.196635
0.190985
0.190584
0.193338
0.189308
0.19185
0.188447
0.18995
0.193526
0.190743
0.187652
0.189292
0.188747
0.1972
0.189761
0.188777
0.190617
0.191059
0.198191
0.190473
0.19181
0.189967
0.190172
0.196417
0.188098
0.189626
0.190726
0.190794
0.191646
0.189951
0.188416
0.195688
0.187976
0.188262
0.192738
0.190853
0.193105
0.188692
0.189068
0.191364
0.188697
0.19595
0.19063
0.188366
0.193925
0.189915
0.188959
0.191349
0.188655
0.193741
0.191203
0.191434
0.190679
0.190018
0.198428
0.18935
0.189949
0.190043
0.190334
0.197271
0.188154
0.188221
0.19009
0.190715
0.193651
0.190633
0.189713
0.188848
0.188158
0.192605
0.189177
0.189076
0.194667
0.189142
0.188662
0.19315
0.189469
0.195998
0.190121
0.190317
0.19336
0.190517
0.190401
0.188713
0.190781
0.192827
0.190523
0.189954
0.191578
0.189952
0.195329
0.190085
0.190065
0.188671
0.188725
0.198187
0.191317
0.189131
0.189548
0.189321
0.198373
0.18974
0.189664
0.191121
0.188911
0.192154
0.191237
0.190479
0.193875
0.188739
0.192719
0.189687
0.189897
0.195247
0.18947
0.190943
0.189881
0.189999
0.194709
0.189884
0.1889
0.19242
0.189326
0.190045
0.190586
0.190299
0.194181
0.189683
0.188792
0.189878
0.189731
0.197816
0.189713
0.189319
0.189941
0.189452
0.198207
0.189845
0.19001
0.191362
0.190499
0.193514
0.190342
0.18873
0.192406
0.189999
0.192268
0.190226
0.190744
0.195282
0.18987
0.193279
0.190079
0.190417
0.194802
0.191266
0.192488
0.18962
0.188973
0.190745
0.190523
0.190834
0.192272
0.189323
0.190101
0.18997
0.189913
0.200142
0.19046
0.18958
0.189061
0.190856
0.198983
0.189165
0.190707
0.190683
0.189609
0.197721
0.18941
0.188891
0.189473
0.189132
0.192733
0.190306
0.188728
0.194909
0.189448
0.192328
0.190057
0.190465
0.195625
0.190851
0.192265
0.189422
0.190185
0.195425
0.190379
0.192204
0.189161
0.189848
0.189131
0.19015
0.18989
0.19535
0.190398
0.18877
0.189433
0.190171
0.198778
0.189321
0.188431
0.190977
0.190142
0.199245
0.190813
0.189702
0.190179
0.189786
0.193094
0.190652
0.19059
0.192408
0.19063
0.191958
0.190058
0.190513
0.196749
0.188559
0.192785
0.191266
0.190635
0.192433
0.189347
0.192794
0.189087
0.190883
0.189601
0.190391
0.192863
0.188455
0.188866
0.191107
0.189268
0.191737
0.195393
0.189591
0.188248
0.190678
0.188491
0.1993
0.18962
0.189586
0.19131
0.190908
0.191946
0.190858
0.190325
0.190772
0.190817
0.193699
0.18986
0.191151
0.195941
0.189335
0.193522
0.191122
0.189958
0.196332
0.189292
0.190392
0.188657
0.189284
0.191145
0.191104
0.191859
0.190496
0.189887
0.188702
0.190344
0.192016
0.195373
0.190645
0.189453
0.190563
0.193188
0.195489
0.191098
0.19091
0.19032
0.188273
0.191855
0.189755
0.189087
0.191296
0.190105
0.191965
0.190312
0.190286
0.195233
0.188375
0.192074
0.19095
0.190805
0.195794
0.190154
0.192782
0.190093
0.190695
0.195974
0.190762
0.192568
0.191313
0.19094
0.189113
0.187952
0.192882
0.193318
0.188775
0.190197
0.188332
0.193841
0.195219
0.189618
0.188576
0.191058
0.19267
0.194599
0.191123
0.188699
0.189588
0.193021
0.190098
0.189829
0.189984
0.189197
0.18932
0.192152
0.189833
0.188266
0.19677
0.188795
0.192384
0.188913
0.188172
0.193223
0.188579
0.191826
0.189976
0.189537
0.188377
0.188842
0.192254
0.19351
0.188921
0.189942
0.190557
0.192252
0.195743
0.188946
0.191035
0.18836
0.19263
0.1939
0.18932
0.189217
0.189144
0.193215
0.189705
0.189394
0.189054
0.194732
0.191171
0.191756
0.189702
0.190309
0.195263
0.189051
0.191992
0.190719
0.189592
0.196737
0.188873
0.192137
0.189955
0.189899
0.207684
0.188595
0.191867
0.189382
0.189439
0.189632
0.189342
0.191492
0.195623
0.190217
0.190094
0.190858
0.191466
0.196222
0.189061
0.189901
0.190373
0.192427
0.190482
0.19433
0.189659
0.190004
0.192447
0.190018
0.189522
0.191104
0.195663
0.192639
0.189167
0.191582
0.189535
0.195966
0.189986
0.192785
0.189948
0.189409
0.189073
0.188343
0.190796
0.188944
0.191299
0.189704
0.189696
0.192899
0.196428
0.191162
0.190132
0.18999
0.192176
0.19379
0.190372
0.189489
0.191425
0.194138
0.189371
0.189949
0.18925
0.189254
0.192494
0.190044
0.189484
0.190417
0.195489
0.193248
0.189671
0.188652
0.191039
0.197027
0.192293
0.189366
0.190205
0.19023
0.189117
0.190387
0.191184
0.190398
0.190481
0.19068
0.189302
0.192081
0.19544
0.190924
0.188887
0.188261
0.192157
0.195362
0.188728
0.190526
0.190349
0.191594
0.189743
0.190412
0.188776
0.189762
0.193554
0.190045
0.189376
0.189453
0.19425
0.191748
0.190283
0.189508
0.189589
0.19541
0.192421
0.189893
0.188988
0.188837
0.190923
0.189802
0.18989
0.188885
0.190546
0.190745
0.190964
0.192337
0.193605
0.189509
0.18886
0.189794
0.192923
0.195238
0.189892
0.188869
0.189071
0.192941
0.190097
0.189595
0.189348
0.195251
0.192322
0.190412
0.189787
0.190746
0.195838
0.191502
0.191883
0.190448
0.191247
0.195461
0.190357
0.190387
0.190049
0.187977
0.191012
0.193813
0.188532
0.191344
0.188165
0.190458
0.188892
0.19162
0.194625
0.190052
0.190862
0.190514
0.191923
0.195196
0.189523
0.190015
0.190656
0.19237
0.188799
0.189298
0.190199
0.194159
0.192098
0.189415
0.189054
0.189163
0.196572
0.190967
0.188719
0.188643
0.187797
0.193484
0.191363
0.188642
0.190823
0.189214
0.188735
0.193356
0.188524
0.195618
0.189038
0.188504
0.192836
0.190834
0.195686
0.190093
0.190044
0.189216
0.193001
0.19603
0.190289
0.189261
0.189972
0.1929
0.189536
0.19169
0.190628
0.197143
0.192919
0.189477
0.188169
0.188059
0.19431
0.191133
0.189702
0.190645
0.188386
0.195809
0.192216
0.190024
0.189543
0.190297
0.190141
0.192449
0.189235
0.193962
0.188471
0.190584
0.190606
0.189401
0.194518
0.190534
0.188788
0.189594
0.190769
0.191562
0.189169
0.190419
0.189063
0.192622
0.190655
0.189677
0.191293
0.196362
0.191677
0.188137
0.19091
0.189922
0.194691
0.19211
0.18864
0.189544
0.189503
0.188811
0.192484
0.18944
0.190874
0.190162
0.189424
0.194328
0.188218
0.196183
0.190489
0.189417
0.192961
0.189925
0.195177
0.188854
0.189729
0.191995
0.191426
0.189677
0.190292
0.189755
0.189866
0.193361
0.190332
0.191449
0.191007
0.1958
0.191364
0.188883
0.188792
0.190951
0.194917
0.192692
0.190433
0.189355
0.189104
0.190258
0.192382
0.190359
0.190966
0.18987
0.188242
0.193971
0.189691
0.197237
0.190354
0.19048
0.192046
0.189056
0.194791
0.19019
0.189193
0.192685
0.190129
0.192146
0.190806
0.189074
0.19239
0.19003
0.188384
0.191779
0.19109
0.196526
0.19215
0.190069
0.188794
0.188869
0.194441
0.191993
0.190446
0.190707
0.190409
0.189574
0.192263
0.19029
0.189905
0.189834
0.190369
0.191028
0.189167
0.196036
0.18971
0.188645
0.193144
0.188479
0.193616
0.18956
0.189522
0.192999
0.189707
0.189008
0.190957
0.191627
0.197205
0.191723
0.191293
0.195359
0.191561
0.19769
0.190799
0.190361
0.197994
0.191019
0.198029
0.190802
0.204043
0.197367
0.190935
0.199599
0.190731
0.191534
0.195676
0.191913
0.196983
0.195684
0.190273
0.194913
0.193405
0.196529
0.19373
0.193073
0.196406
0.190981
0.196829
0.19534
0.191786
0.194327
0.192468
0.198165
0.194427
0.192536
0.19616
0.192442
0.19121
0.200609
0.192678
0.196467
0.190982
0.190481
0.20052
0.192247
0.197189
0.190981
0.192886
0.2004
0.193206
0.197564
0.191915
0.192165
0.198403
0.192019
0.194581
0.191315
0.191871
0.200048
0.193399
0.194387
0.192737
0.192359
0.201382
0.192258
0.196921
0.191951
0.192807
0.200691
0.19284
0.19775
0.192597
0.192596
0.199994
0.190693
0.195871
0.190776
0.191943
0.198733
0.191622
0.195844
0.192017
0.192922
0.199435
0.191954
0.196928
0.191866
0.191532
0.197803
0.190998
0.197558
0.191847
0.191483
0.199946
0.191329
0.192356
0.196311
0.192005
0.197976
0.19162
0.190579
0.196979
0.190931
0.197867
0.191404
0.192742
0.197249
0.192321
0.197429
0.191596
0.192943
0.197289
0.190449
0.198248
0.191697
0.190691
0.196654
0.190523
0.198057
0.191968
0.19146
0.196351
0.19189
0.197744
0.191284
0.19184
0.196328
0.193184
0.198334
0.192141
0.191201
0.197698
0.191385
0.200469
0.192169
0.192759
0.196724
0.191412
0.199747
0.190674
0.191781
0.196999
0.192977
0.194701
0.197905
0.192137
0.196707
0.190169
0.191373
0.196565
0.192539
0.196648
0.191271
0.191368
0.198214
0.192423
0.197764
0.190906
0.192668
0.198518
0.191428
0.196005
0.191065
0.190656
0.199248
0.191748
0.196721
0.191175
0.191551
0.20005
0.192147
0.196248
0.193401
0.192607
0.198587
0.19266
0.195952
0.191657
0.191316
0.201146
0.192076
0.196379
0.191082
0.190945
0.198946
0.19277
0.19624
0.191183
0.192706
0.200362
0.191075
0.192761
0.195002
0.190892
0.198908
0.192373
0.192249
0.196435
0.191601
0.200133
0.191558
0.190541
0.195036
0.19127
0.199751
0.191858
0.191566
0.196994
0.191861
0.199023
0.192613
0.191294
0.19749
0.19191
0.199126
0.192039
0.192303
0.196045
0.192407
0.20084
0.191859
0.192195
0.196295
0.192492
0.199862
0.192216
0.191569
0.196801
0.192305
0.199602
0.192814
0.190231
0.193695
0.190005
0.198562
0.190775
0.192463
0.197652
0.191477
0.194376
0.191524
0.190664
0.198229
0.190409
0.193793
0.195243
0.192341
0.19465
0.190676
0.193186
0.196618
0.192127
0.195557
0.192042
0.194023
0.198241
0.192522
0.196939
0.192581
0.194233
0.195424
0.190764
0.196364
0.190985
0.195225
0.197139
0.191246
0.194856
0.191903
0.193978
0.197124
0.192401
0.196099
0.192334
0.195288
0.195723
0.191917
0.19212
0.190699
0.191016
0.198952
0.191192
0.190946
0.195295
0.19122
0.199282
0.192468
0.191915
0.196441
0.19133
0.198314
0.190459
0.190773
0.197752
0.191027
0.198636
0.189774
0.192659
0.196767
0.192161
0.199362
0.192177
0.192148
0.195489
0.191409
0.1981
0.192409
0.19184
0.197254
0.190904
0.199893
0.19215
0.191839
0.197239
0.191804
0.200374
0.19137
0.19108
0.19705
0.19283
0.195979
0.196841
0.192447
0.19773
0.190787
0.195943
0.196404
0.191676
0.196419
0.190909
0.195914
0.195368
0.191923
0.195361
0.190895
0.195383
0.196374
0.191519
0.196945
0.190839
0.195346
0.195839
0.191695
0.197033
0.192482
0.192446
0.197431
0.192327
0.195404
0.190689
0.195433
0.196626
0.192331
0.196306
0.191226
0.194235
0.196917
0.190995
0.191684
0.186852
0.195802
0.196551
0.191386
0.190797
0.196808
0.195193
0.195395
0.191927
0.189838
0.196544
0.196121
0.197132
0.191931
0.192179
0.196878
0.194113
0.19613
0.190075
0.191378
0.196656
0.190472
0.195396
0.191245
0.191586
0.197585
0.18884
0.197014
0.191514
0.190768
0.196199
0.191969
0.2003
0.192097
0.192079
0.195562
0.191688
0.1946
0.197076
0.191112
0.195941
0.191537
0.195448
0.193696
0.191879
0.196473
0.190676
0.194099
0.19463
0.191156
0.196798
0.189708
0.196626
0.19574
0.19184
0.196542
0.191261
0.195098
0.1973
0.190489
0.196064
0.191089
0.195207
0.197456
0.191891
0.195911
0.190688
0.19425
0.195446
0.190945
0.197251
0.190468
0.193569
0.19644
0.191944
0.190616
0.197013
0.19475
0.195344
0.192161
0.191547
0.195957
0.194142
0.195174
0.191284
0.191587
0.195772
0.194818
0.196164
0.191139
0.189448
0.19487
0.195053
0.196207
0.190697
0.191942
0.196288
0.193285
0.197198
0.190516
0.191126
0.196545
0.195746
0.196209
0.191056
0.192422
0.195966
0.195648
0.190034
0.19562
0.19243
0.1957
0.193352
0.189828
0.196134
0.190775
0.195033
0.190171
0.194603
0.19574
0.19194
0.194142
0.191335
0.19497
0.19527
0.190793
0.1975
0.189653
0.194084
0.195648
0.190243
0.194818
0.192115
0.194138
0.196178
0.191441
0.191463
0.192357
0.194784
0.197106
0.192335
0.190685
0.194823
0.195806
0.196886
0.190472
0.190052
0.197892
0.193981
0.194186
0.190896
0.192541
0.195143
0.193943
0.196727
0.191889
0.192374
0.195313
0.194138
0.196198
0.190993
0.192135
0.19602
0.19312
0.197364
0.191644
0.192899
0.194816
0.193509
0.195468
0.191305
0.192731
0.195743
0.194029
0.191172
0.195933
0.190175
0.195837
0.195711
0.192254
0.195654
0.192169
0.196123
0.1938
0.19179
0.195063
0.190117
0.194767
0.194973
0.19071
0.197419
0.191094
0.196843
0.195553
0.229155
0.195497
0.18963
0.197116
0.193695
0.191682
0.196002
0.190867
0.195038
0.193541
0.190451
0.197551
0.190955
0.195127
0.194348
0.191391
0.197689
0.191921
0.198008
0.196122
0.191588
0.196623
0.191806
0.195762
0.1908
0.193162
0.195368
0.191269
0.190659
0.195198
0.194637
0.19545
0.190139
0.192156
0.197135
0.193781
0.196526
0.191438
0.192547
0.1955
0.194461
0.196012
0.190868
0.192108
0.194962
0.195296
0.196053
0.192804
0.190519
0.196372
0.195471
0.19623
0.190821
0.190923
0.19504
0.19554
0.198546
0.192401
0.190249
0.195844
0.196229
0.195244
0.190392
0.19272
0.195695
0.194339
0.192817
0.197711
0.191572
0.196276
0.195029
0.191476
0.196394
0.191548
0.196601
0.196044
0.192925
0.197402
0.191549
0.194958
0.193079
0.190094
0.1962
0.190995
0.196359
0.193299
0.191712
0.196235
0.189186
0.196002
0.194427
0.191944
0.197547
0.190507
0.196681
0.194344
0.191606
0.196947
0.190233
0.192855
0.194458
0.193
0.197304
0.191443
0.191312
0.197613
0.192494
0.195502
0.191404
0.19073
0.200123
0.192332
0.196586
0.19231
0.191196
0.19979
0.191739
0.196535
0.191611
0.191221
0.19693
0.191236
0.19517
0.192019
0.190957
0.197589
0.195728
0.195258
0.189965
0.191627
0.196117
0.194363
0.196313
0.191843
0.190819
0.197195
0.194925
0.195972
0.191301
0.190333
0.197382
0.195071
0.19172
0.196281
0.191701
0.195836
0.194705
0.191232
0.196556
0.193007
0.19582
0.194401
0.191598
0.197432
0.191349
0.197219
0.196468
0.191419
0.195577
0.19121
0.197364
0.195343
0.19196
0.196547
0.1915
0.194496
0.194785
0.192108
0.196586
0.188768
0.195515
0.194797
0.188532
0.195508
0.191024
0.189481
0.198134
0.189817
0.196173
0.191839
0.19184
0.199289
0.190754
0.197104
0.190645
0.190638
0.198699
0.192655
0.195573
0.192144
0.192868
0.199125
0.190852
0.196018
0.191206
0.192293
0.197364
0.19073
0.196166
0.192721
0.192655
0.200976
0.190853
0.197125
0.191982
0.191936
0.198984
0.190648
0.194998
0.192563
0.192293
0.199615
0.191443
0.19118
0.190746
0.191473
0.197132
0.191849
0.190324
0.197038
0.191295
0.196699
0.193524
0.191534
0.195041
0.190732
0.197247
0.194261
0.192266
0.196147
0.191061
0.195012
0.194857
0.191736
0.197149
0.191568
0.196496
0.195013
0.19213
0.19755
0.1907
0.196671
0.195314
0.191505
0.196937
0.192244
0.195956
0.193778
0.191677
0.197542
0.192231
0.192349
0.195001
0.191336
0.195618
0.192263
0.191919
0.199498
0.189862
0.196091
0.191137
0.191886
0.199142
0.190387
0.195953
0.191048
0.191661
0.199718
0.191264
0.195025
0.192271
0.191057
0.199932
0.191869
0.195073
0.191381
0.192269
0.199296
0.192232
0.196613
0.191684
0.191021
0.197747
0.192018
0.197206
0.1928
0.189828
0.199987
0.193062
0.196412
0.193022
0.190562
0.199006
0.190222
0.190494
0.19585
0.192953
0.198086
0.190723
0.190756
0.196678
0.190559
0.200191
0.191295
0.191038
0.196257
0.191731
0.20006
0.191327
0.190788
0.195797
0.191392
0.198007
0.191106
0.192334
0.197397
0.190408
0.195313
0.19411
0.191481
0.195552
0.193266
0.197918
0.195111
0.191584
0.194971
0.190546
0.191577
0.200139
0.191323
0.194365
0.191542
0.191302
0.19912
0.191532
0.196483
0.19007
0.192378
0.199691
0.191289
0.194847
0.193682
0.191322
0.199456
0.191892
0.196647
0.192781
0.192411
0.201742
0.189296
0.195743
0.191402
0.190694
0.201404
0.191324
0.195748
0.191874
0.192268
0.200902
0.191916
0.196107
0.19276
0.193086
0.200247
0.192424
0.198298
0.191016
0.193181
0.198569
0.191149
0.191326
0.197365
0.191247
0.198896
0.191411
0.190106
0.193087
0.190385
0.197612
0.191662
0.19281
0.195482
0.192623
0.200285
0.192058
0.189879
0.197216
0.191572
0.198362
0.190859
0.192409
0.194525
0.190288
0.199759
0.19106
0.190848
0.195871
0.191218
0.198964
0.19053
0.191155
0.194884
0.192595
0.195075
0.196751
0.192931
0.197601
0.190983
0.192035
0.197344
0.190327
0.19617
0.189824
0.192615
0.201305
0.19182
0.197058
0.190839
0.192472
0.199616
0.192167
0.194904
0.192577
0.190164
0.199244
0.190553
0.195507
0.190727
0.191263
0.199634
0.192384
0.194803
0.191566
0.191716
0.201518
0.190681
0.191363
0.190898
0.189711
0.198253
0.190039
0.190292
0.190871
0.190665
0.197313
0.189657
0.191591
0.192734
0.190318
0.199467
0.190256
0.189169
0.190206
0.190875
0.193938
0.19128
0.18886
0.187915
0.188992
0.192731
0.189365
0.190217
0.195539
0.189179
0.192228
0.191243
0.189147
0.194874
0.188594
0.190315
0.190319
0.188212
0.190677
0.18853
0.18942
0.194549
0.189622
0.189678
0.190426
0.189902
0.197896
0.191244
0.189417
0.190031
0.189962
0.197508
0.189517
0.191356
0.189164
0.190217
0.191852
0.19007
0.189585
0.193653
0.189145
0.193497
0.191169
0.190654
0.195116
0.190389
0.191379
0.188263
0.190738
0.19644
0.189179
0.193052
0.189567
0.190648
0.190532
0.188668
0.190193
0.192569
0.18898
0.189806
0.191311
0.189207
0.197767
0.18927
0.188825
0.190029
0.190754
0.198038
0.19018
0.189806
0.190082
0.189051
0.192954
0.189797
0.190362
0.189546
0.190819
0.193091
0.189776
0.190848
0.194203
0.190798
0.192309
0.190703
0.18956
0.195722
0.189825
0.191919
0.191297
0.190907
0.194723
0.190344
0.193186
0.190733
0.189139
0.189062
0.189827
0.19178
0.193601
0.188773
0.190258
0.191067
0.190355
0.197101
0.190397
0.189759
0.188678
0.189521
0.197558
0.188882
0.190833
0.189315
0.189437
0.191076
0.191182
0.189298
0.190558
0.18933
0.191912
0.191234
0.188638
0.196282
0.191568
0.19232
0.189611
0.190156
0.195428
0.19086
0.192374
0.191494
0.191425
0.196696
0.189565
0.191483
0.190531
0.190783
0.190691
0.190219
0.193306
0.196061
0.190981
0.190278
0.189733
0.192267
0.195131
0.189696
0.189484
0.190453
0.189181
0.197878
0.189707
0.189271
0.189978
0.189431
0.191878
0.190269
0.191401
0.191094
0.191201
0.193673
0.188995
0.190268
0.195447
0.190062
0.193301
0.191258
0.189424
0.196874
0.188141
0.192133
0.190211
0.189283
0.195059
0.189826
0.191708
0.190058
0.189386
0.189422
0.190154
0.192548
0.192991
0.189869
0.188793
0.190931
0.194088
0.195962
0.190907
0.189937
0.190229
0.192693
0.195573
0.19017
0.190785
0.190195
0.190812
0.191936
0.189292
0.188972
0.188451
0.190583
0.192408
0.189393
0.189321
0.195823
0.189553
0.190725
0.189022
0.191207
0.195799
0.190554
0.192029
0.190262
0.18806
0.197237
0.189697
0.194447
0.191099
0.18958
0.188897
0.190143
0.192382
0.195866
0.191432
0.190434
0.18961
0.191779
0.196047
0.18953
0.189888
0.189663
0.191966
0.195829
0.188748
0.190391
0.190396
0.193046
0.191247
0.189098
0.190951
0.190325
0.191909
0.189758
0.189829
0.190467
0.195976
0.190368
0.192635
0.190432
0.188896
0.196133
0.189555
0.192338
0.190494
0.18982
0.192683
0.190864
0.192512
0.190859
0.189998
0.190882
0.190226
0.192648
0.192966
0.190675
0.19042
0.188986
0.191876
0.195368
0.18997
0.189804
0.18881
0.192303
0.194422
0.190611
0.188249
0.191491
0.190867
0.190984
0.19126
0.191325
0.196827
0.195972
0.1911
0.197668
0.191194
0.196492
0.195784
0.192624
0.197253
0.191514
0.196038
0.194805
0.189741
0.196593
0.191418
0.196058
0.191188
0.194323
0.190433
0.190028
0.19477
0.189444
0.191807
0.190186
0.190476
0.190332
0.188604
0.19327
0.190772
0.188222
0.190475
0.189395
0.193412
0.195627
0.189401
0.189928
0.189215
0.192928
0.196256
0.1902
0.189901
0.189985
0.191531
0.190549
0.189749
0.190187
0.1922
0.191977
0.188775
0.19061
0.189798
0.195337
0.193246
0.188367
0.188237
0.189208
0.194917
0.188383
0.19167
0.190563
0.18971
0.190155
0.190182
0.191393
0.19324
0.190429
0.18975
0.191142
0.193572
0.195972
0.189351
0.189876
0.189061
0.192331
0.194079
0.189059
0.18971
0.189993
0.192423
0.191383
0.18846
0.188793
0.192955
0.192385
0.189234
0.188853
0.190352
0.194043
0.19244
0.189428
0.190005
0.189412
0.194933
0.191356
0.188449
0.188526
0.191405
0.190256
0.188717
0.191415
0.195111
0.190012
0.189268
0.190023
0.190411
0.195291
0.190098
0.18851
0.190608
0.19234
0.194701
0.189564
0.190562
0.191132
0.191975
0.188705
0.190174
0.189576
0.195187
0.192832
0.18999
0.190108
0.188278
0.194601
0.190965
0.19048
0.189569
0.190201
0.194894
0.191927
0.18977
0.189379
0.189852
0.190676
0.191227
0.190737
0.194444
0.189477
0.189422
0.189676
0.192468
0.196188
0.189962
0.188907
0.191067
0.192906
0.194819
0.190238
0.189961
0.188677
0.192789
0.190243
0.189351
0.18868
0.192841
0.193082
0.189942
0.189521
0.190127
0.195496
0.193131
0.19059
0.189465
0.188994
0.196402
0.1923
0.190757
0.189164
0.188763
0.189434
0.192877
0.191302
0.192261
0.189436
0.188251
0.19135
0.187328
0.195368
0.189268
0.189021
0.19045
0.191922
0.196243
0.18896
0.190777
0.18922
0.193186
0.190274
0.19042
0.190418
0.194594
0.190391
0.188879
0.19099
0.190943
0.195714
0.191817
0.19162
0.189931
0.189156
0.195198
0.193191
0.189084
0.190523
0.190317
0.187876
0.192968
0.191025
0.197792
0.190911
0.191828
0.199693
0.191032
0.198362
0.190412
0.191818
0.198943
0.191801
0.195596
0.192296
0.191274
0.200505
0.19309
0.197902
0.190059
0.190338
0.201835
0.19091
0.195677
0.192403
0.19087
0.201639
0.190803
0.195941
0.192445
0.190976
0.200597
0.192357
0.19913
0.191339
0.191259
0.196982
0.191757
0.198058
0.190811
0.192732
0.196626
0.193243
0.197755
0.192594
0.191343
0.197504
0.194984
0.190387
0.196421
0.191826
0.196462
0.1939
0.191094
0.198322
0.192371
0.196946
0.195269
0.192302
0.198302
0.192428
0.197257
0.193683
0.191459
0.197935
0.191972
0.196028
0.194882
0.191314
0.196906
0.191384
0.195641
0.194587
0.190231
0.196554
0.192624
0.197477
0.194575
0.190861
0.197961
0.191999
0.19717
0.195111
0.191042
0.197163
0.192093
0.198061
0.196079
0.191048
0.196648
0.190796
0.196934
0.195658
0.191621
0.198279
0.19142
0.192627
0.199851
0.192048
0.19706
0.19117
0.191351
0.20074
0.192629
0.196947
0.190675
0.190615
0.201154
0.190452
0.196997
0.191633
0.191269
0.200296
0.192311
0.19668
0.189668
0.190289
0.202987
0.192035
0.195058
0.192146
0.190698
0.201539
0.192403
0.197455
0.191566
0.193002
0.200932
0.191289
0.198756
0.191633
0.1904
0.200378
0.191102
0.196809
0.192002
0.19045
0.19973
0.190632
0.191749
0.192364
0.190712
0.199569
0.191987
0.191689
0.195888
0.19142
0.194442
0.190617
0.192077
0.196622
0.192412
0.201976
0.190646
0.190742
0.196922
0.192535
0.201991
0.191751
0.191388
0.198288
0.191573
0.200168
0.191171
0.191551
0.198643
0.192948
0.200272
0.189965
0.19024
0.197303
0.192097
0.197409
0.193402
0.191211
0.197244
0.191522
0.197494
0.194887
0.191617
0.197154
0.190064
0.190346
0.191958
0.192021
0.197571
0.192962
0.19192
0.19881
0.190799
0.195922
0.190182
0.19234
