0.0255248
0.00229271
0.00557554
0.0076408
0.0033212
0.00627215
0.000515966
0.306509
0.00569661
0.0243882
0.0243622
0.00804487
0.00251803
0.261512
0.0128628
0.00313358
0.0125353
0.000953859
0.0130214
0.0482826
0.00721332
0.0202132
0.0392505
0.0924339
0.00371529
0.00646394
0.0298422
0.0101138
0.0120586
0.00988378
0.00965969
0.00301595
0.0114424
0.0343733
0.00487856
0.0083962
0.245183
0.00154798
0.00366601
0.201559
0.000313987
0.023429
0.018507
0.0143667
0.0169882
0.0638081
0.00294205
0.00648839
0.0052521
0.0147647
0.0370415
0.00277524
0.0191027
0.00736079
0.0168965
0.0320441
0.0417676
0.0211254
0.0689202
0.00315904
0.0107309
0.00682038
0.0108235
0.0017517
0.00584898
0.000407912
0.00581483
0.0131934
0.000250592
0.0170802
0.00739784
0.00486001
0.0384165
0.0123936
0.014813
0.000803714
0.020321
0.00272106
0.00553884
0.0109883
0.0100537
0.021397
0.00580451
0.0161947
0.00403555
0.0196232
0.00889979
0.0289148
0.00837295
0.00329646
0.00875482
0.0159023
0.00647544
0.0115866
0.00853026
0.0159907
0.0178971
0.0122144
0.0238687
0.00694314
0.0104831
0.0113978
0.014859
0.0171223
0.0379033
0.00252641
0.00753709
0.012609
0.0143152
0.000866574
0.0358322
0.0208509
0.0203914
0.0369097
0.0151276
0.0204399
0.0398133
0.00719704
0.0202463
0.00329674
0.00872025
0.0022043
0.000774731
0.0144671
0.00720674
0.0200518
0.0184848
0.000106096
0.0257062
0.014178
0.0221434
0.0052546
0.0176331
0.00128813
0.0263225
0.0103786
0.0122449
0.024375
0.00765283
0.00925942
0.0122926
0.0076124
0.00753164
0.0104436
0.0187666
0.0107946
0.00740372
0.00598838
0.00368831
0.00457222
0.00289232
0.0452935
0.00720957
0.0192349
0.0131331
0.00703024
0.114098
0.000808886
0.0863101
0.00861093
0.00327562
0.0305101
0.00200894
0.0414572
0.0267027
0.00831919
0.0193363
0.00483358
0.0269087
0.0151947
0.188786
0.0154334
0.00332728
0.0199866
0.00644068
0.0124204
0.106833
0.0285179
0.201471
0.00944855
0.0257259
0.00874283
0.138255
0.0250804
0.035061
0.220346
0.00528807
0.000747541
0.0183632
0.00918945
0.00473689
0.009651
0.11294
0.00200365
0.0309454
0.0709229
0.0227871
0.0589491
0.00673509
0.00145485
0.0170017
0.0138276
0.019569
0.0124872
0.00941288
0.00801981
0.00439125
0.0126649
0.00736614
0.00568876
0.0148219
0.00690758
0.0268849
0.00387755
0.0031522
0.0168616
0.00920679
0.0038929
0.0175514
0.000887822
0.00761088
0.014194
0.0105381
0.00267079
0.0386367
0.0143431
0.0461967
0.00804023
0.0307726
0.052789
0.00415951
0.0106527
0.022701
0.00192932
0.0224165
0.00636901
0.00145155
0.10843
0.0167086
0.165804
0.0295427
0.000273919
0.000910194
0.00962003
0.010445
0.172865
0.027471
0.012953
0.0169475
0.012814
0.00261033
0.00981245
0.00620304
0.0883578
0.00127496
0.0206885
0.0139018
0.0113717
0.00517352
0.0143875
0.00588484
0.00823199
0.0331509
0.290053
0.00048272
0.0102274
0.00779927
0.0138046
0.0180255
0.00436875
0.0150612
0.000691155
0.0276792
0.00121381
0.00169653
0.00220055
0.000257623
0.0117255
0.00471574
0.0139604
0.0308558
0.0141923
0.0121115
0.0316519
0.0187312
0.00549839
0.00291842
0.0417108
0.0832942
0.0160192
0.0161858
0.00798962
0.0106772
0.0263074
0.0068727
0.00964171
0.0171143
0.0176103
0.00715625
1.34616e-05
0.00306099
0.0161286
0.00793553
0.124496
0.0642285
0.017135
0.0358691
0.0257218
0.0461694
0.0236712
0.01557
0.00803186
0.00970838
0.0285901
0.0167618
0.00621267
0.000341844
0.00742725
0.0248536
0.00381048
0.00446466
0.0254026
0.0171691
0.328198
0.0100368
0.00977964
0.043454
0.00325855
0.0027735
0.0108195
0.00652623
0.0203054
0.0221498
0.00642439
0.0213689
0.0257867
0.0251287
0.0122695
0.0102014
0.00434843
0.00766754
0.0279452
0.0123637
0.0064431
0.00991771
0.00491647
7.96546e-05
0.00154916
0.0136544
0.0420207
0.0063645
0.0393685
0.0211746
0.000152924
0.0145302
0.000965283
0.0042982
0.00151945
0.032615
0.000761899
0.0135791
0.022444
0.0117239
0.0057711
0.0197021
0.0118244
0.0123168
0.0144896
0.000158952
0.01652
0.00641129
0.0202944
0.0188657
0.00956247
0.0270084
0.00486854
0.0148169
0.0710832
0.0269936
0.0248069
0.0284273
0.0844065
0.0528491
0.0192254
0.0231892
0.0039764
0.00424519
0.016311
0.0331678
0.0211661
0.00436185
0.103697
0.0273478
0.00165588
0.0138177
0.0194279
0.00547932
0.032632
0.004066
0.0260038
0.0180139
0.128452
0.0395271
0.00099629
7.37036e-06
0.00283326
0.00287848
0.00015399
0.00692198
0.0124745
0.000824075
0.0311099
0.00559407
0.00533674
0.0192328
0.000279866
0.0423013
0.00373649
0.0230813
0.000222539
0.0107482
0.00918898
0.0580836
0.0194497
0.0320873
0.00983471
0.0136587
0.0356274
0.00100293
0.0123144
0.00186787
0.0172698
0.00704916
0.0152937
0.0334329
0.0329717
0.0173416
0.0105556
0.000135138
0.00100424
0.00377118
0.0126106
0.0208714
0.0125372
0.233649
0.0154208
0.0161396
0.0140174
0.0261478
0.0311103
0.0478379
0.0272435
0.0152534
0.00511974
0.0180633
0.00901967
0.00288819
0.0196225
0.00325548
0.0209964
0.0125231
0.0370786
0.0189498
0.0101436
0.0237057
0.0250842
0.0251955
0.0602319
0.0180505
0.00538495
0.00301428
0.00292909
0.00243769
0.00969593
0.0812945
0.00554176
0.0069478
0.00261327
0.0232161
0.0158009
0.0108119
0.0559888
0.00289524
0.0151241
0.00194262
0.00877535
0.0113186
0.00237355
0.0228033
0.0192666
0.00359924
0.0165148
0.0165358
0.0394441
0.00393792
0.00628409
0.00543477
0.00674878
0.00533763
0.0167497
0.00862823
0.0178655
0.006875
0.00899488
0.0010913
0.00926436
9.02849e-05
0.000848463
0.0331069
0.0102393
0.00078192
0.00482715
0.0123566
0.0162763
0.0137557
0.0895734
0.00513821
0.0161054
0.0202864
0.0152104
0.0193792
0.0100491
0.0151732
0.045774
0.00566824
0.0148008
0.00144406
0.0170519
0.0448607
0.0027941
0.0428311
0.0128767
0.0156955
0.119635
0.0139556
0.0487951
0.012227
0.0125062
0.00732427
0.0140848
0.0370149
0.194074
0.0381739
0.0414873
0.00597505
0.00908882
0.00414745
0.0190439
0.00655957
0.0146193
0.00355603
0.0248651
0.00386902
0.00144674
0.0367322
0.00282638
0.00199297
0.0151846
0.00859164
0.0171537
0.0034253
0.010356
0.0215856
0.00212703
0.0129468
0.00024485
0.0295951
0.0166449
0.00272346
0.019774
0.00294744
0.0063261
0.0295254
0.0284714
0.004669
0.00552429
0.0309263
0.031779
0.030645
0.0200208
0.138197
0.0157621
0.00943602
0.00152274
0.00146786
0.00735077
0.00789657
0.0154064
0.03686
0.00226233
0.004031
0.028596
0.00537973
0.00951833
0.00939639
0.0152683
0.0118609
0.0581814
0.00808995
0.0100952
0.0352368
0.0111909
0.0155993
0.0150475
0.013645
0.00665248
0.0152695
0.021221
0.0196415
0.0108529
0.00737575
0.00415311
0.00148855
0.0050748
0.00702946
0.0066425
0.0612537
0.012289
0.00672299
0.023533
0.012059
0.0117479
0.00777022
0.00503746
0.010433
0.00568112
0.00876364
0.00480321
0.0224675
0.00648264
0.0143948
0.00947635
0.00841544
0.0242406
0.00147912
0.0274438
0.00469242
0.0156249
0.00716364
0.00445564
0.00555573
0.0119309
0.0107913
0.026
0.0108496
0.0148322
0.0128168
0.0163301
0.014669
0.0241736
0.00580449
0.0288053
0.00116779
0.0210798
0.00322701
0.0207558
0.0177813
0.0209847
0.0123165
0.0128193
0.00119011
0.00383904
0.0492932
0.00658082
0.00517909
0.0143257
0.00710679
0.032175
0.040354
0.0257293
0.0367356
0.0213389
0.0168193
0.0257552
0.0181966
0.00262699
0.0247894
0.0128917
0.0261908
0.00206561
0.0375088
0.00306259
0.00833197
0.0168955
0.00528375
0.0175888
0.022786
0.0380841
0.00200552
0.00478022
0.0458258
0.0112315
0.00676923
0.00699874
0.00658682
0.0265001
0.00553528
0.0114292
0.00454687
0.0408446
0.00118297
0.00923252
0.0147035
0.00843805
0.00125191
0.0259364
0.0265435
0.0246697
0.012114
0.108203
0.0236188
0.0188996
0.0237613
0.0258315
0.0108628
0.0707292
0.0220356
0.0218198
0.0465558
0.0336664
0.0274045
0.00107068
0.00630695
0.0174967
0.0314654
0.00999062
0.0179822
0.0223425
0.0105627
0.0119171
0.0524709
0.0255429
0.0409905
0.0118885
0.0406838
0.00177415
0.00322503
0.0178955
0.00903234
0.0360232
0.0398757
0.0280194
0.0205176
0.0234108
0.00851233
0.0047247
0.000438391
0.00465995
0.0219869
0.00668117
0.000854676
0.0118807
0.00307444
0.00228184
0.0300907
0.117481
0.0237946
0.00369243
0.00243764
0.0173009
0.0365557
0.00231124
0.0499059
0.00366963
0.00197403
0.00521809
0.00216239
0.0415343
0.00620924
0.0014096
0.0282745
0.00395461
0.00809679
0.00708517
0.0133395
0.00306898
0.00689744
0.0773645
0.0975161
0.0130613
0.00371252
0.00164374
0.0188576
0.0118188
0.0285536
0.00151289
0.0104528
0.0162466
0.0297925
0.00543166
0.0243791
0.0149603
0.0247473
0.0259133
0.0549439
0.00372499
0.0111001
0.0126925
0.0251932
0.0132468
0.00776556
0.00843491
0.00214156
0.0180922
0.00343639
0.000583716
0.0216493
0.009056
0.0158651
0.00779993
0.0125281
0.0467207
0.0127765
0.0363832
0.106666
0.00732321
0.0235992
0.0197622
0.00588295
0.0146662
0.0104368
0.0151835
0.0149033
0.00378436
0.00817988
0.0183012
0.000516086
0.0147221
0.00960567
0.0193971
0.00937052
0.00349683
0.0192143
0.00116845
0.0297601
0.000771992
0.0508195
0.0177435
0.00315139
0.00986406
0.0191831
0.00491537
0.00656369
0.0100166
0.0195075
0.0202125
0.000715291
0.00661694
0.0175321
0.00516308
0.0159192
0.000765994
0.0300359
0.0143889
0.011344
0.00260858
0.0677293
0.00837654
0.0053292
0.019913
0.00993235
0.00357845
0.0508585
0.0127593
0.0231862
0.0295787
0.0178936
0.00799602
0.245565
0.0566142
0.104535
0.0144889
0.055149
0.0918256
0.012219
0.0268017
0.0577504
0.0879145
0.00428138
0.0115941
0.0159753
0.0070548
0.0179675
0.00297327
0.00485619
0.0153257
0.0125263
0.0347941
0.0139693
0.000835628
0.00779009
0.000131107
0.0569286
0.00497418
0.010765
0.000539142
0.0102477
0.0250916
0.00461889
0.00955334
0.0186671
0.0127247
0.00330395
0.00706242
0.0172362
0.0156574
0.0284055
0.00370732
0.00895005
0.0405878
0.0639343
0.0160661
0.00835685
0.0150234
0.00143171
0.00831424
0.00577045
0.00577821
0.0060476
0.0162126
0.00989176
0.0115483
0.00407435
0.00139726
0.00130413
0.0552118
0.00231135
0.114525
0.018009
0.0185412
0.051548
0.0135892
0.0173887
0.0191192
0.0698625
0.0028414
0.0229806
0.0100214
0.26675
0.00137655
0.00481934
0.00586622
0.00186674
0.00468851
0.0103268
0.0051239
0.030987
0.00258063
0.0109778
0.0298323
0.0368412
0.0224524
0.02042
0.00681266
0.0114915
0.00299567
0.00127
0.00969117
0.0326151
0.0203352
0.0110586
0.00781793
0.0474829
0.0412048
0.0135297
0.0194978
0.0354566
0.00255717
0.00416903
0.0021215
0.0226475
0.0075595
0.00799967
0.010197
0.0167259
0.00177717
0.00959118
0.00540658
0.00685968
0.00430235
0.0105573
0.0190921
0.00791003
0.0265296
0.0276172
0.0112077
0.0230443
0.0007791
0.00657394
0.000360944
0.00981643
0.0213936
0.00944674
0.00856965
0.00828032
0.00196402
0.0104652
0.00854969
0.00543351
0.00264151
0.0307371
0.0194624
0.00172449
0.0276851
0.0114679
0.0158375
0.0530038
0.00350751
0.0236707
0.0182346
0.00204979
0.0267258
0.030039
0.002407
0.00338633
0.0146357
0.00880791
0.00267029
0.0778405
0.00882506
0.0170233
0.11439
0.03846
0.00109025
0.0160891
0.0536043
0.000795967
0.0108208
0.00151519
0.0151104
0.00296529
0.0127722
0.019993
0.00948229
7.62543e-05
0.00373415
0.0166966
0.0144107
0.00596303
0.020083
0.0099406
0.0238364
0.0095009
0.0142136
0.0237555
0.0114602
0.00417286
0.00616566
0.0448813
0.030274
0.0104707
0.00682964
0.0132811
0.00128993
0.0384488
0.0594976
0.0123318
0.0234025
0.000516942
0.0369067
0.0195516
0.000611384
0.0252807
0.0102324
0.130886
0.038477
0.0218051
0.0211986
0.00475795
0.034636
0.0257056
0.0499646
0.0101335
0.0188546
0.0479235
0.0133237
0.0512204
0.00774743
0.018322
0.0490749
0.0245336
0.0234734
0.0103874
0.0083612
0.0383689
0.0153721
0.023611
0.0461188
0.0233677
0.00300544
0.00694947
0.0967473
0.0238106
0.00489357
0.00627275
0.0165881
0.0149516
0.0497178
0.00860253
0.0702863
0.0118295
0.0127613
0.000810367
0.00235447
0.013436
0.00607941
0.0124603
0.00296204
0.0224867
0.00138027
0.00615921
0.00732036
0.0156892
0.0290572
0.00278192
0.0474749
0.0202005
0.0278417
0.00728521
0.0103916
0.0126139
0.00889731
0.0126816
0.206814
0.0308252
0.0109791
0.0440036
0.0426282
0.00621329
0.03393
0.00885035
0.00737725
0.0524637
0.0250499
0.00803814
0.0284
0.00341653
0.00300418
0.0108771
0.00943789
0.0560396
0.0325178
0.0383651
0.0358025
0.00661837
0.0133429
0.00199949
0.0258431
0.0316014
0.164634
0.0285559
0.00911022
0.00209465
0.00831902
0.0211037
0.0524256
0.00626961
0.00395205
0.0122888
0.0108086
0.056848
0.00642304
0.00545094
0.00651477
0.0201159
0.00757744
0.0054697
0.0133076
0.00163525
0.00909187
0.00390422
0.0188996
0.0168501
0.00750787
0.0301558
0.00210129
0.00905507
0.0542351
0.0507575
0.0496192
0.0157095
0.0197167
0.0140646
0.0453269
0.00244006
0.0318251
0.0626107
0.00315988
0.0187293
0.00237899
0.00621121
0.0160577
0.0329896
0.0195554
0.00147587
0.00361762
0.0128849
0.0127763
0.0272445
0.000656985
0.00115039
0.00054803
0.0372492
0.0240727
0.0239545
0.0473271
0.0109386
0.00113979
0.0436026
0.00647828
0.0118189
0.0203473
0.0171365
0.0302684
0.0265872
0.00744792
0.013213
0.0216818
0.00259662
0.0193168
0.00994291
0.0147056
0.0182837
0.0439642
0.022184
0.00563587
0.0159566
0.00522193
0.00492381
0.0443238
0.00173999
0.0319182
0.00398231
0.0277994
0.0112232
0.0169845
0.00313332
0.0242527
0.0622275
0.00171768
0.0155727
0.0134691
0.0111638
0.0441325
0.0056038
0.261395
0.00447888
0.0289565
0.00056543
0.0216845
0.0167107
0.000431093
0.0147839
0.0165711
0.0133997
0.0114081
0.0312837
0.0242208
0.00367626
0.0298815
0.0208604
0.0181709
0.00108371
0.000821763
0.00419154
0.0211257
0.0108916
0.00796177
0.0144459
0.00742575
0.00494469
0.0288434
0.0687274
0.00290785
0.00196811
0.00861425
0.000661868
0.00317734
0.0862216
0.0127775
0.0116543
0.0479528
0.0932466
0.000355812
0.0219675
0.0261734
0.0182989
0.051162
0.00533459
0.0143788
0.0336691
0.0044318
0.0182516
0.0243107
0.00604694
0.00840298
0.0258588
0.00365258
0.0110013
0.011596
0.229303
0.0523827
0.0336463
0.00839032
0.00804714
0.00452455
0.0225736
0.0104104
0.0170428
0.0218662
0.00643184
0.010178
0.0126933
0.0128568
0.0926038
0.0329709
0.00142097
0.0218465
0.0370456
0.0192873
0.00124243
0.00900724
0.0119764
0.0238824
0.0026094
0.0049065
0.00479779
0.0112225
0.0137521
0.013285
0.0108715
0.0257921
0.0182383
0.00666172
0.0110924
0.0029428
0.0269289
0.026586
0.0187302
0.0107657
0.00669989
0.0023422
0.00227855
0.0169038
0.0232426
0.00557593
0.00201343
0.0174113
0.0294713
0.000520821
0.00247995
0.0157181
0.0344956
0.00280832
0.0181941
0.0130445
0.00402521
0.0263976
0.0113723
0.0106093
0.00196251
0.023743
0.000992979
0.0377002
0.27101
0.0210709
0.00626657
0.00563989
0.0163355
0.00640166
0.0263879
0.00277164
0.0132848
0.029138
0.00483446
0.000910476
0.0156114
0.0146521
0.00664091
0.00614075
0.00551691
0.0068147
0.00833869
0.0213955
0.0298587
0.0222494
0.00100193
0.015978
0.000324369
0.062526
0.0384908
0.00716407
0.001371
0.00864967
0.00951154
0.0226135
0.00759457
0.00612519
0.0259242
0.019126
0.0192899
0.0501796
0.00119594
0.00674739
0.0138401
0.0162284
0.022688
0.0168265
0.0190651
0.0051929
0.0119082
0.036165
0.0109302
0.0120318
0.0173389
0.0126954
0.0306388
0.00305369
0.052542
0.0136924
0.0326398
0.00406918
0.0314112
0.00516079
0.0112205
0.00563565
0.0172205
0.00819159
0.0229597
0.020638
0.0177064
0.0010447
0.0297993
0.0167886
0.021475
0.0179983
0.0233283
0.234988
0.0222308
0.027533
0.0065763
0.0352723
0.0376807
0.0238763
0.0135438
0.0063361
0.00872269
0.0134322
0.0479548
0.00636913
0.0204615
0.0228024
0.038786
0.000967615
0.0390408
0.0156696
0.0119165
0.0285935
0.0108881
0.0134719
0.0136082
0.00575575
0.0177214
0.0046715
0.0165808
0.000972489
0.00763467
0.0097097
0.00356669
0.000552181
0.00344702
0.0301873
0.0979129
0.0486812
0.0170818
0.0321033
0.0554443
0.00661454
0.00670786
0.0499467
0.00223123
0.0392159
0.00905102
0.0100148
0.0180069
0.0108968
0.003374
0.0321076
0.00728225
0.00650952
0.000328981
0.0562972
0.00195005
0.00193581
0.0123513
0.0223874
0.00010818
0.038531
0.00230889
0.0274315
0.00449717
0.012382
0.0355881
0.156184
0.00679575
0.0181092
0.0257149
0.256894
0.0259683
0.000780499
0.00614627
0.00456352
0.00746274
0.0109944
0.0356385
0.0126007
0.0361843
0.0022768
0.02343
0.0041043
0.00762378
0.0500923
0.0266172
0.0173214
0.00266713
0.0161674
0.0188254
0.00580091
0.0317646
0.0158603
0.0361951
0.000325655
0.0177266
0.000550119
0.0379296
0.0648645
0.0012846
0.00636379
0.0274021
0.0118528
0.0220964
0.00358791
0.00459393
0.0157011
0.0214898
0.0294655
0.0163757
0.00682403
0.0385966
0.021864
0.0447756
0.033214
0.0107028
0.0174559
0.0256147
0.091826
0.00273765
0.0193001
0.0342484
0.0443897
0.05872
0.0153587
0.00749876
0.0051711
0.00787015
0.0103501
0.00374134
0.00482144
0.0100369
0.00422515
0.0123228
0.0187081
0.00942541
0.00362643
0.00568307
0.00926807
0.026587
0.0377164
0.0199467
0.0224265
0.0168268
0.0313745
0.00253206
0.0041229
0.00556593
0.0126194
0.0113917
0.0187494
0.0117334
0.00764653
0.0309761
0.013904
0.0128682
0.00352447
0.00204294
0.00584025
0.00334374
0.00328643
0.000218516
0.00275504
0.00407075
0.0116232
0.0208271
0.00377086
0.0145912
0.0168745
0.00467821
0.00994982
0.000578266
0.00516991
0.00243819
0.00529156
0.0130043
0.0146483
0.0106554
0.0230172
0.00328458
0.0290556
0.00384643
0.0360723
0.0220204
0.0207188
0.28634
0.014661
0.0168283
0.016076
0.0256212
0.0113286
0.0020378
0.0121528
0.00872812
0.00940334
0.0532324
0.0156629
0.00151489
0.204575
0.00350708
0.00408007
0.0254858
0.00240808
0.0025196
0.0138313
0.00714467
0.0392847
0.0071208
0.0488818
0.00279233
0.0303571
0.0164314
0.0735683
0.000275264
0.00756252
0.0140527
0.00877051
0.0190692
0.00134699
0.0048987
0.0114994
0.0267745
0.00410998
0.0413343
0.00942199
0.0301631
0.00130399
0.00126393
0.00370771
0.0237221
0.00263361
0.0122577
0.0159739
0.0120331
0.0114166
0.00455852
0.00271186
0.00561403
0.0150788
0.0132539
0.0027961
0.00204293
0.00334014
0.0304227
0.0249742
0.0371288
0.0151136
0.0127437
0.00481177
0.0119916
0.0040034
0.0214935
0.0119991
0.0124474
0.00999587
0.0347013
0.00815232
0.0182499
0.00294575
0.0388914
0.0142002
0.0122527
0.011796
0.0072174
0.0140887
0.0273665
0.0111189
0.0438476
0.0234466
0.0176072
0.00823241
0.0108641
0.00793703
0.00577571
0.0261053
0.00839461
0.0309078
0.0137627
0.00431438
0.000123947
0.011712
0.0136075
0.016175
0.0268724
0.0887281
0.0138127
0.0144329
0.0126082
0.00747745
0.000234407
0.0184586
0.00328324
0.00548745
0.00703217
0.0268493
0.00706682
0.0415376
0.000161949
0.00398135
0.00177647
0.0233775
0.0184253
0.0100584
0.00365316
0.00631391
0.00376683
0.00168672
0.0178696
0.0137204
0.0100231
0.0126491
0.0133715
0.0154077
0.00629891
0.0331066
0.00408322
0.0028995
0.00558282
0.0129738
0.00478852
0.0161941
0.280291
0.0126945
0.0186491
0.00704273
0.00820506
0.01589
0.00370947
0.0184663
0.0410876
0.00564943
0.00842365
0.157909
0.066826
0.0147459
0.00893705
0.00336753
0.0129322
0.00444766
0.014725
0.00205606
0.00200963
0.00075435
0.0150345
0.0281612
0.000930762
0.0121321
0.0339454
0.00434797
0.013468
0.0039109
0.00440765
0.00239567
0.00262353
0.133662
0.032699
0.0465267
0.0276096
0.00100195
0.263778
0.00594565
0.0287746
0.0280176
0.00729447
0.015745
0.0133458
0.0152843
0.00945123
0.00571054
0.0104243
0.036151
0.00461886
0.0131951
0.0231887
0.0148373
0.0463391
0.00980845
0.0194844
0.0233446
0.00543682
0.00476564
0.051906
0.00998075
0.0264715
0.00382026
0.0192472
0.00962571
0.0452686
0.000714336
0.0160552
0.0265518
0.026568
0.0119547
0.000212146
0.0121097
0.0198216
0.0175005
0.0171632
0.0251543
0.020773
0.0143336
0.0229027
0.0120872
0.0136113
0.017759
0.015337
0.00844779
0.0739063
0.0273326
0.0417465
0.0162457
0.00677198
0.035587
0.00742684
0.0149342
0.011036
0.0223107
0.0426931
0.107889
0.0310645
0.00222679
0.0337611
0.0196461
0.0288485
0.00608839
0.00622519
0.00100045
0.0035565
0.0434028
0.0211077
0.0200299
0.0209403
0.00147838
0.024689
0.0448324
0.00801728
0.00646119
0.00497973
0.00919085
0.0177173
0.00877822
0.0097731
0.00777051
0.0133148
0.00264245
0.122187
0.00403287
0.00469536
0.268455
0.00353219
0.00700483
0.00389843
0.0067155
0.0267241
0.0326848
0.0238855
0.000246996
0.0113558
0.0164922
0.00521161
0.00356717
0.0111226
0.0195002
0.0266709
0.00574938
0.00553354
0.0126523
0.0170201
0.00695765
0.0263114
0.0377587
0.0102993
0.0275491
0.0112141
0.00120756
0.00228925
0.029632
0.00183149
0.00409023
0.00828649
0.0400155
0.00316262
0.0370397
0.0367013
0.0047736
0.00561614
0.00354705
0.0146587
0.042766
0.00312473
0.00603819
0.0234317
0.000522594
0.0216124
0.0102432
8.48465e-05
0.00144378
0.0074735
0.00291239
0.000920313
0.0197895
0.0059077
0.000168539
0.00854816
0.00197975
0.0135736
0.00186365
0.144869
0.00316568
0.00199422
0.0131047
0.00723079
0.00659477
0.019022
0.00052631
0.00988973
0.0228813
0.0139089
0.00465492
0.00764764
0.002614
0.00902362
0.00298472
0.00561816
0.0261382
0.00295021
0.00898708
0.000120521
0.0107433
0.00554329
0.0164762
0.0293944
0.00650263
0.0161789
0.0306808
0.0151073
0.00125738
0.0206305
0.0230335
0.0213755
0.014377
0.0115706
0.000803859
0.00655167
0.000597144
0.0203021
0.000544297
0.00403878
0.0196139
0.0058132
