0.0907452
0.0960186
0.0752683
0.116637
0.104202
0.215044
0.0470677
0.547237
0.170182
0.221558
0.73952
0.895746
0.538848
0.886301
0.0737467
0.315931
0.0524231
0.087748
0.113501
0.200428
0.194696
1.03695
1.49148
0.121378
0.166218
0.0798629
0.131658
0.124478
0.456674
0.162997
0.326616
0.310604
0.259938
0.384967
0.51506
0.232289
0.370921
0.0555194
0.257634
0.586536
0.0498537
0.403542
0.462047
0.119117
0.0639442
0.217505
0.0583865
0.133881
0.0735175
0.528654
0.609242
0.0205421
0.369717
0.28184
0.0776341
0.0750228
1.25558
0.218117
0.18996
0.0294637
0.229104
0.1522
0.420274
0.0294791
0.0405863
0.104466
0.0394944
0.314878
0.164465
0.604814
0.321124
0.133874
0.321525
0.110751
0.130676
0.0650599
0.341804
0.0759099
0.0566069
0.20975
0.953567
0.14763
0.0424618
0.112207
0.339942
0.0514963
0.0821977
0.132634
0.0439486
0.461845
0.167123
0.131669
0.0624947
0.0918719
0.336066
0.0985381
0.915853
0.0405402
0.321732
0.0694393
0.481698
0.0773485
0.535209
0.452153
0.256197
0.143397
0.276924
0.189606
0.0424553
0.0995543
0.164242
0.19345
0.382038
0.395421
0.0680988
0.223797
0.198491
0.0726378
0.322609
0.203431
0.561937
0.0556197
0.0758813
0.0814311
0.0583486
0.135116
0.273523
0.362884
0.22513
0.0305373
0.087777
3.03887
0.549974
0.26871
0.232401
0.029388
0.218723
0.477269
0.0683928
0.03556
0.393627
0.775501
0.0422002
0.049184
0.167573
0.106678
0.0501017
0.15717
0.155757
0.58961
0.952096
0.116047
0.192423
0.0882771
0.0523864
0.0152684
0.22512
0.0620431
0.0776002
0.0387391
0.0630505
0.0427402
0.170792
0.200052
0.168512
0.0869588
0.0473816
0.051486
0.0694485
0.052597
0.877466
0.253865
0.051295
0.0869685
0.183041
0.139364
0.190137
0.972961
0.194943
0.0601071
0.311402
0.366351
0.0691283
0.180865
0.0601219
0.769461
0.0356125
0.0540121
0.139329
0.0248524
0.347858
0.054933
0.057307
0.142342
0.0320197
0.0420034
0.092712
0.0418953
0.149117
0.141774
0.207793
0.156975
0.0562653
0.0955826
0.0828358
0.0223359
0.0650443
0.0351843
0.0450305
0.272493
0.281278
0.59022
0.15502
0.0479432
0.0833402
0.0621206
0.24723
0.0296068
0.243353
0.12677
0.313458
0.471247
0.0452447
0.151841
0.111936
0.0111968
0.009547
0.139051
0.0754347
0.0677128
0.136313
0.0202923
0.0310163
0.173665
0.0159366
0.0558311
0.0794926
0.435751
0.118721
0.167465
0.0679309
0.0731719
0.354125
0.0986519
0.257631
0.643043
0.121459
0.143525
0.115101
0.0778798
0.0526195
0.107474
0.175707
0.133296
0.284434
0.0308878
0.139881
0.336639
0.219738
0.441889
0.142031
0.0388507
0.237121
0.0856664
0.377727
0.179869
0.0594925
0.0614372
0.272441
0.0386178
0.143518
0.185739
0.237653
0.0578696
0.176021
0.0284827
0.350471
0.161529
0.507253
0.525632
0.0513073
0.0424114
0.339376
0.452362
0.0341222
0.0871985
0.216714
0.766036
0.172567
0.400368
0.23322
0.74738
0.0198375
0.0937034
0.0545897
0.140467
0.130028
0.0962164
0.0216386
0.0983863
0.0799462
0.0371146
0.163018
0.0837839
0.103854
0.0328488
0.0669357
0.0204774
0.0107199
0.0460523
0.0356906
0.171478
0.316776
0.121022
0.146849
0.342218
0.039511
0.107504
0.0470905
0.0624882
0.0679189
0.22391
0.101932
2.13252
0.143593
0.0302899
0.0467107
0.120905
0.0164311
0.00738065
0.226988
0.174927
0.106717
0.414181
0.297811
0.195799
1.37266
0.0450052
0.0891385
0.0181555
0.0404311
0.0239335
0.164457
0.224095
0.289153
0.107213
0.32322
0.0736146
0.38998
0.218811
0.278461
0.131257
0.14542
0.1129
0.0541237
0.103799
0.398679
0.243372
0.0330353
0.379829
0.592941
0.0911461
0.135518
0.0160819
0.100154
0.150877
0.35587
0.204084
0.7414
0.108125
0.147654
0.110752
0.095518
0.211914
0.0876469
0.085651
0.0966516
0.110294
0.0619348
0.0633845
0.0256421
0.156321
0.0282186
0.0281637
0.0662131
0.0329785
0.0977241
0.132615
0.0377741
0.0808781
0.0665564
0.1643
0.0447948
0.0307822
0.0675346
0.026536
0.00840163
0.103076
0.0877899
0.0724036
0.0465189
0.267517
0.0971847
0.174516
0.130861
0.129501
0.662544
0.138871
0.102692
0.111638
0.0629888
0.150005
0.0913399
0.0489729
0.0888656
0.0105238
0.0785024
0.0341817
0.281243
0.085322
0.0354995
0.0722539
0.150517
0.015512
0.125379
0.0489127
0.0441205
0.287998
0.156766
0.0198858
0.122514
0.324322
0.124244
0.293377
0.150284
0.190677
0.0523635
0.0575313
0.171685
0.109305
0.082593
0.15677
0.139604
0.0453753
0.200198
0.146667
0.0806616
0.0457162
0.100881
0.086014
0.0472849
0.0625328
0.0749484
0.153663
0.0560619
0.0663391
0.0587913
0.0640042
0.038876
0.0740945
0.0806606
0.0443362
0.0751594
0.051204
0.0439657
0.0329129
0.0774976
0.0457319
0.0214048
0.126879
0.00719713
0.00940064
0.050025
0.0714658
0.0359257
0.0638507
0.0544406
0.0294766
0.0275149
0.232999
0.165343
0.141045
0.0631523
0.260157
0.0739339
0.0436126
0.0234199
0.152534
0.03412
0.14977
0.0675646
0.0563137
0.0695598
0.462784
0.357388
0.340133
0.0890933
0.0142619
0.0196184
0.120258
0.0229124
0.494952
0.0739161
0.200624
0.0804497
0.0376155
0.0871031
0.0156223
0.12467
0.218022
0.00661073
0.090106
0.0647477
0.0743209
0.09168
0.0694862
0.177755
0.30574
0.0412493
0.0864639
0.0487034
0.292127
0.05039
0.0563978
0.259038
0.0307631
0.0631905
0.134015
0.0529084
0.149718
0.0459876
0.346267
0.133278
0.151278
0.175392
0.0613826
0.0316717
0.224763
0.219335
0.12572
0.462611
0.120589
0.0280432
0.0901443
0.0472873
0.0891628
0.201073
0.0499973
0.073809
0.0496165
0.0557825
0.0997267
0.100514
0.0317689
0.143445
0.0772279
0.0624735
0.0383818
0.0424035
0.0532384
0.189761
0.0974973
0.034155
0.0417228
0.0150515
0.102742
0.0676811
0.0808719
0.0625667
0.0734825
0.0554511
0.0260846
0.111221
0.0369076
0.030478
0.0811143
0.100129
0.0974415
0.0471302
0.0558184
0.19365
0.0190581
0.357658
0.0329209
0.018408
0.0433969
0.0785024
0.13569
0.0577036
0.0558289
0.137224
0.13445
0.0972352
0.275934
0.0193239
0.411541
0.137126
0.216418
0.0674231
0.153346
0.281902
0.321005
0.191523
0.0742155
0.0308641
0.0715369
0.31023
0.0501995
0.148361
0.124635
0.502158
0.0820698
0.176939
0.00561505
0.0919189
0.208294
0.169342
0.0611338
0.286145
0.172063
0.0825292
0.0534176
0.0464358
0.202218
0.0634326
0.0391069
0.0993876
0.0589654
0.10498
0.132312
0.141076
0.107758
0.0721385
0.0458512
0.0811642
0.158373
0.0871853
0.0896455
0.0478259
0.029365
0.0662168
0.0446227
0.0320759
0.186847
0.0787787
0.0455936
0.0525651
0.0347149
0.0675567
0.455012
0.0585776
0.0595702
0.0541644
0.243494
0.0589806
0.118446
0.0443375
0.101045
0.144192
0.027164
0.25046
0.0943803
0.108323
0.0285721
0.0430055
0.0400982
0.0470724
0.0441119
0.0538608
0.154269
0.0544126
0.0150239
0.0634661
0.0302354
0.0720645
0.0503136
0.111269
0.0624328
0.120477
0.0770736
0.135192
0.0322041
0.0648121
0.100389
0.0468343
0.0509188
0.173295
0.0433196
0.0844427
0.0824963
0.0878946
0.0993903
0.0287479
0.0615377
0.0696936
0.210733
0.0668537
0.031335
0.100293
0.0578753
0.106331
0.0402207
0.106216
0.118811
0.00360144
0.101794
0.139239
0.100103
0.0615555
0.0897457
0.0447306
0.0691565
0.171183
0.0309015
0.0552319
0.056212
0.065698
0.0717447
0.0434503
0.0415368
0.0727267
0.107084
0.0842129
0.202459
0.178187
0.0678606
0.256683
0.170509
0.0622094
0.186972
0.173075
0.00915546
0.0256501
0.00432495
0.114807
0.0648548
0.0402978
0.174996
0.0109393
0.344296
0.130779
0.0839816
0.00584951
0.0984197
0.139433
0.123404
0.0379882
0.143767
0.0800505
0.108085
0.0253941
0.149872
0.0477053
0.312126
0.306139
0.0633884
0.164266
0.145048
0.0752945
0.114421
0.0676774
0.0840769
0.0732347
0.0270499
0.233095
0.0386252
0.236746
0.201917
0.106469
0.112124
0.0871075
0.233972
0.145327
0.0733776
0.570536
0.188467
0.0405603
0.73964
0.653341
0.0884867
0.0119154
0.208278
0.142429
0.417276
0.0139338
0.164643
0.286869
0.0954387
0.204859
0.0698137
0.151125
0.933305
0.501215
0.15568
0.464201
0.058169
0.0314325
0.0457506
0.0777491
0.0509187
0.189115
0.0802186
0.0120136
0.348029
0.198824
0.0756698
0.157383
0.133122
0.0698067
0.0659478
0.173464
0.0430037
0.0250902
0.102611
0.160963
0.250896
0.117304
0.0587143
0.0193398
0.0279425
0.165483
0.231804
0.220552
0.08283
0.0402909
0.234673
0.0166431
0.105608
0.0174859
0.023725
0.015223
0.0616009
0.276496
0.145291
0.197139
0.0383897
0.177998
0.0483235
0.0522551
0.103014
0.0700879
0.0779763
0.0195603
0.0398334
0.112973
0.109772
0.0379776
0.0875304
0.118615
0.135097
0.250238
0.61684
0.327014
0.886765
0.151855
0.182437
0.18026
0.044858
0.717828
0.175123
0.0637261
0.0235132
0.039173
0.0602375
0.0589906
0.0727911
0.0179406
0.0339619
0.188319
0.0916695
0.0659857
0.0496666
0.118136
0.0930217
0.0220417
0.0249473
0.0948531
0.0599911
0.0757029
0.125617
0.186684
0.100196
0.130373
0.0778856
0.214044
0.01342
0.0917706
0.0637971
0.05583
0.103738
0.474665
0.110258
0.698065
0.0692709
1.11939
0.474825
0.199866
0.0375064
0.0548719
0.407715
0.110937
0.36316
0.0492922
0.266123
0.298176
0.443549
0.493232
0.201391
0.0459825
0.149067
0.47788
0.233333
0.0847362
0.0641049
0.102011
0.396542
0.201981
0.0831309
0.0399402
0.190271
0.0898924
0.272931
0.046318
0.0453586
0.0967824
0.258125
0.0739224
0.125859
0.0216407
0.137436
0.15911
0.11886
0.0790455
0.100153
0.0732611
0.056432
0.0514096
0.116131
0.888701
0.117162
0.046277
0.0108779
0.346538
0.031543
0.354967
0.0635763
0.0990395
0.024372
0.116426
0.127268
0.0663609
0.058849
0.0235258
0.0410495
0.0927844
0.114583
0.0943296
0.0572749
0.173799
0.0211144
0.259985
0.0817157
0.0716569
0.083263
0.114516
0.706282
0.309428
0.0378161
0.163073
0.128213
0.018547
0.220767
0.178755
0.0772065
0.863515
0.0297564
0.055904
0.108733
0.0989407
0.0475038
0.31482
0.263575
0.268271
0.0948073
0.132316
0.1223
0.253893
0.067016
0.179595
0.0963818
0.0482514
0.0219421
0.00600161
0.0414117
0.0275717
0.0109524
0.0284067
0.0674955
0.0350704
0.100912
0.0516349
0.0458197
0.0438098
0.0546544
0.0748424
0.0457719
0.192511
0.035431
0.253302
0.717272
0.228659
0.18895
0.174176
0.126499
0.0537392
0.062056
0.0472445
0.0361559
0.0993103
0.319209
0.0762044
0.243344
0.111718
0.108447
0.0807534
0.207413
0.00546463
0.0558418
0.0522275
0.0983644
0.0651919
0.0178065
0.00942052
0.0431247
0.0418369
0.015241
0.138406
0.271289
0.0597179
0.132514
0.0427027
0.228202
0.15913
0.0482418
0.163151
0.105219
0.0259317
0.0614747
0.199887
0.173031
0.348002
0.0664582
0.189583
0.0898863
0.0974708
0.102985
0.222416
0.0424263
0.135308
0.0620972
0.137452
0.0708728
0.0484263
0.0404643
0.0752922
0.109904
0.0442225
0.0682179
0.0518373
0.070548
0.0280292
0.15139
0.0518166
0.066993
0.0814326
0.0629909
0.175897
0.0465007
0.064213
0.0478515
0.0250054
0.0916558
0.07032
0.0320371
0.0868782
0.0509693
0.0532545
0.00560478
0.0700006
0.127481
0.0474637
0.03481
0.0282938
0.0295418
0.0280676
0.141041
0.285148
0.141232
0.096095
0.163211
0.0269977
0.0492994
0.171371
0.0249526
0.0521429
0.293563
0.0995153
0.113005
0.40224
0.0835353
0.278297
0.0317316
0.0669739
0.0858505
0.159606
0.129583
0.101147
0.0359415
0.0325927
0.0342336
0.16773
0.013852
0.171776
0.180752
0.194478
0.177029
0.0539163
0.030698
0.0223662
0.0687884
0.0386106
0.025139
0.0555609
0.0573335
0.12877
0.0664954
0.109353
0.0603439
0.0349972
0.0708775
0.051044
0.0530771
0.0488603
0.058101
0.260497
0.0361755
0.103908
0.0824051
0.297367
0.21583
0.0365271
0.308903
0.135829
0.0687016
0.0333586
0.0389632
0.0498104
0.0729453
0.23517
0.0574013
0.0728947
0.0654958
0.0587947
0.0248463
0.208714
0.0847777
0.0276857
0.176506
0.0212803
0.0455673
0.0396044
0.068577
0.0573067
0.0318051
0.13087
0.0353695
0.0946022
0.0214391
0.066296
0.0758624
0.100775
0.0537088
0.0640681
0.0164682
0.0801174
0.0289886
0.00841618
0.0282314
0.226034
0.305994
0.330366
0.116001
0.0811787
0.154313
0.224171
0.130732
0.0839465
0.0270461
0.0891401
0.0191954
0.140358
0.104269
0.0395243
0.0479232
0.0753374
0.0733471
0.0538973
0.28953
0.0516841
0.0403698
0.0425562
0.166705
0.0496561
0.345225
0.0408772
0.0610323
0.0770712
0.057261
0.0322296
0.0505126
0.0758207
0.0598575
0.0686102
0.0927078
0.0383894
0.147322
0.0374329
0.0447763
0.118882
0.0713751
0.113778
0.044032
0.0855553
0.030671
0.0745634
0.197096
0.0566371
0.0462733
0.106674
0.0209957
0.0803033
0.052321
0.22706
0.342826
0.330351
1.00895
0.0353697
0.0355247
0.103186
0.161534
0.109346
2.30124
0.142042
0.0658417
0.102611
0.0615355
0.0376716
0.070837
0.0574284
0.0884571
0.220708
0.180261
0.00738572
0.405421
0.0313442
0.0892643
0.791178
0.0738901
0.0822481
0.00793843
0.103681
0.0486134
0.046342
0.0573628
0.0867484
0.199903
0.216453
0.988404
0.678694
0.107605
0.298518
0.216076
0.213565
0.0572761
0.0377665
0.068326
0.148353
0.0215466
0.030617
0.126852
0.0501011
0.0441053
0.0249488
0.10704
0.0558289
0.110903
0.150188
0.0697725
0.0421788
0.157748
0.0687031
0.0244149
0.0493436
0.246624
0.130805
0.0503132
0.13346
0.023701
0.0910643
0.352101
0.102218
0.173558
0.174813
0.0262817
0.012571
0.13496
0.0145131
0.0850667
0.0926145
0.0721461
0.161142
0.0586606
0.00883414
0.227329
0.023319
0.0790734
0.0758598
0.196234
0.0476357
0.0997525
0.0164192
0.0490327
0.0596575
0.0626006
0.103646
0.00577173
0.0586117
0.0638571
0.0491598
0.0691384
0.209248
0.0175842
0.192381
0.0416657
0.0846263
0.01022
0.134216
0.0470997
0.276281
0.0308053
0.10057
0.0970952
0.0298332
0.0149068
0.0135815
0.158942
0.0148539
0.0743662
0.0946594
0.0362494
0.416368
0.0286846
0.177345
0.059592
0.183969
0.122221
0.108785
0.0664641
0.0711726
0.0453105
0.0935397
0.0672706
0.0729183
0.0196638
0.0623273
0.111156
0.0153827
0.0266961
0.00376548
0.0159457
0.0539942
0.0617001
0.0765949
0.00625743
0.0729428
0.0750064
0.0498655
0.0248395
0.14057
0.144058
0.046235
0.0640795
0.0246214
0.0516972
0.0810808
0.0297033
0.0551955
0.0296673
0.0644217
0.0770474
0.0714024
0.11703
0.0569713
0.241391
0.048066
0.075993
0.065497
0.0484424
0.0310959
0.047226
0.0921083
0.131167
0.0533895
0.154278
0.342098
0.302069
0.101949
0.12233
0.0433271
0.0515171
0.0610464
0.0753258
0.110726
0.28583
0.0304175
0.0751933
0.0791957
0.231326
0.0619602
0.075195
0.192983
0.0712795
0.0663751
0.0837968
0.0724959
0.0718221
0.0026988
0.29898
0.0147914
0.116072
0.0661795
0.0922692
0.0859428
0.149249
0.113109
0.0605079
0.0171035
0.0712865
0.106964
0.0549091
0.119954
0.0185633
0.0801583
0.165635
0.0176558
0.155806
0.0638606
0.0751726
0.0456457
0.0578603
0.0524594
0.0525279
0.030621
0.0450509
0.0572102
0.0418182
0.492916
0.0265905
0.0836035
0.0538167
0.0458275
0.278022
0.13778
0.175226
0.0202352
0.0415153
0.115279
0.0292353
0.0880337
0.0534034
0.111121
0.0181754
0.0099189
0.0740113
0.0817016
0.126971
0.0362344
0.0348857
0.0695121
0.086759
0.0325867
0.102134
0.077432
0.0556381
0.054252
0.093698
0.0477551
0.0445299
0.0793935
0.00928872
0.0922293
0.00704798
0.158393
0.0716538
0.116962
0.0845887
0.099217
0.0758542
0.0815408
0.027577
0.0669448
0.0542612
0.0216637
0.0935081
0.0647943
0.0495172
0.080293
0.0301657
0.213641
0.0703997
0.0253694
0.141542
0.106675
0.172913
0.205461
0.179951
0.0391326
0.187078
0.111042
0.0615877
0.0568918
0.102475
0.0383584
0.214277
0.115277
0.0399204
0.150533
0.0970166
0.203159
0.0205875
0.00925979
0.0231379
0.0863761
0.135489
0.0745338
0.0748842
0.115361
0.0295422
0.0444619
0.140924
0.108923
0.129561
0.0966581
0.072891
0.0442215
0.183169
0.053566
0.162112
0.0354394
0.0522181
0.103225
0.060794
0.125064
0.0290542
0.185929
0.128786
0.279509
0.0343596
0.169454
0.131845
0.190847
0.301148
0.0456381
0.158608
0.0617896
0.0875995
0.0272352
0.103234
0.0407655
0.29938
0.241039
0.0100875
0.205934
0.116718
0.254211
0.223189
0.031301
0.037884
0.123723
0.0832144
0.0933949
0.0640019
0.121542
0.128318
0.106025
0.343145
0.00374308
0.0548273
0.0392533
0.168048
0.114449
0.141887
0.031582
0.029238
0.195159
0.0467712
0.405806
0.205934
0.0634037
0.0118417
0.149372
0.0966325
0.0745084
0.224254
0.30377
0.0485943
0.053243
0.0417094
0.112167
0.0976448
0.221933
0.286184
0.199822
0.0181907
0.0744568
0.0344569
0.0554394
0.0162315
0.045333
0.0654125
0.0419624
0.027621
0.146314
0.191032
0.0482788
0.190319
0.0686777
0.0557918
0.0175778
0.105641
0.104854
0.0316703
0.0324052
0.0744409
0.045861
0.0967075
0.429889
0.0872879
0.0355695
0.241168
0.0920764
0.0417358
0.0164524
0.0106347
0.089426
0.024674
0.0635737
0.352235
0.187784
0.0707968
0.0817365
0.0355632
0.0878038
0.0957728
0.048724
0.250254
0.051015
0.0830177
0.0808227
0.00686074
0.077311
0.079662
0.0846189
0.0576004
0.0462397
0.0806382
0.0145619
0.00441417
0.0554615
0.076582
0.0956687
0.017053
0.0948583
1.01961
0.219745
0.170558
0.129489
0.259919
0.0261914
0.0780733
0.294702
0.149085
0.0718767
0.0493681
0.135059
0.0255702
0.134564
0.0845136
0.0599929
0.0267358
0.0348113
0.062834
0.125382
0.0306664
0.0449062
0.0590913
0.105274
0.039183
0.077331
0.0129028
0.0537837
0.0704157
0.0134307
0.321678
0.294119
0.0652651
0.0953709
0.0914642
0.0551499
0.0503022
0.0865901
0.217972
0.0449383
0.0409561
0.0832478
0.0264483
0.05217
0.0367535
0.0240878
0.0270995
0.0556796
0.035167
0.172888
0.155512
0.0230949
0.0183557
0.0469267
0.0314223
0.0648868
0.0646659
0.0177287
0.0803798
0.138257
0.0272521
0.129236
0.0544435
0.0257325
0.153862
0.454102
0.133499
0.2026
0.136485
0.425124
0.154496
0.0847081
0.219233
0.103117
0.133764
0.337447
0.402051
0.169258
0.11562
0.0223136
0.180318
1.8245
0.325583
0.163938
0.0916969
0.17718
0.61342
0.0923575
0.23706
0.0397799
0.0257519
0.0318865
0.0343013
0.141992
0.173929
0.27448
0.26691
0.360825
0.0307685
0.437252
0.0552663
0.155417
0.129019
0.0505806
0.0902695
0.060559
0.0299697
0.104964
0.0933254
0.0608857
0.0620316
0.259265
0.136095
0.547948
0.40074
0.0709177
0.226235
0.10916
0.488635
0.0845321
0.10227
0.0783125
0.06781
0.086032
0.127603
0.0614486
0.0894433
0.169242
0.175338
0.139821
0.11224
0.096563
0.102831
0.0584878
0.0608648
0.0701502
0.0683472
0.0653508
0.0561698
0.0613115
0.117436
0.0630135
0.047419
0.0702323
0.0718198
0.130135
0.054535
0.0722881
0.0350882
0.0307952
0.0315488
0.0750901
0.0653252
0.096821
0.0895151
0.0898053
0.0275469
0.0814001
0.0334604
0.116303
0.085835
0.132731
0.0131832
0.0782253
0.0696718
0.0492237
0.087909
0.0534203
0.00765305
0.0448129
0.0435386
0.0820952
0.1988
0.197506
0.096613
0.0692438
0.0955798
0.172479
0.158474
0.169839
0.175924
0.0627039
0.0911473
0.0320775
1.14888
0.0365762
0.377621
0.349937
0.0373999
0.0686675
0.200186
0.0436242
0.0605705
0.0983816
0.0205805
0.0217998
0.77491
0.153228
0.0809598
0.580683
0.862737
0.419576
0.721795
0.124985
0.0384681
0.455592
0.139089
0.382813
0.102775
0.10467
0.0982446
0.0989278
0.0173509
0.0838223
0.223302
0.219718
0.0676507
0.176338
0.256548
0.103137
0.462183
0.163466
0.167958
0.365929
0.200906
0.0380178
0.0211444
0.0298063
0.0345113
0.00902025
0.376132
0.0464735
0.0973122
0.0456386
0.260661
0.0353262
0.00950755
0.0547481
0.0779968
0.191898
0.42291
0.22724
0.158351
0.0632362
0.159066
0.0189071
0.142269
0.0117237
0.26635
0.221554
0.101257
0.0698992
0.0802125
0.192623
0.184888
0.134354
0.0554435
0.452472
0.185172
0.0876517
0.199862
0.113757
0.410081
0.245675
0.257078
0.0651075
0.225825
0.0608342
0.0860314
0.129162
0.10404
0.163229
0.370024
0.38893
0.119721
0.176986
0.0272045
0.300318
0.100793
0.301258
0.0340475
0.0437183
0.147035
0.103539
0.0858561
0.118339
0.403125
0.197427
0.0283921
0.0958207
0.0396533
0.173439
0.345725
0.123119
0.448387
0.207904
0.15153
0.065633
0.0774842
0.04219
0.267987
0.029438
0.0274592
0.203569
