0.0586124
0.243344
0.0286778
0.138062
0.51428
0.108141
0.458824
0.123996
0.0250202
0.060218
0.0809777
0.220284
0.315892
0.0320825
0.165805
0.138174
0.208055
0.0673871
0.235696
0.111865
0.117784
0.235217
1.03049
0.114112
0.171885
0.0996367
0.238166
0.399449
0.0160884
0.0154086
0.197344
0.165429
0.0457883
0.0890411
0.377754
0.190755
0.0810606
0.148225
0.886864
0.0733065
0.129069
0.055369
0.0244759
0.272645
0.0864317
0.744308
0.0328654
0.234331
0.216791
0.0207369
0.098736
0.0647452
0.124886
0.0711602
0.145884
0.0621654
0.0970847
0.0895248
0.0910219
0.241515
0.111046
0.12068
0.0133078
0.0267293
0.0767339
0.0403367
0.0415054
0.0667547
0.0340738
0.149492
0.134677
0.0207505
0.247455
0.0276774
0.0239534
0.367788
0.0202691
0.0913274
0.145758
0.241166
0.107331
0.115052
0.10878
0.0961801
0.211417
0.200457
0.0275666
0.0209715
0.387868
0.0396024
0.10309
0.0175441
0.0782016
0.391687
0.397741
0.03622
0.0298198
0.0603506
0.0619495
0.0139083
0.0245099
0.012529
0.0442757
0.0904151
0.0377679
0.186901
0.601685
0.031218
0.184058
0.0402867
0.0870871
0.369502
0.0499544
0.0261359
0.0183582
0.021031
0.0655471
0.0377984
0.0191899
0.0477389
0.117893
0.0465087
0.240215
0.025296
0.107353
0.203251
0.0575606
0.470983
0.111129
0.0252256
0.292879
0.132018
0.356381
0.289452
0.128826
0.0202462
0.298739
0.0379803
0.318378
0.0580931
0.187725
0.0446731
0.00883082
0.0615006
0.0253498
0.060236
0.0203826
0.279548
0.0373462
0.0735669
0.0680236
0.58734
0.0492492
0.360804
0.00973953
0.10155
0.241273
0.309328
0.0154657
0.0157543
0.122007
0.0187263
0.0305899
0.183409
0.155237
0.286791
0.0157648
0.0113971
0.038248
0.0323684
0.522649
0.127114
0.323899
0.0431944
0.201507
0.0245195
0.0687703
0.0622176
0.141408
0.0197973
0.0717255
0.553548
0.122218
2.36453
0.43678
0.425995
0.0229246
0.119582
0.252794
0.00758399
0.0505519
0.346088
0.0105319
0.172083
0.045302
0.0379359
0.0393015
0.0264135
0.231078
0.0880046
0.184996
0.250729
0.0986411
0.0295278
0.0269512
0.0185365
0.01843
0.0262164
0.189215
0.0188578
0.0240728
0.0668641
0.458802
0.32679
0.031264
0.0101215
0.0733874
0.0993184
0.026643
0.0388838
0.11853
0.380626
0.0875034
0.0207526
0.012159
0.0511579
0.019382
0.0403347
0.0922957
0.0456586
0.0285784
0.0326068
0.0140463
0.0204042
0.0475148
0.0210583
0.307061
0.0529964
0.226
0.0631491
0.862226
0.258511
0.160194
0.0652108
0.328446
0.697571
0.389825
0.125001
0.0433623
0.00623828
0.0455651
0.10565
0.022839
0.0446439
0.18471
0.0642687
0.0119573
0.0386979
0.288026
0.219982
0.0894169
0.0419178
0.113433
0.055934
0.0521824
0.203153
0.0195644
0.021556
0.0681967
0.236305
0.158946
0.122639
0.575885
0.201075
0.022349
0.679878
0.0506763
0.00107999
0.0245949
0.0410745
0.0162763
0.757503
0.776533
0.249729
0.0809988
0.0532435
0.0253527
0.107309
0.0335362
0.547023
0.128048
0.138358
0.190124
0.0293023
0.0100468
0.167908
0.0302462
0.0823758
0.286037
0.0109847
0.0237945
0.0474942
0.0142556
0.0250619
0.02658
0.0603176
0.0478336
0.0542496
0.0157623
0.0351804
0.0221816
0.015932
0.253322
0.215942
0.0342004
0.155057
0.0285443
0.0363119
0.200695
0.00751398
0.0439935
0.0127667
0.309281
0.159561
0.596115
0.119508
0.0202389
0.0331513
0.059545
0.0564234
0.0476814
0.12854
0.00836796
0.0307266
0.198743
0.0213885
0.171028
0.0841019
0.107913
0.154008
0.00807909
0.00861986
0.172207
0.129324
0.632632
0.085577
0.309489
0.736833
0.0161916
0.0195465
0.135237
0.131308
0.0457886
0.0598273
0.165992
0.0329667
0.119168
0.632049
0.158144
0.197324
0.035562
0.0840116
0.0127859
0.104586
0.0816098
0.177658
0.00924675
0.0321516
0.0493325
0.0245389
0.0215734
0.382574
0.105836
0.182766
0.0418149
0.0235545
0.0326374
0.00831476
0.00631705
0.0316159
0.0270903
0.0287109
0.033921
0.0249341
0.0928138
0.0709615
0.0313475
0.0264532
0.0107175
0.0329032
0.0317833
0.0273733
0.0207477
0.00980962
0.0182502
0.00497699
0.0205519
0.0275917
0.0328641
0.0234226
0.0724674
0.0159967
0.00821991
0.0497221
0.0817924
0.191289
0.805983
0.0267619
0.0258112
0.0263213
0.011126
0.0370565
0.0110589
0.00911754
0.100611
0.0127277
0.357777
0.0171549
0.103484
0.174213
0.0166515
0.144447
0.0393457
0.0701852
0.0205074
0.0510751
0.0309153
0.0585719
0.0417416
0.0550302
0.0438512
0.034519
0.0463341
0.0958624
0.0299584
0.0770639
0.153751
0.0444845
0.0279993
0.0679719
0.0604395
0.0282231
0.0728911
0.021585
0.0291451
0.0494809
0.0592616
0.00462103
0.0661257
0.0405622
0.0139235
0.0246924
0.108689
0.092235
0.048469
0.0332785
0.0395808
0.0313198
0.0193244
0.0763731
0.0183852
0.0290238
0.0360501
0.0134327
0.0161305
0.0217182
0.0638208
0.0290783
0.0159989
0.0383775
0.0317584
0.00804686
0.00649802
0.168118
0.285502
0.118022
0.100523
0.0580086
0.0595673
0.0485501
0.0118756
0.121709
0.0158759
0.122022
0.0286547
0.0402714
0.114217
0.0207142
0.223304
0.0347563
0.236286
0.0584701
0.00871701
0.0913786
0.0532879
0.0508562
0.0319395
0.312313
0.110282
0.086716
0.0469178
0.0184975
0.111196
0.0541897
0.0208295
0.0308388
0.0793087
0.049297
0.0428562
0.0187084
0.0303135
0.013777
0.109851
0.0253674
0.215281
0.0294937
0.0834779
0.0098298
0.0280903
0.0138174
0.0198128
0.0484873
0.0192091
0.0575348
0.0372889
0.0212436
0.0465268
0.234362
0.0682092
0.0376469
0.0220528
0.0692802
0.0636886
0.0452093
0.0283016
0.0125767
0.0142213
0.0199751
0.0313085
0.0709369
0.017189
0.0313217
0.0806692
0.0663347
0.0695057
0.0221376
0.0434432
0.0181407
0.0292854
0.0196881
0.0326583
0.028375
0.00970428
0.0476596
0.0148449
0.0218638
0.0139662
0.0166006
0.0757051
0.0347496
0.0404442
0.0595514
0.0306645
0.0211304
0.0664048
0.0318113
0.0183326
0.0351753
0.0673456
0.0199529
0.0133089
0.068601
0.0131024
0.0240717
0.0756365
0.0314217
0.0247892
0.0820464
0.0325127
0.0179655
0.0450309
0.0581579
0.0580859
0.0697126
0.011775
0.103076
0.170049
0.100617
0.0348839
0.0876297
0.418191
0.208339
0.213907
0.413291
0.159165
0.159954
0.0755266
0.0524383
0.153869
0.198595
0.0238374
0.149542
0.126221
0.245858
0.0173129
0.0425547
0.160052
0.0199356
0.0434806
0.0257194
0.0545518
0.175159
0.00451677
0.0563501
0.150463
0.0412567
0.0467278
0.0471253
0.506786
0.158657
0.212705
0.147211
0.0814769
0.121241
0.113886
0.020061
0.0422061
0.188799
0.0304151
0.015738
0.320248
0.0790443
0.0265702
0.0650915
0.0921652
0.326008
0.158701
0.0818142
0.050292
0.0266216
0.0744915
0.0330859
0.0257568
0.00938742
0.112885
0.0519437
0.0204414
0.0497543
0.0229813
0.0211216
0.0119154
0.217567
0.0799912
0.0823627
0.0353649
0.122135
0.0918703
0.0132659
0.0304092
0.0242002
0.124831
0.0345919
0.0129478
0.16387
0.0177904
0.021949
0.0225421
0.0654859
0.0194032
0.132303
0.0349763
0.00801261
0.0226594
0.0126058
0.0482001
0.0193595
0.0666029
0.031503
0.0453433
0.0359747
0.0307876
0.0291355
0.0387133
0.0628748
0.0235361
0.0303164
0.0372888
0.0456242
0.0249059
0.0545739
0.0208893
0.0161939
0.06067
0.0671098
0.0114598
0.0463016
0.0164508
0.0491779
0.0280148
0.0171653
0.0151745
0.0293712
0.0178561
0.00727908
0.0161697
0.0481682
0.044735
0.0520359
0.0280429
0.0316936
0.0441481
0.0396811
0.00695274
0.0428033
0.0430772
0.0261988
0.0781106
0.0457827
0.0335953
0.166441
0.0273614
0.0179035
0.0460895
0.0232704
0.0395403
0.0214367
0.0652264
0.0252387
0.0937462
0.0247586
0.118522
0.0973636
0.0379988
0.106585
0.0238705
0.0346969
0.0349682
0.0551298
0.00903717
0.0229795
0.0445603
0.180041
0.150761
0.0397135
0.0590761
0.129793
0.0167344
0.0696401
0.0305563
0.0410645
0.0128509
0.0124457
0.00695335
0.0301588
0.0226018
0.0292957
0.0486867
0.0178515
0.111002
0.153824
0.022979
0.00874859
0.0162207
0.0261989
0.0208326
0.162614
0.212353
0.218085
0.0268176
0.0214052
0.0634304
0.0728988
0.208245
0.0815618
0.0371679
0.0687651
0.144193
0.0744741
0.14231
0.272241
0.115379
0.0394165
0.00568442
0.0482539
0.160163
0.019906
0.150516
0.26872
0.0365359
0.0347322
0.240392
0.341357
0.276838
0.00983813
0.31185
0.097548
0.469961
0.0366411
0.0115263
0.0664952
0.0200983
0.133768
0.0302834
0.0134478
0.0404423
0.0649571
0.0333333
0.0488139
0.176693
0.23217
0.0891114
0.0814759
0.103459
0.0315866
0.129873
0.058429
0.0417914
0.133187
0.00793928
0.0793197
0.0943077
0.00919645
0.11216
0.00822799
0.0199899
0.0767548
0.0349137
0.0747635
0.0104042
0.0194669
0.0393698
0.0950777
0.0293416
0.0166168
0.161793
0.0173084
0.0389188
0.144344
0.00578557
0.0417351
0.0582529
0.0259917
0.0218969
0.0771929
0.0386519
0.0140891
0.0622115
0.0639773
0.0197701
0.0755
0.0774969
0.551437
0.364177
0.334989
0.105451
0.114562
0.0236332
0.186068
0.171351
0.226913
0.220838
0.0161829
0.0149124
0.0309902
0.0123388
0.0122283
0.0165793
0.0667062
0.0429152
0.0476906
0.032382
0.0414593
0.0543568
0.0180441
0.0299425
0.00530744
0.0341015
0.018999
0.0370473
0.034095
0.024339
0.0915599
0.0173661
0.0307326
0.197679
0.0361598
0.254328
0.0149729
0.199758
0.053755
0.385254
0.054194
0.164928
0.0493963
0.0230056
0.0212249
0.101966
0.113943
0.375644
0.229824
0.0161993
0.0641832
0.0598258
0.0424705
0.0621314
0.0364347
0.0923064
0.318241
0.0143435
0.0425762
0.0298336
0.0750802
0.0661195
0.0488818
0.0632925
0.128467
0.0846654
0.0466737
0.0786915
0.202749
0.0171491
0.0119448
0.0357447
0.0214433
0.016493
0.176366
0.0110975
0.150347
0.0193192
0.0165558
0.0155349
0.0584186
0.0556455
0.0689549
0.010714
0.0666156
0.0872013
0.0583098
0.0577725
0.0172861
0.0287956
0.0182037
0.00937604
0.0755126
0.0767925
0.0348159
0.076272
0.0338691
0.0808899
0.0202153
0.0162017
0.0493056
0.0145485
0.0281698
0.185679
0.0121587
0.0360767
0.0237504
0.0586462
0.0362612
0.012188
0.456315
0.0336385
0.306407
0.420899
0.224395
0.00586217
0.412504
0.29168
0.104054
0.0377349
0.247294
0.124805
0.455162
0.137859
0.0192424
0.0745568
0.0378314
0.0799832
0.0238353
0.109421
0.176454
0.181169
0.0286467
0.0236168
0.0322988
0.0700597
0.0729565
0.045721
0.319599
0.0845067
0.0332826
0.0199828
0.0089636
0.181202
0.0230872
0.00921708
0.0540683
0.0176486
0.0316016
0.0155163
0.0197551
0.0350535
0.08302
0.0560102
0.0256396
0.0703764
0.0396422
0.137039
0.0686809
0.272128
0.0754693
0.036791
0.232588
0.0504558
0.00656198
0.0391374
0.0247081
0.0317667
0.0472542
0.0144361
0.017457
0.0412027
0.0118101
0.0391024
0.0229283
0.0335864
0.0417526
0.0434625
0.00982608
0.0175083
0.0506938
0.142504
0.189488
0.0767133
0.316837
0.0364703
0.0532761
0.255639
0.272296
0.244325
0.325894
0.0540543
0.16228
0.290956
0.0783952
0.107271
0.170499
0.0123916
0.0276855
0.186713
0.100775
0.0450254
0.127581
0.0155467
0.141826
0.0339885
0.0398197
0.061529
0.0432632
0.31746
0.200837
0.143674
0.0255911
0.0692161
0.00816932
0.0206877
0.028437
0.0640383
0.0908172
0.0213156
0.0164122
0.0275031
0.0172267
0.0202423
0.0618105
0.0239375
0.04898
0.0147879
0.0250035
0.0287763
0.0254933
0.031351
0.0469765
0.0169672
0.0695538
0.0487943
0.0215397
0.0186146
0.055778
0.0488087
0.0151059
0.0082705
0.0131066
0.00800683
0.0903883
0.0756531
0.0392542
0.0294409
0.0236432
0.0399779
0.0222176
0.0675302
0.0336058
0.0476488
0.0327165
0.00637113
0.139521
0.0175623
0.0364877
0.0152959
0.0434045
0.039773
0.0135886
0.0126218
0.0126831
0.0118539
0.0352043
0.025542
0.00804484
0.023933
0.0304993
0.113973
0.0330246
0.0344597
0.0174313
0.0376278
0.022247
0.0233145
0.0334546
0.0288334
0.0143047
0.0705521
0.0376694
0.0223659
0.024724
0.0732905
0.0313486
0.0209285
0.0427994
0.0137168
0.0447364
0.0341517
0.021682
0.0344166
0.0256624
0.0656287
0.0308596
0.139718
0.0364098
0.0131635
0.437015
0.150741
0.0771868
0.0464935
0.0206582
0.0301857
0.0339099
0.0537522
0.0710195
0.0538427
0.0310797
0.0142139
0.0400869
0.0319594
0.0160659
0.0315414
0.0313788
0.0284768
0.0341949
0.0223249
0.0168995
0.0159631
0.013256
0.0406669
0.0465769
0.0203928
0.0592247
0.0294122
0.0491242
0.092364
0.033466
0.0470235
0.0382085
0.0575659
0.0203028
0.0412658
0.288222
0.15692
0.148752
0.288209
0.00497747
0.0165431
0.0876577
0.284577
0.0435716
0.0155708
0.0299052
0.0188958
0.0405147
0.0594507
0.0119179
0.0557003
0.0267163
0.0328607
0.023169
0.031186
0.0314494
0.0424543
0.0201355
0.0126003
0.155277
0.554074
0.112436
0.12862
0.0140092
0.049325
0.0462165
0.0383517
0.0153618
0.0535212
0.0198069
0.0379348
0.0169728
0.0199604
0.135208
0.0372928
0.0183858
0.00792019
0.0319619
0.0480864
0.0323268
0.0168496
0.0108855
0.0525223
0.0796413
0.0205399
0.0315913
0.0195815
0.027336
0.0801489
0.0194858
0.0191992
0.217974
0.240026
0.0775558
0.0506739
0.00548104
0.033388
0.0960476
0.0325274
0.182935
0.244037
0.015953
0.0232059
0.0121668
0.0449224
0.0632582
0.022054
0.0241599
0.121574
0.0364369
0.681768
0.0263425
0.0757601
0.0431718
0.0221217
0.0140118
0.111281
0.0376137
0.0302899
0.0196996
0.0105532
0.0436682
0.00597745
0.0267596
0.0862422
0.246529
0.117111
0.253752
0.167302
0.1976
0.0589093
0.0346134
0.00616823
0.107416
0.349498
0.0200645
0.031804
0.0517444
0.0392959
0.0173826
0.0475641
0.0328939
0.0197862
0.075222
0.0196796
0.00993522
0.0167389
0.181542
0.0335135
0.0315286
0.0278656
0.0431762
0.0270357
0.375813
0.0212294
0.0121905
0.126317
0.0138859
0.0594475
0.0527065
0.0327692
0.0567985
0.113439
0.0584386
0.0751187
0.00952649
0.0323283
0.0222314
0.00787423
0.0460061
0.0368496
0.00353029
0.113834
0.0894311
0.0221292
0.0397111
0.0361052
0.0559723
0.0268276
0.0138986
0.0382412
0.0136616
0.0136844
0.0390501
0.0152078
0.0280926
0.0604305
0.0438157
0.0588502
0.0281597
0.144935
0.0151334
0.0327264
0.0856338
0.0350842
0.0305835
0.105328
0.102154
0.026956
0.101125
0.012188
0.0175111
0.0212154
0.0240934
0.0639607
0.0317659
0.0570332
0.220724
0.0370186
0.0676226
0.483707
0.0138612
0.0489486
0.0571915
0.0296035
0.0210902
0.0453618
0.00969069
0.0251755
0.0364981
0.0244047
0.0151182
0.0555086
0.0152545
0.0108208
0.138008
0.0456324
0.0449722
0.0308641
0.0527096
0.0181489
0.00950022
0.0539043
0.0649147
0.020207
0.0549639
0.0372728
0.0213855
0.0202582
0.0380958
0.0246665
0.0132612
0.0430048
0.0253055
0.0162861
0.0441984
0.0503151
0.0184256
0.0778822
0.0306859
0.00556686
0.142711
0.0388309
0.0476824
0.0282587
0.0143158
0.0468326
0.0298332
0.019568
0.0242181
0.014449
0.0797158
0.191842
0.0877793
0.0205366
0.0732959
0.102004
0.00364121
0.212714
0.046332
0.0501638
0.213147
0.00263941
0.0368793
0.0203914
0.00337931
0.063352
0.104557
0.010627
0.0146288
0.0301872
0.0224473
0.00976603
0.0063179
0.0166964
0.00446894
0.0188123
0.01458
0.0260401
0.0279378
0.0475056
0.029399
0.0175471
0.0363179
0.00957746
0.00910379
0.0193698
0.0329313
0.0143427
0.0616656
0.0111566
0.0258296
0.00995873
0.122503
0.091766
0.0840783
0.0494444
0.0151877
0.103006
0.0319577
0.0310518
0.0473946
0.0261792
0.0562972
0.0953935
0.0204743
0.0250521
0.0621127
0.0505882
0.0381743
0.038798
0.026608
0.0353004
0.0421433
0.0340494
0.0569918
0.0227766
0.0786927
0.0184183
0.0345551
0.0101908
0.0106083
0.0101861
0.0216143
0.040889
0.0542278
0.0457716
0.0401891
0.0120244
0.037572
0.0247503
0.0381052
0.0259136
0.0513371
0.0530339
0.0163906
0.0127214
0.0357027
0.024312
0.0202398
0.00463715
0.0300804
0.0484021
0.0259784
0.0475768
0.0500837
0.0124847
0.0439761
0.0386185
0.0308634
0.0125257
0.0329126
0.0774367
0.0165464
0.0450588
0.02682
0.0262647
0.0233503
0.0495564
0.0254874
0.0613226
0.00899537
0.038723
0.025052
0.0658811
0.0346668
0.200423
0.0173596
0.00863168
0.0187723
0.0449239
0.0660862
0.0303067
0.0689155
0.027499
0.0298007
0.0821726
0.05141
0.0964879
0.0473772
0.0532059
0.0288902
0.031697
0.00214815
0.0187892
0.0117148
0.0140835
0.0199202
0.0273713
0.0164819
0.0462057
0.0473065
0.0112458
0.0409545
0.0161743
0.0131877
0.0399469
0.0185733
0.0121244
0.0123701
0.00719688
0.0568718
0.046763
0.284014
0.0463002
0.0319362
0.31485
0.120659
0.0570333
0.0906182
0.0849262
0.0432608
0.046345
0.0159452
0.0423385
0.0479422
0.0816798
0.0140875
0.052716
0.0654514
0.0123449
0.00354875
0.0279147
0.0185646
0.131678
0.0187896
0.00965333
0.0328933
0.0427783
0.0254836
0.011986
0.0492842
0.0228924
0.161938
0.0386143
0.0747585
0.047413
0.0760529
0.122947
0.019439
0.028423
0.0359825
0.0131039
0.014122
0.220238
0.0142948
0.0273701
0.0320128
0.0107723
0.0100827
0.0401658
0.0447178
0.00740876
0.0370167
0.0727936
0.0820105
0.0485518
0.00804692
0.014206
0.0192932
0.0868712
0.0601339
0.0243682
0.0344962
0.0134949
0.051816
0.0268119
0.0481589
0.0252792
0.0442863
0.0430214
0.046644
0.0638072
0.0244341
0.0576163
0.00834351
0.00973987
0.0162785
0.0249487
0.0668728
0.0238481
0.0266278
0.0076251
0.0437212
0.122613
0.155184
0.0215299
0.207679
0.0088083
0.0377689
0.0195679
0.0890943
0.0216712
0.0361228
0.0374057
0.0367862
0.0393391
0.0158419
0.0196436
0.0184167
0.419116
0.447123
0.0234609
0.0321251
0.0371324
0.0139377
0.0263526
0.0355368
0.0257793
0.045464
0.0226872
0.0239365
0.015369
0.0191466
0.0369018
0.0191498
0.138186
0.0108022
0.0230622
0.140369
0.0340433
0.0417808
0.0944673
0.480388
0.36091
0.2893
0.01953
0.0307241
0.190258
0.0600101
0.0194451
0.123992
0.249277
0.348753
0.0694429
0.0174857
0.00945579
0.00587581
0.0257186
0.0379258
0.0122008
0.038233
0.00893036
0.0266931
0.019266
0.0214458
0.011892
0.210232
0.02049
0.193954
0.129592
0.190905
0.249413
0.172296
0.098403
0.0220847
0.0216541
0.0106378
0.0123078
0.0208513
0.0342382
0.0223628
0.024889
0.0391846
0.013274
0.0560043
0.0343191
0.0160553
0.0240796
0.0171414
0.0109317
0.0263307
0.0567763
0.023306
0.0124416
0.0101847
0.0436135
0.0155458
0.0327266
0.013321
0.00856522
0.0240102
0.026475
0.00760127
0.0576427
0.261218
0.037129
0.081488
0.204824
0.0722724
0.125009
0.260077
0.042181
0.0516689
0.320385
0.0332047
0.321691
0.178674
0.314186
0.0393312
0.0696182
0.319411
0.340639
0.485797
0.067549
0.139547
0.035031
0.0655348
0.0040206
0.0232397
0.0198876
0.0331403
0.0297766
0.0141163
0.0163247
0.0223217
0.0179824
0.417576
0.0141249
0.226497
0.296406
0.0538896
0.0158854
0.0114325
0.0458175
0.0655089
0.0311315
0.0435431
0.10009
0.0228191
0.0317408
0.0584814
0.0601364
0.132839
0.220363
0.073707
0.656701
0.119702
0.716458
0.142099
0.117685
0.06687
0.0794043
0.0394989
0.0406746
0.0376235
0.0234882
0.0474546
0.0316467
0.0702748
0.101957
0.032557
0.0530912
0.0246071
0.0139358
0.0183813
0.0285386
0.00675035
0.0209242
0.0401899
0.0295554
0.0376409
0.00851709
0.0130714
0.023748
0.017917
0.0236441
0.0386712
0.0440774
0.0681777
0.0475697
0.0496564
0.016802
0.064149
0.0159949
0.0231795
0.02013
0.0185738
0.0179766
0.123886
0.0276326
0.0346044
0.0511133
0.0391055
0.02146
0.0244918
0.0156316
0.0121296
0.0425441
0.0155988
0.0419852
0.197839
0.0187828
0.0242799
0.0261342
0.0325621
0.04223
0.0183428
0.018105
0.0489488
0.0229519
0.165963
0.331002
0.0358449
0.100812
0.0259004
0.261203
0.0731854
0.197561
0.0340606
0.0192759
0.232755
0.136702
0.164345
0.241742
0.23654
0.197089
0.0193296
0.0660131
0.0566642
0.133395
0.329173
0.29615
0.0496143
0.136223
0.172146
0.261626
0.0690311
0.0859046
0.0199981
0.0657114
0.0872752
0.101907
0.00983566
0.0387375
0.0144994
0.0133672
0.10679
0.265567
0.504434
0.0816732
0.0820031
0.145141
0.100216
0.258459
0.0411528
0.129028
0.0343735
0.209081
0.0332151
0.0503746
0.0385571
0.146954
0.0296411
0.0796687
0.0601495
0.0330237
0.0184687
0.0184446
0.115525
0.0261659
0.0153734
0.0872775
0.0208127
0.341402
0.0145214
0.290507
0.0542781
0.0363534
0.0252663
0.0174465
0.038431
0.0525087
0.0367549
0.236545
0.240575
0.0723908
0.180129
0.148621
0.161581
0.0277261
0.108732
0.0909399
0.486609
0.0231513
0.294761
0.224627
0.0917155
0.0622515
0.130368
0.0427524
0.0882737
0.0502879
0.0125658
0.0229766
0.124949
0.0247352
0.289321
0.0447294
0.0204621
0.297676
0.100169
0.366239
0.00717247
0.0331494
0.0321897
0.0164286
0.0702916
0.0653669
0.0108757
0.0184332
0.0519157
0.0237406
0.0471726
0.123104
0.155471
0.0205468
0.0669291
0.0210331
0.0556388
0.0189689
0.044075
0.104182
0.0479032
0.0283766
