0.0908606
0.0211472
0.298442
0.0932813
0.433166
0.0594111
0.153482
0.0194719
0.166649
0.341148
0.107575
0.184841
0.171452
0.2759
0.125329
0.246082
0.496656
0.173777
0.0900672
0.20307
0.558433
0.0297328
0.222114
0.0354267
0.423481
0.457748
0.314507
0.124648
0.702852
0.0845077
0.134312
0.0540846
0.0828386
0.191953
0.0606088
0.197209
0.235004
0.32493
0.0309919
0.0600449
0.229206
0.0653433
0.267462
0.0625777
0.244234
0.161442
0.519109
0.034342
0.0803865
0.205896
0.337095
0.100874
0.0422369
0.0846013
0.294865
0.64978
0.334124
0.139499
0.19524
0.170387
0.120637
0.00673451
0.0583788
0.088332
0.00582685
0.0394867
0.360044
0.0792934
0.652552
0.254309
0.158819
0.280228
0.218128
0.0532646
0.169014
0.101955
0.263667
0.0608324
0.0778675
0.254738
0.100346
0.735086
0.466663
0.0601391
0.0549614
0.119291
0.0559076
0.336788
0.144776
0.156409
0.166799
0.0665473
0.0227309
0.159345
0.691442
0.236042
0.62115
0.237033
0.0859516
0.0916705
0.177125
0.247182
0.204671
0.140779
0.318722
0.283855
0.155795
0.510672
0.145619
0.239382
0.211109
0.582878
0.121239
0.615494
0.28256
0.312327
0.0297668
0.0418269
0.107961
0.125326
0.475038
0.814538
0.134929
0.315242
0.123454
0.0613064
0.154055
0.256772
0.297936
0.0244904
0.062211
0.332388
0.974003
0.0814624
0.633159
0.0746754
0.10287
0.132499
0.2596
0.135045
0.287404
0.0494457
0.201057
0.0686632
0.0960266
0.0883829
0.0149132
0.169418
0.422387
0.0799735
0.290217
0.294316
0.104016
0.11283
0.146206
0.0984928
0.591528
0.103181
0.104613
0.0188162
0.275499
0.104117
0.312663
0.136139
0.0362325
0.181382
0.0651098
0.0919286
0.177461
0.14783
0.225599
1.18396
0.164693
0.137753
0.330268
0.0544675
0.710201
0.163736
0.42205
0.170906
0.0321346
0.267056
0.0714914
0.0577223
0.511297
0.0386145
0.105825
0.0464558
0.537744
0.0826219
0.0339926
0.198658
0.00949535
0.248275
0.0488514
0.150058
0.0774269
0.0771821
0.00575743
0.19891
0.124276
0.0816773
0.124893
0.191328
0.0701489
0.113832
0.0640512
0.124675
0.255494
0.0732197
0.074575
0.172299
0.325753
0.058899
0.224767
0.0562835
0.430394
0.0336108
0.267927
0.284702
0.279145
0.159352
0.202395
0.00578952
0.0691099
0.0622667
0.00412988
0.0422246
0.0560562
0.10869
0.0311086
0.0730574
0.0845817
0.0384173
0.0570485
0.272241
0.0809155
0.0801583
0.0124809
0.157553
0.035078
0.288576
0.129984
0.0713588
0.159343
0.241086
0.671678
0.174721
0.123128
0.069602
0.179155
0.177994
0.037511
0.065491
0.160935
0.563893
0.132825
0.32709
0.0132973
0.246314
0.101087
0.052098
0.0856355
0.0150071
0.0148745
0.0611733
0.0235427
0.0547674
0.0802081
0.0504556
0.241675
0.207707
0.0812374
0.214603
0.162257
0.0310486
0.228485
0.043405
0.410991
0.36779
0.41485
0.0164643
0.0141821
0.0576759
0.186857
0.0427789
0.137218
0.0669153
0.17783
0.219402
0.0585921
0.239502
0.140433
0.200081
0.124946
0.0562459
0.118576
0.0981751
0.209671
0.105047
0.0322645
0.0721497
0.098412
0.0474638
0.0191772
0.118481
0.0228817
0.0462218
0.152543
0.0701054
0.0688588
0.17442
0.0459919
0.471231
0.0145804
0.0131159
0.0543427
0.55879
0.0470658
0.0578194
0.0369337
0.0587507
0.0248753
0.0744769
0.165449
0.0841662
0.0846424
0.0665252
0.0454666
0.0740013
0.093836
0.0811878
0.653372
0.0914776
0.148655
0.0520189
0.185377
0.135885
0.260279
0.0509695
0.0730769
0.155546
0.0839896
0.056239
0.0465169
0.0615999
0.251731
0.0573469
0.11621
0.175897
0.0794651
0.194759
0.272318
0.0873583
0.259071
0.194775
0.219203
0.29257
0.41755
0.13078
0.10667
0.0708839
0.123236
0.0234269
0.0302634
0.121943
0.178181
0.0445519
0.341741
0.0793353
0.0560043
0.00515151
0.0513074
0.379508
0.0582834
0.0391151
0.0334243
0.102885
0.149498
0.045046
0.0651071
0.0167549
0.0380597
0.0800951
0.241125
0.245206
0.149759
0.0407058
0.124945
0.0804201
0.0423559
0.0472922
0.147118
0.0566826
0.0610066
0.105382
0.121801
0.0539036
0.0111775
0.0410043
0.0914853
0.0609961
0.0682359
0.0741526
0.20511
0.0709396
0.178463
0.0828275
0.0608928
0.156825
0.0359747
0.0701418
0.164609
0.121729
0.118094
0.0864545
0.11066
0.268326
0.0653845
0.0248405
0.147492
0.0454507
0.0657219
0.0903118
0.117663
0.220068
0.102452
0.181617
0.0807643
0.0866867
0.187256
0.126462
0.218567
0.301703
0.163615
0.150977
0.278275
0.442221
0.0732107
0.0562241
0.284101
0.075739
0.0197286
0.0422067
0.00109769
0.297872
0.190331
0.0559536
0.26808
0.0248075
0.137778
0.083091
0.038372
0.0984091
0.143047
0.0301763
0.0390619
0.0462508
0.00657245
0.12724
0.162821
0.0970166
0.0590891
0.0688042
0.0915923
0.0429916
0.159174
0.0211011
0.0385189
0.0545425
0.125382
0.0588065
0.0617271
0.313862
0.436478
0.0376244
0.199109
0.0663692
0.0869492
0.0980901
0.121162
0.0914994
0.0168608
0.0249373
0.168725
0.0360715
0.0854641
0.00338231
0.210336
0.173604
0.0224268
0.341403
0.283881
0.101962
0.0691803
0.210512
0.499106
0.0237393
0.0424344
0.130575
0.169492
0.316811
0.153375
0.034169
0.141077
0.100433
0.054643
0.109995
0.0174547
0.207504
0.0347622
0.126131
0.0508876
0.257356
0.0659547
0.0388832
0.019792
0.184378
0.135217
0.0614381
0.0648227
0.0492296
0.176971
0.0414296
0.162959
0.0978039
0.0348589
0.0510755
0.0483292
0.218909
0.0494643
0.167633
0.161199
0.127331
0.163317
0.141236
0.0260796
0.0611209
0.283071
0.150121
0.0298498
0.144022
0.0755432
0.17295
0.0137266
0.172682
0.0919007
0.029255
0.138804
0.138716
0.089304
0.0244968
0.120385
0.0569566
0.0155497
0.0417005
0.0478576
0.113327
0.0864962
0.0248823
0.0353679
0.0513026
0.0619853
0.0173841
0.0289631
0.116344
0.128083
0.0963707
0.127347
0.0810297
0.0165706
0.107373
0.137636
0.0516442
0.0638187
0.0260362
0.0400351
0.0376839
0.0614331
0.0697953
0.112913
0.0441069
0.0439184
0.0196078
0.161025
0.241914
0.0478717
0.0302571
0.176709
0.0311192
0.0439473
0.0296325
0.0282455
0.107186
0.015728
0.107361
0.131991
0.262932
0.0289654
0.243027
0.0296669
0.138528
0.151641
0.0837925
0.154566
0.0509706
0.182286
0.0715348
0.0217604
0.391195
0.0387082
0.244199
0.0429057
0.36326
0.297918
0.13534
0.0191409
0.120471
0.0653186
0.0677033
0.188543
0.0172297
0.244423
0.060674
0.059815
0.0534506
0.0554864
0.0666953
0.234791
0.0129483
0.0865151
0.124498
0.172643
0.181481
0.0992835
0.0609099
0.117811
0.0727491
0.0235006
0.184909
0.363726
0.0814674
0.0959009
0.0300057
0.0627335
0.279604
0.058314
0.0745709
0.127607
0.098285
0.0288863
0.0683703
0.0311167
0.0221911
0.0486248
0.0783347
0.0772175
0.144195
0.0184526
0.0437555
0.0981159
0.24117
0.108893
0.134293
0.196988
0.0493014
0.0484369
0.123328
0.231212
0.168616
0.0519657
0.260025
0.0531932
0.0548622
0.0352452
0.0360353
0.0776155
0.0656951
0.0547108
0.0469644
0.0456406
0.0408338
0.0408403
0.067737
0.0363351
0.151827
0.0101355
0.0406952
0.106548
0.0913932
0.050866
0.14287
0.0625952
0.179534
0.0995746
0.0874552
0.0149946
0.073683
0.141869
0.0259674
0.0736303
0.0189476
0.106786
0.00434351
0.127602
0.0362239
0.158466
0.0585379
0.0547413
0.0151225
0.193811
0.0245973
0.0649157
0.0398077
0.117642
0.144983
0.118417
0.0683126
0.0282015
0.109294
0.0309779
0.230324
0.163508
0.392491
0.106688
0.0391261
0.0990068
0.0399997
0.0666769
0.113752
0.119161
0.099309
0.0359084
0.0362228
0.114736
0.0169416
0.10987
0.10918
0.094598
0.145634
0.0310364
0.0404871
0.129917
0.0954679
0.0186133
0.142049
0.025768
0.167056
0.0399869
0.0277145
0.130318
0.0220484
0.183935
0.214851
0.220408
0.0607171
0.0608287
0.131934
0.125453
0.184831
0.087652
0.127952
0.0796832
0.0634332
0.0445118
0.114074
0.0190206
0.117724
0.254732
0.11778
0.243705
0.146504
0.0300008
0.226367
0.172173
0.259841
0.0930194
0.181571
0.130992
0.152801
0.294526
0.229502
0.250337
0.0501802
0.262192
0.0500164
0.0732938
0.0675925
0.619273
0.0330225
0.158842
0.156098
0.462741
0.474262
0.238935
0.117953
0.0943117
0.11922
0.0764517
0.050912
0.101482
0.214362
0.194373
0.0780884
0.189463
0.00834249
0.0200399
0.0571313
0.242761
0.0732517
0.0689098
0.173314
0.5986
0.104101
0.0209188
0.0738388
0.0373797
0.0708907
0.0182642
0.19446
0.0484949
0.0402366
0.129242
0.12634
0.308014
0.0386571
0.0714051
0.0458616
0.0388204
0.0698159
0.13959
0.076435
0.0635632
0.14396
0.0895811
0.0875908
0.115836
0.120874
0.0840064
0.044933
0.157787
0.0715639
0.0144532
0.0930878
0.140845
0.187963
0.123321
0.0390013
0.0413179
0.101319
0.0919218
0.584701
0.0638776
0.25653
0.155159
0.133216
0.119733
0.119265
0.389671
0.147351
0.180142
0.0457374
0.0418269
0.0305008
0.020759
0.0419547
0.0261383
0.0976299
0.042629
0.0226752
0.0385041
0.0745531
0.123448
0.0748644
0.0337948
0.0455907
0.0610641
0.0582269
0.10898
0.1243
0.0804257
0.0974329
0.223428
0.0424734
0.244984
0.0113667
0.141385
0.0100346
0.0452967
0.0326802
0.117557
0.476092
0.316247
0.221523
0.322802
0.945235
0.116811
0.0701983
0.0660273
0.0899411
0.08631
0.132707
0.0584859
0.112241
0.152445
0.0931959
0.0603041
0.286868
0.0111788
0.292425
0.128297
0.075712
0.25896
0.065836
0.0485669
0.0225938
0.230579
0.0408709
0.0549206
0.0674401
0.156536
0.0186687
0.196762
0.162383
0.107996
0.0250519
0.0999515
0.244749
0.0603959
0.1707
0.0849463
0.273575
0.0555592
0.0653576
0.0543681
0.0105867
0.0317046
0.0303414
0.103037
0.10165
0.230498
0.0592561
0.0807968
0.0581451
0.089628
0.0591673
0.071372
0.100594
0.0137049
0.122173
0.0348404
0.389382
0.187011
0.211518
0.0379871
0.280211
0.0455958
0.03702
0.039168
0.166012
0.133406
0.19015
0.05263
0.172224
0.0221191
0.0373975
0.697102
0.510754
0.172053
0.409723
0.683234
0.295098
0.0645475
0.0393923
0.155306
0.197649
0.0279426
0.100191
0.0714745
0.0526109
0.0324094
0.069088
0.254009
0.279614
0.165453
0.0792789
0.0627523
0.122104
0.175252
0.120569
0.0307999
0.0917948
0.102706
0.103181
0.279802
0.0677018
0.130492
0.0589545
0.0371908
0.0354982
0.0728043
0.00722117
0.0189914
0.148782
0.00832298
0.132595
0.0983755
0.0646447
0.400223
0.114507
3.73409
0.111242
0.115601
0.190252
0.0929801
0.0816952
0.0367613
0.0542504
0.0441896
0.0861083
0.187171
0.0715085
0.0604506
0.306615
0.0349363
0.0193058
0.141984
0.138852
0.0222856
0.114711
0.034149
0.110985
0.205562
0.202219
0.07395
0.190762
0.301279
0.211853
0.0656314
0.0966021
0.0523547
0.14029
0.0607305
0.0310489
0.183673
0.0572663
0.125416
0.0648312
0.0137268
0.0444567
0.0406436
0.0490178
0.264151
0.0778563
0.0610026
0.0311797
0.110519
0.0187155
0.270465
0.0116393
0.196951
0.0374898
0.0390826
0.109415
0.0266998
0.110796
0.0588667
0.126392
0.0420789
0.0554842
0.183934
0.0956129
0.0280909
0.12696
0.14409
0.0415662
0.0301761
0.0235292
0.0586856
0.0614238
0.037796
0.0614274
0.0237948
0.0147557
0.0720439
0.0486597
0.0992622
0.0560489
0.0431376
0.241847
0.106031
0.0398226
0.0608281
0.0830082
0.0843755
0.252235
0.061229
0.192839
0.0681944
0.0488609
0.155459
0.121659
0.129546
0.183822
0.136771
0.0852105
0.102123
0.0237265
0.119876
0.0462661
0.0550087
0.0333098
0.107983
0.0683041
0.0327348
0.0672588
0.0318829
0.0498772
0.0799678
0.00482157
0.115593
0.128488
0.133102
0.0530287
0.0561763
0.0946062
0.0236027
0.0744073
0.0887588
0.163364
0.0358808
0.0566669
0.0337213
0.0449165
0.142306
0.0655771
0.00976452
0.0538358
0.023719
0.0285831
0.0162142
0.0939019
0.042582
0.0690377
0.121898
0.0473361
0.0796484
0.125235
0.0536664
0.0150193
0.0388022
0.167573
0.163087
0.017296
0.0628024
0.0428641
0.0760836
0.144517
0.052303
0.0817918
0.126943
0.0984705
0.119385
0.00812048
0.15016
0.118434
0.0181409
0.077262
0.0798066
0.0682313
0.0654832
0.0549612
0.0979555
0.134543
0.278095
0.0535796
0.0958832
0.0988006
0.149839
0.0221188
0.0555815
0.00917245
0.0723016
0.0151098
0.0969433
0.130345
0.0254302
0.0657104
0.0521389
0.347366
0.284723
0.168621
0.0142352
0.0821247
0.279323
0.266729
0.052012
0.0315573
0.0764636
0.126707
0.0354152
0.0674915
0.0241631
0.0772968
0.0646695
0.0271402
0.0619658
0.0408346
0.0693553
0.0432683
0.129568
0.0563422
0.616622
0.00388783
0.108063
0.0333424
0.115765
0.14581
0.0964276
0.0457086
0.0678512
0.111834
0.0786937
0.0956075
0.0534824
0.0591885
0.138452
0.0126505
0.0479812
0.0362583
0.0402903
0.0604545
0.0335667
0.148393
0.0567898
0.206358
0.207564
0.0418377
0.0395163
0.035983
0.0301492
0.0219274
0.0264381
0.493422
0.163313
0.0666847
0.151859
0.0358459
0.702483
0.117684
0.294119
0.369151
0.057903
0.033046
0.0466806
0.102291
0.0213042
0.0340116
0.0599585
0.103466
0.346279
0.133039
0.0376191
0.0371029
0.269355
0.181236
0.174024
0.144822
0.16319
0.0567286
0.0525093
0.0423875
0.0560591
0.096022
0.00722088
0.766158
0.177688
0.0860489
0.179406
0.467705
0.110808
0.146699
0.111338
0.0810616
0.0477504
0.0490781
0.562698
0.0162406
0.296641
0.0371819
0.0475242
0.0137437
0.068247
0.157078
0.072331
0.0456126
0.0979003
0.118959
0.0718428
0.0468027
0.0142402
0.154308
0.0835437
0.0490932
0.132174
0.079959
0.174628
0.267726
0.111108
0.076334
0.0834029
0.0996923
0.141749
0.0914772
0.137368
0.0198125
0.101434
0.105106
0.0933576
0.0643724
0.0565906
0.0286561
0.116894
0.261359
0.738201
0.0852377
0.136295
0.0489941
0.101837
0.048169
0.0671716
0.0920976
0.0932582
0.0362122
0.106921
0.0719174
0.101448
0.103257
0.148175
0.0293208
0.0595476
0.0980153
0.0636513
0.0460257
0.0532259
0.145007
0.133883
0.0615111
0.00808394
0.0694888
0.179058
0.0284666
0.0787306
0.130698
0.0542923
0.0336359
0.0192905
0.0337464
0.164782
0.21882
0.027415
1.07982
0.0436588
0.107163
0.00762886
0.0748827
0.0680139
0.0977321
0.0392411
0.0512159
0.0874828
0.0874967
0.119205
0.18073
0.0954156
0.0717245
0.130976
0.152408
0.1013
0.0526972
0.102134
0.0385063
0.0768042
0.0814064
0.0823539
0.102074
0.0376841
0.0504059
0.0566586
0.0163469
0.0382846
0.0150941
0.0552537
0.0306257
0.18127
0.0716895
0.0454125
0.0353356
0.0785352
0.0797465
0.146436
0.110882
0.0601384
0.107465
0.0645789
0.0227729
0.161885
0.0722663
0.147872
0.0785857
0.130778
0.0598647
0.0463778
0.0341046
0.158948
0.0129007
0.0660243
0.0300802
0.129477
0.0301483
0.103868
0.197833
0.0306193
0.0225667
0.034893
0.0680542
0.227297
0.0203742
0.164917
0.209243
0.148201
0.171032
0.119178
0.0754179
0.157107
0.0424777
0.105253
0.0413717
0.0968407
0.00941297
0.137412
0.111821
0.0417024
0.0531036
0.031701
0.0575393
0.0454117
0.0581536
0.0778292
0.00952205
0.0411619
0.0681055
0.124602
0.119046
0.0136092
0.0298369
0.10746
0.0983503
0.0891802
0.0306108
0.260624
0.0322906
0.232014
0.0834173
0.163122
0.0258808
0.098522
0.0600312
0.0416584
0.0581183
0.0786401
0.288226
0.0427421
0.0421588
0.100686
0.019783
0.0322398
0.0983059
0.0288449
0.0287527
0.0792521
0.0673214
0.0924229
0.099487
0.0957061
0.0240117
0.109045
0.0641463
0.136441
0.0456028
0.141627
0.0892819
0.0387893
0.0465876
0.128831
0.183949
0.00113073
0.0649013
0.0915203
0.108619
0.0786426
0.0684572
0.0612574
0.10693
0.0320697
0.0542753
0.0519752
0.14001
0.049411
0.0823039
0.0689864
0.0713833
0.0731484
0.0363976
0.0552395
0.0978536
0.113165
0.168214
0.173371
0.098286
0.037117
0.0359032
0.0625935
0.0785016
0.037858
0.286721
0.0948371
0.25627
0.0918334
0.074426
0.0486751
0.0610073
0.245796
0.00363171
0.107275
0.141212
0.220326
0.08615
0.103731
0.0545039
0.0680963
0.07076
0.11453
0.126437
0.0302749
0.088026
0.192758
0.0605242
0.139049
0.0445153
0.0794966
0.0882528
0.0953977
0.0377099
0.00836984
0.0334674
0.0335796
0.0416595
0.0389202
0.0273779
0.0696045
0.076184
0.0306334
0.116467
0.212521
0.0520297
0.096132
0.274284
0.063973
0.165522
0.232462
0.0830715
0.0664728
0.0842578
0.0369356
0.12759
0.048438
0.321974
0.0288611
0.106198
0.0928594
0.0261375
0.0484959
0.054495
0.320223
0.0323411
0.103023
0.0685188
0.005181
0.182588
0.0978781
0.174526
0.34461
0.0595387
0.0479998
0.0486853
0.0203642
0.218783
0.135189
0.0913584
0.0455132
0.0585138
0.200716
0.0600821
0.116254
0.0876087
0.0292241
0.114545
0.246194
0.0946608
0.108602
0.0195679
0.00708832
0.0671072
0.144295
0.0732019
0.160572
0.0214028
0.0516542
0.0115551
0.0333502
0.0419874
0.0391666
0.0667487
0.154418
0.0773145
0.0394679
0.0639885
0.036398
0.0414782
0.0706024
0.0320795
0.134809
0.191301
0.150402
0.053579
0.109059
0.161544
0.148704
0.0448799
0.0515132
0.110587
0.0482453
0.157177
0.0512897
0.24471
0.0912777
0.208219
0.128531
0.157774
0.196711
0.0613589
0.255105
0.0456445
0.0164337
0.0461185
0.181356
0.104865
0.0436376
0.194655
0.10445
0.0619774
0.0444148
0.113062
0.148744
0.22309
0.0626005
0.0501646
0.111356
0.0971543
0.0884156
0.0193389
0.0418615
0.240881
0.166167
0.00311232
0.0362508
0.052418
0.0159892
0.0331924
0.0397453
0.0670968
0.0234851
0.2301
0.145671
0.209123
0.100934
0.0461427
0.0944461
0.471386
0.13167
0.150513
0.467108
0.0210032
0.0792935
0.0417175
0.0493653
0.0669985
0.0331602
0.0191895
0.0670971
0.0635009
0.0439693
0.0629152
0.144245
0.0102801
0.00804636
0.0145235
0.0649021
0.0126357
0.043644
0.19933
0.179974
0.112513
0.00896939
0.323093
0.228119
0.0654121
0.0628424
0.0354616
0.0796395
0.082919
0.0420099
0.0563728
0.0732576
0.0322436
0.0553539
0.0462922
0.130339
0.0994852
0.0877513
0.0694395
0.0902512
0.291824
0.117495
0.0545793
0.0355947
0.0826148
0.040449
0.0287412
0.0860227
0.0793293
0.0336656
0.0439846
0.018677
0.155434
0.0276796
0.0987215
0.0460582
0.172565
0.122069
0.149405
0.247663
0.457256
0.0727062
0.871587
0.11358
0.0537229
0.0249409
0.372123
0.131596
0.025205
0.593105
0.28634
0.280431
0.275557
0.0913109
0.272545
0.0561689
0.305422
0.0987785
0.275831
0.236071
0.0244914
0.0603457
0.0445581
0.210988
0.00568049
0.145688
0.0443028
0.302398
0.125676
0.329042
0.0567737
0.177144
0.0584549
0.147035
0.163986
0.142435
0.0560219
0.0399869
0.0826331
0.0630014
0.370227
0.14529
0.221231
0.126567
0.125163
0.0394806
0.0755397
0.995034
0.214648
0.103726
0.272226
0.0593445
0.0461208
0.13824
0.0335564
0.126812
0.0544961
0.0647128
0.299283
0.0895842
0.0179983
0.0428071
0.0869546
0.0393761
0.0746212
0.0321164
0.102303
0.0680772
0.0741344
0.108806
0.136681
0.0394453
0.0208482
0.154284
0.0673298
0.0130607
0.118802
0.0646743
0.0460858
0.034038
0.171129
0.0187571
0.152413
0.125387
0.164889
0.0489011
0.0975239
0.0308655
0.357854
0.0480206
0.0656932
0.0696513
0.10405
0.120818
0.066029
0.0658928
0.0197452
0.0585908
0.0267911
0.0179887
0.104583
0.0465473
0.00822396
0.0521722
0.0679077
0.0760226
0.024004
0.0500845
0.141309
0.0245154
0.0817506
0.00128742
0.0818942
0.467208
0.215724
0.0472737
1.1785
0.0424125
0.0593927
0.0828617
0.0536736
0.0889395
0.0840626
0.0901667
0.257339
0.0264363
0.154553
0.323933
0.0510581
0.573094
0.215924
0.0432544
0.0541439
0.272747
1.17919
0.2361
0.0348029
0.857985
0.0491596
0.440725
0.0863163
0.247933
0.00540675
0.0095423
0.0326718
0.14104
0.659587
0.285265
0.17174
0.0755636
0.0271641
0.166536
0.0392693
0.125679
0.327441
0.216177
0.0874451
0.0574163
0.132079
0.0834269
0.153415
0.165425
0.17957
0.612873
0.292981
0.0493469
0.0808913
0.0477325
0.056003
0.0394727
0.371084
0.0102293
0.160089
0.0929437
0.0567083
0.252559
0.033101
0.0715335
0.199628
0.171727
0.0720255
0.0445625
0.17274
0.0579158
0.0465383
0.192556
0.126873
0.0305354
0.0647112
0.292942
0.0925973
0.0409209
0.150707
0.17432
0.167385
0.0665689
0.169716
0.0123556
0.0424245
0.398139
0.0691168
0.407706
0.0567645
0.141001
0.157915
0.275901
0.118304
0.248271
0.0252448
0.469933
0.390505
0.0694084
0.205434
0.145583
0.11554
0.0567411
0.0524726
0.12029
0.135244
0.283593
0.396606
0.153415
0.0417065
0.180853
0.0465944
0.283689
0.174212
0.00749799
0.0446507
0.117611
0.126492
0.0511031
0.175859
0.191074
