0.000907675
0.00343741
0.00213982
0.00140221
0.000903731
0.000112132
0.00557736
0.000600252
0.0154975
0.141851
0.00184689
0.000120945
0.00353834
0.00452098
0.00406206
0.0109719
0.00106819
0.00209376
0.00286818
0.00312857
0.00558886
0.00375314
0.00522847
0.00343564
0.00675513
0.00460385
0.000682602
0.00477763
0.00158789
0.00342221
0.00296669
0.00192952
0.000581145
0.00317847
0.00190126
0.000412268
0.00171048
0.000523496
0.00470836
0.00233985
0.00183079
0.000924997
0.00709567
0.00192317
0.0029275
0.00214607
9.53818e-05
0.00559733
0.000574596
0.0604228
0.00611923
0.00752536
0.0028387
0.00100733
0.00176294
0.00111529
0.00186747
0.00106024
0.00240709
5.06056e-05
0.00596839
0.00112846
0.000341293
0.00293667
0.00199429
0.00135374
0.00330035
0.00576918
0.0056122
0.00259734
0.000719544
0.00318778
0.00260931
0.00214531
0.00092379
0.00227149
0.00259151
0.00119521
0.00335491
0.000642983
0.00336974
0.00123539
0.00311788
0.00383045
0.0017201
0.000143672
0.00218377
0.00068979
0.00155063
0.00119999
0.00229326
0.0012517
0.000124591
0.00320671
0.00627424
0.00172208
0.000649237
0.000644955
0.00182765
0.000518777
0.00751652
0.00709976
0.00919707
0.00206499
0.00327666
0.00143916
2.86416e-05
0.0017472
0.000131163
0.00719653
0.00184732
0.00573126
0.000709383
0.000786572
0.00076556
0.00224898
0.00205427
0.00288079
0.00090362
0.00396904
0.00231529
0.00571662
0.00915797
0.00333925
0.0112233
0.00421955
0.00187985
0.00455103
0.00689561
0.00315046
0.00331184
0.0019511
0.00139607
0.00254651
0.00221297
0.00218959
0.000571555
0.00135527
0.0028073
0.00902481
0.00164835
0.00472515
0.00597053
0.00441191
0.00389181
0.00842843
0.000166969
0.00349536
0.00821756
0.00218513
0.00211742
0.000138814
0.00311348
0.00434103
0.00176617
0.00515009
0.00517077
0.00196491
0.00429153
0.00324689
0.00109644
0.00140959
0.00734971
0.00201655
0.00319802
0.00324345
0.0044903
0.000221163
0.00126262
0.0048516
0.00546512
0.00075092
0.00183385
0.00142844
0.00721226
0.00437784
0.00228592
0.00633916
0.00874467
0.00371118
0.00720224
0.00202476
0.0690204
0.0158557
0.000133413
0.00081683
0.0035276
0.00168166
0.000247922
0.00176052
0.00210482
0.000123643
0.0075317
0.0011288
0.00204877
0.0033482
0.000681021
0.00535622
0.000839613
0.00273402
0.000958066
0.00347747
0.00146863
0.00207766
0.00463241
0.00344672
0.0033784
0.00396902
0.00049101
0.00309437
5.74442e-05
0.000896166
0.00489737
0.00532965
0.00565802
0.00105939
0.00980591
0.00199043
0.00186716
0.000547901
0.00304283
0.000740611
0.00137247
0.00402686
0.00444526
0.00152745
0.00414012
0.00697788
0.00188369
0.00137493
0.00104656
0.000290279
0.00653741
0.00155832
0.00132079
0.000819134
0.00567989
0.00578824
0.00283927
0.010953
0.00312158
0.00361219
0.00546322
0.004038
0.0015049
0.00347407
0.00379573
0.00135199
0.0022913
0.000908269
0.00153773
0.00170294
0.00178923
0.00226336
0.00316033
0.00354891
0.00582176
0.00594131
0.000935202
0.0011952
0.0043311
0.00472815
0.000795792
0.00346087
0.000534326
0.00059565
0.00474314
0.00211351
0.00141675
0.00339218
0.000335804
0.0056057
0.00700125
3.98568e-05
0.00245772
0.00288676
0.00264487
0.00193001
0.00134513
0.000372294
0.00139478
0.00225277
0.00198686
0.00175559
0.000930441
1.59168e-05
0.00174652
0.00121509
0.00265201
0.00526625
0.00341864
0.00592115
0.00557517
0.00186605
0.00316168
0.000414367
0.00548731
0.00289977
0.0013458
0.000312747
0.00786341
0.00699123
2.16166e-05
0.000378952
0.00113441
0.00868586
0.0137765
0.000673688
0.00265969
0.00370242
0.0146333
0.00427807
0.00191685
0.00316618
0.00322571
0.00649199
0.00259705
0.000214157
0.00130666
0.00667662
0.0116031
0.00944897
0.00704524
0.0318606
0.00268192
0.00196049
0.000922524
0.00171855
0.00521657
0.00762835
0.00467681
0.00317111
0.00337733
0.00565632
0.00285255
0.00529258
0.00368303
0.00786474
0.00408176
0.00215253
0.00115164
0.00103417
0.00490346
0.00173799
0.00135949
0.00074212
0.00198252
0.000719015
0.00267362
0.00177953
0.00320706
0.00420095
0.00291075
0.0029385
0.00266243
0.00190845
0.00904587
0.000671277
0.00732634
0.00093696
0.00258074
0.000773849
0.000993788
0.000443078
0.00234819
0.000635613
0.00123611
0.00465711
0.00176716
0.000817284
0.000776988
0.000185631
0.00748814
0.00170085
0.00166003
0.00459877
0.00386985
0.00794785
0.0012995
0.00789866
0.0418543
0.0144885
0.00244455
0.00357208
0.00191029
0.000336875
0.00201837
0.00133403
0.00966263
0.000136957
0.00188876
0.00328327
0.00333437
0.00136425
0.00257828
0.00179227
0.0125146
0.00183246
0.00125344
0.00100159
0.000551182
0.00328105
0.000948733
0.00639712
0.00654994
0.00291781
0.00230668
5.33457e-05
0.000351557
0.00497587
0.00239843
0.00133656
0.00472695
0.000684969
0.00422578
0.001772
7.34432e-05
0.000637582
0.00300659
0.000899162
0.00118525
0.00369574
0.00201728
0.000182974
0.0019381
0.00120206
0.00102013
0.0029275
0.00232015
0.0007401
0.000299042
0.00453548
0.000452722
0.000145211
0.00142873
0.00667936
0.002248
0.000156392
0.000615639
0.00387845
0.000789995
0.000152327
0.00149504
0.00165672
0.00696947
0.0027618
0.00748755
0.00159669
0.000305233
0.00166441
0.0010355
0.000874913
0.00734475
0.00181336
0.00172532
0.00207051
0.00450378
0.00274265
0.00185166
0.00477498
0.00807098
0.00403796
0.000497612
0.00518463
0.0071313
0.000201035
0.0103797
0.00199353
0.00234521
0.00412677
0.000398457
0.0091995
0.00362915
0.00370143
0.0185693
0.00266163
0.00365819
0.000685935
0.00380806
0.000652418
0.00184349
0.00819568
0.00214547
0.00458274
0.000247305
0.000816593
0.0012514
0.000816394
0.0147617
0.00174551
0.000471804
0.00341265
0.00327094
0.00215221
0.00435912
0.00436311
0.00508481
0.00174088
0.00221465
0.00389506
0.00776263
0.00998786
0.00445978
0.000370005
0.000641792
0.00470754
0.00465986
0.00539905
0.000511488
0.00874212
0.00256521
0.00201045
0.00577303
0.00257619
0.00318287
0.00494594
0.00290276
0.00280416
0.00498955
0.000567593
0.00522661
0.00319615
0.00314299
0.00479628
0.000758199
0.000406368
0.000205492
0.000198125
0.00496186
0.00531035
2.73597e-05
0.00815738
0.00929567
0.000941078
0.00553995
0.000779904
0.00387593
0.0092521
0.000592601
0.000716605
0.00567874
0.00390581
0.00107213
0.000215475
0.00175583
0.00199396
0.000223113
2.28576e-05
0.00142156
0.00319407
0.00390384
0.00986062
0.00823181
0.00155864
0.000756058
0.00467402
0.000961964
0.00615057
0.000169987
0.000916077
0.00403649
0.00800714
0.00821385
0.00100316
0.00458177
0.00508814
0.00698819
0.00123863
0.00387539
0.000835821
0.00119074
0.0100243
0.00218259
0.00525232
0.000684154
0.000787271
8.42971e-05
0.000716607
0.00193438
0.000467596
0.000732587
0.00280411
0.00185355
0.00251731
0.0011865
0.00732596
5.26466e-05
4.8562e-05
0.000892762
0.000198974
0.00178443
0.000346002
0.00178553
0.00186946
0.00297333
4.3908e-05
0.00453537
0.000807482
0.0011862
0.00321949
0.00100493
0.00038527
0.00036485
0.0013998
0.00737764
0.00117737
0.00168277
0.000406246
0.00526769
0.00467644
0.000363303
0.00231864
0.0035187
0.00174752
0.00426675
0.00127813
0.000201195
0.00201494
0.00213707
0.00701789
0.00525106
0.00372242
0.00144168
0.00711057
0.0015647
0.000114693
0.000907483
0.00267746
0.000486829
8.07198e-05
0.000722956
0.00084967
0.000622331
0.00365145
0.00581212
0.00297004
0.000253858
0.00250324
0.00360217
0.00732552
0.00238475
0.0040455
0.00012109
0.000674792
0.00188127
0.00178444
0.00842026
0.00381201
0.00196595
0.00161344
0.00135986
0.0010769
0.000574975
0.0019027
0.00914308
0.00211598
0.00316271
7.76255e-06
0.00523094
0.00168657
0.00519573
0.00503385
0.00014691
0.00408646
0.00145142
0.00274367
0.00599286
0.000152895
0.0093228
0.00895226
0.00184956
0.00444354
0.00396713
0.00398286
0.000252968
0.000906753
0.00425121
0.00526994
0.00414563
0.00416635
0.00101348
0.00485816
0.0015792
0.00625593
0.00214295
0.0010805
0.000610565
0.00312932
0.00284904
0.00812088
0.000577348
0.00276521
0.00222976
0.000716533
0.00286179
0.00297938
0.00465203
0.00283524
0.0020987
0.00195014
0.00506838
0.00517466
0.000927041
0.00225998
0.00323907
0.00533166
0.00215162
0.00280362
0.00472479
0.00406983
0.004408
0.0067014
0.00552291
0.00658997
0.00323138
0.00587899
0.000930043
0.00180764
0.00510802
0.0011198
0.00390303
0.0066702
0.00965116
0.0038109
0.00109942
0.00411571
0.0028603
0.00190388
0.00337424
0.00237437
0.000320954
5.48864e-05
0.00223501
0.00312981
0.00130265
0.00541868
0.0067888
0.00910626
0.00214495
0.000591746
0.000648361
0.00104136
0.00344782
0.00270269
0.00104859
0.00122296
0.00313435
0.00669916
0.00382372
0.00198242
0.00164939
2.80355e-05
7.43767e-06
0.00168638
0.00846403
0.00260064
0.0122887
0.00114076
0.000815781
0.00237582
0.0025745
0.00766138
3.47113e-05
0.000445216
0.00471487
0.00388243
0.00938573
0.00366444
0.00153759
0.0028301
0.000781564
0.00231467
0.00238118
0.00503987
7.22965e-07
0.00487795
0.0104861
0.00755165
8.48226e-05
0.000394036
0.000556539
0.000282016
0.000757298
0.00256643
0.00118618
0.00197373
0.00110655
0.00550929
0.000488398
0.00225641
0.00524681
0.00281177
0.000958188
0.00392342
0.00119596
0.00329843
0.00383769
0.00681597
0.0076418
0.00675589
0.00312737
0.001918
0.0071146
0.00762681
0.00387579
0.0004809
0.00411557
0.00813362
0.00878432
0.00363352
0.00328396
0.00255339
0.00056137
0.00282804
0.0010392
0.00517263
0.00250151
9.43589e-05
0.00209839
0.000325118
4.82403e-05
0.00151417
0.00297674
0.00147683
0.00379915
0.00324571
0.0020083
0.00325243
0.0033884
6.66143e-05
0.00435523
0.00449988
0.00331679
0.00128
0.00109833
0.00367038
0.00221689
0.00325212
0.00209303
0.00236183
0.0045725
0.000580926
0.00184512
0.0010522
0.00327778
0.000866769
0.00351319
0.00170139
0.00400916
0.00577658
0.00450269
0.00184084
0.00301449
0.000707284
0.00205048
0.00180911
0.00225616
0.000450959
0.00221092
0.0054177
0.00146996
0.00359872
0.0124875
0.00429214
0.00339824
0.00267382
0.00272982
0.0126528
0.00898994
0.00237179
0.00260214
0.0241966
0.00608008
0.000377027
0.015079
0.00228634
0.00706252
0.00956936
0.00881585
0.00186603
0.00133803
0.00200896
2.67686e-05
0.0015231
0.0021014
0.000947049
4.96471e-05
0.00266702
0.00146356
0.000726087
0.000774762
0.00316301
0.000106447
0.0293313
0.0016413
0.00394741
0.000423159
0.000100698
0.0011345
0.0031365
0.00399168
0.00170551
0.000517446
4.46475e-05
0.00277938
0.00257195
0.00751158
0.00138822
0.00281424
0.00567252
0.00575972
0.00161787
0.000669288
1.81564e-05
0.00104994
0.00108213
0.000120855
0.000524831
0.000244397
0.000575765
0.00919755
0.0024045
0.000989683
0.00144889
5.57778e-05
0.00262185
0.00602258
0.00349406
0.00802385
0.000232452
0.0081212
0.00128243
9.38636e-05
0.00732705
0.00170232
0.0037698
0.0123808
0.00667984
0.000234294
0.00401434
0.00162791
0.000705381
0.00518043
0.00286559
0.0030926
0.00156122
0.0059168
0.00157679
0.00141995
0.000454511
0.00164211
0.000926502
0.00192327
0.00319784
0.00233948
0.000966347
0.00221104
0.000791737
0.00657976
0.00770203
0.000552637
0.00027047
9.1491e-05
0.000370587
0.000752275
0.0016851
0.00117691
0.00562678
0.000158522
0.00125269
0.00136964
0.00169794
0.00149047
0.000578078
0.00359704
0.00408084
0.00375878
0.00411744
0.000735597
0.00313935
0.00166931
0.00113591
0.0023494
0.000925798
0.000320878
0.00648287
0.00126535
0.00250661
0.00134725
0.00312747
0.00211936
0.00244488
0.0110219
0.00330818
0.000962678
0.00688381
0.00153208
0.000449186
0.00740741
0.00241452
0.0021948
0.00312092
0.000806039
0.000970947
1.8373e-05
0.00715677
0.00351943
0.00103071
4.80423e-05
0.000787095
0.00311391
0.0267195
0.00180351
0.000942925
0.00840713
0.00358218
0.00197771
0.00455881
0.00448619
0.00135746
0.00218388
0.0321432
0.00162718
0.00108077
0.00607807
0.00210214
0.00033245
0.0151189
0.00213473
0.00325669
0.00116991
0.00349629
0.0044517
0.00309886
0.00219919
0.00454013
0.00593904
0.00179642
0.00534599
0.00219196
0.00130807
0.00168143
0.000328586
0.00222467
0.00141905
0.00275211
0.000221623
0.000387428
0.0045246
0.00187504
0.00769742
0.000435495
0.00388242
0.00370873
0.000496232
0.00039808
0.00274284
0.00390283
0.000615977
0.00641602
0.00148701
0.000931874
0.00737116
0.00058083
0.00470968
0.0008079
0.0110916
0.00559883
0.00243673
0.00369982
0.00835022
0.000431027
0.00451355
0.000509022
0.00395804
0.000787337
0.00421345
0.00141504
0.00135331
0.00263271
0.00234578
0.00286266
0.00224564
0.00213621
0.00081066
0.000717781
0.00180473
0.00977157
0.00541173
0.00401363
0.0245837
0.00338088
0.00924972
0.000467287
0.00305846
0.00540079
0.000190293
0.00487405
0.000493669
0.0065737
0.000192964
0.0013533
0.00608911
0.00429775
0.000625977
0.00449375
0.00240748
0.00572438
0.0151446
0.000839454
0.000185791
0.00404189
0.00322276
0.00565042
8.96346e-05
0.00538519
0.00344966
0.00212205
0.00241952
0.000226601
0.0058316
0.00591408
0.00182436
0.00892256
0.000612021
0.00162937
0.0024953
0.00406284
0.00385655
0.000344904
0.00126148
0.0113109
0.00232899
0.00223055
0.00554125
0.015586
0.00886668
0.000400884
0.00317815
0.00332066
0.00919287
0.000478626
0.00616343
0.00056234
0.00573773
0.00256621
0.00641048
0.000947508
0.00754344
0.000478084
0.00192674
0.0002763
0.00488757
0.0073719
0.0017947
0.00173879
0.00381516
0.0145844
0.00603282
0.00593468
0.000945783
0.00322752
0.000999837
0.0025017
0.00461384
0.00257664
0.00737112
0.00767752
0.00308979
0.000568714
0.00520973
0.00236212
0.000399285
0.00220239
0.00575341
5.45749e-05
0.00117093
0.00337303
0.00715507
0.00331907
0.00552752
0.0029972
0.00479958
0.00449223
0.00817859
0.00655508
0.00253936
0.00181882
0.00717009
0.00215484
0.0044751
0.00254851
0.00393492
4.46396e-05
0.00371319
0.000834013
0.000423356
4.93022e-08
0.00183446
0.00336016
0.0103187
0.00696266
0.00333962
0.00405367
0.000336032
0.00349676
0.000645705
0.000758275
0.00330064
0.00242148
0.00119415
0.00646128
0.000276992
0.0023459
0.000217603
0.00128084
0.00624372
0.0060395
0.00084102
0.00719256
0.00212276
0.00382026
0.00671639
0.00255654
0.00146344
0.00287331
0.00395545
0.00352519
0.00433674
0.00221026
0.00187192
0.00580055
0.00662761
0.00315369
0.00245537
0.00321543
0.00220086
0.000326785
8.30002e-05
0.00230055
0.00545525
0.0042907
0.0039286
0.0125225
0.00330487
0.00318771
0.00145332
0.0095012
0.00672759
0.000462608
0.00849683
0.00176696
0.00322453
0.00379291
0.00605725
0.011465
0.00552012
0.00247615
0.00116787
0.00113959
0.00744859
0.00383336
0.000513239
0.00188782
0.00303333
0.000774134
0.000915524
0.00141907
0.00204015
0.00205051
0.00368493
0.000580678
0.00291065
0.00340485
0.0100426
0.00134909
0.000425776
0.00324068
0.000231473
0.000320194
0.00552073
0.00394858
0.000243016
0.00275868
0.00242149
0.00126817
0.00147471
0.000810837
0.00620529
0.00437376
0.00661587
0.00287578
0.00201903
0.0061725
0.000535536
2.20435e-06
0.001678
0.000786692
0.00141551
0.00178004
0.0036976
0.00603407
0.00079879
0.00100141
0.00139656
0.00140679
0.000658795
0.00941917
0.00240578
0.000854089
0.00225673
0.00796406
0.0026856
0.000957416
0.00758268
0.000742688
0.000239278
0.00640967
0.00896506
0.000596815
0.00373081
0.00449263
0.000209499
0.00388063
0.00659423
0.00686425
0.000336315
0.00749806
0.00272973
0.00243103
0.0075906
0.00115948
0.00823479
0.00171783
0.000945562
0.00305136
0.00332411
0.00223877
0.00407919
0.0133262
0.000729563
0.0044816
0.00157209
0.00568199
0.00531155
0.00180109
0.00040376
0.00294029
0.00609898
0.00355444
0.00274665
0.00372268
0.000735268
0.00261481
0.00172526
0.0114725
0.000771244
0.00094097
0.00618941
0.00166325
0.0106276
0.00249419
0.00232557
0.00308528
4.38604e-06
0.00197136
0.00625849
0.00029232
0.00331239
0.00264211
0.00160751
0.00109276
0.00115688
0.000358748
0.00238465
0.000827723
0.00738207
0.00643685
0.00201204
0.00762233
0.00447398
0.0244367
0.0039752
0.00307602
0.00186712
9.41244e-05
0.00223298
0.00350587
0.00430956
0.000543535
0.00373636
0.000649859
0.000901096
0.0113717
0.00175956
0.00804343
0.00562788
0.00389685
0.0035712
0.00228818
0.0043084
2.27025e-05
0.00166898
0.00264801
0.00263232
0.00294087
0.00318757
0.00738833
0.0010118
0.00434249
0.00460521
0.00127073
0.00304166
0.00885255
0.0021071
0.00324887
0.00201025
0.00702337
0.00398066
0.00401587
4.2924e-05
0.00124398
0.00180968
0.00303638
0.000471871
0.00548673
0.000609553
0.00385397
0.0018176
0.00579282
0.00427269
0.00170052
0.00197571
0.000195714
0.00436816
0.0058933
0.000530972
0.00173931
0.00879614
0.00902266
0.00185703
0.00102752
0.00465638
0.0100855
0.00656904
4.571e-05
0.00131983
0.00048117
0.00608369
2.45235e-05
0.000991177
0.0101754
0.00192021
0.0123294
0.00147562
0.00548934
0.000627766
0.00245586
0.00268365
0.00442755
0.00305181
0.00284019
0.00465675
0.00432396
0.00193268
0.0117585
0.000692522
0.0043303
0.00509626
0.0124403
0.00460488
0.00049791
0.00711052
0.00659579
0.00389071
0.000664893
0.0068707
0.000296903
0.0100132
0.000723021
0.0053712
0.0037795
0.000410469
0.00228834
0.001545
0.00115484
0.00250379
0.00330631
0.00242413
0.00259108
0.00924504
0.00971318
0.000406676
0.00129718
0.0040144
0.00414637
0.00181587
0.000124431
0.00557146
0.000503946
0.00476118
0.0022441
0.00373924
0.00624839
0.00481451
0.0158026
0.00127852
0.00262114
0.00241552
0.00827409
0.00518673
0.0251207
0.00143969
0.0106706
0.000436105
0.00796329
0.00694061
8.58368e-06
0.0074411
0.00624388
0.00127846
0.00472172
0.000314115
0.000110449
0.000131168
0.00362507
0.000151101
0.00101267
0.0003647
0.00036513
0.00174852
0.00308827
0.00407377
0.000750509
0.00373419
0.00191501
0.00257177
0.0022187
0.000555736
0.00356606
0.00502895
0.00224845
0.00534657
0.0025395
0.000438059
0.00450781
0.00547398
0.00331006
0.0020402
5.69973e-05
0.00169477
0.000434646
0.000227442
0.00976616
0.00557859
0.0135486
0.00415596
0.0084358
0.000598502
0.00124823
0.0024918
0.00280619
0.00788571
0.000809451
0.00132677
0.00196592
0.000148457
0.00237122
0.000923344
0.00171514
0.002303
0.00110398
0.00200584
0.00431683
0.00450731
0.000220487
0.00148518
0.00225716
0.00375976
0.00254098
0.00223591
0.00178988
0.00297752
0.00316405
0.000971313
0.000987554
0.00569203
0.0043468
0.000148765
0.00346244
0.00179594
0.000482514
0.00549873
0.00518373
0.00230844
0.00161497
0.00186828
0.00105834
0.00715103
0.00309325
0.00064461
0.00394451
0.00173104
0.00227494
0.0016522
0.000446327
0.00182324
0.00195014
0.000271138
0.00120424
0.0025571
0.00031853
0.00285154
0.00344274
0.000779109
0.001573
0.00335099
0.00169867
0.000542107
0.00203752
0.0026792
0.00371461
0.00337558
0.00460937
0.00166283
0.00440797
0.000913306
0.00198633
0.000602106
0.00581461
0.00480575
0.00664546
0.00620902
0.00198481
0.00255372
0.000170288
0.00125228
0.00358995
0.00673251
0.00152849
0.00856026
0.0102787
0.00401373
0.00487001
0.00778255
0.00408705
0.00452698
0.00198185
7.24914e-05
0.00410925
0.000265468
0.000507519
0.00191121
7.77071e-05
0.00407358
0.0038759
0.0185137
7.01175e-05
0.00716143
0.00482613
0.00538254
0.00172324
0.00117341
0.000130974
0.000831383
0.00407344
0.0052096
0.00283671
0.004623
0.00061743
0.00227527
0.000374782
0.00121531
0.000480394
0.00900839
0.00446248
0.0017199
0.000262691
0.00199782
0.00784549
0.000703865
0.00556549
0.00137423
0.0015239
0.000852411
0.00689522
0.00850554
0.00349239
0.000691734
9.55643e-05
0.00106494
0.00466037
0.00356539
0.000142921
0.00272746
0.00082839
3.55329e-05
0.000464473
0.000370676
0.00153884
0.004897
0.00595903
0.00319248
0.00399242
0.00488988
0.00261969
0.0013668
0.00277845
0.008
0.00184546
0.0013233
0.00368025
0.00522076
0.00129286
0.000197231
0.00194551
0.00118622
0.00337449
0.000861855
0.00441886
0.00334848
0.00159034
0.00562694
0.0029134
0.00145115
0.00110558
0.0109361
0.00566685
0.00039729
0.00966616
0.00470065
0.000135765
0.00544061
0.000256781
0.00158102
0.00370951
0.00315923
0.000153511
3.27328e-05
0.00325168
0.00256871
0.00252456
0.00210271
0.00508726
0.00360042
0.00385365
0.00090277
0.00104438
0.000472707
0.0029808
0.00730647
0.00698886
0.00214545
0.00227706
0.00224304
0.000413316
0.000127829
0.00115442
0.000647791
0.00152362
0.00552469
0.00135102
0.00140138
0.00260978
0.00225346
0.00709163
0.00311334
0.00215446
0.00565823
0.000954991
0.00417631
0.00647019
0.00159089
8.92361e-05
0.00242371
0.000305519
0.00238115
0.00521499
0.00184313
0.00299479
0.00561668
0.00297179
0.000979373
0.0036901
0.00164016
0.00184085
0.00796868
0.00510664
0.00211057
0.00997343
0.00110017
0.00366713
0.00585763
0.00172532
0.00334114
0.00335152
0.0011721
0.00249563
0.0350719
0.00475448
0.000608794
0.00424367
0.00708932
0.00445968
0.0106406
0.00559789
0.00347956
0.00619177
0.00106203
0.00266384
0.00512935
0.00529591
0.00284455
0.000492024
0.0058207
0.00747334
0.0157616
0.0051362
0.00605033
0.000235355
0.00304615
0.00622228
0.00862599
0.000355673
0.00239325
0.00115271
0.00213465
0.00108641
0.00935374
0.00302535
0.000604974
0.000450485
0.00976405
0.0174688
7.79401e-05
0.000853877
0.00669616
0.00119718
0.0210793
0.000854594
0.0025568
0.00676447
0.00256008
0.0109965
0.0163046
0.00224722
0.00191274
0.0117137
0.000870829
0.0102432
0.00126224
0.000206076
0.00402637
0.00506761
0.00282789
0.00563652
0.00677561
0.00102856
0.000845728
0.00221509
0.000456621
0.00268134
0.00549481
0.00449154
0.00326023
0.000164234
0.00387173
0.0012373
0.00221042
0.00794752
0.00261421
0.00106371
0.000272622
0.0053186
0.00109458
0.000916919
0.00241345
0.00133904
0.00272663
0.000425261
0.000349808
0.00220669
0.00333744
0.00373483
0.00225773
0.00432969
0.00191968
0.00207104
0.00383219
0.00662837
0.00162194
0.00357874
0.000211185
0.000926329
0.00558473
0.00359763
0.00040442
0.00324181
0.000801487
0.00622648
0.00357859
0.00363827
0.00044849
0.000693226
0.00403842
0.00368768
0.00251864
0.00091065
0.0108152
0.00365661
0.00382833
0.0010922
0.000316324
0.00487852
0.0013383
0.00373728
4.87986e-05
0.005397
0.00333497
0.00114395
0.0009541
0.000402868
0.0039795
0.0014652
0.00133587
0.00484066
0.00260721
0.00337627
0.00161949
0.00337494
0.00161184
0.00197891
0.00502489
0.00194101
0.00422115
0.00145999
0.00338346
0.00693221
0.0029962
0.00102653
0.00118394
0.0010683
0.00609255
0.00383209
0.0015087
0.000524185
0.00219687
0.000272273
0.00154952
0.00153663
0.00457401
0.00038915
0.00763301
0.00394842
0.00118955
0.00343312
0.000173878
0.00181907
8.8503e-05
0.000593026
0.00167329
0.00344589
0.00903342
0.00300859
0.00281195
0.00829184
0.000736906
0.0034601
0.00889897
0.00141753
0.000505154
0.00183823
0.000254187
0.0015302
0.00125611
0.00135955
0.00425833
0.000872979
0.00514016
0.00125292
0.0020447
0.00415323
0.00302095
0.00451801
0.00137437
0.00055815
0.000261289
