0.0130175
0.261684
0.723171
0.0645091
0.418016
0.131723
0.777067
0.0251334
0.0429416
0.175711
0.0219525
0.023371
0.0909076
0.0131269
0.453336
0.012739
0.843787
0.0424139
0.187179
0.116241
0.848865
0.171514
0.0900712
0.0167202
0.00973283
0.194034
0.079768
0.814762
0.0216508
0.0782464
0.0788645
0.025663
0.00208229
0.430619
0.0370322
0.0397271
0.0915887
0.249216
0.154201
0.122765
0.135549
0.031171
0.224791
0.154868
0.196484
0.101732
0.0896097
0.0213426
0.156814
0.17048
0.0573516
0.0386968
0.0298434
0.0711808
0.0175387
0.0404497
0.0284286
0.11064
0.0409462
0.121515
0.153224
0.250703
0.0134832
0.0174463
0.175276
0.00652559
0.448804
0.0237017
0.0224112
0.0142816
0.0067073
0.00634269
0.0482191
0.245211
0.0210034
0.0906758
0.00496518
0.0649176
0.111065
0.164334
0.210583
0.0169218
0.123679
0.0101181
0.0988565
0.0118581
0.0048794
0.00731708
0.0645198
0.200974
0.138144
0.188372
0.0189371
0.0230278
0.10563
0.304287
0.0337254
0.0234243
0.277761
0.0621523
0.0141815
0.177765
0.0563972
0.0824344
0.262581
0.016761
0.043942
0.126092
0.0167651
0.514747
0.0452349
0.05407
0.119066
0.00920385
0.0985023
0.00982896
0.121057
0.0226196
0.709403
0.909307
0.153439
0.00990215
0.0137009
0.0774757
0.238685
0.0223966
0.0954095
0.123391
0.119067
0.243242
0.032446
0.0214832
0.0334066
0.0908942
0.0298438
0.0132813
0.0119164
0.325527
0.170354
0.0163485
0.280324
0.0119814
0.169956
0.0241979
0.205618
0.00709297
0.0176597
0.120393
0.0597603
0.0224491
0.00752962
0.0172912
0.0187428
0.100994
0.16062
0.0351547
0.285957
0.0825452
0.108838
0.111478
0.392384
0.743868
0.063754
0.11691
0.00394117
0.00536557
0.208514
0.202505
0.0838432
0.198779
0.200563
0.0145903
0.0993754
0.0817728
0.0467543
0.0761323
0.0194021
0.0873184
0.644219
0.147589
0.0281254
0.0161235
0.0510383
0.828024
0.18721
0.268952
0.00805217
0.0113405
0.126032
0.0184555
0.0655671
0.0355848
0.0187223
0.018354
0.00546788
0.00706994
0.00473259
0.00508831
0.0954837
0.202538
0.0147105
0.00445618
0.0984324
0.00563934
0.00171866
0.0135288
0.338752
0.00563809
0.00907382
0.225622
0.0834641
0.0304143
0.135165
0.0851195
0.0067407
0.0165336
0.674388
0.0747895
0.182478
0.139163
0.0324595
0.413923
0.310317
0.011792
0.0209852
0.0110297
0.0111213
0.0154384
0.00809669
0.00997719
0.0246586
0.0653217
0.0300132
0.0501676
0.0263069
0.315886
0.024091
0.247881
0.0343376
0.0324956
0.127599
0.0103855
0.0245968
0.098034
0.0962213
0.00642937
0.255565
0.0230866
0.0853025
0.0789837
0.0197528
0.0248913
0.0629372
0.0362408
0.487764
0.110926
0.132931
0.182918
0.111339
0.0922762
0.0168811
0.075348
0.187494
0.0114718
0.0171808
0.0387894
0.0248916
0.00942735
0.252873
0.150455
0.24056
0.129989
0.017668
0.132886
0.294417
0.0139595
0.0787768
0.136035
0.0497379
0.0185794
0.153463
0.0426062
0.0364059
0.262032
0.22418
0.0631217
0.197248
0.0287786
0.0188895
0.0174395
0.147904
0.0242571
0.229188
0.00951984
0.060828
0.00611694
0.0245089
0.0375769
0.00146262
0.0102769
0.0198751
0.0170896
0.00462133
0.00339025
0.00570539
0.00281425
0.0292123
0.00519622
0.0151883
0.00497491
0.0179114
0.0234972
0.397882
0.0256767
0.00415445
0.0385063
0.015054
0.067947
0.0461144
0.0110023
0.0558611
0.00660499
0.0434668
0.0790119
0.0223323
0.169153
0.0259674
0.00800425
0.00754397
0.200441
0.268401
0.395428
0.015658
0.0817393
0.112364
0.0314419
0.0154546
0.00564507
0.11018
0.0407318
0.00194732
0.17551
0.0371183
0.00911035
0.036469
0.0427203
0.0725401
0.00456779
0.123357
0.0802374
0.262212
0.227172
0.033406
0.00697353
0.0110992
0.024611
0.00645528
0.0286101
0.0456865
0.0262654
0.118697
0.0102059
0.0114669
0.236117
0.0163647
0.245502
0.196073
0.277185
0.115094
0.0123611
0.0351339
0.017528
0.00843521
0.0220929
0.0199913
0.00618494
0.16668
0.0183195
0.0150699
0.0132921
0.00842301
0.00811786
0.00590972
0.000397426
0.1283
0.181305
0.0178103
0.0160289
0.0146962
0.024866
0.0237313
0.0194542
0.0295658
0.00793776
0.0108527
0.00781832
0.0055974
0.0111284
0.00875496
0.0127704
0.0114602
0.00706568
0.00997203
0.0268964
0.11117
0.00477796
0.148505
0.0128142
0.0258843
0.0172787
0.0335118
0.0761179
0.0143564
0.0168524
0.00904321
0.0376138
0.0194403
0.0382713
0.00818194
0.0591695
0.012396
0.0232347
0.0252833
0.0566755
0.0656287
0.0581407
0.0460527
0.00253399
0.0110806
0.01292
0.0152552
0.0113635
0.00634493
0.0152129
0.0201631
0.0186504
0.041359
0.0153865
0.011939
0.00966872
0.0534955
0.0075802
0.0291521
0.0269499
0.007813
0.00910521
0.0315669
0.080576
0.00758791
0.0274709
0.00911489
0.0107768
0.0161667
0.00056173
0.033538
0.00892322
0.0088427
0.0259981
0.0248693
0.0351333
0.0291136
0.0111068
0.0254931
0.0331661
0.00296658
0.013462
0.0263921
0.0179643
0.00615695
0.00147622
0.0168127
0.0159982
0.0161774
0.00287203
0.00754644
0.0505356
0.0103093
0.00746455
0.0561704
0.0364765
0.0542578
0.00362013
0.0165351
0.0716611
0.0636479
0.0150278
0.0202917
0.0198391
0.262787
0.0544963
0.0162398
0.111527
0.0108234
0.0264855
0.109509
0.0112451
0.0157212
0.0116531
0.00589996
0.00781253
0.130754
0.269418
0.0184408
0.0173148
0.0392706
0.025038
0.0291532
0.0257189
0.00512951
0.0425817
0.00676726
0.00319185
0.0131461
0.0537825
0.0106828
0.036018
0.0326078
0.00226237
0.0125987
0.00943877
0.0141424
0.0150002
0.020198
0.00497392
0.00767501
0.00560349
0.0198202
0.00531974
0.0662008
0.047758
0.00187825
0.0375514
0.014907
0.00524523
0.00371214
0.0226162
0.0120506
0.0220678
0.0192728
0.0133421
0.00341471
0.0197732
0.0187683
0.00516121
0.0374446
0.0435864
0.00417919
0.00684314
0.00745114
0.0130468
0.00192778
0.0109922
0.0112231
0.0242767
0.00851021
0.00499053
0.00654844
0.0140022
0.00306475
0.0162672
0.027869
0.0090416
0.0142995
0.00389524
0.0161875
0.0149903
0.0108979
0.0113152
0.0099667
0.010355
0.00621714
0.0161718
0.00900904
0.00204828
0.0102699
0.0127514
0.0359181
0.00918268
0.00721404
0.00806518
0.0136141
0.00511852
0.118209
0.00479813
0.110374
0.0647622
0.0969935
0.0547921
0.0136552
0.236812
0.0406181
0.00385721
0.410628
0.0848497
0.0191443
0.0288322
0.0660532
0.0479797
0.0374241
0.0172168
0.130528
0.114551
0.0236524
0.0102233
0.00803224
0.0182055
0.0223424
0.0113036
0.15572
0.0137612
0.319394
0.0215256
0.0450496
0.020172
0.00983418
0.00961731
0.148707
0.0123144
0.0152154
0.00851369
0.0796461
0.052079
0.127316
0.0149807
0.0227872
0.0139009
0.0221543
0.311969
0.151028
0.0302413
0.176654
0.048935
0.0117272
0.0334571
0.0422109
0.00164092
0.346444
0.0208343
0.0122913
0.0108583
0.00829839
0.00822219
0.0108363
0.00986638
0.00551062
0.073413
0.0123083
0.0519096
0.0182694
0.128028
0.0235145
0.0979728
0.0173095
0.0335666
0.0159318
0.00782843
0.0108784
0.0271336
0.014247
0.0146634
0.093396
0.035181
0.0244119
0.0612412
0.010599
0.0108992
0.0315798
0.0440882
0.0240652
0.0188805
0.00979255
0.0240973
0.00201351
0.0183163
0.0150834
0.00952268
0.00732953
0.0112865
0.0118171
0.0113928
0.029819
0.0191865
0.0208663
0.0126863
0.00465818
0.00558112
0.00894338
0.0189224
0.0115683
0.0157937
0.00952407
0.00994655
0.0121489
0.00545201
0.0283575
0.019506
0.00382663
0.0154467
0.0121232
0.0142792
0.0193812
0.00467657
0.0162338
0.0103508
0.0200872
0.00247096
0.00659246
0.0107201
0.0240489
0.0306001
0.0127631
0.027507
0.00647001
0.0288414
0.0153121
0.00832914
0.015078
0.0220172
0.00951248
0.0112078
0.0116741
0.0321706
0.0232051
0.00433045
0.0306961
0.0597197
0.100638
0.0136257
0.00653685
0.0100612
0.0133689
0.0186139
0.00617706
0.043454
0.00449815
0.0158976
0.00514398
0.0289975
0.111608
0.143139
0.0278771
0.00437729
0.155991
0.0123607
0.00229447
0.0138711
0.022369
0.0206795
0.0936817
0.00560438
0.00922876
0.244166
0.0169912
0.0135742
0.0192508
0.0188168
0.0177309
0.137926
0.0442562
0.0670426
0.00491723
0.0152714
0.00302192
0.0169776
0.0464728
0.100378
0.0688687
0.0285538
0.0132329
0.165019
0.0155555
0.0507495
0.0078728
0.00774857
0.13754
0.138105
0.134401
0.185844
0.0238506
0.0204419
0.0275833
0.156339
0.154216
0.0917969
0.00269373
0.041798
0.00343109
0.0710632
0.181828
0.0295176
0.581754
0.0761798
0.144568
0.231402
0.0543939
0.128255
0.0650972
0.0384357
0.00423072
0.00997634
0.00991631
0.00383385
0.00596985
0.00652538
0.00541941
0.0116454
0.00545492
0.0175819
0.0351991
0.00630678
0.00311086
0.0540393
0.0107519
0.00875562
0.052707
0.110712
0.00832955
0.00828425
0.0200508
0.0486152
0.00885512
0.0225902
0.00494878
0.0221865
0.0111322
0.0134807
0.0118953
0.0278421
0.011664
0.0402984
0.0163686
0.00752859
0.0220622
0.00273444
0.010289
0.0108122
0.050276
0.00246277
0.00849164
0.00898929
0.0101327
0.0146182
0.0330055
0.00795269
0.0267787
0.00266325
0.00761227
0.031134
0.000828317
0.0279402
0.0697397
0.131321
0.0159046
0.0954062
0.111125
0.0383837
0.113028
0.0327016
0.0111531
0.177166
0.118322
0.0121361
0.0308208
0.00922068
0.00991747
0.0189593
0.00563747
0.0201674
0.00558253
0.0100884
0.00433567
0.0217389
0.00597411
0.00806014
0.00517881
0.00996791
0.0167138
0.0170941
0.0132417
0.0298264
0.140584
0.0153155
0.00509153
0.0701359
0.266325
0.0335866
0.0831518
0.0157338
0.0634876
0.0111465
0.0497748
0.00747985
0.00983702
0.0615344
0.00319212
0.317074
0.0564061
0.0163335
0.0531754
0.190135
0.0539105
0.0117364
0.0327274
0.0324947
0.014174
0.010686
0.0242005
0.0196366
0.0153769
0.0104668
0.0052145
0.0104242
0.223707
0.00661086
0.0129595
0.0224542
0.0419552
0.0291934
0.00638749
0.0529324
0.00439196
0.004906
0.0359741
0.00915408
0.0198529
0.0231066
0.0236766
0.00474999
0.0268236
0.00971004
0.00823904
0.00839194
0.00374477
0.0139149
0.00778766
0.0213422
0.0321859
0.00641523
0.0173584
0.01095
0.0276238
0.0294522
0.00316466
0.0261012
0.0211908
0.0766744
0.00219218
0.014518
0.152262
0.0879221
0.00783121
0.0492429
0.0392039
0.012208
0.0276561
0.00798449
0.0228016
0.020432
0.0102979
0.00791047
0.0111638
0.0157836
0.00989745
0.049726
0.0448823
0.0193297
0.0481075
0.115704
0.119372
0.181099
0.00968591
0.0116316
0.00785916
0.158155
0.280224
0.0145164
0.0200544
0.0373608
0.0131008
0.0386114
0.0129492
0.0112367
0.414473
0.0906136
0.143888
0.0782471
0.205251
0.217493
0.026425
0.32934
0.00515163
0.0119813
0.0285652
0.0244102
0.158227
0.00107291
0.0012861
0.0347192
0.016285
0.00471267
0.0111175
0.000506465
0.0183557
0.00384656
0.00610942
0.0173185
0.026019
0.0104919
0.0209275
0.038321
0.0667542
0.223455
0.276357
0.117129
0.00151017
0.0057477
0.0173261
0.0076787
0.013556
0.00686544
0.0165093
0.0560409
0.0116029
0.011512
0.00968105
0.0143422
0.0118502
0.0235613
0.00850693
0.023897
0.014281
0.00282756
0.0198455
0.0304133
0.0319797
0.364121
0.222652
0.0983457
0.0296533
0.0283565
0.0619017
0.0109861
0.0853734
0.00527071
0.0144744
0.227089
0.234237
0.0993109
0.0158235
0.0169184
0.00411165
0.142232
0.00430558
0.110322
0.0587266
0.010212
0.0157174
0.0033481
0.0862251
0.164919
0.00871449
0.0128425
0.0114581
0.00287913
0.0130761
0.00151538
0.0142521
0.0174466
0.00991934
0.00967722
0.0131272
0.00462128
0.0138534
0.00861595
0.00991871
0.00916869
0.00703755
0.0127646
0.0141939
0.0106603
0.0192253
0.00329781
0.00544529
0.00455388
0.00562638
0.00964884
0.0165612
0.023827
0.0129234
0.0254962
0.0287281
0.0194633
0.0004185
0.00475572
0.0182083
0.0244672
0.0231021
0.0190232
0.0142344
0.0389388
0.00736195
0.0159254
0.0208396
0.00145775
0.00431749
0.0193904
0.00631718
0.0206374
0.017961
0.0067486
0.0298619
0.00868001
0.00272958
0.0029593
0.00819789
0.0111498
0.00677628
0.0100798
0.00622787
0.0229369
0.0159072
0.0194541
0.0181017
0.0288987
0.0183291
0.027332
0.0238031
0.00634743
0.0110291
0.00670474
0.00509566
0.0111904
0.017859
0.0197889
0.00372315
0.0297693
0.0226821
0.0172541
0.00311563
0.00799448
0.00595833
0.0253693
0.0124881
0.0225565
0.00792153
0.0151025
0.00511585
0.0186837
0.131727
0.0091111
0.00671143
0.160548
0.0110532
0.0181465
0.00134175
0.0138297
0.0175508
0.0130813
0.0116236
0.0145989
0.0159702
0.0080532
0.0156309
0.00843912
0.0147493
0.0051289
0.00190846
0.00384529
0.00773573
0.00509001
0.0153472
0.00385853
0.014213
0.0231346
0.0199584
0.0289924
0.00551465
0.0162468
0.0199634
0.012246
0.00204921
0.0134195
0.022683
0.00547171
0.0128878
0.00756735
0.011048
0.00834272
0.104627
0.110047
0.0123776
0.0083541
0.00673094
0.0130667
0.124377
0.0172948
0.00232041
0.0147323
0.0159313
0.0011342
0.0329977
0.00221012
0.0219258
0.0219997
0.00446461
0.0137061
0.0145062
0.0166415
0.00854421
0.00771695
0.00704018
0.0148394
0.0531921
0.0615205
0.0758301
0.0183375
0.0155285
0.0117485
0.0015741
0.0169109
0.0282914
0.0206211
0.00393445
0.0314106
0.0138767
0.00494265
0.0159875
0.0112486
0.00364308
0.00435746
0.0141554
0.0101132
0.00680528
0.0244684
0.0114623
0.0340119
0.0184913
0.00688141
0.0112394
0.00607674
0.0159817
0.010424
0.00342603
0.0122392
0.0194242
0.847857
0.00651132
0.014848
0.00936802
0.0190065
0.0197762
0.01964
0.223928
0.0148097
0.047923
0.0208089
0.00159902
0.00994935
0.00869186
0.0389213
0.0216631
0.326656
0.0623886
0.00363422
0.0792595
0.0663702
0.0555539
0.0856092
0.00996425
0.0157571
0.0233479
0.00241903
0.01805
0.00241785
0.0201088
0.170889
0.00403741
0.0525101
0.259567
0.0492262
0.0182338
0.17162
0.0409853
0.0237579
0.0160543
0.015971
0.0785769
0.0113222
0.0239795
0.0109726
0.0120534
0.00995161
0.0195995
0.0109242
0.00559578
0.00647249
0.0271388
0.00931679
0.0151853
0.224096
0.00969252
0.00667464
0.225644
0.0483976
0.0105098
0.0103309
0.0126366
0.0216552
0.000935245
0.136551
0.0624332
0.0216234
0.00791014
0.00562742
0.0371089
0.0165295
0.0123297
0.0155173
0.0307885
0.0159441
0.00719767
0.0100562
0.00584128
0.0141025
0.0643015
0.0420451
0.0128395
0.00375839
0.0177719
0.0401358
0.0112353
0.0162301
0.00804466
0.0233121
0.00612388
0.0105934
0.0237971
0.00610787
0.00764937
0.0169589
8.16543e-05
0.0136989
0.0724921
0.016558
0.0152319
0.0230035
0.0118348
0.00313931
0.0597883
0.0356277
0.00344524
0.0377615
0.0176413
0.0148647
0.082448
0.0625653
0.0285652
0.0156725
0.00675803
0.0110789
0.221456
0.0850059
0.047237
0.00444541
0.0105796
0.0121219
0.0231388
0.00417943
0.0222619
0.00699167
0.0258582
0.0175725
0.0163705
0.00874879
0.00268451
0.0651938
0.0161979
0.0151053
0.0073846
0.011346
0.00861905
0.0336831
0.0135762
0.00981245
0.0152466
0.00277014
0.0188792
0.00874167
0.00348092
0.0290351
0.0109626
0.00990059
0.00619717
0.0254638
0.00335399
0.0125878
0.00900169
0.00978135
0.0049135
0.0353436
0.0180246
0.0620816
0.0368114
0.0143351
0.0171222
0.00736481
0.0357086
0.0250837
0.0110748
0.00706552
0.0387813
0.0212944
0.00187535
0.0137554
0.0292501
0.229431
0.0067354
0.00543636
0.0384528
0.00510892
0.0151357
0.173571
0.0486462
0.0795209
0.140683
0.0239195
0.0188288
0.00497951
0.00847864
0.0135854
0.064729
0.0172608
0.0108454
0.00964445
0.00684634
0.0213099
0.0160551
0.0103735
0.0196944
0.015889
0.0131697
0.00915555
0.0152622
0.035912
0.0192126
0.0168332
0.00538334
0.0247519
0.261708
0.0136193
0.0336384
0.0224597
0.0122795
0.0195021
0.0315175
0.00901075
0.00828703
0.0415384
0.0160355
0.0274206
0.0211577
0.0183021
0.410485
0.0186183
0.0540202
0.023068
0.0124864
0.00879578
0.0227675
0.00582853
0.024206
0.00709622
0.00767868
0.0112617
0.0303047
0.00643226
0.0203858
0.0231574
0.0269399
0.00924201
0.00820356
0.0115095
0.018348
0.0126964
0.0103736
0.0128979
0.0387258
0.00973259
0.0124068
0.0255986
0.0411427
0.00253042
0.00680564
0.007521
0.0243812
0.00689898
0.00703504
0.0150496
0.0253907
0.010127
0.00228177
0.0334804
0.00846963
0.00813258
0.00860402
0.0192123
0.0108752
0.0204549
0.0122936
0.025485
0.0100809
0.0279386
0.00997102
0.0191747
0.00498842
0.00838918
0.0457124
0.0257419
0.00542355
0.0153545
0.0323647
0.035651
0.0120935
0.00308334
0.0682436
0.0404939
0.0309627
0.0165159
0.00368824
0.0193434
0.0309902
0.256434
0.0205966
0.00744176
0.007264
0.0275565
0.0222542
0.0120531
0.0254026
0.0197255
0.057091
0.00245003
0.00875654
0.00911643
0.025269
0.0128713
0.0194259
0.014044
0.0121695
0.0149871
0.00816553
0.0115507
0.0343696
0.0121333
0.0121281
0.00817097
0.00641912
0.0208151
0.0106335
0.000785812
0.0191844
0.0105921
0.0111335
0.0109889
0.0718845
0.102312
0.0145194
0.0276907
0.0249551
0.00946352
0.0487174
0.0349116
0.0025968
0.00751156
0.044063
0.00557248
0.102343
0.0388469
0.0764369
0.0767102
0.0174909
0.0125049
0.0217665
0.106157
0.113243
0.0244722
0.0190908
0.194594
0.109114
0.00963851
0.207878
0.0138547
0.0310216
0.0120173
0.0177342
0.0380504
0.0234452
0.0227162
0.00483244
0.0105308
0.010411
0.00257396
0.0191807
0.0563744
0.0157975
0.0733026
0.0178103
0.0696664
0.0268583
0.226157
0.0634849
0.0310645
0.0179153
0.0385561
0.0133952
0.0273219
0.0197878
0.00967518
0.00368745
0.0102795
0.0412733
0.0128015
0.014412
0.00668356
0.00948106
0.0226634
0.0168914
0.0308502
0.00287693
0.0291219
0.00813384
0.00681589
0.012961
0.014712
0.0173672
0.0073513
0.0163039
0.0140006
0.00773444
0.00894449
0.0182051
0.024116
0.00636117
0.0220232
0.0148017
0.321107
0.0459756
0.0547594
0.00564223
0.0170561
0.0370055
0.0888113
0.0489176
0.0350786
0.0144112
0.0200221
0.0219382
0.03264
0.00626143
0.00663592
0.0375411
0.0255821
0.00484952
0.179194
0.000996467
0.0191801
0.0169737
0.0111758
0.0103303
0.0123499
0.0143644
0.0102988
0.0205261
0.00626553
0.0126489
0.0148101
0.0120967
0.0298343
0.0164416
0.0239576
0.00311186
0.0275775
0.0168231
0.0229086
0.00233629
0.0134477
0.0266122
0.0946157
0.256278
0.657741
0.174792
0.0146873
0.625716
0.0314772
0.557682
0.0804769
0.174344
0.01776
0.00882261
0.0138218
0.015619
0.00905297
0.0124637
0.000926261
0.0134201
0.0220963
0.0215253
0.00612261
0.0179776
0.044662
0.00879958
0.316292
0.0120751
0.0128075
0.125707
0.13417
0.130443
0.271902
0.0183029
0.0165961
0.00794452
0.0026214
0.00948211
0.0203751
0.00759152
0.0126533
0.00594935
0.0135287
0.0184717
0.0215834
0.0751508
0.157764
0.0200903
0.0174778
0.0124504
0.0219653
0.00471684
0.0137784
0.00202309
0.00646508
0.013271
0.019388
0.016754
0.0348218
0.00744395
0.0115779
0.00818969
0.070114
0.0192227
0.0055612
0.222594
0.00848393
0.294521
0.222267
0.0111896
0.00818852
0.0199833
0.192789
0.0347555
0.027659
0.0144518
0.0783816
0.145193
0.0199646
0.217691
0.714387
0.261853
0.0872279
0.563701
0.207403
0.0114387
0.0158491
0.0171921
0.00207808
0.00874755
0.215211
0.181243
0.0711805
0.127701
0.349669
0.0469955
0.0193891
0.298354
0.0137095
0.0102602
0.0263097
0.0186476
0.0230786
0.00256167
0.00897899
0.0168673
0.0172672
0.0259391
0.0469093
0.1726
0.0495006
0.0255677
0.429779
0.415122
0.0330396
0.0488608
0.126957
0.323949
0.028581
0.0735271
0.0345958
0.00947655
0.041231
0.0143321
0.0069052
0.0640597
0.0165299
0.011481
0.0083681
0.00847602
0.00329982
0.0182065
0.00335981
0.0170229
0.0129783
0.0147398
0.0277327
0.0271505
0.0215689
0.000900248
0.0147253
0.0145845
0.016045
0.015555
0.0112883
0.00894385
0.00636708
0.0354622
0.0167932
0.0140491
0.018227
0.00640095
0.0203289
0.0120894
0.0125213
0.0196698
0.0271236
0.122692
0.288223
0.0218223
0.0145761
0.0241429
0.00933672
0.00469677
0.00754404
0.0101878
0.0129461
0.0141075
0.0211684
0.0257126
0.0013034
0.016761
0.0204248
0.00572771
0.0361128
0.00705251
0.0945845
0.014622
0.364667
0.0380698
0.0505608
0.0198854
0.063053
0.0198861
0.0204824
0.12455
0.00895289
0.00806115
0.085209
0.211277
0.143562
0.00188665
0.18913
0.0171072
0.0723205
0.0254187
0.180635
0.199044
0.0634853
0.038464
0.0244823
0.0836735
0.104184
0.49264
0.0245817
0.233533
0.0187458
0.0102692
0.0737945
0.149328
0.0144845
0.0224614
0.0195637
0.159319
0.00359324
0.115111
0.269633
0.0901878
0.126638
0.281756
0.0295337
0.0315579
0.0100147
0.0299575
0.00715723
0.0456223
0.00666637
0.0397616
0.0170881
0.0296823
0.301168
0.14222
0.173181
0.015692
0.0241911
0.181718
0.264171
0.00276356
0.184657
0.000537387
0.0115402
0.0894873
0.0207316
0.0112963
0.159764
0.0121401
0.00518295
0.0864997
0.178013
0.022252
0.00144883
0.00344066
0.0174891
0.110855
0.00695467
0.0851167
0.319562
0.00607441
0.211974
0.247253
0.00223685
0.00639003
0.0863588
0.0102333
0.165228
0.0586276
0.0649402
0.0385603
0.0727643
0.0779903
0.153048
0.0324173
0.112671
0.0255379
0.0173501
0.0118424
0.0132814
0.153226
0.0324294
0.078414
0.0182205
0.0899088
0.149583
0.020361
0.0763263
0.101541
0.00643544
0.407774
0.00852733
0.0851152
0.0230334
0.0140402
0.0263753
0.023098
0.00667507
0.0209786
0.0035374
0.0350563
0.00526468
0.0749418
0.0150454
0.0146456
