0.193746
0.191548
0.19225
0.191969
0.196415
0.194211
0.192272
0.191672
0.19135
0.197423
0.194014
0.191574
0.191709
0.190622
0.191246
0.194879
0.190628
0.209678
0.192506
0.191499
0.194227
0.190826
0.191321
0.191795
0.192374
0.194464
0.191163
0.192568
0.191936
0.191659
0.194588
0.191471
0.194391
0.191355
0.191964
0.194543
0.192363
0.196903
0.19149
0.191082
0.19371
0.191663
0.197652
0.191186
0.191714
0.19452
0.191669
0.193892
0.192141
0.191573
0.194397
0.190585
0.191117
0.191444
0.191311
0.192315
0.191477
0.191977
0.191488
0.192115
0.196554
0.193015
0.191619
0.192113
0.191855
0.196221
0.193633
0.191056
0.191168
0.191731
0.195692
0.194105
0.192749
0.19202
0.190718
0.191951
0.1937
0.191657
0.191821
0.191881
0.191547
0.194751
0.192396
0.192312
0.191661
0.190875
0.193815
0.192328
0.196306
0.190537
0.191563
0.194437
0.192389
0.196873
0.191938
0.191301
0.194679
0.19042
0.196912
0.191838
0.191754
0.194292
0.191799
0.197204
0.191413
0.191139
0.194324
0.190396
0.191389
0.191958
0.191051
0.194031
0.191703
0.191419
0.191856
0.1917
0.199303
0.191078
0.191773
0.191722
0.19076
0.198851
0.191943
0.191451
0.191361
0.191978
0.195597
0.19407
0.192055
0.190707
0.192033
0.191502
0.192521
0.191946
0.192247
0.1919
0.191439
0.194076
0.191777
0.196827
0.191753
0.191472
0.193778
0.192208
0.197508
0.192327
0.192019
0.194982
0.19235
0.197528
0.191276
0.191886
0.195047
0.191962
0.19768
0.191641
0.190773
0.192898
0.191902
0.197633
0.191812
0.191115
0.193317
0.191125
0.191912
0.192029
0.191987
0.194528
0.191311
0.190847
0.190722
0.191828
0.199294
0.191987
0.190708
0.190351
0.191775
0.198724
0.191712
0.191812
0.1922
0.190817
0.200027
0.191328
0.190811
0.19111
0.191938
0.193305
0.19178
0.191592
0.192101
0.191378
0.192191
0.193999
0.190733
0.195591
0.191558
0.190782
0.194418
0.190788
0.196985
0.189795
0.191594
0.194521
0.191183
0.197237
0.191552
0.191575
0.194046
0.191426
0.192257
0.19179
0.191816
0.193162
0.191048
0.190818
0.190486
0.191868
0.199659
0.19146
0.191044
0.190842
0.192065
0.197596
0.191592
0.192395
0.191217
0.190705
0.200253
0.191498
0.192018
0.191517
0.191458
0.198864
0.191548
0.190842
0.192103
0.192034
0.194414
0.190038
0.191128
0.191619
0.191092
0.192914
0.192086
0.191491
0.19735
0.19131
0.192293
0.193859
0.192029
0.197372
0.190688
0.192025
0.194066
0.191309
0.197627
0.191528
0.191506
0.193788
0.191542
0.197434
0.192606
0.190786
0.194786
0.19149
0.192943
0.191878
0.192779
0.194411
0.191895
0.191274
0.191878
0.192205
0.194441
0.19147
0.191509
0.19253
0.191644
0.198978
0.191691
0.191571
0.191416
0.191609
0.198683
0.192458
0.191799
0.191098
0.192108
0.199255
0.192605
0.192181
0.191678
0.19171
0.200619
0.191542
0.191744
0.191862
0.191883
0.194045
0.190819
0.191467
0.191716
0.192187
0.194461
0.192181
0.192098
0.197502
0.191022
0.194635
0.191322
0.191671
0.196402
0.191411
0.194071
0.191583
0.192412
0.196445
0.192573
0.193254
0.191431
0.191312
0.197752
0.192152
0.193216
0.192022
0.19066
0.192103
0.191365
0.193275
0.194592
0.192027
0.192048
0.192008
0.191827
0.198229
0.190983
0.19175
0.192573
0.192219
0.199508
0.19205
0.192655
0.193133
0.192202
0.199623
0.191355
0.191962
0.192161
0.191824
0.199941
0.191472
0.192107
0.192174
0.19238
0.200214
0.19119
0.191957
0.19169
0.191928
0.194397
0.191085
0.192435
0.192068
0.191791
0.193988
0.192074
0.190437
0.197888
0.191915
0.194654
0.191355
0.190588
0.197621
0.191887
0.194497
0.19149
0.191764
0.196172
0.192093
0.194016
0.191523
0.191903
0.196153
0.19097
0.193948
0.191635
0.192283
0.192334
0.195334
0.194492
0.191888
0.192351
0.192152
0.191604
0.193395
0.197713
0.191953
0.192618
0.191709
0.19225
0.199977
0.192637
0.19223
0.191502
0.192304
0.199713
0.191741
0.19201
0.19209
0.191846
0.198856
0.191939
0.192212
0.192524
0.192261
0.194047
0.191358
0.192292
0.191625
0.191753
0.193742
0.19118
0.19215
0.196491
0.191318
0.194454
0.191597
0.190905
0.197548
0.191345
0.193116
0.191044
0.191675
0.197547
0.191154
0.194529
0.192013
0.191731
0.196646
0.192141
0.194931
0.192357
0.191736
0.192794
0.191548
0.194054
0.191709
0.191907
0.192268
0.190843
0.193742
0.196637
0.191426
0.191513
0.191095
0.193573
0.197156
0.190994
0.191094
0.191865
0.193619
0.19785
0.191953
0.191223
0.191087
0.191554
0.199349
0.191448
0.191791
0.191181
0.19183
0.193957
0.192079
0.192165
0.194744
0.192362
0.194443
0.190332
0.19217
0.196518
0.192388
0.194405
0.192317
0.191546
0.197626
0.191236
0.194774
0.19172
0.192474
0.196699
0.19168
0.194304
0.191758
0.192079
0.196178
0.190707
0.194557
0.192337
0.192577
0.192039
0.191367
0.193341
0.192443
0.191624
0.191965
0.191853
0.195891
0.197122
0.191695
0.191345
0.191683
0.196194
0.197637
0.191426
0.190986
0.192318
0.195134
0.197253
0.191344
0.191163
0.19143
0.193839
0.197704
0.191099
0.191583
0.191809
0.192778
0.193144
0.190884
0.190815
0.193583
0.192098
0.193413
0.192081
0.192599
0.197071
0.192281
0.193869
0.191404
0.191556
0.196686
0.192222
0.194231
0.192068
0.192303
0.197104
0.19079
0.194502
0.191789
0.190981
0.191415
0.191054
0.192937
0.191848
0.191244
0.192023
0.191314
0.19451
0.196833
0.192106
0.192149
0.193343
0.194299
0.196392
0.191402
0.191607
0.192328
0.194388
0.197127
0.191395
0.191847
0.191129
0.194577
0.19756
0.192891
0.191738
0.190834
0.194383
0.191345
0.192061
0.191309
0.192892
0.194164
0.191876
0.191919
0.191585
0.197879
0.19474
0.190935
0.191742
0.191433
0.196931
0.195167
0.190908
0.191904
0.192437
0.19631
0.192101
0.192675
0.191774
0.191767
0.196689
0.192085
0.19323
0.191415
0.192229
0.191754
0.191743
0.195218
0.191378
0.192731
0.190833
0.191622
0.194854
0.197689
0.191437
0.192116
0.19179
0.19418
0.196487
0.192097
0.19208
0.190872
0.194398
0.196674
0.192047
0.192562
0.191585
0.194642
0.198292
0.192014
0.191369
0.192474
0.194327
0.191677
0.191958
0.191237
0.191433
0.193832
0.191947
0.191845
0.191652
0.197714
0.194658
0.190818
0.191984
0.192181
0.198187
0.194586
0.191028
0.190834
0.191842
0.197004
0.194431
0.191973
0.192303
0.191992
0.197647
0.194603
0.191908
0.190928
0.191986
0.193086
0.193908
0.192162
0.191445
0.192493
0.192507
0.191547
0.193032
0.196706
0.192027
0.191323
0.191431
0.193452
0.196452
0.190753
0.192015
0.191569
0.194656
0.19652
0.191146
0.192173
0.191697
0.193796
0.198289
0.191888
0.190836
0.191431
0.19523
0.192396
0.191771
0.1916
0.191058
0.194584
0.192106
0.192341
0.192545
0.197019
0.194609
0.19199
0.192111
0.191903
0.197309
0.194483
0.191321
0.190557
0.191763
0.198619
0.195078
0.192153
0.191345
0.191039
0.19697
0.195064
0.192054
0.19248
0.191852
0.197111
0.194591
0.191909
0.191584
0.191832
0.192544
0.194774
0.191686
0.19235
0.191693
0.192135
0.19406
0.190122
0.19586
0.192494
0.191076
0.191532
0.193512
0.196156
0.191697
0.191703
0.191741
0.194221
0.197122
0.190813
0.190857
0.19152
0.194341
0.1933
0.192384
0.191389
0.190918
0.192589
0.192041
0.191536
0.192329
0.197814
0.193413
0.191645
0.191918
0.191311
0.197474
0.195499
0.199565
0.191995
0.191947
0.198067
0.193738
0.191759
0.192026
0.191818
0.197903
0.193795
0.191351
0.191336
0.191755
0.197446
0.194609
0.192005
0.192315
0.192056
0.191052
0.193831
0.192042
0.191686
0.191814
0.191882
0.194736
0.191757
0.198085
0.192129
0.191917
0.194966
0.191439
0.19729
0.191854
0.192272
0.19415
0.191195
0.196713
0.19169
0.192113
0.194513
0.191813
0.196725
0.190294
0.191637
0.19255
0.192568
0.192576
0.191881
0.191878
0.19099
0.194319
0.191854
0.191702
0.191402
0.19821
0.194247
0.192189
0.191613
0.193391
0.197674
0.193295
0.191621
0.192172
0.191792
0.197036
0.194646
0.191618
0.19161
0.191936
0.196925
0.194242
0.191185
0.191399
0.190749
0.191675
0.193958
0.191329
0.191621
0.19175
0.191816
0.194577
0.191721
0.197578
0.192389
0.192043
0.193787
0.191939
0.196151
0.191684
0.191803
0.193993
0.192447
0.196276
0.191898
0.192225
0.193928
0.192086
0.197383
0.191414
0.192333
0.194296
0.191715
0.192225
0.191445
0.191238
0.19328
0.19263
0.19137
0.191619
0.191715
0.199357
0.191858
0.191921
0.191949
0.19167
0.197318
0.192767
0.190247
0.192297
0.192076
0.197769
0.194178
0.191293
0.191565
0.192456
0.197033
0.194023
0.191558
0.191304
0.192124
0.192121
0.194485
0.190853
0.192234
0.191762
0.191667
0.194882
0.192137
0.197095
0.192509
0.191848
0.193041
0.191816
0.197062
0.191266
0.191916
0.194691
0.191944
0.195574
0.192298
0.192082
0.193792
0.192416
0.196772
0.189794
0.191872
0.194235
0.192083
0.192698
0.192091
0.191385
0.194031
0.192047
0.191621
0.191988
0.191328
0.198292
0.191771
0.191411
0.191874
0.19147
0.200485
0.191797
0.191753
0.191246
0.19083
0.199582
0.191318
0.190971
0.191471
0.191312
0.197667
0.191999
0.191444
0.191974
0.191168
0.191707
0.194185
0.192363
0.192187
0.191206
0.191676
0.193528
0.191255
0.197813
0.192098
0.191475
0.192991
0.191707
0.197163
0.191683
0.192427
0.193741
0.190873
0.197188
0.192072
0.191854
0.193668
0.191085
0.197067
0.191667
0.192478
0.19396
0.190875
0.19191
0.191994
0.19137
0.195062
0.192042
0.192231
0.191526
0.191238
0.199785
0.191427
0.192276
0.192232
0.19104
0.199527
0.19094
0.192403
0.191489
0.191687
0.19939
0.191486
0.191642
0.191517
0.192349
0.198746
0.192196
0.190287
0.192157
0.191328
0.199991
0.190965
0.191794
0.190561
0.191214
0.195316
0.19191
0.191581
0.19313
0.191909
0.190916
0.19317
0.191244
0.197029
0.191853
0.19231
0.192345
0.191938
0.197268
0.192033
0.192494
0.194147
0.191011
0.19608
0.191584
0.191779
0.193893
0.192271
0.197375
0.191915
0.191948
0.195014
0.19198
0.191504
0.191549
0.19135
0.19453
0.191306
0.191859
0.191412
0.191966
0.200626
0.191394
0.192786
0.192065
0.192097
0.200463
0.192001
0.191682
0.1926
0.192143
0.198354
0.192062
0.192288
0.192755
0.191541
0.199755
0.190295
0.191635
0.192065
0.191871
0.193917
0.191019
0.191792
0.191999
0.191807
0.194167
0.192579
0.192133
0.194905
0.190985
0.19457
0.191504
0.191655
0.196321
0.190972
0.19483
0.192648
0.19255
0.197437
0.191711
0.193528
0.192107
0.191196
0.197488
0.191584
0.19193
0.192913
0.192205
0.197479
0.192044
0.190885
0.193452
0.192383
0.197663
0.19139
0.191769
0.194358
0.192257
0.192264
0.191507
0.191351
0.194308
0.191499
0.191227
0.19168
0.192397
0.200647
0.192456
0.193052
0.192308
0.192368
0.199584
0.192135
0.192333
0.190828
0.19233
0.198064
0.192369
0.191819
0.192417
0.191436
0.200309
0.192244
0.192106
0.192409
0.192405
0.198065
0.191956
0.192197
0.1921
0.191287
0.19398
0.19208
0.192087
0.192016
0.192088
0.195227
0.192312
0.191421
0.192064
0.192061
0.19472
0.1923
0.191776
0.197638
0.191565
0.195339
0.192265
0.192464
0.198039
0.191866
0.194931
0.191565
0.190642
0.197196
0.191206
0.194474
0.191613
0.191586
0.196227
0.191587
0.195277
0.192186
0.191218
0.196811
0.19112
0.193734
0.192093
0.191802
0.192829
0.191921
0.193449
0.19202
0.192019
0.192397
0.192344
0.194296
0.193461
0.191545
0.192528
0.192376
0.191771
0.199679
0.193292
0.192685
0.192333
0.191474
0.198912
0.192484
0.191331
0.191816
0.191655
0.19993
0.19236
0.1913
0.19123
0.19153
0.19919
0.192402
0.191234
0.19182
0.191747
0.194644
0.191806
0.192134
0.192368
0.191751
0.194894
0.192381
0.192051
0.196072
0.192355
0.194712
0.19225
0.191596
0.197664
0.19234
0.193843
0.192018
0.19219
0.196586
0.191953
0.195298
0.191979
0.1918
0.196297
0.192506
0.194063
0.191909
0.191615
0.197503
0.192381
0.19476
0.192416
0.192215
0.191382
0.191403
0.194649
0.192373
0.191267
0.1924
0.191601
0.19367
0.19765
0.191891
0.192397
0.191753
0.193938
0.196845
0.191785
0.191844
0.192202
0.194397
0.196708
0.190765
0.191613
0.191102
0.192018
0.196581
0.191179
0.191655
0.190326
0.191966
0.193742
0.192389
0.192006
0.192091
0.192325
0.193955
0.192163
0.19223
0.197444
0.192206
0.194608
0.192264
0.191641
0.197187
0.192505
0.19431
0.191678
0.190404
0.196534
0.191806
0.194129
0.191114
0.191727
0.197448
0.19093
0.194089
0.192022
0.191238
0.192755
0.19139
0.194436
0.191324
0.191579
0.191789
0.190783
0.193827
0.19744
0.191597
0.191623
0.192496
0.194545
0.195995
0.191624
0.192358
0.1912
0.194159
0.196294
0.190919
0.191129
0.191973
0.19356
0.197952
0.19151
0.190973
0.19216
0.194417
0.19233
0.192624
0.192455
0.190579
0.194318
0.192435
0.191955
0.192084
0.196981
0.192166
0.192249
0.19209
0.19156
0.196621
0.191248
0.1949
0.19222
0.191886
0.196273
0.192107
0.193967
0.18992
0.190791
0.194778
0.191813
0.194032
0.191784
0.191141
0.193281
0.192518
0.194389
0.190723
0.191331
0.191548
0.192058
0.194559
0.19291
0.19247
0.191199
0.190826
0.193767
0.197069
0.191528
0.191148
0.191691
0.194187
0.197092
0.191467
0.192277
0.190858
0.194601
0.197538
0.191584
0.191993
0.192226
0.194075
0.197717
0.19163
0.192172
0.192091
0.194068
0.191602
0.19134
0.190106
0.190954
0.194927
0.19045
0.19112
0.192801
0.197037
0.193527
0.191645
0.192409
0.191915
0.193549
0.193949
0.191808
0.191247
0.192184
0.197188
0.190807
0.193586
0.19194
0.191496
0.192162
0.192138
0.193766
0.191888
0.191029
0.19241
0.191576
0.193379
0.196926
0.19241
0.1923
0.191698
0.193083
0.197302
0.191931
0.190376
0.191505
0.193421
0.19631
0.191162
0.192081
0.192511
0.193727
0.19613
0.190232
0.191374
0.191964
0.194055
0.191932
0.19233
0.19148
0.19105
0.194554
0.191784
0.192075
0.191764
0.195867
0.193476
0.191481
0.191743
0.191901
0.197101
0.194466
0.192017
0.191494
0.191655
0.196343
0.194173
0.190469
0.191233
0.190963
0.191274
0.193321
0.191654
0.192212
0.192009
0.19207
0.191754
0.192188
0.194226
0.191023
0.190043
0.190622
0.192061
0.195496
0.190999
0.190765
0.190774
0.192591
0.196031
0.188326
0.190234
0.190373
0.193275
0.191308
0.191419
0.191216
0.191467
0.19366
0.191425
0.191885
0.192804
0.197505
0.194836
0.191644
0.191836
0.191714
0.1972
0.194208
0.19206
0.192302
0.191713
0.197768
0.194531
0.191061
0.190607
0.192864
0.19763
0.193108
0.190461
0.188875
0.190923
0.195942
0.193163
0.190075
0.190488
0.191491
0.196025
0.194598
0.191798
0.1927
0.191203
0.197153
0.1937
0.190803
0.191137
0.192074
0.197462
0.193929
0.191287
0.191518
0.191335
0.192794
0.194294
0.191928
0.19169
0.191107
0.190989
0.194414
0.191977
0.196886
0.191582
0.191279
0.192529
0.191115
0.197778
0.191824
0.192529
0.191722
0.193353
0.197336
0.191955
0.19145
0.192005
0.194692
0.197142
0.19163
0.192588
0.19199
0.193861
0.1914
0.191969
0.190143
0.193999
0.194166
0.191803
0.191771
0.190507
0.196682
0.193876
0.192597
0.191994
0.191611
0.197027
0.193909
0.191748
0.191238
0.192031
0.197251
0.194913
0.191114
0.191521
0.191645
0.191411
0.193946
0.190765
0.191613
0.190885
0.191309
0.194556
0.191579
0.197272
0.191226
0.191734
0.194289
0.191797
0.196975
0.190524
0.191661
0.193632
0.191917
0.196826
0.191396
0.191603
0.194216
0.191255
0.198022
0.191519
0.191884
0.193769
0.191842
0.192159
0.192315
0.191434
0.191683
0.193578
0.19262
0.191684
0.191607
0.197858
0.19465
0.191956
0.192038
0.190765
0.196808
0.194246
0.191818
0.192177
0.192316
0.197296
0.191955
0.19159
0.192859
0.19153
0.197561
0.19343
0.191654
0.191586
0.19277
0.192597
0.195185
0.192267
0.192593
0.191657
0.19182
0.194965
0.192111
0.193811
0.191935
0.1905
0.194068
0.191774
0.195567
0.191506
0.191087
0.19452
0.192362
0.198608
0.191939
0.191063
0.193955
0.191294
0.195138
0.192631
0.19175
0.194657
0.191935
0.19134
0.192661
0.191013
0.193391
0.191961
0.190589
0.192354
0.191294
0.198506
0.19231
0.19161
0.191736
0.191493
0.195806
0.194023
0.192431
0.192384
0.192073
0.19677
0.191727
0.190593
0.192006
0.192514
0.197131
0.193577
0.191323
0.192077
0.191538
0.192801
0.193555
0.192019
0.192054
0.192378
0.191981
0.194703
0.192451
0.197783
0.190932
0.190694
0.194743
0.19183
0.197764
0.191121
0.191884
0.193305
0.191792
0.197478
0.19231
0.191959
0.194877
0.191449
0.196923
0.192159
0.191642
0.194863
0.191811
0.191384
0.191657
0.191135
0.193643
0.19232
0.192217
0.191381
0.19241
0.199911
0.192473
0.191717
0.191631
0.199549
0.198125
0.191796
0.191656
0.191342
0.190746
0.197861
0.191998
0.191281
0.192035
0.192415
0.198207
0.191418
0.1922
0.192942
0.191329
0.197072
0.192327
0.192612
0.192702
0.191993
0.192361
0.193778
0.192158
0.191686
0.192482
0.191665
0.194985
0.19192
0.196765
0.191772
0.192043
0.194641
0.191396
0.197119
0.191157
0.191835
0.193919
0.192739
0.197191
0.191969
0.191028
0.192716
0.192834
0.197034
0.19174
0.191901
0.192857
0.192295
0.1922
0.191996
0.192183
0.194123
0.192189
0.191076
0.191944
0.191731
0.19931
0.190997
0.192152
0.191019
0.191424
0.199972
0.191303
0.191966
0.1909
0.191229
0.199477
0.191984
0.191468
0.192408
0.19087
0.199
0.191341
0.19151
0.192373
0.191718
0.193289
0.19133
0.192161
0.191144
0.19204
0.194699
0.191771
0.192458
0.196816
0.191311
0.191437
0.194325
0.191292
0.196898
0.191288
0.191389
0.194842
0.191257
0.196697
0.192807
0.190813
0.193315
0.191769
0.197314
0.191686
0.191575
0.192837
0.191556
0.191588
0.190784
0.191103
0.194096
0.190612
0.191642
0.192004
0.191783
0.199458
0.19236
0.191883
0.191914
0.192194
0.199843
0.190296
0.191597
0.191447
0.192416
0.200383
0.192438
0.191442
0.192305
0.191303
0.197692
0.192043
0.1916
0.192308
0.191149
0.194502
0.191691
0.19076
0.191775
0.192247
0.193934
0.190452
0.192188
0.196758
0.191705
0.194253
0.192104
0.191708
0.194313
0.191454
0.194338
0.191233
0.191669
0.197777
0.190934
0.190958
0.194235
0.191793
0.197369
0.192721
0.191604
0.193805
0.192062
0.192557
0.191392
0.191375
0.194271
0.191255
0.190293
0.191693
0.19117
0.198343
0.191166
0.191328
0.191774
0.191019
0.199926
0.191596
0.191742
0.191835
0.190725
0.199852
0.19205
0.191463
0.19255
0.192892
0.199436
0.191171
0.192044
0.192407
0.192203
0.194696
0.192056
0.190603
0.190482
0.191456
0.19463
0.190622
0.191502
0.196275
0.190831
0.194985
0.19205
0.192167
0.197071
0.191395
0.193613
0.192055
0.192318
0.197386
0.192106
0.193267
0.191401
0.19293
0.192175
0.191618
0.193669
0.191941
0.19062
0.192156
0.191596
0.191621
0.199313
0.192099
0.191462
0.19086
0.191449
0.199896
0.192483
0.190753
0.19111
0.191648
0.200344
0.191381
0.192278
0.191725
0.188657
0.197817
0.191924
0.191847
0.191546
0.192016
0.194366
0.192107
0.191472
0.191113
0.191507
0.193924
0.191697
0.191228
0.195326
0.191638
0.194642
0.191381
0.191528
0.197987
0.191964
0.194298
0.191391
0.191833
0.196919
0.191431
0.191708
0.191912
0.191604
0.197609
0.191765
0.194712
0.191441
0.192
0.191429
0.190941
0.193472
0.192321
0.192258
0.191018
0.191714
0.194317
0.195645
0.191652
0.191049
0.190684
0.191297
0.199117
0.191406
0.19063
0.191485
0.191327
0.2005
0.192451
0.191616
0.192162
0.192016
0.197798
0.191726
0.191685
0.191379
0.191367
0.194113
0.190873
0.190011
0.196895
0.191636
0.193857
0.191813
0.191385
0.196984
0.192206
0.194117
0.192326
0.191335
0.197323
0.190901
0.19404
0.192078
0.191461
0.196667
0.191762
0.193378
0.191827
0.191603
0.192501
0.191957
0.194451
0.191741
0.191543
0.191858
0.191669
0.194828
0.192004
0.191833
0.191141
0.191907
0.193537
0.196869
0.191873
0.191916
0.190555
0.193281
0.197264
0.191685
0.1911
0.19156
0.194552
0.197926
0.19207
0.191796
0.191101
0.191009
0.192809
0.190845
0.190933
0.19208
0.191316
0.193725
0.19152
0.190843
0.197941
0.191323
0.193986
0.191821
0.192213
0.196817
0.192335
0.194488
0.191518
0.191466
0.196269
0.190094
0.19408
0.191055
0.199087
0.196319
0.190622
0.194422
0.191716
0.19111
0.192198
0.190918
0.194482
0.190634
0.19156
0.192222
0.192025
0.193992
0.193934
0.191775
0.191996
0.190763
0.194908
0.197335
0.191805
0.190779
0.191302
0.193672
0.197574
0.192613
0.191598
0.191465
0.193857
0.19718
0.191722
0.191789
0.192135
0.194593
0.191026
0.191505
0.191648
0.1913
0.195136
0.191561
0.191404
0.191068
0.196824
0.194116
0.192294
0.191366
0.191481
0.196917
0.191805
0.194401
0.192335
0.191387
0.196622
0.191247
0.193502
0.191577
0.191164
0.195883
0.192119
0.194462
0.192385
0.1921
0.197439
0.191368
0.19323
0.192354
0.192311
0.19159
0.191817
0.19396
0.191831
0.191207
0.191089
0.191151
0.194263
0.196886
0.191646
0.191093
0.192302
0.1942
0.196422
0.191992
0.191349
0.191498
0.19376
0.196204
0.192964
0.1927
0.191544
0.193941
0.19758
0.191372
0.191679
0.191761
0.194486
0.191365
0.19156
0.191509
0.192128
0.194178
0.191757
0.191408
0.191956
0.198148
0.194431
0.191961
0.192356
0.191571
0.19748
0.194497
0.192295
0.191965
0.191873
0.19529
0.193642
0.191788
0.191169
0.191689
0.197277
0.191782
0.191497
0.19074
0.19225
0.192133
0.191817
0.193557
0.191909
0.192117
0.19208
0.192305
0.193575
0.198004
0.191651
0.191949
0.191834
0.194212
0.197092
0.191561
0.191306
0.192158
0.194566
0.197152
0.191585
0.191262
0.19236
0.194471
0.197592
0.192401
0.191881
0.191057
0.193973
0.192353
0.191684
0.191417
0.191054
0.193155
0.190918
0.191131
0.192387
0.19636
0.193948
0.190658
0.190775
0.192002
0.196886
0.193712
0.191526
0.191588
0.190916
0.196924
0.194339
0.190712
0.191955
0.191223
0.196074
0.194569
0.191673
0.191611
0.191345
0.191877
0.192138
0.189486
0.192337
0.191808
0.191283
0.190848
0.192988
0.196279
0.190182
0.191116
0.191774
0.193894
0.196465
0.191888
0.191055
0.19118
0.194229
0.196584
0.192383
0.19073
0.192046
0.193721
0.191486
0.192273
0.191859
0.191221
0.194404
0.191175
0.191777
0.191785
0.197007
0.194842
0.191303
0.191374
0.192093
0.196801
0.19387
0.191582
0.191466
0.191421
0.197502
0.193611
0.191157
0.19183
0.191426
0.196315
0.194263
0.191499
0.192227
0.19071
0.192455
0.194076
0.191271
0.191672
0.191642
0.19181
0.194889
0.191839
0.194563
0.192046
0.19226
0.194432
0.19145
0.195833
0.192002
0.191842
0.194138
0.192138
0.194491
0.190646
0.190908
0.19119
0.193727
0.197553
0.191453
0.191626
0.191502
0.193596
0.191243
0.191729
0.191889
0.19134
0.194614
0.191473
0.191815
0.191295
0.197357
0.193612
0.192029
0.191083
0.191783
0.197012
0.193726
0.191817
0.191036
0.191251
0.197741
0.194374
0.192458
0.192296
0.191142
0.197988
0.19417
0.191981
0.192112
0.191836
0.196708
0.194476
0.191957
0.191786
0.19148
0.192085
0.194905
0.191316
0.191827
0.191197
0.191768
0.19318
0.190232
0.197166
0.191622
0.192549
0.193861
0.192462
0.196289
0.190924
0.192248
0.194653
0.192509
0.197181
0.191047
0.191418
0.194338
0.190013
0.196804
0.191509
0.191305
0.19372
0.191551
0.192503
0.191618
0.192031
0.19175
0.193134
0.190071
0.191468
0.191668
0.196554
0.194225
0.190602
0.190819
0.191678
0.196849
0.193939
0.191352
0.192456
0.191024
0.197412
0.194199
0.191245
0.191217
0.191066
0.195991
0.193877
0.191481
0.191783
0.191548
0.191935
0.193673
0.191908
0.191789
0.191898
0.191536
0.194235
0.191745
0.19749
0.190522
0.191266
0.193883
0.192019
0.196594
0.190912
0.191336
0.193626
0.191797
0.196649
0.191737
0.191743
0.194901
0.191577
0.197422
0.191818
0.191841
0.19475
0.192185
0.192512
0.19148
0.190874
0.19431
0.192514
0.191682
0.191742
0.191757
0.200041
0.191668
0.191879
0.191655
0.19142
0.199058
0.191953
0.192144
0.191877
0.19225
0.196813
0.193874
0.191623
0.191776
0.191716
0.198144
0.194246
0.191282
0.191991
0.191545
0.191881
0.194085
0.19217
0.191641
0.191865
0.191667
0.194052
0.191375
0.197127
0.19225
0.191447
0.19395
0.191596
0.19718
0.19183
0.191447
0.19512
0.191697
0.197521
0.191725
0.192046
0.195033
0.192475
0.195818
0.191532
0.192322
0.193966
0.191994
0.197242
0.192339
0.192324
0.194132
0.191784
0.192568
0.191621
0.191635
0.194228
0.191503
0.192337
0.191733
0.191285
0.199848
0.191267
0.191537
0.190789
0.191693
0.199868
0.190817
0.19174
0.192273
0.191566
0.199
0.191073
0.191412
0.191523
0.191561
0.199497
0.191702
0.191429
0.191633
0.191868
0.193975
0.191021
0.191682
0.191668
0.191369
0.192469
0.193055
0.192001
0.191071
0.190645
0.191606
0.193186
0.191805
0.197626
0.191112
0.192463
0.193484
0.191561
0.197983
0.191875
0.191811
0.193815
0.191778
0.196521
0.191062
0.191997
0.193623
0.191393
0.198089
0.192858
0.192102
0.193451
0.192002
0.192358
0.191761
0.191397
0.193579
0.191471
0.191319
0.191862
0.190797
0.200558
0.191604
0.191995
0.191845
0.19237
0.200122
0.191482
0.191405
0.191085
0.191292
0.200891
0.190672
0.192169
0.19163
0.192116
0.198974
0.191417
0.190796
0.192018
0.192029
0.20018
0.19247
0.19226
0.190375
0.192437
0.19459
0.192148
0.192069
0.191309
0.191181
0.194925
0.191922
0.192138
0.196758
0.191449
0.194038
0.191605
0.192129
0.196961
0.208277
0.194173
0.19167
0.192161
0.197166
0.190639
0.194384
0.192018
0.191169
0.196537
0.191818
0.192569
0.191438
0.190723
0.196373
0.191756
0.192212
0.194225
0.191492
0.197093
0.192328
0.192563
0.194545
0.191791
0.19765
0.191376
0.19191
0.19391
0.19212
0.191741
0.192481
0.191462
0.193834
0.191798
0.192002
0.191603
0.191966
0.198272
0.191771
0.191267
0.192321
0.192066
0.199862
0.192034
0.191993
0.191772
0.191852
0.199688
0.192164
0.192067
0.192072
0.191639
0.200607
0.192192
0.192095
0.192467
0.191834
0.199216
0.191438
0.191985
0.19168
0.192093
0.194705
0.191241
0.190872
0.190688
0.192448
0.194954
0.192224
0.191866
0.197537
0.19168
0.19448
0.191885
0.191573
0.196692
0.191438
0.193836
0.191744
0.191897
0.196585
0.190617
0.194908
0.191692
0.191893
0.196692
0.191296
0.193544
0.191944
0.191258
0.192076
0.191516
0.192224
0.192166
0.190795
0.191839
0.192096
0.191735
0.199404
0.192395
0.191074
0.191113
0.191753
0.199461
0.191314
0.191069
0.191776
0.192141
0.200829
0.191668
0.192137
0.190942
0.191851
0.199064
0.192469
0.191632
0.192371
0.191347
0.19986
0.192478
0.191508
0.191793
0.191868
0.193772
0.191953
0.191992
0.191912
0.191815
0.194678
0.192705
0.191388
0.198631
0.192274
0.194603
0.191645
0.190979
0.197736
0.192238
0.194386
0.174891
0.192361
0.182443
0.175787
0.178906
0.175538
0.175474
0.176444
0.17479
0.175361
0.178754
0.17885
0.175886
0.175379
0.175
0.176866
0.179729
0.177401
0.17653
0.175056
0.175417
0.175479
0.176091
0.180356
0.174636
0.179137
0.174947
0.174762
0.175522
0.176176
0.181758
0.180019
0.178356
0.176262
0.17601
0.175211
0.175963
0.176801
0.182763
0.17814
0.175811
0.178604
0.175936
0.174649
0.194924
0.175479
0.183095
0.175781
0.175463
0.180234
0.174294
0.178255
0.176074
0.176464
0.176436
0.175611
0.181006
0.175497
0.178333
0.175282
0.178664
0.175335
0.174745
0.175387
0.180885
0.181513
0.175564
0.178922
0.176785
0.177861
0.175688
0.174687
0.175279
0.175983
0.181051
0.175708
0.17667
0.174877
0.17762
0.175368
0.176675
0.17618
0.1805
0.175557
0.174797
0.17461
0.175468
0.178716
0.175386
0.177165
0.174954
0.175845
0.178848
0.175494
0.174804
0.175002
0.178236
0.174235
0.195823
0.179706
0.17479
0.177718
0.17424
0.178299
0.196242
0.180223
0.17536
0.174532
0.174458
0.174206
0.177935
0.190328
0.18892
0.177557
0.173613
0.175351
0.176652
0.176008
0.175623
0.174264
0.176381
0.172645
0.177209
0.173664
0.176471
0.1744
0.173793
0.175162
0.175917
0.181164
0.179482
0.174927
0.174666
0.174377
0.17401
0.173402
0.172043
0.17533
0.175339
0.181743
0.174552
0.190401
0.189897
0.193355
0.210197
0.192175
0.192191
0.192077
0.193767
0.191003
0.190918
0.191994
0.192509
0.192563
0.19247
0.191854
0.189624
0.189646
0.193865
0.192598
0.192081
0.191973
0.191769
0.19374
0.190986
0.191498
0.191463
0.197871
0.193771
0.19185
0.191298
0.191688
0.196885
0.193917
0.191307
0.191368
0.190865
0.196208
0.194098
0.191806
0.190371
0.191871
0.19618
0.194795
0.191852
0.191943
0.191335
0.196326
0.196019
0.202979
0.191543
0.191498
0.19658
0.193088
0.192007
0.190917
0.190936
0.191745
0.192695
0.191525
0.19081
0.191113
0.190921
0.193367
0.19097
0.219721
0.19224
0.191324
0.194001
0.191573
0.196616
0.191912
0.191017
0.194465
0.190499
0.197052
0.192416
0.192289
0.194855
0.191337
0.196684
0.192244
0.192089
0.194022
0.191181
0.196308
0.191455
0.191746
0.193889
0.191528
0.19573
0.190749
0.191352
0.19224
0.193098
0.192539
0.19064
0.190852
0.191236
0.193941
0.191467
0.192011
0.192083
0.194926
0.19415
0.191315
0.192223
0.191125
0.197015
0.193498
0.191837
0.192131
0.191793
0.197757
0.193363
0.19173
0.191805
0.191543
0.197823
0.192601
0.191082
0.19103
0.191606
0.197692
0.193788
0.191299
0.191731
0.191248
0.196107
0.194647
0.189965
0.191532
0.191402
0.19124
0.194153
0.191759
0.191923
0.19007
0.19174
0.194329
0.190492
0.192392
0.191035
0.192143
0.192389
0.190833
0.191614
0.191935
0.190833
0.194618
0.19175
0.196914
0.190861
0.191471
0.193806
0.191748
0.196187
0.191228
0.190806
0.194913
0.192711
0.197006
0.189549
0.190629
0.19364
0.191492
0.196816
0.192182
0.191964
0.195247
0.192348
0.196881
0.191399
0.190692
0.193414
0.191266
0.197769
0.192545
0.191758
0.194848
0.191686
0.1978
0.19119
0.19075
0.193456
0.191685
0.197433
0.190833
0.190899
0.194753
0.191318
0.192491
0.191869
0.192178
0.193655
0.191788
0.190517
0.191689
0.188745
0.195809
0.191524
0.192236
0.189297
0.190803
0.194659
0.191871
0.192841
0.191179
0.19135
0.195619
0.190691
0.191399
0.19267
0.191229
0.200279
0.191706
0.191566
0.191683
0.191443
0.200122
0.191389
0.191393
0.191738
0.191717
0.198848
0.192002
0.190935
0.192238
0.191737
0.197198
0.192949
0.191753
0.192108
0.19222
0.193069
0.194304
0.191973
0.191517
0.191224
0.192474
0.19486
0.192437
0.192347
0.191467
0.190798
0.194881
0.191109
0.197219
0.19152
0.191649
0.194536
0.191235
0.196519
0.191598
0.191476
0.193318
0.191203
0.196791
0.191772
0.191924
0.193961
0.191046
0.195888
0.192307
0.191941
0.19444
0.191235
0.195674
0.191942
0.192446
0.193887
0.191438
0.190863
0.191985
0.191447
0.194441
0.191754
0.191714
0.191064
0.191047
0.197924
0.191275
0.191985
0.191578
0.190551
0.200891
0.191877
0.191567
0.192548
0.191557
0.198525
0.191415
0.191721
0.191857
0.191743
0.198855
0.190632
0.191349
0.191594
0.190914
0.194144
0.191309
0.1908
0.192407
0.191465
0.190829
0.192181
0.191314
0.195937
0.190641
0.191457
0.195039
0.190207
0.196063
0.190765
0.190984
0.194037
0.191305
0.19705
0.192
0.191012
0.194008
0.190481
0.195949
0.192415
0.192407
0.194163
0.190788
0.19198
0.19172
0.19161
0.194206
0.191733
0.191926
0.191638
0.190888
0.198687
0.191573
0.191204
0.191377
0.19177
0.199237
0.191932
0.191038
0.190412
0.191431
0.199512
0.191885
0.191592
0.191438
0.190699
0.200209
0.192125
0.191256
0.191017
0.191519
0.199578
0.190716
0.191677
0.191754
0.191379
0.200249
0.191906
0.191154
0.191882
0.190659
0.199241
0.191578
0.190519
0.191681
0.191202
0.193259
0.190537
0.191713
0.19248
0.191876
0.19411
0.191018
0.190897
0.196227
0.191307
0.19422
0.192805
0.191807
0.195597
0.191261
0.193031
0.191566
0.191066
0.196519
0.192045
0.190845
0.193691
0.191326
0.191882
0.191924
0.191419
0.193618
0.190319
0.190969
0.19209
0.191468
0.199526
0.190925
0.190579
0.191407
0.191931
0.200075
0.189409
0.191724
0.192783
0.192485
0.198823
0.191488
0.190974
0.191772
0.190896
0.199873
0.19163
0.192014
0.191762
0.191887
0.199941
0.19178
0.192291
0.192377
0.191771
0.199577
0.191441
0.191587
0.191158
0.191773
0.200232
0.190728
0.191307
0.192427
0.19226
0.199374
0.189963
0.191367
0.191682
0.189797
0.193528
0.191515
0.190309
0.192464
0.191578
0.189748
0.191007
0.190706
0.190727
0.193336
0.192399
0.192433
0.191929
0.190663
0.196811
0.199946
0.194067
0.199373
0.207303
0.196971
0.199161
0.1935
0.1987
0.189793
0.196325
0.198723
0.192941
0.19978
0.19384
0.195861
0.199486
0.19329
0.198873
0.193277
0.193339
0.19994
0.193202
0.198244
0.1903
0.19761
0.197268
0.192834
0.198517
0.194272
0.196435
0.198073
0.192755
0.199025
0.193311
0.201962
0.193544
0.194199
0.200129
0.192933
0.201818
0.194436
0.193187
0.200122
0.193617
0.201221
0.193161
0.19315
0.199463
0.193753
0.201526
0.192486
0.193374
0.198053
0.193409
0.202827
0.193158
0.192994
0.198071
0.194032
0.201719
0.192993
0.192873
0.198739
0.193574
0.203073
0.192967
0.193459
0.198587
0.193129
0.202191
0.193644
0.192494
0.198654
0.192419
0.202481
0.193112
0.193466
0.198909
0.191802
0.202815
0.193144
0.192924
0.198167
0.193962
0.201434
0.193165
0.19335
0.19811
0.192699
0.200787
0.193489
0.19382
0.197757
0.19334
0.202298
0.194106
0.192848
0.198971
0.193804
0.201897
0.192597
0.192213
0.199799
0.192867
0.202933
0.1935
0.192295
0.199284
0.193606
0.200732
0.192946
0.192692
0.198898
0.193443
0.201643
0.192895
0.193415
0.200391
0.192876
0.202828
0.191882
0.193087
0.198525
0.192577
0.202056
0.192051
0.193948
0.198691
0.193719
0.195699
0.193955
0.193942
0.198383
0.192178
0.195767
0.198499
0.193359
0.197763
0.193353
0.196153
0.197675
0.192502
0.199072
0.19396
0.195779
0.198763
0.193408
0.198481
0.193056
0.195095
0.198484
0.192997
0.198259
0.1931
0.19512
0.19934
0.193917
0.198543
0.192366
0.195487
0.198427
0.192087
0.199411
0.192961
0.193859
0.199253
0.193244
0.197419
0.192933
0.195957
0.199898
0.192572
0.199617
0.192818
0.196229
0.199851
0.193578
0.19844
0.192074
0.197119
0.199491
0.193691
0.198562
0.192334
0.196821
0.199256
0.193757
0.197039
0.192344
0.196307
0.199467
0.19305
0.198877
0.193876
0.197271
0.198435
0.193512
0.198585
0.193459
0.19766
0.199348
0.193488
0.19899
0.193346
0.196423
0.200057
0.193393
0.198474
0.193323
0.197025
0.199429
0.192235
0.198894
0.193614
0.197011
0.200355
0.192437
0.198553
0.193068
0.196542
0.199532
0.192688
0.198587
0.194106
0.196188
0.197966
0.19274
0.198822
0.193919
0.196223
0.19796
0.19293
0.199258
0.193883
0.195716
0.19929
0.194356
0.198257
0.19344
0.195841
0.199011
0.193602
0.198902
0.193752
0.216727
0.197095
0.193359
0.198278
0.196395
0.193801
0.200237
0.193754
0.198443
0.195394
0.192846
0.198796
0.193838
0.196753
0.194237
0.193415
0.199793
0.193628
0.197553
0.192444
0.193664
0.199704
0.193682
0.196616
0.192626
0.193237
0.19987
0.19187
0.19847
0.194945
0.193423
0.199069
0.193089
0.19962
0.196283
0.193134
0.199729
0.1921
0.199126
0.196954
0.191512
0.199261
0.191963
0.199613
0.196661
0.192741
0.199475
0.193038
0.199124
0.19669
0.193613
0.200005
0.193527
0.19944
0.195483
0.192969
0.199317
0.193907
0.197998
0.197799
0.193098
0.199431
0.193866
0.198664
0.19618
0.192456
0.199624
0.193169
0.198775
0.194767
0.193406
0.19947
0.19343
0.199204
0.195284
0.192826
0.198911
0.192981
0.198353
0.195826
0.193652
0.199911
0.192269
0.199394
0.196002
0.193105
0.19983
0.191871
0.197977
0.196207
0.193744
0.199695
0.193088
0.198648
0.196184
0.193157
0.19795
0.193189
0.198804
0.196225
0.193753
0.198499
0.193878
0.198341
0.196049
0.193531
0.197749
0.19312
0.198975
0.196802
0.193029
0.199126
0.192858
0.199414
0.195336
0.19284
0.199638
0.193613
0.198748
0.194987
0.193949
0.199803
0.193112
0.203674
0.195176
0.193687
0.199374
0.193178
0.198719
0.195973
0.193024
0.199476
0.192498
0.199631
0.196116
0.19363
0.198713
0.193571
0.199546
0.195728
0.192657
0.199364
0.193565
0.198957
0.195143
0.193317
0.198877
0.193614
0.198359
0.195984
0.192282
0.198808
0.193499
0.197373
0.196603
0.192249
0.19802
0.194015
0.198773
0.196145
0.193056
0.199224
0.193767
0.198964
0.197376
0.193861
0.199431
0.19334
0.198212
0.196
0.193328
0.1989
0.193519
0.19931
0.197316
0.193794
0.199073
0.193569
0.199946
0.196779
0.193488
0.199931
0.193547
0.19896
0.195931
0.193282
0.19952
0.193642
0.19908
0.196644
0.193105
0.19931
0.193771
0.199044
0.197064
0.192614
0.198144
0.193038
0.20289
0.194641
0.191727
0.192182
0.190309
0.196974
0.192616
0.19224
0.191928
0.191508
0.196612
0.194095
0.191928
0.192613
0.191933
0.19613
0.194094
0.191833
0.192185
0.191507
0.196444
0.194807
0.191673
0.192222
0.191349
0.196433
0.193568
0.191994
0.191848
0.191568
0.196877
0.194044
0.191986
0.192011
0.191531
0.192322
0.194047
0.190803
0.191343
0.192131
0.191938
0.1944
0.190727
0.195952
0.191417
0.190938
0.194094
0.191497
0.19735
0.190459
0.191815
0.193299
0.191139
0.196464
0.192241
0.191447
0.194769
0.191779
0.196539
0.191662
0.191498
0.194812
0.190815
0.191073
0.192413
0.192161
0.195161
0.191512
0.19091
0.192476
0.191793
0.199446
0.191138
0.191282
0.191097
0.191833
0.197199
0.194361
0.191221
0.191205
0.190947
0.196991
0.193672
0.191761
0.191695
0.191537
0.196036
0.194034
0.192276
0.190908
0.191094
0.192085
0.193054
0.190817
0.192188
0.192479
0.191169
0.193754
0.191146
0.196836
0.191001
0.191843
0.194161
0.191223
0.197886
0.190694
0.190857
0.194602
0.191581
0.196723
0.190806
0.190956
0.194352
0.191585
0.195556
0.191247
0.191457
0.194867
0.19129
0.192359
0.192221
0.191303
0.194338
0.190545
0.19106
0.19196
0.191987
0.197159
0.191248
0.191561
0.19126
0.191202
0.200053
0.191554
0.191993
0.191519
0.192272
0.19955
0.191125
0.192066
0.192254
0.191762
0.191535
0.191806
0.191708
0.191444
0.191724
0.191109
0.194252
0.191016
0.196855
0.191471
0.192158
0.195008
0.1917
0.197642
0.191082
0.191186
0.194327
0.192563
0.195879
0.191323
0.192085
0.194279
0.192028
0.197363
0.190684
0.19079
0.192735
0.191641
0.196551
0.191787
0.191171
0.192462
0.190825
0.192423
0.191768
0.191703
0.194821
0.191873
0.192121
0.19149
0.19164
0.199842
0.191422
0.191044
0.192512
0.192027
0.198111
0.192243
0.191253
0.191538
0.191135
0.198862
0.191879
0.190926
0.192244
0.191476
0.197339
0.191678
0.190957
0.192292
0.19177
0.19509
0.190931
0.191473
0.192154
0.192566
0.192214
0.19297
0.190639
0.196889
0.192448
0.191884
0.195145
0.191266
0.19671
0.19167
0.191876
0.194681
0.19137
0.197064
0.190285
0.192298
0.194417
0.191886
0.196789
0.191536
0.190863
0.193946
0.192281
0.192372
0.191276
0.191551
0.19495
0.190799
0.192151
0.192122
0.192251
0.199533
0.19144
0.191393
0.192417
0.192404
0.199468
0.191009
0.191156
0.191644
0.191067
0.199556
0.191451
0.190952
0.191179
0.190223
0.200569
0.191263
0.191619
0.192039
0.191618
0.194443
0.191732
0.191263
0.190707
0.191878
0.194056
0.191107
0.189919
0.197137
0.191605
0.194331
0.192037
0.191758
0.194839
0.191146
0.191792
0.19355
0.191528
0.196678
0.190981
0.190481
0.194548
0.191271
0.191191
0.191149
0.191521
0.193116
0.190008
0.191291
0.191862
0.19154
0.198789
0.191267
0.190548
0.19248
0.190639
0.199476
0.191638
0.192091
0.192228
0.191867
0.200069
0.191807
0.191336
0.191629
0.190223
0.196816
0.190701
0.191752
0.192452
0.191445
0.193973
0.190619
0.190686
0.19549
0.191639
0.192922
0.191669
0.191362
0.196825
0.191701
0.195075
0.192359
0.192
0.197807
0.191664
0.194685
0.191884
0.192162
0.19607
0.19122
0.193159
0.191628
0.191354
0.191725
0.191144
0.191558
0.193863
0.18974
0.18966
0.194578
0.191995
0.198812
0.190379
0.190286
0.192163
0.190848
0.199534
0.191489
0.191514
0.191938
0.191249
0.199004
0.192029
0.190743
0.192094
0.190847
0.199801
0.192163
0.191677
0.191278
0.191723
0.19414
0.191715
0.191646
0.192089
0.191222
0.194688
0.191744
0.190981
0.196533
0.191488
0.194086
0.191682
0.191724
0.196082
0.189609
0.192988
0.191354
0.192379
0.197086
0.191522
0.193863
0.191992
0.190625
0.192425
0.191837
0.194046
0.191407
0.190653
0.191403
0.191595
0.19496
0.195416
0.190363
0.191676
0.192142
0.193866
0.197824
0.191044
0.19101
0.191572
0.191623
0.199815
0.191916
0.191739
0.191596
0.191642
0.199469
0.192169
0.192134
0.191754
0.191047
0.200087
0.191554
0.192342
0.191651
0.192009
0.193775
0.190964
0.192088
0.19276
0.191627
0.194656
0.190604
0.191833
0.197563
0.191749
0.194785
0.192078
0.191568
0.19695
0.192033
0.194529
0.191654
0.191149
0.196885
0.191361
0.195644
0.191677
0.19186
0.195773
0.191608
0.19429
0.192235
0.19196
0.197362
0.189891
0.194043
0.191728
0.191972
0.192902
0.192768
0.193886
0.191995
0.190912
0.191802
0.191936
0.194489
0.197474
0.191237
0.19157
0.191473
0.193282
0.197518
0.191316
0.191009
0.19242
0.195354
0.197537
0.191688
0.190927
0.191071
0.19404
0.197126
0.19155
0.191697
0.191231
0.190846
0.19475
0.192093
0.192713
0.191296
0.191348
0.193473
0.191306
0.190968
0.197062
0.191855
0.194709
0.191302
0.191014
0.196611
0.191915
0.193817
0.192103
0.190619
0.196602
0.19186
0.194085
0.191613
0.191887
0.197037
0.190769
0.194122
0.191931
0.191647
0.192624
0.192362
0.194336
0.191868
0.191616
0.190974
0.192488
0.194938
0.197202
0.190367
0.19114
0.192559
0.193888
0.196418
0.190902
0.190744
0.19064
0.194588
0.196783
0.191604
0.191868
0.191297
0.193559
0.197211
0.191981
0.191309
0.191185
0.193644
0.191115
0.191473
0.191065
0.195231
0.191922
0.192388
0.191819
0.19101
0.198158
0.191055
0.193343
0.191914
0.191866
0.195106
0.191595
0.195557
0.192169
0.191901
0.196188
0.19055
0.19411
0.192004
0.191508
0.191762
0.191459
0.194418
0.191909
0.191797
0.191376
0.19249
0.19375
0.196184
0.189611
0.191601
0.19157
0.193822
0.197339
0.190759
0.191437
0.190288
0.193874
0.195753
0.191688
0.190625
0.19084
0.193053
0.191918
0.191875
0.190595
0.192307
0.193726
0.191101
0.190321
0.191686
0.19757
0.194812
0.191536
0.192375
0.191156
0.195559
0.194349
0.192149
0.191372
0.191179
0.196435
0.190476
0.193279
0.191047
0.191968
0.196644
0.19101
0.192254
0.192007
0.192
0.192183
0.191915
0.194905
0.191848
0.192102
0.191996
0.192077
0.193443
0.197461
0.191415
0.190725
0.191716
0.193717
0.197497
0.19122
0.191676
0.191006
0.193335
0.197199
0.192326
0.191494
0.192116
0.193283
0.198333
0.191241
0.191442
0.191465
0.192863
0.190763
0.190175
0.191632
0.194022
0.194322
0.191522
0.190772
0.190665
0.19623
0.193539
0.191527
0.191679
0.190805
0.192919
0.193642
0.191083
0.192921
0.190915
0.193324
0.192616
0.190563
0.192246
0.190734
0.191296
0.191057
0.192975
0.19073
0.190325
0.189919
0.191136
0.193519
0.196812
0.190859
0.190954
0.191037
0.192832
0.1966
0.191326
0.190661
0.191412
0.193687
0.191127
0.190496
0.193185
0.192159
0.194062
0.19175
0.191201
0.190921
0.19644
0.194838
0.19125
0.191616
0.191525
0.194732
0.192856
0.19108
0.191673
0.191011
0.19669
0.193632
0.189468
0.19175
0.190983
0.196327
0.194252
0.190503
0.191533
0.190339
0.190982
0.193912
0.190372
0.191373
0.19086
0.1922
0.190706
0.192864
0.19635
0.190499
0.19133
0.191165
0.192327
0.197834
0.1918
0.190795
0.191366
0.193906
0.196612
0.190432
0.189871
0.191061
0.193713
0.191812
0.190296
0.190865
0.191753
0.194318
0.1909
0.191314
0.191148
0.19704
0.22545
0.191392
0.192762
0.191366
0.198179
0.196354
0.190933
0.190611
0.190031
0.193942
0.194738
0.190821
0.190949
0.190862
0.196103
0.193305
0.189659
0.207456
0.19126
0.198056
0.194291
0.192588
0.191166
0.192697
0.191169
0.192324
0.192402
0.191361
0.192419
0.192616
0.19349
0.191449
0.193346
0.192176
0.192547
0.194037
0.19188
0.196052
0.191871
0.191837
0.194434
0.191798
0.197847
0.192617
0.192273
0.193279
0.192335
0.197879
0.191623
0.191033
0.190991
0.192878
0.197827
0.191691
0.192085
0.191054
0.194213
0.191597
0.191091
0.191722
0.191827
0.212104
0.191642
0.191946
0.192396
0.195836
0.194498
0.191584
0.191967
0.191239
0.197626
0.193885
0.190955
0.190678
0.191888
0.195865
0.193962
0.22044
0.191123
0.191752
0.197145
0.193218
0.192591
0.191643
0.192314
0.197182
0.194222
0.192285
0.191551
0.19106
0.196999
0.193077
0.191505
0.19211
0.19161
0.192267
0.19453
0.190516
0.191749
0.19252
0.192041
0.199494
0.191489
0.195907
0.192474
0.191547
0.194986
0.191312
0.197115
0.190272
0.192467
0.195462
0.191475
0.197573
0.192244
0.190681
0.194567
0.192168
0.198007
0.192684
0.190362
0.193483
0.191553
0.192146
0.19167
0.192653
0.192923
0.191575
0.19057
0.190999
0.190698
0.196991
0.193726
0.191532
0.192007
0.191888
0.196815
0.193217
0.19113
0.191541
0.191319
0.197434
0.194604
0.191462
0.192539
0.191169
0.191464
0.192708
0.19107
0.193033
0.191876
0.192241
0.194906
0.191441
0.197558
0.192224
0.191846
0.194201
0.191306
0.195995
0.191493
0.191849
0.194466
0.191501
0.197041
0.191126
0.191011
0.195095
0.192433
0.197842
0.190951
0.191131
0.19466
0.192032
0.190996
0.192356
0.191738
0.194366
0.191414
0.191466
0.191039
0.192078
0.20048
0.190516
0.19159
0.192275
0.191199
0.200177
0.192133
0.19126
0.190692
0.191828
0.198931
0.191274
0.192146
0.191965
0.190214
0.196956
0.194103
0.190861
0.191755
0.192274
0.191739
0.193815
0.190631
0.191533
0.19135
0.191201
0.194776
0.190679
0.197761
0.192123
0.191511
0.193835
0.191301
0.197155
0.190897
0.191703
0.19443
0.191368
0.197108
0.19135
0.190258
0.194377
0.192146
0.191497
0.191044
0.191771
0.193875
0.191879
0.191679
0.192076
0.191149
0.200372
0.192039
0.190786
0.191365
0.191418
0.199084
0.192368
0.191273
0.192543
0.191385
0.198685
0.191528
0.190485
0.191961
0.191642
0.198745
0.191375
0.191374
0.191258
0.192879
0.192305
0.190708
0.191038
0.19174
0.191106
0.192002
0.193397
0.192059
0.196431
0.192003
0.191241
0.193285
0.192393
0.195456
0.191406
0.191093
0.194828
0.192621
0.197034
0.192058
0.191663
0.193684
0.191627
0.19217
0.190878
0.191684
0.19357
0.191753
0.190873
0.191571
0.191248
0.198985
0.190877
0.191533
0.190823
0.191375
0.199146
0.191782
0.191315
0.191579
0.191941
0.199747
0.192019
0.191485
0.191687
0.191426
0.199633
0.191955
0.191568
0.192192
0.191805
0.194065
0.191691
0.190818
0.192059
0.191764
0.194026
0.19132
0.191577
0.197462
0.191818
0.194123
0.191998
0.191327
0.196844
0.191383
0.191877
0.194555
0.191931
0.197044
0.191922
0.192538
0.193507
0.191161
0.197392
0.191778
0.19164
0.193475
0.191232
0.192045
0.192251
0.191311
0.194317
0.192119
0.192272
0.192656
0.192039
0.199037
0.191939
0.190651
0.191142
0.191979
0.200872
0.192715
0.192589
0.190808
0.191257
0.199971
0.191941
0.192051
0.19244
0.192177
0.199872
0.191984
0.191813
0.191344
0.192269
0.200311
0.192361
0.191154
0.191672
0.19147
0.193776
0.19211
0.191853
0.192587
0.191402
0.193894
0.190716
0.191468
0.197579
0.19203
0.194856
0.19145
0.19066
0.196746
0.191718
0.195052
0.19272
0.191245
0.196469
0.190765
0.194414
0.192283
0.192293
0.197668
0.191923
0.194893
0.190843
0.19224
0.197517
0.191981
0.194488
0.191828
0.192404
0.19512
0.191524
0.190634
0.191377
0.192681
0.191899
0.191697
0.192269
0.193149
0.192362
0.190627
0.192555
0.192536
0.200338
0.19232
0.191465
0.190866
0.190927
0.200002
0.191491
0.192456
0.192601
0.192414
0.199511
0.192071
0.191051
0.192319
0.191059
0.200422
0.191819
0.191671
0.190762
0.191208
0.195294
0.19164
0.192098
0.192345
0.191815
0.193626
0.192102
0.191832
0.197266
0.19184
0.195005
0.192117
0.192116
0.197141
0.191938
0.194263
0.191331
0.191279
0.198071
0.192129
0.194312
0.191619
0.192315
0.197897
0.191969
0.194022
0.192303
0.190733
0.196603
0.191631
0.1928
0.191387
0.191735
0.192399
0.192008
0.19362
0.192826
0.191651
0.192226
0.191788
0.194573
0.19152
0.192805
0.190903
0.192177
0.1933
0.195212
0.192007
0.191871
0.192722
0.191333
0.198202
0.192505
0.192754
0.192482
0.192106
0.198958
0.192501
0.191798
0.192122
0.191396
0.196064
0.19203
0.190809
0.191444
0.192318
0.194302
0.192185
0.191515
0.191996
0.191169
0.193003
0.191286
0.191592
0.197457
0.191817
0.192663
0.192027
0.192192
0.197813
0.191865
0.193255
0.191109
0.191388
0.196786
0.191398
0.193704
0.191486
0.191315
0.196419
0.191324
0.194158
0.192329
0.191359
0.190756
0.191404
0.194482
0.191848
0.191034
0.191977
0.190939
0.192773
0.197608
0.191347
0.192242
0.192118
0.194261
0.196219
0.192087
0.191769
0.192184
0.194344
0.197378
0.190388
0.192031
0.191459
0.194338
0.19714
0.19235
0.191782
0.192504
0.191464
0.192658
0.192613
0.191309
0.191307
0.191273
0.194313
0.191865
0.191853
0.19732
0.191745
0.194426
0.191734
0.19151
0.196856
0.19179
0.192323
0.190511
0.19213
0.197357
0.191799
0.193535
0.192265
0.19121
0.197778
0.191709
0.193826
0.191797
0.190936
0.190967
0.191636
0.193915
0.192088
0.191231
0.191926
0.191436
0.193194
0.197854
0.192069
0.191191
0.191078
0.194022
0.19517
0.191691
0.191576
0.191729
0.194635
0.197016
0.191023
0.19083
0.191852
0.194545
0.191499
0.191551
0.190304
0.191062
0.194358
0.192024
0.192236
0.190925
0.197247
0.191397
0.191498
0.19185
0.191845
0.197692
0.191095
0.193743
0.191562
0.192165
0.196942
0.191328
0.194544
0.191314
0.190718
0.19703
0.191779
0.194216
0.19025
0.191433
0.192002
0.191447
0.195325
0.191523
0.191944
0.191331
0.190945
0.1939
0.196912
0.191204
0.192104
0.203496
0.195311
0.193267
0.192766
0.192278
0.195019
0.19484
0.197813
0.191988
0.191387
0.19554
0.195578
0.198129
0.19185
0.192873
0.195019
0.194871
0.196986
0.192665
0.193319
0.194908
0.19525
0.196172
0.191707
0.192345
0.192349
0.19388
0.19258
0.192404
0.190353
0.192165
0.194473
0.192301
0.192332
0.192068
0.196112
0.194955
0.19294
0.192453
0.191675
0.197262
0.194078
0.191549
0.191867
0.191931
0.196984
0.193966
0.191604
0.191482
0.192637
0.197916
0.194261
0.191789
0.192298
0.191594
0.192445
0.191031
0.193376
0.192081
0.191117
0.191329
0.191658
0.19442
0.198037
0.192207
0.191517
0.192613
0.193748
0.196548
0.191339
0.191705
0.19285
0.194582
0.196983
0.19126
0.191809
0.192688
0.194617
0.196817
0.192922
0.192542
0.192136
0.193713
0.197342
0.191896
0.191869
0.192392
0.194166
0.192586
0.191439
0.19112
0.191152
0.195176
0.192584
0.191625
0.191109
0.196877
0.195845
0.191695
0.191971
0.191297
0.195958
0.19426
0.191704
0.192925
0.192422
0.19688
0.195066
0.192824
0.192294
0.19078
0.197801
0.194037
0.191674
0.192353
0.192596
0.192482
0.19395
0.191148
0.19142
0.191984
0.192268
0.19265
0.193832
0.198904
0.19335
0.193627
0.196511
0.193545
0.198412
0.192894
0.193699
0.200954
0.193858
0.198923
0.193668
0.192896
0.200894
0.193363
0.199193
0.193979
0.192694
0.200137
0.193173
0.196762
0.19316
0.19412
0.201689
0.192074
0.198842
0.19301
0.193587
0.201213
0.193484
0.198357
0.193959
0.193841
0.200132
0.19412
0.198133
0.193485
0.193147
0.201397
0.193949
0.198432
0.193538
0.193684
0.200751
0.194037
0.199238
0.193012
0.193286
0.201612
0.193268
0.197973
0.193543
0.191993
0.201496
0.194154
0.197782
0.192824
0.193324
0.202418
0.193581
0.198287
0.193344
0.192985
0.202117
0.193413
0.198427
0.193846
0.192338
0.202311
0.194684
0.198361
0.193738
0.194322
0.201629
0.19383
0.197963
0.193167
0.194212
0.202041
0.193315
0.198223
0.19293
0.193276
0.201196
0.193786
0.19798
0.193256
0.193656
0.200749
0.19325
0.197396
0.193851
0.194733
0.201615
0.193851
0.197381
0.193315
0.194177
0.20181
0.193514
0.198281
0.19354
0.192709
0.200659
0.193185
0.19798
0.192994
0.193747
0.200981
0.19365
0.197461
0.19413
0.193514
0.202112
0.19307
0.197893
0.192956
0.194485
0.201895
0.192586
0.198183
0.193184
0.193881
0.201233
0.193386
0.198013
0.193908
0.193419
0.200669
0.194165
0.197502
0.194188
0.194209
0.201788
0.193695
0.197962
0.193955
0.193023
0.201021
0.19357
0.197593
0.193136
0.19315
0.200202
0.192846
0.198928
0.193549
0.192521
0.201212
0.193255
0.198374
0.193739
0.19302
0.201565
0.193621
0.198856
0.19274
0.194035
0.202178
0.193805
0.19756
0.193737
0.193508
0.202082
0.193231
0.198688
0.191821
0.19306
0.200229
0.194017
0.193983
0.197724
0.193059
0.200702
0.193899
0.194347
0.19829
0.194531
0.20092
0.194037
0.193269
0.197546
0.19337
0.201673
0.194471
0.193718
0.195705
0.193138
0.201606
0.192477
0.192739
0.197999
0.193488
0.201204
0.193416
0.193266
0.197818
0.191973
0.202578
0.192977
0.193385
0.198647
0.194097
0.20108
0.1937
0.193392
0.19902
0.193459
0.2027
0.193469
0.193934
0.19797
0.19245
0.200897
0.19318
0.193621
0.198847
0.194127
0.20158
0.192725
0.192611
0.198474
0.194249
0.201591
0.192756
0.19399
0.19741
0.193929
0.201285
0.193289
0.194009
0.198438
0.193615
0.201711
0.193257
0.193229
0.19852
0.192912
0.201508
0.19323
0.19367
0.199109
0.192638
0.201103
0.193256
0.193561
0.198409
0.192621
0.201352
0.193438
0.194099
0.198324
0.193333
0.200867
0.193315
0.193157
0.198314
0.192538
0.201867
0.193417
0.193168
0.198177
0.194559
0.2016
0.194106
0.193534
0.198347
0.194077
0.202108
0.193471
0.193498
0.198203
0.193132
0.201009
0.193892
0.193426
0.199072
0.193449
0.201595
0.192678
0.193323
0.198944
0.193045
0.201764
0.19319
0.193414
0.197896
0.193122
0.198785
0.19323
0.193782
0.199585
0.193098
0.200309
0.194051
0.192851
0.198606
0.193836
0.200869
0.193102
0.193227
0.198997
0.193617
0.200952
0.194202
0.19326
0.198489
0.192293
0.195629
0.194051
0.19327
0.198817
0.192441
0.195203
0.198396
0.19317
0.198951
0.193333
0.195471
0.198149
0.193707
0.198094
0.193678
0.193219
0.198344
0.193006
0.197838
0.194034
0.194288
0.198555
0.193784
0.19738
0.193837
0.193401
0.198701
0.19384
0.197126
0.193873
0.193339
0.198996
0.193741
0.19809
0.192983
0.19389
0.201124
0.19397
0.198534
0.194263
0.19388
0.201342
0.19378
0.198149
0.193949
0.194024
0.198809
0.193274
0.198677
0.193275
0.193766
0.19806
0.193259
0.199118
0.193329
0.193974
0.201508
0.193246
0.19805
0.193461
0.193615
0.202677
0.193855
0.198436
0.193706
0.193172
0.201277
0.192713
0.199021
0.193707
0.194701
0.198876
0.194639
0.198563
0.193858
0.192548
0.198572
0.194757
0.197827
0.194753
0.195553
0.1996
0.193683
0.198639
0.193554
0.197956
0.199461
0.193885
0.198219
0.192647
0.196585
0.199553
0.193614
0.198241
0.194122
0.197172
0.198917
0.194499
0.197813
0.193198
0.19671
0.199122
0.19345
0.198505
0.194092
0.197115
0.198708
0.193986
0.198198
0.193622
0.197678
0.199874
0.193453
0.198085
0.192474
0.197038
0.19926
0.194423
0.198228
0.19358
0.196476
0.198249
0.193074
0.198577
0.194299
0.197434
0.197645
0.193902
0.198355
0.193157
0.195839
0.197409
0.192549
0.198444
0.192581
0.196444
0.198154
0.193593
0.197599
0.194133
0.196847
0.198755
0.194069
0.198793
0.193564
0.194991
0.198329
0.193943
0.198631
0.193976
0.196974
0.198896
0.193694
0.198448
0.192753
0.195356
0.199443
0.194498
0.198396
0.194125
0.195696
0.198535
0.193649
0.197249
0.192845
0.195498
0.198504
0.192349
0.197132
0.193253
0.195855
0.198894
0.193138
0.197739
0.193395
0.195957
0.197229
0.192711
0.198182
0.194039
0.195859
0.198099
0.193808
0.199053
0.193832
0.196885
0.197829
0.194117
0.199256
0.194382
0.196322
0.197723
0.193228
0.197802
0.19378
0.196786
0.196334
0.194055
0.197596
0.193588
0.196026
0.198331
0.194789
0.198692
0.193612
0.19694
0.198375
0.193551
0.197786
0.194522
0.196958
0.199394
0.193843
0.196939
0.193142
0.196096
0.199143
0.193636
0.196464
0.19313
0.195234
0.199719
0.19327
0.197584
0.193757
0.196023
0.198649
0.193704
0.19823
0.193052
0.196978
0.19884
0.192966
0.198733
0.193668
0.196466
0.198501
0.192674
0.198172
0.193746
0.196194
0.197848
0.193707
0.198356
0.192987
0.19532
0.198309
0.19351
0.198838
0.194075
0.198395
0.198327
0.193232
0.197905
0.193437
0.19635
0.198414
0.193954
0.197804
0.193412
0.19688
0.198557
0.193853
0.198599
0.193329
0.196793
0.198627
0.193578
0.198295
0.192473
0.196479
0.198494
0.193299
0.197505
0.192783
0.199392
0.199156
0.193615
0.196233
0.19378
0.1977
0.199146
0.193947
0.198044
0.192937
0.196659
0.199203
0.193456
0.197233
0.193696
0.19643
0.198407
0.193025
0.198912
0.193575
0.196729
0.198196
0.193694
0.197509
0.193428
0.197272
0.197674
0.193164
0.198725
0.194129
0.197227
0.198765
0.194329
0.198462
0.193752
0.196747
0.198722
0.193286
0.198461
0.193618
0.196017
0.198736
0.194057
0.198515
0.193331
0.196312
0.199089
0.193368
0.199203
0.193099
0.19632
0.198694
0.194628
0.198734
0.192698
0.196366
0.1977
0.192584
0.198441
0.192839
0.196141
0.198308
0.193772
0.197918
0.193667
0.196136
0.198386
0.194016
0.193958
0.192119
0.196585
0.198766
0.193225
0.192545
0.19303
0.196788
0.198228
0.193978
0.193538
0.198133
0.197423
0.198498
0.193394
0.19391
0.197943
0.197777
0.198374
0.193443
0.192295
0.197474
0.196647
0.198914
0.1932
0.193262
0.198297
0.197239
0.198266
0.193669
0.193664
0.197506
0.19692
0.198107
0.19301
0.193041
0.198462
0.197612
0.19772
0.191876
0.192967
0.199024
0.196895
0.197622
0.192494
0.19302
0.198959
0.197092
0.198353
0.192829
0.194039
0.198511
0.196771
0.197412
0.19378
0.194186
0.198433
0.19688
0.197472
0.193893
0.193359
0.199081
0.19693
0.198794
0.193499
0.194185
0.198631
0.197175
0.199002
0.193509
0.193469
0.19923
0.196657
0.198478
0.1926
0.193483
0.198337
0.196574
0.198898
0.193684
0.193301
0.198701
0.197841
0.197406
0.193605
0.192851
0.197932
0.197387
0.198436
0.1937
0.194585
0.197838
0.19659
0.198314
0.19316
0.193688
0.197996
0.197544
0.19779
0.193219
0.192728
0.197487
0.196218
0.197973
0.193956
0.193116
0.197944
0.19733
0.19895
0.193577
0.193311
0.198221
0.196207
0.198243
0.19426
0.192718
0.198584
0.198925
0.198688
0.194004
0.191925
0.198815
0.197741
0.196401
0.191884
0.19169
0.223812
0.196126
0.197873
0.193764
0.193249
0.197748
0.195607
0.197241
0.192692
0.192355
0.197919
0.195796
0.197032
0.194218
0.192605
0.197107
0.197275
0.198314
0.193504
0.193448
0.198886
0.196885
0.197905
0.194461
0.193111
0.197629
0.195192
0.197755
0.193736
0.193547
0.198425
0.195396
0.198472
0.19352
0.193651
0.198117
0.196284
0.197992
0.193973
0.193262
0.198321
0.194997
0.1985
0.19393
0.193648
0.198583
0.195884
0.199059
0.193084
0.193915
0.198862
0.196829
0.196684
0.192898
0.193859
0.197764
0.19581
0.198935
0.193435
0.192947
0.197898
0.196819
0.192274
0.192367
0.192953
0.198379
0.196302
0.19332
0.19693
0.193224
0.196768
0.196918
0.193121
0.197726
0.193552
0.197937
0.197217
0.192863
0.19836
0.193983
0.197824
0.197121
0.194463
0.197775
0.192606
0.198648
0.196867
0.194087
0.19872
0.192791
0.196774
0.197063
0.193828
0.198762
0.193123
0.197981
0.196918
0.193392
0.198831
0.192151
0.198486
0.197886
0.193092
0.198671
0.192996
0.198443
0.195934
0.194223
0.198398
0.193194
0.198623
0.199252
0.193792
0.198067
0.193159
0.198295
0.1972
0.19362
0.196801
0.193405
0.198605
0.196377
0.193185
0.198907
0.193451
0.198016
0.197735
0.194258
0.199331
0.192699
0.197922
0.196802
0.19361
0.198619
0.194319
0.19852
0.196671
0.192875
0.198606
0.194083
0.198498
0.197457
0.193111
0.198159
0.19368
0.199066
0.196266
0.193419
0.198595
0.193693
0.198162
0.195908
0.19374
0.199557
0.193651
0.196586
0.194925
0.193675
0.199149
0.193867
0.197363
0.197301
0.193627
0.199021
0.19337
0.198612
0.197421
0.193542
0.198568
0.193719
0.197348
0.197481
0.194137
0.198341
0.193263
0.198145
0.196637
0.193072
0.198391
0.193918
0.19796
0.196839
0.193953
0.199425
0.194461
0.198245
0.19734
0.193104
0.198146
0.192543
0.197989
0.197331
0.193253
0.197943
0.191892
0.198527
0.196145
0.19264
0.198718
0.192721
0.197918
0.195627
0.193625
0.199195
0.193634
0.198363
0.197948
0.194092
0.197962
0.193309
0.198954
0.196706
0.193385
0.197785
0.192417
0.197887
0.197561
0.193632
0.19788
0.192429
0.193953
0.194457
0.192853
0.197677
0.193665
0.193974
0.197158
0.193184
0.197881
0.193848
0.193851
0.201761
0.192716
0.198258
0.19367
0.193085
0.201677
0.19319
0.198548
0.193683
0.193415
0.200957
0.193754
0.199003
0.191238
0.194133
0.201718
0.19173
0.197407
0.193425
0.192739
0.20235
0.192231
0.197371
0.193357
0.1933
0.202105
0.192977
0.197496
0.192356
0.193666
0.202433
0.192362
0.197953
0.193161
0.193328
0.200175
0.192972
0.197767
0.193366
0.192648
0.202421
0.193027
0.197953
0.192921
0.193435
0.201609
0.193712
0.197465
0.192975
0.193175
0.20181
0.192684
0.197105
0.193209
0.194045
0.201567
0.192163
0.197114
0.19407
0.193621
0.200826
0.193233
0.198854
0.193446
0.193273
0.201517
0.193341
0.197813
0.193741
0.193253
0.201555
0.19339
0.197911
0.193777
0.193455
0.200642
0.193702
0.198901
0.193366
0.19327
0.201743
0.19394
0.198591
0.194074
0.193183
0.201034
0.193731
0.198118
0.1931
0.192264
0.200195
0.19419
0.197838
0.193465
0.19273
0.200395
0.194593
0.198305
0.192722
0.194127
0.201502
0.193843
0.198058
0.193702
0.192703
0.200988
0.192911
0.198764
0.192791
0.193751
0.202727
0.193332
0.198714
0.192964
0.193498
0.20161
0.193832
0.193487
0.193814
0.193077
0.202
0.194044
0.198499
0.193499
0.192896
0.202387
0.192986
0.192415
0.193249
0.192765
0.201362
0.193743
0.19279
0.197905
0.19349
0.202187
0.192966
0.192694
0.197665
0.193513
0.200856
0.19387
0.191631
0.197666
0.193516
0.201632
0.193517
0.193489
0.1983
0.194529
0.201978
0.192792
0.193426
0.198761
0.193017
0.201876
0.19343
0.194236
0.197324
0.193998
0.202216
0.192782
0.192299
0.198889
0.193474
0.200633
0.192647
0.193878
0.199025
0.193251
0.201168
0.193257
0.193311
0.198556
0.193722
0.200132
0.193211
0.194145
0.197727
0.192154
0.200411
0.193006
0.193978
0.199004
0.192372
0.202225
0.193571
0.193219
0.198491
0.193606
0.198577
0.191156
0.191631
0.191779
0.19137
0.199079
0.191555
0.192402
0.192248
0.192879
0.194835
0.19257
0.191326
0.190913
0.190717
0.194364
0.191699
0.192414
0.196771
0.191644
0.194691
0.191857
0.192156
0.196233
0.191675
0.195137
0.192138
0.191883
0.196848
0.191508
0.19519
0.191841
0.192039
0.196759
0.191758
0.191065
0.192261
0.19233
0.192493
0.191735
0.19155
0.194344
0.191583
0.192099
0.191867
0.192449
0.198289
0.192098
0.191406
0.191964
0.192383
0.19961
0.191175
0.192278
0.191961
0.191502
0.198737
0.191109
0.19208
0.192767
0.191413
0.198995
0.190857
0.192396
0.191484
0.192048
0.194073
0.191776
0.191693
0.194177
0.190541
0.195486
0.191566
0.191856
0.196215
0.192302
0.194764
0.191328
0.191588
0.196432
0.192579
0.194756
0.192142
0.192477
0.196677
0.19243
0.194947
0.190967
0.19125
0.190863
0.191891
0.194304
0.191944
0.191238
0.191655
0.192301
0.19445
0.196556
0.192097
0.192313
0.191221
0.190623
0.198554
0.191353
0.192307
0.191674
0.190785
0.198204
0.191997
0.192126
0.19185
0.192291
0.198979
0.192475
0.191378
0.191437
0.191896
0.195165
0.191573
0.192287
0.192622
0.191573
0.211298
0.193506
0.190915
0.19275
0.192377
0.195031
0.191351
0.19237
0.197016
0.192345
0.194372
0.191786
0.192757
0.197164
0.191438
0.194629
0.192478
0.19237
0.196446
0.191511
0.193935
0.19099
0.192143
0.192702
0.19173
0.195562
0.191057
0.190947
0.191754
0.192537
0.192909
0.193176
0.191463
0.191651
0.191035
0.194773
0.19668
0.192381
0.192058
0.191264
0.19448
0.194798
0.191704
0.191667
0.192984
0.192266
0.197207
0.191541
0.191982
0.192174
0.191785
0.194211
0.192243
0.192536
0.192394
0.190803
0.194426
0.192118
0.191629
0.19663
0.192247
0.193925
0.192374
0.192138
0.195353
0.191477
0.194176
0.19143
0.191511
0.197225
0.192313
0.193707
0.191819
0.192026
0.197193
0.191853
0.194748
0.191946
0.191929
0.192647
0.191604
0.194909
0.192097
0.192426
0.193024
0.192518
0.195312
0.195824
0.19152
0.192051
0.192247
0.193765
0.195569
0.192212
0.192347
0.191843
0.195143
0.195794
0.192073
0.191448
0.19206
0.193974
0.195707
0.191579
0.192289
0.191927
0.193022
0.196022
0.190784
0.191668
0.191858
0.194129
0.19251
0.190892
0.190866
0.193106
0.191418
0.193722
0.191681
0.191879
0.195891
0.191101
0.194535
0.191502
0.192256
0.195491
0.191733
0.194015
0.192568
0.192201
0.196442
0.191754
0.193097
0.191191
0.19114
0.196552
0.191793
0.193804
0.191303
0.1917
0.191679
0.192332
0.194143
0.191586
0.191467
0.191353
0.191935
0.194658
0.196274
0.191483
0.191021
0.191789
0.194679
0.196535
0.192679
0.192279
0.19156
0.194361
0.196712
0.192223
0.191563
0.191446
0.195671
0.195807
0.191823
0.191298
0.191796
0.194302
0.196883
0.192045
0.192317
0.191064
0.1943
0.191428
0.192025
0.192502
0.191663
0.194332
0.191609
0.190969
0.191408
0.195159
0.196169
0.191429
0.191864
0.191674
0.197316
0.193834
0.192234
0.191803
0.192295
0.19593
0.194701
0.191701
0.192422
0.192143
0.196661
0.19072
0.193367
0.192343
0.192393
0.191607
0.192334
0.193257
0.191734
0.191379
0.192797
0.19256
0.194487
0.191871
0.191193
0.192051
0.192473
0.194631
0.195859
0.190677
0.191725
0.19167
0.194805
0.19588
0.191733
0.191725
0.192684
0.193897
0.196504
0.191354
0.191976
0.192146
0.194507
0.197347
0.192476
0.191891
0.191718
0.19439
0.192107
0.192631
0.192244
0.192013
0.193975
0.191553
0.191819
0.192387
0.197033
0.195351
0.191652
0.1916
0.191953
0.196944
0.194686
0.191968
0.192113
0.190922
0.197014
0.19309
0.192144
0.191937
0.191429
0.195198
0.194903
0.192443
0.192436
0.19149
0.195708
0.194834
0.192638
0.191611
0.191866
0.192336
0.194456
0.192103
0.191551
0.191928
0.192309
0.192341
0.194094
0.197094
0.19126
0.191946
0.191753
0.194237
0.196493
0.191359
0.192816
0.192124
0.192648
0.197127
0.191343
0.191978
0.191595
0.193715
0.197236
0.191026
0.191855
0.191483
0.194603
0.192885
0.192681
0.191923
0.191409
0.194417
0.19188
0.191951
0.190411
0.191674
0.19439
0.19184
0.192091
0.191885
0.19593
0.193756
0.191084
0.191079
0.191677
0.197012
0.194502
0.191737
0.192123
0.190489
0.195926
0.19356
0.192052
0.191523
0.191399
0.192036
0.193749
0.192667
0.192102
0.19165
0.192064
0.194091
0.191514
0.194825
0.191689
0.192748
0.195616
0.191212
0.195723
0.191515
0.191809
0.193815
0.191485
0.196732
0.191087
0.191284
0.192136
0.194013
0.197001
0.190565
0.192184
0.191419
0.19427
0.191664
0.191929
0.191574
0.191115
0.193457
0.192079
0.192414
0.191914
0.196825
0.19441
0.19107
0.190971
0.191757
0.207883
0.194591
0.191225
0.19151
0.191724
0.196799
0.194051
0.191516
0.190334
0.191676
0.196623
0.193449
0.192431
0.191553
0.191487
0.193511
0.193765
0.190818
0.191875
0.1922
0.191854
0.195085
0.191975
0.195367
0.191726
0.191447
0.1943
0.191582
0.195765
0.191499
0.192214
0.194783
0.191516
0.195497
0.191849
0.191776
0.194648
0.191341
0.196094
0.191694
0.192283
0.194103
0.192147
0.192048
0.191939
0.191837
0.191064
0.193753
0.192256
0.191932
0.190984
0.19699
0.193033
0.191881
0.191516
0.192485
0.196818
0.192979
0.191699
0.192396
0.191557
0.196113
0.193902
0.192197
0.191857
0.192674
0.197075
0.194971
0.192696
0.191186
0.19238
0.191259
0.194363
0.191749
0.191851
0.191714
0.191773
0.194076
0.191645
0.196418
0.192056
0.191597
0.193891
0.190525
0.196143
0.191996
0.191525
0.194708
0.191934
0.19522
0.191707
0.191596
0.19525
0.192636
0.195418
0.191903
0.192437
0.193739
0.191924
0.191764
0.191253
0.19121
0.194464
0.191246
0.191823
0.19208
0.19117
0.199411
0.191097
0.19124
0.192466
0.192061
0.195806
0.193438
0.192159
0.190903
0.191259
0.196885
0.194765
0.192288
0.191176
0.191719
0.196884
0.194265
0.191596
0.192621
0.192443
0.19124
0.193564
0.193131
0.191726
0.191458
0.191688
0.194921
0.192382
0.196458
0.191952
0.192151
0.194603
0.191619
0.196125
0.192015
0.191524
0.19423
0.192344
0.196112
0.192256
0.192274
0.193395
0.191549
0.196248
0.19071
0.19143
0.1948
0.192676
0.191729
0.191833
0.191658
0.193941
0.191684
0.191743
0.192512
0.19129
0.198417
0.19179
0.191924
0.19199
0.191123
0.199182
0.192073
0.192031
0.191153
0.192369
0.199611
0.191542
0.191792
0.191772
0.190885
0.191585
0.193665
0.191947
0.191069
0.191686
0.192611
0.194913
0.192347
0.196824
0.191534
0.191195
0.194297
0.191163
0.196616
0.192207
0.191844
0.19448
0.191012
0.19656
0.191959
0.1919
0.194166
0.191934
0.195862
0.191566
0.192594
0.195079
0.191616
0.190803
0.191001
0.191533
0.194109
0.190746
0.191555
0.191258
0.191915
0.198317
0.191874
0.191295
0.192689
0.191681
0.198308
0.191907
0.191564
0.191949
0.19118
0.197859
0.190953
0.191239
0.191748
0.192175
0.197044
0.191418
0.192071
0.191908
0.192179
0.195474
0.190051
0.191537
0.19255
0.191743
0.193801
0.191959
0.191764
0.196942
0.191305
0.192587
0.193711
0.191131
0.197112
0.19122
0.191726
0.194321
0.191983
0.195286
0.191696
0.191443
0.193727
0.1926
0.196407
0.191221
0.191093
0.19479
0.191915
0.192523
0.191642
0.191312
0.193813
0.192142
0.192259
0.191775
0.191697
0.198041
0.190876
0.19179
0.191583
0.192216
0.197722
0.191766
0.190599
0.191123
0.191249
0.19792
0.191167
0.191591
0.191028
0.191655
0.194607
0.192037
0.192083
0.192032
0.192233
0.194526
0.19276
0.191506
0.196428
0.191839
0.194473
0.191076
0.190634
0.19546
0.192103
0.194565
0.192141
0.191542
0.194978
0.192611
0.191709
0.193271
0.191449
0.19551
0.191441
0.191977
0.194466
0.193021
0.19236
0.191349
0.192362
0.194416
0.192217
0.192357
0.19121
0.191793
0.199346
0.192649
0.191797
0.191963
0.192169
0.19896
0.191168
0.192048
0.192123
0.191374
0.199622
0.191091
0.191938
0.191224
0.191238
0.198418
0.191576
0.191686
0.1925
0.191014
0.195199
0.191856
0.191826
0.192287
0.191825
0.19386
0.192147
0.191294
0.196998
0.19158
0.193943
0.191278
0.190804
0.195486
0.19191
0.19496
0.191689
0.19093
0.195784
0.191134
