0.173459
0.191694
0.185944
0.189494
0.186128
0.187769
0.191083
0.186786
0.18824
0.186132
0.18616
0.187678
0.187463
0.186142
0.187943
0.18686
0.187585
0.186641
0.186081
0.195154
0.186254
0.18811
0.186047
0.185494
0.190482
0.18855
0.188444
0.193126
0.186335
0.18859
0.187663
0.18838
0.192999
0.187397
0.188928
0.18645
0.186223
0.189213
0.184889
0.187651
0.189089
0.186385
0.186988
0.188097
0.186734
0.194356
0.188092
0.187294
0.186044
0.187518
0.190125
0.186194
0.18804
0.191158
0.187867
0.189576
0.187469
0.186899
0.191365
0.186526
0.188911
0.186211
0.188373
0.187185
0.186263
0.189398
0.188314
0.188282
0.186486
0.185927
0.185146
0.194043
0.185917
0.18826
0.186094
0.187427
0.190076
0.186805
0.187033
0.189862
0.186494
0.188975
0.186715
0.186168
0.193018
0.187193
0.189654
0.187579
0.187631
0.193091
0.189092
0.189661
0.188161
0.187077
0.187264
0.187667
0.189713
0.193664
0.187126
0.186323
0.188196
0.188041
0.19354
0.186778
0.186392
0.186212
0.189001
0.188474
0.187004
0.18667
0.192181
0.187124
0.189845
0.186525
0.187531
0.192786
0.18859
0.191524
0.186273
0.187562
0.186849
0.186767
0.18883
0.188279
0.186011
0.186304
0.188614
0.191703
0.192568
0.187366
0.186274
0.186812
0.187054
0.189208
0.186329
0.186061
0.189353
0.185336
0.190464
0.186809
0.187518
0.191391
0.187866
0.188803
0.188013
0.186847
0.191382
0.186293
0.188165
0.187187
0.186371
0.185832
0.186442
0.190877
0.188883
0.185417
0.185897
0.188137
0.190283
0.194003
0.188415
0.18672
0.186962
0.190346
0.192176
0.187362
0.186757
0.185434
0.187968
0.185574
0.186414
0.18573
0.191901
0.188813
0.190148
0.18597
0.186187
0.190906
0.185957
0.18929
0.187582
0.187557
0.186621
0.185369
0.188717
0.192809
0.185902
0.186705
0.186795
0.188469
0.191899
0.188457
0.189146
0.188077
0.18816
0.191721
0.187594
0.190465
0.187198
0.190556
0.187565
0.185319
0.193763
0.187567
0.182041
0.185888
0.188201
0.188743
0.189568
0.187497
0.187265
0.187782
0.192589
0.187964
0.190633
0.187278
0.188199
0.194371
0.188599
0.188674
0.187053
0.186003
0.187254
0.188697
0.18864
0.185734
0.188357
0.192489
0.18851
0.189716
0.186396
0.188392
0.186704
0.187268
0.188788
0.189261
0.187694
0.187757
0.18684
0.188064
0.192937
0.188578
0.187338
0.18605
0.187155
0.185999
0.188289
0.187145
0.187991
0.190677
0.18802
0.18892
0.188318
0.192704
0.189356
0.18777
0.188484
0.186658
0.192879
0.186909
0.189601
0.188182
0.186977
0.187498
0.18769
0.190135
0.187928
0.187519
0.187585
0.186963
0.189645
0.19481
0.188106
0.187165
0.188617
0.189621
0.192718
0.187011
0.187638
0.186954
0.190475
0.188195
0.187528
0.18737
0.190721
0.190898
0.188266
0.188606
0.188888
0.193133
0.190031
0.186339
0.18797
0.186264
0.190557
0.186963
0.188351
0.188289
0.187668
0.189981
0.187704
0.189759
0.192428
0.188148
0.186602
0.187724
0.187917
0.194658
0.187423
0.187314
0.187415
0.190633
0.192329
0.187926
0.187612
0.189114
0.188419
0.190889
0.188325
0.188358
0.187957
0.187064
0.185866
0.187237
0.193912
0.187213
0.18844
0.188766
0.188858
0.187904
0.188434
0.191084
0.192182
0.186569
0.188497
0.187293
0.188293
0.195154
0.188823
0.187909
0.189662
0.188665
0.194817
0.188538
0.187456
0.18737
0.191054
0.187886
0.188329
0.188616
0.193525
0.189275
0.186625
0.187266
0.188775
0.19388
0.189986
0.186591
0.187053
0.189421
0.187828
0.189396
0.187136
0.185876
0.187222
0.187614
0.191438
0.189522
0.187553
0.185333
0.187538
0.187182
0.191256
0.194407
0.187546
0.187303
0.188959
0.188752
0.193505
0.187425
0.188782
0.186965
0.190269
0.189137
0.1876
0.18856
0.188406
0.19215
0.188179
0.18896
0.188251
0.194166
0.192174
0.188454
0.187892
0.189125
0.194875
0.192645
0.18821
0.184679
0.186814
0.186908
0.189249
0.185954
0.185617
0.186267
0.186952
0.189195
0.188158
0.192607
0.18721
0.188178
0.18504
0.188235
0.186561
0.186987
0.187522
0.188697
0.189553
0.187217
0.186143
0.187914
0.191957
0.189949
0.190257
0.193635
0.189113
0.196375
0.193068
0.189762
0.196482
0.191715
0.194859
0.193726
0.190373
0.195893
0.190047
0.198194
0.19453
0.190315
0.196395
0.188944
0.198626
0.195341
0.191317
0.198947
0.191955
0.189526
0.18903
0.190667
0.19758
0.190756
0.191756
0.197379
0.191911
0.195568
0.19027
0.191287
0.199476
0.190579
0.194834
0.18939
0.191427
0.200263
0.192374
0.195933
0.1901
0.190582
0.199929
0.189711
0.192569
0.18577
0.195807
0.19358
0.1921
0.197603
0.191339
0.197285
0.193851
0.191977
0.197582
0.190986
0.197075
0.193751
0.190143
0.196592
0.190922
0.197428
0.195049
0.190389
0.198224
0.191034
0.197687
0.193613
0.191327
0.196839
0.192094
0.191051
0.192609
0.191112
0.194399
0.189131
0.191055
0.197368
0.188767
0.195724
0.190748
0.189686
0.199713
0.191278
0.197279
0.191088
0.190048
0.198973
0.190413
0.195117
0.189749
0.191228
0.199096
0.189456
0.195142
0.191708
0.190783
0.20056
0.189282
0.195943
0.191291
0.19166
0.199766
0.190734
0.195496
0.190225
0.189098
0.199605
0.190718
0.197112
0.190968
0.191295
0.199137
0.190317
0.197158
0.189613
0.19152
0.198966
0.19041
0.1902
0.194228
0.190115
0.199473
0.191308
0.190224
0.195291
0.188824
0.197759
0.190586
0.191612
0.193985
0.189518
0.195812
0.188326
0.191219
0.19708
0.192599
0.196984
0.192457
0.189636
0.195983
0.190728
0.196828
0.192948
0.19046
0.196808
0.190235
0.197065
0.193348
0.19099
0.195115
0.191521
0.194694
0.191662
0.190029
0.196663
0.191274
0.198336
0.192733
0.190864
0.193668
0.19102
0.196426
0.193473
0.190336
0.196678
0.191395
0.190465
0.191484
0.190591
0.197182
0.189874
0.189982
0.198678
0.190542
0.198272
0.190158
0.190321
0.20036
0.191713
0.197584
0.189266
0.189583
0.199964
0.190851
0.196666
0.190531
0.190088
0.197789
0.190256
0.197447
0.190298
0.19067
0.198452
0.191948
0.197245
0.189752
0.1913
0.2004
0.188874
0.196286
0.191284
0.191042
0.199462
0.191292
0.195506
0.190776
0.191194
0.20036
0.191563
0.196516
0.191359
0.191581
0.19846
0.19058
0.195505
0.189936
0.189915
0.200545
0.18952
0.194866
0.189401
0.191451
0.197088
0.190557
0.191212
0.19555
0.190477
0.198028
0.191068
0.191165
0.196345
0.191426
0.199138
0.190418
0.190905
0.196031
0.191031
0.19701
0.1898
0.19041
0.196283
0.191226
0.19842
0.188716
0.188959
0.194835
0.190605
0.199494
0.191383
0.191982
0.1958
0.191468
0.197658
0.188939
0.188026
0.195408
0.190035
0.192785
0.187496
0.19208
0.196331
0.190065
0.192135
0.198049
0.18963
0.195375
0.191571
0.190016
0.198521
0.189978
0.194191
0.189599
0.191564
0.19832
0.190885
0.19646
0.191674
0.190588
0.198835
0.191568
0.195897
0.190566
0.190937
0.200602
0.190771
0.195105
0.191495
0.192554
0.199418
0.190804
0.196856
0.191158
0.190483
0.200809
0.190341
0.197329
0.189476
0.190206
0.199375
0.191298
0.189646
0.188199
0.191126
0.198127
0.190709
0.191184
0.1937
0.19015
0.199768
0.188899
0.19001
0.195308
0.19135
0.199376
0.18873
0.189548
0.195608
0.191836
0.198926
0.190507
0.191579
0.195211
0.191168
0.198643
0.190574
0.191115
0.196756
0.189474
0.198527
0.189465
0.191351
0.19633
0.189001
0.19632
0.188416
0.191859
0.196489
0.19171
0.199438
0.190015
0.190199
0.196497
0.190782
0.202254
0.189373
0.1909
0.196728
0.189013
0.199449
0.189564
0.190931
0.196765
0.189983
0.198645
0.189524
0.190284
0.197696
0.19109
0.198759
0.191095
0.189894
0.195903
0.189307
0.192409
0.194652
0.190803
0.195045
0.190255
0.19229
0.194295
0.190303
0.194386
0.19028
0.190923
0.197502
0.190294
0.196016
0.189967
0.193539
0.195808
0.191012
0.196644
0.189776
0.192466
0.196653
0.189709
0.197298
0.189729
0.193268
0.195573
0.190554
0.195965
0.190629
0.192554
0.196533
0.190941
0.194859
0.189845
0.193051
0.196049
0.190753
0.190954
0.194206
0.191225
0.197932
0.189132
0.190364
0.193766
0.191756
0.198326
0.190417
0.189874
0.195282
0.189498
0.197636
0.191096
0.190964
0.1953
0.190927
0.199328
0.190274
0.190768
0.197501
0.19021
0.198717
0.190468
0.191425
0.19631
0.190732
0.199736
0.189192
0.190419
0.196391
0.190173
0.200461
0.191589
0.190407
0.197294
0.190539
0.199682
0.190728
0.19049
0.197845
0.190592
0.194046
0.197124
0.190569
0.196161
0.192012
0.19485
0.196499
0.189162
0.197722
0.190931
0.193702
0.19547
0.191502
0.196095
0.190896
0.194485
0.197519
0.189961
0.195667
0.190567
0.192974
0.196096
0.189
0.195445
0.190698
0.193139
0.196568
0.191132
0.195954
0.191043
0.193008
0.196845
0.190365
0.195266
0.191348
0.192527
0.197057
0.1902
0.196015
0.190845
0.193035
0.195882
0.190886
0.190508
0.19528
0.192265
0.195308
0.191937
0.190085
0.196291
0.191719
0.196026
0.192076
0.191171
0.195545
0.192483
0.194697
0.19037
0.188915
0.197328
0.193122
0.195692
0.190161
0.191329
0.195774
0.193767
0.19599
0.190549
0.189117
0.197376
0.193104
0.19737
0.188449
0.190881
0.196996
0.19371
0.194553
0.191166
0.190691
0.195567
0.194732
0.195525
0.18859
0.190134
0.19653
0.190271
0.198077
0.190729
0.189273
0.196383
0.190085
0.19129
0.187738
0.189767
0.196129
0.189326
0.1925
0.195685
0.189759
0.197317
0.188933
0.192953
0.193188
0.190762
0.195444
0.191386
0.193964
0.196164
0.190159
0.196146
0.19199
0.193832
0.196859
0.19109
0.196587
0.191248
0.194561
0.196273
0.190033
0.196875
0.190462
0.194384
0.19728
0.189471
0.195356
0.190828
0.19559
0.197236
0.190218
0.196351
0.189223
0.192294
0.196441
0.189463
0.196283
0.190328
0.19223
0.197224
0.189053
0.189696
0.193742
0.192734
0.195884
0.191414
0.188931
0.197073
0.19313
0.195416
0.191214
0.191477
0.195516
0.192497
0.195143
0.191313
0.190518
0.196164
0.192775
0.195904
0.190037
0.190335
0.197061
0.19322
0.196679
0.192338
0.190013
0.197368
0.194026
0.197488
0.18965
0.190654
0.196777
0.193844
0.196586
0.190611
0.191524
0.196699
0.193763
0.189436
0.188423
0.188681
0.19655
0.19215
0.191527
0.194705
0.190748
0.196445
0.194003
0.190718
0.195236
0.190337
0.196007
0.194546
0.190477
0.196618
0.190992
0.19714
0.194523
0.190225
0.195108
0.191237
0.197322
0.193605
0.191229
0.197243
0.18869
0.195969
0.193456
0.1891
0.197052
0.190269
0.196409
0.191422
0.190546
0.195281
0.190832
0.19773
0.191019
0.190092
0.196836
0.190784
0.197283
0.19173
0.193573
0.19769
0.190335
0.191271
0.189876
0.193106
0.197247
0.191469
0.190525
0.194894
0.19276
0.195382
0.190459
0.19156
0.194254
0.193532
0.195829
0.190227
0.189103
0.196514
0.192439
0.195969
0.190279
0.189292
0.195462
0.194375
0.19563
0.189528
0.190858
0.195584
0.194049
0.196501
0.191305
0.191567
0.193801
0.194809
0.195427
0.188418
0.190854
0.196198
0.194149
0.197372
0.190566
0.190757
0.196606
0.193405
0.196746
0.188372
0.188159
0.196584
0.194906
0.196962
0.190334
0.190196
0.194504
0.195159
0.194067
0.188062
0.189259
0.197044
0.193675
0.197003
0.186977
0.191425
0.195732
0.193466
0.194158
0.191574
0.188809
0.196932
0.193497
0.195885
0.191537
0.190672
0.196227
0.192641
0.195999
0.189386
0.190301
0.197406
0.195225
0.196461
0.190883
0.189804
0.197993
0.194572
0.189458
0.190153
0.189352
0.196607
0.192794
0.196033
0.19155
0.188265
0.195705
0.191477
0.19482
0.189693
0.19076
0.197136
0.192895
0.19678
0.190109
0.188868
0.197517
0.192065
0.196001
0.190707
0.190824
0.195296
0.193428
0.190607
0.188108
0.189524
0.197295
0.193947
0.190155
0.196238
0.191022
0.195567
0.194712
0.188983
0.194601
0.190489
0.196724
0.192901
0.191106
0.195834
0.19022
0.195328
0.192934
0.191365
0.196042
0.18708
0.195846
0.194942
0.190541
0.197243
0.190704
0.195735
0.194436
0.191955
0.197992
0.190771
0.197038
0.192293
0.189901
0.197668
0.190403
0.195446
0.192512
0.189209
0.195167
0.189396
0.197009
0.191658
0.189514
0.196132
0.188994
0.189542
0.199124
0.190302
0.19502
0.190459
0.189912
0.198458
0.191326
0.196134
0.189768
0.190316
0.198528
0.190446
0.195966
0.190076
0.190513
0.200124
0.190132
0.195044
0.189126
0.189508
0.199191
0.191242
0.195808
0.190201
0.190264
0.198269
0.18998
0.195342
0.190065
0.190963
0.198942
0.18765
0.195723
0.190974
0.187179
0.19979
0.189677
0.197638
0.18983
0.190997
0.198761
0.190554
0.197943
0.192054
0.189622
0.197601
0.188498
0.196589
0.189664
0.190727
0.201067
0.189671
0.194384
0.189716
0.188096
0.199404
0.190107
0.196771
0.191033
0.190547
0.199437
0.191467
0.195823
0.190383
0.189967
0.199794
0.191377
0.196094
0.190565
0.18994
0.20016
0.190869
0.197387
0.190228
0.188845
0.197051
0.189713
0.195703
0.191403
0.190042
0.199194
0.188991
0.190411
0.19424
0.192088
0.200218
0.190263
0.191809
0.196069
0.189991
0.199616
0.190865
0.190964
0.197188
0.190837
0.199305
0.191635
0.190704
0.196598
0.190758
0.197633
0.189673
0.191228
0.19577
0.189133
0.198671
0.1916
0.189549
0.195234
0.189697
0.196166
0.193776
0.190042
0.195961
0.190255
0.196852
0.192757
0.190155
0.197298
0.191431
0.196816
0.192799
0.190113
0.19518
0.190505
0.198028
0.194908
0.189767
0.197883
0.190844
0.198409
0.194714
0.191611
0.197808
0.19102
0.190676
0.197906
0.191218
0.196564
0.191564
0.189649
0.189848
0.190749
0.195692
0.191364
0.190192
0.198633
0.191093
0.196376
0.191321
0.19184
0.198787
0.19
0.195358
0.18878
0.190684
0.199994
0.188142
0.195652
0.189535
0.191983
0.200243
0.191246
0.19565
0.190541
0.189974
0.200645
0.191728
0.194733
0.189631
0.190019
0.200942
0.189765
0.195564
0.191614
0.191568
0.199641
0.190662
0.196161
0.190503
0.190744
0.197357
0.189546
0.197413
0.191467
0.189438
0.1983
0.189509
0.189239
0.188417
0.19183
0.198318
0.189823
0.19085
0.194463
0.191416
0.197748
0.189821
0.189625
0.196146
0.18972
0.198837
0.19157
0.191388
0.196808
0.190658
0.198371
0.191366
0.189229
0.196177
0.191422
0.19845
0.192484
0.190366
0.196047
0.191139
0.198104
0.191004
0.190889
0.196226
0.192097
0.198868
0.189874
0.190601
0.196439
0.189875
0.198929
0.191047
0.190758
0.196179
0.189138
0.19798
0.190886
0.190842
0.19815
0.190048
0.198595
0.190125
0.190873
0.196929
0.190196
0.200351
0.190548
0.190627
0.196473
0.19113
0.193178
0.192826
0.191186
0.195903
0.191757
0.193909
0.19584
0.190034
0.196359
0.188531
0.190825
0.196575
0.19097
0.196006
0.192453
0.191751
0.197292
0.18935
0.197641
0.191409
0.193489
0.197125
0.191207
0.197341
0.19118
0.193194
0.196652
0.190441
0.195323
0.19005
0.190577
0.199582
0.191168
0.196921
0.191207
0.190013
0.200136
0.188585
0.196887
0.190228
0.19076
0.199354
0.191055
0.195556
0.191075
0.190123
0.199736
0.190309
0.19773
0.190689
0.190155
0.201098
0.191392
0.196501
0.187701
0.188134
0.199834
0.191103
0.197038
0.190336
0.189438
0.199868
0.191707
0.197155
0.1905
0.190822
0.199269
0.191163
0.197454
0.190544
0.189854
0.19781
0.191173
0.191756
0.194545
0.19042
0.199234
0.18836
0.190804
0.195932
0.190599
0.200297
0.190421
0.191223
0.198015
0.191863
0.199903
0.190328
0.191066
0.19584
0.189429
0.199415
0.19053
0.190582
0.197224
0.19095
0.199041
0.190616
0.191242
0.195613
0.190909
0.201179
0.191019
0.190683
0.196423
0.190002
0.198527
0.190289
0.192047
0.196739
0.189357
0.199557
0.191094
0.191399
0.197849
0.186793
0.198552
0.191391
0.189418
0.195861
0.190202
0.193182
0.188737
0.190601
0.19734
0.191293
0.194317
0.195229
0.189908
0.196176
0.191568
0.194365
0.197045
0.192257
0.195328
0.191
0.194982
0.196436
0.189827
0.194813
0.190826
0.191198
0.195941
0.191668
0.195991
0.187552
0.192522
0.195052
0.191511
0.196574
0.189014
0.192526
0.195948
0.190562
0.196391
0.191693
0.194511
0.196105
0.191373
0.196286
0.19111
0.191804
0.196623
0.190806
0.19562
0.19001
0.194774
0.196273
0.191066
0.196027
0.191211
0.192826
0.195099
0.190908
0.196157
0.190075
0.19229
0.196917
0.191934
0.196079
0.191354
0.193633
0.196583
0.191329
0.195287
0.18909
0.192948
0.199144
0.191316
0.194958
0.190527
0.192048
0.195427
0.190097
0.195845
0.189926
0.192284
0.197308
0.190286
0.196605
0.190782
0.192765
0.196612
0.18918
0.19532
0.189942
0.195291
0.197979
0.190544
0.190802
0.190941
0.194897
0.192522
0.191822
0.196138
0.189693
0.193405
0.196953
0.187385
0.196625
0.189898
0.194368
0.197114
0.191065
0.196549
0.189664
0.192118
0.198616
0.19061
0.197003
0.191593
0.194581
0.196657
0.190273
0.196489
0.190198
0.192567
0.197669
0.191448
0.198051
0.191209
0.194952
0.196683
0.190701
0.189825
0.187071
0.19313
0.196126
0.191344
0.190983
0.195671
0.191824
0.195473
0.190714
0.189029
0.195793
0.192923
0.195612
0.191129
0.189929
0.196802
0.191394
0.195596
0.189176
0.189125
0.197981
0.190284
0.19455
0.190587
0.192009
0.195298
0.18891
0.197169
0.190701
0.187777
0.196121
0.193378
0.196179
0.19171
0.189486
0.196183
0.192262
0.195545
0.190288
0.19228
0.197739
0.19383
0.197782
0.190439
0.190766
0.197182
0.192843
0.195954
0.190716
0.190862
0.194292
0.192273
0.194486
0.188579
0.186925
0.193174
0.191994
0.186677
0.193883
0.190756
0.195564
0.189694
0.193318
0.194406
0.191695
0.197085
0.189373
0.193707
0.197896
0.189361
0.196368
0.19156
0.193127
0.196264
0.191134
0.194366
0.190806
0.194373
0.198016
0.191274
0.195965
0.191516
0.193673
0.197749
0.190474
0.197765
0.190092
0.194149
0.196039
0.192038
0.198014
0.1902
0.192984
0.196066
0.191366
0.191117
0.187224
0.193076
0.19677
0.192173
0.190763
0.196062
0.192964
0.195687
0.191078
0.191022
0.195793
0.194275
0.195219
0.189419
0.190024
0.196826
0.194751
0.196534
0.188914
0.189874
0.19622
0.193062
0.19537
0.18985
0.189598
0.194997
0.192799
0.197056
0.191182
0.190715
0.196521
0.195194
0.196521
0.190716
0.190359
0.19492
0.193332
0.196743
0.189952
0.189587
0.197338
0.191685
0.195709
0.189345
0.190558
0.195816
0.192391
0.189335
0.194852
0.190001
0.196185
0.193466
0.191133
0.195017
0.191203
0.196781
0.193256
0.186464
0.196022
0.188791
0.195852
0.192056
0.190447
0.198049
0.190594
0.195299
0.193358
0.188652
0.197705
0.190746
0.196286
0.193642
0.190507
0.197589
0.189306
0.195061
0.193456
0.190635
0.198692
0.191263
0.196355
0.194
0.190864
0.196176
0.190499
0.196252
0.193925
0.190759
0.196645
0.192052
0.196356
0.194886
0.189892
0.194867
0.189654
0.189994
0.197305
0.18969
0.195425
0.188669
0.189657
0.194444
0.191953
0.196135
0.18826
0.190337
0.194196
0.19225
0.195679
0.189508
0.190196
0.193262
0.191217
0.195489
0.19054
0.189093
0.195211
0.192814
0.195787
0.19051
0.189299
0.195652
0.193679
0.197721
0.190581
0.190122
0.198481
0.193655
0.191298
0.185856
0.19019
0.196084
0.19362
0.190087
0.196287
0.190803
0.196839
0.193748
0.191223
0.195552
0.191456
0.19462
0.193899
0.190444
0.195672
0.191135
0.196709
