0.000100329
0.000609447
1.68208e-05
0.000578364
0.000139218
0.000289845
5.32933e-05
0.000450529
0.000592126
0.000364457
0.000551478
0.00032347
0.000238696
0.00029898
0.00171901
0.000267201
0.000398486
0.0011875
0.00026661
0.00121696
0.000732774
0.000225929
0.000949803
0.0006931
0.000467003
0.00200965
0.000918188
0.000477108
0.000413829
5.56526e-05
0.000132369
0.000483137
0.000760403
0.000432527
0.00120347
0.000238309
0.00104822
0.000391328
0.000958224
0.000108362
0.000368962
4.20667e-05
0.00193713
0.00124244
0.00100266
0.00185226
0.000712824
0.00120499
0.000300664
1.12927e-05
0.000628164
0.00193977
0.000511234
0.00132524
0.00167342
0.000875328
0.000621598
0.000223592
0.00038388
0.00104195
0.00113376
0.00176752
0.000967057
0.00274781
0.000275719
0.000317477
0.000857529
0.000265451
2.89248e-06
4.94158e-06
0.000973873
0.000784069
0.00124525
0.00167809
0.000845701
0.000261203
1.09429e-06
0.00181218
0.000927402
0.000375828
0.00161363
0.000374594
0.000559715
6.03436e-05
0.000848287
0.0026741
0.000124046
0.000739263
0.00210173
0.000479307
0.000799274
0.00151197
0.00433951
0.000288462
0.000568263
0.00186201
0.00151433
0.000934946
0.00186442
0.000127817
0.00424984
0.00128075
0.0012902
0.000803843
0.000983869
6.33087e-05
0.00140508
0.00183257
0.00093552
2.42368e-05
0.00140255
0.000421395
0.000574521
0.000829557
0.000478391
0.000244884
0.000656199
0.00166434
0.00126941
0.00165629
0.000474139
0.000801091
0.000310546
0.00190667
0.000706606
0.000741386
0.000211764
0.000301755
0.000455427
0.00115317
0.00026733
0.000309988
0.000723964
0.00111671
0.00013493
1.19733e-05
0.000652185
0.000173324
0.000379436
0.00117789
0.000399126
0.00125991
0.000528618
0.00106021
0.00130878
0.000305983
0.000191799
0.00029505
0.000629279
0.000762415
0.000166604
0.00184833
0.000586042
0.0010965
0.000140417
0.00170021
0.00212728
0.000524984
0.000836697
0.00131259
0.00201148
0.000844197
0.000886543
0.000108173
0.000583526
0.00102903
0.000969415
0.000306758
0.00141332
0.000544874
0.00200267
0.00103091
0.000840035
0.000974996
0.000153187
0.00134681
0.000165426
9.00343e-05
0.000429766
0.000662732
0.000355674
0.00305837
0.000306928
6.41486e-05
0.00178841
0.000561236
0.00125268
0.000146141
0.000520205
0.000218529
0.000659558
0.0031338
0.000572794
0.0014639
0.000580961
0.000731285
0.000112267
0.000290088
0.000405011
0.000269735
0.000373395
0.000994304
0.000302114
0.00106086
8.2627e-05
0.000190985
0.00159079
0.00130957
0.00028994
7.19737e-05
0.000198867
2.34162e-05
0.000331767
2.78951e-05
0.00139941
0.000210704
0.000854122
0.000176086
0.0014173
1.99605e-05
0.00105417
0.00026061
0.000429513
0.000747989
0.000310008
0.000317273
0.00121206
0.000227449
0.000768481
0.000130614
0.0011953
0.000213765
0.000182951
8.62882e-05
0.00024629
0.00132706
0.00116782
0.000239996
0.000105456
0.0033334
0.00155699
2.59653e-06
0.00105412
0.000208616
0.000900833
0.0010255
0.000152445
0.000704424
0.000452786
0.000283299
0.000201858
0.00115526
0.000733226
0.000483988
0.000278367
0.000531932
0.000698584
0.000162765
0.000185019
0.000431306
0.000740679
0.000266154
0.000878114
0.000343478
0.00104098
0.00166869
0.0011114
0.000278235
0.000555796
0.00168285
1.25153e-05
0.000231166
0.000890967
0.000781725
0.000206808
0.000117698
6.67274e-05
0.000447209
0.000615905
9.45002e-05
0.00100768
0.000780264
0.000993037
0.000229178
7.21602e-06
0.000204628
0.00033435
0.00105594
0.00108602
0.000640855
0.000277458
0.00079335
0.000139833
0.000942324
0.000243926
0.000511465
0.000826977
0.000910903
0.000854441
0.000130771
0.000546082
0.00142322
0.000742715
0.00446698
0.000434646
0.000686998
9.64292e-05
0.000178527
9.636e-05
0.000529787
0.000603859
0.000107413
0.000495711
0.000794336
0.000671615
5.69356e-05
0.00063367
0.000601256
0.000248554
0.000737754
0.000684275
0.000114206
3.24183e-05
0.000474586
0.00104625
0.000352894
0.000716773
0.000457803
0.000358834
0.000290562
0.000184396
0.000131669
0.000479462
1.01463e-05
0.000172888
0.000225351
0.000579788
0.000579029
0.000691306
0.000918432
0.000388078
0.000516609
0.000608013
0.000538718
0.00265141
0.000679361
0.000958919
0.000543638
0.000813763
0.000967786
0.000603166
6.93781e-05
0.000224819
0.000971946
0.000281805
0.000228881
0.00195047
0.000548093
0.000409986
5.64658e-05
0.000947552
0.000210342
0.000216865
0.000100568
0.00071862
0.00296343
0.000584815
0.000782468
0.000176723
0.00070767
0.000594971
0.000953963
0.00111553
0.000145204
0.000767626
0.000323525
0.000324024
0.00137428
0.00100307
0.00182383
0.000292607
0.000238426
0.00043308
0.00127512
0.000187574
0.00180081
0.00151534
0.00190992
0.000116149
0.00197976
0.00148419
0.00126838
1.64156e-05
2.31578e-05
0.000985135
3.40123e-05
7.70574e-05
0.00330419
7.73024e-06
0.000392752
0.000297395
0.000672358
1.83053e-05
0.000945006
0.000667645
0.000375287
0.00109402
0.00228306
0.00365279
3.14827e-05
0.000146829
0.000858464
0.000246204
0.000524215
2.48527e-05
0.00186884
0.000480217
0.00140347
0.000320355
0.00105813
0.000460535
0.000162674
0.00105532
4.08923e-05
0.00127384
6.50392e-05
0.000476574
0.000402979
0.000556188
0.000858464
4.18254e-05
0.00095725
0.00126148
0.000851805
0.000467516
0.000749099
0.000152264
0.000622412
0.000294177
0.000216216
0.00279047
0.00170407
0.000845855
0.000920891
0.000556777
0.000206225
0.00469507
0.000583389
0.000466572
0.00180978
0.00208252
0.00173093
0.00145467
0.000584496
0.000349484
0.00100915
0.000218911
0.000721114
0.000488673
0.000223337
0.000288209
0.000826836
0.00165828
0.000190023
0.00191936
0.00180913
0.000128579
0.000368234
0.000768926
0.000784809
0.00321557
0.000256637
0.00213967
0.000690043
0.0047347
0.00490152
0.000892174
0.00063497
0.00163546
0.00221607
0.000556255
0.00016934
0.0026306
0.000951255
0.000495557
0.00917594
0.00519996
0.00947107
0.00193794
0.00305851
0.00282391
0.00107626
0.00621656
0.000420876
0.00337895
0.000395043
0.00308944
6.16586e-05
0.00028177
0.00107858
0.000396374
0.00077436
0.000115767
1.20773e-05
0.000462859
0.000507835
0.00438671
0.000388712
0.000235968
0.000218942
1.30632e-06
0.000945782
0.000370398
0.000579777
0.00042843
0.000470767
0.00341662
0.000509529
0.000394237
0.000438883
0.00138692
0.00173681
0.000220319
0.000297775
0.000664138
0.000877621
0.000918342
0.000730385
2.77716e-06
0.000943393
0.00174722
0.00167801
0.000542615
0.000293312
0.000790821
0.000148757
0.000860529
2.49461e-05
0.000341326
5.56247e-05
9.49673e-05
0.000134771
0.00120615
0.000630209
0.00120049
6.45492e-05
0.00126482
0.000417872
0.000280029
7.00978e-05
0.000249307
0.000226599
0.000302728
6.41461e-05
0.00190517
0.00165342
0.000482132
0.000325602
0.000746572
0.000197165
0.000290086
0.000937933
0.000399262
0.000487989
0.00117976
0.000316903
0.00127735
0.000441684
0.000668063
0.000100835
0.000442746
0.00236015
0.000837031
0.000930763
0.00044561
0.00022739
0.00258978
0.000626957
0.000745704
4.30225e-05
0.000514385
0.000799357
0.000956351
0.0006378
0.000227776
0.00022539
0.000135951
0.000110679
6.06981e-05
0.000501708
0.000801447
0.000425304
0.000891465
0.000432316
0.000186286
0.000258716
0.000260263
0.000517069
8.35433e-05
0.000419537
0.00159225
0.000183401
3.51385e-05
0.000167094
0.000735099
0.000801841
0.000628416
0.00138805
0.00014426
0.00223694
0.000387471
0.000870023
0.000923072
0.00031915
0.00103206
0.000495412
0.000898842
0.00062755
0.000981885
0.000153468
0.000298249
3.99204e-05
0.000940981
0.000218957
0.00087551
0.00031977
0.000896787
0.0007349
4.32542e-05
0.000691689
0.00305321
7.35182e-05
0.000899741
0.000376328
0.000173256
0.000378046
0.00134128
0.000355001
0.00173436
0.000414846
0.000762766
0.000710023
0.000155532
0.00386679
0.000789608
0.00121169
0.00108446
0.00107733
0.000195934
0.000588369
0.000297382
5.18533e-05
0.00017556
0.000281495
0.000821292
9.3361e-05
0.00105372
0.00058756
0.000834779
0.00124963
0.000377203
0.000298166
0.00146489
0.00177013
0.000156443
0.00195407
0.00154565
0.00126047
0.00224057
0.000311211
0.000278327
0.00074009
4.0303e-05
1.04616e-06
0.000253754
0.000755945
0.000637689
5.35419e-05
0.000911478
0.00125958
0.000337376
0.000447327
0.000606706
4.14533e-05
0.00111066
0.00150751
0.000582524
0.00131286
0.000158968
3.07662e-05
0.00079586
0.000282557
0.000685115
0.00117213
4.24088e-05
0.00255568
0.000130452
0.000136094
0.000164885
0.000476267
0.00072663
0.000153821
0.00128025
0.0003468
0.000868328
0.000590274
0.00141714
0.00108247
0.00928381
0.00177016
0.000540322
0.000624136
0.00170747
0.000669506
0.000504807
0.000245263
0.000523017
0.000245782
0.000103549
0.000241721
0.000373645
8.76749e-05
0.00113415
0.000542593
0.000220826
0.000128793
0.00022463
0.000434654
0.000593718
0.000474658
0.000258233
0.000768978
0.000462806
0.00117843
0.000529823
0.00026705
0.000353126
0.000725862
0.000551858
0.00151537
0.000964025
0.000265205
0.000611572
0.000771039
0.00353024
0.00174761
0.00137858
0.000688205
0.000547068
0.000665584
4.56743e-05
0.000433371
0.000592006
0.00150339
0.00174359
0.000770549
0.000776816
0.00148103
0.000680899
0.00085142
0.000472693
0.00125713
0.000916402
0.000761702
0.000491469
0.00176025
0.000253591
0.000294512
0.000325824
0.000182812
5.79917e-06
0.000491061
0.000302239
0.000595287
0.000792572
0.000715643
0.00114452
0.00413575
0.00961851
0.00329039
0.000148752
0.00425351
0.00109258
0.000962222
0.00321125
0.00225174
0.00174317
0.000525366
0.00101752
0.00140971
6.49538e-05
0.00296039
0.000528072
0.00128248
0.00585209
0.000381666
0.00353475
0.000810601
0.00155738
6.05389e-07
0.00179632
0.00319377
0.00101814
0.000242133
0.00230342
0.00483258
0.00317892
0.00148824
0.00310393
0.00376418
0.00123243
0.00113179
0.000233455
0.00281557
0.000992067
0.000733636
0.000641092
0.0013019
0.000223269
0.00164676
0.00105021
0.00198847
0.000613889
0.0013106
0.000725783
0.000180863
0.000611739
0.000782951
8.58217e-05
0.00045802
0.0018964
0.000293979
0.000103034
0.00187764
0.000618678
5.00379e-05
0.000108149
0.000620069
0.00512943
0.000950688
0.00264759
0.00309635
0.000901491
0.00305411
0.000392629
0.000376802
0.00051411
0.000122841
0.000690183
0.000327392
0.000304751
0.000584939
0.00014071
0.000580272
0.00064264
0.000303665
0.000427683
0.00216748
0.00615212
0.000164516
0.0017779
0.00129665
0.0021065
0.00183992
0.000669178
0.000662836
0.000183198
0.000491362
0.00134653
0.0016144
0.0017883
0.00112576
0.0020475
0.00443098
0.000597586
0.00146625
0.000693815
0.00161387
0.00585258
0.00108299
0.00120397
0.000193192
0.00117398
0.000477237
0.00028327
0.00133596
0.00177619
0.0011551
0.000345382
0.000928975
0.000724136
1.46609e-05
2.8271e-05
0.00108627
0.0018081
0.000722791
0.000671704
0.000586298
0.000316734
0.00240355
0.000830472
0.000369987
4.04272e-05
0.000135794
0.000984172
0.00150214
0.000852489
0.000769708
0.00503007
0.000655067
0.00363952
0.000711394
0.00395753
0.000343734
0.000429775
0.000424317
0.00136218
0.000474659
0.000937562
6.94461e-05
0.00020745
0.000178999
0.00324506
0.00135805
4.80968e-05
0.00125084
0.000772758
0.000113872
0.00053241
0.000776217
0.000204337
0.0027529
0.00131299
0.00374819
2.26725e-05
0.000644443
0.000968142
0.000781982
0.00203621
0.000301339
0.000650757
0.000351725
1.59676e-05
6.25439e-05
0.000139128
0.000293329
0.00385957
0.00134235
0.00193293
0.000366706
0.000781807
0.000414646
0.000232331
0.000423817
0.00228532
0.000359046
0.000848316
0.00137346
0.00203919
3.9501e-05
0.000787019
0.000122086
0.000528552
0.000140007
4.41269e-05
0.000371171
0.000413528
0.000538655
0.00035026
0.000694488
0.00100249
0.000467741
2.80207e-05
0.0003985
0.000369533
0.000543739
0.000548087
0.00109041
0.000832923
0.000614729
0.00387756
0.00261317
0.000476773
0.000510502
0.00105893
0.000950518
0.00116
0.0030969
0.00137974
0.00111472
0.00309126
5.34371e-05
0.00243618
0.00121047
0.000104146
0.000567034
0.00123321
0.000905949
0.00358906
0.000126438
0.000272627
0.0021357
0.00145182
0.00107614
0.0019061
0.000360087
0.00117373
0.00208173
0.000764022
0.00128668
0.000396266
0.00128227
0.000280147
0.000269347
0.000917564
0.00109322
0.000502933
0.000101991
0.00043413
0.000811877
0.00229528
0.000388085
0.00025657
0.000713306
0.0013327
0.0010103
0.00123225
0.000363698
0.000195146
0.000503584
0.000829772
0.000203219
0.00146998
0.00204175
6.48793e-05
0.000738843
0.00182807
0.000922756
0.000666691
1.59616e-05
0.000297156
0.00116795
0.000491389
0.000211519
0.000181473
0.00159835
0.00176344
0.000394302
0.00312121
0.000314522
0.000203644
0.00203333
0.00115325
0.000684091
0.000883446
0.00067898
0.000225323
0.00104608
0.000880231
0.000558044
8.63301e-05
0.000955998
0.000286644
0.00164892
0.00110503
0.000595263
0.000754045
0.000221488
0.000545204
0.000298059
0.00174152
0.000274901
0.000463736
0.00030199
0.000740448
0.000174273
0.00160658
0.0027184
6.43233e-07
0.000472808
0.00178712
0.0001132
0.000500369
0.000187161
0.00055188
0.00247503
0.000169597
0.0001709
0.00137358
0.00134187
0.00100712
2.74761e-05
1.66305e-05
0.0002659
0.000384971
0.000109229
0.00115856
0.00149231
0.000169761
0.000914721
0.00128898
0.00128612
0.000439888
0.000894602
0.000121908
0.00144981
0.00072502
0.000190257
0.00156103
0.00101601
0.000275708
0.00175331
0.000105714
0.00218672
0.000385261
0.00126842
7.76029e-05
0.00062925
0.000319305
0.000191279
9.51165e-05
0.000238651
0.000967904
0.000419766
0.00038625
0.000398394
0.000232899
0.000232904
0.000165413
5.17861e-05
0.000210933
0.000465972
0.000361572
0.000141598
0.000263936
0.000148238
0.000446395
0.000682357
0.00269416
0.000158098
7.05988e-05
0.000768525
4.41864e-05
0.00058277
0.000609858
0.00197959
0.000448982
7.57641e-05
0.00119959
0.000579981
0.000239517
0.000596551
0.000781469
0.000721132
3.86309e-05
0.000168786
0.000248447
3.24757e-05
0.000603721
0.000618754
0.00248451
0.00600309
0.000406257
4.45061e-05
0.000366866
5.65565e-05
0.00110165
0.000603507
0.000172009
0.000374118
0.000509957
0.000325342
0.00018272
0.000466247
0.000308503
0.000854256
0.000671727
0.00190334
0.00214071
0.0023012
8.29229e-05
0.000221288
0.000257239
0.00037733
0.000891478
3.64863e-05
0.000317732
1.48086e-05
4.5156e-05
0.000225556
0.000336373
0.000307342
0.000159259
0.000749378
0.000603498
0.000805278
0.000518374
0.000213525
0.000347316
0.00175695
0.000387947
0.000485752
0.00107629
0.000675139
0.00150758
0.000960389
0.00222883
0.00129105
0.00066418
0.000284774
0.00100659
0.000284268
0.00101144
0.000722099
0.00217847
0.000203313
0.000177764
0.000167789
0.00242371
0.00110976
0.000926803
0.00247808
0.00176463
0.000246399
0.00097842
0.00017241
0.000808174
5.44898e-05
0.000554994
0.00125312
5.22182e-05
0.0001637
0.000418295
0.000166978
0.000423232
0.000671622
0.000423167
0.00154254
0.000728221
0.000451615
0.000803119
0.00128712
0.00100154
0.00076413
0.000286095
0.00147286
6.99138e-05
0.000393445
0.000851179
0.00130062
0.000364526
0.000297203
0.00382663
0.000648835
5.25813e-05
0.000278357
0.00168916
0.000661096
3.12727e-05
0.000764831
0.00067491
0.000350448
0.000210682
0.000509502
0.00351911
0.001335
0.00146058
0.000241683
0.000169772
0.000122169
0.000438249
0.00103579
0.000243844
0.00484796
6.69716e-05
0.000598525
0.000947367
0.00192104
0.000409355
0.00141107
0.00116667
0.000205543
0.000641571
0.000623439
0.000487645
0.00142554
0.000673876
0.000765107
0.000285209
0.00191603
0.00477336
0.00154351
0.00153747
0.00466146
0.00114664
0.00187862
0.00430675
0.00197602
1.4294e-05
0.0027764
0.000289044
0.00479496
0.00432367
0.000590147
0.00729396
0.00120937
0.00345212
0.000682601
0.00505906
0.00235792
0.00768579
0.00470789
0.000667773
0.00832881
0.00716258
0.00176158
0.000846359
0.0053494
0.0104798
0.00544482
0.00263629
0.00369363
0.0029349
0.00271583
0.00334113
0.000859705
0.000265469
0.00753937
0.00492019
0.00236041
0.00971853
0.00169505
0.00601079
0.0038783
0.00619944
0.00566676
0.00489563
0.00295858
0.00889402
0.000425273
0.00102247
0.000563863
0.00323423
0.00313451
0.00779502
0.00393112
0.000356365
0.00195729
0.000787344
0.000802358
0.000833718
0.000329191
0.000196637
0.000206566
0.000327953
6.58621e-05
0.00048657
0.000149422
0.00139317
0.000446844
0.000105976
0.000524618
0.000409572
0.00105052
0.000684165
0.00191295
0.00109965
0.000769934
0.00223163
0.000177054
0.00269086
0.000979249
0.000152992
0.000451147
0.000738993
7.69613e-05
0.000751486
0.000325736
0.000870028
2.95559e-05
0.000121052
0.00142364
0.000471089
0.0002675
0.00186547
9.45167e-05
0.00335456
0.000207414
0.000170736
0.00119214
0.000648595
0.000558467
0.000493972
8.74156e-05
0.000650178
0.000433341
0.00261132
0.0311974
0.00932653
0.00154987
0.00235017
0.000707505
0.000909113
0.000102687
0.000696701
0.00243779
1.92335e-05
0.00146875
0.000421294
7.55024e-05
0.000523398
0.000597385
0.000875253
0.000245095
0.000688426
0.000244603
0.0013131
0.000471855
0.000318009
0.000211887
0.000248414
0.0014878
0.00285459
0.000375088
0.00119464
0.00821743
0.000463007
0.00066757
6.55371e-06
0.000714482
0.000302939
0.000631052
0.000174191
0.000176986
0.000441705
0.00043479
0.000843687
0.000408026
0.00038984
0.00116194
0.000421865
0.000991024
4.98335e-05
5.56611e-05
0.00157229
0.00109287
0.000528062
9.38826e-05
0.000187826
0.000476755
0.00137122
0.0010585
0.00122106
0.000527515
5.00749e-05
0.000629159
0.000730754
0.000323837
0.000280711
0.000147742
0.000572794
0.000336907
0.00286021
4.98794e-05
0.00277248
0.000675187
0.000362653
0.00163464
0.00150045
0.000820638
1.97488e-05
0.00102687
0.00079119
0.000586309
4.22818e-05
9.63642e-05
0.000329222
0.00134254
0.00184159
0.000313481
0.000634312
4.79933e-05
0.000381289
0.000181782
0.000234502
0.000155139
0.000268556
0.000654477
0.000829778
0.000240863
0.000300342
0.000413042
0.000281187
0.00056726
0.000158226
0.00115008
0.00158388
0.00059731
0.000193627
0.000765962
0.000584292
0.000106522
0.000810672
0.000196669
0.0003216
0.000472422
0.000331698
0.000412375
0.000341485
0.000329425
0.000186824
0.000432286
0.000172538
0.000404675
0.00119263
0.000369147
1.68106e-05
1.44697e-05
0.0008723
0.000464915
0.000807346
0.00150693
0.000660688
0.000551778
0.000145529
0.000765278
0.000324013
0.000241381
0.000261492
0.000788957
0.000521116
0.000181647
0.00138458
8.73648e-05
0.00096764
0.000909549
0.0045509
0.00108253
0.000894226
0.0010392
0.00104403
0.000715743
0.000312505
0.000408852
0.000889787
0.000335702
0.000589038
0.00134324
0.00158418
0.000513623
0.00145149
0.000974146
0.00168155
0.000653713
0.000487502
0.00146833
0.00169285
0.00203781
0.00367347
0.000223662
2.94118e-06
0.00223863
0.00236655
6.58523e-05
0.000185113
0.000621242
0.000582206
0.000919634
0.00095179
0.000512101
0.00124677
0.0020309
0.00172846
0.00316502
0.000859643
0.000301873
0.00172209
0.000673335
0.00130634
0.00122741
0.000691632
0.000893266
0.000257784
0.000898597
0.000817116
0.000375158
0.000400781
0.000566978
0.00021552
0.000693571
0.00111819
0.000972298
0.000351165
0.00072101
0.000282745
0.000673598
0.000520299
8.54675e-06
0.00157809
0.000656914
0.00083317
0.000589998
0.000383582
0.00088769
0.00222564
0.000122224
0.00340471
0.000393872
0.000281588
0.00362054
0.00078935
0.00187216
0.00450268
0.000728721
0.000794268
0.000290536
0.00058167
0.000165361
0.000589699
0.000826664
0.000127812
0.000336119
0.000205129
1.54993e-05
0.000191505
0.00255612
0.000697787
0.000386699
0.000547562
0.000148472
0.00102107
0.000128477
0.00014069
0.000111096
0.00198738
0.000595302
0.00168501
0.000173863
0.000207003
0.000261642
0.00116665
0.00186777
0.000373693
0.000647126
0.000375555
0.00215931
0.000455305
0.000436352
0.000649787
0.000484423
0.00113982
0.00121112
0.00200497
0.00283689
0.000129194
0.00189048
0.000317985
0.00883753
0.000196466
0.00215896
0.00059296
0.000682525
6.76174e-05
0.000717972
0.000780346
0.000301221
0.00052821
0.000439946
0.000545247
0.000425972
0.000308536
0.000397472
0.00101038
0.000261214
9.31735e-05
0.00119167
0.000166098
0.00197976
0.000580865
1.62838e-05
0.000937535
0.000855158
0.000660892
0.00100691
0.000125946
0.000538574
0.0022907
0.000719399
0.00125368
0.00144068
0.000533022
0.00101573
0.000372261
0.000716259
0.00107786
0.0016115
0.000105536
0.000510032
0.00162184
4.26808e-05
0.000352147
0.00210485
0.00191995
7.75029e-05
0.00175778
0.0006797
0.000360681
0.000601699
0.00010322
0.000823388
0.000321284
0.000121848
0.000186664
0.00103415
0.000480327
0.000362798
0.000301428
0.000327531
0.00130482
0.000704709
0.00104403
4.0734e-05
0.000284206
0.000356028
1.36056e-05
0.000369291
0.000244771
0.000207146
0.00118719
3.15781e-05
0.00381194
0.000442519
0.00137956
5.92686e-05
0.00109548
0.000358509
0.00014113
0.00102689
0.000692413
0.000522156
0.00244206
0.00193046
0.0018258
0.00195422
0.00197019
0.000320997
0.000836022
0.000815523
0.000875217
0.000315984
0.000342785
0.000568346
0.00118522
0.00137148
0.000813986
0.00125131
0.000100898
9.36866e-05
3.82441e-07
0.000454952
0.00132647
0.000503729
0.000227617
0.000433863
0.000316755
0.000899115
0.00017022
0.000510889
0.000179567
0.00020876
0.00032636
0.000999
0.000299765
0.000664719
0.0019221
0.000268812
0.000510229
0.000773644
7.23622e-05
0.00249207
0.000219702
0.00453176
0.00136603
0.000455804
0.000460867
0.000544379
0.000381082
0.00032885
0.00169611
0.00312598
0.000695055
0.000314209
0.000613535
0.00104596
8.87307e-05
3.18299e-05
0.000665794
0.000398169
0.000849613
0.000919779
0.000280374
0.000329132
4.89675e-06
0.000415856
0.000106547
0.000470536
0.000119595
0.000890714
0.0032656
0.000736716
0.00024877
3.62687e-06
6.79959e-05
6.55588e-05
0.000610934
0.000819526
5.57598e-05
0.000252605
0.000500171
0.000553748
4.46449e-05
0.00040094
0.00206068
0.000638753
0.000138374
8.1352e-05
0.000122223
6.92032e-05
0.000295982
0.000427022
0.000909539
0.000164023
0.000215747
0.000517824
0.000425434
0.00116494
0.00051088
0.000795182
0.00051686
0.000482916
0.000208992
0.000238818
0.000209274
0.00100536
0.000279407
0.000959602
7.0205e-05
0.000965928
0.010187
0.000135801
0.000978401
0.00152035
0.00177844
0.00157973
0.000128669
0.000620666
0.000124681
0.00334205
0.0004844
0.000351618
0.00118194
0.000236966
4.66783e-05
0.000626802
0.000220431
0.00130155
0.000253698
0.00335147
0.000218719
0.00207783
0.000973593
0.000997278
0.00138788
0.000292159
0.00147489
0.00235073
0.000792851
0.000641552
6.38319e-05
6.08691e-05
0.00240959
0.000766953
0.000318619
0.00026398
0.000342573
0.00292598
0.00259927
0.000746824
0.00133357
0.00140802
0.000487555
0.000727136
0.00076171
0.00228588
0.00168482
0.00156705
0.000492835
8.37687e-06
0.00235782
0.00344498
0.0040684
0.00260973
0.00264942
0.00470866
0.00138083
0.000377567
0.00182509
0.00016218
0.000261187
0.00109549
0.000711669
0.000570778
0.000817027
0.000205178
0.000352574
0.000876065
0.000605749
0.000932866
0.000605761
0.00103314
0.000178603
0.00157886
0.000177289
0.000897095
0.00110718
0.000439805
0.00074206
0.000873698
0.000414782
0.000597623
0.00082246
0.00175664
0.000101945
0.00100329
0.000885191
0.000576923
0.000516404
0.00119714
0.000444651
0.000596826
0.00113526
0.000646849
0.000405959
0.000544055
0.00461265
0.000107778
8.94751e-05
0.000954331
0.000979431
0.000363441
0.0016931
0.000578213
0.000851173
0.000478397
0.000708851
0.000257834
0.000470895
0.00077305
0.00279839
0.000456358
0.000578031
0.00072252
0.000958132
0.00207028
0.000923835
8.69475e-06
0.000186114
0.000201138
0.000948238
0.000420649
0.000424208
0.000858605
0.00112067
0.00031409
6.42107e-06
0.000590681
0.000552337
0.00035236
7.94351e-05
0.000705962
0.00065201
0.000673581
0.000384848
0.00163215
0.000528342
0.000192577
6.65797e-05
0.000703968
0.000330492
0.00235559
0.000773296
0.000143582
0.000268167
0.000524648
0.000144541
5.96487e-05
8.32275e-05
0.00195518
0.000249583
0.000197015
3.72898e-05
0.00122099
0.000178147
2.06377e-05
0.000499086
0.000436573
0.000322434
0.0020128
0.00162022
0.000771485
0.000812871
0.000828612
0.000301194
0.000866342
0.00109012
0.00111773
0.000204739
0.00163797
0.00127033
0.000928523
0.000227739
0.000640815
0.000553194
0.000150767
0.00027769
0.000191191
0.000424221
0.000318735
0.00071178
0.000274976
0.000279688
0.000100031
0.000298957
0.000620052
0.000475559
0.00125168
0.000637141
0.000951678
8.75725e-05
0.00151835
0.00182089
0.000636626
0.000157578
1.95643e-05
0.000353331
4.76336e-05
0.00061974
9.56972e-05
0.00102313
0.000799604
0.000810264
0.000148654
0.000417531
0.000504941
0.000489161
0.000396308
0.000572077
0.000141839
0.000350374
0.00056542
0.000476074
0.000388273
0.000362401
0.00179639
0.000213278
0.00219269
0.000987585
0.00049686
0.000971858
0.00289878
0.0011837
0.000452619
0.00119203
0.00497577
0.00151172
0.00135012
0.00451216
0.00232686
0.00022129
0.0014206
3.51781e-05
0.000310308
0.000253872
0.000852339
0.000812758
0.000112479
3.27258e-05
0.00191177
0.00144777
0.000327403
0.000644801
0.000596838
0.00126523
0.000343755
9.4763e-05
0.000563012
0.000568416
0.000790528
0.00050492
0.000245324
0.000514111
0.000700957
0.00051004
0.000241071
0.00068166
0.000948705
0.000342989
0.000575287
0.000727503
0.00169349
0.000440623
0.000145327
0.00218308
0.00150112
0.00118343
0.000242074
0.000419244
0.000612045
0.000472725
0.00284699
3.7714e-05
0.000635857
0.00144603
0.000402417
0.00275935
0.00236357
0.00111509
0.000103544
0.000689468
0.000157069
0.000470622
0.00130951
0.0162951
0.000587803
0.00103834
0.000357762
0.000630658
0.00204464
0.000424576
0.000232297
0.00154253
0.000918361
2.92786e-05
0.000973423
0.000494705
0.000135651
0.000166218
0.000395485
0.00046467
0.000700177
0.000864837
0.000597723
0.000659837
0.000317476
0.000831035
0.00136381
0.000680877
0.00130144
0.000867377
0.000523729
0.000363248
0.000123421
0.000655831
0.000119634
0.000197602
3.73459e-06
0.000794899
0.000227033
0.000629468
0.000562031
0.000710975
0.00123918
0.000958827
0.000288033
0.000254286
0.000708471
2.47286e-05
0.000531001
0.000689478
0.000187726
0.000510501
0.000461036
0.000608859
0.00146359
0.00058124
0.000531883
0.000937437
0.000993232
6.8989e-06
0.000821333
0.000476079
0.00196488
0.000635796
7.38882e-06
0.000274827
0.000832639
0.000744429
4.82715e-05
0.00091452
0.000464925
0.00052129
7.90165e-05
0.000236926
6.32997e-05
0.000198947
0.000395252
9.49725e-05
0.000176529
9.92461e-05
0.00198658
0.000825185
0.000156141
0.00138561
0.000733167
0.000268998
0.000810786
0.000310384
0.000155244
0.000226975
0.00133373
0.000120007
0.000552183
0.000120251
0.000615341
7.90307e-05
0.000584362
5.46551e-05
0.000286898
0.00248159
0.000539324
0.00040073
0.0001845
0.0010912
0.0017317
0.000142956
0.000269441
0.00139988
0.000342123
0.000447097
1.8643e-05
0.000242752
0.00251027
0.00119059
5.17174e-05
0.000470916
0.000434466
0.000469674
0.00139471
0.000291134
0.000354754
0.000122868
0.000622902
0.000929063
8.3164e-05
0.00105787
0.00135701
0.000713925
0.00120401
0.000570819
0.000804743
0.000320771
0.000855053
9.74442e-05
0.0003255
9.07495e-05
5.24981e-05
0.00103279
0.000156773
0.000547107
0.00270562
0.000717629
0.000331783
0.000228438
0.000484959
0.000586917
0.000503131
0.00021888
0.0012888
0.00108309
0.000564071
0.000183289
0.000651105
0.000286364
0.00172129
0.000318612
2.74714e-05
0.000835072
0.00037672
0.000403497
0.000296187
0.000242776
0.000378835
0.000137976
6.92182e-05
3.18844e-05
0.000284607
0.000497155
0.000458544
0.000879395
0.000395279
0.00082375
0.000393003
0.000574532
0.0018571
0.000561192
0.000778042
0.000381344
0.000349311
0.00164424
0.000188623
0.00142954
7.96317e-05
0.00196681
4.47797e-05
0.00175986
0.000369007
0.00025575
0.000563019
0.000140497
0.00114779
0.000769011
0.00179564
0.00171121
0.000642145
0.0013862
0.00241011
0.00220776
0.000995831
0.000282373
0.00135125
0.000190458
0.000313398
0.000605343
0.000476052
0.000284652
0.000395463
0.000222791
0.000666781
0.000886847
0.000327752
0.00075424
0.000173129
0.000407034
0.001176
2.64267e-05
0.000353501
0.000253011
0.00101616
0.000144405
0.000415531
0.000460726
0.000296615
0.000584865
0.0014916
8.36487e-05
0.00163121
0.000301648
0.000395454
2.29699e-05
0.000430499
0.000286494
0.000471643
0.000553807
0.00114655
0.000918901
9.4551e-05
0.000112419
0.000301048
0.000192317
0.00128158
0.000491897
0.000284304
3.0562e-05
0.000662455
0.000967116
0.000465202
0.00128125
0.0024627
0.000710245
0.0012324
0.000315525
0.000346207
0.000383164
0.00054233
0.00105444
0.000259019
0.000345637
0.000128029
0.000246788
0.000518382
0.000270928
0.000336385
0.000768492
0.000330036
0.000589387
0.000161508
0.001036
0.000162067
0.00142712
0.000162061
0.000366475
0.00100483
0.000696686
9.78724e-05
0.000705243
0.00079031
0.000298045
0.00108365
0.00140333
0.00144268
0.000315709
0.000854885
0.00283731
0.00101858
1.73255e-05
0.00119898
0.00171954
0.00151362
0.000319908
3.62759e-05
0.000832579
0.00125196
0.000298126
0.000579358
0.000355287
0.0012779
0.000390045
0.000215804
0.000102415
0.000731869
0.00075667
0.00122934
2.16771e-05
0.000209158
0.000230289
0.00161236
0.00113971
0.00170551
0.00155711
0.00166377
0.000442249
0.000136956
0.00550585
0.00164397
8.46713e-05
0.000177085
0.00116976
0.00125247
4.24281e-05
0.000628809
0.00115538
0.00162932
0.00264954
0.000205057
0.000274419
0.00147839
0.000383889
0.000698474
0.00109992
0.000478412
0.00326901
0.000314127
0.000479077
0.000428468
0.00114882
0.00233371
0.00266298
0.000509907
0.000807975
0.000205282
0.000733658
0.00155754
0.000471559
0.00019724
0.000548427
0.00219779
0.0010134
0.000921057
0.00115807
0.000161232
0.000220923
0.00203665
0.00173508
0.00017282
0.00024498
0.00025243
0.000413122
0.000223222
0.000378894
0.00058958
0.000355768
0.000933046
8.18713e-05
0.000441114
0.000191908
0.000781971
2.11835e-05
0.000356924
0.00102002
0.000531505
0.000492614
0.000892286
0.00122417
0.00167693
0.00097192
0.000213877
0.000133796
0.000265625
0.000253778
0.000310725
2.63032e-05
8.51792e-05
0.000352616
0.000230112
0.000131081
0.000536975
0.000193829
1.67084e-05
0.00103034
0.000602414
4.1609e-05
0.00026238
0.000534025
0.000702887
0.00187715
0.000396416
0.000433749
0.000671076
0.00014392
7.85449e-05
3.9042e-05
0.000395677
0.00135547
0.00182137
0.00106032
0.00152486
0.00155754
0.000445028
0.00116451
0.000106802
0.0024234
0.000876152
0.000471107
0.000594588
0.000500061
0.000102503
0.00105108
0.000135933
5.24257e-05
0.000335036
0.00188332
0.000492411
0.000493273
0.00164736
0.00217722
0.000810538
0.00140164
0.000666166
0.00336201
0.000334956
0.000984597
0.000160756
0.00113731
0.000818561
0.00153557
0.000919193
0.000820014
0.000980966
0.000352579
0.00048272
1.79543e-07
0.00120358
0.000696742
0.000193639
0.000565015
0.00405548
0.00443417
0.00484313
0.000529525
0.00117817
0.000138787
0.000268363
0.000461913
0.00104512
0.00135263
9.66029e-05
0.000507898
0.000785158
0.00141821
0.000776823
0.000391443
0.0015127
0.00028542
0.00209623
0.00155924
0.000569003
0.000310253
0.00463233
0.0108498
0.00566825
0.00747417
0.00526297
0.00897025
0.0103872
0.00664926
0.00281825
0.00236983
0.00316105
0.000143508
0.000302289
0.000584464
0.000340065
0.000305571
0.000263083
0.002173
5.05966e-05
0.000992618
0.000184982
0.000721469
0.000804101
0.000446805
0.000921213
0.00098512
0.000289022
0.000489708
0.0015061
0.000433786
0.000720414
0.00141774
0.000926403
9.73447e-05
0.00048114
7.85788e-05
4.64425e-05
0.000287801
0.00109686
0.000623486
2.81384e-05
0.000169702
5.29028e-05
0.000411987
0.000225283
0.000272222
6.94663e-05
0.000182156
0.000462131
0.00016144
0.000721822
0.000779722
0.00027584
0.000424203
0.00304356
0.000829457
0.00571149
0.000227097
0.000708976
0.000492396
0.000179934
1.38435e-05
0.000418354
0.000557086
0.00118392
0.00120154
9.46135e-06
0.000189147
0.000977633
0.00051926
4.17745e-06
0.000189624
0.00185341
0.000621882
0.000165721
0.000528232
0.000596677
0.000550332
0.000472568
0.000830664
0.000506831
0.00214011
0.00081051
0.00179939
0.00043143
0.000259297
0.000382813
0.000529909
0.000763289
0.000204755
0.000193907
0.00128778
0.000901055
0.0015718
0.000455911
0.000752829
0.000130522
0.00368248
0.000574456
0.000357091
0.000814152
0.00139313
6.23526e-06
0.000482354
0.000376012
0.000383916
0.00194668
0.000470974
0.000830518
0.00101401
8.69825e-05
0.000984564
0.00228119
0.000662134
0.00103815
0.00059686
0.00353443
0.00209265
0.00107874
0.00333221
0.00221275
0.000866521
0.000977397
0.00137166
0.00090169
0.00218116
0.00171462
0.000328244
0.00059985
0.000988364
0.000454468
0.00105291
0.00082789
0.000780283
0.00036496
0.00129195
0.000181156
0.00115067
0.000118363
0.0010992
0.000127181
0.00121063
0.00134464
8.73585e-05
0.000728182
0.0015525
0.000633877
0.000271374
0.000783472
0.000935329
0.0011962
0.00137848
0.00134344
0.000150951
0.000331908
0.000180562
0.000973098
0.000340965
0.000312594
5.603e-05
0.000105992
0.000239159
0.000245918
0.000378095
0.000758038
0.000431831
0.000316865
0.000579348
0.000634011
0.00264483
0.000294254
0.00174943
0.000627699
0.0002533
5.43232e-05
0.000801975
0.000150086
0.00183988
0.00154278
0.000216957
0.000803774
0.00302688
0.000288282
0.00121773
0.00105298
0.000367565
0.000336078
0.000840965
0.00139182
0.000607943
0.000988658
0.000654508
1.27984e-05
0.000261467
0.000345451
0.000813671
0.000884658
5.40695e-05
0.000262716
0.00124128
0.00217905
0.00456939
0.00171696
0.000441035
0.000278499
1.04404e-05
0.000715844
7.87141e-05
0.000530044
0.00233062
0.00116944
0.00152251
0.000242578
0.00194912
0.00195844
0.000784255
0.00178454
0.00226271
0.000548615
0.00233454
0.000107998
0.00178297
9.78823e-05
0.000232063
0.000207227
0.000705511
3.74766e-05
0.000592121
0.00105967
0.000708187
0.000508114
0.000844022
0.000221425
0.00107888
5.17614e-05
0.000279072
0.000261165
0.000698435
0.000789401
0.000245097
0.000101914
3.12101e-05
0.00283083
0.00901958
0.000713605
0.00130838
0.00218353
0.00570415
0.00026824
0.00115698
0.000393024
0.000258596
0.000205633
0.000331114
0.000619497
0.0110537
0.000253247
0.00230689
0.00236234
0.00444507
0.00189056
0.00446467
0.00120619
1.21342e-05
0.000107212
0.000203521
0.00070237
0.000634123
0.000999173
0.000756331
0.000251284
0.000509894
0.000138447
0.000232975
0.000359694
0.000228787
0.00104007
0.000192736
0.000291641
0.00217282
0.000100159
5.07941e-05
0.00242707
0.000784218
0.000127091
0.000657065
0.00105312
0.00315408
0.00147977
0.000404769
0.000579193
0.000137549
0.000527943
0.000506745
0.000518362
0.00063436
0.000263369
0.000273669
0.000334513
0.000487899
0.000503062
0.000173804
0.000271959
0.000343905
0.000257286
0.000368483
0.000176766
0.00055699
0.000310122
0.000473846
0.000644011
0.000181924
0.00119424
0.000295259
0.000352375
0.00423857
0.000658879
0.000126405
0.000342271
0.000495979
0.0006163
0.000297929
0.000891571
0.000630686
0.000148598
0.000827399
5.51441e-05
0.0004408
0.000823178
0.000132753
0.000440207
0.000221375
0.000406428
8.91959e-05
0.000833247
0.000756745
0.000372563
0.000520078
0.00020055
0.000700102
0.00152038
0.00133931
4.22057e-05
0.000198653
0.00166998
0.000773657
0.00104461
0.000287499
0.00245426
0.000897477
0.000329347
0.000120475
0.000332344
0.00200358
0.000377227
0.000537858
0.000235988
0.000572534
0.00102335
0.000700407
0.00130723
0.000285094
0.00048135
0.00156725
0.000469152
0.000758654
0.0027098
0.000689462
0.00326893
0.000160829
0.000201734
4.32268e-05
0.000311157
0.00125032
0.000859365
0.00108731
0.000196336
0.000409758
0.00124191
0.000783326
0.00125417
0.000210465
5.38353e-05
0.000546309
0.000877545
0.0018705
0.00215105
0.000712375
0.00016687
0.00292286
0.00210314
0.000144134
0.00106645
0.000699776
5.60435e-06
0.000137912
0.000804066
0.000917786
0.000635688
0.000920001
0.00205842
0.000453776
0.000528616
0.000454725
0.00262133
0.00195869
0.000474445
0.000906599
0.00341887
0.00177227
0.00143744
0.00091591
0.000342627
0.000871737
0.00141
0.00017194
0.00252499
0.000573311
0.000247126
0.00112718
0.000328094
0.000941008
0.00141721
0.00146523
0.00303336
0.00056859
0.000266758
0.00170028
0.00190307
0.000162246
2.00877e-05
0.000111036
0.000198346
0.000496111
0.000458869
0.000235302
0.00184629
1.42278e-06
1.05435e-05
0.00345794
0.00174486
0.00140743
0.000659491
0.000271851
0.000551288
0.000250172
0.00310269
0.000538031
0.000245825
7.4335e-05
0.00177518
0.00142602
0.00182825
0.000140831
0.00062233
0.000875057
8.11288e-06
0.00125214
0.000389162
0.00302965
0.00309094
0.000705896
0.0023108
0.0013758
0.000481711
0.000435052
0.000556924
0.000358029
0.00256158
0.00102086
0.00325275
0.00244606
0.000991429
0.000688582
0.000437181
0.000492573
0.00306333
0.000495387
0.000193574
0.000440417
0.00033877
0.000662742
0.00135695
0.000496469
0.00061328
0.000653281
7.52438e-05
0.000368882
0.000327107
0.000259486
4.58119e-05
0.000587765
0.000343757
0.000447938
0.00128526
0.000501993
0.000780475
2.78528e-05
0.000323865
0.000170028
0.000189726
0.000280129
0.000180061
0.00157611
0.000756515
6.80838e-07
0.000929219
0.000384414
0.00196876
1.78861e-05
0.0011297
0.000518641
0.00131689
0.000600756
0.000235782
0.00211669
0.000291672
0.000241905
0.000600446
0.00112864
0.0028454
0.000663404
0.000428461
0.000246817
6.4807e-05
0.00111406
0.00150925
0.000476813
0.00221967
0.00153821
0.00167453
0.00165495
0.000485197
0.00113924
0.000199167
0.000694816
0.00137932
0.000376307
0.00373042
0.00192153
0.000946569
0.00200488
0.000803436
0.005409
0.000245575
0.000933021
0.000738585
0.00423165
0.00396826
1.95348e-05
0.000109841
0.0007911
0.000939978
5.8273e-05
0.000399377
0.000999287
0.000340711
0.000443096
0.0014196
0.000645569
9.79633e-05
0.00068838
1.77056e-05
0.00048266
0.0014492
0.000229298
5.67887e-05
0.000271097
0.000115518
3.79403e-05
0.000872756
0.000256075
0.00129369
0.001029
0.00137284
0.000221683
0.000317947
0.00044123
0.00151996
0.000286315
0.000672478
0.000906112
0.000392502
0.000652676
4.11046e-05
0.000271184
0.000636155
6.28325e-05
0.000284797
0.000537694
0.000832412
0.000522669
0.000465309
0.00113007
0.000949961
0.00039741
0.000751834
0.00364541
0.00125359
0.00316336
0.000249234
0.000727965
0.00178249
0.000656337
0.00178256
0.00421028
0.000282665
0.0021068
0.00206195
0.00133094
0.00028457
0.00190199
0.00359599
0.000213328
0.00404667
0.000508291
0.000504023
0.00294845
0.00205742
0.00176304
0.00212783
0.00312314
0.00178269
0.00185466
0.00048338
0.000829432
1.56721e-05
0.000688413
0.00137913
0.00170785
0.00214916
0.00263071
0.00115818
0.00139494
0.00165574
0.00122204
0.00161644
0.00252644
0.00104304
0.000509767
0.000513823
0.0012165
0.00235993
0.00072813
0.0013275
0.000169222
0.00169056
0.00035886
0.000404075
0.00438244
0.00107701
0.000681228
0.00176374
0.00087483
0.00257348
0.000630159
0.000919176
0.000175961
3.29475e-05
0.000393829
0.00046272
0.00153229
0.00273492
0.000758848
0.000679906
0.000678047
0.000364958
0.000432346
0.000325024
0.00287549
0.00121038
0.000761467
0.00198828
0.00036213
0.000177642
0.00140895
0.0014772
0.00170216
0.000159741
8.05521e-05
0.000207662
0.00113398
0.000129499
0.0016223
0.000626244
0.00126616
0.000240412
0.000716139
0.00146582
0.00031662
0.00236714
0.000816937
0.000584142
0.00119477
0.00142345
0.00147696
0.0016226
0.000111183
0.00231046
0.0015766
0.000236267
0.00164994
0.00142147
0.000985465
0.000581071
0.00280822
0.00142236
0.00470413
0.000369843
0.00272453
0.000217926
0.00209177
0.0014297
0.00122787
0.000854237
0.000950279
0.000463346
0.000933487
0.000443406
0.00157758
0.000632143
0.000688227
0.000878327
0.000490957
0.000168529
0.000703529
0.000336034
0.00031861
0.00250474
0.00010008
0.000486285
0.00251289
0.00152298
0.000300298
0.000959706
0.00237772
0.000202215
0.000408451
0.00163669
0.000287437
0.000433781
0.00155711
0.00163607
0.000888908
0.000748503
0.00132754
0.00170851
5.95636e-05
0.000988819
0.00164793
0.00112532
0.000149834
0.000944625
0.000509936
0.000880708
0.00272163
0.00154502
0.00150256
0.00244284
0.000600971
0.000264969
0.00135495
0.000838629
0.000180906
0.00288584
0.00284143
0.000360337
0.00078244
0.00278637
0.000675577
0.00108687
0.000157288
9.68671e-05
0.000906366
0.00110122
0.00230645
0.000946839
0.00197651
0.000255834
0.00191592
0.000540674
0.000603293
0.000238987
0.00108801
0.000858327
0.00149088
0.000537693
0.00236494
8.91947e-05
0.00211634
3.37064e-05
9.35248e-05
8.30943e-05
0.00081603
0.00321362
0.000163335
0.00212373
0.000738306
0.00053989
0.000266673
0.00168359
0.0010195
0.00049554
0.000405477
0.00013117
0.000865939
8.04744e-05
0.00223347
0.00101573
9.30034e-05
0.00123704
0.00497783
0.00342648
0.000499586
0.000471925
0.00263842
0.00130882
0.00172708
0.00341789
0.000777608
0.000152485
0.00449561
0.00059154
0.00343744
0.000773457
0.000394688
0.000585703
0.00148205
0.00187539
8.9572e-05
0.0015637
0.000373622
0.00100731
0.000868748
0.000442198
0.00167739
0.00205307
0.00236599
0.00051953
0.00115623
0.00020668
0.00137739
0.00455282
0.000430844
0.00215345
2.4773e-05
0.000542856
0.000726466
0.00103391
0.00394298
0.000825568
0.000422535
0.000222807
0.000448947
0.000103629
0.000108884
8.88081e-05
0.00195775
0.000422889
0.00182088
0.00278533
0.00598217
0.00237479
0.00151812
0.00079294
0.000673789
0.00247027
0.00129963
0.000569285
0.00070722
0.000452382
0.00195163
0.00076319
0.00276427
0.000175334
9.81191e-05
0.00330192
0.00216442
0.00230683
5.0267e-05
0.00174861
0.00084902
0.000107629
0.00304114
0.00478143
0.00202819
0.000359199
0.00152107
0.00196377
0.00195091
0.00142047
0.000439258
0.000291203
0.00047003
0.00162042
0.00010628
0.00124628
0.00158196
0.00172103
0.00121272
0.000304126
0.00109898
2.82641e-05
0.00208972
0.000802286
0.000638359
4.49322e-05
0.00127386
0.00152897
0.000151087
0.00175311
0.00038168
0.00137947
0.000578117
0.000153882
0.000939197
0.000657926
0.000860647
0.000709636
0.00118832
0.000797396
0.000534603
1.15369e-05
0.000899906
0.000238302
0.00101246
0.000618074
0.00139111
0.000852047
0.00497139
0.000458715
0.00115251
0.000365353
0.00129758
0.00135978
0.00146692
0.000966533
0.00082944
0.00103413
0.000636629
4.9255e-05
0.00117846
0.000172893
0.000640926
0.000113309
0.00134203
0.00025964
0.000480358
0.00346809
0.000260213
0.0140523
0.00154673
0.00337989
0.00356711
0.0013841
0.00102037
0.00065871
0.00305085
0.00125759
0.0125434
0.00279638
0.00558308
0.00653906
0.0212707
5.53363e-06
0.00159799
0.0117983
0.00172063
0.017088
0.000526289
0.00215322
0.00231509
0.0010075
0.00844977
0.00120298
0.000522464
0.00117997
0.000490772
0.00200394
0.000524443
0.000587971
0.00136367
0.000567586
0.00133157
0.000952025
0.000127789
0.000630564
0.000306249
0.00142585
0.000645007
0.000764035
0.00129482
0.00170272
0.000344248
0.00167346
0.000654833
0.00143192
0.00229357
0.00126964
0.00024971
0.00141346
0.00118173
0.000542076
0.000463078
0.00025461
3.60969e-06
0.000823568
0.000326381
3.27167e-05
0.000643294
0.000609505
0.0012274
0.00560411
0.000702529
0.00073201
0.00014674
0.00102273
0.000447262
0.000227159
0.0017488
0.000279349
0.000974224
0.000336278
0.00020676
0.000810637
0.00138821
0.000365162
0.00257732
0.000752102
0.000385192
0.000156614
0.000142997
0.00110545
0.00270747
0.000831333
0.000379347
4.47876e-05
0.00105447
6.89659e-06
0.000595442
0.00065115
0.000774053
0.000343274
0.000923282
0.000790512
0.00312514
0.000683901
0.000487255
0.000857688
0.00039312
0.00075855
0.000151428
0.000311071
0.00153371
0.00132958
0.00032795
0.000426602
0.00078192
0.000153925
0.000187712
0.000293736
0.000254996
0.000642139
0.0013001
0.00167032
0.00118725
0.000103272
0.00120741
0.00051153
0.000200078
0.000470499
8.62243e-05
5.11316e-05
0.00100634
0.000674402
0.000415666
0.000271353
5.50732e-05
0.00117168
0.00286177
0.000301143
0.000380172
0.000714068
0.00045697
0.00048865
6.60125e-05
0.000374506
0.000606647
0.000230775
0.000444895
0.000480986
0.000304687
0.000408895
0.000300019
0.00361245
0.00112714
0.00121742
0.000422357
0.000268258
0.00163927
0.00128192
0.00100286
0.00149889
0.000837371
0.000444008
3.16167e-05
0.00144547
0.000997823
0.00142857
0.00153831
0.000668344
0.00109045
0.00128673
0.000281903
0.000312758
0.000394723
0.00118692
0.000260089
0.00224734
0.00111994
0.00121555
0.000900718
0.000391184
0.00259517
4.16566e-07
0.000831031
0.00217853
0.00195246
0.00225468
0.00209597
0.00206144
0.000821535
0.00231433
0.000138214
0.00105223
0.00134673
0.000366507
0.000949482
0.00204768
0.00212736
0.00121898
0.00298064
0.00473487
0.00317476
0.00267726
0.00366093
0.00110389
0.000494907
0.000608193
0.00140937
0.000368219
0.000178146
0.000328524
0.000190735
0.000168105
0.000222512
0.000407822
4.84752e-05
0.00029974
2.44768e-05
0.000118082
0.000536376
0.000714829
0.00117877
0.000487537
0.000435079
0.000334005
0.000178351
0.000482778
0.000782722
0.000156796
0.00134177
2.17709e-05
0.00135887
0.000683785
0.000108792
0.000549261
0.000221329
0.000774925
0.000555428
0.000665037
0.00161751
0.000455867
0.000428804
0.00136974
0.000385518
8.34787e-05
6.59769e-05
0.00325712
0.000317984
0.000459633
0.00277041
0.00147671
0.000927026
0.0161729
0.00248854
0.00565369
0.0343922
0.0200469
0.0140022
0.001451
0.013717
0.0164356
0.0027196
0.00108
0.0260341
0.00191684
0.0350223
0.00880605
0.00316723
0.0338581
0.0125681
0.015447
0.000142343
0.0036103
0.00354902
0.0125618
0.0177507
0.00194097
0.0182926
0.0416526
0.00109478
0.0313368
0.00340633
0.00646409
0.00569167
0.00434724
0.000972245
0.00269333
0.000544917
0.00332355
0.000225481
4.95883e-05
0.000516299
0.00163034
0.000281059
0.000911223
0.0010002
0.000864551
0.000117728
0.000655393
0.00152863
0.000350469
0.0012515
0.00256926
0.000532755
0.0018379
0.000724052
0.00328081
0.000791876
0.00351572
0.00144308
0.00077377
0.00129697
6.74589e-05
0.0014218
0.00437365
0.0012918
1.34953e-06
0.00297342
6.28363e-05
0.000631091
0.000665731
0.000991521
0.000301849
0.000173644
0.000530707
0.00304562
0.000950038
0.000550215
0.000710645
0.00157259
8.67682e-06
0.000339056
0.000493617
0.000610399
0.0021257
0.000155133
0.000847555
0.00208861
0.000619299
4.64645e-05
0.000691422
4.83701e-05
0.000164838
0.00116262
0.000588427
0.000218405
0.0021353
0.0018727
0.000572278
0.000322751
0.000224942
0.000121232
0.00109884
0.00295564
0.000727257
0.00032927
0.00085633
0.00173365
0.000941623
0.00130105
8.88196e-05
0.000408155
2.45169e-05
0.00150744
0.00144043
0.000465297
0.000237959
8.98124e-05
0.000126584
0.000270754
0.000371312
0.000133383
0.00144603
1.53193e-05
0.000377986
0.00148415
0.000274211
0.000169273
0.000222828
0.0016519
0.00132092
0.00216876
0.000877145
0.000163699
0.000808695
0.000314509
0.000135531
0.00437604
0.000382525
0.000301662
9.58186e-06
0.000578482
0.000504495
0.000161671
0.000386519
0.000782
0.000391736
0.000239225
0.000533014
0.000979702
0.000158829
0.000242656
0.000591946
0.000125254
0.00184749
0.000510148
0.00214761
4.44799e-05
0.000590221
0.000317933
0.00517751
0.000786876
0.000578579
0.00058723
0.00286069
0.00292138
0.000191929
0.000402918
0.00172003
0.00162456
0.000805867
0.000265112
0.0023257
0.000837253
0.000999127
0.000293525
0.000330215
0.00125695
0.000724135
0.000719592
0.00212259
0.000629164
0.000309128
0.000221987
0.000363131
0.000148033
0.000191792
0.000306326
0.0010328
0.00201196
0.000589265
0.000657673
0.000642261
0.00156128
0.00423773
0.000401926
0.000939803
0.00059873
0.0013072
0.00170862
0.0024975
0.00456068
0.000827802
0.000801973
0.00280723
0.000413033
0.000803678
0.000176897
9.16462e-05
0.000229784
0.00249723
0.00451322
0.000138345
5.09573e-05
0.000542961
0.00244151
0.00105342
0.00107586
0.00118914
0.000211039
0.00229199
0.00170611
0.000264247
2.46303e-06
0.000200593
0.00269326
0.00037149
0.000878272
0.000709981
0.000657999
0.000299131
0.000581478
0.000102819
0.0008449
0.000185583
9.66536e-05
0.000788784
0.000788316
0.000291549
0.000659895
0.00096666
0.000717662
0.00125809
0.000334684
0.000427319
0.00294555
0.000725434
0.000711277
0.000915101
0.000995134
0.00012044
0.000176055
0.000180556
0.00180786
9.81475e-05
0.000281368
0.000379905
0.000843809
0.000389297
0.00124315
0.0008095
0.00097939
0.000998683
0.000203433
0.00194424
0.000130739
0.000673824
0.00157555
0.000949915
0.000788755
0.0012963
4.33013e-06
0.000116591
0.000273532
0.00109624
0.000934163
0.00176516
0.000889049
0.000778217
0.000254477
0.000407664
0.00243885
0.00181987
0.000420396
0.00109321
0.00150714
0.00221433
0.000253217
0.000384578
0.00107095
0.00067956
0.00136455
0.000733406
0.000953504
0.000374255
0.00105139
0.000393191
0.00223948
4.42696e-05
0.000308552
0.000185492
0.000242901
0.0011165
0.00158161
4.0736e-06
0.000147392
0.0015281
0.000879874
5.679e-05
0.000120439
0.0012808
0.000209772
0.000397607
0.000456714
0.000521615
0.00384694
0.0011489
0.00362608
0.000115971
0.0010025
0.000409786
0.00056532
0.00109526
0.00155723
0.00293714
0.000376355
0.00099212
2.52914e-05
0.000179105
0.0019963
0.00038722
0.000627787
0.000612843
0.000528846
0.000818359
0.000177928
5.89156e-05
0.000411836
7.23988e-05
0.000914725
4.46833e-05
0.00363275
0.000701612
0.000159861
0.00112638
0.00555436
0.000625967
6.58747e-05
0.0051023
0.000873436
0.00231877
0.00270957
0.00239937
0.000551557
0.00240447
0.000231342
0.000382513
0.00106182
0.00072766
0.000570357
0.000325449
0.000233589
0.000644807
1.14763e-05
0.000927468
2.87651e-05
0.00032798
0.000279636
0.000707744
0.000752864
0.000185625
0.000210385
5.21518e-05
0.000234535
0.000356513
0.000314383
0.00019449
0.000388259
0.000513969
0.00198402
0.00219174
0.000686629
0.000479621
0.000915525
0.00323446
0.000180013
0.000656346
0.000447626
0.00171422
0.000139806
0.0004591
0.00181586
0.00198444
0.000386979
0.00170754
0.00103266
0.00336835
0.00131271
0.00348227
0.00110418
0.00353804
0.000486127
0.00192502
0.00104776
0.00137281
0.000304193
0.000554676
0.000252298
0.00172163
0.000735153
8.90822e-05
0.00082293
0.000243554
0.000568968
0.00255783
0.00233379
0.00131293
0.00116224
0.000101418
0.000449784
0.00176082
0.000331773
0.00291653
0.000803493
0.00173305
0.00070948
0.000676918
0.000545473
0.000747957
7.46683e-05
0.00566548
0.000676902
0.000697996
0.00184685
0.0005641
0.000553129
0.000349407
0.00323701
0.00650169
0.000529475
0.000128047
0.00111518
0.00148326
0.00156096
0.00183062
0.0010128
0.00011631
0.000545516
3.78589e-05
8.74566e-05
0.000209619
1.62567e-05
0.00055342
0.00142514
0.000932313
4.70103e-05
0.000684466
0.000448647
0.000139799
0.000471401
8.16851e-05
0.00100681
0.000986413
0.000428467
0.0012502
0.000737697
0.00109489
9.39122e-05
0.000644619
8.00464e-05
0.0056046
0.00104156
0.00263029
0.00416598
0.00228657
0.00735577
0.00149656
0.00117476
0.000654779
0.00205542
0.00101384
0.000264174
0.00042955
0.000627403
0.000933054
0.000348608
0.0015179
0.000734473
0.0014855
0.000200968
0.0015839
0.000572743
0.0005904
0.0055138
0.00163135
0.00113099
0.000114981
0.00139327
0.00131512
0.000618561
0.00253154
0.00821897
0.000920102
0.0057011
0.00490778
0.00263118
0.00094287
0.000186117
0.00268377
0.00397629
0.000197731
0.00102426
0.000305827
7.82103e-05
0.0013225
0.000449901
5.4485e-05
0.000396418
0.00184498
0.000841334
0.0020699
0.00375022
7.74214e-05
0.00167946
0.00154848
0.000312438
0.000514611
0.00334505
0.00106919
0.000143459
0.000452765
0.000328306
0.000304469
0.000460185
2.45537e-05
0.000572842
0.00214933
0.000452701
0.00142303
0.00192754
0.0012332
0.000120982
0.00029412
6.79764e-05
0.000212998
6.36926e-05
0.000176905
0.000836673
0.000632367
0.000597097
0.00121844
0.000194321
0.00066719
0.000212288
0.000557684
0.000271641
0.000492992
0.00180523
0.00024876
0.000765975
4.27482e-05
0.000449062
0.00027987
0.0181286
0.0015728
0.00239112
0.0121371
0.00410809
0.000628663
0.00301461
0.00140243
0.000173974
0.000702369
0.000327212
0.00047733
0.000186044
0.00181566
0.000499003
0.000317482
7.21521e-05
0.000504624
0.000885652
0.000916613
0.00106586
6.61319e-05
0.000254817
0.000712244
0.000821495
7.25183e-05
6.96467e-05
0.00036398
0.00075277
0.0012751
0.00092801
4.63409e-05
0.000888037
0.000339658
8.53181e-05
0.000875907
0.00149535
0.000367296
0.000330749
0.0003155
0.00034517
0.00210294
0.00202194
7.79524e-06
9.58849e-06
0.000404674
0.000147567
0.000537519
0.00306935
0.00121368
0.000546592
0.00113685
0.00711022
0.000618655
0.00188445
0.00172344
0.00139344
0.00365929
0.00571486
0.00476642
0.00842723
0.00478093
0.000388233
0.000170724
0.00340567
0.000620728
0.002354
0.000215421
0.00207236
0.00075467
0.00202979
0.000818502
0.000332823
0.00031348
0.000436157
0.00409275
0.00483069
0.000446328
0.00105575
0.000865923
0.00126101
0.00371368
0.000503267
0.00124125
0.000248145
0.000679317
0.000507995
0.000522467
0.000943486
0.000301526
5.34199e-05
0.000857849
0.000238951
0.000266682
0.000303612
0.00296684
0.000899168
0.000206336
6.33869e-05
0.000405872
5.41069e-05
0.00112098
0.000868511
0.000510457
0.000247434
0.000142952
0.00134033
0.00100269
0.000882607
0.00170765
0.00150342
2.39867e-05
0.0007318
0.00168294
0.00100851
0.00122201
0.00129154
0.000166218
0.000796686
0.000514941
0.000552656
0.002384
0.000456159
0.000339661
0.00337858
0.00169406
0.000421105
0.0007749
0.00106409
2.55176e-05
0.00065239
0.000366346
0.00379237
0.00304466
8.479e-05
2.60509e-05
0.00129572
0.00107551
0.00359767
0.000614488
0.00194186
0.00196496
1.24537e-05
0.000670055
0.000243352
0.000743244
0.00228977
0.00135753
0.00263862
0.0048437
0.00182905
0.000282912
0.000692737
0.000979145
0.00432077
0.00133144
0.00168782
0.000161133
0.00223873
0.00348563
0.000741486
0.00110779
0.000295167
0.000316732
0.00355455
0.000465125
0.000679038
0.0035907
0.000737412
0.0028938
0.00470938
0.000435742
0.00201644
0.00129719
0.00059396
5.23754e-05
0.000919338
1.66378e-05
0.00203496
0.00315923
0.000738425
0.00386589
0.00067626
0.000248957
0.00508997
0.00115151
0.0038888
0.00210595
0.00204277
0.00468329
0.00658185
0.00130347
0.00197292
0.000686333
0.00234241
0.00199363
0.00352685
0.00429375
0.00120112
0.000827056
0.000431938
0.000548519
0.00183048
0.00162106
0.000868983
0.00138951
0.000847171
0.000977991
0.00237576
0.000185621
6.70077e-05
0.00124936
0.000234306
9.51875e-05
0.00144741
0.00286459
0.000829314
0.000970175
0.000701143
0.0019171
0.0016344
0.000203125
0.00137748
0.000267426
0.00130219
0.00160573
0.00102741
0.00305199
0.00126711
0.00190138
0.00848197
0.000144722
0.000860501
0.000954042
0.00107292
0.000233856
4.78581e-05
0.000213244
0.00112271
0.00108464
0.00214511
0.000561259
0.00208215
0.000371698
0.00138389
0.000111881
0.000835316
0.00254317
0.00231365
0.000850727
0.00364834
0.00365775
0.000234976
0.00308958
0.0014356
0.00197939
0.000415832
0.00138711
0.00237334
0.0010665
0.00163326
0.00407438
0.0018356
0.00312986
0.0010576
0.00231208
0.00174448
0.000336404
0.000507197
0.000311795
0.00224611
0.00112644
0.00102474
3.69047e-05
0.000359968
9.21756e-05
0.00257867
0.00306681
0.00122987
0.000906172
0.00269165
0.00219821
0.000504977
0.00166905
0.000143797
0.000551269
0.00288517
0.00121168
0.000294517
0.00199617
0.000254294
0.00139414
0.000272377
0.00166858
0.000988416
0.00135796
0.000970795
0.00450852
0.00147951
0.00351468
0.00231063
0.00171383
0.00307342
0.00321013
0.000133331
0.00292837
0.00319659
0.00345655
0.00542605
0.00124914
0.000936904
0.00827464
0.000956628
0.00152358
0.000920467
0.00196405
0.000487944
0.00384741
0.000458116
0.000825739
0.00135174
0.000742613
0.00152082
0.00183783
0.000696778
0.000549988
0.00446847
0.000473203
0.000527869
0.00213296
0.0048545
0.0042771
0.00124682
0.00173273
0.000653709
0.00244822
0.00192723
0.00204059
0.00520055
0.00397707
0.000375777
0.000261041
0.00652763
0.000425171
0.000460368
0.00569006
0.00168238
0.000319147
0.00115207
0.000801948
0.000269116
0.00350945
0.00137433
0.00104056
0.00103196
0.00170644
0.00063417
6.76988e-05
0.00204916
0.00103511
0.00235661
0.000265794
0.00104464
0.000111289
0.000252033
0.00241045
0.00135351
0.00235145
0.00132231
0.00142643
1.13259e-06
0.00269693
0.000249417
0.000861995
0.000866178
0.000273298
0.00096896
0.00061062
0.000510296
0.00501721
0.000199521
0.000172542
0.00055257
0.000436042
0.000353084
0.000490078
0.000274945
0.00182617
0.0042775
0.00174251
0.00148412
0.00246787
5.24963e-05
0.000670679
0.000417733
0.00101813
0.00111162
0.0016545
0.00144253
0.0021788
6.33998e-05
0.000971057
0.00079711
0.000315066
0.000713815
0.000197319
0.000216795
0.00224137
0.00182432
0.000450005
0.00088951
0.00250206
0.000537175
5.2793e-05
0.000966991
0.00252404
0.000150735
2.7869e-05
0.000209552
0.00215949
0.00138922
0.000778561
0.00081508
0.00191297
0.000888452
3.4881e-05
0.000432242
0.00163246
0.00116094
0.000523193
0.000216708
0.00166673
0.000673089
0.000101249
0.0010361
0.000853599
0.000234472
6.36665e-06
0.00018293
0.000109914
0.00128923
0.00110423
0.00105542
0.000180696
0.000430531
0.000172229
0.00207294
0.00022455
0.000248791
0.00322499
0.000207263
9.28064e-05
0.000490597
0.000833971
0.00070265
0.000904238
0.00187361
0.000911392
0.000156967
0.000362864
0.000300009
0.000267133
0.000167059
0.000714923
0.000998844
0.000560574
0.000555971
0.00245198
0.000248936
0.000568973
3.18141e-05
5.29447e-05
0.000729672
0.000670986
1.59231e-05
0.00141286
0.00156352
0.000822729
0.00148022
0.000416701
0.000125355
0.00176941
0.00124754
0.000199591
0.000427549
0.00099023
4.85238e-05
0.000685005
0.000153899
0.000369514
0.00286747
0.00146891
0.000481382
0.000737791
0.00208238
0.000244276
3.4587e-05
0.000245138
0.000766029
0.0014159
0.000951045
0.000894776
0.000917763
0.000314212
0.000355942
0.00016202
0.00087576
0.00344161
0.000722861
0.00140924
0.000756272
0.000453587
0.00151946
0.00025256
0.00116793
0.00106608
0.000513475
0.000751564
0.0006744
0.00068306
0.000839676
3.00732e-05
0.000573573
0.000683316
0.000472102
0.00136264
0.000739375
0.000457525
0.000747186
0.000150041
0.00197514
0.000941083
8.32152e-05
0.00146176
0.000228114
0.000675074
0.000366073
0.000245185
0.00192301
8.04181e-05
0.00141828
0.00134804
5.16354e-05
0.000164092
0.000496646
0.000448717
0.000353455
0.000976009
0.000622801
9.06664e-05
5.98194e-05
0.00064834
0.000395955
0.00028556
0.000889787
0.00141661
9.36105e-05
0.000530038
0.000316538
0.000397688
0.000452928
3.80299e-05
0.000511776
0.000163986
0.000762361
0.000618122
0.000120092
0.000720372
0.00128412
0.000576614
0.000396997
5.42758e-05
5.54126e-05
0.000658581
0.00026176
0.000467781
0.00155237
0.00015064
0.000272199
0.000126905
0.000482631
