0.266398
0.067569
0.257032
0.234073
0.299882
0.00618292
0.0146497
0.106204
0.0820455
0.778861
0.246293
0.290047
0.0170142
0.0109317
0.0150363
0.0339517
0.0228012
0.442536
0.0710972
0.0591465
0.360002
0.0443711
0.173062
0.00926647
0.425108
0.0439338
0.0338277
0.0767249
0.0116389
0.00988677
0.0179354
0.052006
0.795031
0.0347112
0.792121
0.0171882
0.207176
0.62621
0.0980334
0.255627
0.122726
0.0704705
0.0314938
0.202492
0.952879
0.136191
0.0160492
0.112527
0.0107377
0.0314042
0.143223
0.121906
0.00711771
0.093181
0.00344395
0.0871374
0.120967
0.0333644
0.260682
0.00753283
0.0287395
0.212765
0.0356276
0.0175961
0.62416
0.231604
0.131474
0.15291
0.0326133
0.800791
0.256769
0.47731
0.048679
0.283928
0.00417912
0.408484
0.872088
0.945714
0.0210511
0.128592
0.0162618
0.686745
0.689425
0.0867176
0.123277
0.0343238
0.0393926
0.581902
0.0437523
0.135596
0.0406903
0.0326422
0.222931
0.0852549
0.081068
0.15149
0.104939
0.218902
0.320854
0.488413
0.0190114
0.35323
0.531428
0.00581476
0.186012
0.0135826
0.860086
0.021789
0.204605
0.844447
0.0602959
0.0349428
0.152413
0.334938
0.151846
0.0496205
0.947985
0.158294
0.0168601
0.581838
0.904602
0.152105
0.822194
0.0105054
0.0167195
0.0813367
0.12433
0.403086
0.342468
0.0184806
0.138853
0.936665
0.188019
0.157287
0.264406
0.0537931
0.0399964
0.0202984
0.69124
0.0816917
0.0184677
0.0842508
0.0652196
0.327213
0.344418
0.0754594
0.113125
0.147175
0.0206582
0.186534
0.231907
0.100248
0.126786
0.224613
0.144838
0.615509
0.0900849
0.838289
0.159198
1.01595
0.423862
0.0107073
0.0447321
0.427219
0.139379
0.0272901
0.00785742
0.0067199
0.089906
0.248338
0.0124052
0.0184695
0.348965
0.27624
0.339876
0.0691721
0.762158
0.0134714
0.0113266
0.0177501
0.271342
3.39504
0.0290711
0.84746
0.089138
0.10512
0.377015
0.0117376
0.0172833
0.0175431
0.54292
0.349238
0.403602
0.207153
0.861905
0.00701639
0.175948
0.132972
0.710924
0.146528
0.0672586
0.72099
0.00831511
0.0145367
0.576327
0.334781
0.256188
0.779149
0.00888555
0.00445635
0.186594
0.0329269
0.0932492
0.0583935
0.703384
0.176248
0.281242
0.0674129
0.125374
0.0273739
0.33149
0.028941
0.0274773
0.0561359
0.66542
0.0466425
0.0383113
0.0649481
0.688621
0.0416059
0.030281
0.0343696
0.0251321
0.410119
0.0333685
1.02226
0.819561
1.3194
0.191529
0.217858
0.294586
0.205499
0.222772
0.00440587
0.0806064
0.591691
0.0119054
0.0968212
0.497034
0.0118383
0.0336583
0.107453
0.20394
0.0160004
0.0246652
0.333687
1.00278
0.016095
0.0426489
0.0588267
0.497719
0.522579
0.0139803
0.413511
0.807464
0.116757
0.00882323
0.011526
0.065641
1.48658
0.0408745
0.00899366
0.00945079
0.0192667
0.0263016
0.591891
0.0748813
0.878742
0.0193482
0.0349844
0.0357315
0.00693005
0.0339042
0.0197636
0.0660114
0.060079
0.0186281
0.057911
0.021593
0.0135152
0.0515204
0.16331
0.166873
0.0251325
0.00500666
0.0131996
0.0103227
0.0471043
0.125597
0.450338
0.0117945
0.0284698
0.128165
0.159084
0.976846
0.151931
0.0148873
0.172708
0.0263261
1.97971
0.12256
0.137425
0.18962
0.0199726
0.442043
0.0969364
0.140782
0.172805
0.710891
0.800789
1.84592
0.0975312
0.336672
0.00114091
0.432226
0.519892
0.823534
0.0217943
0.479742
0.370998
0.0945944
0.0300872
0.0867083
0.720995
0.0759672
0.330001
0.0868713
0.0488052
0.102847
0.285097
0.00952521
0.378911
0.305006
0.0870803
0.273879
0.0872669
0.00909242
0.0222901
0.175422
0.322867
0.349592
0.0176798
0.143868
0.0418597
0.126513
0.634339
0.0349076
0.0206263
0.0483377
0.736954
0.0826814
0.0178379
0.0820127
0.425567
0.00665724
0.309999
1.03994
0.297875
0.102691
0.0740826
0.0622812
0.0509035
0.337526
0.0592423
0.346612
0.00839692
0.11307
0.0727897
0.0603728
0.284832
0.116162
0.201484
0.0096634
0.0717673
0.571121
0.232532
0.148247
0.119005
0.0776348
0.620231
0.0427682
0.222345
0.231167
0.514134
0.0856503
0.175057
0.14319
0.102744
0.043914
0.278822
0.146363
0.431099
0.0435624
0.0436402
0.514452
0.292206
0.104038
0.0613797
0.0589058
0.0392606
0.0262832
0.0203996
0.938449
0.0533863
0.0334087
0.0473498
0.0410542
0.00692968
0.0294398
0.343709
0.238417
0.0154636
0.239783
0.0104509
0.0137106
0.0934008
0.00716538
0.128059
0.0745395
0.155986
0.527889
0.160299
0.66941
0.0222995
0.00679358
0.0516051
0.2984
0.110571
0.0108725
0.241283
0.0239505
0.160655
0.120994
0.0260221
0.12422
0.0523843
0.0144586
0.0176053
0.166601
0.0467377
0.09691
0.035436
0.0581338
0.0654422
0.435248
0.0997562
0.0745222
0.106654
0.0829002
0.621512
0.744727
0.0159731
0.00686684
0.32077
1.3812
0.524381
0.926209
0.0385338
0.178507
0.0753712
0.119668
0.0189856
0.0198769
0.0116353
0.286296
0.0712469
0.142415
0.0272638
0.273913
0.645237
0.234961
0.472209
0.0410244
0.471114
0.09356
0.0960842
0.0386034
0.104653
0.0211497
0.0479673
0.123769
0.0623497
0.0741775
0.061988
0.0127149
0.0839186
0.0379537
0.0116617
0.0703884
0.0532233
0.0229731
0.802714
0.0568988
0.036104
0.0475109
0.946548
0.245425
0.0723957
0.262177
0.0117741
0.0692948
0.0100689
0.0677034
0.0722832
0.0744446
0.134693
0.0141985
0.44493
0.0140689
0.0393661
0.050422
0.0366233
0.0326935
1.01626
0.409121
0.0370053
0.024221
0.0100829
0.0556945
0.114354
0.132898
0.46212
0.0234173
0.0611129
0.0824656
0.0293028
0.0126899
0.0299746
0.0150479
0.0440451
0.0675289
0.30615
0.0243051
0.0468869
0.0729869
0.0599994
0.220648
0.0584572
0.0188916
0.695097
0.0463784
0.204745
0.867552
0.433833
0.0129386
1.22089
0.0142073
0.0188227
0.0653881
0.0303443
0.184348
0.158273
0.094016
0.0120989
0.213003
0.168733
0.046604
0.0448859
0.0657534
0.0136418
0.0120841
0.0190007
0.0233697
0.100788
0.0422055
0.0413501
0.0937614
0.0164962
0.770381
0.0212028
0.0134461
0.0418813
0.208426
0.176018
0.0629414
0.00928344
0.0148766
0.0183084
0.00752291
0.028732
0.0370825
0.395067
0.0213288
0.0125445
0.0667914
0.0200659
0.00812032
0.0155938
0.0417761
0.0160378
0.0282534
0.0896201
0.0209474
0.00683308
0.00835761
0.0252646
0.00783561
0.0825248
0.014288
0.00999988
0.0740431
1.37091
0.0121102
0.018063
0.0118951
0.028934
0.0437417
0.0165712
0.0317876
0.0255659
0.0475041
0.0532184
0.881008
0.0231707
0.0170801
0.0356641
0.0137371
0.542911
0.00516103
0.00505239
0.0554809
0.00585655
0.0110218
0.603457
0.708058
0.011381
0.049553
1.09698
0.0107382
0.0453948
0.0119368
0.0723378
0.0213503
0.0259004
0.776325
0.0107302
0.00426019
0.0774878
0.784283
0.00777719
0.00890333
0.0116996
0.00735728
0.0105062
0.0206253
0.00882085
0.00564959
0.0757922
0.256395
0.0165035
1.09996
0.012311
0.252247
0.541815
0.887652
0.406333
0.202556
0.0113433
0.0719546
0.0461057
0.0198852
0.430348
0.211053
0.0203678
0.0476156
0.0179203
0.255304
0.466488
0.0109776
0.0103233
0.115794
0.47623
0.142375
0.014717
0.227887
0.0307162
0.0586229
0.0718792
0.244386
0.709088
0.0050017
1.15694
0.0188171
0.02083
0.0170767
0.0118744
0.065479
0.0215725
0.0201957
0.0101823
0.0141728
0.156967
0.0293659
0.260338
0.0160417
0.0692928
1.4761
0.0182825
0.281654
0.314525
0.193603
0.0698704
0.238242
0.60311
0.0369256
0.538489
0.0901918
0.243742
0.203796
0.0479392
0.270523
0.0250676
1.41289
0.937573
0.0391571
0.0262858
0.0101406
0.172301
0.00383852
0.653566
0.0228697
0.0227067
0.0177336
0.0735634
0.287619
0.0182205
0.0651493
0.0992539
0.0277786
0.350452
0.0520489
0.0312985
0.28331
0.0133248
0.0632949
0.49955
0.0106833
0.439895
0.563443
0.166614
0.0160148
0.00775671
0.0391965
0.0140647
0.891433
0.70449
0.0124374
0.475945
0.0100863
0.190627
0.0430942
0.0296806
0.0332396
0.268846
0.0724915
0.00753831
0.114362
0.0444945
0.0200274
0.190322
0.0225171
0.010753
0.0604939
0.504498
0.0123164
0.209322
0.0527104
0.0333767
0.0271254
0.10163
0.815109
0.0497557
0.0440073
0.0145749
0.0215669
0.0653331
0.0964304
0.0175669
0.520345
0.0201327
0.12441
0.114253
0.0174793
0.294156
0.0971947
0.0300611
0.0944244
0.0249242
0.189001
2.51873
0.0189052
0.00585975
0.121919
0.11604
0.00461639
0.439879
0.533443
0.446384
0.379309
0.0539183
0.193927
0.194926
0.197896
0.0720581
0.0725669
0.0025794
0.0608341
0.00851338
0.0967781
0.701772
0.218825
0.107946
0.0356576
0.00809821
0.648011
0.00303198
0.0481336
0.126889
0.0177344
0.0261124
0.291886
0.460396
0.337554
0.0186663
0.26592
0.0891716
0.0165069
0.409843
0.0219659
0.0148546
0.0589594
0.91121
0.30413
0.0361194
0.00478288
0.0440199
0.0402033
0.181693
0.0278697
0.233997
0.2021
0.190614
0.134638
0.199163
0.00717512
0.0646863
0.0188118
1.05889
0.326151
0.450969
0.0490263
0.21008
0.0911044
0.0348895
0.0151401
0.775756
0.0226902
0.117077
0.778241
0.0799008
0.0363667
0.957293
0.330961
0.0255592
0.0245441
0.00498861
0.00342996
0.449498
0.016646
0.0116581
0.0105336
0.000978926
0.471706
0.0783753
0.101754
0.0259454
0.0365583
0.233548
0.337086
0.165423
0.0199095
0.6305
0.0265093
0.00490373
0.00189506
0.387153
0.785466
0.0316917
0.137924
0.00622918
0.00636383
0.368993
0.0266866
0.262413
0.205218
0.125333
0.0214981
0.0562451
0.0298386
0.0317869
0.065608
2.31533
0.867816
0.735741
0.0731125
0.310389
0.0147216
0.0643472
0.107464
0.0179442
0.0377719
0.0533547
0.0231164
0.00850625
0.187242
0.0222004
0.0206597
0.0384795
0.0183843
0.822185
0.0377634
0.263645
0.412512
0.0889214
0.0785108
0.0737865
0.101845
0.132902
0.653135
0.284113
0.166001
0.0293729
0.177735
0.0156717
0.0846461
0.064205
0.404237
0.0740291
0.0644424
0.0204761
0.641645
0.129488
0.260181
0.0321931
0.376805
0.316041
0.00491466
0.0878302
0.784277
0.224701
0.195031
0.25383
0.0150738
0.191094
0.218566
0.162201
0.118924
0.18699
0.262051
0.0210204
0.183759
0.752004
0.0213871
0.363961
0.0696667
0.321589
0.188653
0.00542432
0.0180386
0.325481
0.225461
0.174448
0.0102706
0.399824
0.0290313
0.160584
0.0159031
0.0199508
0.0319532
0.33353
0.00845616
0.150998
0.0254797
0.0238772
0.0566701
0.0481522
0.171446
0.060951
0.261646
0.0478283
0.287459
0.0351264
0.0767263
0.0440687
0.00683027
0.00642175
0.0290842
0.0199753
0.0158883
0.268761
0.0986204
0.103701
0.0570029
0.0576719
0.0222312
0.183735
0.771509
1.54612
0.553809
0.0100182
0.0366036
0.116611
0.0385667
0.175753
0.00506459
0.0781123
0.160964
0.13231
0.0329405
0.0808394
0.0666129
1.39982
0.0332217
0.019903
0.0553623
0.0648117
0.121689
0.0158892
0.31118
0.0619045
0.0516097
0.0423416
0.0580747
0.0203958
0.0745976
0.0497212
0.666215
0.334677
0.112698
0.0299013
0.0476725
0.0320192
0.0962653
0.100293
0.0190685
0.273041
0.352998
0.0293158
0.0433909
0.0119244
0.204375
0.133565
0.0202596
0.0170819
0.360879
0.182556
0.117438
0.128519
0.0553241
0.0518962
0.0285285
0.10066
0.87657
0.0593664
0.678234
0.0327968
0.0208444
0.0135895
0.0131761
0.0286722
0.0177934
0.289532
0.0162499
0.0326762
0.89244
0.0547115
0.402938
0.0651275
0.658731
0.0228456
0.0566608
0.0310354
0.039601
0.0161838
0.557168
0.0393823
0.027158
1.6512
0.0348132
0.0165518
0.0347415
0.00663347
0.250012
0.0131477
0.00582274
0.0289167
0.0110234
0.141029
0.0265204
0.0722205
0.0300657
0.0393257
0.212477
0.00808088
0.0160892
0.00956983
0.0469133
0.0356687
0.0116427
0.0407793
0.0394776
0.00614578
0.0148055
0.0462115
0.0998038
0.041871
0.0226556
0.425132
0.0103132
0.0104646
0.0426237
0.0188441
0.009274
0.0318185
0.0296282
0.00596617
0.668861
0.00385414
0.0383076
0.0113104
0.272269
0.010896
0.0397365
0.0583535
0.0478122
0.0239455
0.0134484
0.0175601
0.0732361
0.0106034
1.60637
1.49296
0.0381127
0.830825
0.109157
0.474922
0.117847
0.18003
0.0266699
0.0172181
0.775908
0.0222537
0.0433816
0.134834
0.0165031
0.00221936
0.229299
0.0373974
0.0310563
0.0498877
0.00737558
0.0199593
1.17306
0.0517699
0.121277
0.0260253
0.390456
0.0319238
0.0254258
0.0180102
0.0102162
0.126659
0.129216
0.0253789
0.0113426
0.348988
0.035245
0.338697
0.0464691
0.0181804
0.678549
0.101372
0.149666
0.0462007
0.0193445
0.0120677
0.00801948
0.0115153
0.0207837
0.0246247
1.90056
0.0157074
0.746729
0.119818
0.011868
0.0117369
0.0926973
0.0115798
0.018184
0.0104214
0.565281
0.0701783
0.581986
0.100151
0.00693027
0.0161297
0.421813
0.0081732
0.135446
0.0146507
0.0321948
0.28991
0.0325495
0.0349997
0.0254731
0.0940083
0.04199
0.0464006
0.289422
0.900046
0.109434
0.0194679
0.0357164
0.00638466
0.0208513
0.197718
0.561958
0.00968548
0.0528883
0.00240918
0.17707
0.110967
0.828564
0.117668
0.0706752
0.0461134
0.306428
0.267387
0.308861
0.317617
0.0766124
0.0929096
0.0404518
0.769894
0.0358935
0.0150014
0.00847071
0.187633
0.0229726
0.100473
0.0644385
0.0748504
0.137507
0.14832
0.563876
0.11055
0.243542
0.43066
0.00624719
0.360372
0.072771
0.0162705
0.179389
0.0474935
0.311672
0.130676
0.018938
0.0938176
0.505165
0.308231
0.0132748
0.0345505
0.23913
0.00986564
0.205298
0.22412
0.102309
0.568376
0.0695368
0.0354987
0.646057
0.0407733
0.119416
0.0895336
0.0224526
0.0934064
0.0768134
0.672626
0.555652
0.245937
0.310072
0.0190898
0.507296
0.00793006
0.117165
0.316869
0.0351438
0.233016
0.225401
0.162214
0.080979
0.104775
0.0301658
0.272161
0.479837
0.240011
0.176705
0.964046
0.34419
0.271066
0.00547295
0.197249
0.811311
0.0256576
0.0125298
0.0308168
0.0418651
0.498175
0.0329396
0.0293831
0.0188887
1.02001
0.0448724
0.715954
0.0101197
0.023196
0.00411382
0.0305314
0.684834
0.0259506
0.470001
0.00637134
0.0245196
0.684662
0.0473749
0.118543
0.759625
0.0944833
0.0231974
0.00608569
0.202914
0.0893694
0.0416636
0.00580351
0.129372
0.0145339
0.00441176
0.182029
0.436433
0.161639
0.523982
0.266791
0.380179
0.0496329
0.0791308
0.804397
0.320725
0.38687
0.804994
0.0357975
0.0274567
0.0369286
0.013658
0.3668
0.149148
0.0108979
0.0227545
0.0321967
0.139966
0.823833
0.0989317
0.314242
0.0174612
0.569784
0.0379878
0.344231
0.228447
0.100582
1.80879
0.227509
0.647263
0.0116093
0.022758
0.0309922
0.45823
0.114831
0.0279689
0.725527
0.576728
0.0716901
0.145267
0.0283387
0.144864
0.66333
0.482797
0.0415154
0.0133373
0.0554077
0.261651
0.37828
0.916273
0.108993
0.368339
0.130403
0.168937
0.102722
0.0991014
0.0213455
0.111874
0.161603
0.0998548
0.119518
0.330223
0.638751
0.0217265
0.313274
0.108158
0.203016
0.188131
0.017646
0.23898
0.0240541
0.102983
0.34927
0.0407624
0.247267
0.0223382
0.351569
0.711775
0.365768
0.325677
0.0461755
0.220342
0.418584
0.205529
0.0162931
0.207725
0.279758
0.0155688
0.0912908
0.0870767
0.178626
0.0143027
0.191611
0.194758
0.430909
0.214253
0.461733
0.435356
0.104758
0.764732
0.732983
0.199079
0.0561794
0.0881356
0.0839437
0.273795
0.161019
0.630097
0.00919706
0.384572
0.181802
0.491572
0.730683
0.0544706
0.0296845
0.0169023
0.0298668
0.388656
0.237235
0.442624
0.569518
0.207124
0.356266
0.0331418
0.172074
0.0101853
0.60548
0.025362
0.0342797
0.0123212
0.0138406
0.703749
0.785971
0.011214
0.00988755
0.0149285
0.0170476
0.0281301
0.0867319
0.00980573
0.0101057
0.0915793
0.0283548
0.0807528
0.339833
0.0073396
0.0442453
1.34199
0.0823238
0.0470392
0.0274597
0.0686911
0.124308
0.118363
0.14483
0.677904
0.13436
0.132558
0.107158
0.716347
0.0151156
0.0769221
0.175089
0.147746
0.203477
0.656893
0.291606
0.131626
0.416616
0.0670771
0.079381
0.016727
0.444398
0.0508285
0.125877
0.140449
0.0291055
0.271929
0.00995697
0.0338098
0.0291416
0.020487
0.753206
0.0255866
0.0120475
0.0460441
0.00269146
0.140158
0.016674
0.127848
0.969524
0.125674
0.0066039
0.354613
0.0123226
0.782647
0.0383132
0.0428862
0.549831
0.0208806
0.0591351
0.332738
0.0614295
0.0117496
0.00824114
0.0304787
0.121319
0.0379607
0.492629
0.0120301
0.102362
0.605969
0.0230606
0.024531
0.121189
0.612015
0.262339
0.0453987
0.0144061
0.0146138
0.00907485
0.680205
0.819312
0.00732561
0.0254661
0.252432
0.156274
0.108848
0.0140037
0.0342358
0.00655854
0.0416891
0.0742967
0.0154214
0.242804
0.0224075
0.046509
0.365158
0.00738195
0.00890014
0.0464051
0.274622
0.0537751
0.0350169
0.0462241
0.0846629
0.0409383
0.0195599
0.114704
0.658717
1.41499
0.00939103
0.743693
0.605938
0.0130223
0.0437836
0.0503065
0.165719
0.759688
0.00670192
0.0206614
1.16766
0.0227481
0.0288693
0.0112695
0.0374137
0.00627488
0.475288
0.00542574
0.0182713
0.0592707
0.0442265
0.0144703
0.00978076
0.0192649
0.276735
0.0110215
0.00940412
0.0653949
0.0303365
0.119015
0.103222
0.00994085
0.066173
0.00779543
0.0259884
0.035621
0.0031942
0.0268001
0.0179475
0.176932
0.0957785
0.00891137
0.00704953
0.0402897
0.0198967
0.0043651
0.0947103
0.0552831
0.0252223
0.0140118
0.258799
1.25223
0.0951542
0.0151872
0.0143101
0.320605
0.425123
0.705977
0.0278589
0.293676
0.301348
0.0204784
0.376239
0.0169447
0.385205
0.00877067
0.154705
0.0108182
0.02223
0.00762461
0.189684
0.483831
0.0207417
0.0118256
0.00680019
0.0887348
0.00446723
1.11601
0.016144
0.11768
0.241971
0.348986
1.14505
0.736553
0.109399
0.0479755
0.0250647
0.0116867
0.058727
0.0232488
0.0091807
0.382899
0.85774
0.354814
0.1151
0.070699
0.0179098
0.0458745
0.0327292
0.0220812
0.0308783
0.0447984
0.0229725
0.0162178
0.017802
0.0499459
0.0277651
0.025048
2.45448
0.0711742
0.143267
0.0170369
0.0187646
0.0382997
0.911616
0.0302673
3.40614
0.0252195
0.0128768
1.17408
0.0119907
0.030892
0.0191322
1.02754
0.014186
0.0113047
0.247809
0.976451
0.205126
0.00537789
0.238612
0.0228466
0.661723
0.0106253
0.0121622
0.00834242
0.0263292
0.0168953
0.0233927
0.712206
0.015373
0.0178348
0.581182
1.21108
0.036445
0.00758752
0.0121543
1.24573
1.55807
0.01746
0.0215391
0.0746354
0.0154297
0.019938
0.64001
0.00880422
0.016051
0.699014
0.017566
0.0167214
0.0143742
0.0128212
0.0107156
0.0348698
0.429446
0.0137872
1.65251
0.404959
0.0212965
0.0356855
0.0141695
0.0156492
0.186939
0.0294814
0.0137117
0.817396
0.837038
0.0737705
0.757691
0.00997385
0.025757
0.0581279
0.0079312
0.0079011
0.0122518
0.00344153
0.0386046
0.0353003
0.0452159
0.02304
0.0243498
0.0215892
0.0117757
0.701006
0.0648401
0.82278
1.21502
0.0408207
0.038933
0.896419
0.0131153
1.30956
0.00919802
0.0113231
0.0157242
0.0372634
0.135193
0.0241348
0.0148112
0.0226861
0.826617
0.101033
0.0217957
0.867291
0.016844
0.0161648
0.185945
0.0319402
0.277977
0.0288733
0.0125782
0.683565
0.00790332
0.0191508
0.0345017
0.0136959
0.687967
0.937767
0.0299098
0.0150757
0.0218721
0.0185911
0.00227382
0.0319255
1.15655
0.0406281
0.0158568
0.0199263
0.0118074
0.0226362
0.0105595
0.0126551
0.00598466
0.00512021
0.097205
0.0257671
0.0080549
0.0162772
0.00754844
0.171764
0.496944
0.0841641
0.365807
0.0110545
0.188487
0.102967
0.0371759
0.0535945
0.0248957
0.0949135
0.0216744
0.113781
0.0346113
0.142925
0.0404762
0.0145921
0.0178608
0.901505
0.0518579
0.0509159
0.00870014
0.0340116
0.036315
0.0508826
0.0212271
0.0427535
0.0334632
0.0124965
0.129262
0.0485611
0.00400315
0.873526
0.140258
0.05682
0.0306074
0.0403142
0.00654222
0.668079
0.0901712
0.696868
0.0317566
0.0925146
0.0508471
0.116543
0.590516
0.0212673
0.00474277
0.127235
0.816821
0.543772
0.129365
0.00506257
0.0149192
0.743602
5.24588
0.0404857
0.496775
0.00535251
0.0507474
0.0456045
0.709722
0.00908593
0.0128655
0.158303
0.0238149
0.0216638
1.3468
0.983938
0.507245
1.1083
0.0268332
0.024157
0.0358373
0.441115
0.0539073
5.07201
0.202256
0.956622
0.0559376
0.0440427
0.0244901
1.39933
0.0139789
0.0103892
0.663255
0.180137
0.828445
0.079648
0.0432101
0.124704
0.00972795
0.129003
0.211797
0.0320851
0.145278
0.336965
0.372011
0.0263607
0.0281141
0.360713
0.078835
0.061577
0.00720802
0.00808244
0.644939
0.0116619
0.075466
0.0855716
0.0372254
0.062128
0.00604406
0.472577
0.00940258
0.124673
0.00606915
0.010591
0.0209264
0.0206976
0.0230005
0.304176
0.0128818
0.0956616
0.0204216
0.00350709
0.069474
0.0766738
0.0156372
0.0876098
0.729398
0.0887184
0.0548713
0.0656539
1.00197
0.0131779
0.148539
0.385736
0.0419812
0.0857969
0.0380474
0.84895
0.414981
1.01155
0.00764395
0.00497813
0.45801
2.13944
0.0453463
0.043076
0.0199664
0.0476082
0.0505418
0.0163592
0.861706
0.0816627
0.0756789
0.101424
0.0135823
0.0136391
0.00293477
0.0494493
0.710399
0.0090556
0.0326462
0.492473
0.281464
0.380866
0.161494
0.230216
0.0164551
0.522904
0.884975
0.0270108
0.0283108
0.00887324
0.0728242
0.0730702
0.441172
0.0269122
0.0564824
0.00481787
0.0145389
0.012587
1.42583
0.13296
0.111244
0.0614022
0.331595
1.21087
0.988078
0.126018
0.0517408
0.0727904
0.0257759
0.026965
0.0747047
0.529105
0.300088
0.439244
0.036259
0.0555386
0.0203226
0.0516245
1.55409
0.397231
0.0114251
0.0119251
0.0107788
0.0636782
0.00210746
0.0395973
0.0660774
0.040909
0.331774
0.0199007
0.29064
0.0625035
0.0417292
0.0060526
0.00899888
0.11041
0.0530058
0.265858
0.0137195
0.0706843
0.025441
0.00789269
0.0353727
0.0978994
0.948381
0.0200781
0.258098
0.382406
0.00971253
0.0798687
0.0568258
0.108213
0.156341
0.116372
0.299675
0.0275128
0.789108
0.208889
0.0587488
0.0711088
0.1347
0.0539434
0.0169162
0.0456423
0.0171096
0.137228
0.714508
0.30474
0.227428
0.0775818
0.233691
0.0381218
0.0583684
0.0195995
0.00971642
0.0240874
0.0255535
0.0083359
0.0200183
0.0206695
0.135773
0.07796
0.0605282
0.242926
0.220494
0.209334
0.0380193
0.0518914
0.277177
0.00553126
0.16494
0.0435315
0.0557711
0.287144
0.582738
0.10462
0.00768276
0.00429982
0.332768
0.300348
0.253039
0.711308
0.0250412
0.00601669
0.0370766
0.0902865
0.28643
0.121624
0.00497383
0.0411919
0.0614328
0.0113233
0.177424
0.0237019
0.0108183
0.00871027
0.280525
0.0395349
0.768761
0.0539764
0.132187
0.932592
0.04885
0.0921266
0.011803
0.110219
0.00362494
0.0814986
0.103825
0.245169
0.0125406
0.012555
1.17977
0.00794165
0.223304
1.1866
0.131839
0.0150323
0.0695485
0.0752871
0.560874
0.0960066
2.31256
0.00841184
0.00949662
0.0169426
0.522799
0.0132559
0.0284254
0.0102573
0.0324632
0.161923
0.0138628
0.0238984
0.651181
0.432711
0.259192
0.847492
0.0190056
0.0506549
0.703771
0.0504963
0.00283273
0.0428208
0.0575827
0.00537083
0.0286329
0.0599937
0.0120996
0.194032
0.152171
0.0719081
0.681328
0.0105354
0.0134703
0.031379
0.411849
0.0296041
0.231687
0.0233594
0.011093
0.372594
0.0358797
0.0351149
0.486271
0.242951
0.310159
0.0178223
0.00721853
0.125808
0.0415504
0.256878
0.0129464
0.0391893
0.0803232
0.0308409
0.146654
0.0507748
0.202094
0.0826781
0.0205261
0.0110661
0.709464
0.23058
0.944335
0.598642
0.0194806
0.0459555
0.813658
0.0501833
0.0425466
0.00801831
0.0218301
2.2784
0.0172188
0.00414359
2.50204
0.906094
0.0225602
0.0510036
0.0215073
0.00864888
0.544389
0.0752525
0.0363794
0.146252
0.0472607
0.0301244
0.643509
0.0153939
0.155331
0.280484
0.0392269
0.0113908
0.26419
0.0775958
0.0838256
0.0188072
0.032874
0.365168
0.0817765
0.315675
0.0144885
0.215944
0.499898
0.0786758
0.319038
0.111972
0.035921
0.275733
0.0707755
0.176627
0.0992508
0.295176
0.278792
0.0118072
0.438588
0.557177
0.275156
0.0461711
0.0649364
0.262692
0.0128965
0.0776117
0.0450213
0.0693696
0.0165701
0.265532
0.069402
0.0414451
0.00750563
0.0242394
0.123045
0.00844473
0.0400581
0.0573982
0.0059628
0.0130517
0.026182
0.159569
0.972384
0.0163254
0.0491795
0.46991
0.0314619
3.4707
0.0402381
1.2018
0.00712626
0.0144155
0.0224314
0.0116747
0.0565813
0.00682456
0.0129714
0.0530908
0.89064
0.0476108
0.0111508
0.00341112
0.101584
0.0233845
0.032067
0.317108
0.022514
0.0149915
0.668597
0.00710728
0.800905
0.00587412
0.1136
0.257782
0.0203035
0.211749
0.0935215
0.012815
0.103108
0.123908
0.0897428
0.0176017
0.183953
0.245259
0.11858
0.0621558
0.274704
0.0160084
0.564748
0.0931521
0.0182652
0.016929
0.711142
0.0170944
0.088769
2.56428
0.0434415
0.313702
0.0529362
0.0108561
0.00681974
1.51448
0.0711318
0.0603059
0.169503
0.00830707
0.0356287
0.241572
0.0240289
0.592372
0.685794
0.0213322
0.0112402
0.0143687
0.0701903
0.0109558
2.24483
0.324126
0.0387473
0.00923544
0.66161
0.020854
0.0142219
0.583942
0.01229
0.658987
0.26122
0.374747
0.254652
0.0044053
0.963301
0.267825
0.0313849
0.0250644
0.0106437
0.00732266
0.0717786
0.0365039
0.0200393
0.118887
1.16051
0.0697276
0.0425882
0.578563
0.0225506
0.0131554
0.00567264
0.0520098
0.0343006
0.647498
0.00894391
0.0506645
0.0736702
1.94908
0.0191902
0.0272501
0.481478
0.0108082
0.0417713
0.547132
0.0166592
0.0156143
0.0492222
0.042917
0.0408554
0.355656
0.0152858
0.00949334
3.3592
0.110116
0.00387465
0.0426318
0.0243217
0.822243
0.0310742
0.261024
0.0199607
0.0867888
0.00459974
0.310436
0.0143998
0.113613
0.0165861
0.728196
0.0223266
0.0767793
0.0263324
0.353832
0.682674
0.185353
0.00792749
0.308433
0.47239
0.00934366
0.789812
0.342459
0.00436481
0.149679
0.0364607
0.00816246
0.0209388
0.0333347
0.162788
0.591933
0.018344
0.172973
0.0489204
0.569249
0.00566353
0.0303748
1.24233
0.502237
0.0167912
0.00802801
0.292215
0.0285108
0.48544
0.0272716
0.012148
0.0241081
0.94956
0.017303
0.0075987
0.00807214
0.018329
0.0721827
0.0438783
0.0383353
0.00855017
0.0562203
0.316601
0.0211504
0.0174685
0.0096194
0.103288
0.00966815
0.255589
0.0472612
0.187552
0.0216207
0.0272425
0.184467
0.00919516
0.0629278
0.0108496
2.30099
0.610339
0.0673203
0.0211721
0.686478
0.0170137
0.0162676
0.041941
0.0357991
0.121753
0.0187605
0.00463951
0.0474178
0.0815458
0.102615
0.0432194
0.0116816
0.0532251
0.0133796
0.259997
0.0791965
0.0101461
0.00451553
0.014313
0.141357
0.0797046
0.0305105
0.108074
0.545698
0.0633787
0.0186109
0.257006
0.0118676
0.146404
0.656519
0.0470998
0.0424077
0.0224437
0.0702862
0.0248723
0.0717983
0.0251051
0.0138499
0.178882
0.0783085
0.0134995
0.0987285
0.397417
0.0793292
0.0573123
0.292851
0.0447062
0.0278122
0.10709
0.050854
0.735402
0.166183
1.05105
0.145022
0.0923775
0.0172542
0.0188491
0.449961
0.353165
0.0381071
0.273826
0.15388
0.0269391
0.0829247
0.0118552
0.0360618
0.0628339
0.112866
0.337223
0.0189578
0.0300218
0.0456943
0.00643353
0.321933
0.0175378
0.69344
0.0792363
0.0206307
0.029545
0.0196127
0.0181544
0.00507157
0.0234867
0.205704
0.0858562
0.13715
0.179698
0.0168524
0.0678449
0.0193787
0.664662
0.0203586
0.0434227
0.0345741
0.0415527
0.0422129
0.0475826
0.0541371
0.0571834
0.018443
0.102199
0.031976
0.0767579
0.0760374
0.0609382
0.0342869
0.0344211
0.0487906
0.0044209
0.00469842
0.0427486
0.0291761
0.0193448
0.0498509
0.0921711
0.740226
0.0205157
0.290386
0.0765324
0.00822874
0.0773719
1.22911
0.0327922
0.0515409
0.23091
0.0301916
0.0282362
0.0619261
0.0765165
0.0647545
0.801663
0.0260046
0.0101813
0.039388
0.0688149
0.0323166
0.0381648
0.0148804
0.0133509
0.0216047
0.0331296
0.0245981
0.0120497
0.0402095
0.0359457
0.0063505
0.00731832
0.0245786
0.0251495
0.0403274
0.0213688
0.037525
0.0234108
0.0222853
0.105795
0.0283098
0.0882928
1.15952
0.00795262
0.0194757
0.0560807
0.0336453
0.0197357
0.0245537
0.00294212
0.0346038
0.0298956
0.0349855
0.102234
0.0136382
0.0352405
0.0116267
0.0251698
0.0174061
0.0284504
0.0206168
0.050524
0.0628643
0.249899
0.0102615
0.0327312
0.0109255
0.0197102
0.0269609
0.0288834
0.0136503
0.011085
0.0109636
0.0202163
0.0123107
0.026122
0.0341744
0.0462095
0.0132992
0.0695664
0.0594589
1.61667
1.30518
0.811771
0.0477085
0.0356146
0.0257704
0.00523861
0.0630123
0.0231195
0.00347497
0.568191
0.043679
0.0140553
0.016975
0.0612779
0.02423
0.0698226
0.058459
0.221849
0.0121128
0.0128297
0.0134567
0.00448263
0.0220373
0.0744235
0.00871839
0.0681048
1.23832
0.554315
0.745883
0.0201367
0.00873257
0.0201282
0.0436942
0.029004
0.0258418
0.0193052
0.0676892
0.0434554
0.206744
0.282991
0.178851
0.178546
0.0942395
0.0253789
0.0124464
0.780083
0.0287098
0.0470539
0.0146779
0.0221712
0.127034
0.472796
0.0344021
0.0314739
0.006786
1.17626
0.0141575
0.0253161
0.0325319
0.0167213
0.0470173
0.0121957
0.0365103
0.0112888
0.345817
0.00563005
0.0156657
0.01123
0.0173086
0.00890289
0.456839
0.0311883
0.0120991
0.359321
0.00910047
0.0219971
0.0257919
0.355872
0.0348488
0.0207948
0.0225848
0.0386345
0.0466161
0.0283001
0.0307305
0.029491
0.388406
0.00893745
0.0193134
0.0155733
0.0236033
0.0350391
0.0310343
0.015622
0.0140988
0.0210766
0.0218687
0.0198499
0.546922
0.0141851
0.00278025
0.0334673
0.0203359
0.0121987
0.00321194
0.0185547
0.0167663
0.0057223
0.034814
0.0168255
0.0279513
0.0220133
0.0170093
0.0236106
0.436293
0.143713
0.0131126
0.0179803
0.0160347
0.0242985
0.0130477
0.0162586
0.0268324
0.0241237
0.03017
0.00984488
0.0200045
0.0332886
0.024566
0.0331995
0.0192941
0.00481999
0.0149335
0.0165427
0.0330281
0.021782
0.0292954
0.017474
0.0104
0.0151447
0.0163613
0.048102
0.0244115
0.0208365
0.259203
0.0189193
0.0195304
0.00791957
0.0235534
0.0242476
0.0113444
0.0164459
0.0274821
0.0144757
0.0115514
0.0151295
0.00802605
0.00894583
0.0289224
1.15109
0.0127848
0.0320675
0.00735495
0.0122994
0.0195121
0.0146521
0.0086467
0.0263932
0.00988087
0.0148796
0.0352568
0.0125161
0.0171793
0.046565
0.00660923
0.0118331
0.00217214
0.0200525
0.0321555
0.0192975
0.0198317
0.0380961
0.0138007
0.0311981
0.0527056
0.0037229
0.00969767
0.0117221
0.0194525
0.0267927
0.0295633
0.0267033
0.0261351
0.518283
1.05149
0.0307467
0.00398691
0.0883112
0.0273353
0.0130565
0.056013
0.0103327
0.0184097
1.19718
0.14652
0.0225758
0.827662
0.0278
0.0341429
0.00968553
0.013825
0.0403273
0.07198
0.00580999
0.0486239
0.00850236
0.0198223
0.201103
0.034049
0.277085
0.0856339
0.0110048
0.0424074
0.165919
0.729119
0.005612
0.0152144
0.0323664
1.54336
0.525677
0.555419
0.17019
0.0395141
0.0432733
0.00761066
0.0409417
0.0470919
0.168749
0.0506665
0.0344969
0.0653374
0.0228894
0.0113588
0.0311186
0.427666
0.0272177
0.00799815
0.0154383
0.0185816
1.52948
0.214492
0.0456126
0.0122542
0.734587
0.0752025
0.78231
0.101635
0.890671
0.246193
0.571934
0.045671
0.766339
0.014038
0.0382966
0.0184929
0.0195756
0.063186
0.0107639
0.0843982
0.112633
0.15567
0.241533
0.0612884
0.0193429
0.738893
0.0194529
2.29713
0.18314
0.00545614
0.125149
0.0393588
1.05449
0.102171
0.236175
0.00967936
0.171729
0.881672
0.13154
0.0106026
0.196186
0.0191098
0.164314
0.0432528
0.0115492
0.349733
0.107494
0.193122
0.943614
0.0823347
0.0205941
0.0424371
0.0276845
0.0549882
0.0170156
0.00734071
0.720777
0.171292
0.199196
0.0296498
0.0160369
0.0878016
0.0230996
0.0200971
0.289603
0.0153823
0.0420028
0.102674
0.599787
0.0350474
0.0119595
0.868598
0.405909
1.83686
0.118795
0.375307
0.00964071
0.0757908
0.177911
0.0101025
0.0807597
0.0414182
0.0223713
0.0180082
0.308284
0.0331465
0.125617
0.390684
0.542456
0.0243358
0.0602242
0.00788192
0.0054237
0.0667427
0.901243
0.45377
0.10833
0.176059
0.0361241
0.0132236
0.95511
0.00933566
0.090679
0.0140238
0.0119552
0.0268344
0.0382816
0.0100285
0.15605
0.168605
1.18903
0.0121938
0.0248948
0.0970535
0.00249322
0.0886894
0.0594473
0.883147
0.112283
0.0291913
0.0101334
0.830754
0.00837198
0.0625146
0.144871
0.458108
0.0544259
0.0134013
0.0144125
0.0212024
0.065528
0.251249
0.193817
0.0147609
0.0553467
0.022814
0.0393837
0.0765004
0.0436116
0.422733
0.0125659
0.355599
0.00630744
0.0765527
0.0228041
0.0420847
0.00860546
0.0256962
0.0160754
0.261662
0.0340396
0.0949305
0.0347323
0.140103
0.0133256
0.0220062
0.106114
0.0722614
0.128412
0.142251
0.160053
0.23567
0.023948
0.102245
0.0397903
0.313981
0.0197593
0.0667593
0.727097
0.870976
2.68741
0.00843665
0.153704
0.00541769
1.60989
0.0328396
0.210053
0.0121503
0.0309827
0.0677631
0.0135018
0.0190059
0.83308
0.230953
0.148224
0.0243001
0.60284
1.01428
0.0199289
0.0327183
0.0225195
0.524937
0.0635367
0.195747
0.35191
0.0107405
0.00710718
0.213973
0.201671
0.709477
0.132277
0.0684062
1.62574
0.260714
0.123374
0.0544175
0.00738131
0.0250793
0.0360744
0.122308
0.120566
0.018191
0.0341246
0.0168701
1.73818
0.191673
0.0196589
0.018638
0.315116
0.209389
0.00919809
0.0331113
0.228682
0.206072
0.360232
0.689333
0.0121144
0.876988
0.464787
0.0286117
0.00824979
0.14834
0.127466
0.0602963
0.0301069
0.0888283
0.10163
0.186645
0.00948689
0.0472204
0.141894
0.0640678
0.0212987
0.0394552
1.04942
0.27876
0.208808
0.757612
0.214253
0.35694
0.24633
0.0400772
0.10067
0.0785964
0.0972901
0.0269781
0.00671638
0.02597
0.274381
0.35223
0.636391
0.719855
0.334284
0.18454
0.0205687
0.035925
0.0208087
0.11032
0.00405247
0.0903555
0.061533
0.0495565
0.0460713
0.0199608
0.058066
0.677541
0.603489
0.523268
0.968756
0.0222203
0.096415
0.256007
0.491707
0.0412223
0.178825
0.322139
0.0628986
0.00876258
0.0785806
0.0118967
0.0139187
0.548636
0.0229844
0.0419457
0.833424
0.0170718
0.872153
0.013416
0.0440992
0.0165248
0.0250953
0.00424318
0.0290744
1.50435
0.00647577
0.0580655
0.0078509
0.0171809
0.0627887
0.046556
0.0841265
0.00782579
0.212368
0.754942
0.124904
0.210815
0.174193
0.825895
1.68826
0.129899
0.121339
0.472708
0.203631
1.03257
0.571482
0.0818559
0.0920123
0.168518
0.00920016
0.0912174
0.0566731
0.0761069
0.0687375
0.0449309
0.299112
0.0882824
0.278939
0.0662263
0.10331
0.48629
0.0689539
0.0904797
0.353091
0.535548
0.0294511
0.263261
0.217755
0.181386
0.544132
0.0724623
0.636463
1.5303
0.26966
0.671852
0.0386817
0.160711
0.0137464
0.0138112
0.223274
0.732836
0.0159584
0.834203
0.336302
0.0541262
0.298427
0.012094
0.150367
0.00776702
0.0115327
0.533606
0.635078
0.568729
0.0215435
0.0397006
0.184924
0.0473081
0.530757
0.501649
0.93072
0.10052
0.0153885
0.0194714
0.661766
0.793827
0.133051
0.0100886
0.0262423
0.877638
0.0459199
0.0332408
0.0496558
0.0284164
0.0163373
0.0164875
0.0325987
0.0497985
0.0187333
0.0139697
0.0169304
0.678003
0.209748
0.67479
0.310162
0.0862617
0.0417525
0.504382
1.07004
0.208086
0.830436
0.0170338
1.02838
0.339832
0.717747
0.143642
0.78974
0.132956
0.79604
0.0157584
0.0767313
0.60267
0.054556
0.022266
0.262141
0.0244237
0.394367
0.0368148
0.579787
0.28141
0.00548207
0.0839816
0.018934
0.0195621
0.0159512
0.149564
0.933415
0.819387
1.09889
0.564636
0.00779266
0.0154712
0.0808868
0.0192444
0.0678139
0.0203263
0.72064
0.190006
0.00729142
0.0579229
0.005371
0.514685
0.418398
0.135707
0.0777339
0.0490587
0.0362684
0.0675656
0.0293364
0.0437194
0.463993
0.53208
0.0316174
0.586247
0.0464231
0.0108222
0.00512211
0.114769
0.467369
0.135841
0.0555377
0.0776674
0.0780053
0.320598
0.044548
0.143532
0.0186115
0.0332037
0.596673
0.0235473
1.17727
0.0435757
0.0410029
0.0870571
0.0029555
0.683815
0.157251
0.806518
0.654654
0.0519326
0.258537
0.0843538
0.0890906
0.379894
0.0329553
0.247294
0.0904495
0.0458612
0.00577169
0.0510775
0.250375
0.098899
0.05346
0.0245318
0.0256465
0.0655327
0.106418
1.13909
0.0263193
0.233728
0.010369
0.267161
0.0113653
0.565486
0.0873073
0.12005
0.0616281
0.0114652
1.06241
0.737592
0.567451
0.00754758
0.021327
0.0399558
0.128459
0.146548
0.40356
0.0298517
0.00704023
1.45489
0.0686247
1.42991
0.00296788
0.707696
0.0326844
0.144732
1.3503
0.0633484
0.325847
0.0115286
0.0041581
0.0269317
0.379215
0.482979
0.180315
0.0208563
0.200118
0.0416393
0.782797
0.0759188
0.212627
0.692062
0.0150016
0.0095594
0.150973
0.00935245
0.0669513
0.0159814
0.0437577
0.0205393
0.00923051
0.016945
0.062514
0.14092
1.49997
0.0417074
0.0266889
0.0485243
0.207585
0.126616
0.0350719
0.0500341
0.0159733
0.0265137
0.103915
0.112894
0.0808854
0.0188038
0.0182435
0.281774
0.0619755
0.033868
0.0143335
0.0183817
0.129057
0.682945
0.00343707
0.0156493
0.0533514
0.0181806
0.0189085
0.0236805
0.0411075
0.0421562
0.0481519
0.0247511
0.0250011
0.0199365
0.0179531
0.0231009
0.0641883
0.0655032
0.00430288
3.1789
0.0238353
0.0591498
0.739273
0.0644509
0.0257496
0.0384061
0.0495353
0.00778387
0.00995677
0.0387737
0.801578
0.0403359
0.0238778
0.00694886
0.0312259
0.0066783
0.0412485
0.011817
0.00949086
0.0405829
0.576156
0.100507
0.010414
0.176217
0.0171349
0.0294879
0.0453357
0.0384312
0.0140293
0.042105
0.0340143
0.0196182
0.0652003
0.0446828
0.0184056
0.0235071
0.505961
0.0195592
0.0267395
0.0247937
0.0892715
0.0415671
0.0131979
0.0229676
0.0135876
0.00811394
0.0303091
0.0121252
0.0129506
0.0143136
0.153403
0.0326169
0.0173203
0.763884
0.0162266
0.0116003
0.027807
0.0720389
0.0119669
0.0360946
0.0127662
0.0363116
0.0638993
0.0495342
0.0173397
0.0142854
0.175543
0.0215567
0.019786
0.00982861
0.0185952
0.0238267
0.0119269
0.0259477
0.0258615
0.0143354
0.0121133
0.00606164
0.30449
0.00886292
0.819076
0.00708719
0.00290051
0.0126718
0.0145994
0.064193
0.0862764
0.026785
0.104566
0.0922342
0.46196
0.0540047
0.00396934
0.00718027
0.468975
0.00517705
0.175682
0.0198494
0.0547827
0.0184567
0.0118196
0.0387199
0.0660335
0.0390503
0.0250545
0.0239079
0.0313535
0.0133456
0.473414
0.513411
0.0130625
0.38664
0.156581
0.867143
0.0145946
0.373934
0.0265753
0.54381
0.0187243
0.870067
0.00853559
0.0727272
0.0464386
0.0626577
0.0115801
0.0183274
0.0142819
0.330238
0.02291
0.712236
0.0326884
0.0132591
0.00710843
0.0106894
0.0174891
0.837287
0.233255
0.869974
0.200694
0.260988
0.179003
0.0503671
0.200663
0.0190736
0.383318
0.198243
0.0280515
0.0202756
0.158078
0.0503885
0.671388
0.0584881
0.079074
0.193338
0.0802199
0.181392
0.325361
0.0251873
0.244561
0.0214476
0.0202275
0.313972
0.06456
0.551568
0.10506
0.0496741
0.0253684
0.316382
0.360748
0.0135709
0.21633
0.0257669
0.593905
0.145268
0.0142063
0.119619
0.288512
0.0502614
0.149713
0.277276
0.0214869
0.00738862
0.0503364
0.0212368
0.653458
0.0270499
0.0184148
0.0152988
0.0303124
0.0843774
0.813589
0.00988889
0.0419224
0.0420648
0.0258312
1.16652
0.896634
0.0408192
0.0233043
0.560288
0.0362975
0.060341
0.597997
0.429154
0.269571
0.693212
0.0712974
0.0558357
0.412539
0.0258244
0.113532
0.0149519
0.639687
0.0327466
0.0722621
0.0148808
0.00994495
0.0511848
0.0231776
0.134256
0.874499
0.0839524
0.0618934
0.0340598
0.40513
0.0207956
0.0116422
0.0577582
0.0166681
0.00588254
0.0633667
0.0130886
0.0198206
0.13616
0.0666717
0.00463746
0.266358
0.0458549
0.0651905
0.0202712
0.186263
0.150386
0.0176093
0.641959
0.0151509
0.0631155
0.261892
0.073128
0.100192
0.627913
0.0186004
0.0349785
0.00880763
0.166265
0.110505
0.407931
0.0274322
0.196126
0.0258547
0.0785626
0.0799268
0.0655495
0.0217182
0.422998
0.0278349
0.323874
0.0195976
0.41968
0.0233566
0.0615013
0.244191
0.142119
0.353161
0.0086968
0.104997
0.264389
0.0402509
0.11538
0.398608
0.158028
0.181569
0.018577
0.21072
0.279101
0.719118
0.207316
0.490217
0.0924912
0.0934808
0.0163173
0.0244398
0.0207314
0.1012
0.337179
0.212334
0.186572
0.0593271
0.00547717
0.0304598
0.0216383
0.149269
0.113433
0.0666749
0.0550791
0.102542
0.0474042
0.281446
0.0922875
0.248004
0.140502
0.0634256
0.274513
0.286027
0.0553919
0.67639
0.0653625
0.68724
0.396812
0.246671
0.54427
0.0163657
0.0488816
0.109459
0.0507119
0.016402
0.322599
0.307163
0.0082472
0.0705056
0.0915297
0.0814889
0.18354
0.845453
0.00648965
0.182311
0.13433
0.0503552
0.128724
0.0210853
0.265058
0.084324
0.0444427
0.00955709
0.0184745
0.162849
0.633715
0.00639032
0.219097
0.156827
0.0479546
0.133241
0.356663
0.067547
0.00739581
0.0331522
0.0386062
1.10814
0.210014
0.0238233
0.306572
0.0157827
0.276105
0.016101
0.328397
0.582726
0.0216702
0.500783
0.238361
0.202189
1.09493
0.0805244
0.143286
0.0195915
0.413373
0.110987
0.0810106
0.072776
0.010811
0.106627
0.283711
0.0778418
0.442441
0.0548626
0.0876479
0.145762
0.0649796
0.473022
0.545321
0.292592
0.0875472
0.348334
0.0250562
0.76379
0.0081693
0.274074
0.0215495
0.0257834
0.354328
0.983658
0.06131
0.13939
0.0170597
0.0343774
0.062539
0.175362
0.379678
0.0116601
0.110317
0.0474213
0.278102
0.0632874
0.00229591
0.0181993
0.00462084
0.0803531
0.0340418
0.023517
0.0718127
0.0116515
0.237783
0.0392312
0.0122082
0.0558213
0.0667187
0.235282
0.0171668
0.0523281
1.17114
0.413048
0.0721934
0.0136623
0.0358238
0.0339154
0.0238686
0.0283888
0.106219
0.0372249
0.00426643
0.0307152
0.191125
0.098357
1.82342
0.841371
0.0130941
0.0146579
0.103086
0.057446
0.0626776
0.0773996
0.401309
0.0904849
0.484275
0.0231756
2.75315
0.246346
0.0162707
0.0599739
0.816164
0.674544
0.0428113
0.00751771
0.822676
0.114587
0.0139753
0.0166449
0.0553699
0.0522239
0.133589
0.124841
0.139193
0.00308285
1.02039
0.0412902
0.00875318
0.0333958
0.032625
0.0199888
0.272272
0.013814
0.0732311
0.274949
0.0553687
0.1381
0.543921
0.0278644
0.590343
0.118992
0.560302
0.254189
0.03577
0.12323
0.0458804
0.439998
0.130133
0.0375461
0.0571908
0.00945166
0.177469
0.698566
0.947421
0.158313
0.0787282
0.49909
0.0424551
0.352567
1.11621
0.207898
0.0465312
0.298443
0.131747
0.833172
0.332188
0.37244
0.0120644
0.0283789
0.0598576
0.173973
0.00940385
0.0147421
0.0726565
0.0211755
0.0176639
0.062799
0.0261799
0.158675
0.0658042
0.156602
0.0389204
0.114317
0.246562
0.0796025
0.405626
0.0400924
0.0333639
0.168581
0.24183
0.184689
0.7767
0.0226034
0.039629
0.545319
0.107503
0.550289
0.497713
0.457165
0.0315344
0.717722
0.0227235
0.0245612
0.202846
0.129465
0.496517
0.149822
0.723872
0.0499606
0.0331844
0.547693
0.130493
0.556933
0.337074
0.00870099
0.170332
0.180763
0.0305411
0.134093
0.100882
0.433694
0.0366781
0.0765782
0.170226
0.0887583
0.042225
0.285261
0.260169
0.638042
0.276417
0.0315075
0.0136524
0.173216
0.0713548
0.0573512
0.123389
0.745572
1.17454
0.187096
0.0212834
0.639994
0.0495459
0.104121
0.897268
0.462908
0.03171
0.00740124
0.156434
0.0251007
0.362577
0.0197998
0.027175
0.108634
0.510261
0.102157
0.240339
0.14973
0.00715153
0.00828157
0.00414423
0.0114339
0.0601975
0.0268114
0.0492319
0.31291
0.328843
0.328096
0.0785237
0.149961
0.0302412
0.107872
0.166753
0.0866299
0.184752
0.00499577
0.0323361
0.00782568
0.0478216
0.336316
0.31475
0.910721
0.0141133
0.00774226
0.0327494
0.0135028
0.0365683
0.00895686
1.0415
1.5576
0.0121438
1.80257
0.016725
0.0673471
0.354119
0.0792831
0.00880225
0.011448
0.0248459
0.0302641
0.0163531
0.103619
0.212007
0.10305
0.317104
0.032317
0.775558
0.153122
0.089267
0.157933
0.0712424
0.141973
0.00940502
0.0938115
0.207691
0.127944
0.426749
0.133923
0.0495921
0.0296045
0.0278956
0.0276469
0.290783
0.00305151
0.049366
0.059486
0.0102953
0.293443
0.295428
0.31876
0.0291019
0.00534147
0.434687
0.0816179
0.0405537
0.0910281
0.950636
0.0306786
0.173967
0.191143
0.730754
0.107881
0.0242066
0.379723
0.359002
0.0471056
0.0671491
0.226771
0.944063
0.125173
0.138221
0.373017
0.00894622
0.034273
0.121418
1.09118
0.0835902
0.0359357
0.218653
0.276501
0.0141595
0.449335
0.0478907
0.267792
0.109434
0.113494
0.101552
0.0116626
0.0345194
0.0122057
0.0266607
1.00669
0.0208056
0.0967039
0.647918
0.412144
0.0981221
0.0188302
0.0898646
0.038145
0.469675
0.120443
0.108887
0.311766
0.0526287
0.0180916
0.0185922
0.0941352
0.261161
0.152708
0.017073
0.236597
0.0364304
0.0552695
0.338265
0.0750144
0.0205389
0.868916
0.188939
0.512672
0.319574
0.0365228
0.0872943
0.00995499
0.109221
0.551086
0.027032
0.485241
0.00678114
0.453999
0.451779
0.0673089
0.152253
0.475749
0.00499223
0.306774
0.435685
0.269038
0.183178
0.458499
0.0547383
0.194932
0.67074
0.0171634
0.0537496
0.602195
0.0438285
0.619664
0.220646
0.0207327
4.01772
0.274998
0.0168781
0.317579
0.00761147
0.151074
0.800904
0.116532
0.280448
0.170971
0.140435
0.0975812
0.218381
0.12084
0.119321
0.460013
0.212651
0.0492664
0.0188779
0.154653
0.0203014
0.0868209
0.758153
0.281846
0.0277773
0.00551602
0.00845605
1.22654
0.0381993
0.140695
0.0306065
0.0202924
0.244423
0.0500503
0.0321358
0.035277
0.0211857
0.0411251
0.20293
0.0341167
0.31386
0.113933
0.28129
0.210089
0.206591
0.0922172
0.405641
0.13088
0.00687944
0.0135844
0.00804737
0.0458949
0.0163278
0.186018
0.658847
0.045091
0.0146583
0.204266
0.0101985
0.0174241
0.390332
0.0699737
0.140999
0.0614573
0.0254788
0.0308376
0.57272
0.0852376
1.1633
0.0244687
0.0259375
0.0882183
0.145274
0.0643055
0.0424297
0.197365
0.0306981
0.045711
0.254644
0.653684
0.0284184
0.194318
0.346184
0.0221585
0.07469
0.0140918
0.563943
0.0165384
0.140216
0.268881
0.0615361
0.0580465
0.164139
0.017211
0.0702992
0.020161
0.0640096
0.0315952
0.0539342
0.024232
0.184828
0.329022
0.0222919
0.0250419
0.235244
0.017053
0.70692
0.242383
0.0101563
0.180473
0.0329181
1.77116
0.0410639
0.0272712
0.528176
0.0225415
0.0208769
0.0730543
0.268023
0.0197109
0.0969878
0.010036
0.194571
0.331977
0.105393
0.302197
0.728322
0.0149224
0.0492056
0.0753964
1.43768
0.146973
0.0375484
0.0391738
0.152298
1.02399
0.0151227
0.257459
0.325623
0.011687
0.0125906
0.122966
0.0551317
0.0300256
0.0627585
1.03754
0.0101624
0.0203163
2.60748
0.0527396
0.24857
0.0806622
0.34319
0.0296311
0.411644
0.0209779
0.0434498
0.0195645
0.0269423
0.125247
0.0201148
0.0175569
0.16832
0.102158
0.425222
0.387244
0.179327
0.580378
0.056777
0.0248163
0.0229183
0.0108477
0.0351481
0.801097
0.123004
0.979061
0.030071
0.139024
0.719199
0.0933916
0.499797
0.569735
0.959488
0.0721921
1.1933
0.105728
0.484111
0.196144
0.0596441
0.0249839
0.0691016
0.321033
0.68131
0.529676
0.0940848
0.0078406
0.00646938
0.0689528
0.0234634
0.0773859
0.032081
0.00841071
0.0587685
1.14094
0.0171328
0.0544233
0.0375859
0.627084
0.0854899
0.251925
0.773555
0.0102472
0.0278177
3.2657
1.02057
0.947215
0.0456364
0.144446
0.312472
0.0348175
0.0206339
0.390753
0.00494047
1.00795
0.0204673
0.0256454
0.0135909
0.0491948
0.0155352
0.0757926
2.77366
0.027086
0.0186158
0.108362
0.0163159
0.0283663
0.0282104
0.171875
0.0114313
0.0254413
0.0235485
0.0588698
0.0333099
0.014311
0.71903
0.0186653
0.00931223
0.0117969
0.0228262
0.0158914
0.0238358
0.00946416
0.0575676
0.317401
0.299847
0.0144429
0.0258362
0.0815347
0.00683275
0.0451251
0.0294726
0.0738777
0.0801883
0.00521497
0.214438
0.150609
0.409594
0.32945
0.00380763
0.0305837
0.0185699
0.0314968
0.00781167
1.18841
0.134092
0.00681919
0.938833
0.593521
0.343616
0.0218173
0.95672
0.222535
0.555554
0.266871
0.056643
0.0515562
0.0703844
0.0921144
0.734336
0.793203
0.0622824
0.019745
0.443257
0.0346209
0.0230457
0.0102027
0.0400663
0.626741
0.141555
0.0853581
0.297505
0.377692
1.05381
0.0244654
0.0184992
1.14018
0.91644
0.00796186
1.41439
0.0258986
0.406731
1.44794
0.954671
0.0891273
0.0649756
1.62502
0.0595603
1.00327
0.254694
1.65925
0.0225893
0.191604
0.00489007
0.0449584
0.076187
0.534946
0.0808534
2.55204
0.613889
0.0253737
0.629754
0.739707
0.00538238
1.27343
1.33209
0.0852066
1.62331
0.00722916
0.00733413
0.138856
1.7906
0.849703
0.0164269
0.637256
0.425843
0.0651008
0.0150313
0.135099
0.0109599
0.40709
0.0162227
0.844917
0.8069
0.0380042
0.0184688
0.0192061
0.272293
0.102385
0.372285
0.303235
0.037426
0.0167646
0.163592
0.0835758
0.0379915
0.0292247
0.0994725
0.609738
0.0203456
0.0350358
0.0189254
0.0167353
0.223186
0.138217
0.0299618
0.0172007
0.0179299
0.0836771
0.0693004
0.802433
0.0949369
0.274037
0.131661
0.132968
0.311804
0.205501
0.0732269
0.0292298
0.274047
1.19328
0.289301
0.0323798
0.0787809
0.027059
0.782978
0.0619854
0.0848763
0.118334
0.0338044
0.19221
0.335101
0.048986
0.645163
0.0142887
0.0541559
0.0501423
0.0328064
0.00997388
0.274866
0.114751
0.315907
0.506778
0.258378
0.402638
1.28433
0.0723472
0.839648
0.0171078
0.0457997
0.0293348
0.768938
0.0569009
0.290662
0.0366972
0.3379
0.0213136
0.0439527
0.0140598
0.016667
1.09187
0.661282
1.28942
0.32813
0.0257447
0.018088
0.0324167
0.0635914
0.438105
0.177818
0.306587
0.891347
0.0664911
0.0241168
0.98767
0.617302
0.0998811
0.139219
0.225514
0.917644
0.30169
0.172545
0.0254961
0.888262
0.0228508
0.951528
0.156667
0.0411463
0.318877
0.357489
0.531645
0.600404
0.0103653
0.790045
0.0209929
0.0528291
0.010237
0.81776
0.86031
0.428698
0.0439075
0.0219757
0.971662
0.0162335
0.191091
0.0258221
0.214953
0.68096
0.0434619
0.0105271
0.0280462
0.0637116
0.0312977
0.223863
0.0463137
0.307231
0.775396
0.0344237
0.933097
0.00627552
0.719209
0.0195072
0.0369938
0.1143
0.0280494
0.0544017
0.68285
0.725982
0.304855
0.0282574
0.778968
0.515978
0.722369
2.33427
0.0293153
0.655307
0.00945011
0.865089
0.390839
0.0191979
0.0482486
0.23927
1.69485
0.720813
0.0742946
0.40264
0.771045
3.11617
0.0738119
0.681917
0.0323951
0.0253116
0.0145698
0.00601666
0.0193366
0.0269613
0.0259975
0.00983825
0.00988647
0.0100508
1.60896
0.882894
1.1271
0.649731
0.0922584
0.0147807
1.6982
1.5417
0.10902
0.659209
0.0194015
0.840173
0.0780972
4.2223
0.0767079
0.0201284
0.0811808
0.051915
0.0093975
0.019331
0.0110593
0.0672667
0.0261093
0.0511002
0.016064
0.0222475
0.0356038
0.0059605
0.802542
0.022181
0.169594
0.00739479
1.1283
0.0812345
0.724109
0.807146
0.0196749
0.0221002
0.0111519
0.0440861
0.0144853
0.0100798
0.0280443
0.0118699
1.04508
0.0248644
0.0170194
0.13714
0.0306768
0.0491117
1.24988
0.0358986
0.176338
0.305547
0.203884
0.013855
0.030608
0.0978886
0.0934604
3.31347
0.00517747
0.81823
0.0399748
0.734729
0.011221
0.0347505
0.0631524
0.0125809
0.0502783
0.0663151
0.0223915
0.00524772
0.0766253
0.0170281
0.00612551
0.0109867
0.148974
0.260182
0.0284765
0.0696704
0.997792
0.333868
0.0104226
0.0175154
3.36989
0.016825
0.830063
0.56534
0.0217035
0.0313598
0.401781
0.0126988
0.0330643
0.0407492
0.0100802
0.0539125
0.119308
0.0289519
0.0713211
0.0326626
0.0251451
0.0113193
0.0222558
0.0864963
2.08406
0.036541
1.13909
1.21279
0.645189
0.0649131
0.824881
0.869153
0.0473068
0.0252077
0.618994
0.0061166
0.0685812
0.0360264
0.129655
0.584432
2.00528
0.0164561
2.99661
0.00795563
0.117525
0.0278772
0.230446
0.0347664
0.0283866
0.0958501
0.00728331
0.529792
0.00233468
0.070591
2.04326
1.5209
0.143753
0.010068
0.0490849
0.0726335
0.300934
0.0618121
0.603471
0.0140085
3.71553
0.515368
0.0584413
0.0134576
0.781156
0.03647
0.0161186
0.0204416
0.0177134
0.0205173
0.226872
0.0299026
0.0135963
0.0679951
0.0190169
0.0207759
0.0207362
0.730309
0.00634629
0.0192586
0.0218867
0.490459
0.0304504
0.532085
0.165576
0.0434974
0.0043687
0.367503
0.175729
0.0142108
0.0258556
0.0218869
0.0225414
0.00670962
0.0818662
0.0937294
0.0355468
0.412593
0.205681
0.0902584
0.292621
0.545195
0.0891863
0.249223
0.0267807
1.03525
0.60786
0.0380889
0.0391649
0.381741
0.76462
0.0321617
0.232038
0.184658
0.263929
0.216238
0.143612
0.521466
1.10459
0.0328225
0.132295
0.266623
0.00484698
0.732899
0.0966767
0.0905951
0.0430795
0.0312129
0.329451
0.0205484
0.00825156
0.109641
0.146041
0.555663
0.0437801
0.00862933
0.222254
0.130397
0.22961
0.0111884
0.0280679
0.0868865
0.10758
0.0278935
0.0124161
0.0224146
0.0406181
0.284816
0.360515
0.0174551
0.0410888
0.242311
0.48651
0.136995
0.89861
0.0994434
0.114643
0.0302439
0.0916003
0.100096
2.64797
0.110679
0.078844
0.183077
0.452842
0.31566
0.0487251
0.181827
0.0221017
0.0141202
0.0293666
0.73042
0.0337375
0.592239
0.108782
0.126163
0.0181862
0.0339758
0.0467157
0.0591518
0.0619503
0.0164506
0.390646
0.0597635
0.0189452
0.0107344
0.0630821
0.371739
1.39904
0.0764495
0.348439
0.0649999
0.00582075
0.118017
0.0149669
0.106675
1.83654
0.0203558
0.0666231
0.0131681
0.650398
0.267087
0.0608625
0.0232853
0.057008
0.113565
0.019634
0.00794919
0.0655991
0.0172058
0.0442656
0.647557
0.0147816
0.206954
0.0281192
0.0917803
0.00233233
1.05735
0.0107632
0.0435717
0.237676
0.863276
0.810636
0.618839
2.20096
0.0336951
0.197653
0.0197226
0.188392
0.43863
0.299737
0.0347654
0.530883
0.0454813
0.0182265
0.0457957
1.43534
0.00707772
1.0233
0.0279205
0.0550839
0.0802114
0.0106681
0.169758
0.00869738
0.00966057
0.187257
0.0343026
0.300848
0.0149446
0.623418
0.0264886
0.0158274
0.0319433
0.0169849
0.0335909
0.0658517
0.0222483
0.0439299
0.00683305
0.67751
0.0993632
0.0146113
0.0161394
0.00867062
0.0477804
0.0248905
0.0361993
0.0944778
0.0275883
0.0292222
0.381302
0.00946131
0.0160117
0.137792
0.0911232
0.00984079
0.0232089
0.023663
0.711862
1.02515
0.0366693
0.240807
0.0303253
0.0351979
0.0311058
0.0421376
0.0295363
0.290334
0.30584
0.592188
0.142476
0.0606887
0.0436915
0.346951
0.0154751
0.00977168
0.00744738
0.0604904
0.101241
0.00316437
0.0354285
0.0256284
0.129011
0.939611
0.0606226
0.0577186
1.55631
0.0211938
1.91439
0.00163567
0.0371959
0.0478993
4.88636
0.008443
0.0186535
0.0525881
0.0948448
0.0556897
0.0135412
0.0169883
0.0681114
0.0121449
0.077085
1.06019
0.154412
0.0128249
0.0305269
1.17641
0.0151916
0.218876
0.0191472
0.0844324
0.0208701
0.0557717
1.05094
0.856328
0.0255107
0.0613368
2.00893
0.720758
0.551052
0.72114
0.598181
0.0313916
0.00917922
0.379712
0.00633617
0.0901856
0.00800375
0.0731829
0.0243081
1.37618
0.0132004
0.0110944
0.0637894
0.0171074
0.00848918
0.0079619
0.135214
0.0576838
0.028967
0.43778
0.251736
0.264948
0.00601644
0.019226
0.265151
0.0341987
0.865346
0.245844
0.553558
0.116988
0.90548
0.0155077
0.43102
1.12858
0.44122
0.491595
0.105331
0.0112744
1.12232
0.0179112
0.0395549
0.0671569
0.0143273
0.0297399
0.688027
0.0173076
0.61403
0.506431
0.0399168
0.0267471
0.0646203
1.21714
0.381939
0.0664321
0.379733
0.0284978
0.735609
0.00464416
0.181548
0.32185
0.462901
0.0175771
0.0381591
0.0987903
0.106243
0.390127
0.0165065
0.380337
0.604535
1.84273
0.805473
0.629481
0.0429417
0.269785
0.708045
0.306525
0.0474814
0.0114972
0.0593684
0.031609
0.119118
0.021132
0.323274
0.863596
0.207489
0.0487559
0.412222
0.0188445
0.135134
0.139136
0.198933
0.056848
0.0282092
0.409102
0.0752662
0.0178257
0.699276
1.92274
0.0239536
0.0145333
0.550994
0.315315
0.0767002
0.0143927
0.249987
0.0166704
0.546007
0.218083
0.370426
0.102162
0.502953
0.0196579
0.0242576
0.321137
1.86588
0.745945
0.0214293
0.0792054
0.109338
0.0318644
0.0131013
0.0415351
0.0533461
0.0228581
0.353663
0.867621
0.0184345
0.128454
0.0215384
0.189546
0.513648
0.123601
0.0153437
0.779564
0.0345812
0.245663
0.261176
0.0396227
0.784489
2.15457
0.606514
0.531229
0.140813
1.01583
0.221476
0.012419
0.0869877
0.0442684
0.153081
0.556891
0.0244214
0.0274671
0.0597172
0.0136891
0.0189985
1.05326
0.492214
0.0180406
0.0971696
0.102046
0.0303984
0.0120301
0.405885
0.382664
0.0829473
0.0383002
0.602303
2.24314
0.019487
0.0508279
0.100961
0.0534692
0.803784
0.0644711
0.0438361
0.336013
0.1145
0.231402
0.0126969
0.0259718
1.15333
0.0214364
0.391629
0.0511917
0.378329
0.132615
0.0252426
0.0572022
0.0309251
0.163357
0.24907
0.1259
0.566034
0.337172
0.0617785
0.722201
0.152517
0.00715206
0.0392506
0.0709205
0.0104562
0.227185
0.0253149
2.03571
0.098313
2.90825
0.0501633
0.598042
0.164093
0.0860292
0.0557714
0.771772
0.457756
0.0165779
0.208183
0.0169192
0.258827
0.561108
0.243521
0.0133688
0.507374
0.0729416
0.0299317
0.0588011
0.00544688
0.01729
0.0346643
0.240498
0.237797
0.0111017
0.100312
0.00621915
0.0244544
0.0116626
0.0383543
0.521665
0.596869
0.0409237
0.0587127
0.0310795
0.128254
0.093151
3.18548
0.00916413
0.00954374
0.00801291
0.216863
0.310131
0.254761
0.145262
0.0263346
0.621146
0.0354907
0.0289283
0.0620419
0.0313068
0.30729
0.0107444
0.0615716
0.0138954
0.0448087
0.00423309
0.203314
0.150069
0.0479874
0.0211781
0.00199552
0.00509532
0.0604565
0.0546259
0.705436
0.247287
0.00891233
0.0229706
0.0231497
0.0172664
0.0435431
0.141241
0.434089
0.856362
0.150233
0.943476
0.0267301
0.0292675
0.0369918
0.0795111
2.98654
0.0169878
0.033263
0.556812
0.00774148
0.00373715
0.0203958
0.0386322
0.0415096
0.346671
0.0177995
0.0953131
0.0847965
0.718564
0.0442359
0.0173244
0.057019
0.0294741
0.0114528
0.0290799
0.957908
0.481258
0.14558
0.0181578
0.0144465
0.358607
0.00875611
0.0450485
0.618033
0.481127
0.045175
0.0212595
0.0330697
0.0184127
0.998514
0.0156002
0.697414
0.014447
0.0346529
0.00683864
0.350454
0.0843696
0.00701795
0.0385092
2.54085
0.021898
0.0179993
0.0100462
0.0144608
0.0591095
0.0102523
0.0188584
1.57227
0.0124821
0.0195427
0.0104962
0.584954
0.0232028
0.0519215
3.9604
0.0613012
0.454486
0.0174369
0.0111512
0.00950513
0.0689237
0.154504
0.0486151
0.0393625
0.0111007
0.0190731
0.884424
0.152497
0.00760188
0.0137679
2.07392
0.0178924
0.04155
0.921758
0.0369968
0.73065
0.0354928
0.0447028
0.414406
0.0538301
0.0439634
0.0116811
0.0157295
0.023551
0.0395126
0.015678
0.889473
0.0144111
0.498167
0.0188033
0.0713116
0.596449
0.116019
0.0283325
0.0183735
0.464598
0.0204168
0.00391837
0.054947
0.459682
0.0175224
0.0186638
0.0160221
0.076965
1.48413
0.0225512
0.0215904
0.00943639
0.0168517
0.0556559
0.0431527
0.0396266
0.0262464
0.0251465
0.0675532
0.0364688
0.00761313
0.0294827
0.0192523
0.371113
0.00886393
0.015501
0.0216411
0.0111008
0.015111
0.0297428
0.0611465
0.015787
0.0138933
0.00734245
0.0871041
0.00700018
0.0108448
0.00769521
0.0217694
0.0076716
0.0224838
1.44332
0.00997072
1.28081
0.233778
0.0827165
0.41258
0.0162466
0.696113
0.0153518
0.258449
0.313691
0.0198724
0.0244406
0.0216053
0.0608276
0.0277166
0.137137
0.00601503
0.0052836
0.0849689
0.324121
0.0433275
0.111081
0.01832
0.0117612
0.68084
0.0445547
0.212475
0.0438756
0.00825896
0.0272114
0.154233
0.170162
0.00810141
0.608005
0.230416
0.227466
0.161324
0.318714
0.187992
0.199282
0.0772961
0.109093
0.0236771
0.0918858
0.163542
0.314632
0.148349
0.0123461
0.181861
0.432198
0.513628
0.158075
0.25454
0.348802
0.374462
0.0152598
0.0174418
0.0243241
0.437168
0.148936
0.0154096
0.872475
0.0483971
0.672962
0.0735047
0.012583
0.339287
0.362787
0.397182
0.134921
0.00847002
0.111168
0.0581326
0.135493
0.616866
0.219771
0.0919342
0.0100788
0.660605
0.19366
0.0173905
0.178507
0.00786333
0.0328059
0.0210611
0.723258
0.0918333
0.0155925
0.0904039
0.284118
0.0192268
0.0639458
0.0131726
0.0783397
0.378155
0.219386
0.0478476
0.113916
0.0101537
0.27296
0.0518603
0.125217
0.0171994
0.34654
0.00832311
0.656287
0.236576
0.0197309
0.237931
0.0375141
0.537794
0.0284081
0.142328
0.053432
0.020019
0.0800405
0.287967
0.436907
0.151483
0.280428
0.826042
0.0101848
0.0698771
0.611165
0.184812
0.0186635
0.0176045
0.376384
0.0833538
0.0524207
0.707532
0.0451713
0.0195839
1.12501
0.244353
0.311024
0.787445
0.0109356
0.0606353
0.671117
0.381763
0.368066
0.523301
0.352259
0.837163
0.121455
0.00788502
0.27201
0.309855
0.236429
0.0284993
0.327535
0.0180464
0.169568
0.623124
0.0213481
0.00779821
0.070489
0.0202214
0.086039
0.293767
0.00945543
0.0212938
0.0105484
0.316902
0.31232
0.654035
0.0670462
0.306348
0.0503331
0.0254228
0.200701
0.0280595
0.0122733
0.0247191
0.278125
0.0163503
0.575173
0.809293
0.819203
0.0576675
0.0543701
0.0138938
0.110888
0.0861944
0.0394792
0.0325263
0.0782721
0.121427
0.243662
0.18923
0.136378
0.0597085
1.60867
1.01816
1.39148
0.0208938
0.198491
0.307541
0.226991
0.0313817
0.0518468
0.105169
0.0462884
0.0309372
0.570769
0.771182
1.26053
0.689183
0.300096
0.0380107
0.180667
0.413033
0.955523
0.00532342
0.924223
0.110535
0.0161686
0.741653
0.211644
0.0182652
0.412065
0.116137
0.0855808
0.0577761
0.653758
0.0879011
0.300162
0.227058
0.042325
0.382612
0.0228044
0.0469188
0.209259
0.26469
0.524418
0.396323
0.809247
0.383909
0.00994525
0.268688
0.230673
0.894523
0.366092
0.0086557
0.233663
0.0381185
0.00702163
0.0602001
0.0688849
0.459684
0.0946467
0.00487747
0.00412831
0.0293929
0.720455
0.0960413
0.035457
0.132952
0.0290595
0.00738348
0.048364
0.504457
0.226042
0.0767601
0.026453
0.131695
0.0469509
0.0213705
0.209292
0.189332
0.0509934
0.515135
0.0167166
0.0344199
0.0427021
0.00608183
0.749989
0.361975
0.050654
0.0701784
0.0514067
0.051159
0.220749
0.0246643
0.043682
0.0277507
0.698878
0.691428
0.0154248
0.00667416
0.283458
0.0206512
0.228702
0.59134
0.0730316
0.0892909
0.0718227
0.418926
0.077127
0.0883516
0.18664
0.109798
0.00919798
0.385201
1.00892
0.0126803
0.0457837
0.00957252
0.343893
0.135162
0.0317276
0.0530453
0.0108515
0.324183
0.093015
0.0941151
0.352735
0.117257
0.036823
0.0243039
0.0893428
0.0197399
0.66926
0.0344387
0.0747347
1.1613
0.472274
0.0240082
0.111444
0.0313235
0.772521
0.0907486
0.0251108
0.219734
0.0611324
0.0224198
0.0765256
0.076806
0.0171445
0.657584
0.15925
0.123276
0.0127103
0.020799
0.634865
0.0807449
0.0101189
0.794106
0.0199168
0.0165376
0.0475703
0.993564
1.81164
0.310672
0.012065
0.194041
0.0157096
0.00695128
0.0181605
0.00933994
0.685414
0.0248368
0.26786
0.0154556
0.0168943
0.322166
0.0497565
0.0945754
0.217282
0.130528
0.197404
0.188549
0.195949
0.0374234
0.2314
1.24768
0.13763
0.0375428
0.0238907
0.317192
0.00739384
0.0287494
0.0114427
0.00481383
0.333483
0.0411885
0.0248871
0.0102182
0.529889
0.289442
0.799523
0.0334259
0.88204
0.00577289
0.109751
0.787012
0.0820055
0.005016
0.246716
0.618266
0.0255689
0.530029
0.273645
0.70916
0.0287105
0.102217
0.0345463
0.043492
0.118423
0.00881367
0.20998
0.010398
0.015561
0.0524619
0.0294659
0.0312229
0.676425
0.0878164
0.031378
0.0954751
0.135978
1.63693
0.0990869
0.274434
0.0129999
0.0303596
0.587048
0.0562715
0.0506506
0.0204144
0.364202
1.50372
0.999718
1.15332
0.995181
0.900777
0.00792636
0.077698
0.118679
0.119917
0.0108332
0.035837
0.0540812
0.132926
0.368856
0.0375995
0.0128156
0.0157113
0.224501
0.923393
0.740206
0.020096
0.055149
0.166001
0.131782
0.0419903
0.567543
0.599084
0.431247
0.0245589
0.0207631
0.847146
1.37697
0.0660095
0.0541045
0.0148053
0.0182164
0.534348
0.0671027
0.431753
0.0847289
0.963151
0.0812845
1.12521
0.01712
0.0210407
0.0188516
0.0320236
0.0933146
0.00802396
0.872777
0.00610728
0.0306099
0.0148388
0.0754468
0.40759
0.50327
0.0451218
0.0179395
0.932091
0.446964
0.50315
0.0107021
0.0488918
0.171169
0.0140168
0.0319626
0.0147202
0.396095
0.0296806
0.098881
0.0521844
0.654285
0.0170216
0.0750726
0.126295
0.0374645
0.578421
1.34428
0.0185142
0.116417
0.901291
0.0268221
0.10701
0.0160348
0.0249127
0.0175805
0.0148566
0.0100761
0.0320307
0.00552411
0.0143934
0.309996
1.04911
0.838192
0.449656
0.0572709
0.0941353
0.0553247
0.326677
0.141734
0.0566469
0.0205214
1.95598
0.0221499
0.0201601
0.22691
1.60821
0.195241
0.0810142
0.660868
0.0665995
0.618497
0.66009
0.361092
0.0191786
2.17944
0.919697
0.0414069
0.0501039
1.88577
0.845362
0.189768
0.0739016
0.100387
0.0894782
0.642067
0.372368
0.0105825
0.807116
0.682244
0.0357526
1.10001
0.0146112
0.0465576
0.0233973
0.0187667
0.204715
0.0302253
0.134015
0.453247
0.0569927
0.0117662
0.0141453
0.0986588
0.166848
0.0444313
1.1719
0.804978
0.982285
0.0446571
0.0229513
0.0702034
0.881853
0.0657693
0.04883
0.41284
0.793955
0.0510127
0.0355153
0.080944
0.0846464
3.15716
0.0328622
0.117192
0.0176004
0.795978
0.110427
0.0220078
0.0142552
0.00885117
0.195983
0.0190237
0.0610584
0.0707007
0.57861
0.327744
0.0538367
0.0400182
0.0985245
0.0871679
0.0397979
0.0419857
0.0197048
0.0689983
0.223258
0.923453
0.630835
0.0356718
0.0326629
0.858077
0.0328573
0.871872
0.0189097
0.0336
0.0163367
0.790394
0.012322
0.0223333
0.044025
0.0542282
0.0224383
0.0978013
0.0141284
0.184005
0.187436
0.0555953
0.11857
0.391613
0.397125
0.0222017
0.0786162
0.0804645
0.271999
0.153625
0.319025
0.324959
0.00781425
0.0584099
0.0529685
0.322043
0.457026
0.0420712
0.0254461
0.129814
0.0141798
0.469069
0.337737
0.0125756
0.0861547
0.0071898
0.0101227
0.0239828
0.384579
0.00473318
0.0390727
0.0157725
1.24129
0.101695
0.0630322
1.81147
0.0321883
0.0140688
1.38819
0.0125442
0.780259
0.0345962
0.138822
0.021545
0.0211047
0.62413
0.0218539
0.341045
0.0629611
0.438367
0.131379
0.577169
0.0410164
0.00889053
0.445474
0.157556
0.981793
0.0182059
0.0241304
1.91205
0.467035
0.546524
0.0834308
0.28478
0.0213179
0.66334
0.0208595
0.0188868
0.0244017
0.308488
0.0648203
0.449115
0.0435824
0.142028
0.0581997
0.0493243
0.0259644
0.613217
0.0145198
0.0699198
0.883781
0.927168
0.00679769
0.0233928
0.222396
0.0327624
0.0258292
0.0949177
0.547084
0.0592419
0.0315057
0.00892588
0.0423724
0.195031
0.689184
0.0740465
0.079027
0.0116566
0.0117703
0.0490846
0.154593
0.00921447
0.137032
0.259016
0.0077661
0.0109642
0.0683564
0.02504
0.00704449
0.0549375
5.33895
0.0426562
0.0118459
0.0933885
0.00535552
0.343854
0.0817337
0.0160528
0.148657
0.0395869
0.0240198
0.591126
0.0507311
0.346341
0.012959
0.77935
0.950673
0.199625
0.687491
0.0218776
0.0568021
0.405798
0.0317364
0.00906887
0.027895
0.0165645
0.0169477
0.0351991
0.00351032
0.151835
0.027449
0.0756652
0.0086106
0.0841595
0.0616075
1.13516
0.0346978
0.0217314
0.0241404
0.351882
0.00915484
0.0240741
0.0423126
0.0261036
0.141597
0.0267375
0.151301
0.932439
0.00802588
0.0325061
0.551198
0.0968535
0.0917766
0.0333641
0.22543
0.0253835
0.979975
0.103447
0.554427
0.037292
0.0147395
0.0510798
0.517564
0.0828646
0.255721
0.799304
0.26718
0.0245335
0.0142887
0.547387
0.501428
0.0701451
0.0873501
0.634546
0.0175257
0.00760372
0.0680901
0.0468821
0.0251671
0.608095
0.0169124
0.0188742
0.031108
3.52178
0.0621278
0.146145
0.677567
0.0622872
0.0038162
0.101208
0.0743425
0.0386342
0.0292521
0.830892
0.00721651
0.0155134
0.0203976
0.227527
0.00764475
0.00863994
0.00315705
0.0214791
2.62299
0.0130117
0.0184681
0.0226897
0.034633
0.0105993
0.0342144
0.0437471
0.0169786
0.0100786
0.0654009
0.0346943
0.0417078
0.0371282
0.0187341
0.0140952
0.0822713
0.0134299
0.0301467
0.0425916
0.0623153
0.0320076
0.02013
0.0701687
0.0520256
0.147677
1.96621
0.0454408
0.0279257
0.0458147
0.0365943
0.0234763
0.85596
0.0392037
0.0282099
0.0263287
0.576597
0.0292433
0.0238829
0.0761679
0.140143
0.00534383
0.999385
0.0540479
0.000923286
0.0237826
0.277342
0.0766298
0.0248005
0.907553
0.119983
0.0711045
0.775979
0.0365514
0.013696
0.0434633
0.0243796
0.0184964
0.0464654
0.0221897
0.00826972
0.826785
0.0902683
0.0626564
0.0151613
0.0121167
0.0238641
0.00534053
0.036771
0.0163509
0.0201662
0.0152488
0.356453
0.00787389
0.0413186
0.0415238
0.131779
0.854107
0.0607008
0.0206593
0.753196
0.00639575
0.819364
0.0221987
0.03003
0.0117313
0.126722
0.0187268
0.0170629
0.0269876
0.0156009
0.0603197
0.0199706
0.41102
0.018765
0.44807
0.0347318
0.0194913
0.0194136
0.0293238
0.0108286
0.0141037
0.0389372
0.0141063
0.00475036
0.0298516
0.0164663
0.706824
0.158147
0.0635637
0.0168749
0.0243353
0.0080872
0.0252168
0.0427019
0.0186184
0.00619189
0.791684
0.0501327
0.154692
0.0054982
0.886384
2.59044
0.0197315
2.57424
0.632446
0.964234
0.0173772
0.0882552
0.0180846
0.0296044
0.0210882
0.0109464
0.0614825
0.00920118
0.0100014
0.0511975
0.017687
0.0106527
0.0723222
0.0147948
0.872508
0.0457208
0.00726454
0.30926
0.0391783
0.0698698
0.0243646
0.0165398
0.0282823
0.24434
1.03204
1.1293
0.0442038
0.0206645
0.781038
0.426247
0.181386
0.24769
0.0263096
0.0263402
0.00851459
0.0380205
0.0588179
0.460971
0.0123875
0.300972
0.11709
0.0344508
0.828421
0.132883
0.178265
0.0553445
0.0949527
0.104459
0.290423
0.68638
0.0421665
0.0318682
0.217281
0.147948
0.223108
0.104954
0.0820135
0.10174
0.768478
0.0202883
0.319351
0.0341998
0.214484
0.033392
0.00901026
0.109577
0.246002
0.0109324
0.30826
0.00760879
0.0168734
0.0797722
0.205962
0.053928
0.19041
0.153264
0.761079
0.614309
0.0126969
0.0233311
0.215931
0.0262202
0.154456
0.126491
0.492556
0.0525173
0.103536
0.118656
0.00983104
0.323433
0.211478
0.0187911
0.00849306
0.225584
0.0921912
0.24964
0.347334
0.129593
0.942109
0.306237
0.0314846
0.0487374
0.0135951
0.0203001
0.0836314
0.0696071
0.0375676
0.014149
0.0113157
0.00469276
0.791733
0.0653567
0.0344003
0.0721249
0.241324
0.143766
0.157344
0.00575467
0.0231413
0.176792
0.0104884
0.0153226
0.592807
0.116733
0.416503
0.0447276
0.239151
0.0138442
0.0202453
0.0610948
0.193549
0.345135
0.70583
0.0169993
0.0148163
0.0149428
0.00696312
0.0457992
0.0537533
0.0253573
0.216997
0.0190851
0.00875021
0.0336584
0.0212416
0.0116281
0.761179
0.0104275
0.369371
0.854814
0.651896
0.0721448
0.359003
0.205685
0.209279
0.0801152
0.0313329
0.0435088
0.0106058
0.278808
0.195683
0.0906703
0.0755881
0.0159213
0.155343
0.214899
0.102741
0.160313
0.0158167
0.467827
0.00782076
0.340863
0.0240495
0.00549116
0.0123374
0.0977667
0.037764
0.0435109
0.00994636
0.856448
0.0502839
0.026338
0.609517
0.438251
0.807537
0.0486629
0.0181705
0.429011
0.51287
0.0959444
0.729231
0.215402
0.453466
0.248318
0.0250963
0.0611549
0.941466
0.240385
0.0102718
0.270928
0.0114677
0.0202314
0.212777
0.519443
0.0135012
0.396224
0.50358
0.0740883
0.484216
0.0108825
0.169212
0.0523526
0.143463
0.222111
0.0602172
0.335732
0.086832
0.0120852
0.0547126
0.092333
0.0373154
0.337464
0.0492844
0.0620886
0.00951434
0.00601758
0.0343702
0.0197962
0.303529
0.00888828
0.0103822
0.0247214
0.02486
0.0146902
0.0686579
0.101491
0.112318
0.21344
0.195536
0.0490084
0.162171
0.186202
0.111667
0.215991
0.499193
0.488373
0.377891
0.33821
1.01191
0.0325725
0.106658
0.164931
0.403345
0.127269
0.0920045
0.0062534
0.647321
0.00766689
0.15304
0.346232
0.0179264
0.0624339
0.0182956
0.136977
0.0564649
0.0101711
0.0134407
0.0833645
0.463662
0.147176
0.0273193
0.0800404
0.365144
0.127263
0.0344654
0.0175614
0.0491462
0.0786287
0.825149
0.149721
0.447502
0.030705
0.0338708
0.0449422
0.754688
0.0141488
0.011654
0.0222973
0.0333425
0.563341
0.407357
0.30693
0.252443
0.00901193
0.0748324
0.0198201
0.0178944
0.0564334
0.358727
0.294727
0.197355
0.319599
0.804616
0.0200857
0.80435
0.0732066
0.584286
0.0365918
0.462019
0.251547
0.111118
0.720085
1.12376
0.0363275
0.0830145
0.258641
0.434102
0.250556
0.131682
0.0178875
0.0121562
0.404273
0.605828
0.123667
0.0501009
0.0105534
0.0567689
0.0799204
0.149012
0.00843925
0.054941
0.0367327
0.767401
0.019374
0.0103119
0.0341596
0.0189945
0.030301
0.161473
0.878627
0.190536
0.259816
0.0294439
0.0307088
0.303301
0.0423225
0.112278
0.0210004
0.00838537
0.0125989
0.00884591
1.38229
1.21087
0.287844
0.0459024
0.228246
0.142842
0.0571906
0.0251714
0.606207
0.0233763
0.0358977
0.926049
0.0200011
0.0169123
0.721734
0.137254
0.159738
0.337173
0.946419
0.267287
0.0225476
0.187995
0.118088
0.145392
0.0279055
0.124637
0.0369283
0.0496985
0.092971
0.671984
0.150662
0.223162
0.0235297
0.213536
0.0209944
0.185581
0.286164
0.0199087
0.264042
0.278325
0.299857
0.352367
0.0213
0.0488228
0.103275
0.0148708
0.14555
0.0113219
0.0140436
0.0493094
0.577037
0.0177186
0.337891
0.15307
0.0669736
0.0383148
1.62909
0.0108718
0.177211
0.192703
0.141344
0.262499
0.0448612
0.426073
0.26073
0.0301531
0.0197766
0.0200507
0.058759
0.377973
0.098145
0.0190911
0.163905
0.0147295
0.408882
1.41736
0.729815
0.0367629
0.256176
0.069007
0.0251671
0.050138
0.0846902
0.71705
0.0315501
0.16886
0.136874
0.0424649
0.208456
0.190286
0.0831696
0.30823
0.00558247
0.0556029
0.140369
0.00967269
0.126069
1.04221
0.124625
0.0146622
0.0461485
0.118218
0.00769786
0.36325
0.0201979
0.0779214
0.305855
0.209636
0.0759356
0.0888367
0.0612397
0.0167696
1.16315
1.05655
0.0262762
0.278113
0.0842962
0.0068325
0.0753084
0.0228997
0.0127752
0.0471045
0.0319488
0.82614
0.030337
0.112663
0.0406469
0.0636367
0.10476
0.00765707
0.0339142
3.03546
0.564704
0.0484981
0.0500084
0.247118
0.0266149
0.0544811
0.0590184
0.0312796
0.0690822
0.0626581
0.808445
0.0363918
0.0460602
0.0160722
0.447583
0.450212
0.0374773
0.0434534
0.0224879
0.373287
0.0110396
2.69317
0.0378117
0.323607
0.0286594
0.0813892
0.025601
0.0349066
0.0183817
0.0316752
0.0334452
0.397063
0.0667757
0.155834
0.0125723
0.0173665
0.0142741
0.9933
0.00427951
0.673555
0.0220376
0.0138632
0.0312738
0.0295346
0.112933
0.0199881
0.0108781
0.28931
0.0632052
0.616578
0.0310815
0.644887
0.0201555
0.682492
0.0832703
0.265133
0.512959
0.0180496
0.0577583
0.329352
0.0216029
0.0119638
0.302129
0.0939645
0.0179096
0.0128675
0.0378515
0.0401645
0.0282537
0.335684
0.948773
0.0399626
0.0135126
0.078683
0.0156047
0.0550377
0.0203279
0.402441
0.0151423
0.292463
0.0123563
0.00862997
0.00238391
0.0454059
0.0412195
0.111543
1.04914
0.0607295
1.66666
0.185541
0.301619
0.0249454
0.101346
0.0877555
0.0505518
0.0527061
0.0192934
0.00866896
0.736972
0.0318996
0.250115
0.532486
0.0526849
0.0424729
0.0976752
0.0143392
0.00994829
0.0155461
0.0260765
0.02816
0.0351746
0.537687
0.287355
0.00596985
0.716912
0.0401141
0.730368
0.011244
0.5731
0.0942519
0.0258047
2.4214
0.0697167
0.0749845
0.0129016
0.38811
0.125909
4.86953
0.0441928
0.0145562
0.0410317
0.0913688
0.0131387
0.0222771
1.59191
0.00815981
0.0258693
0.0374909
0.0148867
0.0112721
0.0306178
0.0182481
0.0716068
0.010061
0.0164289
0.186964
0.00511025
0.00972548
0.522914
0.534311
0.0690314
0.0237357
0.0376088
0.0418015
0.0565342
0.0106503
0.0130243
0.0241176
0.030877
0.0212434
0.0602983
0.0910309
1.43004
0.0153927
0.0144534
0.0412012
0.0612909
0.150333
0.46969
0.203933
0.0276355
3.1891
0.00774588
