0.225408
0.410382
0.469678
0.105378
0.0727562
0.29765
0.0753471
0.0762046
0.32495
0.413989
0.412127
0.217695
0.345201
0.327609
0.127165
0.147568
0.208928
0.00363385
0.0495048
0.0514472
0.383205
0.0236446
0.452873
0.137245
0.0395672
0.924688
0.0469846
0.062705
0.212234
0.326209
0.656778
0.332431
0.00994038
0.337897
0.463392
0.631823
1.82632
0.235988
0.223089
0.260237
0.454977
0.439305
0.359231
0.595828
0.125449
0.242219
0.169361
0.123078
0.928248
0.394166
0.38514
0.0524263
0.309341
0.00462961
0.738286
0.027924
0.24373
0.102829
0.350418
0.2493
0.442612
0.0968527
0.0646818
0.304779
0.000573689
0.0398402
0.0127015
0.980117
0.0722087
0.129639
0.128761
0.145537
0.406523
0.0122007
0.0758639
0.520266
0.0505194
0.0108582
0.410108
0.04383
0.643378
0.0719376
0.127442
0.06955
1.41121
0.00320232
0.682016
0.126112
0.116765
0.0397284
0.233144
0.188138
0.131624
0.264577
0.277263
0.158554
0.0374874
0.0173965
0.0216139
0.0892248
3.64427
0.284407
0.00446694
0.0925734
0.127914
0.152922
0.31958
0.00775545
0.165446
0.021702
0.0997559
0.00328173
0.0710647
0.323599
0.189966
0.217314
0.222776
0.102722
0.0963977
0.00115129
0.47783
0.0477028
0.612799
1.32734
0.661528
0.194134
0.0774591
0.231461
0.394099
0.524959
0.000579919
0.131667
0.244055
0.0393229
0.287879
0.519936
0.489676
0.571927
0.314426
1.44907
0.605524
0.025538
0.462339
0.366759
0.296446
0.340684
0.199138
0.65817
0.621601
0.0153706
0.169984
0.679204
0.49216
0.372499
0.128972
0.255848
0.0618758
0.394593
0.287747
0.152707
0.0592273
0.159581
0.00472556
0.00813417
6.64373
0.400884
0.542331
3.39697
0.130603
0.0470698
0.265196
0.304778
0.154725
0.0883844
0.220207
0.301449
0.486272
1.16318
0.771938
0.0555967
1.51934
0.650945
0.05237
0.0573999
0.443709
0.229299
0.0151616
0.0190909
0.246019
0.0317288
0.0458274
0.0977277
0.118608
0.0279374
0.166817
0.537483
0.245798
2.29487
0.148268
0.00286273
0.181618
0.272711
0.150392
0.0435833
0.00545087
0.0287608
5.76707
0.052763
0.159219
0.134381
0.172176
0.00538528
0.0102368
0.328976
0.341688
0.201405
0.162274
6.93272
0.0394443
0.0182349
0.0528203
0.0869144
0.356052
0.82635
0.551527
0.0584557
0.0747647
0.240712
0.0157753
0.00574322
3.10846
0.0713206
0.0601513
0.559259
0.574838
0.0538701
0.358138
0.108446
0.0139044
1.26545
0.137678
1.01894
2.4708
0.0613869
0.392699
0.198951
0.00339359
0.036875
0.0866343
1.76796
2.23226
2.39715
0.089813
0.0135339
0.00279009
0.0888274
0.01332
0.27739
1.25671
0.00246034
0.788493
0.266415
0.0347035
0.348455
0.0923913
0.291054
0.407615
0.0657517
0.0306779
0.298378
0.464797
1.7138
0.381924
0.00838904
0.00831454
0.315549
0.002333
0.030013
0.0162385
1.07015
0.0578764
0.198246
0.263091
0.0981933
0.0343768
0.0199552
0.117047
0.94255
3.32486
0.243164
0.00596972
0.0225384
0.420234
0.0172684
0.0996581
0.576037
0.558279
0.0184754
0.535319
2.31798
0.363837
0.0295817
0.604334
0.541066
0.02578
2.07648
0.131606
0.161355
0.341284
1.21968
0.039728
0.40884
0.330192
1.27088
1.18084
0.0687456
0.00189984
0.219829
0.117388
0.418323
0.428567
0.920611
0.97885
0.349967
0.232598
0.320303
0.163126
0.681335
0.0133723
0.207189
0.0110769
0.0781031
0.0630681
0.0119006
0.146405
0.0865011
0.13472
0.161658
0.160634
4.61391
0.00594148
0.198892
0.230013
0.0371397
0.0703874
0.224312
0.273857
0.0842489
0.239252
0.123397
0.0604573
0.954844
0.0165537
0.0167044
0.0340282
0.0515674
0.269225
0.0443971
0.252321
0.226663
0.299749
0.177011
0.201686
0.305206
0.405362
0.0784578
0.19901
0.244412
0.00372277
0.0677779
0.0702182
0.370714
0.29938
0.384975
0.0307593
0.212572
0.614651
0.107953
0.42557
0.538295
0.180977
0.135219
0.0106304
0.00672133
0.125995
0.547526
0.00968563
0.458786
0.356829
0.0181329
0.0265278
0.0300088
0.278325
0.221873
0.337664
0.152348
0.000851984
0.151037
0.31341
0.771276
0.113468
0.0218775
0.00812426
0.00345728
0.0371026
0.0223109
1.69448
1.24321
0.222786
0.274477
0.0319321
0.147232
0.027884
0.169985
0.787301
0.142444
0.0455422
0.190326
0.10098
0.200496
0.173898
0.318521
0.50611
0.226854
0.0553558
0.012632
0.0149738
0.119674
0.33328
0.0851068
0.0379565
0.119782
0.139246
0.127675
0.194845
0.271242
0.436208
0.354179
0.178332
1.71655
0.0248151
0.0100933
0.182571
0.76727
0.11306
2.23398
0.106375
0.365231
0.319333
0.0411094
0.278877
0.197255
0.00689383
0.17096
1.78435
0.212695
2.11947
0.339056
0.0531085
1.29548
0.191095
0.122668
0.300993
0.0736816
0.00874945
0.0536792
0.016763
0.337154
1.20175
0.625349
0.208433
0.180457
0.239658
0.318354
0.0150867
0.0041789
0.333016
0.294007
0.024911
0.068233
0.0329402
0.240362
0.0519511
0.277939
2.37305
1.02171
0.48379
0.103094
0.109016
0.0313695
0.215508
0.258145
0.0597727
0.102621
0.300831
0.11543
0.0638646
0.0808825
2.03791
0.168157
0.246558
0.615904
0.360601
0.0655716
0.261969
0.377673
0.00443731
0.0113683
0.114602
0.13843
0.129947
0.157286
0.974595
0.631962
0.102891
0.121724
0.0107968
0.0450426
0.00727202
0.0567807
0.0182735
0.00608643
0.211985
0.25545
0.0169466
0.0568883
0.00578963
0.180406
0.00907319
0.35454
0.0131707
0.0247825
0.750232
0.998449
0.432796
0.0568248
0.0598457
0.0394477
0.142142
0.00860825
0.0531002
0.301795
0.498264
0.00324922
1.65732
0.0669393
0.0981173
0.122179
0.0288515
0.0098168
0.0431038
0.246168
0.199077
0.303189
0.0103157
0.555016
0.180263
0.0429034
0.373743
0.13941
0.154355
0.156166
0.0377291
0.00968989
0.0119765
0.457932
0.0331692
0.0507943
0.00466187
0.193141
0.0488835
0.00896044
0.251887
0.174183
0.0472947
0.545399
0.221526
0.00963312
0.120364
0.0422975
0.0777915
0.0299916
0.119321
0.00458127
0.298692
0.248645
0.0118101
1.00249
0.0963604
0.517343
0.335367
0.353762
0.468238
0.240879
0.464725
0.0977729
0.0183148
0.41166
0.0266648
0.0229428
2.13452
0.0543585
0.646497
0.0098018
0.114297
0.00267537
2.5524
0.560403
0.245103
0.140042
1.64342
0.0471496
0.215925
0.882444
0.135606
0.0600766
0.578123
0.0513299
0.00370162
0.357865
0.0742466
2.71544
0.0227705
0.0431053
0.816165
0.188504
0.175467
0.259282
0.604712
0.402567
0.0252613
0.544851
0.0379541
0.00641977
0.0957817
0.0852471
0.01094
0.173066
0.00349664
0.0573902
3.12058
1.23837
0.00877876
0.23826
0.146611
0.91208
0.0809189
0.167629
2.74569
0.00407786
0.0599175
0.00261355
1.03658
0.12678
0.347266
0.156603
1.29084
0.107947
0.00576691
1.33915
0.408941
2.08141
0.00592516
0.0101529
0.169343
0.0345343
0.245915
0.0531147
0.0988806
0.0155321
0.831041
0.45775
0.27506
0.255008
0.297887
0.0660046
0.165681
0.0105017
0.0961166
0.101938
0.000589125
0.0922836
0.198863
0.0474663
0.170738
0.288869
0.172566
0.215719
0.178428
0.0243295
0.58943
0.171559
0.0151838
0.0150878
0.192546
0.065719
0.000498062
0.0813046
0.600558
0.0269988
0.0979493
0.0308252
0.210824
0.269913
0.322663
0.045959
0.203245
0.0119708
0.284278
0.258018
0.0345443
0.305845
0.0202462
0.508574
0.0125473
0.151809
0.334811
0.0270894
0.075595
0.317506
0.0125524
0.0146903
0.00315831
0.192691
0.120051
0.205774
0.169442
0.0661065
0.473382
0.0152304
0.0624262
0.0859036
0.000114405
0.267825
0.191264
0.0925272
0.0153195
0.327136
0.414299
0.0130972
0.00349985
0.0439385
0.976642
0.0031014
0.37852
0.115959
0.0254277
0.229887
0.631649
0.0567919
0.34273
0.112111
0.0661241
0.186428
0.0324414
0.504871
0.185567
0.00309051
0.240648
0.332365
0.130973
0.219578
1.1061
0.831118
0.0399138
0.0198021
1.90312
0.0040124
0.0729247
0.369218
0.00766685
0.23886
0.294132
0.129782
0.447785
0.856975
0.00212797
0.0845769
0.230806
0.129324
0.0187801
0.0128657
0.0788069
0.037527
0.0253988
0.0197052
0.341802
0.0247036
0.159071
0.0894575
0.162309
0.370385
0.113623
0.0200083
0.0959159
0.0634249
2.66818
0.00486572
0.0674398
0.119965
0.625261
0.124454
0.365781
0.116875
0.0176368
0.0223779
1.18816
0.00652159
0.181504
0.0804318
2.07437
0.711063
0.371185
0.0024654
1.16479
0.00677239
0.167583
0.599656
0.0169804
0.124731
0.0964467
0.11384
0.2093
0.00170334
0.00380728
0.271444
0.106408
0.103507
0.0274483
0.322798
0.00113466
0.398963
0.306851
0.230357
0.00922747
0.103325
0.00930312
0.0821595
0.102633
0.310978
0.184745
0.05114
0.370065
0.100945
0.0568412
0.0119427
0.104925
0.142488
0.325482
0.251037
0.560137
0.178819
0.185855
0.404004
0.00966807
0.128808
0.914265
0.0596585
0.379448
0.0745043
0.0782805
0.279564
0.0127094
0.115058
0.276554
0.0836563
0.592569
0.0779468
0.00936194
0.0191611
0.0297969
0.218671
0.181631
0.0974144
0.0181834
0.0391748
0.227559
0.138909
0.0331265
0.0175286
0.124664
0.0656484
0.152569
0.101909
0.296942
0.53243
0.139298
0.3605
0.337888
0.825984
0.0158573
0.616614
0.402856
0.396939
3.57618
0.0173143
0.397647
0.0394802
0.0158116
0.43029
0.239087
0.748984
1.43534
0.0436437
0.236533
0.102297
0.176584
0.0685923
0.849195
0.0755637
0.300971
0.289452
0.134091
0.146319
0.177349
0.178751
0.0207368
0.22742
0.459019
0.0818662
0.238371
0.0713089
0.211023
0.0065946
0.00319628
0.199765
0.295055
0.153167
0.0115997
0.315926
0.0354499
0.451667
0.111307
0.153584
0.775428
1.54857
0.0528174
0.194249
1.83938
0.125953
1.54701
0.0395201
0.088443
0.00342311
0.233715
0.235902
0.280005
0.0409027
0.224392
1.2215
0.112975
0.670315
0.0893941
0.0172503
0.103585
0.201074
0.522588
1.16318
0.00403655
0.290979
0.0901286
0.21243
0.562852
0.113715
0.159882
0.396431
0.214302
0.0910066
0.0106909
0.19271
0.311924
1.01092
0.0871193
0.623951
0.634175
0.331817
0.544667
0.203598
0.232837
0.233538
0.100343
0.405375
0.446834
0.0167149
0.00400667
0.0090888
0.0856346
0.000913261
0.0246582
0.220246
0.00980788
1.28038
0.0577636
0.100002
0.458302
0.0225289
0.296359
0.0384336
0.278907
0.0815855
0.0253452
0.131415
1.98678
0.0500569
0.0815136
0.102523
0.0762214
0.08979
1.41669
2.27581
0.00677036
0.590111
0.0119642
0.406609
1.09906
0.224474
0.0036179
0.0448598
0.038404
0.273733
0.215607
0.374676
0.271321
0.0176258
0.554265
0.0468904
0.308722
0.0516778
1.54446
0.14683
0.158327
0.0672742
0.0128394
0.450592
0.0333917
0.016944
0.25542
0.00759689
0.183719
0.0094614
0.295177
0.126779
0.1218
0.145463
0.027401
0.0940157
0.0599844
3.08064
2.53166
1.73883
0.347895
0.168193
0.229622
0.851474
0.00711061
1.23994
0.347622
0.208935
0.0376317
0.0517393
0.31067
1.58001
0.327519
0.026645
0.939175
0.0677029
0.0266645
0.0158
0.602672
0.122642
0.100356
0.484698
0.677397
0.38924
0.172974
0.157751
0.167375
0.0946608
0.0536012
1.05996
1.5921
0.204026
0.142887
0.0223913
0.00706331
0.118561
0.261204
0.00371519
1.24875
0.206225
0.00761478
1.40216
0.0111952
0.188462
0.0273916
0.0316054
5.86362
3.14673
0.0257579
0.385869
0.231553
0.00336803
0.110403
2.03378
0.0287699
0.391352
0.0536344
0.483811
0.0174346
0.223647
0.416717
0.0138616
0.0141404
0.00630615
0.0215591
0.00903027
0.14899
0.0825483
0.0306899
0.203085
0.0659912
0.00881841
0.244396
1.25805
0.0480713
0.0510416
0.414816
0.239389
0.0971737
0.463769
1.50903
0.0169078
0.00300512
0.0309097
0.0182044
0.00994488
0.341593
0.0691098
0.37914
0.00226722
0.12061
0.0338665
0.10478
1.50723
0.183413
0.0170273
0.0042911
0.840734
0.0267629
0.445626
0.226505
0.813198
0.00822899
0.117649
0.0163196
0.245271
0.0298162
0.178905
0.195417
0.0173354
0.362366
0.0161259
0.0733583
0.125432
1.69938
0.397762
0.00530871
0.00779054
0.184932
0.519741
0.328127
0.0271792
0.00896918
0.295866
0.438078
0.367763
0.165008
4.79216
0.362266
0.394319
0.126292
0.288972
0.0607801
0.00433248
0.317436
0.158677
0.268489
1.5135
0.0462864
0.212335
0.439415
0.147124
0.434684
0.0130933
0.0125823
0.0145148
0.0563937
0.00193935
0.382702
0.0666224
0.0488553
0.34332
0.0829681
0.277396
0.528884
0.00287256
0.0286437
0.192941
0.150045
0.00345705
0.0320732
0.27993
0.139124
2.18818
0.0183967
0.147196
0.21249
0.00488478
0.227244
1.55226
0.104883
0.00779406
0.0333717
0.0051851
0.00130488
0.0434878
0.0341623
0.125867
0.0533713
2.13364
0.0799676
0.0247739
0.0115322
0.00397158
0.29655
0.218645
3.48147
0.505495
0.189559
0.123708
0.0189827
0.729272
0.0848382
0.607048
0.582061
0.144654
0.0756132
0.0217092
0.071143
0.599611
0.585527
0.0948094
0.657898
0.0822144
0.0368731
0.144082
0.678952
0.0188548
0.163499
1.02618
0.314219
0.309398
0.399365
0.204088
0.3018
0.216619
0.566088
0.15316
0.216116
0.272318
0.135325
0.0835142
0.064146
0.481973
1.09686
0.570656
0.0495125
6.5824
1.16259
0.0112965
0.00548302
0.0558639
0.00243403
0.221688
0.386346
0.153094
0.0139859
0.900915
1.02864
0.286484
0.113485
0.942422
1.02872
0.298403
0.578406
0.371494
0.275913
0.0201979
0.160228
0.645153
0.407493
0.0271879
0.0828662
0.448054
0.0334228
0.234978
0.606009
0.0474822
0.136711
0.56487
0.0497318
0.371798
1.91862
0.00586769
0.378818
0.352588
0.128881
0.141947
2.83132
0.721346
0.0725278
0.296782
0.00584103
0.00156337
0.0276882
0.146203
0.00239859
0.404575
0.0292505
0.0238928
0.00342573
0.15872
0.398529
0.0740258
0.178025
0.00253799
0.17958
0.181704
0.083392
0.118935
0.102137
0.22146
0.00938657
0.0560154
0.140648
0.38007
0.709268
0.0831704
0.133066
0.458354
0.37965
0.320309
0.183439
0.0112168
0.546031
0.244257
0.255487
0.0881573
0.284932
0.531865
0.250829
0.0607748
0.0120727
0.0909161
0.360294
3.27827
0.2826
0.196126
0.692747
0.0173839
0.135539
0.150063
3.61091
0.521083
0.188845
0.0285632
0.290896
0.14339
0.589405
0.503227
0.0106005
0.0210887
0.117305
0.296364
0.0891361
0.166692
0.0657338
0.176206
0.128175
0.1805
0.0222981
0.126267
0.075599
0.0551297
3.59065
0.201438
0.0572998
0.0613959
0.264688
0.153274
0.174205
3.26502
0.356395
0.089593
0.267806
0.266735
0.0222991
0.316517
1.66243
0.208322
0.0529328
0.461804
0.113714
0.0381966
0.115533
0.518691
0.00816336
0.354491
0.227222
0.0940178
0.0485798
0.230706
0.419983
0.823264
0.457268
0.292571
0.417477
0.22984
0.0662684
0.0912019
0.0165497
0.470747
0.196446
0.204979
0.0309677
0.159634
0.10436
0.381746
0.949256
0.0276799
0.0119322
0.272983
1.34106
0.0773856
0.0546262
0.589364
0.0468544
0.586592
0.0091364
0.0564204
0.143714
0.198966
0.6026
0.375705
0.426193
0.127855
0.402677
0.175584
0.852013
0.639908
0.102568
0.793975
0.357367
0.966778
0.164914
0.157298
0.0619493
0.182031
0.0651581
0.086481
0.00992494
0.495071
0.173049
0.00356942
0.445816
0.264956
0.115887
0.159421
0.326378
0.416168
0.673933
0.156635
0.228236
0.16054
0.116699
0.677127
0.00361194
0.0210378
0.352979
0.270546
0.151394
0.35724
0.0999618
0.00856809
0.0302894
0.13176
0.0911499
0.00691685
0.227987
0.396468
0.00507479
3.85743
0.0750219
1.56454
0.229242
0.00333262
0.492865
2.63264
0.324135
1.76086
0.0178099
0.0121011
0.121706
0.0047193
0.325678
0.0286228
0.164549
4.21557
0.00924645
0.310085
0.379808
0.116969
0.0448287
0.139447
0.00726141
0.329225
0.618212
0.24035
0.0925406
0.0672552
0.403651
0.26782
0.0308434
0.0819973
0.0306416
0.397895
0.140575
0.0395929
0.0889022
0.0796207
0.278679
0.112069
0.00315097
0.0125084
0.0829837
0.0177123
0.809779
0.0184949
0.245368
2.17684
0.0494481
0.171665
0.0052129
0.0123613
0.311525
0.0485651
0.0290866
0.161929
0.460027
0.682748
0.0222901
0.205793
0.306001
0.153988
0.15399
4.27303
0.033548
0.111241
0.0189688
0.104467
0.012187
0.134066
0.286696
0.00761111
0.547684
0.748894
0.176431
0.00190185
0.41623
0.210409
1.65664
0.00136802
0.307526
0.426429
0.240867
0.0679425
0.0433949
0.0308594
0.0796424
0.0427095
0.0665552
0.422239
0.368136
5.763
1.85604
0.0182245
0.126379
0.0622403
0.016736
0.107528
0.0322823
0.157598
0.0133132
4.75568
0.00678349
0.11485
0.0385558
0.00971104
0.777979
0.0930257
0.265774
0.0181722
1.38084
0.273599
0.770772
0.350911
0.0202844
0.0349229
1.97607
0.075755
0.0261835
0.538504
0.141942
0.0479281
0.232827
0.0159384
0.0357836
0.535825
0.0119108
0.250096
0.0861325
4.7246
0.0703138
0.198558
0.174313
0.471777
0.153137
1.07507
0.00733907
0.0344135
0.0761908
0.238627
0.0354582
0.0131785
0.0102739
0.0235107
0.530964
1.48454
1.45228
0.228072
0.00179331
0.903829
1.07455
0.179423
2.95518
0.00092502
0.37345
0.0184029
0.108091
0.814634
0.180592
0.64171
0.219458
0.13703
0.0565497
0.373596
0.00679112
0.00097594
0.126009
0.00324407
2.05117
0.125626
0.00366184
0.102022
0.019274
0.168606
0.328165
0.640903
2.2019
0.064931
0.0492778
0.0206431
0.181404
0.00910214
0.0290921
0.0153795
0.0103764
0.474981
1.64054
0.0743595
0.19
0.0307505
0.156878
0.0166073
1.13924
0.321525
0.740817
0.446573
0.00592579
0.0644279
0.588694
0.010913
0.0789693
0.450791
0.793267
0.268525
0.0843748
2.56572
0.0533134
0.00482977
0.0231806
0.00452947
0.0118161
2.07933
0.234062
0.00803697
0.0905014
0.304644
0.0825414
0.0572313
3.229
3.22931
2.86472
0.0925993
0.172552
1.03553
0.658524
0.0702046
0.025591
0.302007
0.857272
0.0347434
0.719604
0.131146
0.354018
0.479617
0.289056
0.991851
0.0204921
0.0064494
0.225117
0.000401571
0.675709
1.14818
0.0995271
0.0115551
0.0130158
1.78842
0.00618863
0.0106
0.00252847
0.01769
0.177479
0.00395107
0.00802814
0.828284
0.0941006
1.92091
0.12683
0.0532912
0.0707233
0.000711877
0.277704
0.19389
0.279389
2.14901
0.804357
0.00543124
0.120493
0.221992
0.012297
0.796038
0.00874756
0.032166
0.30395
0.0405755
0.0883816
0.014409
0.0125154
2.2271
0.576511
0.495086
0.583949
0.00133873
0.376901
0.0929556
0.00841846
2.41047
0.201471
0.0186043
0.0248282
0.620007
0.00344393
0.068899
0.00775554
0.299903
0.0132085
0.0614283
1.24304
0.31459
1.37817
0.0938581
2.32374
0.213205
0.396706
0.00397765
0.0153214
0.107921
0.290479
2.04956
0.035897
0.00182417
0.00222471
0.0529355
0.0163758
0.484116
0.255885
0.00236217
0.553577
0.47491
0.0606383
1.27226
3.93654
0.0289389
0.378803
0.0123201
0.553686
0.0104565
0.0101652
0.0350269
0.184019
0.407236
0.163822
0.00327235
0.351066
0.146654
0.086837
0.942235
0.0231397
0.124739
0.131248
0.223434
0.00516802
0.166523
1.07765
0.410937
0.00820135
3.15276
0.239255
0.0193935
0.426592
0.0127772
0.00748191
0.00329303
0.0855552
0.189247
0.949518
0.739778
0.678523
0.0853439
0.00169392
5.12586
0.212335
0.086768
0.0289828
0.312732
0.232488
0.00342168
0.0289963
0.126386
0.032849
0.200009
0.0042147
0.211319
1.11993
0.0989025
0.141945
0.00269312
0.795802
0.0873903
0.0565748
0.0103707
0.018893
0.26614
0.0161588
0.0176944
0.0579307
0.0357548
0.0214887
0.256416
0.168939
0.0117619
0.05021
0.0590257
0.054753
0.334948
0.00571967
0.883744
0.00419309
0.0184069
0.00608159
0.0104445
0.0390264
0.36896
0.37386
0.762906
0.0315816
0.00110485
0.159397
0.0925149
0.0122076
0.627093
0.759814
0.00302711
0.0789822
0.669606
0.0608793
0.27507
0.421287
0.0022858
0.0253706
0.611577
1.10878
0.028326
0.327373
0.0471422
0.0510775
0.365888
0.00220512
0.0829256
0.947101
0.339165
0.558468
0.614311
0.753352
2.19502
1.26828
0.654494
0.190164
0.352867
0.341633
0.317158
0.469539
0.35901
0.291099
0.0111526
0.0127457
0.0663999
0.422205
0.108267
3.24189
0.563073
1.16673
0.331003
0.0320192
0.327529
0.0504119
0.0190845
3.66629
1.11768
0.841342
0.0603098
0.316549
0.181001
0.0398316
0.00948983
0.225176
0.0447797
0.033624
0.267747
0.00812166
0.00563233
0.00447559
0.156963
0.25428
0.0166977
0.518646
0.121125
0.227543
0.417532
0.978568
0.551252
0.0412114
0.29643
0.177467
1.26935
0.0256296
1.24603
0.455475
0.686607
0.1974
0.197609
0.105394
0.111314
0.0145294
0.00055537
0.375937
0.16315
0.11094
0.152242
0.0253127
0.49111
0.0401192
0.0852049
0.323576
0.0614725
0.476823
0.0118134
0.110176
0.0220266
0.426757
0.214414
0.0196031
0.625347
0.134658
0.227134
0.0742554
0.569235
0.513246
0.148083
0.0149376
0.0319457
0.132606
0.0734083
0.0118334
0.00477296
0.133614
0.0221493
0.0503229
2.12266
0.111768
0.0736904
0.0284428
0.154595
0.0249743
0.279296
0.0992962
0.02027
0.00419457
0.115647
0.676861
0.00737465
0.00246019
5.09804
0.412984
0.00819521
0.0680959
0.00567704
0.0347076
0.928647
0.0057648
4.64949
0.0472462
0.0560923
0.100213
0.0780672
0.162582
0.00384668
0.00812318
0.178856
1.82805
0.00444993
0.125649
0.00557752
0.47684
0.0707202
0.114793
1.42295
0.235772
0.435788
0.113801
0.00356543
0.434813
0.0264472
0.002586
0.969341
0.0760987
0.256315
0.0517464
0.498574
0.330321
5.46511
1.09473
0.169027
1.6342
0.21338
0.0241597
0.0252999
0.0352427
0.173357
0.242473
0.552231
0.0695234
0.45546
1.16667
0.0925207
0.363331
0.406851
0.399322
0.312781
0.00846523
0.143549
0.133454
0.00430517
0.00360398
0.12949
0.0067731
0.101875
0.0252772
0.0258803
0.0312302
0.0504776
0.561302
0.282624
0.0111645
0.0726037
0.0152676
0.00684478
0.0842728
0.166544
0.0355873
1.89414
0.321184
0.204211
0.067804
1.25185
0.238319
0.286246
0.0627801
0.239092
0.0254166
0.436654
0.0319771
0.0966988
0.196767
0.0156339
0.0487955
0.319944
0.0120524
0.00560403
0.043629
0.257853
0.176267
0.0845441
0.0603172
0.0133468
0.0151505
0.476624
0.535466
0.0231691
0.0177303
0.431796
0.177883
0.124348
0.461839
0.0474346
0.0880533
0.245874
0.00592808
0.0137064
0.335712
0.178768
0.00706218
0.408874
0.114658
0.0514462
0.222948
0.0577303
0.023738
0.0204193
0.0578874
1.83174
0.1323
0.339601
0.40379
0.122655
0.385567
0.004709
0.00460694
0.290245
0.130582
0.175008
0.00277657
0.101109
0.312761
0.218919
0.285969
0.0183918
0.429276
0.0117881
0.134188
0.118507
0.00161382
0.369242
0.0239862
0.117729
0.086861
0.0536412
0.154309
1.65088
0.00849838
0.354571
0.55166
0.263884
0.163633
0.00570764
0.57185
0.0532698
0.0188282
0.388073
0.420407
0.0228463
0.439966
0.541608
0.00278833
2.50348
0.947644
0.00636221
0.0325667
0.0459582
0.373584
0.348705
0.00745288
0.648355
0.121084
0.579865
4.01257
0.491265
0.77549
0.121986
0.120411
0.049302
1.38629
0.243123
0.223659
0.147859
5.14326
0.2262
0.0110475
0.12946
1.28302
0.0178094
0.0321723
0.174978
0.21501
0.175915
0.0591358
0.140293
0.116878
0.00666241
0.314258
0.0019265
0.211082
0.21669
0.552585
0.548748
0.377457
1.83086
0.31824
0.162954
2.96185
0.79066
0.798347
0.0402866
0.0215297
0.145013
0.027547
0.713754
1.42433
0.0777143
0.0835625
3.76663
1.34307
0.174893
0.257697
0.415731
0.154192
0.0268077
0.028095
0.0499742
0.458349
0.0934961
0.392856
0.0602637
0.0876225
0.293423
0.0361296
0.251461
0.917265
1.1839
0.00520483
0.018638
0.37066
0.574959
0.071605
0.40022
0.00480576
0.0666977
0.662908
0.166673
0.10806
0.188641
0.354587
0.0158873
0.873363
0.119287
0.387992
0.349697
1.28338
1.04004
0.0284522
0.511185
0.129202
1.44868
0.234012
0.746623
0.464075
0.0423084
0.034898
0.0184037
0.4148
0.505894
0.00754004
0.747851
0.229968
0.47687
0.730077
0.219214
1.17454
0.192735
0.0690515
0.626483
3.08263
0.079937
0.177228
0.00520134
0.0143066
0.0367366
0.364082
2.89583
0.41104
0.0196048
0.123484
0.634786
1.45133
0.547308
0.0122312
0.288822
0.346586
0.195317
0.0042336
0.0945292
0.13343
0.936717
0.459945
1.99645
0.010011
0.0466873
4.8819
0.194762
0.294933
0.354677
1.75123
0.0469927
1.20247
0.0705781
0.297694
0.242211
0.0966342
0.292723
0.481443
0.692971
0.285388
0.0971735
1.25004
0.38595
0.344933
0.431286
0.572993
0.00197344
0.458082
0.0170965
1.53593
0.0422779
0.32056
1.42779
0.00822496
1.17742
1.00081
0.292908
0.609723
0.0694449
1.65999
0.84134
0.11378
0.209093
1.18273
0.00106508
0.0150663
4.02653
1.41806
0.00405842
0.0223757
0.156224
0.367444
0.0876368
0.193615
1.00738
0.00396823
0.202974
0.0162682
0.0205281
0.41485
0.0163634
0.210435
0.108881
4.35229
1.04329
0.00331356
0.353432
1.0903
1.5144
0.315998
1.99515
2.52816
0.414243
0.334615
0.235011
0.16372
0.00236421
0.0865775
0.00548949
0.179481
0.1916
0.470717
0.00117231
0.259712
0.167427
0.233253
0.326002
0.798645
0.300989
0.00701119
0.00311983
0.0356549
2.7526
0.00821939
0.171962
0.00989332
0.0271586
1.15929
0.0140657
1.59873
0.317732
0.440988
0.00776572
0.199554
0.270151
0.332602
0.346804
4.14308
0.0944834
0.00123482
0.0269154
0.272999
4.69777
0.339679
0.00492095
0.0127645
0.0170254
3.1439
0.0350062
0.111944
0.294811
3.05361
0.00615616
1.54983
0.150864
0.1739
0.00443497
0.43782
0.210474
0.150457
0.0444215
1.48488
0.281866
0.0222738
1.55298
0.21438
1.63224
0.0473634
1.91551
0.00116062
0.329849
0.00336283
0.438958
0.0262853
0.0232362
0.00423063
0.118135
0.00427844
0.189962
0.00629032
0.113703
0.02378
0.0036684
0.25908
0.329896
1.32469
2.21888
2.41373
0.0447357
0.0097735
0.134952
0.217223
0.0141698
0.0856518
0.0182333
0.44151
0.00393125
0.00628251
3.67001
0.140836
0.0417865
1.12232
0.0944991
4.23484
0.531876
0.0834268
0.254086
0.00689102
0.231
1.32703
0.157586
0.0161703
0.221981
0.0271051
0.0500287
0.0870311
0.229224
0.0495484
0.0285216
0.0212472
0.173801
0.00530288
0.0242382
0.00449735
0.10784
0.0308956
0.122852
0.374476
0.00349034
0.229939
0.041358
2.85883
0.337248
0.00442572
0.762324
0.152693
0.0267113
0.00421438
0.00796113
0.450024
1.1412
0.108016
0.0201417
0.499229
0.0596841
0.284956
0.194879
0.15948
0.978964
0.134294
0.00498431
0.315791
4.01887
0.611956
0.00826428
0.0150322
0.17583
1.36648
0.362981
0.145904
0.192856
0.00381014
0.0672011
0.144105
2.25323
0.173145
0.00992217
1.70243
0.0164075
0.00363296
0.183082
0.262446
0.0306765
0.098808
0.108556
0.019236
0.118305
0.0236702
2.8289
0.0119917
0.738692
0.290446
1.90522
0.256685
0.110522
0.0759134
0.173541
0.0287156
0.44972
0.522028
0.0267427
0.0096961
0.00454269
0.534982
0.0248626
0.132753
0.0794098
0.0657867
0.064934
0.274155
1.19858
0.0756213
0.294809
0.123399
0.00376171
1.55634
0.0344535
0.272528
3.37905
0.172255
0.0847717
0.313305
0.0218382
0.0369943
0.0363925
0.0455456
0.478708
0.0855204
0.268651
0.000551587
0.0509911
1.41941
0.00151797
0.156023
0.379955
0.237556
0.303275
0.680946
0.00691457
2.3617
0.372337
0.0143499
0.753408
0.012247
2.81099
0.250281
0.0140144
0.0480784
1.81713
1.66026
0.133763
0.394277
0.665578
2.42426
0.0473381
0.0103221
0.0101361
0.00591513
0.131639
0.660954
0.0249372
0.0353259
0.309682
1.44452
0.00496284
2.00095
1.4867
3.18045
0.0290751
0.00652641
0.0163662
1.08149
0.654789
0.0079304
0.29127
0.0785277
0.379585
0.00190319
0.00667404
0.00570752
0.00243313
0.00891425
0.0141812
0.0246237
0.0178969
0.132681
0.0645704
0.0294806
0.0140316
0.587643
0.00711616
0.0258782
0.262801
0.0269937
0.00797494
0.991146
0.00648355
0.00888496
0.00723834
0.226561
2.07068
0.00491608
0.0388219
0.811324
0.0402654
0.0592782
0.0186598
0.0940766
0.00608643
0.00815321
0.511553
0.162893
0.758895
0.0168059
0.0900548
0.248894
0.00781483
0.0170806
0.288093
0.307882
0.0172544
0.0148628
0.0197274
0.203331
0.00372873
0.0184854
0.00711103
0.00209623
0.135867
0.729512
0.0130868
1.30263
0.0361821
0.0624697
0.00209651
0.803323
0.24318
0.906166
0.0040194
0.0190163
0.037379
0.187829
0.0131066
0.0224124
0.0127571
0.173013
1.6606
0.0271258
0.0270975
0.388997
0.000237129
0.409347
0.00443654
0.0272022
0.0161528
0.00135256
0.366573
0.00930479
0.0118239
0.294772
0.0863168
0.194751
0.341634
0.00167454
0.0355917
0.0151638
0.0751546
0.00679108
0.0022432
0.00523317
0.0158234
0.039013
0.0170081
0.00401723
1.37347
0.0189501
0.0403657
0.0369945
0.0360018
0.0349572
0.022464
0.0233223
0.0204607
0.015183
0.0223279
0.039241
0.0207582
0.0317356
0.00786778
0.0315765
0.0413496
0.0206935
0.0207785
0.0084132
0.00947797
0.0247132
0.0281824
0.0224514
0.0217299
0.0230505
0.591269
0.0371165
0.0182802
0.0335388
0.0254286
0.0228209
0.0112831
0.602592
0.0357655
0.00435047
0.0309825
0.027712
0.0330418
0.0201988
0.0109102
0.015619
0.0298802
0.0237138
0.021903
0.0147679
0.0237051
0.0219283
0.0203418
0.0304917
0.0280421
0.04344
0.0104088
2.93875
0.00213385
0.0158995
0.00308949
0.217564
0.0393435
0.0123952
0.022012
0.0288806
0.0104665
0.0423546
0.0141101
0.0186974
0.0296674
0.0267375
0.0142997
0.0274843
0.0308305
0.0309762
0.0374651
0.0166018
0.00484823
0.0278315
0.0292874
0.0168093
0.0251702
0.0218835
0.019137
0.0229866
0.808566
0.0233928
0.0117127
0.0401831
0.0173233
0.0289888
0.0167724
0.0218079
0.0217666
0.0176127
1.06071
0.0179259
0.0219119
0.0331763
0.002231
0.0196459
0.0176094
1.24822
0.0198111
0.0241259
0.0146438
0.364144
0.0126183
0.285543
0.0184147
0.0171501
0.0418844
0.0271897
0.0227927
0.0152647
0.00909535
0.0359407
0.0317097
0.00673247
0.018793
0.0219743
0.0162284
0.0178334
0.893221
0.022419
0.177883
0.0317796
0.0460993
0.0213587
0.0467562
0.0226558
0.0136064
0.0430625
0.0160102
0.0215433
0.0124125
0.0155985
0.0179075
0.0175586
0.0190512
0.0124997
0.0352055
1.72328
1.08169
0.0110719
0.0468336
0.0255028
1.04545
0.322037
1.22122
0.217267
0.282426
0.0100879
0.169416
0.929938
0.227292
0.0128501
0.00393336
1.23499
1.16332
1.99936
0.00347611
0.24277
1.1894
0.011581
0.0139631
0.573503
0.420088
0.217475
0.888421
0.0247898
0.0748256
0.00467553
0.010771
0.110421
0.515482
0.109342
0.00991459
0.00774289
1.58242
0.178314
1.02674
0.0490651
0.0995
0.169684
0.00911303
0.00487509
0.410481
0.00715599
0.0576886
0.109209
0.0321004
0.00702876
1.04504
0.358714
0.188966
0.136031
0.00081256
0.0125871
0.366945
0.0041809
0.0202042
0.0637541
0.0657911
0.305742
0.206662
0.248089
0.18271
0.461304
0.194807
1.17455
0.0164579
3.24706
0.0813255
0.0180182
0.105466
0.244245
0.0499362
0.411052
0.328143
0.0265285
2.28884
0.00747828
0.672543
0.0132137
0.23619
0.0237952
0.421203
0.268284
0.204951
0.980395
0.0560242
1.05016
0.0440909
0.214004
0.515272
0.342698
0.00116225
2.45833
0.24863
0.0564463
0.0204441
0.5756
0.26874
0.0292297
0.0023842
0.155094
0.019055
0.14068
0.159596
0.190669
1.47848
0.115128
0.257358
0.0778249
0.60893
0.290985
0.416764
0.000876373
0.185267
0.0174567
0.124258
0.592287
0.110757
0.513327
0.522674
0.0483369
1.30601
0.849413
0.432287
0.11193
0.061456
0.623241
0.204654
0.584235
1.01648
1.33092
0.00491263
0.0536653
3.26834
0.0445783
2.7831
0.0154768
0.00146854
0.730689
0.0671611
2.61555
0.0146056
0.503446
0.92238
2.0238
0.513464
0.347042
0.0333879
0.00563928
0.0132493
0.110367
2.65331
0.223018
0.0619602
0.123371
0.0707379
0.00770386
0.0200428
0.0549248
0.0166495
0.0360456
0.00668308
1.97582
0.0484501
0.275764
0.637973
0.479897
0.00478685
0.012651
0.511886
0.114211
0.0079516
0.159335
1.17056
0.0238103
2.34332
0.066556
0.247038
0.352289
0.0210094
0.536101
0.0244185
0.180064
0.270662
0.272247
0.687832
0.141883
0.00476305
0.00678727
0.128937
0.278866
0.00378505
0.315699
0.0246736
0.109755
0.156196
2.77869
0.0169346
0.0252545
0.305086
0.0168252
0.581725
0.643678
0.00154543
0.154687
0.613024
0.27353
0.0452635
0.0212549
0.586732
1.98551
0.135234
0.208525
0.230455
0.184421
0.287374
2.63319
0.04426
0.00593342
0.24976
0.00369298
1.6389
0.454563
0.912232
2.98775
1.88909
0.314649
0.886778
0.912874
0.0233684
0.0267433
0.0332415
1.67051
0.00249042
1.84031
0.00499083
0.666687
0.263189
0.202129
0.020615
1.44933
0.995295
0.0410976
0.0015616
0.244504
2.85362
5.41307
0.00114042
0.137178
1.05595
1.05828
0.0497186
0.0432375
0.0284879
1.46675
0.406918
2.54456
0.616179
0.0235934
0.0186369
0.0805234
0.105539
0.0322542
0.0583704
0.111706
0.127196
1.2599
0.00406504
0.00939692
0.691206
1.34802
0.00853675
0.00172772
0.0895751
0.158007
0.716787
1.25395
0.0883946
0.420135
0.361606
0.00544738
0.0930005
0.111592
0.180915
0.353038
0.303546
0.262678
0.11052
0.179629
0.128317
0.570906
0.10747
0.631592
0.153702
0.283236
0.42004
0.0820921
0.0649472
0.252291
0.0166455
0.48858
0.0918178
0.28659
0.338843
0.120639
0.333968
0.13285
1.27187
0.117322
0.398656
0.152859
0.13728
0.310865
0.180586
0.0651333
0.150832
0.00949222
0.857774
0.180565
0.1736
0.267627
0.085499
0.0914928
1.64798
0.0113475
0.523074
0.330054
0.0316183
0.00696045
0.227704
0.00701395
0.227582
0.0104814
0.136727
0.00316462
0.171407
0.191772
0.127904
0.109425
0.0385169
0.0180459
0.442333
0.013386
0.381438
0.199847
0.589815
0.0114265
0.0414798
0.324771
0.703764
0.157347
0.0171644
1.03472
0.0212038
0.32519
0.155715
0.551798
0.673312
0.368767
0.273319
0.140666
0.101784
0.0803873
0.0415793
0.186665
0.135169
0.0146665
0.0654728
0.798181
0.224892
0.00418649
0.772516
0.291916
0.176454
0.0985317
0.13468
0.00570907
0.0320011
0.664596
0.132415
0.123367
0.0917043
0.397919
0.48018
0.643619
0.0607315
0.0740473
0.194772
0.413236
0.409828
0.0802698
0.120264
0.0031479
0.647502
0.0142041
0.189105
0.134227
0.0120743
0.551358
0.0570813
0.0223524
0.0338778
0.0319029
0.0239767
0.046308
0.0383262
0.207251
0.0205905
0.573872
0.293242
0.0516592
0.00336823
0.019398
0.76368
0.0230203
0.248549
0.337942
0.0725034
0.0138206
0.294547
0.781813
0.202308
0.0728067
0.0168552
0.00521609
0.223783
0.236147
0.0844463
0.756524
0.0167976
0.549993
0.347708
0.0031433
0.00605066
0.537765
0.00216431
0.0375292
0.0103925
0.600757
0.651095
0.196654
0.517061
0.217622
0.010417
0.204788
0.345163
0.515165
0.255109
1.66427
0.406364
0.648683
0.209481
0.0271237
0.00631963
0.0743297
0.385668
0.0291587
0.293301
0.568245
0.607837
0.195282
0.00398829
0.0290622
0.0542095
0.164112
0.0862047
0.230668
0.305334
0.213954
1.18267
0.288339
0.91635
0.0235364
1.98532
0.0458119
0.400914
0.0695974
0.363097
0.351489
0.249749
0.284114
0.102575
0.481709
0.558513
0.269775
1.55873
0.146927
1.17839
0.113233
0.151636
0.00847771
0.0176502
0.148633
0.553881
0.499778
0.00566957
0.481161
0.0119958
0.302311
0.304113
0.453902
0.184949
0.416502
0.539812
0.045986
0.0478067
0.266585
0.148907
0.223303
0.0860256
0.394011
0.454357
0.473847
0.823308
0.186266
0.378781
0.0165631
0.371018
0.121434
0.200774
0.104514
0.267697
0.309337
0.270268
0.525477
0.266289
0.583374
1.59924
0.157167
0.228781
0.0422877
0.0247215
0.378754
0.210133
0.05693
0.204481
0.0195801
0.272691
0.194086
0.327376
0.230147
0.398273
1.10926
0.0252709
0.310215
1.80715
0.00577461
0.514423
0.0109068
0.155667
0.11342
0.174782
0.00361435
0.202627
0.482543
0.0166027
0.0681199
0.0110313
0.272751
0.351889
0.153763
0.408854
0.538898
0.353792
0.24745
0.104854
0.787349
0.0518696
0.184601
1.92579
0.0443252
0.0182843
0.793156
0.150903
3.25181
0.0314066
0.0508449
0.047301
0.891975
0.0116654
0.23719
1.03673
0.255369
0.0168604
0.809287
0.0161031
0.0230392
0.243752
0.0338492
0.041742
0.801731
0.620288
0.168366
0.0789423
0.146464
2.18379
0.00817611
0.222752
0.229277
0.579836
0.31351
0.0427508
0.262178
0.0120508
0.278951
0.0114032
0.325117
1.11787
0.087826
0.0246084
0.345615
0.182169
3.15879
0.56028
0.552176
0.0504804
0.0776276
0.0154558
1.27986
0.0798278
0.0153086
0.573524
0.0121732
0.618007
0.253601
0.27394
1.54647
0.300435
0.265694
0.209349
0.106638
0.0146853
0.0116486
0.0175805
0.0329688
0.788101
0.0252226
0.310328
0.168929
1.65899
0.0669737
0.24914
2.30545
0.00800863
0.852291
0.464834
0.00501158
0.176323
0.144584
0.0603869
0.00546402
0.0124635
0.0163979
0.0151134
0.0227342
0.0423406
0.0149273
0.0118766
1.91514
0.0221665
0.188594
0.00385606
0.13759
0.114456
0.0839144
0.0145058
2.25328
0.0536302
0.252537
4.71715
0.924938
0.0174381
0.0118839
0.00371921
0.0149585
0.043685
0.248829
1.05936
0.000480707
4.04877
0.578698
0.654124
0.00590058
0.0262058
0.0173212
0.95268
0.601285
3.07149
0.00324285
0.0211661
0.0168007
2.03141
0.012175
0.177114
0.0438183
0.493754
0.0116573
0.0168208
0.011849
0.424625
0.0106861
0.00414419
1.52887
0.0102779
0.00362834
0.0107653
0.0467721
0.00365757
0.017787
1.69248
0.235209
0.0235349
0.368694
0.0411506
0.0239514
0.0247084
0.146393
0.0589029
0.0122528
0.00443849
1.01188
0.0516441
0.00609521
0.0301353
1.50323
0.0188675
0.00277175
0.00383154
0.00318363
0.00546078
0.183492
0.638202
0.00892864
0.00632505
0.0249291
0.0370436
0.0099635
0.0510108
0.0482164
0.826784
0.246047
1.43482
0.290974
0.0634211
0.398214
0.00414025
0.189602
0.344495
0.00655071
0.30086
0.0182732
0.466924
0.0216461
0.00272891
0.00716187
0.198802
0.00969954
0.412484
0.343915
0.293478
0.248116
0.0023532
0.00762263
0.139891
0.150709
0.282709
0.216975
0.28461
0.00308971
0.0137653
0.0241164
0.0909155
0.16859
0.215315
0.0278381
0.00739916
0.00256987
0.0668184
1.3773
0.36869
0.00569979
0.0112383
0.0138677
0.0192938
0.00170372
0.0487994
0.288336
0.200877
0.188591
0.291622
0.0361642
0.0458841
0.0326784
1.31337
0.220808
0.373343
0.127632
0.0381812
0.0152744
0.00559854
0.0541513
0.232016
0.439783
0.0150141
0.290886
0.0851921
0.385162
0.156841
0.0648982
0.351452
0.0208441
0.222237
0.259789
0.0559926
0.135722
0.0183514
2.69257
0.221486
0.187142
0.361581
0.236653
0.0537515
0.513945
0.338401
0.00840234
0.255439
0.216831
0.141897
0.00459156
0.175692
0.0772051
0.0474451
0.209369
0.0147614
0.00385384
0.00707221
0.00511319
3.10442
0.17872
0.0106796
0.00705978
0.0533407
0.0354749
0.215075
0.0307556
0.414173
0.105683
0.0866014
1.40478
0.046947
2.36432
0.0140605
0.0638872
0.868433
2.22477
0.130299
0.414402
0.992377
0.0029497
0.697595
0.177651
0.218186
0.272947
0.0275652
0.718479
0.418642
0.0363494
2.25696
0.00133987
0.00732391
0.0779511
0.0599533
0.109009
0.351617
0.556699
0.147571
0.176539
0.0139739
0.0988316
0.00506507
0.316229
0.136876
0.118555
0.641934
0.241784
0.00284384
0.020535
0.0612075
2.98908
0.019252
0.352658
0.197344
0.180561
0.175073
0.439472
0.29515
1.0466
2.32269
0.0237028
1.15098
0.490325
0.136165
0.321094
0.0945231
0.193056
0.291057
0.218791
0.197412
1.7296
1.92575
0.0415026
0.532704
0.0683797
0.27651
0.0533418
2.89893
1.69404
0.0867051
0.12048
0.00361646
0.00846709
0.682271
0.821194
1.91584
0.205958
0.184184
0.0173387
0.179519
0.131879
0.119231
0.267844
1.33976
0.200058
0.13689
0.10429
0.514176
0.270903
2.39036
0.218747
0.348524
1.6717
0.0406109
0.00473369
0.103553
0.00500206
0.0841853
2.25845
0.10357
0.138738
0.251094
1.33061
0.086377
0.0395944
0.0886881
0.250042
0.434213
0.0317094
0.226203
0.130675
0.00611307
0.147256
0.785859
0.12346
0.0194748
0.706855
0.36031
0.00722777
0.0511893
0.0945066
0.188728
0.0850853
2.6803
0.160034
0.317735
0.0977113
2.13579
0.111457
0.370899
0.199191
0.315861
0.0150559
0.199274
0.503798
0.121669
0.0521063
0.110073
3.37876
0.224696
0.177142
0.817667
0.443217
0.0113365
0.569652
0.210537
0.0177805
0.838171
0.0349576
0.391793
0.00522834
0.0722111
0.0443996
0.279051
0.158409
0.19133
0.0231058
0.160825
0.0320801
0.275438
1.55071
0.153054
0.123882
0.188315
0.0224278
0.0907636
0.168355
0.159701
0.237664
0.43537
0.0618778
0.0310596
0.00342412
0.09472
0.128241
1.19102
0.0360671
0.0621127
0.0257826
0.000500035
0.111433
0.00475718
0.0107322
0.672418
0.285489
0.0978332
0.0984704
0.877188
0.513768
0.241724
0.117692
0.36797
0.50947
0.448185
0.0260798
0.00669442
0.0109996
0.0754514
1.0858
0.0313029
0.0697664
0.0380936
0.0529393
0.0189172
0.0100568
0.142524
0.203435
0.103072
1.046
1.29959
5.79264
0.0252925
0.231032
0.0128672
0.157404
0.00437086
0.0664586
0.0315093
0.0187006
0.0111228
0.00365953
0.608144
0.181466
0.0380102
0.440253
0.848291
0.0041876
0.0108434
0.0239192
0.417339
0.47946
0.388569
0.528077
0.307037
0.0465206
0.0449436
0.0661246
0.300123
0.762425
0.2311
0.524871
0.00869475
0.719566
0.0702858
0.0734237
0.81068
0.160662
0.00510237
0.0612547
0.0771483
0.0456899
0.519977
0.126248
0.283336
0.100452
0.213499
0.211754
1.13286
0.449648
0.11498
1.40857
0.121979
0.53553
0.036928
2.45291
0.18346
0.215382
0.467099
0.710199
0.258199
0.00758728
0.191172
0.108761
0.936446
0.367811
0.750548
1.51521
0.660056
0.0983335
0.308871
1.17942
0.833283
0.00896493
0.0196808
0.610446
0.21473
5.17975
0.0313472
0.596117
0.170049
0.117688
0.1827
0.0281706
0.0820782
0.470094
0.177453
0.619708
0.211021
0.611392
0.497793
0.324579
1.14369
0.00990385
0.621154
0.0829724
0.178444
0.0343579
0.248238
0.538579
2.7762
0.386157
0.417682
0.700763
0.257624
0.0368743
0.31521
0.0994865
0.0284119
0.0646537
0.296942
0.157802
0.0289714
0.00432608
0.0889718
0.0418079
0.903935
0.00727416
0.113163
0.0547079
0.0530133
0.0163125
0.216382
0.143653
0.0958386
0.194919
0.0994184
0.589081
0.505047
0.0994833
0.154414
0.290414
0.600607
0.0822314
6.12013
0.449422
0.24838
0.151327
0.0896294
0.0274096
0.00384862
0.401665
0.336269
0.0377073
0.893239
0.00760534
0.446025
0.0110099
0.227096
0.231982
0.397926
0.384697
0.142542
0.0402623
0.042101
0.258304
0.0383378
0.00514974
0.0557318
0.90217
0.355865
0.0651611
0.0477087
0.153858
0.0486683
0.00578596
0.000892725
0.382059
0.442448
0.412733
0.00513348
0.045773
0.00489516
0.326105
0.206861
0.00262687
0.0251633
0.127663
0.140915
0.551695
0.0716445
0.0834832
1.28591
0.17117
0.00730659
0.171024
0.165055
0.0938462
0.0726427
0.290066
0.0421844
0.101976
0.0543749
0.125149
0.0357731
0.73163
0.617516
0.729202
0.0238808
0.827
1.91172
0.109949
0.188768
0.0368362
0.438278
0.103772
0.182606
0.0533075
0.373214
0.333056
0.209776
0.324665
0.00063014
0.364027
0.224986
0.0809767
0.576103
0.645699
0.029747
0.565124
0.021452
0.00143413
0.336085
0.0243572
0.565684
0.0174216
0.0759671
0.00821801
0.110477
0.00338342
0.293856
0.314484
0.0151584
0.074764
0.0313106
0.250607
0.122527
0.0793358
1.29079
0.0855227
0.590678
0.0389097
0.104328
0.0162665
0.129331
0.0242199
0.178349
0.418819
0.0131042
0.207471
0.407516
2.2391
1.63344
0.16891
1.74761
0.0837967
0.424397
0.0143687
1.18488
0.293569
0.396456
0.284554
0.0292632
0.333692
0.675219
0.534907
0.0273319
0.247409
0.215462
0.341553
0.543863
0.27865
0.520363
0.0948787
0.199783
0.402147
0.20344
0.361019
0.220206
0.14039
0.560517
0.214597
0.0841723
0.00856982
0.0595589
0.0201135
0.0872064
0.27088
0.164706
0.233688
0.199499
0.00122485
0.0660396
0.721182
0.0661538
0.299184
0.396964
0.0991371
0.101945
0.186519
0.322621
0.221672
0.0573534
0.218642
0.0211406
0.524452
0.291657
0.162013
0.417392
0.589888
0.106078
0.272253
0.357533
1.62963
2.63559
4.5381
0.212987
0.244602
0.308891
0.322482
0.0668829
0.880194
0.579348
0.0201804
0.289768
0.0135425
0.00726182
0.0203714
0.478032
0.0167405
0.0664357
0.107632
0.0386414
0.0766761
0.0891763
0.51553
0.0407775
0.00836901
0.0126085
0.371375
0.278801
0.102167
0.0961903
0.237566
0.00921462
0.181335
0.110527
0.117549
0.201944
0.531098
0.181855
0.0749219
0.0456492
0.487205
0.0374065
0.173654
0.516861
0.584344
0.425603
0.020398
0.362339
0.993601
0.25758
0.292416
0.238123
0.425124
0.0195553
0.101757
0.141529
0.0157007
0.0386059
0.030757
0.377382
0.272778
0.0333787
0.0241263
0.127997
0.193446
0.046793
0.0144539
0.272666
0.0348725
0.00954453
0.0715951
0.131018
0.0378748
0.00763882
1.55533
0.329575
0.825107
0.193997
0.0743007
0.155153
0.00139924
0.757197
0.471819
0.156557
0.209279
0.104601
0.0224112
1.16877
0.170771
0.248463
0.727609
0.228711
0.736701
0.242657
0.0930687
0.368246
0.196727
0.280092
0.48561
0.458142
0.142938
0.00903781
1.133
0.0480679
4.1303
2.57761
0.0192058
0.0256421
0.130547
1.25278
0.115861
0.488022
0.276257
0.615695
0.266094
0.905544
2.40117
0.0805875
0.00847093
0.17147
0.098375
0.341333
3.20632
0.196911
0.171615
0.0700883
0.0403409
0.00341203
0.0174579
0.0443159
0.846558
0.262263
0.0514278
5.35564
0.308405
0.0387027
0.456704
0.217728
2.03043
0.0880606
0.0272503
0.259512
0.0426588
0.196697
0.542683
0.144401
0.285956
0.111869
0.0454233
0.131478
0.915619
0.679016
0.643222
0.446249
0.114735
2.80351
0.0190162
0.263403
0.757545
0.273248
0.156156
0.00975644
0.256933
0.150494
0.159489
0.222177
0.0140412
0.136604
0.504274
0.0860341
0.662858
0.0242745
0.119016
0.236011
0.0417165
0.00855959
0.0986184
0.0572954
0.0170168
0.274209
0.0563252
0.0218125
0.575641
0.069002
0.0253098
0.632453
0.228891
0.0107063
0.0315878
0.175362
0.0100415
0.557607
0.194943
0.0274433
0.323349
0.0140398
0.0145405
0.140391
0.0728697
0.323895
0.0307069
0.586172
0.0172158
0.0144789
0.0279569
0.013302
0.326733
0.0506378
0.0591221
0.693018
0.793207
0.0536686
0.0466741
2.74175
0.00705721
0.227095
0.0461404
0.550423
0.0998633
0.216258
0.075401
0.00400505
0.0598977
0.0879049
0.263268
0.161453
0.0339635
0.00640912
0.986922
0.00884751
0.0246768
0.196798
0.00782678
0.727456
0.891612
0.0725612
0.353705
0.323286
0.129706
0.358997
0.0359961
0.272712
0.177374
0.00474976
0.115655
0.461993
0.0937365
0.889174
0.0018834
0.250378
0.027815
0.0419052
0.0475387
0.00664308
0.14411
0.0116381
0.105331
0.366844
0.00889578
0.00934287
0.00531281
0.00311759
0.508007
0.0323628
3.54783
0.132568
0.727803
2.27903
0.154752
0.593012
0.449897
0.461721
0.277758
0.538395
1.39987
0.656809
0.369788
3.2583
0.0418073
2.32999
0.0932489
0.0727606
0.190035
0.0070134
0.912187
0.0821975
0.0537435
0.01178
0.00727674
0.231461
0.0109383
0.00254493
0.0169093
0.618026
0.00170782
0.112499
0.0450058
0.00560151
0.164785
0.00679761
0.0131699
0.0991574
0.00740188
0.612754
0.802101
0.0919205
0.0377075
0.9293
0.300763
2.6855
0.0017375
0.0970072
0.560406
0.613322
0.0338364
1.09636
0.880786
0.0907077
0.0262711
0.157356
0.442689
0.00425775
0.545295
2.13936
0.143079
0.614917
0.00227662
3.94466
0.0460053
0.0135904
0.304596
0.287687
0.36396
0.0217347
0.300892
0.0261996
0.473451
0.295382
0.208874
0.811105
1.19033
0.150463
0.396927
0.767869
0.141503
0.111203
0.0122156
0.735277
0.301411
0.346194
0.855034
0.42779
0.410073
1.90625
1.48442
0.105297
0.062283
0.213565
0.108391
0.0805016
0.0445266
0.28257
2.15567
0.0623164
0.179498
0.120347
0.121609
1.18928
1.95277
0.151606
0.680369
0.430364
0.455481
0.337627
2.65353
0.804263
0.157331
0.154648
0.268393
0.898716
1.40661
0.152441
0.568292
0.0119928
0.233207
0.444569
1.19739
1.8166
0.397252
0.00695168
0.43001
0.188461
0.760382
0.0221486
0.513057
0.059989
0.859369
0.106258
7.71192
0.324679
1.90692
0.388926
0.453223
0.686221
1.06094
0.137142
0.631062
0.075439
0.316906
1.21612
0.0202365
0.555592
0.193115
0.10233
0.060629
0.00615744
0.0295339
0.00264697
0.0459433
0.0337658
0.0697151
0.0507822
0.536797
0.165243
0.181115
0.127789
0.128034
0.00439107
0.626219
0.143803
0.00328571
0.374318
1.72909
0.000203775
0.00911549
0.00160621
0.00841898
0.422019
0.277561
0.21097
0.120102
0.538056
0.00692976
0.600157
0.0810761
0.494931
0.0580876
0.00630138
0.349571
0.0980003
0.16022
0.333652
0.126846
1.17327
0.601622
0.243097
0.920892
0.997998
0.084962
0.173734
0.509612
0.594008
0.0469552
0.449207
0.0766079
0.0254012
0.0475487
0.681589
0.261751
0.445307
0.278236
0.234892
0.429072
0.0745265
2.95211
0.104969
0.228663
0.159927
0.00632535
1.84536
1.15591
0.109782
0.00879858
1.68677
0.0437171
0.459915
0.370033
1.77963
1.2429
0.0640101
1.5357
0.41351
0.0629487
0.397715
1.65752
0.339697
0.213726
0.00302398
0.0165261
0.152212
0.489031
0.588534
0.154863
2.81353
0.274422
1.04779
0.297064
0.00148284
0.0722538
0.0191943
1.53378
0.574996
0.32484
0.493261
1.31754
0.110182
0.0652453
0.0289262
2.71626
0.0783958
0.0428865
0.816813
1.00369
0.0767163
0.226584
0.393077
1.70844
0.33306
0.19624
1.89697
1.55003
0.00400521
0.011852
1.26054
0.365377
0.0185744
0.00520683
4.17546
3.79673
0.161437
4.53815
0.268431
0.317231
4.20805
3.66029
7.09033
4.22589
0.52553
0.869272
0.176877
1.32962
0.0647763
0.530415
1.3684
0.0238561
0.36479
0.679306
1.81539
0.0132668
0.283366
0.983423
0.063324
0.0114178
0.125382
4.95244
0.0314781
0.218085
0.0663652
0.0106327
0.210381
0.0105525
2.5184
0.000737541
0.00473084
0.0272489
0.632879
0.266
2.62447
0.506389
0.500522
0.0394518
0.580618
0.0472945
0.00542401
0.158164
0.19162
0.395476
4.35173
0.00956941
3.02498
3.7648
0.534723
0.00672555
1.28151
0.217967
0.0254387
0.0590885
0.00118599
0.250128
0.561237
0.239779
0.0112546
0.112565
0.371713
0.160211
0.331313
0.0527612
0.932481
1.68957
0.127534
1.70308
2.25389
0.00495513
0.0703337
0.676046
0.228621
0.015099
0.0049695
0.275263
0.0336568
0.460724
2.14464
0.169404
0.643474
0.0165493
1.28754
0.0229419
0.0300968
0.5261
0.00492095
0.283454
0.375583
0.00449835
0.0144924
2.72787
0.0211173
0.467137
0.621862
1.57992
0.0171855
0.616658
0.00218139
0.241849
0.0239333
0.00763012
0.00160469
0.014772
0.0383118
0.0584875
0.000787047
0.00517702
0.0570619
1.23224
2.57047
0.0551375
0.00848872
0.00426242
0.486989
0.00403438
0.327617
0.116426
0.0117897
0.0134063
0.694889
0.00639881
0.0483941
1.32481
0.526073
0.00940967
0.0172851
0.428116
3.65613
0.0144155
0.0158933
0.344154
0.0652159
0.511884
0.84284
0.0428419
0.00411826
0.0113127
0.312185
0.151771
0.0151507
0.0117743
0.00456868
3.49351
0.0782483
0.0516109
0.0688554
0.0623043
0.0126998
0.0276713
0.054091
2.06295
0.0617823
0.00427819
0.00279054
3.37433
0.0102197
0.633605
0.00755349
0.00471488
0.00248066
0.0988485
0.433961
0.00163379
0.297738
2.73518
0.00707887
0.45305
0.00386859
0.130294
0.0269868
0.274183
2.48522
0.485244
0.0168992
0.742381
0.0187796
0.127019
1.69907
0.148626
0.0125671
0.186752
0.603723
0.637933
0.00243997
0.0482651
0.102793
0.00337631
0.162228
0.0141109
2.17189
0.0226978
0.406325
0.00671131
0.0387859
0.0621866
0.209244
0.107846
0.018136
0.00697646
0.0108296
0.00403867
0.249286
0.0862006
0.265161
0.201256
0.0346989
0.388436
0.0126878
2.16998
0.0848662
0.141812
0.602814
0.0292005
0.00372371
0.00173838
2.86748
0.312739
0.0424411
0.116009
0.0161022
0.0735911
0.089413
0.0932253
0.308089
0.113008
0.0799455
0.0741809
0.00795124
0.629107
0.124871
0.684393
0.318781
0.0876196
0.107447
0.0109512
0.51475
0.210712
0.0170716
0.0415125
0.0511043
0.0122144
0.0526278
0.0134638
0.226928
0.128543
0.145156
0.13142
0.0785701
0.414105
0.0293361
0.221548
0.926482
0.428484
0.0231094
0.420522
0.0844095
0.640452
0.0343854
0.0535967
0.234158
0.114554
0.485126
0.185
0.143564
0.15613
0.00482632
0.122437
0.066393
0.282811
0.198045
0.290551
0.055274
0.14646
0.290116
0.00471729
0.102313
0.278069
1.76455
0.134787
0.129256
2.01405
0.428529
0.366314
0.124884
0.023388
0.00453709
0.210935
0.507931
0.237725
0.345355
0.343859
0.0982826
0.0742436
0.153121
0.0155369
0.900425
0.0386307
0.00458459
0.0854008
0.620216
0.480791
0.527916
0.958812
0.515651
0.00395905
0.591172
0.863079
0.0499368
0.0859536
0.231159
0.389335
0.352658
0.132915
0.102426
0.11393
0.0412933
0.271321
0.536671
0.517084
0.0026581
0.195409
0.968425
0.00642208
1.19159
0.516049
0.0130193
0.212021
1.23705
0.584585
0.812202
0.027989
0.812175
1.75844
0.0151135
2.04142
0.00439334
0.235459
0.0113326
0.177312
0.994925
0.000354447
0.00468366
0.25482
0.0649355
0.1474
0.461106
0.00996787
0.00425215
0.0348617
0.28691
0.262046
0.354447
0.140055
0.0867085
0.217401
1.51958
0.03023
0.00583981
0.0156804
1.5837
0.488757
0.605647
0.0102213
0.627128
0.015429
0.25013
0.058403
0.101247
0.0324219
0.602042
0.00774379
0.0673462
0.0118505
0.345928
0.636098
1.24736
0.319712
0.114772
0.757524
0.268079
0.477561
0.0104668
0.582731
0.00675718
0.185538
1.44064
0.42081
0.0590127
0.176834
0.0194567
0.0173328
4.86257
1.59196
0.159598
0.577903
0.214618
0.185432
0.0553864
0.0527398
0.0124868
1.31637
0.0214063
0.0810798
0.464692
0.290504
0.00288214
0.0253385
0.117537
1.14617
0.00870681
0.00686108
0.0909257
0.100789
0.0115425
0.0246982
0.346022
0.194172
0.0218673
0.202955
0.0642137
0.179353
1.21756
0.0780455
2.1086
0.0080973
0.00896885
0.224115
0.585246
0.132679
0.408679
0.0060519
0.447714
0.123634
0.00335536
0.230674
0.233094
0.869604
0.329326
2.84268
0.603085
0.0232886
0.0866943
0.021371
0.0185169
1.12101
0.00944564
0.237293
0.0168171
0.629875
0.0290945
0.239023
0.481064
0.267683
0.623191
0.0116742
0.313809
0.0019249
0.00355138
1.42642
0.0857728
0.00326423
0.430074
0.757248
4.63409
0.00538912
0.00812967
0.11867
0.0150008
0.0104438
0.00210172
0.00583052
0.13888
0.0706021
3.87859
0.246238
0.461785
1.46881
0.205855
0.00795191
0.494188
0.00220582
0.108061
1.57686
0.502853
0.171905
0.577811
0.0470082
0.182158
0.0384761
0.526526
0.91892
0.0779908
0.0453445
0.520033
0.185236
0.00410664
0.289554
0.6053
0.759689
0.0218401
0.619672
0.325206
0.365932
0.205733
0.0144049
0.252209
0.0678446
0.27065
0.496542
0.452773
0.00976534
0.242372
0.0325445
0.259565
0.412911
0.0564675
0.685686
0.397106
0.482417
0.609215
0.0691349
0.176399
0.422244
0.0909095
0.670257
0.0273996
0.398999
0.048895
0.0880195
1.14459
0.283386
0.647453
0.212633
0.612961
0.00673111
0.428786
0.0433258
0.523258
0.235726
0.0520085
0.0382687
1.4571
0.713088
0.0330493
2.78803
0.2761
0.338416
0.415616
1.61991
0.868792
0.381536
0.845652
0.633895
0.0889208
0.0133393
0.194197
0.0428021
0.390579
0.0294226
0.06924
0.545553
0.0297916
1.11865
0.201806
0.00260949
0.545889
0.626217
0.0449739
0.378497
0.624247
0.391748
0.00306066
0.620088
0.000934204
0.410335
0.373782
0.176889
0.169976
1.61098
0.310558
0.470777
0.0329044
0.356069
0.511722
0.416299
0.442383
0.1061
0.735281
0.818565
0.0151779
0.733841
0.898214
0.625148
1.04803
0.0947381
0.00520505
0.00401381
0.00668294
0.297681
0.246321
0.00750254
0.212228
0.0144495
0.415075
0.291281
0.0632443
0.00526469
0.945413
0.0114671
0.015522
0.00439718
0.165726
0.350361
0.32559
0.085167
0.19889
0.0360428
0.0570681
0.110372
0.256203
0.0845981
0.499256
0.26901
0.252682
0.602854
0.386665
0.63461
1.48834
0.037621
0.156506
0.161568
1.11507
0.193603
0.006536
0.708071
0.475985
0.308201
0.0659828
0.190087
0.044627
0.0593002
0.733966
0.0310256
0.763221
0.714629
6.97419
0.0425254
0.00241722
0.0474156
0.114387
0.0068963
0.888194
0.00860752
0.0106806
0.198169
0.248691
0.0987181
5.71879
0.0883539
0.292525
0.21614
0.15205
0.00996466
0.162947
0.0759501
0.259472
0.415671
0.116216
0.311546
0.194654
0.264473
0.116446
0.246535
1.29035
0.0849789
0.0333676
0.00465
0.737713
0.111778
0.100728
0.287541
0.0232388
0.0381816
0.430812
0.308188
0.0864291
0.120762
0.271536
0.109642
0.189849
1.24365
0.0266735
0.235409
0.215832
0.0160186
0.349684
0.00805928
0.0485156
0.883163
0.223371
0.120078
0.0362668
0.0102592
0.218724
0.539921
0.0637299
0.0912221
0.00766777
0.00814625
0.0425808
0.367944
0.783575
1.31251
0.376573
0.210995
0.032868
0.108166
0.533097
0.186236
0.740467
0.0491374
0.18109
0.0714873
0.873935
0.409188
0.493265
0.0277308
0.0103448
0.0396436
0.0861117
0.783347
0.143838
0.026388
0.00665613
2.97856
0.105246
0.0313666
1.51339
0.134045
0.516242
0.0840071
0.123665
0.353745
0.225366
0.00993965
0.00978177
0.226515
0.0321556
0.0222533
0.193906
0.16821
0.0152554
0.00438092
1.04421
0.0459883
0.342269
0.279116
0.048808
0.00761601
0.0117603
0.152678
0.312221
0.0325373
0.158927
0.17609
0.105298
0.692938
0.180637
0.893202
0.620321
0.825989
0.175388
0.0156524
0.253587
0.00883524
0.25715
0.0186673
0.0278385
0.054816
0.057811
0.387016
0.0100978
0.0592657
0.0164094
0.399015
0.353454
0.149927
0.252298
1.2093
0.0210986
1.98445
5.48026
0.00466172
0.207646
0.175917
0.306332
0.650798
0.228325
0.445732
1.65387
0.588194
0.0177159
0.36382
0.00517997
0.261152
0.0159562
0.614151
0.0504844
0.140969
0.014041
0.120955
0.0552471
0.246405
0.0131239
0.0614701
0.0994272
1.50602
0.975106
0.0232123
0.54363
0.270966
0.0354016
0.0877903
0.123363
0.00545095
0.164473
0.108612
0.000889603
0.424656
0.137084
0.0691223
1.22909
2.23304
0.0113499
0.00812528
1.07416
4.93558
0.747229
0.493131
0.247437
0.0483451
0.0165846
0.063535
0.0914593
0.00538945
1.41377
5.07421
0.0251964
0.00407544
0.0816257
0.0292643
0.145821
1.27038
0.0492978
0.00207739
0.177398
0.392435
0.452374
0.702413
0.0754949
0.00822397
0.360419
0.527773
0.00582978
0.00246748
0.0563429
0.0369385
0.44081
0.0281826
0.0160005
0.71235
0.00145892
0.859674
0.0060121
0.00316755
0.0157308
0.0554588
0.00357768
0.696382
0.43029
1.19463
0.0921658
0.353305
0.842823
0.28023
3.65719
0.0134379
0.0336601
0.694987
0.0837125
0.0187453
1.17846
0.00201439
0.324743
0.399874
1.71569
0.0537213
0.245977
0.16862
0.167312
0.0209377
0.115248
0.379831
0.318833
0.182282
0.0681789
0.0724817
0.0438754
0.237574
0.0038771
0.00767221
0.0805959
0.0232609
0.573653
0.00324399
0.0454651
1.4938
0.145567
0.0584748
0.0790921
0.186704
0.0123035
0.0341447
0.238298
0.0793477
0.281719
0.233941
0.0867342
0.284715
0.0734934
0.307162
0.424293
0.0839066
0.787594
0.110772
0.272392
0.0367453
0.253468
0.212643
0.237625
0.278129
0.548297
0.716778
0.140612
0.0175235
0.575487
0.156161
0.0505721
0.291068
0.0953897
0.0115968
0.0491788
0.00179659
0.174251
0.0402397
0.138329
0.0308474
0.397567
0.0240842
0.0605966
0.00895425
0.178481
0.249815
0.41689
5.86911
0.01484
0.0376336
0.06148
0.161411
0.284132
3.24366
0.171572
0.18357
0.222785
0.0383484
0.141607
0.14379
0.205099
0.0690533
0.0430916
0.23453
0.4764
0.0553463
0.025495
0.079228
0.149528
0.110549
0.14005
0.614529
0.00560679
0.0567626
0.050349
0.0222618
0.537176
0.288684
0.081482
0.273211
0.637829
0.525426
0.177987
2.98974
0.101413
0.0580758
0.219136
0.146904
0.0564849
0.200518
0.140336
0.00415019
0.215725
0.0471269
0.383579
0.273118
0.491105
0.0352556
0.343834
0.272545
0.182962
0.0905503
0.31429
0.241491
0.168256
0.272109
0.00469751
0.0109326
0.304708
0.108869
0.0423408
0.122744
0.667107
0.227039
0.095804
0.096722
0.894297
0.190534
0.793217
0.0617384
0.00160168
0.33598
0.0528505
0.165237
0.219216
0.277984
0.610134
0.133886
0.411762
0.262532
0.262325
0.160505
0.0857098
0.0383503
0.444579
0.578364
0.48807
0.371523
0.0877689
0.417736
0.168979
0.0880914
0.157569
0.11466
0.259767
0.0133266
0.0539705
0.199419
0.0276345
0.0227919
0.788092
0.202949
2.21985
0.0161381
0.0285876
0.033721
0.0656286
0.0636247
0.416696
0.0168643
0.162049
0.0279593
0.143535
0.14127
0.176678
0.0175259
0.359237
0.803001
0.00739765
0.0726183
0.295802
0.25673
0.0182351
0.125568
0.159061
0.180038
0.36722
0.0107627
0.241053
0.456962
0.116609
0.212298
0.046758
0.00372376
1.01442
0.417104
0.0332304
0.0175933
0.100474
0.489778
0.3988
0.243358
0.00409012
0.0222498
0.0899298
0.380074
0.120973
0.00211303
1.59548
0.847283
1.35649
0.391356
0.0684606
0.116785
0.0361254
0.894314
0.245328
0.156037
0.682261
0.138377
0.037591
0.0738531
0.00633221
0.372352
0.35221
0.499236
0.0923527
0.627728
0.0729029
0.177677
0.08655
0.0552355
0.200657
0.155853
0.0671447
0.497383
0.295294
0.243085
0.0554496
0.101801
0.215119
0.314567
0.255291
0.022474
0.0384685
0.437961
0.300112
0.165245
0.240211
0.253843
0.081224
0.0103182
0.171944
0.0782208
0.17192
2.75148
0.0342966
0.141587
0.480301
0.226628
0.0104037
0.171497
0.690166
2.11185
0.0816806
0.0282672
0.215809
0.0227909
0.0234587
0.178503
0.0208687
0.327351
0.0826108
0.102775
0.228471
0.145916
0.370648
0.273169
0.154108
0.107279
0.118839
0.793611
0.209574
0.001265
0.00398346
0.0289902
0.0755354
0.0148759
0.00357141
0.00869547
0.375969
0.0479469
0.30779
0.0657614
0.0652771
0.207085
0.0109227
0.562473
0.0286587
0.0244569
1.4757
0.0349797
0.282759
0.00600965
0.849804
0.183217
0.0529676
0.215224
0.084389
0.193016
0.818964
0.306589
0.0255768
0.111197
0.111257
0.0872393
0.0332377
0.399613
0.102502
0.230017
0.30581
0.0839708
0.0149277
0.0700515
0.0996282
0.132508
0.338678
0.410964
0.546272
0.0995998
0.0481277
0.116736
0.221069
0.0135624
0.00372853
0.407544
0.00676054
0.7511
0.205627
0.0688092
0.349711
0.125084
0.372912
0.107055
0.326713
0.0236574
0.0897058
0.0712781
0.516103
0.0756746
0.0416578
0.347606
0.00565504
0.698329
0.489709
0.258313
1.093
0.361176
0.0131684
0.188472
0.00659969
0.384524
0.0862358
1.18104
0.855675
0.262895
0.0140433
0.55129
0.465081
0.132935
1.53442
0.0703241
0.0381678
4.13329
1.65627
1.83162
0.135346
0.00328684
0.31457
0.158751
0.462036
0.03022
0.707651
0.0047377
0.122987
0.0374884
0.0386474
0.184036
0.0210501
1.64291
0.0777926
0.314614
0.0827606
0.0417459
0.592851
0.484702
0.926189
0.0232195
0.0101246
0.0965236
0.283613
0.326914
1.03139
0.823278
0.204633
0.754578
0.668574
0.0389181
0.275687
0.00161617
0.044956
0.11156
0.310752
0.0572706
0.0427547
0.434411
0.248688
0.141182
0.0499894
0.0747769
0.296671
0.219512
0.0358716
0.0129731
0.117676
0.500142
0.196295
0.373718
0.188847
0.0349933
0.025818
0.190323
0.0433214
0.480987
0.508339
0.26575
2.73388
0.278022
0.349745
0.00760817
0.130895
0.17872
0.53047
1.95881
0.00546337
0.0712902
0.200504
0.673757
0.386957
0.0127195
0.0283098
0.0172051
0.619031
0.314758
0.0662569
0.535978
0.0118668
0.242729
1.06675
0.000805591
0.457654
0.0979515
0.0141941
0.454345
2.30605
0.538102
1.73964
0.0698174
0.498722
0.303057
0.842429
0.0684382
1.39145
0.318454
0.0288269
0.0084705
1.31625
0.0196554
0.00717339
0.0170226
0.440547
0.164195
0.579955
0.0194481
0.551388
0.359752
0.0724723
0.165886
0.031812
0.0451042
0.373239
0.931056
0.0134558
0.447583
0.0274483
4.57704
0.107518
0.864675
0.232871
1.79116
1.12508
1.70349
0.324269
0.0443551
0.00112573
0.0291466
0.570613
0.197881
0.378384
0.28829
0.234075
0.1446
0.197076
0.936703
0.100659
0.855375
1.09263
3.39611
0.0430998
0.333836
0.168618
0.0179134
1.02034
0.0684787
0.562933
0.0732871
0.125718
0.0710269
0.00607224
0.302126
0.430649
0.64431
0.304056
0.103973
0.780971
0.333128
0.208014
0.237064
0.0225527
0.098034
0.693872
2.75721
0.299664
0.0371404
0.369191
2.87972
1.07178
0.188697
0.135142
2.40813
0.15006
0.14903
0.0460562
0.22419
0.427945
0.354925
0.335619
1.44743
0.0335064
0.295066
0.478041
0.543213
0.113637
0.343182
0.0343408
0.00502872
0.0602088
0.281052
0.0422397
0.284433
0.786771
0.170144
0.0329634
0.0552203
0.176316
1.13554
1.57798
0.177541
0.492689
0.026489
0.813853
0.636766
0.177304
0.07481
0.176688
0.274076
0.832703
1.9891
0.115592
0.166929
0.3974
0.21408
0.0223643
0.351237
0.107476
0.182056
0.0518735
0.186031
0.0284787
0.0173757
0.635949
0.449465
0.322947
0.699772
0.134154
0.0473291
0.2699
0.946255
0.605007
0.231115
0.293652
0.640449
0.203183
0.0838645
0.00794234
0.288857
0.203843
0.235294
0.111981
0.0296021
2.93083
0.391962
0.0486951
0.902402
1.352
0.0505322
0.0560976
0.201819
0.00417729
0.15988
0.0769311
1.7993
0.548577
0.200647
0.00729076
1.06783
0.501569
0.00512182
0.2353
0.0822705
0.0773606
3.43618
4.81797
0.779503
0.354619
3.25096
0.431073
0.388257
0.594035
0.0771776
0.027922
0.017192
0.0133125
0.148779
0.785941
0.102613
0.0766385
0.580475
0.0894039
0.0245145
0.0171066
0.0029431
0.423374
0.467758
0.0695557
0.0580412
0.0886883
0.000962532
0.037662
0.139651
0.0350306
0.0920269
0.0573998
0.00482357
0.00286832
0.572293
0.0317367
0.329048
0.664735
0.675564
0.39268
0.725345
0.171671
0.0219712
0.0414402
0.306649
0.0662465
0.56593
0.255892
0.147616
0.237889
0.284525
0.346785
0.0191847
0.357415
0.184233
0.0690936
0.467433
0.0135959
0.140832
0.0463154
0.215221
0.210414
0.0731731
0.0737487
0.16412
0.359088
0.157889
0.0281873
1.84813
0.255023
0.0752326
0.208001
0.0313967
0.257085
0.0737251
0.149115
1.64732
0.0456349
6.80942
0.00279426
0.260915
0.911059
0.973851
3.71116
0.0317192
0.120411
0.204737
0.00273462
0.073082
0.203715
0.071325
0.272983
1.01997
0.233175
0.0641007
4.55768
0.00914442
0.0105985
0.342415
0.0101006
6.91562
0.123603
0.135271
4.77558
0.257532
0.556691
0.0242098
0.0196406
1.60599
0.0402319
0.840773
0.343881
1.35713
0.00569212
0.540534
0.123354
0.454552
0.871372
0.00536395
1.81268
0.367338
0.0196676
0.0444663
0.0335706
0.182885
0.450549
2.80071
1.14366
0.239485
0.3141
0.203371
0.477699
0.00613715
0.41824
0.0562556
0.859972
0.612399
0.217361
0.79356
0.197057
0.412358
0.136545
0.182366
0.368832
4.97789
3.33629
0.0514094
0.009031
0.164554
0.276812
0.0185723
0.555591
0.00991077
0.16405
0.0128912
0.00917656
0.428289
0.0230577
0.0533112
0.244858
0.106006
1.09417
0.321515
0.118375
0.0897398
0.0364917
2.76871
0.0644633
3.16257
0.10587
1.34211
3.14042
0.00635063
0.616579
0.126002
0.216291
0.0743919
0.341589
0.0436777
0.33716
0.00798445
0.0168655
0.00976533
0.0373656
0.00848406
0.161801
0.00738609
1.85303
0.0951818
0.0070673
0.0442578
0.696607
0.596009
0.996973
0.212324
1.549
0.394368
0.153967
0.539642
4.35065
0.238369
0.0387331
0.0200755
2.09635
0.0659121
0.276015
0.0597966
0.0257351
0.146685
0.00255962
0.00674657
0.390007
0.0218988
0.297806
0.00253329
0.771213
0.513775
0.00456258
0.198463
0.0105777
0.267381
0.305862
1.44735
0.0159656
0.00262624
0.0041242
0.152729
0.0499114
0.557858
0.0605264
0.420868
0.0329377
1.17906
0.424096
0.063616
0.0284966
0.0106905
0.0622803
0.056251
0.099608
0.144086
0.182671
0.0165364
0.0365012
0.610404
0.677391
0.010211
0.0248812
0.00194491
0.177767
0.0892677
0.446282
0.303048
0.342331
0.0156743
0.0127053
0.0165806
0.00478993
0.0183161
0.0384717
0.612541
0.022211
0.0335103
0.0360723
0.00422617
0.909306
0.00707092
0.23125
0.265295
0.0877925
0.724569
0.560965
0.0161813
0.972135
0.0728662
0.105106
0.295673
0.465347
0.10866
0.145661
0.00710316
0.0160978
1.37094
0.0495438
0.0736002
0.258806
0.991286
0.581514
0.898717
0.438744
0.00419669
0.0221056
0.67169
0.225387
3.53809
0.212545
1.02685
0.00632327
0.5737
0.277199
0.15244
0.00484583
0.849736
0.0469614
0.610725
0.0496419
0.032326
0.0277424
2.91962
0.0111159
0.00651188
0.0090536
0.202754
0.372549
0.120406
1.44371
0.0207214
0.00357969
0.0182667
0.0232854
1.58127
0.428727
1.30427
0.179586
0.262347
0.022596
0.829755
0.306892
0.000451768
0.00414194
0.0178315
0.0223367
0.152053
0.132991
0.00447953
0.00166107
0.00510157
0.00270615
0.00985877
0.00889543
0.209115
0.36339
0.00709263
0.000936767
0.0116064
0.0699096
0.525241
0.00906966
0.34304
0.235384
2.38006
0.015636
0.106535
0.219314
0.0570087
0.0684003
0.372276
0.0172867
0.0599567
0.0067109
0.00643677
0.00557361
0.552489
0.183007
0.0598848
0.00109239
0.10494
0.0407002
3.2465
0.013403
0.148392
1.56682
0.0284769
0.038667
0.0540765
0.0645138
0.0412688
0.0573113
0.226212
0.0757708
0.0786065
0.0013167
0.047799
0.106328
1.48323
0.34395
0.012674
0.136329
0.029621
0.254926
0.532354
0.0229829
0.125443
1.02072
0.297158
0.363074
0.0656513
0.00581474
0.288598
0.00931641
0.909238
0.716685
0.183304
0.184675
0.0563234
0.116139
0.243329
0.0864314
0.537435
0.00748624
0.0221486
0.169068
2.74309
0.279208
0.0155138
0.680121
0.114922
0.2629
0.113503
0.022421
0.35004
0.00330924
1.01325
0.0264201
0.0815074
0.0772447
0.0115943
0.140207
0.295549
0.318689
0.0337265
0.209085
0.203225
0.265959
0.229107
2.51665
0.144435
2.79393
0.00548323
0.123139
0.449199
0.0521562
0.303802
0.000833731
0.0202054
0.0346555
0.152152
0.22782
0.12156
0.338126
0.0735259
0.0256411
0.233447
0.246428
0.138989
0.0108731
0.15145
0.319888
0.388198
0.619353
0.098842
0.352875
0.107822
0.0046453
0.278034
0.0676426
0.32294
0.261896
0.0774562
0.728684
0.0901984
0.032175
0.124721
0.0862776
0.647877
0.0404158
0.0114791
0.98587
0.395975
6.16539
3.57179
0.0919456
0.391336
0.0255173
0.30459
0.23048
0.00289983
0.0119397
0.202034
0.102567
4.94032
0.0777692
0.0695459
0.0406796
0.0373102
0.00939757
0.0113716
0.0887632
0.0169417
0.00462251
0.317906
0.532232
0.0862311
0.222405
0.00446421
2.50152
0.0738184
0.0760393
0.340338
0.206007
0.031161
0.264469
0.537977
0.00813031
0.057102
0.845553
0.00390672
0.0712591
0.244308
0.0255468
0.435534
0.015437
0.189058
0.0302793
0.255473
0.716331
0.116646
0.208149
0.0713519
0.00567047
0.149398
0.00194198
0.734744
1.3805
0.178958
0.209523
0.118871
0.0232483
0.0669939
0.490308
0.326038
0.00439146
0.0260331
0.307322
0.0531109
0.208566
0.392379
0.166437
0.0489184
0.179883
0.412447
0.0466862
0.0500504
0.0143792
0.0432523
0.0659448
0.193083
0.334029
2.81546
0.0237369
0.0647585
0.0843233
0.237898
0.114222
0.000430626
0.0834415
0.1182
0.0857293
3.59221
0.0240365
0.0189727
0.428894
0.035094
0.274528
0.0782659
0.24309
1.41672
0.144701
0.197909
0.447801
0.0264146
0.1549
0.0960803
0.0878963
0.116225
0.00710093
0.143855
0.23438
2.86711
0.652085
0.472095
0.310431
0.207444
1.31445
0.0233875
0.658782
0.291462
0.320216
2.2153
0.391317
1.22149
0.028917
0.00169493
1.68186
0.225338
3.12521
0.36335
0.0194785
0.18823
0.742589
0.650676
0.316089
0.409417
0.229048
2.15768
0.58551
0.673966
3.81224
0.116382
2.42716
0.148724
0.0830094
0.314719
2.07743
0.00636139
0.243134
0.0558784
0.802935
0.547681
2.27107
0.198249
0.00676011
2.46979
0.235146
0.0223684
0.43696
0.00467724
0.341837
0.00818344
0.104866
0.341176
0.145787
0.187766
0.0102805
0.174145
0.0647389
0.173861
2.50247
0.338511
1.12879
0.00375861
0.162747
1.26379
0.0870809
0.0310835
0.379005
0.730061
0.229065
0.655634
0.00235189
0.680204
0.00532381
0.00217022
0.466444
0.970484
0.280203
0.0853846
0.0765836
0.300482
0.0897045
2.08775
0.461749
3.10681
0.133215
0.230565
0.166656
0.131521
0.175222
1.24808
0.11329
0.246895
1.04348
0.240865
0.140761
0.227674
0.219417
0.0369077
0.845651
0.210434
0.625837
0.000495252
0.165212
0.23588
0.3855
0.225057
0.197249
0.453411
0.274707
0.125339
0.199653
0.780457
0.0394285
0.0402465
1.17114
0.0064541
0.259749
0.446112
0.251266
0.231821
0.927592
0.148655
1.60129
0.0869581
0.0570184
0.0817055
0.24913
0.0267746
0.412736
0.158648
0.142443
0.435706
0.0128094
0.166059
0.231776
0.0256516
0.0438396
0.0357715
0.111352
0.256798
0.107611
0.0183659
0.242105
0.46232
0.558654
0.640421
0.188147
0.00648211
0.161548
0.0185532
0.00474938
0.00801423
0.240055
0.018421
0.664978
0.152322
0.125574
0.0696639
0.0104105
0.413244
0.089729
0.183062
0.0440837
0.0184325
0.00531475
0.212933
0.147391
0.677966
0.268267
0.470523
0.421972
0.23238
0.185474
0.320193
0.0847103
0.368135
0.0278259
0.00458005
0.832467
0.00819998
0.0454744
0.111921
0.217398
1.25151
0.290177
0.0256846
0.136615
1.03782
0.0126055
0.19147
0.162843
0.458576
0.0566059
0.00369256
0.0188319
0.549784
0.326542
0.192418
0.0885197
0.240178
0.00544087
0.27998
0.306859
0.824221
0.316319
0.879902
0.336822
0.00641197
0.0959095
0.435917
0.112243
0.0271448
0.0244645
0.171296
0.287482
0.00472414
0.687969
0.758304
0.161311
0.345268
0.904386
0.263032
0.421588
0.00112211
3.12698
0.00102191
0.0958675
0.050455
0.00996093
0.133094
0.562721
0.0297806
0.148989
0.15967
0.125324
0.70735
0.0146876
0.0961045
0.125009
0.477627
0.003495
0.0149014
0.014511
0.00245436
0.00715211
0.257537
0.244557
0.0357857
0.460447
0.0679919
0.524095
0.0179965
0.00863785
0.169965
0.41742
0.593047
0.138527
0.0376054
0.0110786
0.0688547
0.101844
0.0319197
0.530324
0.0123446
0.00346969
0.151306
1.7262
0.114349
0.420713
0.0837725
0.301683
0.221065
0.00420041
0.00597493
0.00810851
0.00799708
0.000952121
0.0960694
0.250012
0.034391
0.0405307
0.843669
0.00710325
0.265161
0.190712
0.164305
0.00228957
0.268096
0.0355791
0.0068575
0.137067
0.23204
0.0725219
1.13802
0.0730903
7.38555
0.354277
0.547748
0.034451
0.997556
0.00538729
0.40429
0.0191757
0.856229
0.0709679
0.00807658
0.100013
0.829554
0.635152
0.311664
0.00487314
0.000548887
0.0245741
4.34349
0.406451
0.0453877
0.358625
0.0308974
0.0535736
0.229165
0.0186947
0.347797
0.00480284
1.15216
1.13195
0.0577775
0.168251
0.00482012
0.214435
0.0412107
0.375876
0.448793
0.243633
0.0836087
0.538799
0.933426
0.0107361
0.368456
0.00128483
0.352902
0.28837
0.0932415
0.27624
0.634629
0.0219096
0.135214
0.174402
0.96928
0.580007
0.116802
0.162605
0.582875
3.8527
0.132414
0.282272
0.304656
0.0516138
0.0574861
0.387983
0.168221
0.00761429
0.015077
0.12916
0.0486293
0.337352
1.10207
0.00244634
0.396949
1.09686
0.162999
0.199987
0.0869881
1.80028
0.0860651
0.0169236
3.44204
0.167365
0.00613152
0.303883
0.141716
0.42566
0.3401
0.858268
0.286406
0.0101108
0.0865022
0.00150189
0.331228
0.479219
0.0197173
0.360565
0.0333255
