525.24, -7.42044, 0.262199
525.232, -10.1904, -2.49941
558.514, 5.56352, 1.57903
533.987, -4.2808, 0.862667
535.597, 11.4679, 2.29551
555.985, 8.27654, 0.410672
531.968, -2.50553, 2.47709
517.83, -2.28551, 2.73417
498.215, 17.0372, -2.80826
532.282, -2.46914, 1.3796
514.114, -4.76822, 2.84357
510.349, 14.4719, 0.694824
510.613, -10.9957, -2.76268
521.921, 0.191034, 0.278416
530.35, 14.0911, 2.2976
548.881, 8.36736, 1.04459
527.75, 0.808847, 0.135491
499.923, 27.0543, -0.069392
501.315, -10.6204, -1.53032
510.882, -17.3454, 2.16659
526.048, 20.4359, -1.30334
506.227, 30.0917, 0.145015
499.425, 15.4961, 1.77649
500.257, -7.46363, -1.48125
525.222, 16.9117, -1.27809
559.06, -0.959128, 1.87409
509.019, -5.59009, 0.058557
546.887, 7.50504, 1.71999
536.867, -8.14279, -2.30782
515.48, 26.8624, 1.86396
520.268, 12.3319, 0.202499
546.452, 0.677261, -0.449805
531.065, -13.0269, -0.140522
501.556, -14.3694, 2.54732
501.975, 20.9415, -2.82212
502.433, 23.3265, -1.2134
507.197, -6.93317, -1.73203
516.314, -2.35115, -0.540608
502.92, -12.3312, -1.16024
576.651, -2.98813, 2.51765
521.241, 24.2474, -1.01596
536.063, 11.1428, 1.71033
510.231, 26.7812, 0.448966
512.631, 22.289, -1.60585
515.507, -10.0176, 0.823923
510.885, -2.35449, 2.2233
507.849, -13.0695, 1.10218
504.599, -1.62626, 2.20855
514.124, -4.70125, 0.349084
510.542, 31.4129, 1.46414
516.608, 28.6353, -0.446282
524.566, 15.8439, -1.82127
515.247, 20.824, 1.01496
503.618, 29.5507, 1.88015
524.07, 19.862, 2.65098
506.11, -0.761949, 1.93502
498.09, -11.2159, -1.40551
549.654, 5.83558, -0.812477
543.173, -9.36004, 2.73559
528.295, 9.12758, -0.949118
524.084, -16.9645, -2.87604
500.289, -24.2029, -0.733305
504.023, -28.8512, 1.39652
576.686, -0.871669, -0.572207
623.463, 42.824, 2.26724
577.562, -2.47609, 0.595579
605.286, 31.0063, -0.587743
618.363, 40.0644, -0.33942
617.95, 40.2788, 0.81111
616.718, 54.6245, -0.501543
626.631, 61.6443, 0.659045
577.703, -0.294734, 0.001924
608.156, 38.1991, -1.08294
627.024, 55.0482, 1.66433
634.321, 54.4014, 2.08415
626.709, 52.7651, -1.50114
640.59, 4.63162, -2.1271
627.495, 39.4429, 1.5016
629.905, 36.7337, 0.303762
578.099, 0.60883, -1.4769
610.847, 17.972, 2.50286
613.937, 12.911, -0.25924
637.642, 10.7848, 2.68095
646.359, 5.24183, 1.57931
657.395, -6.78442, 0.168539
612.974, 67.5732, -1.94822
654, -3.31478, -3.11811
644.796, 47.4511, 1.6539
584.127, 61.9995, 1.21921
608.043, 68.7754, -3.10454
576.733, 3.51385, 0.029969
596.782, 76.8579, 2.28641
630.983, 24.8694, 0.568445
576.662, 7.63148, -2.56967
599.188, 67.404, -1.67915
635.081, 36.8826, -2.23484
649.015, 33.2192, 0.026877
637.407, 21.096, 0.879432
591.993, 35.9589, 2.74784
595.001, 39.6123, 0.208015
632.299, 63.2289, 1.31048
600.052, 75.9309, 3.13611
623.034, 61.6208, -2.14419
611.877, 60.8872, -0.084585
592.332, 34.5975, 0.432183
605.344, 71.5767, -0.468649
599.668, 73.6373, 1.43511
591.784, 77.0629, -0.590878
581.815, 32.8359, 2.71627
610.587, 49.2165, -0.874992
605.404, 80.3649, -0.057139
594.413, 77.8046, -2.98807
625.009, 59.1882, -0.745254
625.731, -44.2287, 1.9522
649.868, -31.5845, 1.69078
629.878, -49.858, -1.16445
597.153, -31.469, 0.634909
578.182, 5.26039, 0.40112
547.909, 69.4532, -1.8872
557.044, 61.1456, -1.3294
551.816, 48.1216, -2.82039
539.004, 69.6316, 1.23689
572.243, -22.4725, 1.73457
567.346, 64.4386, 0.496219
572.662, 61.4562, -2.46022
571.703, 61.6676, 1.31764
579.348, 85.7911, -2.42263
581.872, 44.4952, 1.30501
597.899, 46.8399, -1.03578
597.09, 69.4467, 0.176349
585.071, 23.7277, -1.92769
595.459, 45.4885, -1.60631
605.361, 56.2544, 2.9259
604.277, 70.3913, 0.465555
586.257, 24.3458, 2.34387
605.394, 54.7611, 2.5228
591.094, 39.0888, -0.862334
595.391, 73.9966, 1.8132
603.434, 81.1749, -0.986236
521.084, -15.216, -1.97883
534.666, -21.3882, 2.05157
534.964, -55.7022, -3.0011
547.358, -68.734, 0.748563
576.602, 7.11337, 0.843275
536.681, -56.9834, -2.6518
575.712, 7.39438, -2.29579
576.575, 7.91713, 0.067269
619.947, 36.5458, -2.15918
626.357, 44.0838, -1.00972
643.478, 52.3575, -2.75111
628.128, 47.2053, -2.18985
622.258, 41.2098, -2.24766
649.891, 37.1945, -1.09417
553.856, 59.2387, 2.54484
528.82, 70.764, 3.06325
531.711, 65.3287, 0.349974
538.253, 63.7632, -0.864043
551.404, 65.5379, 0.702097
610.767, -50.2608, -0.396365
608.883, -46.5686, -3.10088
609.303, -57.9443, -1.68224
623.585, -22.2894, -0.667271
616.32, -21.111, -1.12191
589.85, -1.58169, 2.262
610.851, -16.1457, -0.276193
604.361, -22.0118, 2.30228
549.406, 12.8133, -1.28697
511.21, -21.0118, -0.441123
533.666, -3.70679, 2.66111
506.593, -14.79, 2.75322
554.743, 9.04109, 1.93317
501.435, 8.84276, 2.9023
544.279, 16.7162, -2.1809
542.657, 12.2708, 0.907799
536.346, 38.2672, -0.918237
544.001, 52.8642, 2.4899
572.019, 21.941, -0.895947
573.411, 28.5783, -1.29281
572.336, 30.3772, -0.271052
562.09, 61.3206, -1.87346
529.775, 57.3775, 1.79351
552.909, 45.9717, 0.720259
556.899, 32.1391, -1.45795
549.691, 38.7495, -1.04405
571.364, 24.7657, 1.63935
546.712, 72.1125, 2.05314
571.928, 6.84142, 0.295623
562.432, -51.3777, -1.02295
566.435, -28.7471, -0.210053
567.33, -56.9016, -2.31042
576.025, -68.619, 1.31645
528.412, 62.9403, 3.10694
572.084, 7.11968, -0.00066
522.16, 63.6717, 1.63065
572.492, 5.63988, 2.65832
572.433, 5.694, 1.60711
572.388, 6.23806, -3.04997
572.396, 6.69781, -0.177936
538.039, 73.5431, 0.578063
528.432, 73.6456, 1.21655
504.308, 29.7877, 2.62256
520.911, 58.3158, -1.75592
630.658, 12.3239, 2.11923
597.156, 7.57548, 1.29764
572.505, 6.8793, 3.03578
572.303, 7.21751, -0.249346
496.637, 26.6848, -1.30086
497.359, 17.5745, -1.65089
502.014, 7.9766, 2.52085
492.849, 6.19959, 2.08998
509.27, 5.62547, -0.142522
519.496, 4.4051, 1.52974
510.135, 4.82081, -0.044029
517.15, 5.85229, -0.038928
515.595, 6.48505, 1.21426
504.847, -12.8798, -1.82402
493.229, -11.1841, 2.10156
515.531, -4.87573, 3.09935
494.042, -8.65402, 1.52659
493.629, -9.22265, 1.75307
537.452, 1.91598, 1.29201
521.057, 0.412806, 2.33464
526.064, -4.19604, -2.09224
572.739, 6.06384, 2.9376
572.306, 5.65661, -2.03831
572.45, 5.66734, 0.135299
572.902, 5.90184, -0.043206
572.979, 6.14942, 1.75529
572.799, 6.0887, -0.72995
572.48, 6.58738, 0.192898
577.502, 3.69204, -1.28835
573.101, 5.49623, 2.22336
575.747, 4.7721, 0.417042
648.498, -19.5142, 2.86854
639.751, 9.2045, -1.09136
642.271, 23.6202, 1.92081
604.674, 14.9293, -2.65894
600.974, 12.6801, 2.52679
628.29, 36.6555, -0.205659
608.313, 42.5399, 2.72487
602.38, 78.8661, 1.27108
609.448, -6.02421, -0.383838
611.167, 4.77555, -0.025643
613.736, 10.2555, -2.20383
644.867, 38.6431, -1.12255
607.144, 27.064, -1.77056
615.674, 13.5108, 0.013908
635.65, 21.2887, 1.48726
626.481, 26.2937, 0.883564
636.761, -44.6301, 2.54251
602.102, 11.2353, -1.82718
653.818, 21.9727, -1.5189
636.135, 16.9015, 0.514303
611.747, -21.7453, -2.24626
604.549, -37.2782, -0.538586
613.07, -61.7096, 1.76758
622.686, -58.0505, 2.08264
589.981, -73.4266, -2.40061
592.538, -66.9407, -1.91327
641.201, 51.776, -1.1736
599.544, -56.3144, 2.29938
617.17, 69.5626, 0.533959
618.406, -51.2407, -0.264438
578.146, 3.80332, -1.33471
577.184, 3.10575, 0.178859
536.682, -51.9136, -2.37225
577.545, 3.00976, -1.53077
500.698, 2.69835, 1.50867
542.01, -33.2075, 1.25097
606.835, -35.5005, 0.928919
547.859, -20.5302, -0.705145
530.302, -26.1013, -1.4374
578.16, 2.80668, -1.81095
620.316, -65.2115, -2.10901
648.032, 7.42018, -0.716251
590.754, 5.22686, 0.619063
630.277, 18.9899, -1.06143
607.993, -62.3846, -2.20268
613.087, -53.4232, 0.119713
628.057, -49.8228, -2.75822
600.558, -28.4046, -1.76341
621.945, -46.1007, 0.081089
621.46, -42.4738, 2.52058
635.218, -31.465, 3.00528
627.404, -19.0434, 1.1886
631.4, -50.5007, -1.01592
518.296, -25.2816, 2.22558
503.068, -23.4341, 1.56615
529.799, -14.2586, 2.87711
546.885, -2.77024, 2.5011
498.116, -8.9135, -0.36812
545.937, 0.121263, 0.017714
576.728, -1.10119, -2.33102
577.639, -0.372273, -2.58275
637.674, -41.1319, 0.169031
631.317, -36.7185, 1.34208
644.48, -45.2131, -1.14296
582.725, -4.34185, 0.021744
642.895, -44.039, -2.21127
575.802, -2.17862, -0.121612
575.789, -4.72683, -0.99762
576.471, -3.11933, 0.932691
576.369, -2.82318, 1.97206
576.222, -3.92577, -2.60185
577.356, -2.96967, -0.816337
576.146, -5.31594, -0.857103
576.959, -2.75881, 2.75017
575.612, -4.0476, -1.20761
575.368, -3.15253, -1.77319
575.627, -2.94862, -2.88007
575.238, -2.92628, 3.0623
588.412, 45.8051, -2.0177
589.582, 59.3227, 2.78614
603.043, 57.5415, -1.63353
581.197, 23.465, 1.46673
597.218, 72.2717, 2.26927
574.417, -2.88255, 0.553623
595.424, 65.0658, 1.80467
597.474, 59.5959, 0.115369
573.727, -2.42896, -2.7026
573.732, -2.492, 0.900525
540.993, -36.8937, -2.5741
531.719, -70.8679, -1.55262
564.72, -18.6529, -0.118481
531.679, -59.9609, 1.56705
580.594, -55.3477, -0.902611
572.734, -3.44707, 0.488988
572.689, -2.93596, 1.92435
573.265, -4.56222, 0.317831
606.229, -24.1023, 2.43572
564.345, -77.5981, 2.47276
567.864, -52.0617, 0.441228
563.04, -83.9665, -3.09041
557.867, -62.9124, 1.53738
567.428, -30.3068, -0.929062
554.445, -30.1671, -1.81029
548.094, -39.2302, -2.1685
539.879, -47.3824, -2.20092
602.92, -62.1548, -2.21007
604.228, -74.4377, -2.65769
595.645, -60.404, 2.07083
595.491, -68.6438, -0.798132
615.663, 63.095, 2.96814
606.883, 46.4794, 2.57265
616.882, 59.2492, -0.310496
614.112, 50.8833, -2.01677
615.694, 56.4812, 0.398439
611.017, 48.0602, 1.19177
521.047, -23.087, 2.71889
519.136, -38.6893, -0.940446
502.507, -29.0247, -0.5216
513.913, -29.6721, 0.611951
550.38, -14.9621, -0.992029
572.768, -3.00907, -0.351465
633.754, 30.578, -1.32529
625.663, 15.1771, -1.33457
652.838, 7.71331, -2.97708
624.914, -6.39642, -1.82055
604.884, -14.5818, 0.826806
634.009, -15.0261, -0.216243
565.941, 69.6623, 2.47908
549.276, 69.5717, 1.37677
578.999, -0.861323, 2.59138
647.909, 23.7844, -2.30266
576.764, -75.4626, 2.83327
637.016, 31.0733, 0.433063
610.959, 34.5166, -1.59508
600.138, 27.6101, 1.18229
612.78, 59.2121, -2.18598
575.452, -3.25971, -2.27636
605.875, 24.69, -0.8843
624.564, 43.7794, 2.73404
629.775, 49.9671, -1.74152
609.351, 31.3593, 0.96377
576.786, -4.70907, -0.618497
576.864, -3.06266, -0.278922
555.992, -73.5208, 1.17368
575.689, -3.66167, -0.725752
576.34, -4.22812, -1.90985
578.393, -2.57111, 1.9438
576.623, -4.22513, 0.324756
576.058, -4.03733, -1.27408
576.073, -4.09017, -0.700809
576.343, -4.30474, -2.58348
536.437, -20.2339, -0.511052
529.369, -11.3801, -1.866
574.703, -5.78242, -1.19528
573.191, -7.52732, 2.13133
574.191, -5.9644, 2.36645
574.886, -5.76628, -0.592248
574.401, -6.40903, -0.046804
573.945, -7.63714, 1.64589
574.529, -7.67165, 2.99387
574.018, -8.05377, 0.420063
574.1, -7.79799, -2.32658
572.814, -7.57587, 1.26172
575.161, -6.70234, -2.91542
575.283, -6.21899, 1.30912
573.483, -7.47383, 0.582007
574.019, -7.50806, -0.989437
574.181, -7.05419, 0.884311
573.817, -7.40445, 0.051647
571.267, -5.45238, 2.74984
569.319, -3.90378, 2.6161
569.927, -5.49639, 1.3588
544.906, 66.0878, -0.56314
571.385, 53.2245, 2.55062
560.795, 1.11666, 2.05894
566.421, -2.65086, 2.38372
565.93, -2.76216, 1.33533
564.616, -2.18916, 1.23168
559.852, 0.332629, 0.3293
562.325, -1.09369, 2.81256
568.024, -3.60401, 2.74639
565.015, -2.11013, -1.97226
570.39, -5.6129, 2.67088
561.601, -1.1182, 0.40861
561.496, -0.612007, 1.49368
568.023, -3.75928, -0.971826
561.994, -0.704781, -2.23739
569.496, -5.03325, 2.45603
564.84, -2.34307, -0.558867
564.383, -2.0968, 2.65923
560.488, -0.638561, 0.088899
567.698, -5.3904, 0.331199
559.612, -0.090078, 0.630642
560.773, -0.847258, 1.21643
567.931, -4.23085, -2.34471
567.92, -3.46789, -1.24225
565.779, -7.84534, 0.836739
561.233, -14.7594, -2.11724
564.899, -2.25783, -1.89305
560.655, -0.403476, 1.74693
563.905, -2.00476, 1.12547
560.183, 0.246715, 2.40168
564.476, -2.18135, 1.25876
561.205, -0.950475, -1.6097
566.843, -3.17903, 1.3475
566.465, -3.13305, -3.13006
560.892, -0.621798, -0.67419
566.029, -3.03115, 0.912986
559.214, 0.259054, -1.63792
563.64, -1.91681, 1.96206
560.817, -0.430998, -1.78815
559.681, 0.944385, -2.59168
559.892, 0.951446, -0.649864
559.389, 0.591345, 0.841355
565.038, -1.84009, -0.075212
564.462, -1.87714, -0.417622
562.73, -1.49683, -2.65502
561.305, -0.037768, 0.108331
559.07, 0.503014, -2.01668
563.392, -1.4904, 2.79508
562.441, -0.668892, 1.36584
563.225, -0.976362, 0.145009
562.074, -0.433495, -2.52282
560.458, 0.352402, 2.65385
560.019, 0.134668, -0.274197
563.395, -0.588654, 0.576352
561.77, -0.474914, -1.9907
559.894, 0.516344, 3.11087
561.883, -0.261422, 1.06793
559.853, 0.036338, -2.09549
559.969, 0.245904, 2.72629
560.463, -0.103522, 1.98603
560.616, -0.145559, 2.28754
559.658, 0.313944, -0.407253
561.326, 0.016244, -3.04121
559.356, 0.565067, 1.37377
559.426, 0.55109, 1.92576
560.409, 0.625577, -1.67945
559.848, 0.827448, 0.199284
559.586, 0.677799, 1.47399
552.747, -1.38298, 0.209819
552.76, -1.25003, 1.49059
560.001, 1.03209, -2.35718
554.156, -0.816054, 2.50014
554.548, -0.61316, -1.94351
555.154, -0.206872, 1.03369
564.059, -2.26165, -1.95096
573.258, -8.71062, -1.08856
569.299, -4.37198, -0.939252
562.517, -0.6463, 3.12821
562.596, -1.53141, -1.46811
561.746, -0.937563, 0.20816
567.071, -5.89346, 0.54184
566.193, -4.8791, 2.06936
564.247, -3.2497, -2.90853
567.799, -6.76296, 1.28347
562.206, -1.55237, 0.316381
563.601, -3.13359, -2.8217
568.402, -7.54384, 2.20787
563.089, -1.5596, 1.09333
563.263, -2.23816, -1.85961
562.602, -1.88, -1.53769
567.382, -5.45526, 2.32382
571.68, -10.7668, 0.10511
562.855, -2.4752, 1.7393
562.805, -1.86663, 2.64499
569.317, -8.07305, 2.86492
572.896, -11.6572, -0.846405
572.332, -11.0493, -0.307451
566.687, -5.22437, -1.2814
568.794, -7.14159, 0.980346
573.102, -11.2898, 0.885073
564.821, -3.76194, -1.87345
571.284, -8.78994, 0.135432
564.273, -3.26724, -1.74116
570.264, -7.61318, -1.08145
566.16, -4.2846, 1.29676
567.431, -5.23018, 0.82857
565.822, -3.9878, -2.95676
572.095, -10.2113, 1.85837
568.941, -7.35179, -1.2161
573.61, -12.6146, -2.01076
568.697, -6.31473, 2.47595
572.553, -11.3594, 0.106576
572.396, -12.9968, 0.281981
568.032, -6.53252, -2.60123
569.417, -7.22556, 1.50168
570.531, -8.74398, -1.97151
569.959, -8.45461, 1.61353
572.881, -10.9389, -2.17298
569.634, -6.92029, 2.55575
570.383, -7.33016, -0.647216
566.792, -7.31864, 1.42155
573.576, -9.6347, -2.22328
560.984, -13.6343, -2.67769
563.779, -9.64645, -1.94155
565.679, -8.22402, 0.179587
566.971, -7.22907, -3.00459
560.116, -14.7764, -1.45449
564.402, -9.70078, -0.965562
562.69, -12.1023, 1.68551
565.3, -8.71689, 0.738474
565.314, -8.68064, -0.745474
562.044, -13.0741, -0.550165
560.423, -14.5512, 1.5088
561.087, -13.4325, -2.96671
560.504, -14.6594, -0.799269
562.215, -12.4237, -1.81645
564.949, -10.0208, 2.306
564.302, -10.4315, 2.6298
560.561, -14.9101, -1.08936
562.496, -12.7611, -0.532315
559.358, -15.5165, 2.37867
559.319, -15.6214, -1.08748
563.755, -11.4745, -0.280435
562.372, -12.4836, 0.935053
562.048, -12.4189, 1.22019
561.595, -12.7366, -2.21592
562.532, -12.727, 2.97659
560.645, -13.2007, 0.539188
559.443, -14.9979, 0.472397
557.644, -13.509, -1.50268
558.99, -12.3975, -1.19989
562.557, -12.3012, 0.026591
559.156, -12.0319, 1.0427
561.99, -12.3435, -2.77394
562.095, -12.7496, -1.81576
561, -13.7824, -0.991501
558.274, -14.0835, 2.55335
560.582, -13.6575, 1.9396
558.615, -14.0105, 2.39914
560.141, -11.9572, -1.67972
558.011, -13.9981, 2.18795
561.572, -13.7096, 2.9033
559.354, -13.2504, 0.707793
560.621, -12.9672, 3.08751
557.163, -13.4376, 2.79174
560.015, -13.6404, -1.78997
560.45, -12.6638, -2.94322
555.821, -12.4965, 1.72389
556.874, -12.7406, 2.44001
558.595, -12.8554, -2.09477
555.651, -12.5417, 2.65249
558.649, -13.1936, -2.29094
560.212, -14.477, 1.7872
560.351, -15.6834, 1.42425
560.488, -16.6313, 2.59836
560.615, -16.8101, -0.759742
560.038, -14.5609, -2.66216
560.012, -13.9509, 0.415929
559.303, -15.3919, 2.56417
578.213, -35.3249, 2.02468
560.505, -15.9964, -1.04766
573.188, -31.8397, -2.74877
571.855, -31.7356, 2.91146
571.61, -31.6773, -2.50201
573.703, -34.6756, -2.72095
576.056, -38.4582, 1.97006
562.148, -17.9363, 1.16686
565.637, -23.6724, -2.47472
565.968, -23.892, 2.413
568.655, -28.0693, 1.20056
571.446, -32.6834, -3.09562
575.422, -38.4417, 0.040838
569.966, -30.5548, -2.50132
568.351, -29.4554, 1.06511
572.792, -37.4437, 0.062754
567.97, -28.5733, -1.63177
564.308, -22.4407, 2.4969
571.891, -34.6508, -2.4325
571.073, -34.3025, 1.29223
573.741, -38.1684, 2.17925
567.425, -28.3992, 0.959828
573.349, -37.8691, -0.425769
567.684, -28.3335, 1.11366
574.249, -39.5567, -2.10209
571.139, -33.8245, -1.67361
574.169, -39.8226, -2.0202
565.263, -23.9337, -1.85531
571.605, -36.3181, 2.66285
569.574, -32.6672, 3.07185
572.941, -37.9478, 0.544116
567.265, -27.6277, 2.47255
571.374, -35.7998, -1.49872
564.454, -21.5774, -3.10267
564.561, -23.1882, -0.353309
567.059, -28.0018, 2.76743
569.216, -30.8458, 0.411747
568.291, -19.333, 0.052678
572.343, -36.3581, 1.59215
568.546, -30.2926, 0.727389
564.953, -23.1094, 2.34379
573.631, -37.4984, 2.62789
568.172, -28.5255, -1.85755
568.527, -29.1995, 1.64025
567.465, -27.7382, -1.69331
574.669, -38.9929, 0.12543
572.283, -34.9887, 0.319238
572.381, -34.8888, -0.645744
569.653, -31.2813, 1.29154
569.339, -30.5786, -2.14864
566.467, -26.0927, 2.28561
566.248, -25.2922, -1.19026
566.822, -27.931, -0.329311
567.352, -26.9586, 0.161821
568.198, -28.6239, -1.48028
571.009, -33.7584, -2.61372
574.923, -38.987, -1.40969
569.954, -32.0771, -0.767357
571.707, -34.6986, 1.79687
572.087, -35.2139, -1.42321
565.964, -28.7179, -3.04504
574.807, -39.3074, -2.58019
568.699, -29.1489, 2.65274
566.282, -28.5904, -2.93572
566.744, -27.9247, -1.57742
569.954, -31.4139, -2.93973
570.911, -32.3334, 0.213377
573.447, -35.6792, -2.91728
574.871, -37.6531, 1.33188
571.874, -33.7171, -0.66816
571, -32.5164, 0.56674
574.115, -36.3217, 1.37337
575.772, -38.9415, -0.437163
574.441, -36.6935, 1.22724
572.212, -34.0185, 2.07684
569.844, -31.0207, 2.91622
575.884, -37.3766, 1.00222
575.687, -37.6007, -0.511715
569.5, -29.7277, 1.41229
573.712, -35.667, 2.53541
570.163, -30.7771, 1.7113
574.015, -35.7636, 0.612895
575.105, -36.0823, 3.13913
571.496, -33.0757, -0.294377
572.782, -34.009, -0.350695
571.9, -33.6215, -0.264577
575.9, -37.7815, -1.59621
574.27, -36.2821, -0.981174
571.272, -32.5169, 2.67172
571.303, -32.2142, -1.29332
573.549, -33.7292, -2.36268
576.304, -34.3927, -0.964047
575.279, -36.6827, -1.92573
572.326, -33.6105, -2.82321
576.473, -36.601, -2.49359
576.087, -36.5473, 2.84502
574.744, -33.2227, 1.60822
575.993, -34.4818, -1.92461
575.517, -35.2127, 2.40787
573.87, -35.0705, 1.36677
573.367, -33.9858, 2.28003
575.698, -34.6275, 1.91263
574.857, -34.35, -2.12824
576.643, -36.5689, -2.28018
575.809, -34.5424, -1.44692
574.783, -35.2069, 2.01926
575.927, -34.8975, 0.203602
576.522, -32.9945, 0.542346
574.886, -34.2829, -2.80437
575.585, -35.0554, 0.79774
576.532, -35.877, 1.1373
574.882, -35.1429, 1.86518
573.722, -35.8742, 0.403112
576.418, -31.7926, -1.41856
574.892, -33.0717, -1.56753
574.294, -32.3781, 1.61154
577.681, -28.5785, -2.81641
576.387, -34.2956, -2.36534
576.496, -29.5314, -1.59347
576.631, -30.6108, 0.643227
577.031, -29.2419, 2.89319
575.078, -32.1763, 2.08236
576.82, -32.0036, -1.75176
575.507, -31.0497, -1.78905
575.487, -32.7289, -1.10564
575.331, -32.4159, 0.624648
576.714, -29.8305, -1.11048
576.806, -31.7127, -2.95428
575.486, -29.9461, 2.30601
578.212, -28.6672, -1.63963
572.829, -31.9124, 0.665569
572.144, -31.7617, -1.82561
575.759, -32.7836, -1.89642
578.409, -29.0718, 1.82393
576.462, -30.9916, 2.63251
577.051, -31.4268, 1.30989
583.509, -27.4785, 2.64774
580.368, -28.5863, 3.10661
581.061, -28.4521, -0.161234
578.717, -29.0534, -0.994195
584.388, -27.9578, -1.27147
580.358, -28.0513, 0.77803
587.216, -25.9917, 2.72863
577.053, -29.2967, -1.66677
584.982, -26.7864, -1.3145
585.793, -25.7164, -1.65858
578.489, -28.3866, 1.89017
584.228, -26.1903, 0.16029
583.52, -25.8128, 3.0982
584.63, -27.4135, 2.24689
584.155, -28.1808, 2.8523
594.295, -34.5298, 2.54873
583.576, -24.7715, 1.60683
597.041, -35.5239, 1.19626
594.655, -34.2227, 1.47711
591.236, -33.9773, -2.49341
594.281, -33.9066, -0.543114
600.225, -35.5199, -0.517235
584.708, -28.7927, -0.024247
591.392, -32.8767, -0.218241
585.649, -26.267, 2.85584
582.39, -25.1229, -1.82093
583.336, -24.5498, -2.10196
592.624, -33.8924, -0.675002
583.455, -24.7956, -2.62233
637.806, -48.0677, -1.4251
583.821, -25.5757, 2.52131
585.266, -24.8077, 1.35633
586.02, -26.0762, 0.004514
644.226, -52.8128, 1.09688
652.497, -60.9507, 1.85485
586.044, -24.419, 1.1075
584.257, -24.3395, -2.46736
636.469, -64.595, -0.65422
630.869, -65.1532, -1.46597
587.227, -23.9263, -1.73259
622.761, -90.7776, 0.785023
584.818, -24.4018, -1.06706
585.163, -24.06, 0.787454
629.652, -77.6338, -0.434023
588.199, -24.1987, 0.742879
619.205, -82.1542, -0.464294
586.349, -24.6417, 0.076687
579.319, -102.399, 3.08571
603.049, -63.0875, -0.31289
581.466, -53.9253, 0.295316
572.152, -82.3943, -1.2506
578.345, -50.9924, 0.422523
567.213, -96.9004, -0.49699
589.867, -64.6691, 0.205082
554.216, -95.2836, 1.39718
578.735, -72.2902, 2.4877
577.698, -97.1733, -0.10716
560.638, -90.3346, -1.55027
568.464, -94.3889, -2.50962
573.781, -47.9733, -1.18116
564.691, -59.1904, -2.71943
546.941, -53.2908, 2.12274
553.131, -59.8274, 1.50923
590.664, -80.7981, 1.58058
557.673, -92.7302, 2.68039
594.884, -66.2732, -2.84861
593.788, -92.5809, 0.897811
589.697, -82.5774, -1.40287
585.163, -107.502, -2.84495
536.614, -76.4632, -2.88251
546.704, -93.9312, -1.18031
554.175, -83.782, 2.21651
531.716, -76.7125, 2.68058
558.032, -48.5746, 0.467096
566.361, -42.4824, -1.66109
562.464, -40.9719, 1.04109
529.519, -53.0954, -2.44964
586.64, -30.3031, -2.99664
587.335, -29.5042, -2.38596
590.54, -29.6061, 1.97526
586.519, -30.8374, 2.31815
590.551, -30.0107, 1.17582
597.237, -32.6206, 0.028889
589.408, -30.6417, 1.66152
602.157, -30.306, -1.65092
595.274, -29.7581, -2.2402
596.291, -30.0631, -0.992969
601.917, -31.2671, -0.71009
597.06, -30.4343, -2.73877
602.52, -30.8752, -1.98852
600.099, -30.4544, -1.33323
597.976, -31.2762, -3.11996
606.866, -31.2217, -2.12743
599.371, -31.2649, 2.36993
604.753, -30.9967, -2.47804
595.636, -30.4303, 2.22072
594.11, -32.1448, 0.727263
605.178, -31.8972, 2.42288
597.356, -31.0066, -2.19326
606.16, -30.3948, 0.44646
596.615, -30.245, -2.54201
603.974, -29.1958, -2.18063
596.079, -29.8016, 2.23643
596.839, -29.8447, 1.09222
595.081, -31.6317, 0.232776
597.131, -30.0126, -1.0177
604.659, -29.2007, -1.53344
594.823, -29.8359, 1.21732
596.146, -30.0132, 2.62486
595.989, -29.5524, -2.72689
605.947, -30.3153, 1.85604
603.628, -29.4534, 1.60728
605.942, -28.8465, -0.849535
601.344, -29.8286, -2.87955
600.33, -30.0348, 1.27991
604.172, -29.2448, 1.8728
603.915, -28.9828, -0.224168
596.829, -30.1873, 1.7512
602.476, -28.8219, 2.27565
603.631, -29.7613, -2.07353
598.533, -29.9268, -1.83626
606.215, -29.3516, 2.32311
601.979, -28.9287, -2.44964
600.98, -29.9086, -1.80986
605.599, -29.2735, -2.0029
599.821, -29.5736, -2.90108
605.48, -29.7696, 1.33114
606.363, -28.9086, 2.82442
601.819, -29.3027, 0.687489
603.46, -28.5363, 0.326146
661.082, 15.3921, 1.9672
651.548, 12.3849, 3.04743
656.596, 24.2021, 0.228502
649.02, 24.1991, 2.02937
649.072, 34.5308, -1.95053
637.622, 22.4959, -2.39031
642.481, 22.174, 2.58628
618.806, 9.41914, 1.1289
635.062, 24.9065, 1.69956
625.798, 24.7017, -2.24703
620.748, 23.9185, 2.01352
605.671, -29.8234, -0.840227
603.818, -28.9078, -0.366407
606.357, -29.631, 2.97678
605.259, -29.7825, 2.10317
606.829, -28.762, -3.03261
607.076, -29.3795, 2.61328
607.233, -28.918, -0.916276
606.719, -29.1903, -0.267885
605.986, -29.0788, 1.10213
606.903, -29.38, -0.952323
606.745, -29.4976, 0.255583
605.892, -29.9759, 1.93787
606.381, -28.522, 0.322453
607.416, -29.3272, 2.47197
607.048, -28.3736, -0.057578
607.198, -28.7453, -2.666
606.178, -29.2701, 2.41486
606.244, -29.067, 2.68747
601.586, -30.6015, 0.628362
581.504, -35.5393, 1.56923
546.648, -47.2595, 3.08468
586.128, -32.5946, -0.716034
589.955, -29.7348, 0.915334
600.394, -28.9056, -0.254599
601.506, -28.3841, -0.375202
601.784, -28.368, 2.15731
592.958, -28.0241, -0.616615
594.468, -28.3701, 1.27874
556.884, 8.18357, 2.11368
565.041, 10.1746, -1.54911
556.988, 25.6658, 1.37942
569.848, 26.3522, -1.675
592.604, 10.3661, -3.04446
587.198, 27.2518, -2.11329
589.426, 32.1004, 2.48132
590.991, -25.7413, 1.047
603.38, -28.8861, 1.31597
598.989, -27.6409, -0.957375
592.908, -26.4189, -2.49907
588.202, -25.1692, -2.31965
587.471, -25.456, -2.0867
590.157, -25.9281, 0.250781
588.872, -25.4523, -1.74256
600.39, -28.8657, 1.24977
591.249, -25.8548, -0.290661
592.02, -26.7328, -1.76055
597.913, -27.7522, -1.76937
587.039, -25.4304, 1.33752
585.671, -25.1305, -2.57283
583.448, -23.5653, 2.59232
586.745, -24.6226, 3.12751
592.494, -25.9603, -2.65671
534.413, -26.02, -1.95404
583.755, -22.9176, 2.77231
586.812, -24.5475, -0.832068
583.668, -22.6146, -1.00299
597.624, -27.1101, -0.712934
526.339, -11.829, 2.25453
583.89, -22.955, -3.06978
589.656, -24.9802, -2.9977
582.759, -21.9812, 2.41032
595.809, -26.9864, 2.89474
595.145, -26.2239, -0.495411
581.923, -20.8189, 1.29786
590.378, -24.6557, 1.25899
592.705, -25.4265, -1.40022
591.437, -24.9148, -1.28149
587.237, -23.463, 0.693129
593.328, -28.5552, 3.07903
593.03, -26.5064, 2.34479
585.693, -22.3449, -1.52403
592.373, -26.0087, 2.30128
585.125, -21.4021, 2.41612
587.023, -23.0838, -3.04367
587.74, -23.75, 1.06388
589.776, -24.2324, -2.95763
585.007, -23.0102, 2.21341
590.29, -24.4371, -1.80626
589.013, -23.5464, 2.80087
583.187, -21.5997, -2.98093
583.574, -21.2891, 1.50226
585.048, -21.6713, 0.377389
529.684, -13.1072, -2.71583
550.759, 18.2523, -3.02139
587.096, -23.0265, 2.17389
585.353, -22.2923, -0.912847
584.064, -21.5922, 1.92442
537.475, 27.0331, 0.76652
586.418, -22.3952, -1.83956
586.442, -23.623, -3.12547
573.074, 50.8408, 2.66022
585.627, 16.3639, 0.692048
567.314, 12.1929, -1.31762
551.584, 47.4876, -1.46821
584.711, -20.4156, 1.09177
586.628, -25.1171, -2.6418
585.622, -22.1209, -1.22637
584.875, -19.7808, -2.29565
585.24, -20.468, -2.10234
526.098, 23.3308, -1.83929
568.771, -26.6602, -1.78435
586.951, -19.7197, -0.62683
524.242, 18.0128, -2.10695
516.547, -36.3402, 0.884188
516.362, -37.7733, 1.70182
517.827, -52.6567, -2.78055
546.056, -7.76369, -2.56464
585.916, -18.083, 2.18596
534.525, -26.0004, 0.043204
516.282, -12.7965, 2.45709
524.332, -24.7509, -0.180984
544, -12.2865, -2.77051
534.053, -23.5145, -2.46592
551.985, -30.513, 3.04671
538.042, -32.7423, 2.67048
509.501, -38.9904, -0.103891
588.236, -19.1559, 2.78725
585.146, -20.7619, 0.585061
586.414, -17.7515, -2.82898
585.895, -18.4009, 0.999234
558.921, -69.0413, 1.49286
570.033, -87.3016, -1.27762
536.056, -85.9954, 0.965244
549.354, -73.7274, 2.43886
561.887, -84.3454, 0.503836
565.715, -79.5962, 1.91131
517.026, -60.174, 0.336321
540.735, -59.8795, 0.528959
519.514, -68.209, 1.69989
583.969, -19.8359, 1.42654
583.461, -19.2793, 3.02791
582.938, -19.4877, 2.49444
581.804, -20.2846, 2.8196
581.5, -20.4892, 0.121275
574.762, -24.3603, 0.61729
579.626, -21.8584, 0.185872
574.782, -23.5831, 2.11904
576.808, -22.5608, 1.29443
578.929, -23.6208, 0.666337
577.759, -26.7876, 1.44842
577.673, -25.0616, 1.20296
575.246, -25.1156, 2.41843
579.493, -23.7928, -2.1122
576.801, -28.7778, 2.96705
579.797, -21.7292, -0.177567
575.19, -25.3479, 1.42809
599.879, -77.7844, 0.258919
575.639, -77.0189, -0.277306
613.847, -84.2939, -1.50753
593.25, -87.384, 2.77397
633.508, -71.8933, -1.95721
628.667, -67.1236, 1.31132
634.791, -82.4386, 0.126734
574.971, -23.331, -1.43442
577.41, -22.8548, 1.64898
576.331, -25.9416, -2.06301
575.125, -26.811, -2.69044
574.494, -22.9729, -2.61136
575.471, -22.1267, 2.74504
574.005, -22.4572, 1.81034
576.32, -23.4024, 1.04672
576.4, -22.5662, 2.19348
575.005, -25.5647, 1.08691
577.386, -22.8758, -0.179992
578.277, -22.9443, 1.28916
576.705, -22.3245, -2.86348
574.283, -23.2388, -2.4142
576.165, -22.7715, -1.4458
576.36, -24.3988, 0.308554
576.509, -23.9939, 0.689114
575.192, -23.7567, -1.37579
575.392, -22.7741, 0.039686
574.196, -22.9907, -1.89951
570.689, -17.571, -0.155628
569.288, -14.5847, 2.38518
565.736, -10.8537, -1.24639
572.453, -20.701, -2.55645
560.403, -4.44135, 2.77552
569.51, -16.4957, 0.342584
568.991, -15.7855, -1.24134
572.942, -20.858, -1.10182
571.669, -19.534, -3.04872
572.445, -20.4633, -1.95778
562.963, -7.3611, 2.52488
559.637, -2.26966, -1.79796
567.044, -12.4047, 0.414464
571.15, -18.9948, -1.08913
566.697, -12.11, -2.63294
563.34, -8.00067, 2.80761
564.022, -8.22384, -1.029
559.476, -1.82579, -0.283231
561.869, -4.16304, 2.66722
567.871, -13.5332, 1.40253
559.65, -1.66451, -3.08724
568.858, -17.2373, -1.40603
565.778, -9.12045, -1.92119
561.911, -5.53557, 0.357393
569.986, -16.7997, 1.52833
566.057, -10.6342, 2.69822
562.704, -21.2039, 1.69162
566.308, -9.78476, -1.68069
563.573, -2.7616, -1.99211
567.845, -18.506, -2.28202
567.138, -19.0269, 0.269409
567.727, -18.0116, -0.027859
567.96, -18.6746, 2.00546
567.689, -18.2697, 0.584495
567.789, -18.4455, -2.64525
567.82, -18.8396, -1.41238
565.369, -19.382, 0.808707
562.929, -19.1344, -0.759722
566.815, -18.903, 0.107431
563.456, -19.3492, -2.60315
561.671, -17.8975, 0.761733
561.757, -19.1499, 1.31589
563.027, -19.2699, 0.807473
565.554, -18.8279, -1.30424
563.734, -19.534, -2.34869
561.956, -19.1843, 1.02254
563.827, -19.5008, -0.322515
562.035, -18.6347, -3.0858
563.56, -19.5794, 1.55438
563.447, -19.533, 2.3763
564.024, -19.33, 1.87538
562.304, -18.1319, -1.54122
562.612, -20.509, -1.17587
562.942, -19.9162, 1.35011
562.863, -20.5692, -0.653802
609.871, -72.5966, -2.10229
562.097, -20.5132, -0.802529
563.116, -20.3273, 0.323346
562.183, -20.5937, -1.41424
563.337, -20.404, 0.337518
562.129, -18.8466, -1.98677
562.49, -20.2401, 0.782866
562.326, -9.27299, -1.36724
562.46, -10.798, -0.548694
561.916, -15.7082, 0.113506
561.392, -12.0805, -2.83377
562.055, -14.8567, -1.42622
561.621, -8.81874, -1.52737
561.228, -11.3154, -1.60511
561.548, -16.2172, 1.59167
562.229, -13.4022, 1.43361
562.318, -17.4548, -3.08306
561.677, -13.4589, -2.92563
562.445, -16.4681, -2.46556
562.43, -18.236, 2.76729
561.151, -15.2929, -1.10615
561.035, -12.1613, -0.272804
561.884, -12.8854, 1.54418
560.772, -8.67992, 1.4952
561.095, -10.7803, 0.311681
560.573, -15.6784, 2.54547
561.311, -16.236, -1.48453
561.315, -12.8114, -0.238388
561.755, -13.3608, -0.753879
560.037, -9.72363, -1.71528
561.632, -12.4663, 0.629137
560.437, -16.563, -0.036459
560.912, -9.78579, -2.67513
522.357, -61.9333, -1.29795
514.65, -75.6664, -1.23379
511.202, -80.7498, -0.260912
517.763, -76.5552, -0.158764
526.823, -66.3263, 0.36091
558.579, -16.2051, 0.821015
557.87, -15.7519, -1.73149
557.062, -15.7893, -3.01347
558.525, -16.1792, 2.80665
557.664, -15.9318, 1.71999
557.022, -15.5334, -0.646527
557.279, -13.649, 1.2291
556.158, -15.4614, 0.781333
555.085, -15.6718, -1.47189
555.934, -15.6089, 1.21817
554.913, -15.1197, 0.612183
555.709, -15.0037, -2.23312
555.268, -15.3649, 2.01009
554.893, -15.2603, 2.06946
556.033, -15.5082, -2.41881
555.483, -14.9702, 1.84634
556.638, -15.5028, 1.85097
507.383, -70.7307, -2.15853
555.804, -14.9194, 2.35261
556.261, -15.5117, 0.572961
556.517, -15.6876, 2.21374
521.323, -73.0245, 2.0659
555.813, -15.2591, 0.573685
555.207, -15.0778, 2.98532
568.747, 37.8347, 1.9001
576.629, 54.4037, 1.37502
555.597, -15.1059, 2.5698
555.642, -13.6675, 0.323679
555.473, -13.2815, -0.87298
555.934, -14.1746, -2.55404
558.549, -17.6053, 1.45718
557.574, -16.3269, -0.141321
581.85, 50.2097, -1.90673
561.675, -18.0492, -0.501557
560.636, -17.1155, 2.79294
559.36, -16.9157, 0.979703
557.73, -16.2728, -0.412196
556.286, -16.2105, 0.411408
560.08, -15.8281, 1.11833
561.927, -15.4835, -0.090415
557.616, -15.547, 2.2633
562.826, -15.2352, -2.54506
560.501, -15.6062, -0.868927
560.802, -16.4238, 2.88538
558.271, -16.0243, 0.195167
562.722, -16.2164, 0.436136
560.821, -16.4228, 0.821901
558.044, -14.8077, 0.441164
558.643, -16.2361, -0.098127
562.472, -16.2653, 1.95248
558.079, -14.8152, 0.357464
557.586, -13.1303, -0.498201
557.823, -13.2862, 1.72842
557.896, -14.1417, 2.47429
557.802, -13.8477, 2.70431
557.889, -13.6059, 2.5328
557.943, -11.546, 2.42917
557.934, -11.5089, -0.955512
557.98, -11.5017, -0.278461
557.845, -11.6311, -0.993747
499.169, 31.7844, 0.326979
491.286, 25.7817, 1.67897
506.438, 4.63398, 1.072
486.078, -6.65424, 3.07408
557.705, -11.4848, -2.39528
557.907, -11.3426, 1.55769
564.451, -11.917, -0.977406
603.719, -53.4033, 2.57263
562.792, -11.5714, -0.265147
561.5, -11.1446, -0.552263
563.9, -11.2659, 0.032846
562.87, -10.4871, 3.05872
563.04, -9.93672, 0.114071
562.394, -10.501, -1.7403
562.045, -10.7548, -0.181955
563.674, -11.1248, -2.46064
563.867, -10.701, -1.43696
563.966, -11.2775, 1.53496
563.404, -11.2062, -0.182182
562, -10.2781, 0.472152
563.105, -10.6822, -2.2234
563.288, -10.5657, -1.61656
563.473, -9.9568, -2.76064
557.38, -78.5177, -0.881142
521.126, -76.8295, -0.791476
534.001, -83.8875, -1.20167
562.673, -12.6305, 1.2102
530.478, -43.1273, 1.85864
564.187, -16.9588, 0.395819
564.223, -16.9664, 0.324215
564.332, -18.872, -2.1834
564.153, -14.2877, 2.369
564.12, -12.2055, -2.82308
562.826, -11.9066, 0.401549
564.156, -13.6708, -1.6447
563.842, -14.8524, 1.74241
564.077, -15.9654, 2.10704
563.823, -17.5774, 1.37013
497.703, -51.5709, -2.40846
564.33, -20.8943, 0.669788
564.439, -19.8158, -0.13172
562.938, -16.21, 0.778566
561.942, -16.5944, -1.52047
565.525, -20.4308, 2.10842
564.944, -20.135, 2.26476
564.742, -19.2503, -1.08253
560.85, -17.0479, -1.61136
529.777, -73.0786, 1.15607
527.2, -78.8686, -1.3726
564.894, -17.6633, -2.83005
564.629, -18.9614, 0.393541
564.544, -19.3897, -1.65404
565.226, -19.6751, -1.2301
563.983, -16.4672, 0.395512
560.393, -10.2983, 2.64415
560.446, -10.7601, -2.58977
592.497, 1.88152, -2.5124
625.143, 31.0568, -0.21475
628.665, 9.26231, -2.35542
563.643, -9.0834, -0.754699
563.79, -13.4207, 2.94787
609.434, 48.5221, 1.74924
613.46, 38.0922, -0.997502
579.279, -4.77033, 0.907232
625.471, 17.91, 1.27533
630.414, 12.2857, -1.29762
564.767, -13.1299, 1.15826
564.075, -12.8337, -0.743765
563.984, -10.5163, -1.73427
564.932, -9.67714, 1.76429
563.717, -11.4277, 0.453496
562.474, -8.0616, 2.5091
564.059, -8.71139, -0.358826
515.013, 30.2547, -0.527271
502.309, 35.596, 2.71835
506.148, 26.8636, 0.493879
527.624, 6.49334, 2.86403
514.129, 2.76105, -0.315575
529.409, -20.407, -1.38074
519.593, -21.9626, -2.83753
516.357, -24.8899, -1.08751
503.89, -27.6861, 3.07263
563.088, -7.92285, 1.29224
563.823, -4.54825, -2.94231
563.456, -4.1871, -2.98859
563.349, -5.64041, 1.91683
562.916, -7.26834, 0.023207
563.329, -2.33916, 2.92598
563.475, -0.812883, 1.37612
596.493, 41.4377, -0.686699
601.418, 37.8882, 0.784272
604.914, 28.5367, 1.48988
603.769, 16.6594, 1.23558
591.237, 7.63222, -0.626104
627.188, -5.38803, 3.11296
562.752, -5.26906, 1.68365
563.39, -5.04894, -1.11424
562.14, -2.70956, 2.80848
492.375, 19.9406, -1.18578
485.09, 11.2294, -0.011297
563.081, -4.9422, -0.47369
491.139, 4.52903, 0.023076
563.042, 0.330422, -0.571323
562.737, -3.33858, 1.08461
562.448, -3.01199, -1.19161
562.922, -3.3036, -0.383008
563.498, -1.64361, -0.431058
562.075, -2.3866, 1.70928
564.63, -0.612122, 0.093965
564.244, -0.763449, 2.02009
562.898, -3.01831, -2.58262
562.132, -3.03869, 0.778594
498.368, 38.157, 0.228021
565.966, 1.04496, -1.29162
564.39, 0.275359, -2.59705
568.352, 70.908, -0.850201
553.641, 19.5495, 2.60214
538.503, 27.3596, -1.20692
544.48, 12.0769, 1.00998
530.745, 24.1072, 3.05495
534.809, 51.4799, -2.51858
532.586, 51.1092, -1.55196
554.766, 11.4329, -2.05232
514.714, 60.2442, 2.13754
514.907, 44.4084, -2.74806
567.564, 0.597821, -2.38536
567.581, 1.06529, 2.00658
565.665, 0.729031, 2.56426
572.3, 1.93786, -2.197
565.937, 1.21314, -1.12189
564.284, 0.064451, -2.48004
568.199, 0.967963, -2.39609
566.653, 1.75183, 2.53923
566.85, 0.874008, -1.4096
571.843, 1.17596, -0.564496
572.696, 1.58381, 0.162923
564.807, 3.5824, -1.55146
522.597, 59.8077, -1.96725
564.293, 4.21319, 2.63571
569.249, 1.28395, -1.95732
573.817, 1.36898, -2.3122
562.34, 3.40364, -2.90985
562.228, 3.30512, -1.91494
563.172, 4.15882, 0.445226
562.507, 4.65984, -0.393437
563.843, 3.25753, -0.853366
562.744, 2.51805, -2.67369
563.909, 3.38257, 3.05529
562.774, 3.83052, 1.83162
562.536, 3.02116, 0.035279
564.892, 3.6502, -1.52
562.87, 3.35746, -0.012485
563.27, 4.16508, 0.411067
562.871, 4.24847, 0.618359
524.935, 67.7711, 1.46934
524.028, 63.6898, 0.804967
562.715, 3.64129, -1.9166
562.743, 3.43907, -2.31348
512.935, -24.7364, -1.14088
495.544, -32.2061, 1.20131
505.613, -26.0489, 2.36487
492.34, -21.206, 1.12201
562.814, 3.34027, -1.55005
566.985, 0.814133, -2.38536
567.157, 1.28973, 1.73825
564.542, 3.06852, -0.082327
568.212, 0.84737, -2.61853
569.282, 0.368411, 2.90601
568.682, 0.454041, 0.091642
569.342, -0.198215, -2.83782
567.84, -0.236441, 2.84674
565.16, 3.05097, -2.07578
581.026, -57.5994, -0.097444
565.21, -65.1211, 2.42896
555.937, -24.2318, -1.35726
534.276, -70.5479, 2.19582
568.935, -0.714928, 1.88307
566.507, 0.435467, -2.40686
565.304, 0.133505, 2.84451
569.316, -0.777612, -3.10143
570.76, -0.881488, 2.38799
566.516, 0.564111, -1.59726
572.989, -0.718541, 2.30669
566.267, 0.817175, 3.06979
566.139, -0.064107, -1.3691
567.874, 0.579484, 2.03953
571.757, -0.891311, 2.40489
573.606, -0.539706, 1.79215
570.258, -0.473516, 1.73805
569.628, -0.475402, 3.0788
571.541, -0.165032, 0.521679
570.888, -0.144003, 0.045586
570.444, -0.331439, -2.71226
569.554, 0.095659, 2.40561
567.973, -0.041184, -1.54596
570.082, -0.416714, 2.81245
572.08, -0.403659, -2.59542
571.512, -0.222594, 2.19336
569.282, -0.385093, 2.37672
570.48, -0.098008, -3.01078
572.027, 0.146354, 2.11517
570.597, 0.091918, -2.38561
569.507, -0.275045, -0.369117
572.765, -1.0503, -1.43318
569.718, 0.099958, 1.61737
569.753, -0.231845, -1.66178
573.587, -0.424954, 2.68133
571.209, -0.193259, -0.691372
573.586, -1.06091, 1.79672
570.411, -0.140796, -0.898505
572.35, -0.22757, 0.518828
573.384, -1.13494, 1.37542
573.533, -0.808702, 2.63204
571.784, -0.658116, 2.26539
573.446, -0.426882, 1.62612
572.083, -0.428583, -0.010009
577.619, -6.5128, 1.19103
572.848, -0.607255, -0.712971
576.83, -6.09649, 1.30636
572.742, -0.968705, -0.711644
576.421, -4.83954, -2.39193
576.44, -4.66527, 0.999584
575.967, -5.69045, 1.35365
574.506, -5.31054, 0.687722
575.493, -6.06323, -0.023835
574.165, -4.02427, -0.713774
573.534, -23.2325, -1.87055
573.261, -6.61824, 2.95598
570.816, -16.6944, 0.948659
575.754, -6.36057, 1.41764
573.22, -3.94318, -2.20442
574.192, -3.90532, -2.70547
573.955, -4.40566, -0.017998
573.91, -26.3592, 0.817296
576.106, -5.11981, -2.15708
576.638, -5.1079, 0.980232
573.797, -32.3708, -2.37548
575.735, -34.0662, 1.48628
576.114, -24.4909, 0.646805
576.81, -3.26695, -0.825776
574.771, -4.08542, 1.6739
573.413, -29.692, 1.75241
573.065, -32.5516, 1.9247
573.254, -33.8648, -0.979359
574.572, -3.82386, 1.14401
574.896, -5.36739, -2.69524
577.075, -4.05977, 0.668384
576.937, -4.47836, 0.801569
576.798, -4.37041, 2.72073
577.121, -5.71884, 1.71659
576.646, -6.3297, -1.30048
574.946, -4.43221, -1.4468
578.393, -6.32928, 2.07022
575.673, -4.39481, -1.26865
575.955, -3.64634, 2.49436
578.421, -3.82035, -1.28258
578.26, -3.95839, 0.046175
575.647, -6.05768, -0.109005
577.106, -4.54443, -1.24034
578.125, -3.75562, -0.448658
576.752, -4.24184, 1.62484
609.263, 9.54845, 1.98725
578.757, -6.11654, 0.774968
577.074, -5.94254, -2.3608
579.194, -6.24001, -3.10319
579.306, -5.98544, -0.770936
583.567, -5.24964, 1.53655
586.096, -4.80969, 1.72696
577.863, -5.71018, 0.007898
578.487, -5.8767, 2.19604
582.383, -5.45236, -1.16938
582.889, -5.89806, 1.81494
582.276, -5.82399, 1.9457
581.116, -5.49097, -0.766734
581.272, -5.66221, 1.89585
585.309, -6.38794, -0.482935
586.397, -6.11739, -3.02499
580.501, -6.02038, -1.09587
586.132, -6.02476, -2.4634
586.329, -6.15617, -1.00337
582.056, -5.78802, -3.06213
586.865, -5.92711, -2.63227
583.768, -5.55701, -1.56472
582.514, -5.58739, -1.85365
582.4, -6.02964, 1.49263
582.133, -5.43512, 1.79922
585.136, -5.69675, 0.712207
584.271, -5.69489, 2.59876
586.139, -5.62302, 2.29076
586.494, -5.32699, 2.37828
584.125, -5.77378, 1.49862
586.383, -6.15733, 2.59855
586.014, -5.90036, 0.102685
584.203, -5.77145, -0.762493
586.74, -5.06216, 0.8793
585.862, -5.38696, -1.51869
586.269, -6.011, -1.86328
586.552, -5.20964, 0.474189
585.361, -5.96264, 0.961761
586.927, -5.29838, -0.833875
586.332, -5.64141, -1.81501
586.513, -7.81223, 0.85629
585.359, -13.3452, 0.973349
585.698, -13.2586, -0.511738
585.747, -6.09704, -3.11097
586.676, -7.03644, -1.20903
588.013, -11.9125, -1.77076
587.207, -13.5602, 2.28714
587.061, -10.7067, -2.21771
587.345, -11.4968, -2.27677
587.214, -10.6548, 1.4504
587.823, -10.8382, -1.16912
588.184, -12.2381, -0.168747
587.551, -11.7823, 0.658794
587.637, -13.8606, 1.57541
587.469, -13.5533, 0.327798
587.408, -11.156, -1.75472
587.247, -10.1414, 0.54829
587.177, -9.80808, 0.629181
588.409, -11.7881, -1.649
587.828, -12.9844, 2.2548
587.803, -13.7501, 0.990358
587.825, -10.9617, -1.44822
588.567, -11.7315, -1.70065
587.314, -12.734, 0.574572
588.109, -12.1587, 2.26152
587.349, -12.4362, -0.216144
587.33, -13.39, -0.863073
588.021, -13.2947, -0.801025
587.089, -13.7188, 1.22577
580.897, -14.2745, 2.50169
586.707, -13.621, -1.2855
580.82, -14.9286, 0.781872
581.543, -15.0743, -1.4258
584.518, -14.792, 1.88542
579.132, -16.6276, 1.12033
581.545, -15.7921, 1.86868
582.021, -15.6283, -0.228714
579.369, -17.0234, -1.28118
577.418, -18.2405, 1.44856
579.939, -16.6378, -1.45913
583.2, -15.34, -0.004032
580.16, -16.8064, 0.353199
582.85, -15.3518, -1.97725
584.039, -14.7214, -2.71756
578.929, -16.9213, -2.44599
577.633, -17.5415, 1.1112
579.219, -16.9397, 0.595206
581.182, -16.1339, 0.014275
580.13, -16.6397, 2.2584
580.92, -15.9344, -1.73727
581.073, -16.0142, 0.280954
579.96, -16.7638, 2.36618
578.014, -17.0737, 1.40839
580.092, -16.8347, 1.19472
579.224, -16.6296, 0.062745
580.808, -16.2529, 2.37062
576.447, -17.4244, 1.3273
576.093, -17.9318, -0.934103
577.244, -17.5166, -2.35609
579.529, -16.3249, 2.42178
577.527, -17.0141, -0.812251
578.855, -17.0751, -1.42797
578.969, -16.9373, 0.682633
577.922, -16.9665, 2.99191
576.287, -17.4826, -1.38007
577.591, -17.3335, -1.66514
576.776, -17.8266, 2.14175
577.333, -17.4312, -0.107327
577.747, -17.1407, 0.714377
576.152, -18.1886, -2.6134
576.038, -17.5664, 1.415
576.636, -17.4156, -3.0021
576.331, -17.8239, -1.32772
575.77, -16.9246, -1.78206
577.23, -17.0609, 0.326448
576.759, -17.879, -0.345407
577.539, -24.3685, -3.12739
577.879, -22.9415, -3.12588
580.365, -30.4431, -0.310342
576.94, -21.4702, 0.160791
577.343, -23.2188, 0.541268
580.354, -31.7193, 1.85843
576.38, -19.236, -3.10863
580.156, -37.6139, -0.440463
577.034, -23.1055, 1.07196
577.622, -29.4497, 1.84414
578.679, -30.3558, -0.540094
577.048, -21.893, -2.72926
577.873, -29.3073, -1.47848
578.39, -31.7323, 0.924473
578.114, -30.4285, -1.96868
577.494, -29.091, 1.14385
575.962, -29.994, 1.18988
572.647, -33.4061, 2.20795
567.946, -33.7437, -2.34804
565.861, -29.7572, -3.02441
582.487, -35.4164, -2.36474
572.567, -7.67711, -0.020899
574.982, -16.7101, -0.058404
573.366, -11.0227, 2.22534
573.393, -6.935, 2.84463
575.158, -10.6862, 2.0146
575.255, -9.57246, -0.612982
575.38, -7.54256, 0.780499
576.388, -18.4605, 0.743303
575.552, -9.06055, 1.78734
576.06, -17.8957, 0.943059
576.724, -11.2277, 1.47389
576.367, -17.9405, 1.20013
576.287, -12.5314, 0.439144
576.527, -16.3341, -1.93926
575.649, -13.8306, 0.993294
575.189, -11.5257, 2.68251
581.712, -17.7132, -1.71728
588.727, -16.3869, -0.944736
584.303, -16.0292, -0.889014
585.963, -15.9106, 2.35871
580.91, -16.3187, 3.03408
588.634, -14.2747, -0.790964
589.301, -14.0317, 0.709411
588.223, -14.1218, 2.45996
588.216, -14.2202, -0.804094
580.291, -16.3646, 2.01737
587.079, -14.0655, 2.36966
581.787, -16.0846, -2.21805
587.348, -14.1124, 0.1408
581.625, -15.7677, -1.69066
582.664, -15.8434, 1.76881
583.894, -15.0324, 1.09756
584.667, -14.6692, -1.2027
588.433, -13.5973, 1.99659
585.739, -14.6299, 1.01597
585.165, -14.7368, 2.00783
582.843, -15.3989, 1.9685
583.004, -15.6932, 0.556508
583.977, -15.5376, 0.693869
587.507, -13.9591, -0.680013
586.477, -13.9405, 0.407208
588.483, -13.6893, -1.30868
587.431, -13.9119, 1.05166
583.484, -15.1637, 3.02592
586.154, -14.4648, -2.2566
586.443, -13.9597, 1.7414
585.287, -14.9012, -0.053904
586.972, -14.0466, 2.95851
586.938, -14.2379, 0.671145
588.849, -13.4792, -2.16627
588.57, -13.7735, -2.80744
587.693, -14.0145, 1.11377
585.464, -14.4649, -0.566265
586.372, -13.8109, -2.97213
587.86, -13.4201, -0.77004
588.236, -12.7122, -2.47071
589.721, -9.81145, 2.9356
589.001, -10.7286, -2.35869
588.289, -11.4126, 0.251768
589.857, -10.5296, 2.49981
584.197, -1.60083, 3.0346
589.087, -11.2889, 2.57044
589.381, -10.6058, -1.1505
586.67, -6.84388, 1.64398
589.728, -10.3883, 0.054451
586.351, -7.84593, 2.46794
587.182, -9.80671, -1.73949
584.633, -2.53264, 0.881237
580.585, 1.7028, -1.54083
589.554, -10.8552, 1.35067
589.545, -10.8853, 0.158189
589.831, -11.2769, 2.91223
593.575, -9.07209, -1.81319
594.297, -8.44867, 0.446931
593.156, -9.04045, 0.521907
594.427, -7.36867, -1.38135
591.503, -10.2847, 1.35626
615.482, 62.038, 1.16006
609.479, 62.0646, -1.96751
593.595, -5.02502, 0.375129
592.565, -6.70189, 2.22281
594.137, -7.24498, 1.06734
594.069, -5.60718, 2.04434
593.632, -7.6233, -2.78471
593.737, -7.8035, 1.81164
596.057, -4.11481, -2.20988
594.421, -6.63907, -2.14941
593.778, -6.37996, -0.023456
593.881, -5.791, 1.26945
592.658, -6.01972, -2.15815
594.223, -5.21493, -2.05748
594.025, -7.32053, 2.3092
595.825, -9.78223, -3.12561
595.605, -3.11215, 0.659582
640.839, -49.6139, -0.8569
597.602, -11.0029, -0.875828
645.905, -55.4935, 0.711992
655.282, -62.8797, 1.65741
652.877, -55.1725, -1.65146
599.89, -12.5232, -1.95341
630.92, -37.7889, -1.02855
631.606, -37.1157, -0.481958
650.908, -52.7071, 2.59352
658.97, -60.5689, 1.64494
635.487, -41.8791, 0.794916
659.702, -58.3123, 1.06451
574.896, -86.9971, -2.92109
651.915, -55.3061, -2.77132
636.653, -42.0782, 3.11569
626.011, -35.5605, -1.43378
647.408, -53.9199, -0.363863
598.641, -9.90935, 1.95315
599.838, -13.6942, -2.36899
599.173, -10.0851, -2.40201
600.59, -7.67552, 0.176319
600.056, -8.90823, 2.20089
600.019, -7.51, 0.702571
600.475, -7.47117, 2.58266
599.513, -6.69699, 3.0521
599.463, -6.53607, -2.81975
600.62, -7.76386, 2.09418
600.608, -6.8738, -1.09285
600.046, -7.97342, -1.94672
599.717, -7.66127, -2.43332
669.16, 6.95952, 1.65463
600.187, -7.52154, 1.82839
600.322, -7.57705, 0.389137
600.02, 70.3175, -3.13733
612.141, 67.2898, 1.59412
602.046, 6.08306, -0.587211
601.315, 19.068, -1.7349
621.192, -0.306384, -0.42578
668.637, 34.1213, -1.12149
600.355, -8.52625, 1.17707
597.35, -10.7619, 1.018
598.018, -11.527, 1.85454
600.71, -8.80751, -1.37071
597.43, -11.0531, 2.83329
597.906, -10.2161, 0.195129
599.874, -9.6785, -3.01885
597.744, -10.2131, 0.589981
600.798, -8.62741, -1.83182
599.415, -9.91572, 1.30556
597.823, -11.1902, -2.18204
597.669, -10.4331, -2.18045
600.772, -10.1373, 1.97223
632.888, -75.4849, -2.61317
598.672, -9.29781, -2.70136
616.947, -84.999, 0.484859
616.663, -53.8313, -3.04224
595.58, -8.51831, 1.49907
598.265, -9.29233, -1.38406
595.075, -8.45567, -1.27554
598.339, -10.587, -2.8082
598.596, -10.7056, -2.35971
597.311, -10.1688, 0.066888
597.122, -9.12639, -1.32228
598.784, -10.6874, -2.57054
595.99, -9.85898, -1.79476
595.686, -8.82328, -1.5393
595.818, -8.99212, 0.058713
598.856, -12.6242, -2.05432
627.51, -60.5712, 0.297213
630.983, -67.7892, -2.91433
642.941, -68.1335, 2.38313
622.244, -47.5861, -2.58003
627.75, -53.9872, -2.5192
633.041, -60.9546, -1.65669
642.896, -70.908, 0.382273
609.754, -28.9476, -2.20545
634.732, -68.0122, -1.48945
648.424, -72.2405, -1.35855
634.885, -57.8604, 2.9076
628.163, -41.6513, 1.8955
653.354, -65.0387, -2.156
650.722, -72.739, -1.70088
650.419, -70.4667, 1.26642
632.334, -51.0294, -1.64942
623.67, -66.5273, 2.2637
631.28, 16.8645, 2.36158
620.692, -79.0568, -1.51783
606.395, -39.4826, 2.46519
612.263, -72.3076, -1.25912
588.333, -64.8798, 0.531218
602.444, -75.7688, -2.03336
602.939, -15.1969, 3.03907
666.501, -60.965, -2.99871
659.289, -62.8641, -2.35108
602.277, -14.8574, 2.04263
645.09, -61.8599, -1.25178
639.061, -57.4553, 2.66983
633.835, -82.9233, -0.296282
627.023, -77.0255, -1.32281
626.353, -71.3657, 0.426251
629.005, -79.3563, -2.78982
633.97, -83.1438, 2.46733
640.043, -74.8244, -1.813
647.968, -76.5096, -1.27214
601.551, -14.5941, 0.043691
601.622, -14.7388, 2.10402
602.071, -14.8639, 1.55137
602.245, -15.0241, -2.16268
602.377, -15.2844, 2.99832
602.135, -14.9162, -1.40561
598.634, -13.3818, 0.71839
598.693, -13.444, 0.171578
600.503, -14.5356, -1.10001
598.475, -13.5024, -2.78492
521.872, -24.1744, -2.42538
549.003, -19.5712, -2.18736
547.554, -37.2758, -2.88559
566.227, -30.7849, -2.6201
545.367, -55.7008, -1.87278
566.795, -50.2612, 1.03312
584.356, -20.6964, 2.98474
527.763, -49.5354, -0.425645
625.116, 52.2952, 0.190243
548.761, -74.6788, -1.58532
567.356, -74.1957, 1.03031
618.641, 27.7684, 2.949
597.648, -7.89466, 0.059148
597.696, -10.1112, -1.78799
597.743, -9.43274, -2.25443
597.631, -10.7522, -1.42348
598.54, -10.5952, -1.30573
597.921, -8.55276, 0.344483
598.494, -8.12719, 2.01533
598.593, -9.59045, 1.79609
598.596, -14.3026, 1.01093
599.533, -10.84, 0.561458
599.589, -12.1043, -0.584852
600.59, -8.83518, -1.50856
599.692, -10.6341, 2.6275
599.664, -9.48328, -1.72976
597.933, -8.30863, 1.7263
598.852, -13.0145, 1.12861
599.289, -11.4093, 1.93085
598.83, -10.2224, -2.8083
598.123, -9.11516, 0.608132
598.041, -8.64293, 0.33781
599.368, -9.16785, 1.40956
599.337, -12.6672, -2.17781
598.78, -12.475, 1.12301
598.466, -12.3169, 2.08831
597.876, -7.83789, 0.804439
598.976, -12.4549, -0.234958
599.214, -11.4589, -1.9079
599.111, -8.5514, 0.288266
597.111, -6.53558, 3.01377
602.255, -9.04264, 2.01998
598.862, -10.8462, -1.11467
595.9, -4.20362, -1.21383
598.237, -10.4422, 1.39394
597.902, -7.97634, 2.078
595.107, -2.79729, -2.76673
595.943, -4.51817, 0.103928
529.829, -9.3188, -2.89044
568.099, -10.0048, -2.45508
525.74, -37.9499, -2.01791
595.063, -2.59106, 1.50839
596.118, -3.22169, -2.82505
595.592, -3.58347, -1.70419
595.444, -2.61338, 1.62039
596.344, -5.01845, 2.45663
596.685, -3.85113, 2.50962
596.958, -5.75143, 1.6003
595.845, -2.95179, 2.64743
595.945, -3.98248, -0.271634
596.542, -3.71657, 0.403097
595.728, -3.96388, 2.76868
598.841, -2.72068, 2.91609
598.121, -3.75572, 1.90674
598.454, -2.67467, 0.514133
599.071, -2.93549, 0.439043
596.657, -4.77232, 0.001456
597.55, -2.88603, 2.77816
635.735, 13.2255, -1.35551
598.272, -3.0504, -2.15726
655.559, 13.6782, 1.34451
626.268, 3.82584, -0.475426
627.153, -24.7743, -0.912658
657.364, -58.2301, 2.62662
678.934, 3.78435, -2.22531
628.225, -0.430562, 2.88129
661.826, -14.7996, -1.08603
650.834, -24.6627, -1.66441
674.418, 22.9935, -1.74576
599.26, -0.944515, -1.49364
528.625, 24.2059, -2.01296
645.374, 60.1289, -0.62744
566.466, 10.2435, 3.07138
649.976, 44.5943, -2.75759
665.623, 2.99015, 0.640234
642.096, 32.7976, -1.09943
649.681, 22.1118, -1.11617
673.156, 28.1106, -0.920952
615.673, 5.11501, 0.43213
610.594, 3.74614, -1.45801
635.517, 16.0289, -3.05317
656.237, 30.018, 0.43769
620.495, 11.7043, 2.75883
636.46, 22.9393, 1.87789
651.932, 23.7193, 2.42544
641.365, 17.1735, -2.66494
647.047, 13.15, 2.64966
642.029, 0.821247, 0.683747
599.415, -0.955662, 1.75894
623.625, -42.526, -2.13806
596.351, -57.5775, -2.88574
612.859, -69.8975, -0.564597
597.202, -7.10935, -1.64565
598.109, -5.45816, -2.49701
596.284, -6.89409, -2.76534
660.464, -38.7588, 0.337692
644.858, -18.2587, -1.14584
603.517, -56.8759, 1.9122
603.866, -73.7058, 1.68058
601.039, -34.1003, 0.002267
607.227, -74.3973, -2.42134
602.523, -16.0114, -2.73192
562.795, 20.7965, 1.40618
602.773, -54.2212, 0.12242
607.797, -38.4766, -1.61127
525.812, -1.2622, 2.29903
595.542, -6.75566, 1.52458
596.881, -6.58218, -1.64505
548.546, -7.11781, 2.1453
550.264, -2.00191, 2.55767
535.217, -11.8813, 2.45857
576.234, -0.291075, 1.25212
562.809, 5.18318, 1.39914
524.238, -4.6215, 0.772004
521.091, -7.5205, -0.736192
597.724, -4.20082, -1.9196
598.452, -2.57817, 2.20458
595.112, -7.41047, 0.598525
673.255, -12.1278, 3.00057
597.903, -3.02418, -1.24239
625.889, -5.50723, 0.755286
595.449, -4.68737, 0.58138
598.465, -5.32412, -1.55303
663.581, -11.0543, 2.67926
656.803, -10.8665, -3.08757
640.24, -8.23644, -1.49557
666.34, -11.8224, -2.17968
659.083, -11.0661, -2.18677
650.562, -9.44482, -1.56235
660.418, -10.427, -1.80468
674.667, -12.511, -0.864332
664.328, -11.7665, -2.1112
641.173, -8.47745, -2.9397
660.78, -10.8296, 2.43941
595.815, -5.09502, -1.04243
666.337, -11.9264, 2.06987
676.039, -12.1569, -2.55511
656.627, -10.4587, -2.90757
663.753, -10.5706, -1.02145
677.915, -12.2615, -0.564797
648.757, -9.09937, 0.118232
673.734, -12.1676, -0.155631
673.3, -12.0045, -2.83844
596.519, -4.6893, -0.587285
598.263, -3.38371, 0.198581
671.974, -12.8745, -2.53713
668.161, -11.9502, 2.14516
635.509, -7.64782, -2.17339
662.351, -10.6762, 0.722145
648.709, -9.32423, -3.10806
665.259, -11.1534, -2.16902
597.393, -5.97341, 1.45143
676.28, -12.8906, 1.73919
663.395, -10.6875, -1.45077
658.839, -10.3751, -1.97399
637.957, -8.01997, 0.502201
648.142, -9.10816, -3.00376
663.063, -10.7297, -2.35905
598.709, -3.33879, 0.710532
597.9, -3.56986, 2.09117
678.331, -12.288, 1.70774
644.178, -8.60879, -0.748692
595.037, -7.25555, 2.44524
633.896, -7.66476, -2.60317
675.029, -12.3896, -3.11562
655.042, -9.65937, -0.35939
659.452, -11.0953, -2.72899
657.058, -10.4613, -1.88866
598.279, -4.17505, 0.101493
674.27, -12.0559, -1.58713
597.287, -4.21304, 1.38027
670.678, -12.6502, -1.79249
598.337, -2.59515, 0.542589
598.345, -5.37979, 2.4242
643.542, -8.90835, 1.198
656.797, -9.84893, 0.713652
649.519, -9.73851, 1.05234
652.366, -9.43443, -0.089924
598.844, -5.49361, 0.892772
677.006, -12.3194, -1.30077
660.247, -11.1436, -0.373305
596.632, -4.44708, -0.13692
649.631, -9.81674, -3.09512
676.482, -12.5535, 2.35207
