0.0125767
0.0587683
0.00359183
0.0533271
0.0105353
0.00688974
0.0178917
0.032391
0.0449888
0.189882
0.165586
0.118547
0.0243011
0.0019829
0.30158
0.0334525
0.00933298
0.00589698
0.141853
0.0104928
0.026922
0.00138012
0.0788345
0.0160902
0.0359861
0.00728962
1.20656
0.158013
0.0968577
0.0177224
0.00419537
0.00794317
0.0151198
0.00482856
0.410613
0.00409059
0.00769745
0.0026899
0.00189587
0.00551959
0.0112371
0.0152348
0.463865
0.199708
0.0100171
0.188946
0.501964
0.0298662
0.140718
0.00415224
0.0406624
0.01426
0.00692015
0.0135969
0.0198573
0.0126048
0.0111266
0.00640918
0.0361106
0.0195102
0.081295
0.0109204
0.0188668
0.00198124
0.00281553
0.00229994
0.0267521
0.00267325
0.0125273
0.008783
0.00218046
0.00373705
0.00145188
0.0052976
0.012401
0.400253
0.00800119
0.0345681
0.00126478
0.0151096
0.000995666
0.0116448
0.00690704
0.155211
0.212991
1.96249
0.0137185
0.140444
0.0421951
0.0205712
0.00272266
0.00427436
0.0376218
0.190007
0.00917044
0.0162555
0.00567515
0.000574522
0.0125547
0.0998088
0.0085908
0.0382587
0.134394
0.0273084
0.00294198
0.00083703
0.0173889
0.0191078
0.00423089
0.0067725
0.0036742
0.0081495
0.0157627
0.00269042
0.022173
0.0192561
0.00803925
0.00598397
0.0046227
0.00291915
0.000963565
0.00493637
0.187886
0.00993005
0.00425465
1.38215
0.0248504
0.0264611
0.00319897
0.00471934
0.111674
0.00260349
0.00349793
0.0453273
0.287043
0.00377005
0.235066
0.00598052
0.036324
0.00251941
0.0739592
0.285444
0.0140645
0.00913359
0.541092
0.22898
0.0336762
0.0118306
0.397178
0.457748
0.0104978
0.367459
0.00925367
0.0833318
0.0269643
0.0337356
0.122586
0.0213916
0.0520605
0.0707731
0.117949
0.00909877
0.0143606
0.0182233
0.019272
0.0885291
0.0324809
0.270241
0.126145
0.266326
0.31627
0.221009
0.122044
0.012527
0.021446
0.139318
0.212643
0.0243348
0.458916
0.163168
0.00996232
0.018476
0.026845
0.00571875
0.0151502
0.017986
0.00317122
0.0394997
0.0711111
0.0356796
0.0437216
0.077711
0.275856
0.0118743
0.0151879
0.200384
0.396507
0.00873914
0.033999
0.00813554
0.0851563
0.00340025
0.325691
0.0085923
0.0898283
0.375111
0.00339129
0.0518269
0.894829
0.0437779
0.0407699
0.252772
0.0790537
0.00524374
0.158232
1.20078
0.0522286
0.266492
1.40198
0.0332028
0.080293
0.478376
0.0533949
0.0186912
0.105757
0.0352135
0.0553676
0.0676777
0.0132229
0.00478264
0.00848821
0.0669864
0.151154
0.251497
0.00611948
0.00208633
0.137141
0.617111
0.0164223
0.0142753
0.235682
0.0134213
0.00811697
0.0427159
0.0118844
0.022151
0.011045
0.600889
0.0122471
0.000742937
0.0190596
0.00249144
0.0486555
0.012828
0.012481
0.130945
0.00398495
0.161657
0.455423
0.0140766
0.266576
0.0111569
0.173251
0.00649562
0.0982236
0.00463107
0.0299884
0.0046066
0.0377156
0.0146235
0.151851
0.126027
0.885761
0.0139177
0.00783117
0.412051
0.00422821
0.442602
0.428541
0.0691828
0.00759658
0.15386
0.00847812
0.0164543
0.0177531
0.0658491
0.0595892
0.598437
0.101797
0.0562682
0.203998
0.023824
0.0605638
1.1868
0.253135
0.0197977
0.00938422
0.0301414
0.0528598
0.510545
0.814765
0.0831883
0.00161533
0.211935
0.0101963
0.00664398
0.719751
0.0100797
0.0035616
0.00457011
0.00890838
0.81276
0.235222
0.00870749
0.0342149
0.0131001
0.0134989
0.0714372
0.00348732
0.118241
0.686911
0.284445
0.244183
0.167218
0.300486
0.0879497
0.00681653
0.043494
0.113372
0.00108572
0.022297
0.00314368
0.0450492
0.0758117
0.232433
0.0189307
0.00509306
0.0149992
0.00695507
0.129871
0.00777899
0.177492
0.0067915
0.106438
0.00057145
0.0164394
0.0944032
0.00221797
0.151769
0.236884
0.0119
0.00615265
0.0198006
0.0163301
0.0781886
0.00525999
0.0496177
0.0142309
0.00355656
0.170273
0.257744
0.0147391
0.0162316
0.0245374
0.0741786
0.00330602
0.000974628
0.00138336
0.0240586
0.0207745
0.0290535
0.0224653
0.00572981
0.00598648
0.0170449
0.00593704
0.0132255
0.0112052
0.00904551
0.299109
0.0161546
0.00268122
0.0388254
0.0110622
0.0281458
0.00859095
0.00581421
0.0184406
0.0105898
0.0355874
0.296659
0.0398358
0.00527535
0.000899529
0.207104
0.0046479
0.00653227
0.00681543
0.00777752
0.0132062
0.00204703
0.567085
0.0185879
0.00789727
0.0694465
0.00188566
0.0116493
0.0229826
0.0372899
0.0726912
0.0222571
0.00699415
0.0071253
0.000199206
0.0552274
0.0025662
0.0101734
0.233226
0.200783
0.00170608
0.0655337
0.0371199
0.00663332
0.00716057
0.00395171
0.00392437
0.560951
0.0563995
0.00437847
0.00715003
0.137845
0.0252095
0.0048743
0.23075
0.0066679
0.00838454
0.057654
0.000890557
0.0857404
0.0124361
2.25653
0.131981
0.0139876
0.00290847
0.00168605
0.0019584
0.109368
0.056526
0.000952948
0.00789538
0.181082
0.00291063
0.522777
0.00328308
0.0892335
0.104972
0.0466377
0.0429233
0.0139333
0.0636603
0.0186944
0.0647916
0.00376569
0.113086
0.00861819
0.00424213
0.0222179
0.00802322
0.00904495
0.0217759
0.0118272
0.0128357
0.0130986
0.00643689
0.336829
0.00565893
0.0328756
0.00264225
0.0112973
0.16601
0.00474522
0.00373725
0.00274577
0.0737933
0.00824211
0.00126319
0.00507729
0.00594077
0.026361
0.00581425
0.00298275
0.000854418
0.00219588
0.00313374
0.00772635
0.00276532
0.0521177
0.008405
0.245501
0.0167861
0.565714
0.0422669
0.119564
0.0790905
0.024001
0.0318279
0.168023
0.00743494
0.0535716
0.232768
0.0496266
0.0217049
0.0951595
0.0477426
0.0781753
0.0143455
0.503135
0.00577767
0.00124409
0.0185456
0.0216252
0.207081
0.0441493
0.00738177
0.00388673
0.00754666
0.0108596
0.274191
0.0254838
2.68017
0.0334348
0.0116665
0.265634
0.0534893
0.00265511
0.00503878
0.0146124
0.00514421
0.00633181
0.704028
0.253636
0.000598752
0.544273
0.106077
0.0608472
0.0694084
0.086376
0.236875
0.100746
0.148522
0.0284706
0.00562703
0.0009093
0.140447
0.00940709
0.056195
0.00402463
0.00883835
0.0238942
0.00293124
0.117501
0.00289711
0.00119231
0.0026041
0.148561
0.125262
0.0336945
0.0077013
0.0157743
0.0112571
0.0651661
0.00217492
0.00136053
0.800536
0.534759
0.72215
0.0290823
0.0219994
0.00939909
0.00490294
0.324061
0.0459447
0.23832
0.00922246
0.207291
0.0409171
0.0226004
0.0506029
0.136732
0.0111325
0.0229619
0.0191922
0.00512946
0.0141538
0.0653796
0.0115135
0.681661
0.0094956
0.151243
0.0941692
0.0131274
0.0162372
0.0631789
0.00462441
0.125891
0.0817458
0.00609493
0.148346
0.00938499
0.00533872
0.00364294
0.00747945
0.167342
0.048933
0.000829682
0.0580451
0.121302
0.122247
0.0252963
0.0659541
0.0102141
0.038269
0.0109563
0.000891345
0.0560331
0.0409791
0.00491466
0.00236385
0.00746492
0.00674843
0.0192113
0.00521598
1.96707
0.00174778
0.102593
0.0120821
0.133383
0.00487382
0.0192718
0.00776433
0.118275
0.00691711
0.00624067
0.0289473
0.0526356
0.0101042
0.0649817
0.214308
0.00342528
0.00313748
0.642243
0.105742
0.238408
0.217134
0.056191
0.170697
0.224302
0.0673518
0.434782
0.00404579
0.101104
0.00438312
0.0200951
0.00255129
0.0268187
0.0147786
0.124487
0.000732631
0.00611738
0.398005
0.0899815
0.109607
0.170064
0.0590913
0.423439
0.0041397
0.0990803
0.00504133
0.166463
0.00278208
0.0455381
0.481233
0.552646
0.141702
0.287536
0.0189952
0.222647
0.147543
0.247136
0.0205376
0.240774
0.203523
0.224878
0.0176313
0.123196
0.00623233
0.046404
0.154827
0.184818
0.395866
0.00824077
0.00419852
0.0048795
0.00792279
0.0971482
0.0861021
0.00441748
0.0314555
0.169214
0.0114797
0.0136744
0.0055922
2.86117
0.00132777
0.0690413
0.00137885
0.179539
0.158282
0.671733
0.15172
0.121227
0.00563059
0.65752
0.219386
0.0112876
0.046792
0.190654
0.00301743
0.199126
0.0269345
0.0102151
0.00488778
0.0134442
0.183331
0.00287039
0.0174234
0.0163277
0.0120594
0.00308392
1.20495
0.00230087
0.00421964
0.082566
0.00551029
0.0328879
1.79517
0.0052067
0.00347683
0.00431016
0.346298
0.00370074
0.0264714
0.0299061
0.00655601
0.0057515
0.00744289
0.0124355
0.0100247
0.0155442
0.0155363
0.0460864
0.000756463
0.0114223
0.00347626
0.0102133
0.0223047
0.39946
0.00388315
0.00646062
0.0154
0.25734
0.0581361
0.173526
0.00779586
0.00980615
0.0124595
0.0271984
0.0130816
0.0180631
0.0228295
0.00496086
0.00181446
0.00432707
0.0123178
0.00460481
0.00872143
0.00134469
0.0152732
0.00523823
0.292072
0.116292
0.00995941
0.275399
0.00708719
0.00682953
0.00165333
0.00335553
0.0142681
0.0037963
0.00687442
0.00836918
0.00397214
0.431304
0.00412807
0.0244165
0.00398935
0.271139
0.00824078
0.0106387
0.00314682
0.00236742
0.236873
0.032963
0.000531128
0.0058976
0.00245088
0.00692421
1.24191
0.00667522
0.202361
0.438633
0.30069
2.32705
0.00389712
0.189541
0.0470705
0.28209
0.407488
0.012947
0.0820741
0.004781
0.160784
0.309348
0.206556
0.00800925
0.108563
0.0939493
0.0108664
0.00534472
0.00991415
0.00614592
0.0176031
0.0226858
0.00487431
0.0356265
0.0129308
0.0108764
0.102049
0.0290044
0.0695251
0.00192631
0.0471082
0.0030423
0.0643522
0.011775
0.0188324
0.14008
0.0337375
0.00220157
0.00891521
0.00190725
0.00163163
0.00126072
0.00631965
0.00119398
0.00662441
0.0108969
0.0130647
0.0113605
0.00365413
0.00169564
0.00196908
0.0321241
0.00951462
0.0156767
0.00535083
0.00485745
0.00355971
0.294646
0.0963495
0.00368353
0.408591
0.0639143
0.0497836
0.0210758
0.0507968
0.0494809
0.527893
1.29575
1.87625
0.0652905
0.00220645
0.0202899
0.00643695
0.00265371
0.00216933
0.0307717
0.00228749
0.632007
0.0304863
0.0125776
0.00995898
0.260041
0.0069483
0.00863561
0.00494825
0.00464286
0.0032428
0.00602254
0.00402235
0.00518376
0.00170888
0.00727503
0.0125174
0.362737
0.02408
0.0522814
0.135054
0.013693
0.120581
0.00421858
0.00423047
0.207364
0.155146
0.351807
0.124983
0.463822
0.606464
0.0277058
0.0734502
0.0376951
0.0170766
0.000550302
0.00350893
0.0171497
0.0101238
0.0569958
0.173239
0.349244
0.00333622
0.484382
0.00468992
0.0697449
0.131212
0.00340157
0.105463
0.00509982
0.00613089
0.00748522
0.00938874
0.00642565
0.0033406
0.025612
0.0114068
0.0482019
0.0028483
0.237519
0.0187898
0.213604
0.373685
0.220006
0.00453487
0.00168197
0.0306546
0.536492
0.0078137
0.0727216
0.00920847
0.00218489
0.18945
0.00347811
0.0132927
0.0146095
0.0910095
0.00154863
0.00316081
0.0034858
0.00860891
0.0729479
0.00321462
0.219735
0.331148
0.0219274
0.066842
0.000646467
0.00406521
0.215215
0.00230648
0.00217016
0.00140624
0.171625
0.00773972
0.19661
0.00778328
0.019688
0.0252461
0.00365281
0.309482
0.00588136
0.0144137
0.00735726
0.113088
0.00597401
0.00872579
0.00254914
0.00406791
0.00912857
0.0115433
0.00369972
0.00395346
0.00444933
0.00253043
0.133933
0.339597
0.00958756
0.00894563
0.00802177
0.00244072
0.0117273
0.00688063
0.0544897
0.0168473
0.147479
0.0490967
0.0217873
0.00104556
0.00221224
0.00833611
0.120769
0.436051
0.0115765
0.120675
0.0388711
0.0106479
0.0290814
0.00824596
0.0248819
0.00362362
0.0274016
0.0406342
0.381888
0.0264583
0.0164695
0.148979
0.00772661
0.911254
0.000704416
0.0152438
0.0147648
0.106552
0.0111628
0.0121979
1.23159
0.0121868
0.0111918
0.0379617
0.00525137
0.00287881
0.00790309
0.000920456
0.901534
0.014078
0.00325159
0.0531465
0.0297377
0.0700863
0.00550061
0.00408469
0.0132406
0.169331
0.00713345
0.041317
0.276103
0.0063751
0.00349839
0.237977
0.0104791
0.0127904
0.00186038
0.00889864
0.00689554
0.0142153
0.00868063
0.147103
0.0112899
0.00619076
0.0064085
0.00556937
0.00324036
0.00778502
0.71938
0.134223
0.350238
0.0805287
0.139434
2.72143
0.00833698
0.00288646
0.00108289
0.00516006
0.00207856
0.00355878
0.00615182
0.00544414
0.37997
0.00261415
0.00382709
0.00439393
0.177969
0.00565734
0.00551832
0.0207751
0.00763446
0.00357826
0.119555
0.0516157
0.0347798
0.336162
0.00587956
0.0227462
0.211219
0.0683094
0.0922186
0.0766243
0.0612826
0.0671833
0.00517146
0.032798
0.132905
0.139419
0.207977
0.134832
0.163769
0.175254
0.238819
0.0171009
0.0103944
0.008286
0.00358925
0.557792
0.00708279
0.212558
0.14768
0.00543371
0.525508
0.00441883
0.00927086
0.0089483
0.0192165
0.435464
0.22517
0.00232449
0.311866
0.0106817
0.0100358
0.221377
0.25259
0.306201
0.00719827
1.48853
0.00292118
0.0168514
0.826007
0.00470289
0.0370454
0.0218559
0.0196325
0.124289
1.64624
0.192564
0.00585124
0.00174143
0.153809
0.484388
0.235438
0.408997
0.117405
0.0123789
0.00766343
0.0718968
0.0916379
0.197492
0.0206988
0.385948
0.0681099
0.219562
0.0797849
0.0552397
0.00624581
0.362915
0.0584226
0.529239
0.00939123
0.0174501
0.0496123
0.210705
0.00541979
0.51096
0.12799
0.0965316
0.0450603
0.0206742
0.102851
0.0664382
0.0932755
2.90886
0.0467254
0.786529
0.00277036
0.121182
1.72855
0.0878144
0.242342
0.00917547
0.126521
0.00574771
0.23695
0.0538557
0.0167123
0.361798
0.0538416
0.00490487
0.0058457
0.038137
0.00508801
0.0549315
0.0081204
0.343906
0.295115
0.0518585
0.183085
0.112002
0.0470659
0.00337002
0.011287
0.0521726
0.0306883
0.100898
0.146909
0.0773422
0.00282482
0.0038822
0.0082552
0.00235589
0.00857463
0.312359
0.842163
0.444451
0.0431386
0.0594109
0.012208
0.00743403
0.0172911
0.00590332
0.0249977
0.0673747
0.0257181
0.000101905
0.00646472
0.346276
0.00830114
0.0044514
0.00893288
0.00541192
0.0128031
0.00711115
0.155286
0.00461893
0.142055
0.00866037
0.035828
0.00129838
0.989793
0.00981438
0.00948387
0.00278877
0.271857
0.0178268
0.00470811
0.0281613
0.247762
0.00958733
0.00238882
0.0148605
0.300186
0.0748697
0.00353865
0.0186119
0.00669942
0.265514
0.0178976
0.0634653
0.00857004
0.0164942
0.00836854
0.07297
0.00810349
0.00126028
0.00261081
0.00462976
0.00680261
0.00326553
0.00482359
0.00335713
0.00153635
0.00677987
0.0059616
0.00261928
0.00466205
0.110994
0.0342583
0.139607
0.00318874
0.0130151
0.00153244
0.00503991
0.00356989
0.00351806
0.00280448
0.00950579
0.0118437
0.0234753
0.00586247
0.00314469
0.00594564
0.00196325
0.00742831
0.0143228
0.00277309
0.0775176
0.00201549
0.00240547
0.00330408
0.0111367
0.00342429
0.00293943
0.00769455
0.00881539
0.0546272
0.00482878
0.00184694
0.00820164
0.0029246
0.00379069
0.153911
0.00404892
0.00622414
0.182336
0.11741
0.0439994
0.0928511
0.0875612
0.088254
0.0139473
0.0546296
0.114551
0.00231641
0.450085
0.187748
0.00551036
0.00687043
0.165926
0.0171209
0.499172
0.00311188
0.00664764
0.0087288
0.00868534
0.00424368
0.0174697
0.00808146
0.0143091
0.545448
0.3076
0.500442
1.12969
0.0563574
0.236147
0.331626
0.00579681
0.0949403
0.0640959
0.0418657
0.12382
0.0177621
0.00345482
0.0113519
0.125841
0.0579143
0.127552
0.0129411
0.0036389
0.0945681
0.0670012
0.0224339
0.155613
0.12191
0.714502
0.0264038
0.161752
0.526373
0.352086
0.383337
0.971564
0.00688324
0.0181901
0.689056
0.238426
0.532115
0.427335
0.00185279
0.00375584
0.0216786
0.198253
0.415605
0.021315
0.0332067
0.000566521
2.67044
0.00312971
0.00822633
0.0103387
0.0024189
0.00479044
0.0161032
0.00507588
0.0895202
0.294399
0.12396
0.0037376
0.00509184
1.10157
0.453877
0.0429065
1.55107
0.00514103
0.160002
0.0180859
0.195545
0.0796212
0.0310545
0.00797055
0.15022
0.441301
0.00953311
0.106256
0.000218744
0.0169924
0.0869705
0.0247739
0.0164793
0.233196
0.111843
0.591512
0.00675628
0.0226136
0.0797037
0.0132413
0.548852
0.468488
0.00573135
0.0118776
0.929859
0.010068
0.167526
0.33048
0.00582119
0.0079086
0.801462
0.0791612
0.21611
0.0609873
0.0121952
1.81118
0.0671916
0.0190232
0.175057
0.100757
0.00511563
0.60099
0.0130667
0.0157424
0.081835
0.00483015
0.0148427
0.0766033
0.0101471
0.0659094
0.0214874
0.0290988
0.0133541
0.184429
0.140839
0.0433306
0.00523327
0.00420534
0.0284647
0.390233
0.0564926
0.120733
0.012589
0.0186991
0.221234
0.0177551
0.0180709
0.0852776
0.0334804
0.005359
0.0559032
0.645628
0.0124833
0.990504
0.0218605
0.0590836
0.0180813
0.0997817
0.417813
0.0833643
0.00580208
0.176706
0.0265897
0.0207711
0.00532189
0.0740664
0.0031564
0.0208533
0.0152001
0.0423351
0.196341
0.179185
0.0401686
0.0818189
0.235315
0.00502894
0.429535
0.00907667
0.00449408
0.0128409
0.240873
0.0212779
0.0264711
0.00318587
0.412153
0.786926
0.00280222
0.117664
0.00466235
0.00760018
0.00271869
0.0106701
0.0177127
0.0113963
0.00508749
0.00149175
0.0112382
0.260949
0.0077177
0.00735373
0.00480364
0.00600647
0.00501881
0.0104328
1.00381
0.0100201
0.00304612
0.00780174
0.00435487
0.0877081
0.00450163
0.00867007
0.00255169
0.00221511
0.00543906
0.0033515
0.00815928
0.194193
0.00276958
0.00718951
0.00737167
0.00510328
0.0124463
0.00109004
0.0123588
0.025716
0.0161623
0.0433615
0.321038
0.189493
0.0410506
0.0240419
1.15168
0.350249
0.0358676
0.32606
0.0243334
0.0470524
0.0166402
0.0103299
0.205989
0.25519
0.00896513
0.501863
0.076598
0.00491614
0.0115059
0.252741
0.599248
0.0542867
0.0104508
0.0217656
0.00835903
0.0174696
0.0171487
0.00539956
0.00408356
0.119419
0.00927334
0.00991058
0.0342505
0.150101
0.012158
0.229179
0.278074
0.192827
0.10573
0.0124414
0.117841
0.506938
0.24152
0.00992807
0.0613555
0.00804041
0.214085
0.291781
0.00909458
0.354574
1.50351
0.285203
0.0371672
0.0013099
0.12995
0.152378
0.290861
0.268844
0.0307257
0.002149
0.00148967
0.0144966
0.0762605
0.00672718
0.00272436
0.00506867
0.00177843
0.00482879
0.00868534
0.0116321
0.182852
0.00194391
0.0287993
0.00355309
0.0252665
0.00509845
0.0292734
0.154531
0.00312057
0.000525396
0.00318383
0.00876585
0.00232635
0.00456824
0.00821481
0.314673
0.00583101
0.00665045
0.00713008
0.0398539
0.0037067
0.00427197
0.107039
0.0518199
0.0211052
0.00926245
0.00684776
0.00100489
0.00976566
0.193116
0.132825
0.0360074
0.00719363
0.0783421
0.00669066
0.0205086
0.00947368
0.0259776
0.00871421
0.195058
0.325263
0.0221168
0.00882863
0.0126806
0.00188581
0.135272
0.198576
0.0300009
0.0354966
0.00820561
0.273992
0.15393
0.0015559
0.00400486
0.428269
0.0116462
0.0222258
0.00614338
0.014742
0.112879
0.0520807
0.0407957
0.0068621
0.174907
0.00528929
0.132668
0.0231704
0.767687
0.0056255
0.00860298
0.00830894
0.712056
0.01002
0.00764924
0.0114573
0.00423197
0.0082862
0.0114494
0.464341
0.0104375
0.00681392
0.0420361
0.00449551
0.0269849
0.723137
0.00334188
0.00139228
0.00733096
0.00934916
0.00625444
0.00552373
0.000626184
0.00153585
0.0262407
0.00174021
0.00228426
0.0161059
0.224225
0.00596322
0.00880595
0.00476017
0.0012226
0.0500153
0.0151177
0.143607
0.547657
1.05091
0.00847319
0.428051
0.354108
0.20383
0.0309222
0.0184397
0.0507524
0.0110292
0.103033
0.00718921
0.357796
0.00277983
0.00958357
0.000680625
0.133082
0.426405
0.00214443
0.00453231
0.00594165
0.00998921
0.00211901
0.0102585
0.0185148
0.161783
0.00558705
0.0365517
0.00678416
0.0587767
0.690311
0.166677
0.130149
0.23978
0.0147136
0.144009
0.00414878
0.00433104
0.0595963
0.0638814
0.0102962
0.00266246
0.0116852
0.00265946
0.467776
0.144986
0.00539575
0.049477
2.0942
0.00329274
0.0103137
0.0081525
0.370044
0.0694936
0.205154
0.272782
0.0043889
0.276268
0.575695
0.254381
0.0450883
0.172758
0.241743
0.0146953
0.245981
0.495268
0.42771
0.0498522
0.414971
0.355482
0.0994183
0.100424
0.101795
0.0196556
0.137042
0.457751
0.0640444
0.14381
0.064902
0.0920643
0.0912896
0.253078
0.377168
0.302025
0.00125696
0.257026
0.000446259
0.00592359
0.00442615
0.0203493
0.00888592
0.00548448
0.00338117
0.270475
0.123147
0.111818
0.0911373
0.234921
0.336712
0.0456254
0.895553
0.106158
0.100437
0.0780052
0.0181779
0.162104
0.0110235
0.137941
0.0719847
0.0230851
0.00627229
0.00955108
0.0214517
0.0384848
0.00299391
0.0321723
0.00247017
0.00402119
0.314078
0.00392149
0.0364954
0.0171083
0.00286929
0.00598425
0.00211982
0.010242
0.00391406
0.00635337
0.00121429
0.1342
0.00572666
0.00880058
0.00170819
0.0115898
0.00346397
0.00328465
0.0541948
0.00284758
0.0110299
0.0115943
0.103457
0.00148112
0.0192596
0.0126319
0.00688787
0.0720496
0.00808389
0.00746334
0.00844348
0.0371593
0.00346749
0.00694149
0.0103176
0.00712142
0.0107136
0.0800823
0.0809634
0.00455745
0.0984982
0.0138691
0.182832
0.0744266
0.0206895
0.113346
0.00968511
0.44858
0.707386
1.27825
0.00915171
0.0038757
1.10856
0.11586
0.017997
0.0274055
0.0104897
1.99718
0.018154
0.0085681
0.585247
0.00324269
0.0072479
0.0508097
0.00827754
0.00460406
0.00266728
0.0169972
0.00609698
0.0050976
0.00761722
0.00305991
0.238069
0.0118645
0.19867
0.185669
0.0327048
0.074635
0.0162276
0.0100074
0.002837
0.0163673
0.00160984
0.0190563
0.00447694
0.118467
0.108131
1.47636
0.00842509
0.0130393
0.0256198
0.0550367
0.00434664
0.264213
0.327158
1.48347
0.00623116
0.171591
0.00151897
0.0196197
0.000376792
0.00505992
0.0683559
0.398368
0.0104174
0.024508
0.015982
0.0122465
0.0778201
0.15915
0.00462217
0.00501549
0.324266
0.0117067
0.959006
0.00587925
0.198219
0.00483359
0.00144215
0.00645047
0.00916315
0.00114367
0.0232046
0.0276836
0.0643306
0.00834096
0.00492918
0.00343367
0.0216401
0.00684247
0.159285
0.0056773
0.00297841
0.032859
0.133067
0.0196312
0.253704
0.225524
0.0180227
0.0122033
0.136774
0.0116505
0.165971
0.599406
0.00300556
0.0432275
0.0428116
0.328055
4.73567
0.0043177
0.108589
0.290763
0.0144167
0.00496316
0.0136162
1.98418
0.00718961
0.452946
0.00479517
0.00356865
0.141366
0.0163381
0.00856337
0.0934955
0.0697927
0.942232
0.00426574
0.199629
0.00592317
0.00360763
0.00500834
0.00872437
0.244036
0.0686452
0.0130352
0.00495847
0.230684
0.0469945
0.229808
0.0146725
0.00267099
0.109103
0.365144
0.076238
0.00731784
0.0484931
0.00914572
0.014304
0.0571745
0.00456429
0.00864079
0.0434914
0.00700965
0.00432128
0.00459883
0.112443
0.0017079
0.00444794
0.0227573
0.00578017
0.0549494
0.0909536
0.0845476
0.0330313
0.138959
0.0055956
0.918883
0.018417
0.0248058
0.0476703
0.0115765
0.148409
0.0118375
0.017241
0.123148
0.177262
0.0172842
0.0379508
0.00642728
0.463687
0.104888
0.0781248
0.512509
0.243026
0.0227937
0.448927
0.0105111
0.221328
0.169254
0.368325
0.208912
0.00618644
0.00111988
0.00328051
0.128355
0.00815546
0.00654223
0.0125871
0.10802
0.206628
0.0115579
0.100235
0.011459
0.00797676
0.00561476
0.0116777
0.015576
0.0242664
1.80294
0.243574
0.182823
0.0120917
0.0756822
0.00680655
0.0269912
0.00260259
0.00272568
0.00915427
0.0178456
0.00737211
0.0011133
0.114314
0.0181321
3.86064
0.248442
0.181823
0.0137331
0.00984302
0.00392011
0.052871
0.0121464
0.242755
0.0323196
0.0390853
0.00529105
0.0779039
0.00370346
0.0243995
0.180128
0.404317
0.0073346
0.00189611
0.0510083
0.0345817
0.133381
0.066824
0.65593
0.116135
0.0168074
0.0824129
0.06462
0.184064
0.070282
0.109745
0.00628593
0.00451334
0.174626
0.0100117
0.0592467
0.0235066
0.0201538
0.0720306
0.0344394
0.132897
0.0403343
0.113346
0.109481
0.0100794
0.12893
0.0711989
0.0330041
0.0228012
0.278492
0.00386482
2.12943
0.105921
0.0425292
0.0370553
0.00505354
0.00170028
0.0100928
1.08991
0.00887129
0.0362885
0.0325623
0.0154771
0.0763637
0.0712127
0.102869
0.158901
0.00405478
0.00480809
0.00100476
0.00868667
0.152213
0.012488
0.00963755
0.00922441
0.683159
0.0120574
0.03284
0.00376142
0.277748
0.0444349
0.00159977
0.221463
0.0248107
0.0110753
0.291608
0.00839377
0.218919
0.035096
0.0922781
0.0136962
0.0412202
0.839916
0.194245
0.28538
0.00389822
0.224109
0.00217992
0.806214
1.09737
0.178256
0.00665653
0.0315288
0.00290181
0.00377032
0.0293449
0.00561904
0.00780408
0.0245376
0.777173
0.0040469
0.00572217
0.00590424
0.00374561
0.0287755
0.00357318
0.00984505
0.0149901
0.00204794
0.0543439
0.120711
0.00356083
0.00205095
0.0541678
0.00777604
0.0136914
0.00822513
0.001746
0.00631403
0.00315025
0.0301224
0.239456
0.286742
0.120607
0.0725287
0.0157459
0.0847977
0.0220828
0.212964
0.270923
0.0566001
0.0373272
0.0132647
0.0934942
0.0311802
0.0254191
0.0868167
0.0117251
0.196746
0.0520428
0.0944071
0.0080298
0.043567
0.0146157
0.00718051
0.363978
0.647941
0.168225
0.0942252
0.250103
0.00659559
0.154345
0.0330888
0.00691202
0.215744
0.134447
0.0925721
0.00663143
0.0408359
0.0021948
0.00508447
0.00151675
0.00333105
0.00284392
0.00468622
0.00259117
0.00563123
0.006383
0.00431207
0.00728124
0.00766307
0.00249548
0.00405567
0.00237089
0.00878619
0.137949
0.00718584
0.0151447
0.0466535
0.70542
0.632229
0.00160903
0.0697391
0.00977152
0.949938
0.0533682
0.0148033
0.145214
0.345
0.00641735
0.121019
0.184576
0.0275049
0.0815091
0.128579
0.00334993
0.0890684
0.2559
0.209683
0.0664172
1.39314
0.0681769
0.0189518
0.00966129
0.00403385
0.0125325
0.169044
0.0398629
0.0333498
0.0159042
0.0269605
0.129676
0.0841801
0.314025
0.00867323
0.0752579
0.31221
0.144532
0.139201
0.0915961
0.0321876
0.0400734
0.0356135
0.065732
0.544279
0.0417086
0.162078
0.145594
0.0876775
0.0233656
0.00284225
0.0726587
0.0497275
0.10381
0.153772
0.0333033
0.354235
0.0388233
0.431747
0.0311292
0.165354
0.0281389
0.0776499
2.61783
0.0122753
0.154857
0.0125746
0.0424224
0.146659
0.0364072
0.0584681
0.0263606
0.442977
0.0845179
0.0943557
0.0551667
0.135105
0.0117949
0.00305973
0.0048815
0.311674
0.00295445
0.0509617
0.156681
0.162403
0.0495168
0.0119977
0.000963438
0.0558251
0.0567787
0.00134826
0.00913603
0.00365021
0.000962737
0.00386937
0.00570564
0.00386155
0.0092426
0.00984838
0.00652681
0.00163366
0.000473944
0.0249002
0.00305976
0.0292423
0.0045009
0.0511936
0.00452698
0.104516
0.0656981
0.00420917
0.00397791
0.00986411
0.00268539
0.00450173
0.00194046
0.49382
0.00225182
0.00578882
0.0195135
0.0155004
0.0167172
0.00609781
0.0014199
0.0110262
0.202861
0.00549341
0.0122087
0.0402831
0.00838424
0.0161518
0.863963
0.00589252
0.162511
0.0510012
0.000606656
0.00248281
0.0361923
1.97954
0.0189825
0.533771
1.32557
0.000484238
0.00722001
0.00104077
0.00308203
0.0183556
0.00477037
0.00791201
0.00137724
0.00140515
0.0568479
0.00225634
0.0503791
0.0329715
1.64533
0.115951
0.12956
0.0123677
0.0428273
0.00970741
0.0211332
0.216089
0.672099
0.0266123
0.000394005
0.173121
0.0141542
0.00630024
0.0387628
0.409402
0.66199
0.11253
0.000911072
0.075298
0.00151971
0.0142263
0.0529966
0.00967311
0.0852835
0.35019
0.28969
0.00162941
0.110936
0.417284
0.0595006
0.0291762
0.0312348
0.0142231
0.0456896
0.0107255
0.0405216
0.00437691
0.0143228
0.804751
0.00678763
0.690821
0.00737382
0.0110152
0.0357358
0.0012428
0.00342541
0.00604415
0.0481509
0.00226543
0.00640169
0.00153928
0.00579597
0.00526428
0.0212743
0.00667597
0.0137137
0.0131846
0.00661394
0.00164221
0.00619905
0.0191639
0.00624778
0.00408137
0.30528
0.00766964
0.00464886
0.00238166
0.00590756
0.00661062
0.00445837
0.0157672
0.0169176
0.00227365
0.00594564
0.0183755
0.0104371
0.00964128
0.00211606
0.0508113
0.345848
0.87057
0.00923239
0.42835
0.00612774
0.059105
0.0266806
0.00966504
0.0217182
0.0118767
0.0089606
0.00668119
0.0258587
0.238317
0.35762
0.359786
0.0458678
0.262589
0.017833
0.0547065
0.170357
0.0625263
0.0120363
0.0279942
0.154206
0.101685
0.00430178
1.10171
0.00304709
0.00829229
0.00755355
0.00791981
0.0033721
0.0101987
0.00832479
0.00571188
0.010872
1.80941
0.00609349
0.010338
0.00554394
0.0701014
0.106458
0.200247
0.134533
0.0623798
0.12642
0.0443379
1.2817
0.123364
0.243
0.0153744
0.251736
0.111911
0.00588051
0.455225
0.110635
0.0341194
0.110909
0.371649
0.197284
0.36134
0.325759
0.060227
0.106728
0.18811
0.417255
0.35912
0.494011
0.168555
0.355584
0.291283
0.348146
0.105729
0.165123
0.0226147
0.319608
0.00631703
0.0313019
0.168033
0.00960322
0.0394894
0.139106
0.00626717
0.00347387
0.00285795
0.150049
0.00967205
0.00442306
0.416098
0.112947
0.0167934
1.49483
0.0980909
0.240255
0.510993
0.0965633
0.314818
0.0722308
0.00802847
0.0012523
0.0132695
0.00381295
0.360242
0.00602786
0.0114829
0.145117
0.460893
0.00467536
0.0816423
0.0336442
0.822111
0.00448638
0.00151654
0.12077
0.0281527
0.00102122
0.0103296
0.0115365
0.00279581
0.0129719
0.0242705
0.0256901
0.00462574
0.02934
0.210598
0.0170833
0.00489646
1.45395
0.010166
0.000313482
0.00177104
0.00676444
0.0123681
0.0229001
0.01091
0.0111101
0.00167101
0.00221911
0.0358687
0.00807469
0.00898115
0.00111629
0.00909954
0.0105677
0.00422593
0.0037374
0.002799
0.0320676
0.00878382
0.00580896
0.0112994
0.0134211
0.00114588
0.028782
0.00252302
0.00583192
0.230392
0.37278
0.500434
0.0992092
0.00540034
0.0880311
0.301562
0.00310407
0.00165758
0.00666593
0.00305892
0.0425134
0.00839346
0.339505
0.175951
0.0114537
0.0354563
0.101709
0.0112844
0.0677222
0.0237053
0.0684882
0.00862108
1.37983
0.00199919
0.0259444
0.177994
0.0868954
0.00808201
0.00165028
0.00557349
0.00165775
0.0737431
0.0335452
0.00657814
0.0315184
0.00698881
0.114733
0.00958699
0.0215607
0.00480119
1.14478
0.0250275
0.0109199
0.0182648
0.100889
0.121232
0.0283255
0.041867
0.0628701
0.0262051
0.146019
0.0873738
0.00469588
0.198467
0.175847
0.000406121
0.0107109
0.206831
0.0180114
0.100316
1.10687
1.18926
0.00860122
0.00643693
0.0123299
0.0129232
0.00534865
0.00163119
0.0095549
0.212819
0.0534818
0.00733073
0.212393
0.211633
0.00124681
0.00709242
0.0204682
0.00576335
0.00228135
0.0278501
0.0258453
0.00569712
0.0128872
0.0101498
0.00446722
0.00590172
0.00536915
0.0425228
0.00741482
0.0042217
0.0885052
0.44459
0.47579
0.143949
0.252529
0.246514
0.130968
0.0307563
0.0512421
0.0877262
0.00109268
0.0664298
0.31284
0.0120798
0.063679
0.109381
0.0896728
0.332138
0.0665039
0.00226413
0.0394006
0.0564862
0.100763
0.00701111
0.0848911
0.0880098
0.010032
0.00874989
0.00297199
0.00294371
0.090561
0.00668877
0.00201957
0.0691875
0.143637
0.221093
0.0228448
0.414811
0.00660546
0.01869
0.00666482
0.0131736
0.00450288
0.00677323
0.00259098
0.471159
0.167352
0.616933
0.106299
0.0739579
0.0149125
1.34155
0.00562542
0.005713
0.0286802
0.714842
0.0187052
0.0380865
0.0849493
0.0424906
0.128451
0.00799636
0.00570032
1.8297
0.00282556
0.172642
0.0529869
0.225985
0.779721
0.00473908
0.0143167
0.0566238
1.16722
0.578561
0.296104
0.158411
0.0227928
0.0643621
0.0327645
0.0475055
0.0159534
0.0558194
0.173316
0.194893
0.0528633
0.0968668
0.0708924
0.00810294
0.0564695
0.101374
1.55518
0.221221
0.0120948
0.106515
0.00464105
0.00641811
0.200094
0.0760796
0.0313827
0.014892
0.0319291
0.0815585
0.117873
0.0831567
0.0581981
0.011634
0.141203
0.00531066
0.0174376
0.0272433
0.00801084
0.00285158
0.0146541
0.0211125
1.24443
0.277206
0.29398
0.386455
0.0313844
0.0157986
0.00783481
0.00409113
0.0054641
0.00231393
0.0168368
0.00526468
3.36127
0.00926706
0.0252487
0.0278438
0.00412478
0.00258905
0.162168
0.0381028
0.0184612
0.778347
0.00490821
0.000414481
1.43536
0.0068326
0.00898289
0.0081941
0.0787347
0.00711119
0.188525
0.248343
0.00505514
0.0294625
0.0111442
0.00571059
0.00790152
0.00337845
0.0148469
0.000363877
0.104157
0.00170004
0.00378518
0.0164307
0.00403106
0.0118924
0.000761495
0.00936424
0.0221361
0.0070947
0.00439933
0.0452643
0.00322424
0.0911682
0.0051224
0.0030989
0.00208338
0.0180716
0.00784691
0.00335079
0.257647
0.00709641
0.00609747
0.00300129
0.0111428
0.00335031
0.00823712
0.0192054
0.00506735
1.05505
0.0629451
0.00641359
0.0116256
0.0148267
0.00759533
0.00763866
0.0044266
0.0137633
0.00728269
0.00248838
0.00634756
0.0987565
0.0409251
0.00610242
0.00761074
0.0108101
0.00855635
0.048922
0.0126311
0.0032785
0.00211493
0.00226236
0.0480415
0.00419093
0.00692113
0.0384884
0.00341631
0.00187298
0.00995511
0.0165052
0.006823
0.0174957
1.99675
0.00669636
0.00541782
0.204408
0.00221056
0.00446559
0.00599769
0.148308
0.0103064
0.00944386
0.107739
0.0764458
0.000317284
0.0310499
0.00678542
0.0147236
0.201257
0.0114968
0.0923808
0.00686246
0.250273
0.00597343
0.0130388
0.0159941
0.0143324
0.00911314
0.00474291
0.0137201
0.00875706
0.000425506
0.00431475
0.00158787
0.289507
0.00214613
0.00100514
0.00632158
0.0140918
0.00788067
0.00316273
0.00846319
0.0153969
0.23325
0.33618
0.110234
0.224936
0.243565
0.465105
0.0480021
0.00794344
0.0652045
0.0815946
0.415443
0.147317
0.0381541
0.25424
0.0275713
0.00938347
0.0153566
0.0642833
0.0108108
0.134716
0.253814
0.00336289
0.184604
0.143623
0.0907908
0.071833
0.012926
0.0618264
0.0896406
0.00897994
0.242196
0.0205376
0.00274626
0.00306656
0.00290888
0.00447973
0.0134872
0.00334331
0.00333716
0.0132196
0.0199595
0.00287303
0.00152592
0.0202715
0.000808299
0.00167071
0.0577872
0.00661729
0.065238
0.00787965
0.00262319
0.000845947
0.00388165
0.00854837
0.0173609
0.00544854
0.00296895
0.00886418
0.00404451
0.00586077
0.171546
0.0370906
0.00116055
0.120308
0.00294138
0.132373
0.00541807
0.00265297
0.00797412
0.200976
0.0166379
0.0839282
0.00274827
0.0242892
0.00696631
0.0850484
0.00361226
0.0475857
0.207354
0.00583962
0.0613045
0.112641
0.00716514
0.662142
0.0160618
0.0563428
0.0327713
0.0283183
0.00208529
0.0132437
0.0582643
0.0108297
0.0142083
0.025828
0.0419664
0.259842
0.0780033
0.0321857
0.229394
0.163738
0.454918
0.0280815
0.0598849
0.0209886
0.251308
0.0770333
0.243872
0.0137454
0.0185041
0.137249
0.00993235
1.09961
0.00427306
0.963857
0.00503165
0.251726
0.0187553
0.202039
0.00482712
0.00611838
0.000952551
0.0230571
0.0290855
0.0272749
0.00201286
0.00518591
0.00654316
0.0129299
0.171064
0.00454316
0.00369727
0.0141911
0.00721816
0.0114733
0.0121751
0.265414
0.0402056
0.0195983
0.00393353
0.00746057
0.377327
0.0122569
0.0219723
0.0110336
0.0138625
0.00333928
0.00628838
0.0148271
0.00819718
0.0129209
0.00692015
0.00503367
0.00669139
0.00614114
0.00643283
0.011083
0.00822313
0.0145569
0.00931174
0.425574
0.00179826
0.0836564
0.00247934
0.00221843
0.00493397
0.00291337
0.00869735
0.00078729
0.00807673
0.00246689
0.0123771
0.00284245
0.0022739
0.00651694
0.0211405
0.0109332
0.00508222
0.00450611
0.00307132
0.00218098
0.00333307
0.00430381
0.00533551
0.0110213
0.00743031
0.00101324
0.150247
0.00128887
0.0207753
0.192291
0.00668852
0.293275
0.176863
0.113467
0.0224958
0.00679509
0.00586476
0.0410057
0.0144097
0.164802
0.00420006
0.00657816
0.00124623
0.0264988
0.0119274
0.0044469
0.0110464
0.00363925
0.00140842
0.0106251
0.00393669
0.00584856
0.00889387
0.0152624
0.00236642
0.00566546
0.00963054
0.0103426
0.00192145
0.00291982
0.00847399
0.00656959
0.00420595
0.000720713
0.0241399
0.0123828
0.00791421
0.00730475
0.0107039
0.0011611
0.00103013
0.00173977
0.00716566
0.00431065
0.0018718
0.0160997
0.0158668
0.0046361
0.0010017
0.00379479
0.00129476
0.00295457
0.061373
0.00461343
0.00174453
0.006331
0.00423686
0.0103945
0.00460955
0.0518434
0.321792
0.318666
0.461456
0.165575
0.0182878
0.00389382
0.0194978
0.00354886
0.00512116
0.00932769
0.0125759
0.67329
0.00670434
0.00708376
0.0457486
0.00326215
0.00341572
0.00363212
0.016813
0.0229997
0.0160312
0.0768561
0.00342507
0.00427842
0.0230114
0.00185268
0.00216105
0.0144142
0.00861647
0.0123628
0.00286404
0.0879588
0.482885
0.014898
0.00139097
1.22422
0.100593
0.0617708
0.0170756
0.145678
0.0101169
0.00878935
0.00653435
0.00331662
0.00335621
0.0652661
0.0288055
0.00819589
0.00420644
0.0152644
0.0200457
0.00527878
0.0029356
0.00347511
0.00713638
0.00757761
0.00266749
0.00705104
0.0166888
0.0495398
0.0192992
0.00800997
0.00536346
0.00126473
0.000376199
0.00613318
0.00418565
0.0027379
0.00760606
0.0185301
0.00677539
0.237223
0.0153184
0.0295103
0.0217935
1.22201
0.0381622
0.000951859
0.117613
0.00683862
0.0114378
0.179637
0.0109552
0.00875257
0.00510736
0.35572
0.00174007
0.0108242
0.00555219
0.004712
0.00803761
0.00480749
0.0159821
0.00160858
0.164158
0.213348
0.00587066
0.0188642
0.087749
0.00317061
0.00267789
0.336252
0.0269442
0.0151433
0.013404
0.196702
0.133435
0.330654
0.765809
0.00756244
0.0022514
0.00447093
0.00187611
0.00233825
0.0153904
0.014466
0.00168506
0.00584698
0.00249073
0.00196621
0.00319032
0.0250665
0.131764
0.0409232
0.00568069
0.00424545
0.00306697
0.00381392
0.0092119
0.0473936
0.118718
0.0488902
0.00415202
0.00192836
0.00612084
0.0178192
0.330866
0.00379679
0.0066724
0.01248
0.0998891
0.000684944
0.00488179
0.00451373
0.0138185
0.00803006
0.00497246
0.00275691
0.00707267
0.0159359
0.14397
0.261855
0.0958551
0.0052338
0.0373436
0.0847163
0.224965
0.0108783
0.0117198
0.0030716
0.0161563
0.00157757
0.00549819
0.00933289
0.924436
0.167469
0.00368277
0.00201398
0.00732047
0.00311488
0.100182
0.0721687
0.00261467
0.0101482
0.00508111
0.00245602
0.00335874
0.00316887
0.00202682
0.00437395
0.00395111
0.00121661
0.00121305
0.00874196
0.169235
0.0493266
0.0130416
0.0158941
0.00499713
0.00331634
0.0168368
0.202186
0.0706514
0.265299
0.163366
0.0112703
0.0180019
0.0171401
0.15125
0.135554
0.00442536
0.00127965
0.0073835
0.0116778
0.182905
0.00529573
0.00897515
0.00119583
0.0126588
0.0018919
0.112325
0.00417279
0.00314572
0.0301001
0.0258265
0.0072589
0.000450426
0.0076861
0.0107962
0.00580673
0.010836
0.00487878
0.576704
0.007245
0.0879686
0.00406207
0.00733663
0.00602597
0.00304783
0.00775864
0.00517944
0.0102948
0.00466869
0.049637
0.00190945
0.00042528
0.00326195
0.0061042
0.0789329
0.00258283
0.00806156
0.00358833
0.00122562
0.00190457
0.00905919
0.00355351
0.00227585
0.0193474
0.0173706
0.0201293
0.0713733
0.800152
0.00315431
0.0234604
0.00522366
0.00554955
0.00878359
0.00338831
0.000932251
0.00363799
1.34397
0.00132719
0.234552
0.0140134
0.10427
0.00596125
0.00444694
0.013907
0.00961788
0.00625375
0.109287
0.00815891
0.00793343
0.00334441
0.00076091
0.000794871
0.00338287
0.0104454
0.00545319
0.0336115
0.0177163
0.0200854
0.0732051
0.0125865
0.0644589
0.0564116
0.0037079
0.0212529
0.0230025
0.0037927
0.038103
0.0588785
0.112248
0.379476
0.0874856
0.0434869
0.0268704
0.0244987
0.186807
0.00791783
0.00262616
1.7119
0.126033
0.0115787
0.0361865
0.487337
0.00271432
0.0101651
0.0227317
0.0114396
0.00459387
0.00508878
0.0199721
0.33758
0.00669911
0.0218163
0.0146035
0.00878827
0.00543549
0.0148416
0.0786377
0.067144
0.261332
0.00219538
0.0330057
0.0637206
0.00730966
0.126218
0.0232965
0.00969725
0.0310027
0.318923
0.00484551
0.0225967
0.00690847
0.0996169
0.006392
0.230008
0.00174162
0.0145335
0.1424
0.0206976
0.0134998
0.0039684
0.00365839
0.00791072
0.00231686
0.112609
0.00591283
0.00170593
0.0800331
0.0153182
0.0094626
0.017979
0.121672
0.00180296
0.0648847
0.346274
0.267847
0.0115905
0.2246
0.0595035
0.0132616
0.312137
0.0249402
0.00789987
0.194632
0.000742536
0.0399215
0.135677
0.00807469
0.0152731
0.0228284
0.949969
0.0134313
0.00810498
0.00149546
0.00300213
0.00555561
0.00360104
0.097831
0.0186028
0.043613
0.00429863
0.00546843
0.0100226
0.638359
0.0140697
0.0124225
0.00450932
0.465625
0.00676138
0.0510819
0.0166913
0.00560391
0.102183
0.283103
0.00302717
0.016835
0.012196
0.243388
0.00961494
0.575966
0.0210374
0.696332
0.0104593
0.00481572
0.0043148
0.0096188
0.00920949
0.0098575
0.0287589
0.0083185
0.0033061
0.0100666
0.00628905
0.00328095
0.00769489
0.0027677
0.00136489
0.00505509
0.152598
0.24251
0.3568
0.153597
0.0776936
0.0396364
0.316275
0.215836
0.0375768
0.00684348
0.075226
0.0702802
0.18993
0.299138
0.635328
0.0577944
0.0508734
0.0709741
0.122149
0.0255709
0.0473108
0.352384
0.0550852
0.107553
0.132997
0.00384452
0.114701
0.462464
0.221501
0.0111169
0.112335
0.0102725
0.0499178
0.0695548
0.0268352
0.197396
0.0133129
0.307347
1.39608
0.0849111
0.68713
0.283817
0.0049766
0.00953754
0.0657664
0.00291079
0.00987481
0.00937207
0.00746501
0.00226229
0.0122819
0.00965009
0.00720908
0.00629284
0.00427667
0.0193141
0.0132608
0.00839668
0.00572603
0.00253129
0.00282695
0.0108472
0.0063856
0.00384071
0.00568496
0.00810349
0.00405935
0.00922623
0.0079131
0.0172263
0.00621159
0.0034474
0.00385794
0.0122799
0.0110331
0.00787195
0.00484664
0.00788164
0.0056012
0.0059315
0.00437602
0.00431334
0.00202177
0.00992976
0.00634159
2.22393
0.0160417
0.0174043
0.543368
0.000476891
0.0483781
0.00525112
0.222128
0.01534
0.00349156
0.633276
0.000998059
0.00435267
0.00692401
0.0112726
0.0120327
0.00921215
0.0114848
0.0162859
0.0100645
0.00403017
0.174607
0.0079484
0.00145547
0.00542084
0.0354345
0.00145261
0.0127236
0.0222951
0.0104145
0.00352409
0.194389
0.00176169
0.0069419
0.00621571
0.0326136
0.00415733
0.0311178
0.00215723
0.00628098
0.0011816
0.0571763
0.0147558
0.275213
0.00847493
0.00357271
0.031516
0.00164235
0.00526936
0.00233783
0.0150738
0.00465739
1.46736
0.0138902
0.010773
0.00809962
0.00419721
0.0069409
0.00737464
0.0212683
0.00906047
0.00555137
0.00153117
0.0115374
0.0108189
0.00970008
0.0044861
0.000135038
0.0014791
0.0080988
0.00170422
0.00735604
0.014002
0.00278452
0.00426762
0.00210296
0.0101933
0.00660218
0.00508036
0.154942
0.0233005
0.0784093
0.00538469
0.00880278
0.00458645
0.0480949
0.00645654
0.00426504
0.00817649
0.00941625
0.0125141
0.00730342
0.00644853
0.0782111
0.044085
0.277467
0.0682127
0.00367246
0.213761
0.199266
0.00701065
0.179733
0.00945511
0.0193785
0.752739
0.0131775
0.00602803
0.0111353
0.00743552
0.115754
0.00250593
0.031211
0.0163178
0.00162769
0.0106393
0.0112482
0.00605126
0.00262704
0.00821425
0.0142596
0.00193703
0.00182931
0.0206001
0.00805848
0.0032609
0.0865372
0.0107969
0.0126137
0.0206103
0.00314107
0.00239925
0.0208145
0.0103777
0.0050005
0.123425
0.0191555
0.00570865
0.00218068
0.00606124
0.033298
0.228608
0.00308902
0.00626026
0.120836
0.115242
0.0132657
0.00776194
0.0194345
0.0105514
0.00444697
0.0259733
0.0205156
0.00224607
0.00209768
0.00725351
0.00869223
0.0159023
0.00309258
0.0037947
2.72844
0.00614616
0.00581667
0.0206482
0.00505486
0.00267133
0.267132
0.00198607
0.00144655
0.00709409
0.00424129
0.00652027
0.00210382
0.00129413
0.00992455
0.0378298
0.00578707
0.00323542
0.00931538
0.008362
0.00291194
0.000148892
0.00286487
0.00334199
0.00303271
0.00302187
0.00271035
0.00343307
0.0107268
0.0494587
0.00351857
0.017549
0.0295952
0.179524
0.277197
0.104207
0.00650607
0.0101254
0.400017
0.00386243
0.0365791
0.00652206
0.0871335
0.854641
0.466723
0.0245368
0.00609362
0.00107412
0.0131278
0.00456129
0.00787796
0.003319
0.00785358
0.0169778
0.0541804
0.00351919
0.083447
0.0401637
1.57618
0.111815
0.0149468
0.424028
1.83954
0.792892
0.0429721
0.00808568
0.0654427
0.0529026
0.00600817
0.00675918
0.0043445
0.0117877
0.106342
0.00938558
0.00415606
0.0279258
0.176556
0.00821095
0.160305
0.00924244
0.014859
0.00345012
0.428696
0.00935524
0.00931586
0.00713134
0.00387686
0.0426803
0.056536
0.0123847
0.0139002
0.00559574
0.924584
0.00577495
0.00325814
0.00756485
0.00830013
0.00763112
0.00354506
0.00396893
0.00221537
0.00437616
0.00308488
0.00758172
0.00352305
0.011491
0.00542383
0.00734423
0.00103965
0.0134163
0.0135652
0.008372
0.0175483
0.0102956
0.000551088
0.00645037
0.16375
0.104275
0.00608053
0.0191216
0.0228467
0.059566
0.00400966
0.00733574
0.0102503
0.002789
0.00787537
0.00619215
0.00247602
0.00434487
0.0144792
0.000870289
0.0509487
0.293963
0.280623
0.527679
0.0439535
0.483657
0.0763274
0.364754
0.0945293
0.127845
0.183043
0.00359406
0.00619402
0.00846976
0.00104371
0.997726
0.0191955
0.00573383
0.00516965
0.00306328
0.00459023
0.00305669
0.0111399
0.215687
0.365
0.110497
0.010172
0.00365116
0.201577
0.302628
0.0133544
0.123411
0.14672
0.0915951
0.0330983
0.0186785
0.00630231
0.0877905
0.0799154
0.539441
0.0188643
0.211621
0.202234
0.0651948
0.188546
0.00286388
0.004551
0.0171609
0.0096983
0.00164736
0.000602225
0.00253809
0.00246582
0.0179574
0.0522691
0.0409745
0.0537244
0.037468
0.0105771
0.22824
0.00161394
0.0135459
0.160208
0.00749199
0.00361858
0.00409687
0.00599322
0.00477343
0.00652041
0.00249121
0.00686887
0.00194749
0.0451093
0.0165088
0.0124734
0.0141882
0.0206588
0.0034632
0.380413
0.0168418
0.0867781
0.00363493
0.00139486
0.0144647
0.0174057
0.0010525
0.00214533
0.00827994
0.19641
0.00196954
0.00566868
0.0147294
0.00280157
0.00509911
0.00750696
0.0102559
0.00241485
0.0191852
0.137099
0.19433
0.144117
0.0884226
0.349161
0.0336194
0.0188895
0.0379488
0.00742343
0.00865887
0.00566824
0.082693
0.00264428
0.0426176
0.256034
0.295461
0.00403194
0.102749
0.499606
0.238023
0.0727394
0.11668
0.0880905
0.0994466
0.183609
0.0813596
0.30391
0.283875
0.0108061
0.307208
0.0959669
0.145564
0.106918
0.0261196
0.00480713
0.00554693
0.448332
0.00727628
0.0181691
0.00302132
0.00725586
0.00353997
0.00440577
0.00453342
0.00965037
0.00294471
0.011664
0.0156411
0.00269944
0.00535877
0.00401157
0.00235957
0.0156964
0.207937
0.0808729
0.641387
0.14637
0.0646234
0.00754179
0.0161592
0.00438342
0.00160449
0.00733843
0.0112598
0.00833011
0.0124823
0.00574834
0.0108287
1.27185
0.00522002
0.0166977
0.00930868
0.0574392
0.0476621
0.00392845
0.0112599
0.00440821
0.00162028
0.0028355
0.00399194
0.0607334
0.0380597
0.191848
0.0123918
0.00431403
0.0860732
0.42519
0.131412
0.111709
0.00348106
0.0239127
0.00248809
0.00374041
0.0232216
0.409305
0.00589733
0.0043124
0.00366527
0.00414225
0.0165266
0.0047062
0.272864
0.319269
0.401662
0.040356
0.437772
0.0756716
0.00649861
0.00394147
0.0183751
0.00193456
0.0138027
0.00378348
0.260517
0.0349366
0.0668796
0.244865
0.229499
0.509235
0.00828971
0.263609
0.065665
0.361667
0.171325
0.186488
0.0888943
0.0371486
0.0145297
0.0540036
0.109326
0.304705
0.0360099
0.966805
0.799306
0.130963
0.00419137
0.0054722
0.00182114
0.0125966
0.00699867
0.00923977
0.00171187
0.00510125
0.172728
0.0823353
0.489874
0.125595
0.0370366
0.0306883
0.0161307
0.109199
0.0811113
0.32257
0.011535
0.126376
0.101041
0.0480146
0.452113
0.254276
0.131119
0.0151954
0.164233
0.267023
0.00889026
0.0693677
1.80234
0.179426
0.336573
0.170236
0.0303257
0.0724557
0.00349903
0.0515037
0.0107683
0.0481979
0.104992
0.00551277
0.00433436
0.00112099
0.00124002
0.00490466
0.00252286
0.00669046
0.0074397
0.00215736
0.00604963
0.0119584
0.00596304
0.492996
0.00443102
0.00942652
0.0125355
0.0215186
0.00609169
0.00180946
0.00119059
0.00299261
0.0358319
0.00164415
0.0116567
0.00347861
0.00510926
0.0201346
0.00209657
0.00194532
0.00534378
0.00994775
0.274114
0.00815484
0.0103087
0.0469167
0.00649884
0.00566466
0.0205221
0.000864348
0.0103906
0.00748067
0.0300701
0.0438987
0.0156759
0.0324531
0.00465086
0.0792826
0.00300426
0.0381525
0.127421
0.049812
0.0341207
0.0705817
0.267758
0.000969567
0.00494627
0.00365345
0.00218927
0.179393
0.177203
0.627944
0.00432973
0.0668441
0.18106
0.00812172
0.00245071
0.0117215
0.00741236
0.0197049
0.00356111
0.0186017
0.00283975
0.00461237
0.00803101
0.154891
0.0112301
0.00225548
0.0181089
0.176176
0.0293671
0.00462645
0.0136663
1.4978
0.0354636
0.000356234
0.0068002
0.0100613
0.00557579
0.0124802
0.00267507
0.00521822
0.460038
0.0145657
0.0233619
0.00870845
0.206694
0.00535018
0.00220295
0.020217
0.00209333
0.00926785
0.0911673
0.264982
0.102074
0.00439077
0.00398076
0.00354264
0.00697444
0.0067923
0.0014519
0.00953818
0.301314
0.00315929
0.00404475
0.00211029
0.000206301
0.00815607
0.0451622
0.0215356
0.0137013
0.0828942
0.361528
0.0863056
0.00236171
0.00725999
0.105695
0.540844
0.00676832
0.0102485
0.00491388
0.126833
0.00992389
0.0113238
0.00434547
0.00860414
0.00351183
0.109749
0.001523
0.00534042
0.00426616
0.000429093
0.00132709
0.00313461
0.00853893
0.0154462
0.0520943
0.00720981
0.00440324
0.00571391
0.0737673
0.00372559
0.00480149
0.017955
0.00500868
0.0145025
0.00906331
0.00201475
0.00014644
0.00961902
0.0050262
0.0105097
0.00682113
0.00349954
0.00793033
0.00428943
0.0133527
0.000829226
0.00534905
0.00287296
0.182098
0.0167223
0.56056
0.0888249
0.461443
0.00270956
0.00491282
0.00204804
0.00248774
0.00284651
0.127289
0.00261849
0.00361725
0.00203554
0.00375682
0.00605855
0.00236874
0.0130785
0.115769
0.00331365
0.0465481
0.796285
0.12899
0.326626
0.0134042
0.179494
0.00317115
0.880449
0.0816021
0.160011
0.00559328
0.0462198
0.00596295
0.00152151
0.00469111
0.00463283
0.126902
0.00504794
0.0039151
0.00685169
0.0129206
0.0291105
0.0200548
0.0207364
0.00322727
0.0513603
0.0139816
1.12081
0.00470585
0.00559445
0.00295753
0.00125199
0.00213621
0.00498642
0.00330138
0.00138816
0.00924792
0.000695577
0.120574
0.00222469
0.00820315
0.302536
0.00612479
0.00152332
0.00290782
0.00703594
0.00123234
0.00513418
0.00403243
0.00513839
0.00696262
0.00279066
0.00787235
0.00761988
0.000532655
0.00233791
0.685557
0.00806997
0.00471698
0.00304185
0.00273923
0.0130669
0.00335573
0.000769775
0.0141202
0.00305232
0.00645966
0.00568689
0.00796155
0.00552885
0.00623078
0.00327525
0.01192
0.00676432
0.00417314
0.00163456
0.00668355
0.00843932
0.00844851
0.015476
0.0041323
0.00787119
0.00504596
0.00790084
0.00580754
0.00615083
0.0264133
0.00926609
0.00227677
0.0122554
0.00811055
0.0184473
0.00443901
0.00910689
0.0686706
0.0273668
0.0236024
0.0513751
0.0108344
0.0250026
0.0170806
0.0020722
0.0228746
0.0064478
0.00441131
0.00818275
0.00309634
0.140914
0.0110883
0.00265331
0.00223748
0.0128441
0.00732006
0.00293751
0.011091
0.0108174
0.00972191
0.00759962
1.36923
0.0139105
0.0054793
0.0108995
0.0202722
0.00513037
0.00290516
0.00387969
0.664279
0.015533
0.00224313
0.019466
0.00575104
0.00691718
0.0127915
0.270076
0.17527
0.000453171
0.00534159
0.00657483
0.00406768
0.059427
0.277721
0.0151671
0.114974
0.123176
0.0180851
0.571065
1.75511
0.0406771
0.322071
0.300654
0.914984
0.011729
0.0983723
0.397017
0.0603058
0.235875
0.00385373
0.0602361
0.00147444
0.00344251
0.164002
0.0618828
0.93678
0.00629561
0.00360202
0.141447
0.0117407
0.00774956
0.00377879
0.0131377
0.00416359
0.00674158
0.00435506
0.00277528
0.00542863
0.014978
0.178104
0.00190531
0.0814525
0.00100291
0.014996
0.00198896
0.222745
0.0055991
0.00427633
0.0256718
0.0490498
0.00416059
0.0088978
0.0351743
0.0105485
0.0116351
0.00496721
0.00274286
0.014671
0.000255815
0.0942565
0.0154679
0.00364459
0.0157743
0.00361891
0.171126
0.00555627
0.311567
0.258072
0.022627
0.00300526
0.00348235
0.408695
0.00220421
0.206084
0.591835
0.174831
0.0165488
0.0625608
0.0224658
0.144426
0.24724
0.0825862
0.226221
0.0127309
0.00379656
0.123754
0.227744
0.157378
0.00725347
0.16668
0.0070126
0.65315
0.00520295
0.535382
0.0566198
0.372967
0.0860712
0.106141
0.0129422
0.139729
0.494887
1.41529
0.0387163
1.33381
0.0271481
0.00277943
0.00611633
0.0911998
0.0468363
0.0265689
0.158786
0.012897
0.00232
0.0497242
1.17279
0.0313403
0.17313
0.00129664
0.127124
0.00537731
0.0974044
0.0054422
0.012835
0.238718
0.0173969
0.0196959
0.00273499
0.0120563
0.0131692
0.173846
0.00933384
0.00529903
0.0585587
1.26406
0.0126899
0.083243
0.245548
0.0765823
0.121527
0.133196
0.125849
0.0115259
0.0206077
0.68555
0.000964171
0.0230557
0.367682
0.094147
0.0256916
0.0797439
0.3558
0.0358127
0.0662758
0.00264901
0.00859731
0.0382931
0.12931
0.150731
0.0556243
0.0175476
0.252078
0.00459092
0.102186
0.0152568
0.183601
0.051618
0.0741747
0.0444645
0.0112676
0.15188
0.101287
0.0884532
0.0102528
0.0181726
0.0471457
0.0149892
0.0139424
0.0017028
0.0605929
0.00739368
0.168395
0.0196934
0.361247
0.291185
0.677272
0.113904
0.00993727
0.0174748
0.168592
0.0606317
0.850463
0.0274715
0.217139
0.209481
0.0331853
1.92647
0.00104472
0.0274055
0.00107077
0.154836
0.0634816
0.258352
0.0316701
0.0412709
0.00561519
0.170639
0.234932
0.275917
0.0130422
0.0591783
0.00262945
0.0143292
0.133911
0.00684784
