507.229, -1.6434, 0.857523
557.14, 7.45365, 0.584206
503.712, 20.964, 0.312805
504.547, -12.1818, -2.60295
520.271, 19.6232, 2.95617
548.155, 8.26552, -2.49219
531.485, -12.14, -1.89692
520.961, -11.9266, -3.02349
529.327, -4.16177, 2.84778
501.657, 19.2969, 1.4273
532.577, -10.82, 1.05309
533.191, 15.8134, 3.0798
516.775, -14.7451, 0.614379
529.115, 14.6293, -3.05667
567.829, -1.39963, 2.55402
564.261, -1.24322, -0.0546997
513.304, -12.5506, 2.16971
546.755, 9.24394, -1.90706
537.271, -11.0212, 3.13682
521.491, -12.295, 0.154139
502.267, -17.9336, -1.17783
569.89, 1.89116, 2.05504
510.795, -9.72778, -2.93037
525.351, -11.8842, -1.30729
537.473, 0.579256, 2.37689
515.082, 22.3096, -2.9608
510.807, -12.7267, 2.97807
508.318, 19.3672, 0.960494
520.52, 19.1348, 2.19783
497.882, -10.4942, -1.0192
527.327, 13.0102, 2.74855
530.564, -11.9483, -0.983545
565.561, 4.19653, -0.954487
520.435, -15.1014, -1.96671
510.389, 14.821, -2.78468
522.433, -5.881, 0.0650976
520.03, -15.3823, 2.51767
539.43, 0.255817, -2.13096
530.092, -10.4976, -1.16983
536.915, -2.80735, -1.19546
568.743, 2.82396, -1.87754
505.854, -5.98139, 1.9066
497.049, -3.39734, 1.24039
512.39, -12.0219, -2.03612
525.358, 18.0039, -1.59996
517.853, 22.9289, -1.98416
550.753, -4.01137, 2.38765
506.078, -18.7579, 1.75253
515.489, -5.89105, 2.93058
537.041, 17.4308, 1.05996
530.053, 18.4276, 1.46745
507.943, -16.2117, 0.344241
527.623, 20.6187, 1.69695
501.081, -1.58579, -1.50664
517.28, 21.5198, -2.95553
514.195, -12.0354, -2.68874
562.253, 4.8597, 2.78981
501.331, -12.6743, 1.77964
506.143, 23.3312, -2.6155
567.034, -1.65198, -0.115434
501.816, -27.3098, -0.602869
503.857, -8.39482, 1.8031
545.851, -13.1321, 0.525485
575.764, -1.58065, 2.0173
595.778, 18.3619, 1.50928
608.742, 29.0782, 0.685617
625.082, 51.5987, 0.0233133
619.432, 43.1487, -2.99684
622.452, 43.117, 2.52211
624.285, 61.8975, 2.42
597.059, 24.5478, -0.0986487
621.274, 52.7647, -2.46464
629.406, 61.7005, 2.3337
613.746, 42.7426, -1.29625
635.804, 53.1603, 2.68826
626.229, 57.8662, 2.41716
610.02, 27.6483, 0.77537
658.123, -7.45578, 0.710264
642.964, 45.5391, 0.926665
634.597, 28.4588, -2.91869
651.37, 34.1874, -0.562306
652.402, 26.762, 1.62957
608.198, 6.94165, 2.24498
631.278, 5.23794, 0.503444
658.601, -7.43103, -0.124396
633.169, 43.2493, -1.44232
576.71, 8.60288, 1.39152
631.646, 47.3817, -0.46079
603.89, 70.7377, 1.10019
503.622, 8.81543, -0.106934
593.343, 74.8618, 0.660486
596.033, 71.0143, -1.46177
578.699, 3.74317, 1.15143
629.198, 16.9433, -2.19945
633.482, 37.5848, 2.04819
631.571, 34.1818, 1.63569
608.045, 44.4143, 3.05941
654.539, 24.2823, -2.48904
600.095, 50.3833, 0.480713
587.777, 28.1589, 2.74834
594.107, 52.8387, 0.944052
584.714, 24.8894, 1.53459
626.412, 62.1837, -2.05851
589.495, 57.3544, 0.207226
587.87, 70.8157, 2.15439
585.789, 24.708, -1.78129
598.394, 52.4222, 0.931357
596.512, 32.4247, 2.0193
588.067, 52.7458, -2.30234
627.881, 69.7428, -0.494123
596.793, 79.217, -0.817002
620.024, 65.8442, 1.6407
645.281, -33.0591, -2.66902
617.779, -35.9949, -0.988366
654.251, 29.9711, -1.52312
615.21, -36.3524, 0.975072
576.839, 5.06872, 0.157556
575.713, 7.48733, 0.651488
541.731, 71.1348, -2.27777
557.639, -33.0642, 0.168384
550.111, 60.0555, 2.83598
541.954, 59.4069, -0.800036
576.953, 46.6527, 2.18117
579.332, 33.2954, -2.9663
558.527, 73.9372, 1.01007
577.859, 36.4156, -2.97945
576.53, -2.1679, -2.12823
584.891, 56.6434, -1.3849
591.58, 37.2883, 0.462335
600.399, 57.1547, 2.97968
604.693, 47.7674, -1.93836
608.718, 42.9397, -3.00365
612.624, 54.672, 3.08747
597.371, 41.8562, 0.761531
526.321, 46.274, 0.284619
607.599, 69.7186, 0.307537
591.576, 73.6101, -3.12693
593.725, 74.5264, -0.70053
614.17, 26.6618, 1.26293
610.195, 76.6924, -1.44024
522.375, -39.3942, -0.149761
567.027, -6.78049, -0.515101
553.212, -55.9079, -0.147819
574.805, 4.80615, 1.16349
538.618, -54.3855, -2.1006
575.801, 7.67848, -2.60507
576.709, 7.35732, 2.68728
639.609, 53.8171, 2.76726
608.993, 30.9454, -2.69797
627.29, 42.7016, -0.847093
590.542, 18.6325, -2.66345
633.792, 48.5584, 2.88555
628.843, 28.78, 2.63875
547.238, 73.541, -2.83093
535.86, 61.3979, -0.416487
532.629, 64.0057, -0.381779
546.641, 52.344, 2.41732
575.752, 6.88961, -2.09245
575.868, 6.36488, 0.452741
613.035, -53.1103, -0.50782
593.412, -25.9854, 0.990931
639.847, -32.625, -1.58685
600.858, -8.90893, -0.239878
626.024, -25.0745, 1.60205
629.09, -29.7056, 0.388183
599.315, -70.191, -2.31566
602.931, -66.3449, -2.86231
635.975, -44.1054, 1.98732
516.872, -11.2694, -2.71525
532.881, -4.08032, 1.50658
511.655, 26.7817, -0.539005
501.014, 34.3106, -2.9911
544.852, 3.09654, -0.325578
553.009, 9.79683, 0.438734
540.414, 33.4469, 2.01343
555.411, 39.5871, 1.9768
553.892, 41.4224, 2.89144
537.895, 73.013, 2.80613
555.638, 84.1422, 0.394016
565.691, 67.239, 1.69579
546.382, 55.9626, 0.363605
552.796, 57.8072, -1.41321
543.531, 55.4776, -2.51475
542.474, 78.5691, 3.05217
556.518, 38.4398, -2.96639
558.695, 52.7105, -0.741326
572.507, 6.31284, -1.31711
561.538, -58.1502, -2.38088
561.211, -57.073, 2.88085
569.388, -40.6477, -0.261382
573.031, -61.6168, -1.66716
526.225, 65.7771, 0.154015
572.087, 5.88422, -1.97805
522.965, 63.4174, -1.8358
572.751, 6.05328, 2.34341
572.402, 6.04574, -0.994883
572.612, 6.30758, 0.00103098
572.359, 6.50405, -1.26965
536.697, 76.6841, -2.51783
535.179, 62.5133, -1.35899
499.179, 32.0623, 0.233855
516.162, 63.4272, 1.68119
623.179, 14.4901, -1.87233
629.975, 10.8858, -2.13264
572.627, 6.6854, 0.279002
572.307, 6.80458, 2.87777
493.901, 27.2722, 2.65757
494.392, 18.3325, 2.52649
539.256, 6.89248, -0.161772
511.333, 5.41447, 1.98277
538.828, 6.79793, 1.26445
496.987, 6.3289, 1.41309
513.543, 5.75666, -2.62591
513.453, 6.32322, -0.671473
495.306, 1.62902, 2.86422
497.99, -17.3161, 1.14625
527.342, -4.65425, -0.581786
503.15, -5.29257, -2.48651
507, -9.05601, 0.330565
551.875, 3.59996, 3.08781
525.469, -0.706012, -0.99119
500.875, -7.23361, 1.91465
513.711, -5.40071, 2.73892
571.926, 7.24026, 2.26995
575.974, 5.06986, 3.02939
576.049, 5.91617, -1.83907
572.763, 6.19963, 2.35644
572.989, 6.46404, 2.93638
572.376, 6.81144, 1.90274
572.705, 5.06714, 3.13185
572.843, 6.81767, 1.91476
572.595, 5.81127, 0.0333387
578.2, 3.83066, 1.89584
643.738, -17.8564, 2.80262
629.062, 8.7296, 2.58342
611.478, 10.8351, -1.66253
617.467, 19.6921, -1.80025
626.006, 36.9112, -0.618804
618.719, 49.7866, 1.39919
626.441, 37.97, -0.460049
581.301, 14.9099, -2.83687
603.311, 38.2941, 1.06515
637.717, 3.72246, -0.207252
648.85, 12.619, 2.45197
637.559, 42.6221, -2.2924
631.428, 44.1124, -0.837017
621.925, 17.7935, 1.62698
630.756, 23.0416, -0.394589
638.125, 30.8765, -2.48713
629.523, -47.5847, 0.172269
652.337, 26.3699, 1.88123
606.207, 12.2456, 1.64525
651.472, 22.2544, -2.6998
614.819, 54.3904, -2.34229
624.835, -48.0854, -0.962395
610.88, -38.5283, -0.08769
598.396, -38.5553, -2.53264
587.288, -72.4924, -2.69032
583.451, -25.2904, 0.796514
637.182, 47.5198, -2.96423
578.163, 4.34665, -1.39204
619.978, 73.3371, -3.05682
578.204, 4.74692, 0.317855
577.338, 2.97259, 3.04497
509.684, -18.9747, 3.12961
539.556, -48.2016, -3.11436
576.628, 2.81109, 2.94307
502.511, 2.85486, 2.42585
538.913, -36.5089, 1.95028
560.302, -56.6086, 0.738958
522.009, -40.7777, -1.40139
516.396, -34.419, 0.980221
639.911, -6.25731, 0.847273
612.359, -53.5026, -2.41108
603.494, -39.2268, 0.474733
601.932, -39.0253, 2.06076
619.298, -54.8442, -2.20111
596.443, -37.6742, 0.0156898
631.743, -54.5057, 2.32649
583.457, -3.93263, 0.0282979
611.03, -26.7022, -1.25829
630.852, -16.1376, 3.09719
621.056, -37.253, -1.3221
612.445, -25.4739, 2.65163
633.892, -21.3395, 0.360705
518.09, -24.0014, -2.19024
509.089, -29.289, -1.06132
503.675, -28.5488, -0.160925
529.689, -11.2685, 2.8689
533.785, -3.60185, -0.0931631
527.876, 0.255713, 0.111908
517.597, 3.5333, 2.87431
577.901, -3.11483, 2.59992
577.128, -0.00875214, -2.84405
640.619, -42.6683, -1.35555
636.388, -41.4913, 2.3098
581.703, -3.49756, -0.421095
629.787, -36.3379, 1.90718
583.73, -5.82753, -2.02063
577.951, -2.83513, 1.68509
576.735, -2.6881, -0.76713
576.154, -3.77969, 2.73101
576.904, -3.28156, -1.01954
576.026, -3.79367, 2.12903
576.315, -2.46464, -1.51277
574.954, -2.76582, -1.86357
577.144, -3.53429, 0.969208
576.131, -3.81647, -2.57595
576.195, -2.87512, 0.31948
575.898, -3.29424, 2.41659
575.124, -3.09061, 2.85732
583.422, 27.6862, 2.51994
593.553, 74.0991, -0.166888
591.675, 66.2839, -0.682618
589.585, 71.2917, -0.775909
594.722, 60.695, 1.33721
574.728, -2.83949, -0.073282
586.494, 34.7983, 0.464468
592.951, 44.1933, -1.98982
573.721, -2.36256, -0.876723
573.641, -2.61742, 1.38906
521.267, -61.112, 3.10434
553.64, -22.3978, 0.434277
545.197, -31.5709, -0.625828
521.497, -52.0527, -1.85652
580.942, -54.9914, -1.71992
572.099, -3.33358, -0.334081
572.503, -3.66764, -3.00414
573.003, -4.38651, -1.2237
626.917, -38.3483, -2.06864
554.945, -67.7614, 0.46908
569.09, -45.9752, 2.25837
565.761, -59.006, 1.34644
560.583, -62.2447, -3.01393
541.791, -54.8959, -2.84299
555.02, -61.5404, 0.59895
569.836, -8.8688, -0.175808
523.68, -66.3057, 1.95943
609.589, -75.2395, -0.873764
600.559, -65.8236, -1.47555
603.475, -79.1419, 1.7602
630.096, 49.7512, 1.86557
614.819, 61.4125, 1.58981
619.102, 62.5058, 1.32973
614.527, 54.9762, -0.321467
621.149, 60.8828, 0.77265
599.496, 33.2017, -1.42456
599.445, 31.0485, -2.0986
543.297, -17.1386, 2.05628
518.259, -39.3973, 2.56593
537.815, -27.8733, -0.874124
504.17, -33.7471, 2.20325
505.317, -38.4688, -1.07502
572.648, -3.03381, 2.90621
623.685, 24.5983, 1.29274
619.562, 10.464, 0.597399
642.945, 4.55503, -2.15707
637.345, -18.0072, 2.25218
652.845, -3.88797, 1.80948
643.007, -12.8513, 2.28069
636.582, 29.1726, 1.06731
549.27, 70.7207, -0.552778
578.384, -0.640009, -0.331902
575.901, -4.15516, -2.75077
576.066, -82.3147, -1.55816
610.072, 16.6083, -2.19935
620.639, 45.2483, 0.0895226
638.321, 35.6687, 2.12247
617.488, 57.5238, -0.795799
577.566, -1.51169, -2.29185
574.861, -2.74499, -1.82037
618.711, 37.7211, -0.890112
577.439, -1.12784, -1.81523
628.303, 48.7953, -0.460233
579.571, -2.56333, 0.639577
577.941, -2.67447, 0.177067
555.578, -74.6628, -1.09757
576.639, -3.87526, 1.55874
577.936, -2.48594, -1.33207
576.285, -4.01951, 0.786156
576.625, -4.81641, -2.81689
576.048, -4.18175, -2.52729
576.715, -4.93246, -1.53684
576.656, -4.57643, 0.576826
520.836, -22.0284, 0.614652
516.251, -15.7119, 2.99535
574.613, -6.15171, 1.59738
572.548, -7.09231, 2.02089
574.222, -7.18252, -2.04058
573.778, -7.92065, 2.48657
574.338, -6.93823, -2.82814
575.083, -6.84662, 2.48516
572.312, -7.29074, 1.12302
572.961, -6.90408, -0.353855
574.887, -5.78883, -1.11453
573.65, -6.86107, -2.01808
573.913, -7.02299, -0.0771209
572.1, -7.01848, 2.82106
574.009, -7.03397, 2.42885
573.867, -7.87808, -2.62541
573.479, -8.20904, -1.50113
573.669, -7.21537, -2.37054
574.486, -6.8028, -0.489848
566.489, -2.75965, 2.88979
571.324, -5.00383, 1.32591
565.622, 38.9552, -2.82229
573.459, 46.3836, 0.914252
569.843, -3.95207, 0.570596
559.614, 0.551533, -2.76279
570.277, -5.47351, -1.21156
569.314, -4.18506, -1.25371
570.786, -6.0714, 1.21089
569.522, -4.62985, 0.0369838
568.098, -3.65214, 0.746512
570.79, -5.61732, 0.941795
566.913, -3.46338, -0.128579
561.666, -0.554884, 0.0646751
559.523, 0.566976, 2.54819
560.698, -0.737796, -0.424406
568.926, -3.73043, -1.87217
561.284, -0.285843, -0.129944
568.603, -7.07923, 0.662045
567.163, -3.42842, -2.76895
562.605, -15.6158, -1.05982
559.675, 0.677437, -1.32377
566.675, -3.07088, 0.656333
561.591, -13.4496, -1.47426
560.376, -14.2498, -2.41361
560.759, -14.1407, 0.279299
566.875, -2.75586, -0.743942
565.351, -2.35288, 0.534483
559.557, -0.277728, -2.59733
561.408, -13.9661, -2.60731
560.249, -0.0898381, -0.669153
566.298, -2.94326, -2.98278
566.84, -3.4966, 0.119486
559.25, 0.229971, 1.21046
563.778, -1.45178, -2.07446
563.772, -1.59209, 0.0777432
564.567, -2.57421, 1.59085
561.8, -0.979133, 0.0857914
559.046, 0.591724, 3.05433
559.672, 0.615666, 3.09147
561.361, 0.301325, 2.43011
562.83, -0.838621, 0.198746
562.253, -0.709277, -1.91432
560.197, 1.08972, 2.82118
559.08, 0.555428, -1.1502
563.876, -1.47536, -2.66326
560.031, 0.336266, -2.82022
559.998, -0.175841, 2.58476
561.217, -0.136793, -2.6876
561.586, -0.606881, 0.567133
561.508, -0.559579, 2.23212
560.317, 0.891814, 1.48079
559.556, 0.457266, -0.4542
562.186, 0.0911294, 1.07616
559.987, -0.430854, -0.241506
559.816, 0.865568, -1.33408
561.951, -0.645681, 0.556332
562.779, -0.34678, 1.92329
561.007, 0.00565152, 2.84583
560.351, -0.349661, 2.61482
560.258, 1.1302, -2.57989
561.843, -0.0792241, -2.02029
560.832, -0.264915, -1.94441
560.317, 1.30113, 1.68302
560.567, 0.800022, -2.8325
559.825, 0.912192, 0.256979
560.129, 0.743037, -1.761
559.693, 0.690588, -0.820059
560.219, 0.638597, 1.28154
550.041, 3.42568, -2.33711
560.021, 0.372728, -1.02704
553.599, -1.3804, 2.47682
555.106, -0.0994307, -0.161025
560.558, 0.644038, -1.34161
554.421, -0.460963, 2.37944
572.518, -6.44799, 0.0493657
552.959, 0.0924752, 2.46027
573.799, -9.20262, 1.21869
563.453, -1.36315, 0.906952
563.735, -2.01941, 0.206057
564.23, -2.85011, 1.19058
567.364, -4.91405, 2.86693
561.57, -0.60402, 1.77728
566.478, -5.24067, -1.87158
561.846, -1.76209, -1.83107
565.675, -4.17958, -1.67217
568.484, -7.31147, -3.00351
562.131, -0.774568, -1.77473
564.556, -2.89806, -3.11336
570.467, -9.724, 2.54196
563.839, -2.35421, -0.390686
564.315, -2.45498, 1.86486
573.254, -12.5329, -3.11694
563.806, -3.36197, 0.287927
563.233, -2.39242, -1.53166
565.638, -3.79719, -2.70697
572.271, -10.806, 2.13983
568.194, -6.49258, -2.86234
566.153, -3.95898, -1.63844
565.827, -4.25221, 0.444387
572.028, -9.78458, -0.132546
567.281, -5.01598, -0.529194
567.328, -5.68116, -1.18424
568.65, -5.89486, -2.51876
571.364, -9.67884, 1.08677
564.572, -3.25008, 1.09646
570.627, -9.10814, -1.71641
571.62, -9.40986, -2.80394
570.366, -8.38496, 0.424395
573.16, -11.0146, -1.84485
573.933, -11.5496, -3.03978
571.293, -9.55175, -2.83949
569.272, -7.47269, 2.62834
572.126, -10.1179, 2.48127
567.238, -6.87148, -0.491359
570.028, -9.59087, 0.950207
570.17, -8.3696, 0.899199
571.418, -9.92219, 1.95979
568.218, -6.97479, -2.66984
560.227, -14.0254, -0.476384
569.766, -7.56517, -2.27881
570.997, -7.94437, 0.244708
570.909, -8.58684, 0.93315
563.348, -11.0864, 2.94003
564.901, -9.97577, 0.544414
562.845, -11.6864, 0.680233
561.741, -12.4043, 1.31798
561.785, -14.0893, -0.566965
565.735, -9.19341, 2.39457
561.763, -13.4092, 1.0312
563.004, -11.398, -1.97776
561.205, -14.3484, 2.11404
560.068, -14.4115, -2.40307
562.556, -11.8692, 2.36671
560.277, -15.7055, -1.30794
562.793, -12.3072, 0.205995
561.246, -14.6226, -1.25692
563.734, -11.3998, -3.01517
559.459, -15.6872, -2.16337
563.07, -11.9081, 1.2158
558.4, -14.9953, 2.74199
564.408, -10.8613, 1.47598
564.201, -10.2164, 0.220704
561.433, -12.7943, 3.07151
561.172, -14.3748, -0.660298
558.479, -14.2981, 1.9228
561.443, -13.9498, -0.795661
561.264, -14.2304, -1.48623
560.911, -13.6981, 3.12973
562.489, -12.7707, -2.70849
557.881, -13.9136, 2.52282
561.473, -13.3277, 0.731756
558.719, -14.4121, 2.59614
558.307, -12.9299, 0.4328
557.71, -13.0311, -1.08941
559.759, -13.3704, -1.33689
559.77, -11.9026, -2.86516
560.058, -14.8998, 0.79755
559.005, -13.2184, 2.21713
559.118, -12.9976, -0.737993
554.636, -12.35, -1.97619
560.438, -12.6698, 0.130295
560.329, -12.3502, -2.62004
557.256, -12.9386, -1.04685
559.065, -14.1032, 1.37172
558.211, -14.191, 1.87474
561.865, -13.2748, 0.0259526
559.329, -14.8483, 2.35422
560.709, -13.0606, 0.877598
558.634, -14.3607, 2.45757
560.457, -13.0584, -2.74278
560.449, -14.5289, 2.26542
556.042, -12.6195, -2.47836
561.089, -14.2777, -0.944669
559.86, -15.5885, 2.76424
559.983, -15.1483, -2.5518
560.323, -14.4014, 0.954143
558.515, -14.1855, 2.24269
559.434, -14.8955, -1.24631
563.681, -19.8676, -0.624564
560.786, -16.0675, 2.84846
563.826, -19.1967, -3.11095
561.493, -17.5987, 2.40869
560.165, -15.2217, -1.24948
560.691, -16.5835, -1.69357
571.943, -32.0644, -1.58664
575.838, -38.375, -2.36991
564.432, -21.6658, 0.31152
564.128, -20.6085, 2.30584
563.758, -20.666, 2.59101
565.248, -21.9796, 2.04902
573.861, -35.0457, -1.98976
562.116, -19.1608, 0.874408
567.05, -26.1728, 0.370559
563.142, -19.645, 0.922719
573.487, -36.8909, -1.8642
564.39, -22.2854, -1.53323
564.073, -22.367, 0.788856
565.577, -24.5785, -2.83572
573.851, -37.4298, -0.413011
573.268, -38.1713, 1.36869
567.928, -28.621, 1.66016
572.144, -35.5678, 1.97025
564.766, -23.6173, -0.380021
570.731, -33.4019, 0.650307
570.955, -34.3925, 2.39353
565.885, -25.0841, -1.36447
572.106, -37.1707, 2.48867
566.62, -26.5004, -0.200396
566.631, -26.3489, 0.0641229
571.176, -35.2172, -1.89724
566.842, -27.3965, 0.653043
563.254, -21.1363, 2.07797
569.639, -32.3831, 2.06224
564.704, -21.9677, 1.2632
564.682, -22.8598, -1.29369
563.812, -21.4423, -1.12415
566.307, -26.2869, 0.383166
568.179, -20.1329, -0.663979
570.695, -33.1005, -2.45097
575.361, -15.8359, 2.32304
574.237, -37.9518, -0.938779
567.771, -27.8313, 1.23601
571.393, -33.597, -0.585201
565.181, -23.8782, 2.95665
574.604, -38.7896, 2.52489
567.429, -27.8124, -2.47631
570.097, -32.361, -2.46649
564.837, -23.3002, 2.83183
567.379, -28.1136, -3.05843
566.012, -25.6515, -2.73505
569.322, -30.8055, -2.52392
573.035, -37.1135, -2.02574
574.519, -38.3555, 2.89279
567.988, -28.1532, -0.0128039
570.019, -30.6013, -2.161
567.018, -27.3527, -1.22933
569.757, -31.7533, 0.767223
565.934, -28.6814, -1.65652
568.509, -28.521, -0.635613
566.819, -26.9734, 0.308675
567.377, -26.6685, 2.20696
566.833, -27.7681, 0.351961
568.46, -28.8896, 2.6417
574.398, -38.5063, -2.6936
573.629, -37.9472, 0.813471
573.361, -36.9979, -1.67467
570.507, -31.3941, 3.13414
575.124, -37.9197, 3.05221
574.099, -36.8367, -0.926241
570.202, -31.5188, -2.91138
570.029, -30.7439, -2.04924
572.439, -33.9522, -1.3207
572.277, -34.3196, 0.678278
574.728, -37.673, -0.1993
568.726, -29.4605, -1.19341
571.445, -32.709, 0.988606
572.339, -33.5696, -3.11369
574.982, -37.1802, -2.74504
575.071, -37.9948, -1.36043
574.008, -36.1452, 3.01278
573.311, -35.9736, -1.16405
574.69, -36.3377, 3.00057
570.472, -31.5952, -1.77407
575.358, -37.4138, -2.24259
575.676, -37.3858, 0.753473
573.968, -35.3704, -2.51375
571.237, -32.8617, -0.11652
574.707, -37.1798, -1.62081
574.772, -34.4479, -1.61069
571.936, -32.554, -2.73393
572.466, -33.5581, -2.23524
573.7, -32.9807, 0.653732
574.054, -36.1605, -2.1375
573.638, -32.4851, 2.77341
573.416, -34.7234, 0.0535049
574.176, -34.5106, -1.80195
576.248, -35.1812, -2.94397
574.789, -35.4282, 1.25841
575.801, -35.9977, -2.59889
576.39, -31.8138, 1.31265
576.233, -36.291, 3.06857
575.996, -34.5297, -2.49674
574.706, -36.2897, 1.44344
575.273, -35.6532, 2.82438
574.86, -35.5272, -0.904929
574.418, -35.6764, -2.96742
576.492, -37.5099, -0.33152
576.499, -36.6378, -2.56866
576.262, -34.5551, -2.60592
574.326, -35.4962, 0.748668
575.82, -29.6363, -1.20252
574.838, -29.8323, 0.28465
575.883, -35.2816, -1.04096
574.957, -32.6669, 2.4901
575.468, -35.8443, -0.323739
575.634, -35.0118, -0.340143
577.212, -32.0935, -1.71914
574.993, -32.4906, 0.339666
576.493, -33.6651, -1.04927
576.208, -32.3447, -2.14553
573.848, -31.5803, -0.015938
576.973, -31.9152, -1.41228
575.791, -33.6081, 0.351739
576.109, -31.5239, -1.65368
574.68, -31.4506, -1.26645
575.744, -32.5807, -2.56591
573.436, -31.0947, 0.628806
575.06, -32.5789, -0.928206
577.321, -28.7653, -1.23265
577.222, -31.3201, 1.90958
575.839, -31.1287, 0.454507
575.343, -32.4978, 0.12055
572.252, -31.1299, -1.87718
577.454, -30.439, -2.39243
577.222, -31.9986, -1.56634
582.24, -28.1048, -0.618419
582.733, -27.9418, -3.06846
576.318, -30.9881, -0.815241
578.832, -28.9014, -1.28382
582.835, -28.3313, 0.82804
584.988, -27.6644, -1.50474
577.263, -29.2386, -3.02365
583.149, -26.5417, -2.95702
584.827, -27.0643, -0.565611
584.24, -25.6929, 1.65094
586.33, -26.1766, 1.04779
580.418, -27.1371, 2.06448
584.045, -25.5267, 1.13544
582.244, -28.3294, -2.48758
579.058, -28.4811, 2.26452
581.4, -28.3751, -2.99667
581.634, -26.6094, 2.32392
585.211, -26.9005, 2.62112
585.103, -30.0609, -2.85661
582.195, -28.3438, 1.29945
585.069, -26.2429, 2.42076
586.821, -30.0196, -2.18239
603.017, -36.5398, 0.326457
582.128, -25.786, -2.60641
580.334, -27.5789, -1.34399
596.238, -34.5759, 2.8773
582.639, -28.1169, 2.67851
596.899, -35.4149, -2.07227
583.217, -24.8724, -0.938569
592.023, -33.3638, -0.319243
643.993, -72.0337, -1.92669
583.699, -24.4782, 3.05874
638.117, -55.8881, 1.95633
654.474, -58.9214, -2.87602
646.884, -60.4636, 2.97425
637.844, -53.7463, -0.208535
585.779, -25.0684, -2.76093
585.101, -24.8991, -2.28369
632.768, -63.2178, 2.3215
614.14, -50.6473, -0.134117
586.558, -24.9976, -0.628942
585.899, -26.0209, -0.290912
585.984, -25.4204, -1.13386
586.964, -25.5498, -0.495995
585.882, -24.1021, 2.911
624.5, -87.6864, 0.648648
623.118, -88.7911, -1.79205
587.234, -25.3541, -1.51431
579.97, -98.4004, -1.39916
611.098, -80.6677, -2.23886
613.594, -93.1729, 0.402434
567.485, -99.7744, 2.78568
574.32, -63.1891, -2.12305
567.344, -97.4747, 1.60045
591.633, -87.0384, 2.86124
581.85, -86.3811, 2.87373
585.084, -60.6094, -2.76052
572.982, -76.5481, -0.176191
572.006, -90.0508, -0.646971
564.061, -67.1169, 0.0181237
578.293, -36.7779, -0.160025
554.244, -70.8195, -1.94249
555.547, -48.0865, -1.91093
563.673, -69.6848, -0.255648
575.081, -36.5958, 1.70392
564.452, -78.0131, -3.10468
599.388, -100.934, -1.5994
589.41, -39.3795, -1.47379
588.2, -105.522, 2.27155
546.944, -93.5578, 0.347422
562.467, -83.7497, -1.66764
558.391, -67.88, 2.50699
557.727, -94.5572, -3.11301
530.878, -77.495, -2.38489
567.104, -43.1906, -2.0618
568.895, -39.6217, 1.12674
526.123, -50.7519, 0.595072
525.902, -52.36, -0.939941
589.664, -29.7805, -2.27331
588.054, -29.5563, 0.0515204
585.755, -30.5743, -1.96897
589.035, -29.9592, 3.06233
523.935, -55.7867, 0.207779
594.011, -31.3448, -1.2292
594.513, -30.6161, -0.754492
596.78, -30.4496, -3.12468
590.869, -29.943, 0.046188
605.748, -30.6279, 1.59514
600.049, -30.825, -2.23526
603.955, -31.7064, -2.92244
594.65, -30.7116, -1.32362
600.422, -31.4313, -1.81998
594.539, -31.7116, -1.96472
604.584, -31.1022, 0.374281
602.355, -30.9628, 0.350141
599.384, -30.8352, -2.5462
600.909, -31.0338, 1.20946
596.981, -31.5032, -0.724151
598.058, -30.1689, 2.05644
603.946, -31.1597, -2.59243
596.761, -30.675, -1.07847
605.698, -29.4359, -2.34388
607.026, -28.8971, -2.67154
599.569, -30.1867, 2.53692
603.296, -29.4814, 2.65369
606.913, -27.3161, -0.185454
604.039, -28.7101, 2.5361
606.908, -28.9669, 0.816309
604.254, -30.1963, -2.44832
601.801, -30.7623, -2.74174
596.42, -30.4767, -0.339976
605.616, -29.3082, -3.03686
595.682, -29.5918, -2.8939
603.053, -29.4655, -1.65243
599.64, -29.3458, -2.08041
597.147, -29.7201, 2.79493
606.468, -28.9196, 1.14435
607.262, -29.7497, 0.0848817
604.013, -29.6911, 2.13042
601.3, -29.6022, 1.3177
602.408, -30.0681, -1.18646
602.94, -28.7985, 0.675036
605.142, -29.466, -1.93102
604.448, -29.5281, 2.17297
607.221, -28.8185, 1.03869
602.393, -29.0864, -0.655835
601.328, -30.1343, 1.22844
601.628, -28.9728, 0.623879
604.584, -28.7924, 0.664892
600.562, -29.7219, 0.741702
603.915, -29.7691, -2.40006
638.804, -1.23596, 0.34964
661.499, 20.3533, 3.06261
604.101, -29.2496, 1.88316
650.999, 20.0289, -0.113196
623.573, -1.74718, 0.330852
614.25, -8.51577, 0.594423
636.756, 13.75, -0.673524
638.973, 26.8114, 1.58484
635.113, 32.8542, -0.483646
631.721, 42.4723, -0.738093
622.464, 28.6308, 0.962511
603.954, -29.6343, -1.56849
606.559, -29.7273, 2.4366
605.94, -29.291, 1.72692
605.594, -29.3078, -1.84728
607.227, -29.6133, -3.13826
604.514, -29.2167, -0.19277
607.261, -29.7111, 0.22105
605.838, -28.747, 1.72014
606.781, -28.8899, 0.0281669
606.328, -28.8974, -1.37143
606.226, -28.9992, 2.78965
606.638, -28.5168, 2.65241
606.482, -28.3332, -0.281816
607.156, -28.7279, 0.838517
607.072, -29.1781, -0.0148384
606.446, -29.265, -1.3233
606.923, -29.3883, -2.37918
606.693, -28.3879, 0.195413
585.566, -36.6263, 0.702496
590.527, -34.0058, 3.05755
570.338, -39.7721, -0.754553
593.535, -30.4712, -1.62936
593.87, -28.9757, -2.74664
593.458, -27.8481, -2.31104
588.126, -27.1511, -3.10515
601.426, -28.2407, -2.72817
585.259, -26.9314, -0.451741
602.25, -29.1, 0.174874
582.994, -25.859, -2.87776
555.098, 20.0509, 0.469593
564.281, 36.8267, 1.6116
577.105, 15.9241, 2.41952
592.867, -11.3758, -1.56594
575.901, 35.1157, 2.53004
589.697, 45.5728, 0.335363
597.968, 2.34986, 0.869716
595.719, -26.9532, 1.83808
583.761, -24.1596, 2.70494
597.954, -27.2059, 0.0514837
589.996, -25.7256, -2.52784
601.598, -28.6946, -1.11776
592.59, -26.4639, 1.84002
598.007, -27.4121, -2.33571
593.273, -26.5811, 0.626018
593.198, -26.3958, 0.00521814
588.494, -25.7182, 3.05449
583.93, -24.8782, -1.29082
599.841, -27.8664, -2.14286
590.586, -25.4277, 0.293661
584.639, -25.1783, -2.84526
591.741, -26.131, -0.0135519
581.475, -22.49, 2.47754
520.376, -26.535, -1.85862
593.185, -26.1903, -2.06893
596.268, -26.6919, 2.5438
530.438, -27.554, -1.28405
595.358, -26.8747, 2.6479
545.748, -16.0391, 1.12474
582.677, -22.8881, 2.54343
586.349, -23.8237, -1.72084
585.341, -22.6573, -2.33003
584.361, -23.5625, 0.0857246
590.458, -25.5453, -0.480275
596.364, -27.4436, -2.18748
593.656, -26.7677, -0.0315298
590.668, -25.0039, 0.757586
589.775, -24.971, 1.39334
582.756, -19.8235, -2.44621
589.005, -23.9165, 0.0934286
593.378, -27.7104, 3.02946
590.372, -24.7226, -2.28123
593.074, -28.1195, -1.77214
589.422, -24.0537, -0.951727
588.14, -23.6029, 0.215816
593.337, -25.8752, 2.37845
584.037, -21.7091, 0.588595
584.963, -22.8141, -0.101601
588.098, -23.8226, 2.67057
584.232, -21.9667, 0.781688
592.853, -25.4521, 1.05363
585.606, -24.2284, 0.740218
590.821, -25.015, 0.255218
590.608, -24.8123, 0.538841
548.06, 21.1813, 1.69046
586.523, -24.0821, -2.00665
585.257, -23.4742, -2.25766
583.325, -21.8334, -1.91461
589.026, -24.2553, 0.482629
587.721, -24.4446, 0.264067
586.253, -22.2869, -2.49832
548.747, 30.9998, 2.23796
548.482, 37.6527, -1.3136
561.703, 13.0349, -1.13455
584.909, -22.6204, 1.45663
579.101, 2.50531, 2.80638
586.502, -25.3171, -1.12378
583.764, -20.5521, 2.5131
587.539, -24.7679, -1.25455
586.898, -25.1814, 1.39792
587.465, -25.5904, -0.258952
513.9, -30.8654, -1.39424
525.326, 20.6558, 2.9824
532.174, 13.6503, -1.137
522.53, 9.50754, -0.953733
557.964, -30.398, -1.67394
537.12, 1.06792, -0.334228
549.155, -13.7527, -0.918822
628.881, 11.7767, -0.426569
508.842, -30.8681, -0.473329
533.156, 31.313, 0.00193575
530.33, -8.07377, 2.4412
534.847, -22.8326, -1.58098
531.675, -18.6845, 2.8773
649.752, -2.99321, 0.396512
531.419, -34.3492, 1.67132
512.13, -48.0847, -2.3972
629.908, 13.6279, 2.27246
587.022, -18.6276, 2.73176
585.167, -20.7673, 2.36884
583.41, -21.2295, 3.05802
555.751, -75.5602, 0.283562
567.103, -99.2979, -2.11785
560.447, -52.6458, -0.259788
561.377, -56.4512, -1.44418
566.074, -70.8987, 2.2049
570.947, -65.5093, -2.36857
528.764, -52.3968, -2.52431
532.854, -64.2901, -1.37527
524.261, -65.0313, 0.298545
538.62, -63.6706, 0.710849
582.587, -19.87, -2.69635
582.963, -19.5083, -0.631244
582.694, -20.0228, -1.85108
541.142, -67.0739, 0.867122
574.61, -24.466, -1.42089
575.316, -23.7274, 1.72782
575.198, -24.8879, 1.22392
575.711, -25.4092, -0.053992
576.872, -24.683, 1.27976
576.775, -23.6388, 0.392386
579.64, -24.4826, -2.19189
577.165, -24.4292, 2.46842
577.94, -23.2688, 3.09614
578.065, -25.7897, -2.82008
579.353, -22.9369, -0.225493
575.903, -26.9997, 0.321759
570.213, -84.4843, -1.39774
567.563, -100.72, 0.178061
604.984, -65.3418, 1.41486
601.38, -71.3727, 2.32609
616.823, -74.8458, 1.36058
614.382, -75.4221, 0.338014
615.36, -68.3227, 1.0878
578.055, -24.374, 0.560883
577.902, -24.6729, -1.36321
576.909, -25.5367, -2.14598
577.565, -23.8686, -0.766054
575.919, -26.9002, 2.4646
578.295, -25.1099, 1.0389
576.443, -23.7344, -2.48458
574.982, -25.5587, 0.343674
575.432, -25.476, -0.634936
575.479, -25.2874, -2.76479
576.405, -26.2243, 0.0163697
574.454, -23.3927, -1.26033
575.292, -23.3336, -2.77491
577.029, -23.6728, -1.44735
576.892, -23.0817, -2.87272
574.975, -24.4314, 0.409899
575.3, -24.1474, -0.757998
572.222, -19.0066, -1.54044
565.808, -6.91079, 0.30317
568.022, -12.0601, -2.37845
563.084, -4.25927, 0.135467
564.564, -6.05864, 1.97586
573.405, -21.9334, 2.96999
571.703, -19.6959, -1.63585
571.701, -19.395, 0.870623
561.642, -6.61632, -1.05425
561.594, -5.69523, -1.28826
569.204, -16.403, -1.26939
564.955, -9.9239, 1.8284
564.849, -9.95248, 2.82078
571.084, -18.8213, 0.322715
569.144, -16.1537, -2.36212
569.037, -16.5015, 0.39013
565.434, -10.5328, 1.28415
568.589, -15.445, 0.361818
558.72, -0.901652, -2.76532
561.102, -4.32296, 0.974131
569.347, -16.1401, 1.95205
565.762, -9.90985, 1.71618
559.862, -1.40161, 0.569526
565.697, -10.6955, -2.43788
565.378, -8.94368, 3.05112
560.792, -1.42035, 1.24093
570.695, -18.4907, 0.628694
563.447, -7.01375, 1.8823
569.597, -16.6783, -0.766141
562.486, -4.3618, -2.84028
563.777, -4.84466, -1.60693
567.808, -12.6561, 0.22683
569.786, -18.3198, 2.19573
566.984, -17.925, 1.20854
567.252, -17.9887, -0.212485
567.807, -17.7958, 0.846948
562.1, -20.3001, 1.45678
567.147, -18.3875, -1.64163
567.076, -18.6328, -0.376336
567.261, -18.8808, 0.376585
562.63, -19.2448, 2.61537
562.743, -19.3628, 1.47366
565.724, -19.2854, 1.71304
562.395, -19.1096, 2.88174
563.965, -19.3055, 0.143765
563.007, -18.9543, 0.82456
564.922, -18.9705, -0.257348
562.83, -20.0194, -0.727636
564.938, -19.0341, 0.452158
564.44, -18.9914, -3.02001
562.339, -20.2525, 0.228499
563.208, -18.814, 2.51303
563.421, -20.0789, 1.56906
562.824, -20.3207, -2.50144
563.345, -19.544, 2.75888
563.104, -21.059, -0.593945
562.032, -20.0226, -0.0850266
561.896, -19.2084, 1.05661
615.898, -79.6149, 2.76342
562.128, -19.6116, 2.05871
562.504, -20.3366, -2.83711
562.786, -20.3515, -1.01854
563.147, -20.5247, -1.581
562.38, -20.6947, 1.22191
563.309, -15.2526, -0.140186
563.081, -20.7785, -0.0754681
562.597, -18.4763, 3.0567
562.168, -10.0067, 2.21444
562.714, -16.8567, -2.11976
562.619, -16.8696, -1.07104
562.145, -11.4092, 1.41074
562.399, -16.167, -1.0329
561.078, -10.1578, -2.46171
562.606, -16.6691, 0.536433
562.419, -16.8144, 0.808421
561.955, -13.7075, 2.18651
561.132, -15.3693, 1.81202
560.71, -9.95378, -2.32828
561.367, -13.2871, 2.93149
561.969, -14.4666, 0.813788
561.903, -14.9391, -1.72243
560.868, -12.1945, -2.19474
561.221, -12.8206, 1.27177
560.497, -12.5524, 0.123954
559.845, -10.1348, 2.55244
558.869, -16.5232, 2.18247
560.168, -10.0536, -0.683568
555.973, -16.5936, -2.34221
561.576, -14.556, -2.51456
561.627, -16.3948, 0.835506
559.944, -15.828, -0.061761
512.834, -73.4665, -2.65407
519.243, -69.5423, 1.86723
521.824, -66.733, 0.0818059
516.153, -78.4356, -0.161489
518.303, -79.4506, -0.921623
558.23, -15.891, 0.226373
556.824, -16.0388, -2.53179
557.322, -15.362, 2.37576
556.508, -15.5831, 0.574145
557.423, -15.5894, -2.28656
557.379, -14.743, -2.08191
556.927, -14.0604, 1.08925
557.323, -14.4873, 1.26868
557.487, -15.2453, 1.75812
557.258, -14.0118, -1.46216
557.255, -15.4214, 2.68641
555.542, -15.5847, -2.23987
555.213, -14.8242, -1.7901
555.23, -15.4048, -0.463253
556.223, -15.4327, 1.32712
555.051, -15.0114, 1.2447
555.959, -15.6337, 3.08034
555.389, -15.1217, 0.136647
555.111, -15.5257, -1.37132
555.715, -15.1227, 1.96825
555.769, -15.9119, -2.04201
519.35, -73.9976, 0.423619
555.645, -15.9623, 1.38983
555.793, -15.5994, -0.27577
572.09, 51.6848, 1.01078
577.402, 56.8676, 0.491098
578.055, 51.0578, 1.56612
555.212, -14.2271, 2.16554
555.343, -13.057, 2.34412
557.727, -16.923, 1.45877
560.265, -18.7102, 2.49965
557.921, -16.948, 1.41445
583.365, 55.7611, -1.79403
555.696, -14.7516, 1.11672
558.81, -16.8881, -2.42275
560.857, -16.854, -2.42398
562.476, -17.1382, -1.81067
559.576, -16.102, -2.26251
557.993, -14.7951, 1.81381
561.502, -15.598, -2.93697
559.253, -15.4229, -0.447815
556.061, -15.3954, 2.00858
562.321, -15.6628, -1.65314
560.648, -15.9948, 1.22077
557.6, -15.7971, -0.731525
562.713, -16.8, 0.780674
556.85, -15.5445, -1.67665
561.106, -16.2676, -3.01215
562.083, -16.5432, -0.518815
562.713, -16.1524, -1.83199
557.499, -13.0191, 2.78583
557.75, -14.4874, -2.22903
558.013, -13.6814, -2.5409
557.864, -13.1477, -0.647802
557.893, -13.3771, -0.927855
557.87, -13.0977, 2.4713
558.035, -13.0995, 3.03427
557.968, -11.7555, -1.64009
558.003, -11.6304, -1.34854
557.969, -11.3348, -0.667745
504.621, 25.8229, -2.05481
487.45, -1.25997, 3.1305
497.07, -7.10489, -1.38911
510.39, -10.7358, -0.191287
557.751, -11.6061, -0.0682919
562.169, -10.2472, 2.39473
561.487, -11.6097, -1.40733
618.89, -64.6267, 0.313546
561.95, -11.1745, -3.00677
561.15, -10.5957, -1.14858
562, -10.5536, -2.38698
563.179, -10.8495, 3.1309
559.837, -10.8502, 2.49233
560.894, -10.4126, 0.837397
564.019, -10.6486, -2.44543
561.81, -9.5214, -1.73139
563.081, -10.7907, 3.04478
563.88, -11.0817, 1.55301
563.395, -10.9359, -1.27524
563.418, -10.1603, -0.860003
563.133, -9.70175, -2.41998
561.826, -9.41517, 1.78378
563.843, -11.6742, 2.83183
556.632, -86.3723, -2.42109
532.418, -60.1147, 1.58227
545.306, -35.4611, 2.92608
563.99, -15.5384, 0.844038
529.71, -43.9253, 2.37884
561.995, -11.455, -2.33912
564.016, -11.8071, 1.78286
564.335, -17.5256, 2.17631
563.925, -12.8444, 1.36855
563.447, -12.8803, 1.20113
563.923, -17.2108, -2.67937
565.172, -19.8855, -3.01568
564.763, -20.694, 2.84793
565.305, -21.1192, 1.5738
564.375, -16.8247, -1.54626
495.471, -52.5104, 2.08078
565.265, -19.2458, 2.11904
564.851, -19.949, 2.62352
564.72, -19.6808, 0.704656
562.428, -16.1254, -0.562041
565.126, -21.1995, 2.495
563.935, -15.5192, -1.49095
563.691, -16.0765, 2.8538
563.907, -15.8732, -1.45615
525.21, -81.0291, -2.10544
541.696, -53.8387, -0.722126
563.479, -16.5555, -0.761601
564.796, -17.4182, 0.463059
563.812, -16.0387, -0.349004
564.269, -16.5812, -0.552979
564.192, -16.0262, -3.09474
563.727, -14.5959, -2.24226
561.653, -10.1876, 1.10024
627.915, 34.8433, 2.61257
626.217, 19.4802, -0.919171
624.813, 6.62127, -1.1583
563.312, -14.9188, -2.35715
564.623, -13.3523, 0.690249
598.297, 34.0599, 2.64139
619.764, 43.3887, 1.52972
616.769, 37.8487, 2.31711
621.334, 28.6137, 1.38798
627.604, 4.80988, -1.64867
565.001, -8.81463, -1.59669
564.059, -11.8048, -0.307891
564.469, -13.5394, -0.20074
563.868, -12.5935, 0.113795
564.928, -13.2506, 2.62144
563.064, -8.76539, -1.76909
563.956, -11.2627, -2.18717
511.564, 33.1225, 2.45509
519.935, 22.5539, -2.97698
504.157, 29.7363, 0.889613
512.582, 15.5519, 0.484852
506.587, -6.22141, 1.00976
492.139, -29.0017, 2.14586
513.631, 2.90271, 1.41067
516.092, -23.3999, 2.54274
545.101, -16.352, -0.900545
562.174, -9.38376, -0.345832
562.46, -9.45003, 0.888269
563.813, -2.79094, 2.32708
563.323, -3.6142, 2.12771
563.278, -7.44268, 0.27098
563.221, -6.59877, 1.36256
588.968, 36.4428, -0.91615
607.233, 57.8829, 1.4293
615.196, 52.9324, 2.16759
605.502, 22.1306, -2.13285
592.036, 3.59126, 2.75711
615.987, 12.3406, -1.69236
630.467, 13.0729, -0.809245
562.929, -6.34976, -2.44578
562.539, -2.53669, 0.533966
563.107, -5.99623, -1.69399
515.466, 12.049, 2.43809
543.459, -1.13187, -2.9769
562.491, -3.11777, 1.40778
499.257, 2.4879, -2.71235
562.293, -2.67602, -0.223038
562.286, -4.60213, 1.07199
562.675, -4.46697, 2.80377
563.498, -3.6968, 0.748364
563.543, -0.29365, -2.90522
562.518, -3.81496, -1.625
562.697, -2.53597, 2.43393
562.808, -2.96078, -2.71476
565.375, 0.0932261, 1.63085
562.921, -2.40076, 0.652031
500.808, 36.691, 0.920433
562.891, -2.58613, -0.542107
564.41, 0.386776, -0.0436241
568.094, 64.4399, -2.95422
537.309, 55.4688, -1.82755
540.21, 19.9109, -0.543332
530.919, 11.9006, -2.17253
509.868, 41.326, -2.54204
534.26, 52.2454, 2.56125
527.105, 60.0374, 0.264043
532.114, 45.3363, 1.00589
513.502, 61.7769, 2.25428
510.997, 48.1293, 1.16321
566.036, 1.02448, -0.582205
566.078, 1.68382, 0.165244
572.61, 1.52344, 0.344116
565.296, 2.32264, 2.50625
569.728, 1.51071, 0.796873
567.783, 0.923017, 1.18478
573.061, 1.19557, -0.536836
566.452, 0.281842, -2.10533
565.146, 3.10651, -1.25108
572.665, 1.83831, 1.05679
571.228, 1.27166, 1.85229
565.057, 1.29748, 0.660356
564.711, 3.85824, 2.20785
564.469, 3.44042, -2.45731
564.541, 2.89375, -0.00341776
564.606, 2.86869, 2.33749
564.872, 3.67726, 1.59708
564.075, 3.45981, -2.4258
563.239, 3.2919, 1.92542
563.763, 3.80537, 0.809027
562.82, 3.06581, -2.62682
564.106, 3.39929, -0.571975
563.128, 3.82153, 2.46566
562.665, 3.64079, -3.13294
563.475, 2.77341, -1.4732
562.375, 4.42325, 2.71105
562.327, 3.90927, -2.26881
563.967, 3.55438, -3.11432
563.259, 2.80044, -1.70742
557.899, 6.33363, 0.493689
525.452, 61.4557, -0.704267
562.285, 4.58211, -3.02698
562.22, 4.35647, -1.84208
492.772, -36.176, -1.95405
563.632, 3.90523, -2.99052
496.499, -30.7637, -1.72867
562.694, 3.09165, -2.08955
505.869, -12.2387, -1.17714
567.107, -0.0916085, -1.20865
564.982, 3.00693, 2.32577
563.515, 2.93446, 0.628632
568.804, 0.856248, -3.05763
568.246, 0.459036, 0.00213409
569.927, -0.31477, 2.65178
567.488, 0.47708, 1.33328
569.942, -0.711385, -1.42426
566.306, 0.561074, 2.82939
564.748, 2.11532, 2.19393
562.138, -31.5547, 2.70909
552.688, -37.2301, -2.36342
538.413, -65.282, -0.701863
566.575, 0.237754, -2.31352
570.013, -0.752531, -1.90621
565.268, 1.55146, -2.16923
568.669, -0.707507, -0.509726
567.807, -0.0695772, -0.310987
564.965, -0.0204874, 1.68501
567.143, -0.426981, 2.25892
566.496, -0.361523, -0.101003
566.382, 0.167585, -0.669962
567.008, 0.270176, 2.34399
567.889, 0.63556, 1.49168
566.867, 0.0456705, -1.37556
568.91, -0.748599, -1.28361
566.969, 0.685471, 1.39393
573.185, -0.716724, 1.77238
567.496, 0.110782, 2.04063
568.705, 0.221537, 2.6701
571.38, -0.605298, -0.566958
568.605, 0.127667, 1.90949
568.375, 0.13929, -2.5938
568.07, -0.396297, -1.2343
573.394, -0.646712, -1.63381
569.404, -0.285113, 0.03529
572.429, -0.281548, -0.835612
568.946, -0.609931, -1.41207
569.372, 0.0151983, -1.83695
571.826, 0.0872498, -2.98033
571.181, -0.213645, 1.38891
570.367, -0.435952, -1.28512
573.117, -1.11037, -1.7413
571.462, -0.786201, 1.68307
570.127, 0.195042, 0.425962
572.335, -0.358111, 0.497955
571.12, -0.258011, 1.07862
572.232, -0.731767, -3.08851
573.295, -1.34842, 2.825
573.177, -0.149457, 0.943719
573.81, -1.02315, -2.14052
572.605, -0.211193, -2.06209
574.206, -2.48018, -2.32964
576.838, -5.80898, 0.54362
576.245, -5.77662, 2.84346
573.382, -0.243842, 0.232181
576.201, -6.20179, -2.12662
572.332, -0.643883, 0.488653
576.202, -6.26705, 0.640333
575.078, -5.69832, 1.70917
575.016, -4.23211, -2.03859
574.472, -5.36024, -1.96498
573.974, -4.1754, 1.44743
573.537, -29.5076, -0.0931045
574.506, -2.23149, -3.07505
575.697, -5.75464, 0.330148
570.422, -23.721, 0.265301
576.147, -5.3866, 3.12914
573.863, -6.07234, 2.16652
573.792, -3.22201, -1.48364
573.697, -19.5332, -0.0828046
573.578, -18.6913, 0.115874
573.978, -11.2677, 2.05211
578.028, -5.61447, 1.75272
576.183, -33.305, -1.86305
575.942, -22.1044, -0.65591
576.119, -3.45793, 0.740923
573.331, -4.80532, 2.59189
573.843, -4.24005, 2.4939
574.987, -4.39732, -2.22102
574.224, -3.46676, -2.28991
573.798, -11.7088, 3.01475
573.339, -3.1757, 0.80362
574.993, -2.92534, -1.02375
576.943, -2.89412, 1.70146
578.393, -2.94907, 2.46797
579.17, -6.52216, 2.13218
575.446, -4.15099, -0.607664
577.018, -5.14154, 0.335409
576.842, -4.24323, 1.20308
576.801, -5.06464, -1.76238
575.768, -2.9555, -2.15699
578.404, -3.81444, 0.903327
575.841, -4.10141, 2.70325
577.218, -5.70911, -2.1523
577.524, -5.93876, -2.5161
576.145, -5.32361, 1.43913
577.641, -4.05108, -2.25051
646.951, 25.5857, -1.86056
576.824, -5.32385, -2.86267
578.668, -6.18743, -0.675762
576.986, -4.62279, 1.16768
580.005, -6.00897, -1.77898
581.313, -5.73237, -2.66076
582.553, -5.06508, -0.430287
583.405, -5.40513, 3.11474
580.444, -5.45293, 2.40699
582.22, -5.74601, -1.56519
580.456, -5.364, -2.63737
586.46, -5.81026, 1.65338
585.089, -5.67701, 0.302621
586.306, -5.94192, 2.46138
585.768, -6.68201, -0.756224
581.726, -5.58726, -0.592768
580.318, -5.65154, -0.433205
585.431, -6.14643, 1.35751
583.361, -6.29158, -2.62758
580.435, -5.81116, -1.48218
581.415, -5.65065, -0.237045
584.107, -5.78034, -2.98137
585.862, -6.04468, -0.286469
585.887, -6.17142, -2.10211
582.999, -5.48981, 2.11694
586.499, -5.80158, -2.55262
586.939, -5.0317, -2.99846
584.679, -5.96433, 1.08056
586.985, -4.75796, -2.30418
585.42, -5.72252, -2.13657
585.78, -5.70955, -3.09361
586.898, -5.26161, -0.0729023
586.708, -5.43971, -0.464616
585.971, -6.18087, -2.08809
586.734, -5.09861, 1.89333
586.631, -5.57904, 1.98373
586.692, -5.17436, 0.423037
585.81, -6.16662, -0.0845664
586.539, -6.2, -0.190067
586.867, -4.65822, 1.95232
586.96, -7.03456, -1.23531
585.939, -7.60487, 0.506412
586.634, -7.43743, -0.645691
585.827, -9.77412, 1.07591
587.223, -10.2777, -1.43098
586.226, -9.35107, 2.61817
587.047, -12.4613, -1.20581
587.153, -10.6274, -1.70765
586.871, -10.0585, 2.93685
586.539, -9.01336, 2.29438
587.835, -11.7724, 2.68669
587.624, -12.8778, -0.89071
588.005, -12.6434, 1.73171
587.331, -9.97708, 1.02823
587.554, -10.1857, 1.74944
588.089, -13.3249, 1.70293
587.918, -14.0758, -2.6407
587.925, -13.4369, 0.915583
587.345, -11.0435, 0.46831
590.166, -11.1228, 2.61056
587.265, -13.8962, 0.864521
589.063, -11.5535, 2.31783
587.725, -11.0073, -1.62504
587.765, -12.9901, -3.03677
587.305, -12.4038, -0.0725554
588.019, -11.75, 1.87886
587.646, -12.3002, 3.08908
587.234, -13.6886, 1.13649
586.97, -13.3796, -1.92922
577.703, -14.8054, 0.985832
575.287, -15.5757, 1.84614
578.188, -15.9895, -1.79836
582.829, -14.7454, -2.61479
579.29, -16.2707, 0.645592
576.349, -17.5238, -2.22474
583.088, -15.492, 1.27977
578.086, -17.7489, 2.38511
576.2, -18.8876, -0.821855
580.581, -16.8179, -0.653799
585.344, -14.1722, 0.867107
584.206, -14.9342, 0.647953
577.142, -17.8768, 3.07606
577.472, -17.6822, 0.434353
576.474, -18.1532, 0.598048
580.716, -16.5358, 0.741479
580.17, -16.6679, 1.76133
577.95, -17.7429, -0.746165
576.879, -17.86, 1.62284
576.325, -18.0742, -0.127515
578.231, -16.7089, 1.49578
577.058, -18.0316, 0.0474842
579.246, -16.8122, -2.65969
576.998, -17.9359, -1.61575
579.193, -17.0151, 1.79937
577.768, -17.1557, -1.7632
577.567, -17.6523, 1.4252
580.187, -16.4779, 0.505635
576.943, -17.6583, 0.771891
576.376, -17.3077, 2.31432
577.718, -16.9715, 1.25746
576.323, -17.4307, -1.94321
578.594, -16.9516, -0.304299
578.688, -16.611, 1.5263
576.48, -17.1911, -1.38723
577.936, -17.0698, -0.607125
576.134, -18.4039, 0.238589
577.262, -17.0954, -0.344857
576.547, -17.9301, -1.54797
576.485, -17.9587, 0.335156
576.686, -17.4455, 1.20566
576.839, -17.9526, 0.40123
577.033, -16.9584, 1.97386
575.97, -18.375, -1.65943
577.018, -17.7866, 0.415543
576.427, -17.332, -0.345776
576.09, -19.6416, 1.1938
576.618, -20.6914, 1.87141
576.74, -19.7101, 2.75607
579.681, -28.4837, -1.91535
577.349, -21.8629, -2.07017
576.756, -19.859, -2.88419
580.237, -30.8139, 2.23003
581.137, -36.386, -3.07356
576.833, -21.9571, 2.08763
579.696, -36.1614, 2.17776
578.225, -32.7061, -2.00056
577.463, -25.1496, 0.938464
578.641, -32.2896, -2.23235
576.914, -23.7934, 2.43183
576.843, -21.3379, 2.63105
577.299, -26.0565, -0.989252
577.356, -32.1229, -2.68663
575.664, -31.7861, 1.82838
576.202, -20.2874, 2.72669
568.493, -32.1808, -1.80214
573.368, -22.1178, -2.21354
581.828, -32.6882, -1.56612
573.902, -13.1593, -0.123729
575.819, -17.3056, 1.89549
573.042, -10.2641, 2.71226
574.078, -8.66905, 2.50925
574.686, -8.14136, -2.80836
576.244, -18.6018, 0.428054
575.805, -12.7493, 0.911208
575.91, -5.93353, -0.296992
576.273, -17.1608, -2.13387
575.79, -13.4909, -2.30252
576.079, -17.8483, -2.95727
576.941, -5.84464, 2.2699
576.327, -15.8107, 0.716922
576.404, -6.49662, 0.750417
588.081, -17.1661, -1.54493
577.769, -17.4092, 2.9188
576.024, -10.3913, 2.89294
575.646, -9.55083, 2.3969
589.391, -15.7404, 2.30443
585.21, -15.859, -1.45258
587.611, -14.8921, 2.58745
588.04, -14.6489, -2.39143
582.697, -15.4378, 0.686869
588.37, -14.2498, -3.11371
582.661, -16.1787, -0.936892
580.116, -16.3823, -0.182694
582.064, -15.6082, -1.13159
584.208, -15.4099, -2.7586
584.497, -15.1294, -1.0602
584.147, -15.1603, 1.42179
581.342, -16.1961, 2.31743
586.548, -14.2629, -0.904551
588.861, -13.8439, -2.68954
588.648, -13.6531, 0.791264
587.133, -14.1718, -1.52058
585.663, -14.9233, -1.66929
587.855, -13.9177, -2.07974
584.587, -14.8118, 0.868138
585.363, -14.3998, 0.772282
586.926, -13.9052, 2.64489
586.665, -14.1679, -2.59276
588.272, -13.5505, 1.19925
588.296, -13.9944, -3.09838
585.55, -14.5039, 2.55572
588.894, -13.3539, 2.01789
587.189, -13.8401, 0.889788
587.839, -13.6382, 0.00224666
586.52, -13.9686, -1.28093
586.339, -14.6252, 3.0215
584.941, -14.3204, -1.41156
586.256, -14.6886, -0.856161
588.191, -13.9778, 2.37938
586.914, -14.2758, 0.708566
587.071, -13.826, -0.121212
588.545, -12.5429, -2.23492
586.794, -14.0307, 1.57176
589.332, -10.6299, 2.23835
587.729, -12.2845, -0.454501
588.497, -13.356, -0.502195
588.034, -12.3139, -1.83875
585.968, -5.91985, -0.345308
586.884, -7.24629, -2.86989
587.175, -9.15403, -2.69904
587.25, -11.1991, 1.31914
586.924, -9.88602, -0.29656
583.668, 0.523841, 1.35622
586.385, -5.88401, -0.798162
582.047, 1.44722, -1.35168
580.274, 2.50323, 0.645329
589.364, -11.0691, 1.24314
594.706, -8.62076, 0.775839
590.175, -10.463, -0.678632
594.03, -8.9069, 0.52902
593.938, -8.80393, 3.13576
594.553, -7.56312, 0.555483
593.871, -8.39156, -1.69047
593.11, -7.98958, -0.0693688
594.896, -5.42028, 2.11321
593.659, -8.13969, 2.90979
594.406, -5.44985, 0.515848
590.524, -7.47321, 0.0908104
593.848, -4.93199, 2.55757
594.188, -6.992, 2.05264
594.532, -4.81569, 1.69617
593.547, -7.55366, 1.98042
592.858, -6.49442, 2.1008
593.26, -7.13767, 2.3576
594.28, -5.55929, 2.98349
593.033, -8.12338, 2.1007
594.336, -7.38024, 0.0315286
594.324, -4.34445, -2.42327
596.462, -9.99168, -3.14135
593.673, -8.27576, 2.43341
599.283, -10.8568, 2.50031
643.218, -51.5679, -0.302226
644.413, -53.5025, 1.7649
631.169, -41.8224, -1.87775
599.291, -11.9884, -2.03954
637.627, -42.7411, 0.0432993
639.372, -43.7577, 1.05902
646.5, -51.1936, -2.0225
640.331, -44.8712, -2.13741
655.786, -57.3192, -0.266726
656.098, -59.006, -2.83511
638.259, -44.373, -1.67945
596.966, -10.1815, 2.50752
660.023, -59.2831, 2.26831
640.436, -45.7276, 1.94051
651.221, -52.6749, 1.80736
630.222, -38.2575, 0.626006
649.562, -55.367, 2.36417
600.153, -12.5495, -2.2472
600.85, -9.65859, 2.31053
598.993, -9.79568, 0.632998
600.628, -9.38366, 1.99552
599.772, -9.41977, -0.886565
600.779, -7.00977, -1.59544
599.876, -8.64495, -1.89196
600.114, -8.40725, -2.5215
600.454, -7.17917, -1.56264
600.424, -6.92418, -1.83301
599.801, -7.21758, 1.48268
599.893, -6.66765, -0.025096
599.423, -7.20147, -1.49648
670.599, 7.25883, -1.7998
600.324, -7.05228, 2.45027
606.836, 73.2337, 1.71181
599.782, -7.09521, 0.902297
611.171, 67.8928, 1.09846
604.3, 21.8408, -1.07784
600.903, 35.233, -1.41677
672.875, 16.4882, 2.28564
600.62, -9.60594, 1.05716
600.514, -9.0063, -2.81764
598.125, -10.6885, 1.22038
597.047, -10.9725, -0.737888
601.05, -8.1717, 1.44761
597.87, -10.0546, 0.554309
597.056, -10.2067, 2.24266
598.114, -11.0952, 1.4017
597.48, -11.084, 2.34535
597.897, -11.6721, -1.63143
598.485, -10.9362, 0.987128
599.167, -10.2853, -1.66341
600.175, -9.85432, 1.66648
597.91, -10.8056, -0.796247
633.321, -76.6487, -2.11782
619.879, -82.2452, -2.65071
599.415, -9.72593, 2.02718
615.486, -51.2895, -0.639543
597.306, -11.3378, 0.589824
596.51, -9.1453, -1.48246
598.026, -12.3977, -3.12421
599.384, -9.67499, -1.62496
597.857, -10.7221, 2.89394
598.822, -11.0593, -2.3963
592.118, -7.22043, -2.29248
598.112, -9.89047, 2.28876
597.93, -11.4986, 0.406788
593.785, -8.08912, 0.0852229
591.672, -7.06444, 1.24429
599.057, -12.6632, 0.263835
598.736, -13.0935, 2.38187
624.278, -53.8544, -2.53983
647.151, -75.6562, -2.02969
628.16, -61.4661, 1.41342
621.527, -42.6927, -1.38785
639.109, -70.5588, -2.19964
612.818, -32.5417, -2.91621
635.715, -60.4641, -2.91651
641.63, -73.4876, -1.75808
647.204, -70.6536, -2.08514
642.286, -70.2762, -2.86728
648.263, -58.0835, 2.66975
648.721, -69.1133, -1.08283
630.32, -45.8275, -2.03075
644.171, -56.4773, -1.71144
636.33, -66.4166, -0.632159
633.589, -65.147, -0.172564
646.483, 15.5153, 2.02294
611.724, -88.3548, -1.97638
599.429, -34.9435, 0.699532
609.089, -45.4614, -2.80246
601.563, -93.4444, -1.21561
614.592, -84.5317, 0.489269
602.299, -14.7671, -2.4067
602.326, -14.6738, 2.83738
649.995, -55.0592, -0.0480215
602.668, -16.7364, 1.64823
642.331, -60.3688, -2.80689
653.935, -76.902, -1.18366
622.562, -58.6577, -2.16903
632.437, -89.0265, 2.06393
629.855, -78.0627, -1.2645
627.165, -70.8083, -2.24746
617.655, -45.3781, 1.07125
626.834, -53.5031, 1.5119
625.964, -50.0121, -3.00456
601.017, -14.1639, -2.86949
602.402, -15.4279, -2.65576
599.562, -13.7599, 2.03135
601.355, -14.673, -0.756908
599.027, -13.0514, -0.344625
601.668, -14.5945, 0.0804172
598.802, -13.7407, 1.28272
601.725, -15.0474, 2.94537
598.647, -13.7313, -0.644674
598.442, -13.4244, 0.576757
534.846, -22.657, 0.974529
548.902, -20.4068, 3.13283
551.47, -24.8534, 1.36115
581.552, 10.0311, 2.73232
561.125, -43.2985, 0.196287
532.244, -32.2087, 1.50963
529.679, -43.2609, -1.7274
582.939, -20.5682, -2.91459
557.362, -72.1543, 0.891029
612.567, 9.50698, -1.40965
564.486, -66.6998, 2.41184
622.098, 37.6843, -2.7771
598.303, -10.7315, 2.75348
598.154, -8.73892, -0.502966
596.975, -8.31309, 2.76129
598.095, -12.699, -2.73755
597.823, -8.61045, 0.749231
597.963, -7.67463, 2.76619
598.581, -12.7909, 2.19054
598.623, -14.3562, 1.87369
598.958, -13.6899, -1.02974
598.88, -12.1359, 2.9627
598.276, -13.9882, -2.65288
599.11, -9.75922, 2.80149
599.195, -8.39482, 1.55798
598.429, -8.31126, -1.90978
598.767, -12.5071, 1.38865
599.124, -9.27916, 2.99422
598.953, -11.7042, 2.32624
598.668, -9.20991, 0.138807
598.396, -8.12313, 1.0478
597.921, -8.71454, -0.135265
599.253, -10.1356, 3.08725
598.329, -12.8748, 0.533655
598.64, -8.28387, 2.96955
598.741, -9.23933, 0.378263
598.89, -9.77094, -0.303106
599.802, -9.34443, -1.58243
602.147, -8.43715, -1.07916
599.869, -9.24715, -2.49335
599.051, -8.42954, -3.03463
598.16, -8.82876, -1.55321
595.476, -4.31083, -0.993055
598.198, -8.04915, 1.17467
599.007, -10.3045, 2.23447
598.568, -8.77096, 2.77751
598.348, -8.56354, -0.735412
596.349, -5.00135, 1.22811
595.572, -3.82187, 0.852909
575.756, -9.36499, 0.624392
597.521, -7.92501, 0.307669
597.7, -8.29306, -0.535701
596.809, -4.06313, -2.18293
596.492, -4.84014, 1.03034
597.532, -6.61047, -3.03044
595.863, -3.49669, -1.86326
596.615, -5.04488, -0.159067
596.43, -2.84253, -0.929912
596.455, -2.98346, 2.47749
596.62, -5.31511, 1.32072
553.718, -6.9463, 0.424047
602.564, -0.328341, 0.79887
596.197, -4.98206, -2.95771
599.92, -2.85755, -2.87449
597.371, -5.09826, -2.79499
598.722, -1.90562, 0.946486
597.489, -2.7899, 0.0250547
597.365, -3.04853, -0.0575607
640.694, 15.9034, -1.61047
654.965, 20.0256, 2.46903
598.606, -3.3594, -3.08324
659.979, 15.7706, 2.91932
646.755, 3.10133, -0.888713
656.589, -55.2825, 0.576515
664.165, 14.4506, 2.41355
665.413, 0.168469, -0.863597
619.48, -7.8586, 2.07063
668.502, -34.0429, -3.02759
599.912, -0.484046, -2.53087
598.659, -0.762852, 2.89903
565.37, 11.002, 0.216881
527.089, 31.2818, -0.732677
539.365, 14.2185, -0.592615
649.732, 45.2123, -2.94494
661.734, 50.5688, 1.6551
673.11, -2.62286, -2.4628
641.059, 20.8265, -1.73473
660.307, -16.495, 0.985078
641.99, 14.4642, -0.26316
671.402, 35.5129, -1.60134
640.911, 17.0287, 2.72105
667.931, 34.2246, -2.96869
648.531, 23.6549, -2.56818
638.684, 13.1321, 2.52311
636.073, 19.8116, -0.632006
644.073, 19.8715, 0.108291
616.213, 5.10469, 1.59497
656.974, 2.91204, -2.56618
587.358, -72.8402, -2.35261
635.484, -62.2993, -3.12617
596.409, -4.4534, 0.608303
608.389, -43.5528, 2.96659
595.694, -8.05482, -1.74497
600.233, -2.28709, 0.92836
596.755, -6.90734, -0.442167
597.256, -7.7653, 0.769352
624.104, -10.5728, -2.49477
672.768, -22.8673, 1.24254
604.676, -64.6872, 2.16714
601.266, -65.8118, 1.55263
605.859, -34.833, 1.9939
604.54, -42.1983, -3.04405
596.267, -37.6291, -1.60559
595.832, -74.5085, 3.12499
604.867, -41.4649, -2.16236
594.01, -4.7715, -1.76295
595.552, -6.52709, -1.32495
518.593, -4.73142, 2.2606
518.461, -9.38502, 0.877069
551.636, -2.11989, 0.407377
542.325, -10.2845, 2.77733
559.64, 1.22335, 0.456701
521.812, 13.9977, -2.75396
547.897, -12.4355, 1.65074
664.013, -6.69084, -3.00349
596.059, -4.16959, 2.34534
598.779, -5.61192, 2.50703
677.088, -12.5054, 2.11753
661.136, -9.92776, -2.07949
596.03, -4.38099, 1.52824
678.499, -10.4039, 1.67145
675.608, -10.4091, -1.23625
598.251, -3.84484, -1.19168
670.561, -11.8065, 2.43678
658.548, -10.7572, 1.44097
654.998, -10.543, 2.6368
595.373, -6.65211, 2.44841
655.039, -10.0431, 0.484872
636.789, -7.60573, 2.72534
676.61, -12.7509, -2.4004
671.61, -12.4047, 0.189752
671.458, -12.5457, 1.1129
670.823, -11.9013, -0.770421
655.951, -10.799, 0.425524
670.855, -12.0605, 0.199323
647.978, -9.07375, -2.03891
671.935, -12.2858, -1.82326
678.521, -13.6449, -0.250714
666.287, -11.4106, 2.37172
664.984, -11.6472, 2.77896
664.718, -11.164, -2.85742
674.395, -11.6937, 2.81803
648.743, -8.9198, 1.47846
676.042, -12.8801, -0.710673
596.901, -3.43515, 0.550941
661.825, -10.5723, 0.25392
659.51, -10.0716, 2.17543
597.021, -4.17577, 1.36137
661.411, -11.1476, -1.51498
596.789, -3.889, 0.624238
670.642, -12.9322, -1.07785
647.528, -9.58762, 0.359899
676.229, -12.2789, -1.71833
655.735, -10.0019, 1.12453
653.805, -9.69184, 1.89376
643.187, -8.89531, -2.67577
596.586, -4.57884, -2.73345
596.319, -4.33438, 1.83191
672.408, -11.7522, -0.504293
656.862, -9.95781, 1.3666
662.386, -10.6016, 1.02493
635.968, -7.97197, 0.775066
660.419, -11.0303, 1.1243
637.475, -8.04793, 0.906453
671.197, -12.4195, -1.51375
671.453, -12.6519, 1.438
594.889, -7.37382, -1.72393
671.071, -12.4575, 0.839999
661.461, -11.1544, 1.12734
635.994, -8.04473, 2.42297
633.066, -7.32954, 2.38692
666.902, -10.9534, 0.436641
639.789, -7.98741, -1.01238
674.046, -11.5407, -2.4048
674.616, -13.1203, -1.80568
677.472, -13.381, 1.24145
653.036, -9.87518, -2.55827
657.625, -10.7701, 1.30967
596.367, -4.55433, 0.538457
673.939, -12.3542, 1.24047
651.816, -9.98492, 2.74949
648.332, -9.0858, -0.0312743
674.001, -11.7566, 1.04257
596.642, -5.66286, -3.02586
