0.0386228
0.001881
0.00322787
0.00340177
0.0053822
0.0538627
0.00127595
0.00457298
0.0151288
0.00642177
0.00422907
0.0507574
0.00826084
0.0351098
0.136694
0.0217037
0.0593325
0.0278146
0.00365828
0.00527042
0.013766
0.00234854
0.0106599
0.00176462
0.0192568
0.00348478
0.01959
0.153091
0.0186796
0.0547795
0.0045073
0.00551716
0.0193513
0.000974324
0.00764285
0.0211385
0.0127851
0.0269072
0.00179577
0.000744665
0.00492967
0.00544194
0.00216975
0.00101738
0.00622975
0.000715248
0.00164349
0.0471773
0.00386518
0.0631523
0.00963644
0.132847
0.0362444
0.0431957
0.0010665
0.00854066
0.00192088
0.00667373
0.00353446
0.00695235
0.00925217
0.000484
0.00178338
0.0549792
0.0800986
0.00184101
0.0688572
0.719214
0.00412422
0.0683365
0.0633481
0.112161
0.21953
0.000766006
0.0484242
0.000628665
0.000652106
0.0718831
0.0507932
0.114923
0.011579
0.00300886
0.0405111
0.00413544
0.00203146
0.0820656
0.0320678
0.000633566
0.0256649
0.0725455
0.104394
0.000787618
0.0017017
0.00300137
0.0071335
0.00180918
0.00670384
0.00161664
0.00547972
0.0409851
0.00252905
0.00451794
0.0442604
0.0197805
0.0612814
0.00119917
0.0346247
0.0118181
0.00126004
0.00353251
0.0733592
0.02911
0.00280911
0.0611424
0.161802
0.0240937
0.126312
0.010248
0.110556
0.0160342
0.132311
0.000198743
0.0798148
0.242266
0.0489279
0.00505395
0.124741
0.0351197
0.0114067
0.00085888
0.0103881
0.063376
0.0201004
0.00529691
0.0357957
0.0980002
0.0077055
0.00154917
0.0933499
0.010198
0.0116856
0.002553
0.16014
0.0648411
0.0914381
0.000504655
0.0197939
0.00536335
0.0013867
0.0362424
0.048814
0.0160686
0.00589638
0.0028253
0.00524636
0.0380597
0.0158692
0.00127319
0.123012
0.00113966
0.0111677
0.00435882
0.00116034
0.000465829
0.119322
0.0387343
0.0095734
0.245162
0.00149501
0.00576474
0.0298328
0.304207
0.0211739
0.0113138
0.185396
0.0274621
0.00459203
0.0190301
0.00661291
0.00333647
0.0546567
0.00355797
0.0228158
0.0816961
0.00240115
0.00303149
0.00539196
0.00519616
0.00383896
0.000403119
0.0135557
0.00379631
0.0156586
0.0454271
0.067386
0.0321294
0.0181933
0.00424038
0.0092995
0.00951198
0.0483785
0.0926846
0.00500747
0.00415932
0.0182475
0.0293929
0.019901
0.0207725
0.0268228
0.00476417
0.00501119
0.00113115
0.00286942
0.00243954
0.00593253
0.0160681
0.00175051
0.00132974
0.00195455
0.0573111
0.00279526
0.0109335
0.00309483
0.00911392
0.00487229
0.000988907
0.0270238
0.00257576
0.00705655
0.0969513
0.0031793
0.00210689
0.162537
0.0392303
0.173859
0.00384644
0.0186142
0.0398112
0.00738047
0.0164385
0.0151874
0.1354
0.00143701
0.00419384
0.00245575
0.00323313
0.00132695
0.0030209
0.00174427
0.031513
0.000464715
0.00975628
0.00410635
0.000365156
8.6127e-05
0.0057833
0.00492878
0.00650262
0.00151959
0.0104864
0.00223853
0.00182338
0.00122748
0.00226808
0.000713092
0.0477486
0.00140941
0.012049
0.00242303
0.0453958
0.00371737
0.00178494
0.00107997
0.00228849
0.00297372
0.00425364
0.000530525
0.00144812
0.00152686
0.000678133
0.000993276
0.00295031
0.00464026
0.0964274
0.00226957
0.000273273
0.0672495
0.0683549
0.00292568
0.00256382
0.00479497
0.00292625
0.00299013
0.0078994
0.00310868
0.00228107
0.00395685
0.0036554
0.00320384
0.000550276
0.0228554
0.0167432
0.00117174
0.0194745
0.00217811
0.00417749
9.32828e-05
0.00206688
0.0558014
0.00295727
0.0424891
0.00230842
0.0044702
0.0263871
0.001537
0.00758469
0.208812
0.00162888
0.0221751
0.155595
0.00165799
0.0152375
0.097687
0.00383405
0.0582067
0.020757
0.0230043
0.00180414
0.0108873
0.0938532
0.00396082
0.0163732
0.00179175
0.00469199
0.033349
0.182621
0.097512
0.336441
0.0185944
0.000837859
0.00048398
0.0568241
0.0353918
0.000479974
0.0149097
0.0391083
0.0733796
0.110745
0.0108732
0.0127859
0.0270296
0.0870719
0.000800026
0.0012006
0.000431602
0.117964
0.113434
0.00815846
0.0643903
0.0144125
0.0543038
0.0454736
0.0062848
0.0169055
0.00882031
0.0828147
0.0545543
0.422011
0.00301643
0.248868
0.0259572
0.029267
0.0173759
0.000323295
0.0127189
0.0316804
0.0199922
0.0106683
0.0700706
0.00527623
0.0831159
0.284676
0.439022
0.241919
0.00729428
0.00418824
0.0662564
0.000258332
0.00443716
0.0891198
0.0567387
0.0210001
0.0121843
0.00347281
0.0438217
0.000287221
0.0715906
0.00300981
0.0066961
0.0846936
0.00115538
0.0260479
0.0848972
0.0104727
0.00353032
0.0105797
0.0828026
0.00516126
0.207722
0.103617
0.0121578
0.0620311
0.00974419
0.0945184
0.116305
0.0109645
0.274214
0.123893
0.0485556
0.129918
0.013255
0.0965046
0.00904209
0.00242149
0.00368193
0.736984
0.20829
0.0106559
0.0775772
0.0537486
0.00857813
0.214656
0.015687
0.122533
0.0033008
0.093911
0.0871976
0.00167397
0.0444456
0.0210374
0.0324133
0.00208501
0.0963622
0.218018
0.00126674
0.114646
0.0310244
0.0220941
0.0974734
0.231196
0.117126
0.0891907
0.223686
0.00296764
0.0788518
0.0200685
0.0863985
0.101964
0.0176108
0.0744415
0.00490603
0.0326295
0.0103461
0.00859928
0.051988
0.0093061
0.00294824
0.0177758
0.0898598
0.0112625
0.00187557
0.121987
0.0202606
0.0154981
0.00125787
0.0489862
0.00512848
0.0645139
0.00188561
0.0315097
0.0626277
0.0417801
0.0169374
0.0190307
0.00298987
0.046693
0.0703243
0.00702529
0.0100949
0.138626
0.0108765
0.0576933
0.00308169
0.00416621
0.0313647
0.00420968
0.0158817
0.00738837
0.0874161
0.00259651
0.00217613
0.00128602
0.0118534
0.0761223
0.0296616
0.00244379
0.00835147
0.0627436
0.0113516
0.00582374
0.00272534
0.149043
0.0349954
0.0561261
0.00499204
0.0112554
0.0271046
0.000545574
0.00120544
0.00599172
0.00890086
0.0162807
0.00556849
0.00416705
0.00367861
0.00749606
0.176036
0.0186258
0.0013669
0.00852668
0.00309914
0.00876669
0.00401314
0.00163064
0.0224257
0.00412989
0.00215939
0.0034455
0.00242187
0.00130789
0.00525689
0.150346
0.00287552
0.0110712
0.0109052
0.00170796
0.00316691
0.00253074
0.00828502
0.0197723
0.0982227
0.00244458
0.000858849
0.0251558
0.00256191
0.00740099
0.00878967
0.0847788
0.00635763
0.0161158
0.00827436
0.0243216
0.00477541
0.0111126
0.00333154
0.0122282
0.0206658
0.00420164
0.00835248
0.00232411
0.00526044
0.00158472
0.0060099
0.00255521
0.00353335
0.00391829
0.011143
0.100882
0.00103877
0.00823094
0.00354332
0.00275194
0.00534601
0.0256131
0.00346592
0.00198051
0.00430171
0.00591202
0.00256989
0.0086074
0.00693203
0.00134052
0.00514492
0.00437578
0.000924138
0.0128154
0.00363524
0.00247414
0.00752719
0.00178555
0.00163326
0.0286127
0.00525369
0.00166325
0.011733
0.000906633
0.000996348
0.0236949
0.000702339
0.00242604
0.0808168
0.00140952
0.000757276
0.00521929
0.00616999
0.00245342
0.00339264
0.00242491
0.00113392
0.00159841
0.000888895
0.00127147
0.00128928
0.0070946
0.00498756
0.00102793
0.0121859
0.00180265
0.00427507
0.00454975
0.0134454
0.000870655
0.0411636
0.000821655
0.0165636
0.00214323
0.00135351
0.00810152
0.0252638
0.00548871
0.000476608
0.000822298
0.00125109
0.00278624
0.00221194
0.00131848
0.00134404
0.00264597
0.0111321
0.00329894
0.000912204
0.000608338
0.000330489
0.00217829
0.0034581
0.000713174
0.00649659
0.0116625
0.0119166
0.00662537
0.0988934
0.165242
0.0296907
0.0144489
0.000660248
0.137077
0.0444919
0.00367647
0.00260484
0.00224245
0.103806
0.00374286
0.0243935
0.0217323
0.0485437
0.0630618
0.000500909
0.0542029
0.0805186
0.00195365
0.00875939
0.00955203
0.0355571
0.0085769
0.0116217
0.0217531
0.000569275
0.0052404
0.00216509
0.0029555
0.0207986
0.00406269
0.00527674
0.0202136
0.00316705
0.108078
0.0182442
0.04524
0.0026905
0.016552
0.00234806
0.000737067
0.00159726
0.00343999
0.0955868
0.00121772
0.0301219
0.00273887
0.0676956
0.000519565
0.00662858
0.00325759
0.0476878
0.00227261
0.142319
0.113783
0.0968888
0.0021973
0.0121549
0.00409076
0.00124483
0.00267019
0.00160654
0.57087
0.0104412
0.0167551
0.00267236
0.00219047
0.0545232
0.00219729
0.00704531
0.00531597
0.0257777
0.0042922
0.033089
0.00563528
0.000813354
0.01367
0.000859455
0.0180322
0.152733
0.00983867
0.0130881
0.0607441
0.0341825
0.112319
0.0589014
0.0022775
0.0195436
0.0122321
0.00168234
0.0117147
0.000625616
0.00287888
0.0221012
0.00602588
0.00740817
0.128084
0.01372
0.167768
0.00225465
0.00223142
0.17399
0.000486365
0.0100786
0.00220969
0.009221
0.0135911
0.0642321
0.0205478
0.00639272
0.00134628
0.0444066
0.00294761
0.00235202
0.0755897
0.0173915
0.000813888
0.0502526
0.000692932
0.146015
0.000146622
0.0273147
0.106494
0.149409
0.18989
0.0782592
0.00604463
0.152309
0.245099
0.116479
0.114856
0.00286058
0.00094975
0.00203849
0.00839485
0.00315221
0.00097572
0.00617919
0.00173728
0.000481984
0.00463199
0.004423
0.145979
0.0600866
0.000582044
0.0126054
0.00444317
0.0192715
0.0016404
0.0534065
0.00050449
0.0508156
0.109389
0.0750236
0.0607645
0.00105011
0.00634415
0.103807
0.00334125
0.00647491
0.0173076
0.00768454
0.000988778
0.0646902
0.0041188
0.00100048
0.0141444
0.139512
0.0361532
0.00163297
0.000392206
0.000836583
0.000862045
0.0102483
0.0230701
0.00692409
0.00472442
0.00343225
0.132339
0.00894409
0.00215242
0.0930012
0.0193614
0.00115309
0.124109
0.0102588
0.00123082
0.0152521
0.0278632
0.0949515
0.0669207
0.0334544
0.0107796
0.103916
0.00550714
0.0641896
0.00117277
0.00146305
0.00674536
0.000567481
0.00195054
0.00241088
0.00157836
0.0538571
0.00109504
0.00160253
0.00978581
0.178582
0.175516
0.00502847
0.00256868
0.00209305
0.0118172
0.00145579
0.00146052
0.00208631
0.108544
0.00687556
0.00252892
0.00181278
0.0307372
0.0136073
0.0139731
0.0617515
0.102646
0.000903246
0.00776717
0.0197349
0.00339879
0.00298145
0.00501665
1.15924
0.00159976
0.0127104
0.092468
0.0049023
0.0018709
0.000557309
0.0424061
0.0224553
0.00771171
0.00725873
0.00139967
0.000835338
0.0451199
0.0614245
0.0399476
0.000594731
0.185348
0.00268699
0.000894734
0.023973
0.000488351
0.0120212
0.00168336
0.0592559
0.0238625
0.00183746
0.00707475
0.00303004
0.00249682
0.00811749
0.194776
0.011477
0.000528882
0.496087
0.00431354
0.00237567
0.00386351
0.00239432
0.0209813
0.357701
0.00984621
0.00725865
0.00309659
0.0019572
0.0127682
0.0312834
0.00324254
0.0224983
0.00474294
0.00574291
0.47329
0.0407431
0.002719
0.0362771
0.0169221
0.109296
0.0183308
0.0230894
0.019684
0.00254141
0.00152936
0.00169634
0.0211976
0.00644615
0.019805
0.0146661
0.00453955
0.00373167
0.000994605
0.00448272
0.0146509
0.0222464
0.0916386
0.124115
0.0143364
0.00719245
0.00883788
0.0269001
0.0205552
0.0356743
0.0210092
0.00703248
0.0154243
0.000710122
0.0370906
0.0132216
0.0474126
0.0404538
0.00413842
0.00275541
0.00456375
0.00355528
0.113373
0.000439128
0.055969
0.0990293
0.127148
0.00299341
0.0151523
0.0367715
0.00170313
0.0156987
0.000923224
0.0215812
0.0574177
0.00735124
0.00775081
0.0677398
0.0399966
0.220514
0.0698764
0.0331532
0.0255575
0.00449589
0.0142189
0.138794
0.00568146
0.0192724
0.0359615
0.014926
0.0119982
0.00461216
0.0219914
0.0198061
0.0214436
0.00938466
0.0810632
0.01269
0.00146129
0.00377236
0.0195656
0.00507103
0.00808604
0.151219
0.00693676
0.00108957
0.00236398
0.0130809
0.0633892
0.000720951
0.00542029
0.0112469
0.0226629
0.0524829
0.00829099
0.00408486
0.017661
0.00732326
0.00457818
0.00804895
0.0013499
0.00320385
0.0106455
0.0736775
0.000991366
0.0184517
0.00238744
0.00336024
0.0122661
0.0075485
0.00224842
0.0414084
0.00603336
0.00148864
0.118655
0.00074736
0.00744269
0.0109533
0.00268898
0.00156774
0.00481152
0.00400392
0.0316812
0.00224029
0.0543978
0.00390139
0.0651074
0.00189947
0.139212
0.0159347
0.00245627
0.00462679
0.0355853
0.00471076
0.00896612
0.0306743
0.0487651
0.0634435
0.00333632
0.0061583
0.00297343
0.0212702
0.00549887
0.0029218
0.00191604
0.0130314
0.00418492
0.00694474
0.00163562
0.00873814
0.00576463
0.0415197
0.0502923
0.00611501
0.0299748
0.00382138
0.00335117
0.00420072
0.0205761
0.0355514
0.00577041
0.00506184
0.0295575
0.00186846
0.00612354
0.00957348
0.0167134
0.033458
0.0119919
0.0675268
0.0527379
0.00231735
0.0104253
0.000886096
0.00129349
0.0109342
0.0109253
0.00937795
0.0103583
0.00153531
0.00239064
0.00190864
0.0034638
0.00463525
0.000986718
0.00438144
0.00187471
0.00447203
0.00460006
0.00803184
0.00153542
0.000811394
0.0092005
0.00290416
0.00277753
0.00183501
0.00148956
0.00806239
0.00117139
0.0106444
0.00917978
0.0435133
0.0295854
0.0633223
0.00415329
0.00128333
0.00166954
0.0379632
0.00361748
0.00709511
0.00241467
0.0116592
0.0136364
0.0332261
0.0061321
0.0324413
0.00170313
0.0197725
0.0521015
0.000684449
0.120592
0.00230274
0.000642425
0.0075235
0.0176197
0.00389205
0.00433166
0.00110078
0.00210888
0.00782805
0.00157915
0.100873
0.00970018
0.000820042
0.37064
0.00270208
0.0248211
0.00105471
0.0738087
0.0652813
0.0155478
0.0750039
0.00240723
0.325527
0.00577802
0.000991506
0.020099
0.00360647
0.00585323
0.0555386
0.00718836
0.0282953
0.0660185
0.0378747
0.0139241
0.0300456
0.070128
0.0679476
0.00217261
0.00914317
0.000397786
0.000412867
0.00957827
0.00238703
0.00249881
0.00179769
0.00710912
0.0213521
0.00178782
0.000708655
0.0466124
0.0025541
0.00675953
0.00464759
0.0373461
0.0774349
0.0143943
0.0290952
0.0940123
0.0042438
0.000383491
0.40148
0.00173286
0.00271959
0.0180393
0.137336
0.000834748
0.000384885
0.0532121
0.00397508
0.0307521
0.0485889
0.174896
0.00128887
0.00642925
0.0877699
0.0748511
0.068276
0.0223101
0.096488
0.0202929
0.102493
0.012569
0.0605187
0.00898262
0.00128858
0.000278418
0.0268019
0.0243306
0.21524
0.0396432
0.110977
0.000482314
0.0133439
0.0168031
0.019301
0.012257
0.716853
0.338432
0.000163269
0.00107604
0.00886782
0.140881
0.647557
0.140732
0.195994
0.00416832
0.0725907
0.278881
0.503294
0.0525012
0.15969
0.0258592
0.0236557
0.0326934
0.197315
0.154933
0.0805636
0.0669347
0.00291867
0.106531
0.00828362
0.111712
0.0190511
0.26598
0.0892768
0.0225674
0.0216364
0.143351
0.0682121
0.00226778
0.00133643
0.537112
0.0517221
0.00684846
0.0169012
0.00572511
0.00619137
0.00322816
0.302121
0.0533655
0.264912
0.0405488
0.0396874
0.0598092
0.0325581
1.04921
0.00572842
0.00368315
0.0599364
0.0767635
0.198237
0.79136
0.120631
0.101997
0.00260213
0.00824596
0.0012536
0.00381951
0.0582648
0.00240628
0.00192416
0.000968396
0.0104417
0.0315752
0.00708999
0.00228754
0.000610913
0.0156351
0.00368986
0.00671322
0.00286344
0.0463783
0.00457877
0.0225451
0.00235708
0.00226702
0.0102911
0.0252859
0.071673
0.0165509
0.118433
0.00170715
0.00391024
0.0580754
0.000202823
0.161077
0.317052
0.00829788
0.0349483
0.00360559
0.00431415
0.0114087
0.0618791
0.00125299
0.0288704
0.0210051
0.379405
0.0037698
0.308766
0.0708903
0.036044
0.0109871
0.27766
0.00419314
0.0356395
0.00187192
0.00896682
0.00214878
0.0720213
0.00348575
0.111076
0.0117214
0.0012515
0.0283062
0.25303
0.00372694
0.00137929
0.0880864
0.0181538
0.0579256
0.0093066
0.000906807
0.00377945
0.013098
0.028461
0.0547293
0.00306791
0.00508171
0.0150811
0.00509554
0.0363926
0.00122762
0.00748392
0.00835096
0.0318211
0.00927784
0.227546
0.040451
0.0452864
0.00774825
0.191494
0.00266742
0.180056
0.0857611
0.178231
0.0216263
0.00094306
0.0682413
0.0650991
0.0546384
0.00214528
0.291413
0.00390151
0.0497214
0.355249
0.0748518
0.00625676
0.0954417
0.267073
0.00116736
0.105057
0.335589
0.0368337
0.000491511
0.202562
0.0514383
0.143749
0.148793
0.0589419
0.00989374
0.0506473
0.0011467
0.00695174
0.00450736
0.518016
0.00540931
0.00410492
0.00141537
0.00858215
0.136046
0.0121328
0.00967806
0.0247419
0.00106376
0.113279
0.0150835
0.163725
0.00266549
0.135726
0.00443669
0.00521344
0.00447212
0.0116844
0.0988709
0.00135018
0.00582453
0.0698194
0.0387367
0.000685902
0.0950469
0.0413252
0.109477
0.00398197
0.0233873
0.0198841
0.231367
0.4607
0.049877
0.0351999
0.0429674
0.040882
0.0152882
0.0785671
0.000591164
0.00688561
0.210582
0.0171172
0.00625183
0.00129456
0.00654161
0.0010312
0.0159
0.00476232
0.00096412
0.00102397
0.00864065
0.00312528
0.00173084
0.00891331
0.00433403
0.0029243
0.00492759
0.0066972
0.00419764
0.0139428
0.00252666
0.00110944
0.0197861
0.00935427
0.00433761
0.00483391
0.0110798
0.00116329
0.0043159
0.0017042
0.0022154
0.00367152
0.00108499
0.00111387
0.155781
0.0174005
0.198835
0.0186649
0.0148943
0.0225935
0.0013534
0.0430717
0.0187572
0.0703469
0.0362167
0.013257
0.000799226
0.00096017
0.152611
0.0476117
0.046183
0.00107026
0.000676899
0.257582
0.00123027
0.00236371
0.0899206
0.00813191
0.021505
0.11633
0.032654
0.00112004
0.00215024
0.00769561
0.00168662
0.00315639
0.0175264
0.00860178
0.012203
0.0647646
0.047006
0.0373671
0.00644507
0.00116129
0.00870624
0.00326062
0.00167791
0.0160818
0.00674547
0.00669956
0.0414245
0.0382166
0.00369952
0.0113449
0.117963
0.0249739
0.0837547
0.016562
0.0533892
0.0446776
0.00778307
0.00255918
0.057386
0.0213478
0.118259
0.00135583
0.00185061
0.00533131
0.00856307
0.0378351
0.0351795
0.00475091
0.0180657
0.00879533
0.00271274
0.0278004
0.00599942
0.0673598
0.00363478
0.0114122
0.00394443
0.0333999
0.0110489
0.0013264
0.000301299
0.00187366
0.0858552
0.000521571
0.0133122
0.0054011
0.0123501
0.00545806
0.0146891
0.00100993
0.00895849
0.0024958
0.00106566
0.0120411
0.0339259
0.0045103
0.00329629
0.00373127
0.00197376
0.00507625
0.00223728
0.00507707
0.00134121
0.0162985
0.00889509
0.0167676
0.00401645
0.00178723
0.00202766
0.026229
0.00357163
0.00207302
0.0362418
0.00492151
0.00169423
0.0256439
0.00259499
0.0151183
0.00276543
0.00194951
0.108015
0.0651329
0.00184003
0.0022201
0.0336058
0.000502158
0.013845
0.00108472
0.0182764
0.00421823
0.034816
0.0157032
0.0628969
0.00388763
0.00960867
0.0036542
0.0264736
0.0149273
0.00507188
0.00533612
0.018449
0.000462182
0.112321
0.0209264
0.00568055
0.0109577
0.00201161
0.00559873
0.000247357
0.031202
0.00105371
0.00294969
0.00321628
0.000856744
0.00447557
0.00159728
0.00440284
0.0108969
0.00366742
0.00421702
0.00942454
0.00625314
0.00225758
0.00689454
0.0136471
0.00579841
0.00336896
0.00222022
0.0126119
0.00326109
0.00044241
0.00335197
0.00380482
0.00554059
0.00776534
0.25419
0.00800243
0.00595464
0.00414532
0.0419684
0.0045147
0.00358272
0.00884407
0.00710748
0.00100919
0.00167997
0.000320088
0.00462516
0.00439522
0.00799749
0.00121831
0.0146396
0.00167083
0.002078
0.00708681
0.00275223
0.000608015
0.00284929
0.00213746
0.0105485
0.0116292
0.00230379
0.00977495
0.000154462
0.0033153
0.0119797
0.0668818
0.00282309
0.00114132
0.000830699
0.00109091
0.0037263
0.0345903
0.125267
0.00688787
0.00328315
0.000737204
0.00382927
0.0019463
0.0239453
0.00103845
0.00231968
0.00102191
0.00150839
0.17769
0.00818874
0.00111043
0.0720114
0.00190973
0.00991893
0.00571843
0.0334386
0.00323682
0.00230301
0.00994135
0.0146314
0.000902025
0.000755677
0.00496307
0.00142771
0.00143978
0.00184618
0.00486276
0.00170647
0.00367855
0.00421292
0.00776048
0.000731494
0.000281735
0.00282373
0.00193113
0.000862474
0.00178233
0.00557828
0.00388872
0.00210341
0.000473776
0.00246115
0.0125029
0.00786997
0.00701914
0.00304848
0.00288847
0.00189711
0.000274299
0.000857301
0.0439584
0.00651484
0.000549832
0.000498117
0.00256431
0.0020675
0.00191068
0.000641321
0.00501432
0.00243037
0.00139331
0.00229377
0.000971191
0.00140205
0.000316474
0.00423636
0.00461735
0.0101419
0.00502229
0.00446105
0.0107931
0.000915569
0.00485498
0.00148385
0.00508148
0.00513609
0.00160596
0.00572614
0.00252967
0.00220945
0.00332231
0.000752436
0.00144054
0.00129942
0.000692203
0.000964724
0.000948512
0.00446682
0.000735775
0.00126515
0.00199802
0.00171267
0.00063514
0.00152204
0.00138521
0.00321262
0.00349978
0.00132487
0.00406967
0.00181178
0.00123031
0.00325681
0.00301356
0.00346838
0.00129101
0.000999113
0.00325725
0.0100776
0.00334987
0.0681582
0.0067141
0.052242
0.00167738
0.00252281
0.000444168
0.00301588
0.00253982
0.00106244
0.00244726
0.0305234
0.00166638
0.0025379
0.006467
0.0688938
0.000767279
0.00100899
0.0967456
0.0329614
0.000852887
0.00294845
0.000931087
0.000522795
0.00355244
0.00370185
0.00348588
0.00685473
0.00299955
0.0022802
0.0265747
0.00139668
0.000215371
0.00962493
0.0247241
0.00462163
0.0035504
0.000748636
0.00821768
0.0124196
0.273787
0.00943684
0.193594
0.00169767
0.00496022
0.00313235
0.00467593
0.0136392
0.00955427
0.0033197
0.0146307
0.00170091
0.0846193
0.0238429
0.0308981
0.00341551
0.0010942
0.27479
0.00196546
0.000171288
0.00039352
0.0466236
0.00122378
0.000920654
0.0201823
0.00158811
0.00267442
0.00106044
0.0551489
0.0038101
0.000665708
0.00212648
0.00140419
0.00164253
0.000834411
0.000639619
0.00138015
0.0382405
0.00263136
0.00179506
0.00134694
0.00144916
0.00278393
0.00069714
0.0465118
0.0038719
0.00270528
0.0517773
0.0753363
0.00139016
0.00217809
0.00423027
0.00311843
0.00086035
0.0026486
0.0182433
0.0033403
0.000518862
0.000883936
0.0189474
0.00424003
0.00421111
0.00167596
0.00385485
0.000849022
0.00353292
0.00584406
0.00613255
0.00163493
0.00245596
4.12821e-05
0.00157207
5.03705e-05
0.331048
0.0627011
0.00973556
0.0188619
0.00278162
0.0416455
0.00107418
0.0131388
0.000722805
0.00290805
0.00103529
0.000504994
0.0158483
0.00778742
0.0028697
0.018688
0.000993042
0.00925874
0.00705804
0.000394922
0.00305977
0.000787747
0.00181309
0.00663631
0.00380494
0.0011481
0.00213014
0.00350298
0.00656399
0.00949469
0.000526871
0.0112073
0.00403492
0.00113583
0.00804676
0.00161156
0.0188479
0.024425
0.000762688
0.0105538
0.000170223
0.00445989
0.0192992
0.0145107
0.0030914
0.00664417
0.00171508
0.0827677
0.000808703
0.00244264
0.0059549
0.0174744
0.0572097
0.0113706
0.0122567
0.000944676
0.00788545
0.0315676
0.0741397
0.00134261
0.00104592
0.0014338
0.0067677
0.00326125
0.203535
0.000610846
0.00120061
0.0106747
0.00396026
0.00884281
0.00133216
0.00220405
0.00173346
0.000722275
0.00332639
0.00177173
0.00475471
0.00100356
0.00271675
0.00617797
0.00109734
0.00704249
0.0541915
0.00403396
0.00326166
0.0074803
0.00901226
0.000716137
0.0166815
0.0500833
0.001063
0.0139007
0.00282347
0.00151214
0.0189501
0.000619947
0.0946446
0.000797725
0.00122854
0.024348
0.00273109
0.000244825
0.00312008
0.00111118
0.0042023
0.00510893
0.029094
0.00830634
0.0164671
0.00290318
0.00240911
0.00245303
0.00359288
0.00781273
0.00105832
0.0162097
0.0100712
0.00246381
0.000981441
0.0102379
0.0658927
0.000282309
0.0359978
0.038321
0.0198791
0.00189074
0.0502317
0.0116627
0.00388569
0.185625
0.00181141
0.00387992
0.00390302
0.00867132
0.0624537
0.0548745
0.00108862
0.0173976
0.00130243
0.0258396
0.000906854
0.0787069
0.00329582
0.156782
0.0501594
0.0104689
0.0173657
0.0335634
0.00695932
0.00270548
0.000960038
0.0188119
0.00422124
0.0706206
0.0740307
0.0461985
0.0534631
0.0247626
0.0134244
0.00859467
0.0261854
0.0135613
0.00284933
0.0258986
0.00247353
0.00327293
0.254526
0.00297084
0.00255407
0.0039636
0.106318
0.0017069
0.00336482
0.00576715
0.208739
0.00881406
0.0363509
0.013061
0.0124567
0.00340321
0.00933094
0.0157316
0.0117134
0.0048586
0.00364324
0.0410062
0.0853833
0.0300035
0.000729675
0.000769861
0.00391475
0.0320999
0.0237189
0.00169475
0.00795832
0.00328787
0.00546314
0.0205108
0.0183122
0.00255765
0.0447165
0.0802428
0.0193583
0.0371358
0.00182422
0.00430447
0.00877477
0.00316718
0.000485332
0.00256226
0.00493323
0.0112645
0.00758933
0.0224637
0.00147741
0.00179318
0.0070523
0.00144876
0.0608816
0.0048684
0.0904493
0.101125
0.0231426
0.00308541
0.0234938
0.00176108
0.00231965
0.00550573
0.00225275
0.237961
0.00182644
0.00324089
0.0291211
0.000928419
0.0370789
0.00171895
0.058346
0.00111214
0.000594407
0.00489124
0.00158634
0.0283073
0.0100988
0.0530673
0.000956731
0.00645635
0.00403473
0.00237603
0.0110558
0.00875054
0.00810439
0.161783
0.0666792
0.000769874
0.00133242
0.00389988
0.00310993
0.00219085
0.000558295
0.00272908
0.000594453
0.00195987
0.000938524
0.0014686
0.00115124
0.201719
0.00143675
0.00110798
0.00231742
0.066907
0.00609181
0.0269652
0.00144981
0.0100221
0.00119128
0.00148322
0.0010687
0.000814764
0.101129
0.133256
0.00315186
0.00114912
0.00078413
0.00191002
0.0710017
0.0122185
0.0110277
0.0263032
0.00584277
0.0541718
0.00124959
0.0244487
0.00138102
0.00192786
0.0766915
0.00482038
0.00110165
0.00138281
0.00734968
0.00242187
0.00589681
0.0138071
0.0644068
0.00455973
0.00311165
0.00488011
0.00222016
0.0850223
0.00439497
0.00211241
0.0023196
0.00132683
0.00890283
0.00161807
0.00367641
0.00303079
0.00660308
0.00422803
0.00222135
0.175164
0.0213712
0.0145262
0.0126899
0.0267977
0.206433
0.127378
0.495702
0.165047
0.0139563
0.0382192
0.00107948
0.0240189
0.240663
0.00900714
0.000721466
0.0203535
0.0377105
0.002013
0.116105
0.153879
0.00647678
0.927849
0.0650929
0.0130184
0.0806148
0.00731116
0.0487972
0.0126427
0.00376943
0.00908218
0.0186201
0.00445011
0.0333338
0.284284
0.000720508
0.00109323
0.0634449
0.202457
0.0307023
0.00139371
0.220745
0.00171952
0.0502111
0.0534248
0.00735606
0.191088
0.0890669
0.00159255
0.000782429
0.0164081
0.0157809
0.0104717
0.00173504
0.00107904
0.001845
0.0105764
0.00134795
0.00160722
0.00599398
0.00265648
0.00447208
0.0013234
0.00145874
0.000816709
0.000210423
0.0182833
0.0310013
0.00117159
0.00478001
0.00214701
0.0013705
0.00450648
0.00363515
0.00334601
0.0226894
0.00344034
0.000458106
0.00107242
0.00783426
0.000617253
0.000907079
0.00230373
0.0151592
0.00310038
0.0166888
0.00491348
0.175068
0.00377204
0.0497087
0.0114912
0.0494426
0.00547356
0.0118571
0.065406
0.00293635
0.023821
0.0280786
0.00414642
0.00521828
0.00138395
0.00254307
0.00560845
0.0204782
0.0698216
0.00405146
0.00236122
0.0054485
0.0636658
0.0217452
0.00864042
0.0039282
0.00643831
0.000480793
0.00162898
0.00856844
0.00476233
0.0210078
0.00232403
0.00578134
0.000635126
0.00133449
0.0836435
0.293956
0.114696
0.00367289
0.000666925
0.0012856
0.033786
0.00272307
0.0707106
0.00021129
0.00088495
0.0010313
0.00215339
0.00474357
0.00311366
0.00138284
0.00185158
0.00210792
0.00641946
0.01181
0.0214093
0.000495342
0.00130985
0.0355365
0.00120803
0.00494057
0.00353364
0.00842447
0.102718
0.00466064
0.0977927
0.00277636
0.0628311
0.00597651
0.00321047
0.00435727
0.00307498
0.00356945
0.00445462
0.00238112
0.00126339
0.000719974
0.00378632
0.0208254
0.000452264
0.000187679
0.0481905
0.030355
0.00133444
0.00346686
0.00111407
0.126498
0.00120114
0.00372124
0.0034797
0.0050977
0.00273823
0.0020861
0.000984784
0.00504855
0.00239908
0.0650008
0.00448153
0.00158106
0.00329663
0.00361108
0.00610442
0.00129507
0.0216652
0.00485243
0.00192268
0.00599697
0.00312255
0.000625435
0.0228541
0.00444424
0.00467116
0.000637522
0.00190309
0.00403891
0.00162429
0.0120064
0.00110123
0.04184
0.0149361
0.000753043
0.0487001
0.00910247
0.00131931
0.000729437
0.0173103
0.0024951
0.0018911
0.011212
0.0419397
0.027747
0.00633145
0.0116084
0.000889374
0.194889
0.00132995
0.00603028
0.00120983
0.000556249
0.00222416
0.00118452
0.00848756
0.000880047
0.000386679
0.000788327
0.00843866
0.000640394
0.0306483
0.0113778
0.000516107
0.000811645
0.00532718
0.00239487
0.000728728
0.00435667
0.00720721
0.0561075
0.00426118
0.00497415
0.00352493
0.0337591
0.00265272
0.00299186
0.0675082
0.000728521
0.0261294
0.00133618
0.00614387
0.0011125
0.0045249
0.00265886
0.00728298
0.00465282
0.000280848
0.0333715
0.000534759
0.004584
0.00550218
0.00678985
0.0652109
0.013851
0.00316778
0.00283907
0.0342049
0.0449977
0.00155759
0.00379755
0.0300121
0.00279699
0.00528009
0.00577425
0.00944406
0.00278835
0.0304823
0.0368716
0.00248709
0.000312136
0.0273164
0.0101288
0.019755
0.00311786
0.0126554
0.0417061
0.0998556
0.00127784
0.00385328
0.00230142
0.00282885
0.00117865
0.0259017
0.0137123
0.0182392
0.00259571
0.00345155
0.00375233
0.0096646
0.0214492
0.00987543
0.00541335
0.0112961
0.00145177
0.0214223
0.0182128
0.00728597
0.0391365
0.0112964
0.0171604
0.00161752
0.0448305
0.0142053
0.0184233
0.0236627
0.0193283
0.0128198
0.017376
0.00428481
0.0145876
0.0109354
0.0134201
0.000886618
0.00654138
0.014243
0.0067472
0.00506194
0.00363476
0.00565188
0.403272
0.0141226
0.00101689
0.0375431
0.00862079
0.000304779
0.000261223
0.00651759
0.00226581
0.0109856
0.00155322
0.00151033
0.00370952
0.00176794
0.00323109
0.00838571
0.0111702
0.0219484
0.0113948
0.00011574
0.00214337
0.0321386
0.00435161
0.00182126
0.00122554
0.0276008
0.00182767
0.00385103
0.00194228
0.00407626
0.00410998
0.00246978
0.00918423
0.00666148
0.00773218
0.00582075
0.0039682
0.00355124
0.0014865
0.0139569
0.0161032
0.00928009
0.000490645
0.00275706
0.0031816
0.0015861
0.00306722
0.000391312
0.00267966
0.00579678
0.00170985
0.00575422
0.00475017
0.012191
0.0033461
0.00311793
0.00428755
0.00119765
0.00383596
0.00690214
0.00249206
0.0343479
0.000742693
0.00299612
0.00407468
0.00504992
0.00109877
0.00150676
0.000699353
0.000977444
0.00160557
0.0120172
0.0143082
0.00363316
0.000609819
0.00652599
0.00831481
0.00472577
0.00169138
0.00925403
0.00864957
0.00812142
0.0270349
0.000507945
0.00885588
0.000436714
0.000847167
0.000481704
0.00145816
0.0109823
0.00155684
0.0165614
0.00158483
0.000850407
0.00430758
0.00202323
0.00925421
0.00408785
0.00517826
0.00134432
0.00231615
0.000863281
0.0019915
0.00336494
0.00151534
0.00629471
0.00546124
0.00344076
0.00325243
0.000497335
0.00299864
0.00144686
0.00253783
0.00105446
0.000899678
0.00131692
0.00833268
0.00368063
0.00250631
0.00182344
0.00440454
0.000532131
0.00237679
0.00133022
0.00309105
0.000559946
0.00189969
0.00208685
0.00526669
0.00168166
0.00277885
0.00135705
0.00193139
0.00424605
0.00205508
0.00291546
0.00273574
0.00283454
0.0014165
0.00361927
0.00143459
0.00630048
0.00932949
0.00211707
0.00546859
0.000750834
0.00209551
0.00179902
0.00321108
0.00168343
0.000511264
0.0016361
0.00867273
0.00191469
0.00356817
0.00436291
0.0021514
0.00114356
0.000835919
0.0128694
0.00362599
0.0026041
0.00157197
0.000777192
0.00201453
0.046462
0.000461632
0.0217271
0.0439927
0.0225614
0.112357
0.0102244
0.00360778
0.00137237
0.00395809
0.00367007
0.00119613
0.00235886
0.0306761
0.000617686
0.00803482
0.0245939
0.00795656
0.0183375
0.000823729
0.00143087
0.0180113
0.0182823
0.0193187
0.013291
0.0193522
0.0191821
0.0282625
0.0153027
0.016077
0.013921
0.0165899
0.0261105
0.0180229
0.0117354
0.019792
0.0159154
0.0190429
0.0119876
0.0126936
0.0164458
0.0186627
0.0228672
0.0214005
0.0135094
0.0185306
0.0234082
0.0179774
0.0148547
0.0175669
0.022782
0.0217877
0.0166911
0.0177662
0.0140996
0.0189958
0.00231273
0.00127586
0.00682999
0.0168402
0.030291
0.015371
0.0226983
0.0179598
0.00164894
0.0182538
0.0167867
0.0191816
0.0207395
0.014652
0.0188148
0.0177547
0.0154268
0.0126623
0.0156497
0.0209563
0.01319
0.014924
0.0014601
0.0200146
0.011607
0.0152898
0.0154667
0.0119804
0.0154151
0.0282701
0.0215295
0.0110397
0.0206591
0.0187604
0.0132401
0.0143051
0.0138907
0.0146131
0.0205736
0.021353
0.0190605
0.017469
0.019973
0.0207016
0.0161378
0.0204368
0.0139114
0.0192368
0.000652662
0.0144474
0.0161928
0.0190781
0.0105294
0.0127541
0.0251542
0.0134229
0.016692
0.0176536
0.0184933
0.0169352
0.0186683
0.00125789
0.0168065
0.0129451
0.0110744
0.0205146
0.0024788
0.00113919
0.0203
0.0144051
0.023355
0.0178726
0.0164323
0.0181125
0.014692
0.0189574
0.0157799
0.0183419
0.0145757
0.0181378
0.0202953
0.0194658
0.0139506
0.0147299
0.0144577
0.0157061
0.00168154
0.0145069
0.0130831
0.0175937
0.0264518
0.0211557
0.0172083
0.0144522
0.0166348
0.0151076
0.0166148
0.021252
0.0118828
0.0149565
0.018613
0.000867369
0.0163337
0.00290575
0.00225511
0.000952732
0.000738508
0.00511332
0.00154026
0.00206419
0.000493453
0.00110137
0.00468674
0.00303278
0.00359241
0.000493316
0.0027623
0.0028917
0.000950487
0.0022316
0.00134343
0.014904
0.0585726
0.00452299
0.0153559
0.0410996
0.193969
0.00696776
0.0242728
0.0619125
0.0654947
0.00942611
0.00173332
0.0322504
0.00491498
0.00348275
0.390803
0.0172455
0.000667808
0.010718
0.00171875
0.0180463
0.000825193
0.22653
0.00952457
0.00125741
0.005929
0.00321773
0.0690542
0.00625131
0.0211481
0.000947322
0.00393616
0.00217364
0.076393
0.00063575
0.0011731
0.584966
0.138947
0.00284203
0.0135332
0.000931541
0.013798
0.0843862
0.0836412
0.0445009
0.229979
0.000743267
0.0512848
0.00112812
0.144336
0.0079779
0.0021812
0.0110885
0.00246514
0.00345582
0.00255249
0.00359932
0.00452585
0.00550523
0.00488732
0.00303606
0.0133199
0.0704177
0.0156258
0.433088
0.14062
0.00404299
0.00709101
0.0128111
0.0123643
0.00132566
0.0855408
0.100799
0.127308
0.000507281
0.00816608
0.142985
0.000642146
0.00286862
0.00261981
0.000588242
0.00608716
0.0333945
0.00532526
0.00460967
0.00557607
0.0791471
0.00220394
0.236528
0.000593869
0.00211651
0.00218483
0.107929
0.00260213
0.00180494
0.00145303
0.0742271
0.00253265
0.0669262
0.000769458
0.00661466
0.0141443
0.0010578
0.00954643
0.0823862
0.763606
0.00179055
0.0468162
0.0747806
0.000997328
0.0125845
0.00546721
0.00617081
0.00225032
0.00916411
0.0117718
0.00693651
0.0188878
0.00357492
0.00948481
0.00140082
0.00505361
0.0113137
0.00312766
0.00212688
0.00859924
0.00515627
0.00345196
0.0087847
0.0115873
0.0110715
0.0262406
0.0323011
0.0146074
0.00344754
0.0131841
0.00892492
0.00396601
0.00499404
0.0240842
0.0674255
0.00651235
0.0170817
0.00426418
0.00220081
0.00798603
0.062387
0.00352343
0.00149222
0.00446254
0.00524
0.00975783
0.00265759
0.00544529
0.00530248
0.00867562
0.0166508
0.0301228
0.00270405
0.0102134
0.0134859
0.0186949
0.00152434
0.00641758
0.000910546
0.0167974
0.0122163
0.047401
0.0307124
0.0139323
0.103864
0.00460599
0.0176915
0.00348294
0.0313461
0.00636653
0.000294701
0.00824242
0.00741875
0.136846
0.00424501
0.0306536
0.00036393
0.0103541
0.00603548
0.00752308
0.00188179
0.1128
0.112104
0.00749262
0.00484302
0.177338
0.00145562
0.0445051
0.0017702
0.00139565
0.000613315
0.000508595
0.00548804
0.0139552
0.0019481
0.00177521
0.00498299
0.0184447
0.00101762
0.0108317
0.00512971
0.321176
0.0858438
0.00134377
0.031665
0.00808939
0.0183717
0.00679427
0.00363295
0.00515127
0.093663
0.0920777
0.0611212
0.0023204
0.057145
0.00133187
0.0128839
0.00113677
0.00167896
0.00131999
0.0245795
0.0013159
0.000977179
0.00208236
0.0588454
0.00409215
0.0018235
0.00236484
0.00195324
0.000775932
0.0589218
0.0397549
0.00324068
0.00176058
0.00113762
0.0870866
0.017568
0.157731
0.000859729
0.0222404
0.00861558
0.0532857
0.000504512
0.0156204
0.00288481
0.017383
0.00238548
0.00393857
0.027644
0.0293709
0.00161143
0.03449
0.00216009
0.0114145
0.00569361
0.208405
0.00211358
0.00281268
0.0529342
0.0024222
0.0217696
0.00893804
0.0606393
0.00494394
0.000814413
0.256168
0.0425309
0.00134245
0.0599496
0.00960524
0.140199
0.0107565
0.024489
0.127035
0.00103243
0.00227505
0.0151375
0.0283508
0.0152109
0.193463
0.0375977
0.0608359
0.203789
0.00327701
0.0249627
0.00315272
0.26997
0.00768861
0.0161867
0.00873226
0.012375
0.0312473
0.0083158
0.066094
0.123938
0.0123767
0.034324
0.0339626
0.00224405
0.0898419
0.00447711
0.332535
0.0380219
0.00104415
0.019107
0.00308672
0.0013588
0.00279294
0.00687315
0.00277082
0.00073965
0.104781
0.00503466
0.0438671
0.0042494
0.0019571
0.00323345
0.00133151
0.00287727
0.00562824
0.00689967
0.0192206
0.0035945
0.00337437
0.00201672
0.0108475
0.00435095
0.0049034
0.0013024
0.00404946
0.00131997
0.00294339
0.00319363
0.00173835
0.0636816
0.00233279
0.00776347
0.00349869
0.00643146
0.524119
0.00243265
0.0023652
0.0894986
0.0470576
0.0359478
0.0257127
0.0337103
0.0314646
0.00745619
0.00102353
0.491596
0.0196009
0.00717972
0.00296115
0.0675669
0.00352963
0.349294
0.0464045
0.0557559
0.0665068
0.00724525
0.00135981
0.116411
0.193859
0.000888451
0.0059051
0.00453314
0.00193511
0.0577811
0.0548762
0.0436046
0.0273727
0.00440752
0.0289148
0.114564
0.0225874
0.00190603
0.0109494
0.00229274
0.00381177
0.0847861
0.00376006
0.0295083
0.0205084
0.00842826
0.00247212
0.00568385
0.00637197
0.00510689
0.000722881
0.00161134
0.0407731
0.00138762
0.00544921
0.016808
0.00686228
0.00398133
0.0457055
0.00319964
0.00206778
0.0102983
0.0957236
0.119842
0.00494502
0.00673649
0.0035916
0.0271158
0.0654588
0.000900379
0.256596
0.00247677
0.0027238
0.00351074
0.000677821
0.00263247
0.000614266
0.00204418
0.00437736
0.00141775
0.00290525
0.097076
0.106096
0.00154413
0.00251708
0.00383367
0.00319595
0.0296592
0.0221122
0.00209006
0.00466731
0.00496253
0.00330741
0.00374615
0.0395494
0.00195169
0.00364763
0.0011941
0.00860188
0.00327487
0.00475152
0.002826
0.00134341
0.0015232
0.048996
0.209958
0.00285175
0.00214987
0.00119652
0.00376677
0.00157992
0.00480244
0.00255578
0.00909009
0.0024372
0.00288552
0.279915
0.000820862
0.0796707
0.00594412
0.00402587
0.00186131
0.0494944
0.00155881
0.0131817
0.00242139
0.00302623
0.00510063
0.00165017
0.00516721
0.00994569
0.0777989
0.00663517
0.00470754
0.0243775
0.00338004
0.00276613
0.00290778
0.00263763
0.00207551
0.00148416
0.0158965
0.0853527
0.0700802
0.0552678
0.0129685
0.0406444
0.00195291
0.00174302
0.000891133
0.00091441
0.0270704
0.238555
0.0843097
0.000444711
0.0628583
0.0611784
0.0703889
0.0302696
0.00559207
0.00356463
0.198969
0.191229
0.209397
0.0658389
0.00362427
0.00335321
0.0426012
0.00417585
0.0949064
0.000474852
0.168343
0.0349184
0.0549233
0.153922
0.00189611
0.00114918
0.00142674
0.00105132
0.000709293
0.00336535
0.0112881
0.00393307
0.00211535
0.0178016
0.0615497
0.00732537
0.00183298
0.0389038
0.0107424
0.0170194
0.0281987
0.0141044
0.00597569
0.0463943
0.0459189
0.0450158
0.00164927
0.00574723
0.00518011
0.0187455
0.0491848
0.0546855
0.0475859
0.0112945
0.161826
0.642945
0.105309
0.0133721
0.0614783
0.0394016
0.00505272
0.00352348
0.0505452
0.00874415
0.103777
0.043231
0.00417528
0.117169
0.0328944
0.00118592
0.0190833
0.101461
0.0160277
0.00656789
0.00454237
0.00259684
0.0224134
0.0179569
0.101144
0.0264231
0.0210295
0.00452157
0.0228802
0.154705
0.00618912
0.0602541
0.127486
0.00304765
0.00741303
0.0216317
0.0304522
0.00674601
0.0354752
0.000203789
0.0143105
0.000714702
0.122204
0.0288532
0.00397599
0.0237567
0.00598814
0.00923833
0.0448389
0.00100912
0.0132025
0.000475043
0.0297692
0.00104769
0.0254322
0.0339996
0.00943938
0.168907
0.0226379
0.0424539
0.0462173
0.0109766
0.0094291
0.00176172
0.00544209
0.00218059
0.00484339
0.017191
0.00168801
0.00688586
0.00460069
0.0141017
0.00946831
0.00523109
0.00113029
0.00178043
0.00940215
0.000154419
0.00456165
0.006336
0.00362442
0.0061909
0.0320342
0.00419974
0.00219465
0.00262828
0.00441771
0.0382277
0.0252182
0.0309654
0.0131382
0.000880339
0.00813854
0.00684259
0.036713
0.00389906
0.00239332
0.0129733
0.0012172
0.136529
0.00248472
0.00701671
0.0881195
0.0190846
0.00564142
0.00169827
0.0220184
0.0163121
0.00306363
0.000713255
0.0369672
0.00357675
0.0016077
0.00429394
0.00709172
0.00180622
0.0035511
0.00727149
0.0304481
0.00476665
0.0211171
0.172431
0.00684203
0.000308399
0.000905629
0.00746252
0.00544842
0.00839403
0.00526813
0.0442176
0.0030812
0.0103024
0.00266992
0.0010012
0.00187944
0.00243877
0.000998393
0.00353699
0.00474541
0.0014212
0.0062594
0.000863974
0.0067309
0.00230329
0.00545708
0.00281707
0.00102168
0.00197527
0.0046896
0.00739404
0.00096307
0.00124693
0.00202965
0.00170673
0.000504716
0.00744512
0.00106777
0.00164981
0.00654653
0.00123118
0.0013748
0.00123526
0.00505555
0.00184468
0.000563448
0.00139534
0.00120984
0.0031302
0.00159492
0.00120169
0.00380282
0.00142528
0.00674322
0.00106592
0.18445
0.00531287
0.0061
0.00572333
0.0165095
0.00193805
0.00176732
0.00187372
0.00310488
0.00175035
0.000781265
0.0023531
0.000578758
0.00182652
0.00468046
0.00322944
0.00191026
0.0046749
0.00460129
0.0120839
0.00424449
0.00148908
0.00247984
0.0010686
0.0016719
0.00458803
0.00336706
0.00252534
0.00201466
0.00554374
0.00181324
0.00691516
0.000793341
0.0266313
0.010485
0.00228717
0.00368343
0.00867951
0.00651416
0.00386675
0.00201958
0.00350577
0.00173862
0.018119
0.00177461
0.00109481
0.000659557
0.0010717
0.000166985
0.00425318
0.055053
0.269832
0.145649
0.136285
0.155925
0.0215867
0.0241048
0.00148409
0.0166627
0.0329353
0.265923
0.034709
0.0034749
0.049082
0.181995
0.0983175
0.0690184
0.023777
0.0136248
0.00363434
0.000401283
0.0784464
0.00386953
0.0385473
0.0264057
0.195
0.0343666
0.00143189
0.0330032
0.000631594
0.0379829
0.0493857
0.0875399
0.0192164
0.0396628
0.255883
0.0666565
0.00137429
0.00757462
0.00107216
0.118665
0.0215986
0.0173018
0.00898609
0.00061325
0.00248973
0.00801196
0.029219
0.0062371
0.000370279
0.00543789
0.00215672
0.000771482
0.0034764
0.00271027
0.0118161
0.00131357
0.00194849
0.00320407
0.075816
0.0714096
0.062218
0.00265617
0.333696
0.111435
0.00827941
0.0554802
0.00800705
0.000647199
0.016243
0.00877154
0.00204783
0.0110548
0.00103371
0.000482914
0.00259498
0.0101907
0.0150411
0.00634528
0.0205921
0.00352625
0.00243511
0.0160275
0.00265526
0.0010426
0.0699
0.00174519
0.00352333
0.032537
0.0074249
0.00320607
0.000329445
0.0149954
0.00444402
0.00450662
0.00318628
0.00122717
0.00201844
0.0240165
0.0372753
0.00264879
0.00113154
0.00146368
0.00209138
0.00700127
0.0247826
0.0380649
0.00484945
0.00121791
0.0040757
0.0147566
0.050945
0.00210188
0.0061023
0.0045888
0.0496369
0.0148323
0.0018794
0.121032
0.00279812
0.106709
0.0105597
0.0321942
0.0126589
0.00489046
0.00145772
0.00127044
0.0137985
0.000614557
0.0418881
0.00510002
0.00108726
0.000662262
0.025811
0.0677796
0.0376275
0.0249395
0.00478738
0.00132556
0.0883292
0.00554493
0.00188613
0.0185295
0.0023614
0.0109777
0.0352169
0.00194929
0.00310302
0.00847973
0.0254765
0.026956
0.099912
0.0106799
0.00100132
0.00438918
0.0971466
0.0596111
0.00211523
0.0925148
0.0479965
0.228068
0.00319545
0.295355
0.0177098
0.0010691
0.00491856
0.214763
0.000953095
0.0699995
0.0885992
0.00770766
0.0184043
0.261505
0.277474
0.210457
0.00125134
0.00184961
0.0228798
0.000466319
0.00116847
0.0633579
0.177739
0.0027705
0.0125749
0.00356865
0.0040362
0.0472388
0.0125447
0.0825023
0.15226
0.0219405
0.00210512
0.00147795
0.16154
0.0281178
0.401227
0.00881061
0.00954055
0.00435011
0.19976
0.0144985
0.0496675
0.0538688
0.0482902
0.145762
0.0366275
0.0374457
0.102937
0.00155451
0.129324
0.0246529
0.0578811
0.00447888
0.0368982
0.0528862
0.0494183
0.00459221
0.0247675
0.00291609
0.00377247
0.00287169
0.00186663
0.00230328
0.239619
0.000413403
0.0249073
0.00942495
0.00109441
0.0208168
0.00298392
0.0174485
0.026004
0.198806
0.00979856
0.00536198
0.067025
0.0533259
0.129845
0.0867215
0.018418
0.00314007
0.183043
0.0215574
0.00074874
0.0025695
0.000601534
0.156468
0.165034
0.0111219
0.00218707
0.00999034
0.0128598
0.00436115
0.113363
0.40292
0.797786
0.282961
0.0225845
0.00639898
0.0846497
0.00290012
0.015647
0.00302759
0.00847275
0.00259536
0.00570648
0.00206439
0.00242028
0.00448025
0.0279399
0.0141158
0.167985
0.00079547
0.148809
0.000510861
0.00478046
0.167779
0.00190796
0.128466
0.00158694
0.0942586
0.000957447
0.0020271
0.00777854
0.00429685
0.19515
0.00111801
0.0813869
0.00321502
0.0045498
0.0035032
0.00409865
0.00382882
0.0334022
0.00412577
0.00679155
0.084249
0.00335874
0.00135465
0.00438653
0.0045821
0.0598405
0.0081178
0.00567728
0.0190281
0.0479047
0.0227467
0.0040149
0.0240242
0.0632966
0.00130625
0.0140594
0.00600626
0.005087
0.00188016
0.00165748
0.00682291
0.0463815
0.0188679
0.00529982
0.0191746
0.00097696
0.00709875
0.0763927
0.00322293
0.0043453
0.0046605
0.00157273
0.00311895
0.0217032
0.109022
0.00104356
0.00484664
0.239684
0.00141999
0.000755118
0.000793676
0.00264307
0.287135
0.00112771
0.0270244
0.000520498
0.00319941
0.00217623
0.000955608
0.000828943
0.00220202
0.00127257
0.108052
0.0374107
0.415181
0.00896301
0.01185
0.00122566
0.0281443
0.00281937
0.0849741
0.00585455
0.0905314
0.0365275
0.0919811
0.303498
0.00620586
0.00313597
0.00598988
0.0125004
0.0051539
0.0188803
0.293513
0.0021109
0.0102574
0.00142595
0.00171048
0.00225486
0.00939831
0.0250004
0.03702
0.0117353
0.0715185
0.0503157
0.0400202
0.0159709
0.000972723
0.0422585
0.00220002
0.00314707
0.00325704
0.00736981
0.0747731
0.00175318
0.00698891
0.0821967
0.0464756
0.0122333
0.00200037
0.0990156
0.00102042
0.0102376
0.0529114
0.00932641
0.0732043
0.0446831
0.00383859
0.0367508
0.00566212
0.0225826
0.064215
0.0983737
0.00741535
0.067668
0.0593036
0.271393
0.0243528
0.0154724
0.0283349
0.00294684
0.0580519
0.0524813
0.0558048
0.00618653
0.018572
0.134447
0.0393479
0.00214356
0.0140919
0.0232755
0.0197944
0.00224346
0.00280163
0.0065001
0.0352144
0.161387
0.120746
0.0297082
0.014381
0.00554191
0.0688376
0.00615863
0.00280986
0.00291786
0.00424187
0.0279925
0.024496
0.0836319
0.00369917
0.0060798
0.0383703
0.00684236
0.0146603
0.308602
0.0883788
0.0032034
0.0392968
0.000496737
0.0151904
0.0296166
0.00849062
0.012503
0.024127
0.00942155
0.0315951
0.0198627
0.0108901
0.00452255
0.153084
0.0291684
0.0242331
0.0105179
0.0319171
0.00173017
0.015273
0.00241718
0.0509485
0.00160632
0.293056
0.0388186
0.207319
0.0562607
0.00260654
0.230857
0.00971472
0.118753
0.0412894
0.0161345
0.0343783
0.00116938
0.000119804
0.00115398
0.000707767
0.00152804
0.000942145
0.000461054
0.00543283
0.00087211
0.00372565
0.000473797
0.00126201
0.00222801
0.00314555
0.00180754
0.0092025
0.00296479
0.0427866
0.0910555
0.159308
0.0704361
0.841282
0.0438143
0.315405
0.0538377
0.00455922
0.00271342
0.00124415
0.00627217
0.109535
0.00676125
0.000446745
0.000750129
0.00731245
0.00307824
0.0617468
0.00335871
0.0367778
0.0428954
0.00590064
0.0531963
0.001239
0.00527863
0.00562656
0.000568629
0.023428
0.0882095
0.0051796
0.00102573
0.00409681
0.0684261
0.186344
0.00445302
0.00398765
0.0927441
0.000931472
0.279686
0.00330299
0.786159
0.0104058
0.00786899
0.00271465
0.00639396
0.283149
0.000636276
0.00106071
0.00199736
0.0763138
0.00071246
0.137324
0.0127901
0.0233983
0.111424
0.00441883
0.0493258
0.000230046
0.060456
0.016951
0.00252774
0.0137191
0.000966126
0.0947607
0.0199478
0.0250385
0.00170088
0.0026476
0.0154759
0.00198198
0.164505
0.00349967
0.0395036
0.00935253
0.0132442
0.0983982
0.00106038
0.029599
0.019502
0.0231677
0.00770168
0.00171745
0.00654965
0.431752
0.00682179
0.00298644
0.00305756
0.0202597
0.124341
0.00509288
0.00686826
0.0205767
0.0681347
0.102756
0.0336329
0.00375576
0.0175271
0.00837651
0.0568437
0.0507102
0.0165512
0.00126223
0.00278651
0.682331
0.00458448
0.000777384
0.0858854
0.00346002
0.0379302
0.069529
0.00527141
0.00242003
0.0138798
0.0348381
0.112625
0.367939
0.00269818
0.149916
0.0678479
0.030758
0.00339447
0.0015513
0.0015801
0.000394272
0.0868053
0.00814248
0.0689649
0.00552868
0.00625954
0.0441499
0.00352194
0.00789593
0.0301404
0.164023
0.04649
0.0479274
0.00845526
0.00153537
0.0254152
0.00184756
0.00185788
0.104185
0.00103586
0.0039747
0.0900656
0.00141713
0.0247181
0.0060982
0.00912214
0.0132891
0.0360858
0.0266069
0.0661661
0.0567265
0.0210364
0.0012753
0.0296554
0.04734
0.00854949
0.000624005
0.00449215
0.00580138
0.00136767
0.0669518
0.0620974
0.0163245
0.0354021
0.0385458
0.0315214
0.022341
0.000457664
0.0055075
0.0835367
0.0139044
0.282801
0.00373325
0.0613052
0.0108742
0.0145201
0.0059522
0.0154343
0.0658
0.000864677
0.57065
0.00357087
0.00361799
0.00107412
0.0141012
0.0212004
0.286952
0.0292079
0.00244304
0.00511485
0.0125312
0.00748235
0.00306065
0.0112784
0.0587461
0.00113775
0.000641078
0.00311165
0.0371734
0.0430768
0.151009
0.012909
0.013203
0.0230279
0.00154822
0.000921842
0.00434653
0.00265554
0.0155187
0.00210292
0.105284
0.00135598
0.00282434
0.0109635
0.00232469
0.00419937
0.0209108
0.0215912
0.00133292
0.109736
0.000842141
0.00519432
0.00242715
0.243686
0.000794464
0.041673
0.0047914
0.0184173
0.00889334
0.00768782
0.0024561
0.00232512
0.0296898
0.000833503
0.00142957
0.00432399
0.0582466
0.0136134
0.00238033
0.00351468
0.00250953
0.00587632
0.0017425
0.0023262
0.0908535
0.00711061
0.0508437
0.00487449
0.14691
0.00167816
0.0968036
0.00342388
0.00156717
0.00254697
0.00361461
0.00976915
0.00100274
0.0206326
0.00282069
0.00166105
0.00754576
0.0293542
0.000448172
0.0214114
0.000491169
0.00118687
0.00883326
0.00953496
0.0519092
0.0150772
0.735116
0.0593529
0.00172629
0.00147699
0.0191693
0.000365463
0.000380798
0.0380622
0.00238847
0.00147936
0.00283944
0.0445323
0.0077594
0.00935056
0.00524884
0.0195126
0.0018459
0.000263287
0.00137858
0.0011207
0.0889555
0.000827085
0.00518381
0.0167113
0.00197552
0.000394565
0.000497974
0.0353069
0.0284068
0.00122394
0.0045524
0.0322437
0.0022942
0.00211384
0.00132781
0.000846035
0.0869988
0.0104537
0.00354175
0.000232864
0.00180009
0.00405704
0.00728707
0.0767282
0.00237789
0.00917829
0.0100451
0.00119118
0.00637955
0.00248558
0.00357206
0.0259366
0.00550001
0.00280692
0.00137079
0.089398
0.00231711
0.0661472
0.0242112
0.206941
0.00186907
0.0605832
0.000174596
0.00328223
0.0180962
0.00290555
0.138685
0.0039025
0.00547176
0.00197605
0.0150984
0.00107227
0.000666786
0.00168331
0.00331257
0.00265865
0.0368497
0.00269861
0.000438544
0.00342256
0.00144968
0.00438743
0.000701488
0.00153653
0.00671216
0.00370737
0.0013777
0.000821138
0.00524053
0.00540893
0.00270653
0.00164778
0.00684581
0.00123463
0.000493511
0.0032297
0.000817005
0.00188767
0.00424095
0.00290399
0.000582267
0.00156704
0.00179942
0.00391649
0.00144939
0.000984796
0.00143453
0.151334
0.000518378
0.000762401
0.00430326
0.00262047
0.00129008
0.000823345
0.000277587
0.0196056
0.00383529
0.000692047
0.0010682
0.0841255
0.00120469
0.00056238
0.00417134
0.123036
0.00300125
0.00714758
0.0112406
0.000794306
0.00109014
0.00220552
0.00130877
0.000523387
0.0346821
0.00474318
0.0017129
0.0043966
0.000470007
0.0053188
0.00538945
0.00290137
0.0403936
0.0135111
0.00306394
0.00521288
0.000470986
0.00566689
0.00297278
0.00139102
0.00133598
0.0363933
0.000901054
0.00277883
0.0283517
0.0180695
0.00208216
0.000465207
0.00194449
0.00765045
0.0115563
0.0319847
0.00307175
0.00058032
0.0387426
0.000514011
0.00623626
0.0120967
0.0611229
0.0270634
0.00729349
0.0534633
0.00411785
0.00529131
0.00389559
0.0040892
0.00373825
0.000923342
0.00227173
0.00221716
0.00383184
0.00295478
0.047916
0.00206176
0.0424144
0.0663758
0.0586368
0.00440785
0.0152099
0.00147376
0.0440923
0.00108853
0.00562921
0.00321554
0.00227123
0.0028255
0.0243855
0.00223776
0.00537052
0.044962
0.00214675
0.114779
0.00472877
0.0924016
0.003969
0.0052683
0.0262233
0.0913788
0.0288093
0.0456613
0.0267104
0.00123606
0.0803649
0.000937373
0.00381551
0.0157014
0.0433084
0.00254736
0.0311045
0.0287626
0.00219916
0.00359371
0.00927769
0.139939
0.00303719
0.0195111
0.0216542
0.205592
0.00160115
0.321078
0.00772467
0.00392803
0.00181917
0.00130246
0.0013821
0.0180482
0.00140956
0.061935
0.0553267
0.0373695
0.0108545
0.00448422
0.0053267
0.0101712
0.0612446
0.00149764
0.0226067
0.00610056
0.00595427
0.00177635
0.028568
0.00808131
0.00231554
0.00151114
0.0602492
0.0711058
0.0573759
0.00095685
0.00093345
0.0110695
0.0291223
0.0021384
0.00951774
0.0845438
0.00759073
0.0229533
0.0021437
0.0131354
0.00644367
0.126517
0.0114328
0.0100548
0.0343919
0.00543239
0.0234636
0.00114247
0.0704679
0.025547
0.0589404
0.00161286
0.0014232
0.00451472
0.0144092
0.0043007
0.00237752
0.00310581
0.0494637
0.0206628
0.0716939
0.18048
0.000795224
0.214968
0.215954
0.00472875
0.00655499
0.0391923
0.267289
0.00702584
0.00823885
0.00305176
0.0123259
0.00169645
0.0772525
0.108412
0.072654
0.0847291
0.0835421
0.00295638
0.068227
0.0116069
0.0480862
0.0948697
0.00919258
0.098008
0.00206365
0.00229706
0.00344895
0.0980818
0.00127629
0.0231268
0.065047
0.00362015
0.141959
0.00261744
0.063034
0.0140376
0.000560053
0.024491
0.0316106
0.0230197
0.00385125
0.024073
0.0464275
0.00390014
0.00105783
0.00374636
0.0528296
0.00566118
0.00427103
0.0566148
0.00575466
0.0581405
0.0489675
0.00432742
0.0337174
0.00640201
0.00835766
0.0134368
0.0063604
0.00373625
0.0131095
0.00504377
0.00339276
0.00108088
0.00922892
0.00164186
0.00745131
0.021631
0.00412293
0.00452776
0.00473909
0.0046025
0.000775311
0.00251912
0.00106707
0.000866888
0.00687266
0.00795901
0.00208924
0.00667788
0.000754408
0.00284034
0.0016722
0.00324124
0.00394818
0.00101896
0.00776457
0.00692357
0.00137603
0.00420007
0.00440478
0.00078308
0.00096757
0.00549605
0.00177542
0.00139573
0.00278829
0.00103652
0.00316261
0.000312535
0.00423304
0.00782771
0.00257489
0.0030746
0.00117504
0.00598213
0.000901834
0.00211197
0.00403611
0.00291273
0.00399052
0.00488066
0.000796405
0.00255693
0.00373236
0.00248577
0.0016297
0.000943449
0.00324832
0.00108042
0.00420343
0.0145224
0.00150597
0.0314903
0.000867316
0.00575184
0.0238331
0.000834276
0.00106934
0.0224778
0.00303268
0.00447817
0.00125083
0.00282765
0.00161949
0.00395686
0.000843284
0.0011906
0.00374467
0.000889011
0.000551985
0.0143648
0.000473563
0.0031139
0.00310076
0.0031005
0.0024988
0.00323275
0.00600658
0.00366494
0.012879
0.00234472
0.00258995
0.00405202
0.0114758
0.00161855
0.00142095
0.0057509
0.0270365
0.000266911
0.19166
0.296241
0.0136495
0.00524707
0.00321628
0.110741
0.00643138
0.00149332
0.0017597
0.00168869
0.000882739
0.0017827
0.0030528
0.00210919
0.0308987
0.00322504
0.000844374
0.000929768
0.0008212
0.0019775
0.0158312
0.00147045
0.0359719
0.00275813
0.0188864
0.134227
0.00663633
0.00664508
0.00201345
0.0021207
0.00427706
0.00810199
0.00119819
0.000934396
0.00718466
0.00369244
0.00330449
0.000702005
0.00252245
0.0102539
0.00309013
0.00227275
0.00274447
0.0167995
0.00140644
0.00406487
0.00194315
0.00494264
0.00317773
0.00219973
0.00150852
0.00125085
0.00108916
0.00127101
0.0014871
0.00341415
0.000297668
0.00169554
0.000989305
0.000555413
0.00227909
0.00203855
0.00285405
0.0027219
0.00192562
0.00142618
0.00184892
0.000403022
0.00211861
0.0027798
0.00655685
0.00100941
0.00135918
0.00250932
0.000572609
0.000699096
0.00698424
0.00562785
0.000561805
0.00312976
0.0017133
0.00503961
0.00438643
0.00691552
0.00416731
0.00154596
0.00291097
0.00461218
0.00105671
0.00203629
0.00212463
0.00856491
0.000981747
0.0015751
0.0102742
0.153037
0.000548075
0.0011457
0.0214185
0.0781441
0.00227315
0.00119625
0.00280491
0.00107035
0.00102289
0.000693882
0.002098
0.00651134
0.000761237
0.0387851
0.12954
0.00127611
0.00806507
0.0031331
0.00473016
0.00199249
0.0146415
0.00126574
0.0347445
0.00168243
0.00183326
0.00725386
0.0030556
0.000925276
0.100738
0.0154483
0.0493761
0.000290367
0.0625052
0.0864452
0.00423239
0.0216249
0.0710065
0.0495341
0.00283408
0.0213378
0.00306976
0.0552871
0.00982422
0.0469717
0.00144044
0.0652813
0.0433146
0.00950449
0.0132335
0.00333942
0.0701772
0.00283775
0.0314883
0.0245328
0.00552895
0.180204
0.00509533
0.0132059
0.0160129
0.0464138
0.0157918
0.00727388
0.00502035
0.00242092
0.0191255
0.010172
0.0160063
0.0889277
0.0356805
0.000668212
0.0570068
0.00669734
0.0109877
0.0532435
0.0647547
0.00274556
0.0157555
0.00223552
0.000933107
0.0298004
0.0180385
0.0193473
0.0407503
0.0061545
0.00140984
0.0327838
0.034343
0.0145
0.120414
0.0523337
0.00118723
0.0363502
0.00217311
0.00862021
0.222421
0.0389697
0.0720211
0.00625621
0.00175542
0.0033005
0.0123961
0.168009
0.000326149
0.0031971
0.0221102
0.00213788
0.00274725
0.00241729
0.180805
0.000920801
0.00174058
0.00559575
0.00322099
0.039537
0.02578
0.00668617
0.158887
0.00289382
0.0556226
0.011278
0.000428239
0.00170576
0.000864998
0.0011721
0.00190456
0.0030579
0.0226611
0.00274394
0.143977
0.00171669
0.00705411
0.00110967
0.00205667
0.00391818
0.00208869
0.00658539
0.000592262
0.00125268
0.000879337
0.0613921
0.00505712
0.00234719
0.0130632
0.00464623
0.00675951
0.0257688
0.0028261
0.000451807
0.0177068
0.00127912
0.000757597
0.00446773
0.00537297
0.000984329
0.00339289
0.004388
0.0446544
0.000997106
0.00310363
0.100728
0.000260011
0.00225815
0.0295938
0.00419186
0.00839361
0.00217501
0.0013528
0.000733984
0.0110207
0.0018749
0.00794155
0.00514242
0.00063214
0.00528545
0.0151638
0.00396208
0.00663614
0.00501825
0.0100988
0.00315991
0.00156968
0.00183795
0.000635324
0.0026068
0.00162353
0.00100326
0.109805
0.00059936
0.00186213
0.00742333
0.00353906
0.00262918
0.00126654
0.0121689
0.00497998
0.00199586
0.00221271
0.0256683
0.000422563
0.000655857
0.00169416
0.0118056
0.00405735
0.00404564
0.00506437
0.000608492
0.00397613
0.000747669
0.0192878
0.131459
0.00261367
0.00688567
0.00562089
0.0380732
0.00298596
0.00152301
0.000690523
0.0014275
0.00269007
0.00364947
0.00586996
0.00322877
0.00377611
0.00349786
0.0548896
0.0175145
0.002819
0.000483847
0.00863751
0.00041222
0.0128429
0.00278661
0.00129818
0.047074
0.00635194
0.000880112
0.00330339
0.00302102
0.00351951
0.0118281
0.000995588
0.00598335
0.00127119
0.00256546
0.0026873
0.000557531
0.000769006
0.00444105
0.00206477
0.00154188
0.00425877
0.000760275
0.336869
0.00298807
0.000544364
0.187192
0.00217661
0.000291143
0.00418679
0.0023937
0.0220216
0.0198297
0.000904061
0.000864827
0.00278557
0.0103135
0.00277196
0.00319467
0.000502784
0.00277828
0.00285787
0.00130001
0.00262083
0.00192493
0.00825924
0.00189775
0.0111659
0.052236
0.0036255
0.00122287
0.00372159
0.000741654
0.00034003
0.000770181
0.000329462
0.00245681
0.000618891
0.000546058
0.00256818
0.00683878
0.000424176
0.0197918
0.002329
0.00136261
0.0153411
0.0127377
0.00480016
0.00142647
0.00726568
0.00169216
0.00538171
0.00283687
0.000776279
0.003271
0.00464603
0.00357825
0.0175789
0.000292193
0.00161586
0.00175021
0.0319112
0.000370673
0.00316193
0.0759816
0.00125561
0.0815262
0.00133106
0.0016849
0.0249818
0.00305956
0.00120733
0.0010939
0.0335216
0.00182873
0.000441298
0.0136744
0.0164618
0.000558206
0.000940566
0.0160069
0.0446006
0.0149241
0.0119143
0.00168074
0.00140652
0.00293528
0.00139724
0.00177301
0.00326598
0.00349614
0.00179466
0.0243256
0.000470383
0.0311396
0.248585
0.00116434
0.00167066
0.101125
0.00130416
0.00425787
0.0729482
0.00290121
0.00418335
0.00614377
0.222903
0.209675
0.00706449
0.0235432
0.00232101
0.0343412
0.000881176
0.00520369
0.00375659
0.00101071
0.0134453
0.0050595
0.00346394
0.00532162
0.0946183
0.00650592
0.00126731
0.00061418
0.00282057
0.00771074
0.00853281
0.00241645
0.00106253
0.0175574
0.0220482
0.00234126
0.0003652
0.106493
0.000970788
0.00149477
0.000465025
0.0118469
0.100984
0.00226231
0.00689312
0.140469
0.00344492
0.00263741
0.039031
0.215722
0.0170054
0.000748913
0.0217492
0.00230615
0.276188
0.00207886
0.269947
0.00533412
0.00064975
0.00413695
0.0902969
0.00122448
0.0015082
0.00340672
0.00178221
0.0160828
0.00267932
0.000948608
0.0547189
0.000266068
0.00463929
0.0129101
0.0949112
0.00208666
0.13893
0.0156751
0.00871655
0.000891898
0.0483272
0.00117731
0.00159647
0.00261456
0.00110859
0.00325343
0.0835443
0.00366921
0.0369699
0.0193861
0.00173749
0.00302825
0.0516678
0.00208963
0.00760538
0.0749149
0.14068
0.0152469
0.00240409
0.0229812
0.0187136
0.00600852
0.00674667
0.00606045
0.077745
0.25225
0.000553447
0.0764891
0.00955308
0.00238513
0.00111284
0.110295
0.0852319
0.00147223
0.368178
0.00476072
0.144693
0.00375909
0.000300221
0.00076268
0.00754005
0.0104206
0.384916
0.00396839
0.00208831
0.0169098
0.0266224
0.00109277
0.0638702
0.0530291
0.0436684
0.00665978
0.0718358
0.000740024
0.00424359
0.179258
0.00685334
0.00191047
0.000868529
0.0062782
0.00823363
0.00262034
0.00927068
0.181718
0.00710625
0.00132374
0.0108957
0.0255314
0.0549564
0.000908568
0.000856344
0.146942
0.0181172
0.262067
0.00281195
0.0562184
0.0679275
0.00940568
0.0612179
0.00572181
0.0484123
0.0630775
0.000892489
0.00412569
0.00498768
0.00103831
0.0195786
0.1972
0.0296395
0.0951915
0.0333783
0.344281
0.0937122
0.0205247
0.00491649
0.026898
0.703563
0.00186784
0.00124011
0.0388333
0.291244
0.1313
0.0363709
0.0510558
0.0192708
0.176422
0.000952509
0.000546234
0.0298585
0.35437
0.00322223
0.00310125
0.00208861
0.00261474
0.00246348
0.0188037
0.0552295
0.00184789
0.0117399
0.113045
0.0342263
0.0276835
0.0924719
0.00219824
0.00266086
0.0604059
0.126686
0.0144505
0.00323807
0.00178602
0.00139495
0.00165886
0.0152379
0.000391393
0.00193757
0.000343557
0.00513911
0.00180833
0.0293639
0.00577047
0.00347339
0.0167934
0.00408614
0.00498445
0.00234555
0.0536382
0.00164185
0.00466883
0.0358235
0.033503
0.00107263
0.000328219
0.000919778
0.0021563
0.00342683
0.00222248
0.0457625
0.0259427
0.00741777
0.0466242
0.00181064
0.0518247
0.0461373
0.00305684
0.0059906
0.00219554
0.00423257
0.000442343
0.00100621
0.000442725
0.00111516
0.125663
0.0349768
0.00230809
0.00109438
0.0062053
0.00314339
0.000989927
0.00103884
0.00916651
0.000722743
0.00260923
0.00638251
0.000452221
0.00893976
0.00133039
0.0016846
0.00907546
0.00411686
0.00529513
0.0787848
0.0115968
0.0816658
0.00191385
0.00206639
0.00337626
0.00518016
0.00131626
0.00473629
0.00340872
0.00155343
0.0202324
0.00553232
0.000625678
0.00332919
0.0111125
0.000453308
0.000797283
0.00205178
0.0280566
0.0168604
0.021182
0.00718795
0.0130208
0.00611416
0.00183084
0.00203669
0.00344781
0.00311955
0.0046422
0.00312363
0.00109945
0.00144638
0.00706091
0.00176656
0.00182661
0.0056927
0.00719273
0.000549438
0.00491525
0.0054506
0.00398613
0.00138856
0.00291375
0.00242927
0.00194707
0.0018382
0.020166
0.00101517
0.00204329
0.00556431
0.00465379
0.00349416
0.00223091
0.00175664
0.00274083
0.00247008
0.000902381
0.00135912
0.00484418
0.000995845
0.00751974
0.00221846
0.00075392
0.000757836
0.00167135
0.00153871
0.00658579
0.00188763
0.00211394
0.00306176
0.0028481
0.000777178
0.00142367
0.00204133
0.00122075
0.000175642
0.000817918
0.00646049
0.000655249
0.00206737
0.00264619
0.00216568
0.00290443
0.000645763
0.00200456
0.00150481
0.00291614
0.00169575
0.000661
0.00458314
0.000620289
0.00339836
0.0015505
0.0639784
0.00112694
0.00655581
0.00134272
0.0202572
0.00543946
0.0272519
0.00150309
0.0133911
0.00745772
0.0451673
0.0665421
0.00332539
0.0023525
0.00149696
0.000483712
0.00112466
0.0434899
0.137723
0.065439
0.236591
0.0427668
0.0419241
0.00405526
0.000363575
0.128434
0.0123946
0.0990062
0.0469059
0.0182723
0.0125832
0.0011506
0.0294511
0.00922257
0.00510753
0.00436575
0.00428636
0.0273534
0.0488145
0.0659448
0.00234426
0.0172763
0.034913
0.0913702
0.0135872
0.000529505
0.0283968
0.0229702
0.073456
0.0202774
0.0818472
0.0256489
0.00262449
0.000719446
0.0058385
0.0181487
0.00218091
0.0923302
0.00193062
0.00337206
0.0633149
0.00125035
0.0390345
0.00247197
0.0277682
0.00106888
0.227054
0.0010686
0.0296326
0.00166076
0.0378586
0.0173697
0.00517544
0.0246861
0.112345
0.00207223
0.000593431
0.00805713
0.0205854
0.0109782
0.0597048
0.00245757
0.0654526
0.0141788
0.00218204
0.0644227
0.0153994
0.00431208
0.00436561
0.171761
0.00836158
0.0679556
0.00226736
0.0243474
0.0279873
0.00636203
0.000678035
0.0548373
0.00412825
0.0476365
0.00368841
0.0846113
0.00270201
0.00854176
0.00209723
0.0380805
0.0187197
0.0249276
0.190162
0.0012537
0.14969
0.0879084
0.049121
0.0506884
0.00186017
0.0773378
0.0221389
0.0400871
0.0115428
0.0011446
0.199471
0.0291733
0.00272313
0.015085
0.00240749
0.00121156
0.00309707
0.00310264
0.0675755
0.0037549
0.00339446
0.0555767
0.133409
0.0382782
0.103994
0.053339
0.0407957
0.000708974
0.0981877
0.016308
0.0339507
0.0321263
0.00127382
0.000643216
0.00226972
0.0191989
0.0461024
0.0169076
0.0884548
0.0225415
0.053483
0.0315088
0.0104422
0.162288
0.0196433
0.0115989
0.203184
0.00718709
0.0909736
0.052795
0.0116359
0.0019474
0.000716928
0.00378445
0.358465
0.273735
0.043319
0.0677532
0.0816706
0.096824
0.000352056
0.00174616
0.0600764
0.0621368
0.00885058
0.00150837
0.0678539
0.0214572
0.0103024
0.0441315
0.0393988
0.000722184
0.0264586
0.0202815
0.41108
0.00927407
0.00366263
0.316274
0.318139
0.00255021
0.000419108
0.0144024
0.0122229
0.0428741
0.429137
0.00457099
0.200823
0.0484819
0.00176637
0.000966156
0.0478203
0.0635711
0.0344859
0.0103996
0.000865148
0.000715375
0.242094
0.0044565
0.278652
0.226042
0.00735822
0.0309788
0.0239405
0.189271
0.00248879
0.168659
0.0397749
0.095011
0.11255
0.0266334
0.127353
0.0277393
0.0832711
0.0259207
0.0342376
0.0309686
0.0734587
0.00807231
0.400345
0.0177593
0.00887782
0.0213364
0.000912808
0.0467536
0.141388
0.0363405
0.0391373
0.0444016
0.0344753
0.00262192
0.0274927
0.0506126
0.0510651
0.104701
0.00330903
0.0305445
0.0131138
0.00178365
0.0271358
0.00184442
0.0101293
0.0411962
0.0381802
0.00174107
0.334294
0.0227565
0.00929806
0.00627336
0.0323924
0.146568
0.00198409
0.00339361
0.348523
0.040306
0.0289589
0.013042
0.0152243
0.0204202
0.00125281
0.000497287
0.00137183
0.00639336
0.00408093
0.00559804
0.121131
0.00450902
0.769853
0.0426128
0.00133276
0.00148967
0.0480536
0.00746471
0.00217006
0.0195195
0.0261471
0.171312
0.0132361
0.0012566
0.0025715
0.0181128
0.0160518
0.00358876
0.00320581
0.00151083
0.0102014
0.115243
0.000724397
0.00112645
0.0575362
0.0112552
0.00149665
0.00430322
0.00351127
0.0214446
0.00900942
0.0530781
0.00632236
0.00718353
0.00838249
0.00443333
0.0102926
0.0230753
0.00923147
0.00332434
0.00263162
0.0068624
0.0126867
0.00155469
0.00204901
0.000495091
0.000374754
0.00426674
0.114132
0.00689205
0.00350751
0.000924735
0.000369054
0.00432097
0.000927354
0.00518761
0.00143722
0.00758698
0.0323165
0.00131651
0.00444802
0.00723455
0.00251251
0.0247537
0.00283671
0.00296516
0.00102971
0.444799
0.00181636
0.0117629
0.00179293
0.000315555
0.00223621
0.0492622
0.0894468
0.00395702
0.00843108
0.00561337
0.00106703
0.00695284
0.0174349
0.00396748
0.275135
0.00312852
0.0054131
0.0352241
0.0010645
0.0310498
0.00101558
0.00174435
0.0017041
0.0130843
0.0011436
0.0129604
0.0360283
0.00424909
0.0104191
0.0584386
0.12247
0.0116475
0.00263939
0.009055
0.0264221
0.00138626
0.0424861
0.00371946
0.00499582
0.00195647
0.000994029
0.00259249
0.00170586
0.00271742
0.00163205
0.0772026
0.044102
0.000220291
0.0014466
0.000953992
0.000986671
0.00127832
0.0704457
0.0028702
0.0104123
0.00377301
0.00229898
0.00151921
0.0030198
0.0803418
0.00670036
0.164286
0.000814681
0.00190103
0.00276628
0.00239462
0.0216004
0.00156167
0.00364391
0.0220939
0.0474381
0.00868883
0.00482332
0.00178598
0.00165721
0.000356995
0.00125622
0.00132416
0.00220548
0.00146718
0.0297424
0.00572529
0.0599356
0.00339424
0.00311441
0.00322534
0.00202291
0.00428748
0.0109441
0.00525398
0.00145335
0.126166
0.0534961
0.00520575
0.0008924
0.00304641
0.00900884
0.0933545
0.0430122
0.44352
0.000751317
0.00108903
0.000299677
0.00127757
0.215184
0.00239688
0.000751569
0.00209321
0.00482144
0.063388
0.000792278
0.204486
0.000468208
0.0427423
0.165482
0.000500158
0.0631001
0.00101334
0.0469668
0.00359632
0.00200792
0.000767102
0.000779368
0.00150731
0.00123477
0.00859202
0.000112942
0.000943669
0.000922097
0.000516222
0.0015247
0.00315825
0.000867042
0.0469525
0.00228265
0.00323953
0.0017697
0.000489109
0.0578939
0.00217363
0.00234466
0.00315024
0.00554885
0.0235338
0.0053592
0.00120518
0.00606463
0.00331279
0.0111836
0.0337006
0.00336572
0.00211887
0.00233862
0.00800516
0.000435597
0.00154541
0.00036419
0.00629128
0.00353735
0.00110415
0.00107199
0.0473939
0.00684191
0.0567653
0.00142913
0.00176402
0.000930072
0.0031952
0.121333
0.024545
0.177377
0.000864362
0.0371249
0.00164696
0.000932483
0.0785945
0.00448148
0.0187261
0.322279
0.00299117
0.00617332
0.00802657
0.00419851
0.000627352
0.0152617
0.00448722
0.0242949
0.0425452
0.00317523
0.00274432
0.0268986
0.00182965
0.0937403
0.00959478
0.00211958
0.00189124
0.0588738
0.0215971
0.00889684
0.00138461
0.0088462
0.00136952
0.0294784
0.225341
0.00297512
0.00392166
0.0107033
0.0102449
0.116492
0.00409783
0.00720181
0.00523005
0.00487821
0.0521745
0.000812241
0.00232782
0.00279724
0.0392247
0.0664858
0.0322054
0.0436408
0.0277808
0.00126016
0.0096369
0.000844587
0.0884579
0.000225072
0.142784
0.00319738
0.0150638
0.0328168
0.100909
0.00221129
0.0359336
0.00218341
0.00349995
0.0239012
0.00905202
0.0165595
0.229848
0.00127503
0.00196437
0.00373329
0.013063
0.00978863
0.148444
0.0441208
0.00122314
0.0670372
0.195047
0.0110518
0.327413
0.0154191
0.0626279
0.0033722
0.00859854
0.0338223
0.124822
0.0151439
0.0168487
0.0318238
0.0359167
0.488202
0.34117
0.00937759
0.0209006
0.00235683
0.0139039
0.00206201
0.532526
0.0295008
0.163743
0.0267094
0.0657126
0.000590993
0.00144388
0.000450975
0.177589
0.164954
0.252526
0.0647053
0.000763937
0.141957
0.203321
0.0438397
0.160423
0.0630243
0.000979904
0.00426937
0.0083739
0.0536246
0.000346861
0.211847
0.0454009
0.0129512
0.0125581
0.00163676
0.0498918
0.0847791
0.0734722
0.0925761
0.035948
0.00282139
0.00166182
0.0924701
0.0523207
0.0973473
0.00698213
0.0925388
0.00159212
0.607586
0.0141233
0.0338717
0.05325
0.00621725
0.156807
0.00450066
0.0059035
0.00100316
0.00296856
0.00160495
0.00115199
0.171706
0.000612576
0.00197293
0.00228304
0.00197184
0.0332064
0.015589
0.00769392
0.00155515
0.00325029
0.00201174
0.00971474
0.00116726
0.00981674
0.000253311
0.000841567
0.00100105
0.00259476
0.118263
0.00119058
0.00111887
0.0112536
0.000930625
0.0928155
0.00172897
0.00630286
0.0477722
0.00544802
0.0031616
0.00394753
0.0164317
0.000650852
0.00107561
0.0041025
0.00356823
0.0297057
0.00410031
0.00118816
0.0120649
0.00239193
0.027302
0.0200494
0.000947014
0.00157999
0.00303585
0.100043
0.187825
0.0468235
0.00624171
0.00110441
0.0313674
0.0034922
0.00405182
0.00149362
0.0672636
0.0353831
0.0245149
0.00964534
0.0567754
0.00295674
0.00472224
0.0517764
0.00243411
0.000412184
0.0181984
0.0407101
0.00373421
0.0251426
0.00186407
0.0164592
0.002783
0.0442605
0.000426638
0.0269526
0.00345766
0.0230467
0.0013155
0.00170402
0.0125063
0.000305401
0.000938016
0.00401056
0.0493391
0.00476361
0.00660631
0.00279312
0.00403841
0.0322792
0.0167342
0.000788554
9.29194e-05
0.00193052
0.00181006
0.042575
0.000800656
0.131244
0.0135698
0.0924099
0.117938
0.037186
0.000383489
0.00099578
0.00158197
0.00100571
0.000901287
0.0336022
0.00107074
0.0533453
0.00501582
0.000270288
0.0691277
0.000810411
0.14867
0.00527349
0.000725478
0.00135376
0.000491545
0.00661273
0.00482038
0.000275734
0.0025468
0.00710884
0.0469932
0.00231868
0.000832907
0.00235494
0.0103157
0.0139156
0.00191646
0.013742
0.00162432
0.0234886
0.00324263
0.00706411
0.0103169
0.00375239
0.00526849
0.0295527
0.00181253
0.00735416
0.00367758
0.00334261
0.00668609
0.0320566
0.00764694
0.00137812
0.081317
0.00511675
0.00336469
0.00195642
0.0191247
0.00045659
0.00316701
0.00313196
0.00202297
0.0210297
0.00826383
0.0820495
7.67486e-05
0.00392859
0.0370963
0.00471673
0.0357809
0.0712708
0.00379152
0.0203025
0.00934968
0.113642
0.00178958
0.00120516
0.000427612
0.00213971
0.00767509
0.000519856
0.000950528
0.000971587
0.00693391
0.000716587
0.0011574
0.00235988
0.0006402
0.000711143
0.00300246
0.0021591
0.00544065
0.00181878
0.109807
0.0985373
0.00193722
0.00228959
0.00375177
0.115478
0.002777
0.00150211
0.00732102
0.00115526
0.0361473
0.0100527
0.0044524
0.00230459
0.0141154
0.0824086
0.106301
0.00289819
0.00364577
0.00275568
0.00292373
0.00144538
0.00149062
0.00807209
0.000956968
0.00157194
0.00198396
0.00140852
0.00304965
0.0027186
0.00247458
0.0806143
0.00136291
0.00088131
0.00608352
0.00271939
0.0104637
0.00555112
0.00345353
0.00186784
0.00421477
0.00164087
0.011981
0.000535004
0.00544542
0.00244517
0.00018297
0.0035063
0.0242722
0.00182695
0.0037931
0.000904794
0.00272275
0.00574486
0.000439061
0.00260815
0.000696345
0.00135957
0.00163808
0.00527714
0.00120836
0.00376134
0.00109351
0.00572314
0.00198265
0.0141291
0.0035944
0.00241603
0.00413004
0.00746459
0.000628706
0.0033716
0.00110897
0.00546659
0.00165568
0.000506858
0.00279584
0.00257527
0.0064136
0.000191346
0.00081301
0.00201248
0.0029321
0.00347532
0.00320374
0.0035632
0.00151254
0.00177795
0.00322243
0.000247202
0.00128936
0.00190119
0.00333179
0.000743398
0.0064704
0.00270229
0.00384267
0.000446781
0.000667148
0.00210475
0.00150069
0.000964264
0.00343159
0.0019436
0.00212232
0.000628693
0.00403708
0.000904682
0.00473355
0.00366564
0.00110518
0.00298389
0.00133597
0.00304582
0.00145059
0.00280634
0.00308261
0.00186988
0.0012653
0.00151151
0.00116494
0.00134976
0.00176916
0.000103783
0.00137326
0.0044821
0.00204576
0.00139815
0.00222809
0.00352756
0.00113464
0.00310055
0.00545731
0.00151511
0.00606754
0.000450634
0.00720482
0.00341769
0.00629289
0.00127732
0.177593
0.000588299
0.00335035
0.0109685
0.00215316
0.000626981
0.0494052
0.000679798
0.000625631
0.0480571
0.00391514
0.00330772
0.00814716
0.0196744
0.0074535
0.0112106
0.00452601
0.00802443
0.0101179
0.0231866
0.0020965
0.00350392
0.0139793
0.000994313
0.00290531
0.0304799
0.00271972
0.0537529
0.00868503
0.00869731
0.227783
0.00968607
0.00426849
0.00463942
0.00787484
0.00563716
0.0239705
0.00349468
0.00149538
0.00141201
0.0852739
0.0590914
0.00553789
0.00979971
0.00774085
0.0052058
0.00684576
0.00606399
0.00510488
0.00431164
0.00161176
0.00664403
0.0035764
0.00570717
0.00949823
0.00290124
0.000678059
0.027748
0.00978544
0.0123045
0.00563526
0.030719
0.00224009
0.0124704
0.0883394
0.0139173
0.0039815
0.00540621
0.00696418
0.00297696
0.00534921
0.00137614
0.0449115
0.00340666
0.012398
0.000330132
0.0110482
0.0320038
0.0201289
0.000788907
0.00273581
0.0901414
0.0439405
0.00195496
0.105239
0.0115
0.00841651
0.00249239
0.00198114
0.00576975
0.00353708
0.0794971
0.138908
0.00194396
0.00219781
0.00677431
0.000368691
0.456929
0.00335846
0.00388398
0.00247327
0.00633557
0.00660669
0.00988791
0.388328
0.00893329
0.0349869
0.00554721
0.00329728
0.000923651
0.00718672
0.00123605
0.00327148
0.00487041
0.0580596
0.00460216
0.173658
0.00256649
0.00954896
0.0084418
0.081985
0.0055768
0.0169622
0.00591057
0.00526779
0.00354953
0.0288817
0.00649487
0.0371332
0.0279558
0.00631919
0.0376077
0.00177775
0.00171112
0.0026697
0.00110816
0.00298041
0.000967285
0.00155012
0.000462585
0.0346421
0.0735647
0.00931706
0.171815
0.00211643
0.0582186
0.0335793
0.0197684
0.00616487
0.0131167
0.00634466
0.00454411
0.000695114
0.00166958
0.00338378
0.00963932
0.0221721
0.00466956
0.00176999
0.00846865
0.00263305
0.0024245
0.00197797
0.00226374
0.36389
0.00174827
0.0269479
0.00196555
0.0108036
0.00179979
0.125668
0.0943267
0.0434961
0.000794578
0.00325049
0.00329459
0.000888528
0.010331
0.00048999
0.0161681
0.00698825
0.00351386
0.00189834
0.00225633
0.00589432
0.00468625
0.00377784
0.0145596
0.0137759
0.0082906
0.00318428
0.0162609
0.126841
0.00209986
0.00343988
0.00924655
0.0615665
0.00366379
0.0586997
0.00188645
0.00124494
0.0296924
0.00519174
0.00345185
0.0019274
0.0221644
0.00368223
0.00659196
0.00822884
0.0394613
0.00285879
0.00162376
0.0015162
0.00239233
0.0142762
0.133226
0.049423
0.00164249
0.0148765
0.200692
0.00254255
0.000905495
0.00317392
0.00217333
0.00904518
0.0124084
0.00835298
0.208168
0.00230003
0.00280278
0.0199805
0.00600176
0.0260565
0.00372799
0.00206385
0.0685985
0.0924823
0.0258828
0.00216568
0.3683
0.0138044
0.0035746
0.0600273
0.0639577
0.0969412
0.852576
0.0610374
0.00962554
0.138189
0.0126669
0.0872754
0.00477928
0.266636
0.0578403
0.0508146
0.00683271
0.024675
0.0121849
0.0568104
0.00527274
0.00120042
0.0892251
0.00268229
0.00256933
0.0013021
0.0432506
0.0183102
0.00624821
0.000809392
0.0442293
0.0608716
0.0508549
0.0774554
0.04396
0.0358592
0.0321176
0.0873389
0.0155501
0.350143
0.0293867
0.00832755
0.0435683
0.0303026
0.0145473
0.00538542
0.0517862
0.0012036
0.00678789
0.00681533
0.0196569
0.10356
0.00466991
0.0871353
0.0175478
0.00860823
0.0577702
0.000254209
0.00126982
0.0036902
0.0322323
0.121006
0.0200347
0.0114078
0.0460124
0.00353582
0.00364968
0.0589678
0.00241914
0.360639
0.0188367
0.0720267
0.0704398
0.00163346
0.054179
0.175827
0.00193998
0.00273689
0.0138839
0.00272834
0.0108306
0.00275288
0.0166689
0.0232757
0.00539205
0.00374978
0.0397289
0.00672
0.0388101
0.00118483
0.0018106
0.0011394
0.0309546
0.0533315
0.0218071
0.0700818
0.054679
0.00134088
0.00725426
0.00475887
0.00162989
0.134112
0.0291333
0.00323028
0.0384725
0.0677893
0.00812257
0.0509525
0.0389379
0.00416654
0.00257051
0.011285
0.00151441
0.00188928
0.00400767
0.00025577
0.00188773
0.0937516
0.00529854
0.0139023
0.158668
0.181243
0.0125426
0.0256747
0.00311909
0.0567763
0.159511
0.116779
0.00152733
0.0016433
0.459491
0.00252587
0.102892
0.00471268
0.00124212
0.00302778
0.00018421
0.103292
0.00162635
0.0259436
0.0166617
0.00243451
0.000683475
0.124877
0.0110962
0.00315722
0.00337879
0.000749182
0.00116718
0.11421
0.0042459
0.0407071
0.00725843
0.00417565
0.00522326
0.000987471
0.00104697
0.0875314
0.321534
0.06492
0.0482899
0.00311001
0.00119724
0.00345119
0.0250393
0.00114585
0.0168921
0.00206979
0.0317592
0.00380831
0.000879087
0.000603848
0.000931994
0.0270341
0.361075
0.0266161
0.000761991
0.00459301
0.00108831
0.00134585
0.00521454
0.0030578
0.0308465
0.00157009
0.00499979
0.0035252
0.0968676
0.00745754
0.131427
0.021822
0.0298979
0.00402902
0.00903634
0.00357453
0.0170383
0.00256236
0.00518688
0.166466
0.0139079
0.00216728
0.000909587
0.00530871
0.00378867
0.0240448
0.00966032
0.00394579
0.00892946
0.0226542
0.000555832
0.00208696
0.000787523
0.105907
0.000510142
0.00950771
0.0054388
0.00383074
0.0174274
0.00214796
0.00643923
0.0951504
0.00105651
0.0083223
0.00384486
0.0233941
0.0392367
0.0697651
0.216771
0.00652573
0.0020425
0.00182788
0.000727013
0.0311171
0.001169
0.00231264
0.00081055
0.0192062
0.0022215
0.0711664
0.0010601
0.00122818
0.0015502
0.000407069
0.0729627
0.000505345
0.00126968
0.000454383
0.00112178
0.000894274
0.0249442
0.000735056
0.0327196
0.00178209
0.0122253
0.00293766
0.00426856
0.00217298
0.000491697
0.00709282
0.000404402
0.00122549
0.00357942
0.0164759
0.000567112
0.331015
0.000907833
0.0261525
0.00102743
0.000948441
0.00601835
0.00230812
0.0448773
0.00119321
0.0381144
0.00457719
0.0218775
0.058628
0.0416993
0.00211946
0.000703139
0.00687087
0.00225433
0.000995252
0.00114113
0.00125868
0.00167666
0.031875
0.00238028
0.000869655
0.0011046
0.00657859
0.0531644
0.00263293
0.00288258
0.00187829
0.0038804
0.0220807
0.0032849
0.000810999
0.00184907
0.00149923
0.0156524
0.00352749
0.0586344
0.00139809
0.00487539
0.080309
0.000147991
0.000827018
0.00191607
0.00496559
0.000670513
0.0116502
0.00792588
0.0282305
0.00357461
0.00152719
0.000475478
0.0207227
0.000148938
0.0508026
0.00120205
0.0070916
0.00252055
0.00871455
0.000856084
0.00701305
0.000947182
0.0368792
0.0280497
0.000711278
0.0359715
0.00581781
0.0193649
0.000690854
0.074911
0.0881266
0.000461973
0.00574331
0.0438762
0.000969148
0.227262
0.00163191
0.0329487
0.00542542
0.0388869
0.000485183
0.00626803
0.142106
0.00182176
0.0104103
0.0279727
0.59831
0.0447582
0.142696
0.00109596
0.00120633
0.000838975
0.00699971
0.00136879
0.00175013
0.0292067
0.000798151
0.00115031
0.0012904
0.00099599
0.00503389
0.00218101
0.0271879
0.00422602
0.00115938
0.00107319
0.0103021
0.00376321
0.103152
0.0023837
0.025963
0.0788261
0.0135654
0.00264932
0.0816183
0.00533181
0.00179243
0.00161595
0.00492973
0.00121525
0.00934206
0.00319038
0.016414
0.11349
0.0011991
0.022457
0.00522719
0.00275568
0.0080659
0.00117906
0.000566305
0.00467176
0.00152834
0.000940804
0.000806882
