0.55247
0.303803
0.0146473
0.00175858
1.42017
0.617404
1.77984
0.0407752
0.00513394
0.0329411
6.20339
0.00824549
0.529821
0.289727
0.0105946
0.0333317
0.47827
1.26451
0.635741
0.0126071
0.560629
0.717699
2.76258
1.03389
0.100628
0.886616
0.00844968
1.21389
1.42336
0.0037096
0.0375176
0.307568
0.0373261
0.813676
0.242944
1.51264
0.0197326
0.470553
0.0667984
0.00185122
0.0251291
0.778718
1.21935
0.204713
0.719988
0.630013
0.442343
0.296326
0.925461
0.269282
0.4003
0.536379
0.666032
0.0181724
0.0743872
0.0364455
1.43131
0.623874
0.0140381
1.78831
0.0214757
0.942071
0.209487
0.545215
0.658204
0.0347455
0.00234422
0.0239477
1.16114
0.572123
0.0638761
0.46123
0.0308659
0.0618312
0.0147596
0.0845429
0.621056
1.59682
0.104817
0.436646
0.0527572
0.00255046
0.279587
0.00701117
0.686143
0.220392
0.0268554
0.015269
0.0261523
0.0226229
0.522201
0.0147762
0.00617571
0.368212
1.61478
0.389004
0.472777
0.0125401
0.439021
0.00233849
0.00157159
0.322088
0.177324
0.381785
0.00875448
0.0452085
0.00431139
0.000813393
0.00863517
0.011298
2.02917
0.013292
0.010674
0.0119599
0.0155498
0.0467377
1.01828
0.00189999
0.0249114
2.33823
0.0493539
0.00427204
0.52847
1.0458
0.0156797
0.026898
0.0187054
0.0233088
0.0680574
0.0037682
0.662003
0.371522
0.470293
0.245307
0.00325887
0.0773599
0.370291
0.211051
0.00292301
0.0549043
4.17618
0.328553
0.093051
0.0180285
0.0670519
0.0256758
0.573918
0.00344226
0.0573971
0.890382
0.0490094
0.172183
0.594443
0.516694
0.0664166
0.0269891
0.0129319
0.406906
0.0343707
0.0387131
0.608728
0.48124
0.0263204
1.13019
0.42415
0.307772
0.119437
0.806407
0.0321588
0.355268
0.0129523
5.71836
0.0282202
0.313981
0.293355
0.25104
0.515947
2.48741
0.97499
0.0275506
0.173444
1.34563
0.00958338
0.523705
0.316298
0.737965
0.342506
0.0252185
0.0122128
0.777498
0.313205
0.00462093
0.0834005
1.88353
0.153515
0.89316
0.945385
2.4702
0.248932
0.671242
0.981678
0.103591
0.087013
0.525674
0.0130727
0.0919797
0.461085
0.0732355
0.0170279
0.0141548
0.422059
0.00751822
0.00202376
2.43896
0.0927108
0.117772
0.66091
0.0238095
0.156723
0.473097
0.0971384
0.00258502
1.74375
0.170432
0.111881
0.0072713
0.496691
0.00763375
0.020351
0.83072
0.422479
0.216745
2.41763
0.0675006
0.045879
0.00543663
0.0713428
0.852043
0.0135086
0.0249904
0.00586697
0.00930851
0.151563
0.132249
0.523993
0.0758055
0.0105871
0.0626027
0.0149795
0.02346
0.239073
0.541683
0.771419
0.774691
0.0772393
0.413112
0.535739
0.0704795
0.558967
0.536831
3.08469
0.534355
0.708431
0.0285394
0.0194075
0.0753728
0.269771
0.243357
0.0472083
0.88109
0.230502
0.0471192
0.198966
0.19464
1.39496
0.00435375
0.00437631
0.140861
2.10168
0.296342
0.0183453
0.593663
0.536288
0.299643
2.36261
1.89562
0.0154675
0.732243
0.029188
1.53207
0.373078
0.416251
0.594249
0.0140109
0.011768
0.865192
0.0416799
0.0041277
0.176393
0.0518103
0.00107762
0.206505
0.893906
0.102486
4.06091
0.540909
0.0964201
0.134059
0.578316
0.0342835
0.718622
0.378618
0.201693
0.00692148
0.0129426
0.000728341
0.469235
0.00297563
0.315759
0.0147857
0.304545
1.21616
0.371226
0.128476
0.539401
0.00524256
0.00589936
0.0352412
0.3804
0.267796
0.305182
1.61123
0.0540958
0.0508548
3.2247
0.119363
0.176984
1.08714
0.0947087
0.261143
0.073892
0.495344
0.0545315
0.0927645
0.0021704
0.00276947
0.235401
0.0374745
0.120145
0.0658706
0.82997
0.470625
0.323577
1.86629
0.0144983
0.0105071
0.623931
0.0215608
0.635357
0.00386523
0.0913698
0.0256419
0.0469577
0.00704371
0.081816
0.29888
2.75906
0.0416439
0.449215
0.0820313
3.08579
0.273865
0.013607
0.221589
2.27734
0.14783
0.00210665
0.000609604
3.28528
0.992078
0.159688
0.167618
0.449361
0.81482
0.00213139
0.409627
0.342241
0.0188345
0.00159746
0.0159548
0.490726
0.00316424
1.46044
0.772206
0.037623
0.130875
0.798269
0.0106001
1.18981
0.291778
0.519736
0.3151
0.451733
0.00420702
0.723728
0.0703847
0.00421636
0.66399
0.0937482
0.582416
0.128508
0.605006
0.000828244
0.717349
0.0112211
0.442888
0.735436
0.00106947
0.045515
0.00851722
0.115544
0.78898
0.00755169
0.0302992
0.168693
0.00958018
0.382149
0.0320309
0.0066013
0.0451346
0.00728152
0.477626
0.0108291
0.0304556
0.389671
0.039002
0.120754
1.55133
0.14255
0.568691
0.323068
0.498328
0.493168
0.00162122
0.518599
0.0194906
0.18036
2.33824
0.363587
0.375432
1.11244
0.0104301
1.29362
0.0119412
2.57999
2.30745
0.0944875
0.380879
0.46581
0.315747
0.464988
0.646592
0.00984962
0.0111319
0.00828767
0.575315
0.570783
0.00618913
0.0136015
0.257374
0.730245
0.00938983
0.0463266
0.430826
0.691003
0.259007
0.132312
0.00737923
0.543906
0.0486536
0.00737096
0.553921
0.475387
0.0586276
0.0046991
0.470374
0.0792572
0.0257973
0.444018
0.100752
0.531539
0.00502699
0.00943473
0.366497
0.0188297
0.0111654
0.00688272
0.165152
0.171692
0.190309
0.0134365
0.000807064
0.765518
0.0532543
3.76187
0.456016
2.43934
0.0374939
0.0137314
0.220406
0.971775
0.159198
0.0916336
0.608866
0.0023032
0.00729312
0.705315
0.15309
0.261556
0.0263358
0.0842192
1.11873
0.0142188
0.749594
1.49078
2.53155
0.377679
0.264569
0.44601
0.00158626
1.84878
3.46409
0.11588
0.00132181
0.757977
0.81654
0.138371
1.15089
2.69721
0.210449
0.524129
2.15669
0.0689676
0.369321
1.05365
0.293548
0.0803805
0.0635411
0.0251733
1.26048
0.0456548
0.115927
0.931726
2.29727
0.0200972
1.14002
0.43476
0.00773337
0.630476
0.100794
1.15668
0.643274
0.0956503
0.200875
0.485509
1.94845
0.089527
0.00150403
0.560019
0.00407138
0.403796
0.198134
0.12666
3.56897
0.172977
0.181541
2.59468
0.0304698
0.904786
0.00921064
2.31444
0.0892273
2.69656
0.389403
0.235892
0.0437673
0.238871
0.739795
0.0126849
0.0289372
1.48034
0.304701
0.915891
0.00624778
0.0234622
0.0220477
0.582071
1.1946
0.018095
0.227781
0.103409
1.37513
0.445064
2.31951
0.0369441
0.523193
0.0105669
0.104421
0.616209
0.42777
1.74482
0.0103865
0.602076
1.01232
2.2084
1.08735
4.12363
0.265651
0.00314822
0.395129
0.0180329
0.755292
0.0344363
0.0951142
0.639197
0.108537
0.00228076
0.00261951
0.587978
0.0235051
0.0493338
0.371172
0.0235057
0.921868
0.00579956
0.048564
0.368716
0.0706911
0.0320885
0.429777
0.00128826
0.091566
0.512934
0.0235456
0.0157212
0.675864
0.0033812
1.82171
0.760868
0.320705
0.530129
0.0490584
0.174738
0.264622
0.287631
0.0239006
0.174761
0.270538
0.00745103
3.43483
0.55271
0.00273786
0.317366
0.0432624
0.0193776
0.0120357
0.0265583
0.0101243
0.0279022
0.22039
0.354047
0.0486889
1.77846
0.168192
0.266078
0.729919
0.918504
0.184482
3.35552
2.17432
0.540759
0.53605
0.180569
1.60939
0.791342
0.587483
0.34284
0.435025
0.10396
0.496478
1.42349
0.266543
0.40924
0.621084
0.583618
0.381142
0.224807
0.442354
0.511837
0.0384643
1.17453
1.88663
0.0674368
1.06322
0.700406
0.633198
0.529386
0.792062
0.549661
0.465992
0.98092
0.004527
0.00918463
0.0397891
0.143818
0.0135762
0.121473
1.158
2.00628
2.18336
0.468663
0.00167219
0.0458025
0.765116
2.14164
0.782742
0.0340274
2.23074
0.202679
0.0662424
2.26498
0.00804457
2.80168
0.0298657
0.00774708
0.653438
0.110563
0.0229838
0.00540118
0.0047286
0.0317009
2.30291
0.00627305
4.10417
0.0501095
0.017075
0.348625
0.648825
0.0139348
0.0587862
0.0457744
0.50023
0.121143
1.26852
3.17205
1.5946
0.526124
1.04357
0.101945
0.00312729
0.0245242
0.0330575
0.744993
0.0937446
0.496682
0.0822093
0.00328113
0.0607873
0.491095
0.131343
0.0362968
0.105162
0.422065
0.305542
0.0833074
0.250796
0.419883
0.00423298
0.0252706
0.017502
0.0162347
0.00495355
0.00329472
0.0845039
0.00587796
0.0163439
0.0535657
0.324159
0.00155767
0.142729
0.102042
0.0457002
1.42334
0.149684
0.0034713
0.00403249
0.00808555
0.46662
0.647785
1.50032
0.00649034
1.10228
0.00176027
0.0382649
0.0290441
0.0127486
0.0183819
0.927257
0.739114
0.602711
0.785609
0.0355951
0.0476306
0.00225487
0.0136783
0.00738534
0.00362701
0.000600992
0.358289
0.341518
3.534
0.269112
0.148059
0.191175
0.292962
0.783438
0.00360058
0.0784607
0.14781
0.924391
0.17591
0.0359277
0.40593
0.211007
2.79712
1.87282
0.337158
0.00966017
0.659188
0.630003
0.417486
0.312537
0.319461
0.526661
0.124353
0.462808
0.0118584
0.0357152
1.24801
0.100234
0.381443
0.437725
0.607663
0.101701
1.37421
0.77358
0.00688814
0.00580021
0.0177925
0.00642658
0.0052471
0.110817
0.41213
0.103469
1.37949
0.0185693
0.0133425
0.00483303
0.609367
0.00248423
0.710263
0.00546714
0.00107086
0.432899
0.00303446
0.0283477
0.0211425
0.00951546
2.35537
0.112029
0.497631
0.221358
0.403135
0.108601
0.907975
5.39628
0.79375
0.0165074
0.269241
0.561679
1.06284
0.285075
1.27079
0.162884
1.41627
0.801982
0.00366715
0.13319
0.136583
0.566592
0.0552124
0.599361
0.00277429
0.0108259
0.0295417
0.0803808
0.108098
0.430895
0.0140613
0.300188
0.0790946
0.00213358
0.0233488
0.430801
0.00758983
1.96676
0.395926
0.387713
0.141485
0.0012449
0.0877805
0.243479
0.483384
0.898651
0.00574798
0.145479
1.2775
0.387486
0.0227582
0.0418107
0.757553
0.018907
0.0653241
0.00176004
0.00228025
0.0112992
1.41932
0.0864863
0.212478
0.00879892
0.119905
1.87186
0.438308
0.00346745
0.830171
0.143213
0.00391168
0.462293
0.596248
0.642395
0.298411
0.523372
0.0194521
1.81541
1.34557
0.104625
0.507183
0.532975
0.166227
0.0756335
0.0132067
2.07021
0.00612073
3.3117
0.51377
1.21654
2.2603
0.111593
0.305837
0.694614
0.414809
0.156623
0.0186809
0.0151974
2.11609
0.036449
0.0355665
0.0869362
0.00391063
0.00426124
0.00863092
0.385743
0.168367
0.0564992
0.0277789
0.0143473
0.0238611
1.90359
0.022011
0.00336116
0.0482185
0.00777966
0.361945
0.0260034
0.0107012
0.184542
0.00292056
0.56
0.652386
0.0225234
0.195438
0.011612
0.619583
0.0447541
0.567857
0.427362
0.00565667
0.413246
0.0243926
1.2335
0.00875869
2.02696
0.0106906
0.0051838
0.0309125
0.0065942
0.0122958
0.0433479
0.136752
0.051988
0.12165
0.0166369
0.775137
0.0387688
0.478893
0.711201
0.00522683
0.650565
0.132919
0.328058
1.65349
0.083388
1.43986
0.0022331
1.5621
0.00898641
0.00412542
0.00668353
0.918667
0.00287078
0.388947
0.00113493
0.0545894
0.536497
0.00652674
0.335234
0.00373236
0.00711414
0.380909
0.0117558
0.0113673
0.0273359
1.03255
0.466116
0.362195
0.972964
0.379793
1.15729
0.853652
0.0912231
0.0454109
0.00367983
0.516034
0.218271
0.601744
0.0585678
0.0173313
1.01209
0.358698
0.0132993
0.646922
0.0327894
0.272653
0.00677931
0.00469559
0.500701
0.441622
0.523918
0.855947
0.0908688
1.28402
0.431628
0.0165097
0.703766
0.370247
0.364537
0.481272
0.300953
0.0253275
0.016195
1.66709
2.77017
0.00233901
0.21474
0.209362
0.00170508
0.514509
1.07266
0.00262878
4.469
0.0278974
0.0442598
1.33926
0.0241663
0.362142
0.195868
0.961976
0.0125043
0.0369791
0.0321529
0.188725
0.0810884
0.00484445
0.0650908
0.967542
0.053208
0.730257
0.562044
0.0508047
0.0261718
0.911803
0.497289
0.0938909
0.373318
0.704842
0.0685126
0.160108
0.0896063
0.0582237
9.54119
0.362762
0.617361
1.81242
0.178435
0.652327
0.0494487
2.779
1.55198
0.425647
1.56021
0.00265304
0.153902
0.471572
0.00498889
0.012199
0.0041719
0.0563744
0.070898
1.039
0.270124
0.0122851
0.118996
1.85606
0.15766
1.06209
1.87232
0.650901
0.655054
0.330797
0.0441747
0.0141321
0.0222847
0.388842
0.00628117
0.0110471
0.014201
0.363756
0.51905
0.0788329
3.12209
0.193202
0.00331135
0.88931
1.13353
0.0887895
0.0579763
0.0113715
0.0105318
0.63826
0.274773
0.379344
0.936013
0.337574
0.323413
0.5497
0.0415026
0.422266
0.0287391
0.260737
0.477242
0.0921917
0.700891
1.20079
0.263515
0.00105274
1.24501
0.149416
0.483484
0.748473
0.0966743
0.00973057
0.0492173
1.06133
0.547541
0.387454
0.604278
1.02053
0.0143976
1.89453
0.268474
0.0969398
0.119264
0.243282
0.145157
0.310673
0.293831
0.453264
0.0973464
0.0494056
0.013754
0.234965
0.0428556
0.294379
0.0137976
0.00505956
0.00144729
2.22915
0.13358
0.492445
0.162227
1.51503
0.298002
0.211869
0.0464063
0.954817
0.572845
0.288234
0.240615
0.014986
0.250267
0.319962
0.00761687
1.2495
0.685625
1.33449
0.617252
0.252605
0.0143972
0.428642
0.00429165
0.0358592
0.907089
0.029128
0.0484304
0.0038712
0.0195231
0.531369
0.234377
0.0118772
1.64891
0.0726045
0.0359446
0.0163101
2.61323
0.0348173
0.18527
2.74226
0.644814
1.02488
0.8867
0.430052
1.12067
0.00748165
0.306453
0.555769
0.0254106
1.01576
0.748167
0.00508747
0.882107
0.099167
1.76559
0.473136
0.65222
0.775198
0.795284
0.253519
0.0050623
0.0229783
0.00576058
0.462942
0.213103
0.318921
0.0325556
0.198401
0.000868819
0.027728
0.588112
0.0131109
0.00927605
0.0665787
0.567062
0.00944635
0.0185972
0.198327
0.0180541
0.253694
0.010954
0.00677402
0.502946
0.527501
0.224892
0.417598
0.126058
0.00436075
0.00328494
0.384913
0.368152
0.0094643
0.168315
0.379024
0.465711
0.00335055
0.42889
0.185559
0.00259568
0.0338032
0.00614389
0.228065
0.0105916
0.423784
0.485748
0.0700994
0.27617
0.0085385
0.189414
0.262644
0.0286212
0.548885
0.433699
0.0182093
0.0797159
0.380403
0.497985
0.42742
0.00899518
0.179635
1.10293
0.0140482
1.34174
0.111043
0.2225
0.0313025
0.0046053
1.23719
0.690899
1.29245
0.522355
0.201476
0.0209625
0.0386906
1.18142
0.220472
0.183798
0.535757
0.520705
0.0158607
0.447594
0.0697361
0.0345704
0.0318848
0.396876
0.0158811
0.186889
0.450132
0.135041
0.235646
0.481489
5.08362
1.15353
0.132784
0.0310176
0.0738782
0.00285966
0.0100555
0.0117511
0.00648316
0.114402
0.321585
0.238838
0.0585099
0.0109713
0.329133
0.580268
0.0452461
0.00512058
0.392757
0.199672
2.02952
0.462446
0.0349079
0.110578
0.628711
0.550015
0.409187
0.662521
0.0462317
0.795398
0.447884
0.442082
1.2173
0.0172461
0.0378471
0.234575
0.102121
0.174817
0.559346
1.23387
0.191718
0.196709
2.24917
0.181893
0.0105094
0.41818
0.0100776
0.183451
1.31951
0.211057
0.0400087
0.00484758
0.828089
2.06124
0.987728
0.00581193
0.0529134
0.78303
0.0226246
0.0648548
3.12881
0.0242851
0.0563284
0.588583
2.04154
0.432464
1.07472
1.0178
0.00749326
0.241712
3.06005
1.64304
0.034019
1.44395
0.511766
0.110015
1.20397
0.17194
0.911756
0.604771
0.577852
0.270408
0.584757
0.14449
0.00438624
0.119295
0.0862211
0.0541923
0.0698593
1.05679
0.258202
0.171238
3.54274
0.465304
0.469344
0.0306295
2.5302
0.134802
0.0109627
0.083242
0.0172116
0.512152
0.273317
0.580465
0.0160343
2.28743
0.0595054
0.139035
5.26104
1.58826
0.00102885
0.0342417
0.434599
0.0186997
0.00389552
0.509579
2.50976
0.539431
0.00656527
1.53542
0.766126
0.149116
0.0543533
0.0814402
0.227913
0.0475707
0.066664
0.117812
0.465735
0.317213
1.64726
0.151987
1.02933
5.15401
0.0780241
0.0481338
0.0427089
0.00118767
0.628033
0.0713523
0.0176041
1.09917
0.129413
0.00643727
0.283393
0.998417
0.0651676
2.32867
0.858295
0.0710765
0.0372658
0.552104
0.749673
0.0169818
0.208793
1.57489
0.04061
0.125542
0.0105302
4.49102
2.15805
0.0394967
0.0128757
0.0205738
0.0576202
3.36669
5.25718
0.152157
0.0494768
0.09064
0.00285242
0.991189
0.00781304
0.398184
0.00739299
0.0615969
0.84948
0.0352172
0.190761
0.00780716
0.0022522
0.00213946
0.508825
0.452722
0.05293
0.250192
0.00845461
0.0562222
0.500675
0.85333
0.0014799
0.0015222
0.327711
0.624355
0.0194002
0.28774
0.374234
0.0115379
0.233741
0.576463
0.00109007
0.0015853
0.698751
0.0500329
0.00872958
0.0118308
0.010697
0.42728
0.575655
0.0778995
6.03632
0.0293763
0.110857
0.0458231
0.190039
0.471362
0.233255
1.60738
0.759422
0.0396363
0.46143
0.00930771
0.536379
3.05308
0.0577489
0.665145
2.96745
0.00298516
0.509281
3.71556
0.0125534
0.00689115
0.0235377
0.00729317
0.87778
0.00495993
0.0127143
0.217454
0.0899311
0.477271
0.348364
0.210913
0.156624
0.0755488
0.465153
0.0338646
0.0119414
0.0497504
1.36457
0.486022
0.0247936
0.575908
0.133771
0.382459
2.28168
0.128284
0.810634
0.807279
0.0148433
0.111727
0.00575016
0.557217
0.138217
0.0659464
2.88145
0.0706534
0.104038
0.00990631
0.0378419
0.306264
0.215876
0.377599
1.24182
0.0180272
0.00335869
0.754167
0.167369
0.511247
0.615529
0.693695
0.597085
0.382695
0.011756
0.0326447
0.00371068
2.19975
0.499837
0.00217248
0.44063
0.0243947
2.1055
0.00475316
0.333877
0.0639263
0.183054
0.0994365
0.116739
1.4084
0.00293596
0.081102
0.00871982
0.0110689
0.524308
0.607967
0.0486892
0.00444292
0.00183397
2.66891
0.0103935
0.0104647
0.0478419
0.0157277
1.22673
0.58729
0.0356778
0.16881
0.64618
0.229619
0.342854
1.48761
0.0362571
0.0512944
0.369886
0.167363
1.36099
0.387855
0.0677326
0.0521165
0.00809386
0.232299
0.466367
0.138248
0.0181022
0.372409
0.00232791
0.0251182
0.77917
0.00828762
0.929054
0.325803
2.58651
0.0286308
0.00158013
0.021789
1.07285
1.35364
1.22623
0.014825
0.00154437
0.0124509
0.0673293
0.0024672
0.283932
1.53021
2.01583
0.419099
0.584653
3.07872
0.0122729
0.00450742
0.000890698
0.00479022
0.0032525
0.184938
0.00741036
0.601315
0.000834703
0.00304027
0.0137602
0.00740634
0.00443589
0.028583
0.837459
1.59948
0.0610779
2.36543
0.412674
1.95132
0.00419172
0.022127
0.527434
0.0677358
0.149113
0.106341
0.93258
0.813602
2.28056
0.0247587
0.323806
0.0264177
0.193504
1.57268
0.191728
0.569037
0.12367
0.04709
1.68804
0.0185512
0.838615
0.335194
0.57499
0.154775
1.39434
0.0689097
0.159772
0.596462
1.92465
0.0103438
0.0313584
0.00677083
0.391253
0.132599
1.11092
0.244646
0.180512
0.513352
0.297701
0.113481
0.0821692
0.548869
1.70284
0.326197
0.637458
1.3507
0.714326
0.181709
0.243127
0.0906971
0.0105338
0.408994
0.0935189
0.318673
0.0238385
0.0378821
0.0157238
0.0152721
0.314392
0.013095
0.269122
1.19519
1.61919
0.0294889
0.0442573
0.222959
1.79299
0.000997858
0.402066
0.487723
0.0952243
1.74663
1.23306
0.418162
0.498968
0.70035
0.866905
3.05303
1.15145
0.436221
0.4529
0.481062
0.504668
0.314372
0.0515751
0.528628
1.91383
0.695606
0.109168
0.610087
0.593234
0.0048692
0.00331599
0.488074
0.0126056
0.099991
0.521594
0.0058579
0.0696861
0.54332
0.125716
0.0420536
1.47656
0.0431707
0.324441
0.257826
0.977376
2.04666
0.127037
0.004395
0.00691166
0.40657
0.0153869
0.267664
0.0121604
0.479264
0.108991
0.00316899
0.00542088
0.386007
0.872898
0.0535205
0.00605448
0.336493
0.75435
0.0462882
0.0221548
0.00976016
0.117917
0.00261472
0.551976
0.35978
0.0776722
0.36533
0.246516
0.00341997
0.0638455
0.557053
0.240374
0.620362
0.0657399
0.610882
2.64383
0.010799
0.00955628
0.0694053
0.967229
0.361374
0.00734565
0.6065
0.00518449
0.00452162
0.542869
0.000475732
0.000709714
0.550241
4.17558
0.385391
0.077917
0.00338843
0.0256052
0.000727574
4.08047
0.781716
0.614863
3.24705
1.37969
0.647285
0.0856843
1.84015
0.416651
0.75568
0.499014
0.302096
0.545576
0.335182
0.491758
0.0120656
0.00460572
0.393107
0.215216
0.463139
0.00877522
0.14339
0.0112504
0.862006
2.9253
0.613179
0.0168314
0.338826
0.799627
0.0756202
0.16857
0.00905516
0.00465521
0.0445686
0.00336924
0.0144163
0.0380462
1.36584
0.1121
1.40078
1.09921
0.138097
1.32521
0.126514
1.27459
0.370021
0.240644
0.00256689
0.212326
0.0726524
0.949988
0.00142728
0.0018206
1.24208
0.0736524
0.680841
0.0188855
0.0793767
0.00253636
0.0040404
0.0180916
0.177699
0.82754
2.33781
0.581526
0.0481051
0.0388822
0.0603935
2.83835
0.284411
0.579385
0.00364304
0.614545
1.14581
0.320704
0.016419
0.0725185
0.411157
0.561989
0.510189
0.554058
3.06822
0.487264
0.284441
0.234283
0.0542843
0.0590088
2.54093
0.00146556
0.659384
0.0536766
0.128848
0.00201639
0.115019
0.150967
0.0390501
0.801176
0.179633
0.631567
0.413441
1.94135
0.0152263
0.0191504
0.0181228
0.215458
0.113304
0.00162584
0.421166
0.684955
0.0653024
1.53655
0.824195
0.00638533
4.25503
0.0289535
0.00814321
0.00943236
0.475553
0.672562
0.304096
0.218348
0.0101776
0.30403
0.308271
2.30441
0.201444
0.0941171
1.4409
0.0173332
0.00033434
0.825996
0.415298
0.640576
1.18942
0.546982
0.808628
2.49795
0.0011393
0.0273917
0.0992344
0.256046
0.231001
0.196997
1.0123
0.589084
0.222113
0.0348097
0.378662
0.00736856
0.540913
0.00246117
0.368873
0.0174438
0.3281
0.0129786
0.0158904
1.20574
0.00321932
0.0362397
0.0177016
0.00629587
0.00272582
1.6498
0.46413
0.0152039
0.920806
0.0177989
1.03703
1.82867
0.378936
0.245968
0.457149
2.01792
0.646372
0.613343
0.723312
0.615881
2.20246
0.259809
0.126752
0.156464
0.359579
1.10476
1.31857
0.334758
0.621762
2.09378
0.390739
0.881542
0.0219484
0.589124
0.0565315
0.511474
0.0142221
0.397465
0.438886
0.025136
0.58311
0.71095
0.006158
0.0213611
0.112123
0.165116
0.00894183
0.0101903
0.418103
0.502142
0.122398
1.20292
0.0124775
0.848791
0.110334
0.567118
0.0109934
0.500996
0.00416254
0.578114
0.256531
0.0073869
0.00357276
0.0379358
0.0150987
0.396278
0.600466
2.85721
0.537197
0.40448
0.0285338
1.88415
3.32334
0.0282606
0.0026551
0.58515
0.242328
0.00147958
0.379828
1.21376
0.0489843
0.0373106
0.320794
1.18626
0.72147
0.422875
0.0131411
0.0277771
0.00861122
0.701941
0.24366
0.252116
0.0847149
0.0924809
1.31804
0.00652727
3.69348
0.065999
0.0605011
0.0423055
0.308226
0.212601
0.0348591
0.553721
1.07451
1.6895
0.252269
0.00794345
1.78936
1.07004
3.15866
0.0132004
0.463401
1.03519
2.06582
0.0115001
0.00106022
2.06131
0.0137474
0.0282133
1.4184
0.772511
0.0477
0.0642924
1.5692
0.719052
0.819774
1.87552
0.484711
0.12493
2.81525
0.015358
0.0537563
0.0633807
0.710084
0.00042817
0.83554
0.00515289
0.939683
1.77444
0.119859
0.0686084
0.507942
1.53493
0.258785
0.00117055
0.136525
0.410799
0.00446698
0.73187
0.208102
0.00629842
0.0021772
0.166323
0.871904
0.297552
0.124955
0.016066
0.35224
0.0117653
0.0809338
0.22403
0.493423
0.00368116
0.144085
0.0595523
0.00376167
0.157926
0.00715837
0.00177741
0.090079
0.0020419
0.668802
0.409816
0.462456
0.165219
0.0504276
0.48584
0.210795
0.730634
1.38295
0.0814688
0.00213786
0.00868034
0.619125
0.25728
0.0152133
0.973138
0.0403763
0.618038
0.290282
0.0630778
0.0030124
0.338535
0.00214849
0.00580536
0.694273
1.09848
0.00886486
2.29376
0.632837
1.11427
0.3682
0.0535247
0.0464384
0.0224867
0.0744345
0.35121
0.0317083
0.570261
0.0573821
0.196079
3.39775
0.0748199
0.443735
0.429923
1.1344
0.215526
0.392908
0.0322008
0.041962
0.40318
0.0169439
0.392546
0.0704532
0.3852
0.0380376
0.0397297
0.826928
0.580908
0.121408
0.000645113
0.198273
1.15175
0.00649148
0.36587
0.0182346
0.0498581
0.0246328
0.0202426
0.239978
0.149062
0.0351238
0.00166275
0.00124754
0.533169
0.413855
0.330625
0.0338126
0.00989373
0.0155654
0.0519091
0.00922055
0.593914
0.00575052
0.918646
0.118516
0.107647
0.00391094
0.728562
0.00513514
0.401594
0.10513
0.0748114
0.564889
0.0918371
0.0174826
0.314176
1.76547
0.0777759
0.4931
0.524248
0.732164
1.29518
0.0803023
0.0151505
1.06531
0.795141
0.30544
0.00253092
0.480361
0.0498456
0.160674
0.158289
1.31833
0.443241
0.130842
0.584284
0.667177
0.0546349
0.127722
0.384723
0.224569
0.0857005
0.47385
1.47207
0.0590799
2.23117
0.557772
0.517855
0.73567
0.146755
0.100087
0.272761
0.449758
0.271469
0.396045
4.61117
0.633077
0.242422
0.0770144
1.00213
0.105052
0.389975
0.0421847
0.473518
0.484641
0.00578602
0.487062
0.504253
0.47712
0.380736
0.561538
0.407863
0.0907953
0.434347
0.228741
0.28592
2.5432
0.0947736
3.11939
0.37728
0.510406
0.318243
0.00259579
0.0035948
0.0153442
1.00774
0.0462601
0.565762
0.0026913
3.46882
1.57148
0.143918
0.0123808
0.0248954
0.147826
0.706531
1.40472
0.036996
0.669639
0.00394697
0.0696924
0.380374
0.00298676
0.437095
0.00492219
0.108106
0.12547
0.0106229
0.00454901
0.00687769
0.0077024
0.16312
0.00507389
0.746833
0.0137034
0.0749581
0.0100706
0.308492
0.580556
0.142782
0.261464
0.306009
0.126576
0.00881666
0.155391
0.801434
0.765874
0.0033964
0.0139264
0.00168396
0.622224
0.293302
0.620877
0.3712
0.0257978
0.0592645
0.178524
0.00258507
0.0521677
0.442016
0.509323
0.468392
0.00440876
1.60857
0.0651428
0.973814
0.127559
0.0236397
0.0167302
0.551593
1.02394
0.178495
0.0300442
0.00865247
0.00362951
0.0223066
0.00683496
0.405801
0.793479
0.523201
0.57724
0.0109342
0.600254
1.23808
0.0450458
0.0785373
0.0131371
0.181294
0.368075
0.00448679
0.399631
0.388126
0.205831
0.409009
2.52596
1.32411
0.0138983
2.27887
0.207085
0.434516
0.370253
1.13853
0.763101
0.958142
0.0163681
1.04037
0.623221
0.0067061
0.147357
0.0491915
0.0784504
0.344152
0.353398
0.0296163
0.00339789
0.0701411
0.318499
0.0307956
0.475208
0.415093
0.097073
0.00373632
0.0057139
0.0217869
0.0320818
0.688186
0.0150925
0.0438804
0.156812
0.00733318
0.229072
0.0360225
0.00286013
0.0121925
0.0579102
0.589785
0.0158458
0.131212
0.0373865
0.000553588
0.659663
0.0028645
0.614488
0.335419
1.3732
0.279478
0.0239171
1.066
0.00260952
0.628064
0.0306687
0.287007
0.038085
1.44304
0.0108753
0.488709
0.535658
0.0174257
0.0135713
0.0286386
0.182222
0.0164382
0.72846
0.789013
0.328838
0.223726
0.0192078
0.0458525
0.0274217
0.541925
0.865247
0.011957
0.0102938
0.185128
0.0123276
0.0652901
0.0353423
1.492
0.236718
0.344606
0.700387
2.098
0.107
0.424184
0.045423
0.55007
0.00856781
0.0208052
1.30428
0.0186749
0.0130854
0.0147455
0.0145248
0.0174748
0.0154802
0.0134626
0.015659
0.0354033
2.16379
1.5029
0.0492681
0.204252
0.294252
0.623921
2.12431
1.06669
0.567492
0.504564
0.00392801
0.245559
0.824946
0.477433
0.0732352
0.163027
0.294594
0.0613222
0.547675
0.879548
0.565945
0.433382
0.440364
0.0717134
1.14709
0.187361
0.168796
0.712166
1.27796
1.03493
0.36657
0.0371431
0.832684
0.229439
0.148387
4.13933
0.468195
0.762831
1.71417
0.0947583
0.00550666
1.29192
0.0430723
0.0277745
0.107945
0.3312
0.00225887
0.00198134
0.00170197
0.0370928
0.43869
0.150599
0.0402421
1.22716
1.71503
0.0112384
0.0983974
0.359335
0.298075
0.335698
0.0179784
0.0124714
2.49638
1.53711
0.014626
1.46054
0.990894
0.00490214
1.10552
0.00308931
0.00578842
1.71311
0.121088
0.444995
0.0581542
0.00824405
0.38632
0.380757
0.322134
0.0167433
0.00282447
0.00222171
0.933913
0.443571
1.99112
0.206915
0.191535
0.138133
0.309015
0.0108664
0.202963
0.520303
0.0350512
0.00164446
0.153434
0.0274337
0.00565075
0.196466
3.79406
0.0021892
0.00499751
0.29131
0.0120199
0.223511
0.0308329
0.0187431
0.635598
0.00337065
0.00250524
0.00194852
0.00263757
0.00365907
0.00441006
0.00165539
0.00635873
0.132813
0.0140249
0.00297319
0.0128894
0.0507896
2.19431
0.232007
0.00961892
1.09807
0.130066
0.0672936
0.00382227
0.0357171
1.17341
0.0138286
1.36173
2.29859
0.754576
0.0344581
2.03823
0.0276933
0.00960703
0.00409572
4.11765
3.23413
0.00892707
0.0258132
0.0354047
0.0155714
0.0921686
0.0166018
0.169321
0.289116
0.270643
0.380061
0.127595
0.0954602
0.00102945
0.00252963
0.92043
0.231465
0.0810317
0.680422
0.0249975
1.67012
0.00395022
1.26302
0.708777
0.404877
0.824153
2.36589
1.24428
0.775628
2.34212
0.000532956
0.547519
0.432223
0.133953
0.56045
0.0025157
0.0133782
0.115267
0.394286
0.756065
1.53016
0.647008
0.0488548
1.13989
3.59464
0.0340543
0.0635952
0.0500798
0.69782
1.28389
0.0178947
1.11416
0.416178
0.0401638
0.839414
0.0231006
0.00574035
0.231475
0.00250392
0.80611
0.000658089
0.00702734
0.752446
0.0604623
0.00331526
0.0260882
0.0037695
1.74876
0.010306
1.03322
0.551114
0.451752
0.0171984
0.426256
0.583152
0.00495539
0.135106
1.05616
0.888721
0.257208
0.21658
0.0221658
0.006309
0.303259
2.54431
0.172872
0.166197
0.274209
0.253231
0.110474
0.0924335
0.372828
0.966973
0.589478
0.0205938
0.91431
0.00620692
0.608739
0.535556
0.393576
0.433206
0.00476395
0.132028
0.165296
0.0537223
0.690093
0.525343
0.78374
0.289821
0.021146
0.0190322
0.582797
0.00711766
0.0053182
0.285597
0.50386
0.633292
1.54446
0.123273
0.815623
0.420305
0.169433
0.450309
0.460021
0.229116
0.0419195
0.450239
0.609255
0.851895
0.377272
0.0739945
1.48756
0.0249609
0.00343375
0.530655
0.595936
0.1243
0.0333919
0.101868
0.110912
0.00475866
0.263277
0.0232157
0.509635
0.505787
0.145407
0.0590746
0.541331
0.37671
0.50499
1.24583
0.0409472
0.115288
0.162651
0.0742613
0.440774
0.175478
0.224037
0.510275
0.227594
0.122304
0.488472
0.326814
0.00628635
0.00146179
0.00703159
0.0142145
0.432279
0.0833291
0.00214074
0.362184
0.0370646
0.0679448
0.0131844
0.0767263
0.465894
0.00947445
0.0296632
0.00884481
0.0596463
0.00227344
0.610948
0.808312
0.0689826
2.86999
0.15565
0.0255303
3.49786
0.0819885
1.32737
0.130891
0.00277506
0.0493495
0.629857
1.57631
0.0841913
0.342845
0.142619
0.0345534
1.08795
0.00356736
1.16046
0.00607087
0.0258441
0.405481
0.587806
0.023062
0.0362998
0.741197
0.335558
0.431907
0.0941392
0.226906
1.27144
0.540356
0.048801
0.00231814
0.00694068
0.011532
0.0176064
2.06277
0.0496925
0.232011
0.505302
0.382448
0.924607
0.00832106
0.368112
1.31126
0.35682
0.00105903
0.0104221
1.28066
0.314511
1.95625
0.187695
0.0135855
0.0184664
0.31307
0.0655488
0.00553044
0.0314379
0.00826383
0.254482
0.0031489
0.0282271
0.0151747
0.358467
0.00126934
2.65728
0.0709009
0.0156048
0.636979
0.00210802
0.00683586
0.736298
0.00928121
0.870877
0.00318069
0.00191931
0.0318159
0.00250872
0.393495
0.790189
0.273071
0.00792196
0.0111365
0.0104122
0.45269
0.00280121
0.00617808
0.0019987
2.21607
0.00865276
0.0445495
0.0187765
0.423643
0.550253
0.0633415
0.679467
0.00931811
0.00962488
0.848675
1.74207
0.0227709
0.648261
0.414465
0.376351
0.60879
0.299713
0.0138656
0.0226376
0.00237639
0.162377
0.0196773
0.544233
0.00523071
0.390179
0.0535133
0.36261
0.00824187
0.926773
0.00454039
1.11933
0.633898
0.283863
2.59021
0.410489
0.0707187
0.418044
0.512276
0.320989
0.57803
0.612713
0.0185332
0.00434548
0.0234734
0.436396
0.187696
2.87008
0.00882511
0.182904
0.0738368
0.00572436
0.0694374
0.00701591
0.352845
0.00760706
0.00993651
0.193854
1.61077
0.125201
0.547821
0.0901038
0.0980841
0.0249208
0.927128
0.103017
0.103204
0.136742
1.10133
0.0423839
0.0767417
0.135185
0.478219
0.114977
0.11225
0.190424
0.565357
0.308612
0.0119638
0.702815
0.839562
0.565143
0.234278
0.0645212
0.358529
0.33869
0.0187444
0.393192
0.00419359
1.41741
0.78313
0.0820798
0.00795378
0.0180261
0.00107608
0.00141998
0.0208098
0.012051
0.0121186
0.323687
0.00485033
0.0188419
0.0822425
0.035837
0.521531
0.00478376
0.065106
0.161213
0.00236232
0.737699
0.0187188
0.538786
0.462876
0.0061862
0.0824328
0.566367
0.0211029
0.000557064
0.0306669
0.0108731
0.520719
0.611988
1.18112
0.0170073
0.105714
0.623194
0.276229
0.590302
0.00474327
0.0222285
0.943145
0.24687
0.00373675
0.611751
1.77592
0.0157485
0.426787
0.516268
0.525977
0.0274218
0.89995
0.491751
0.00454409
0.0871691
0.435193
1.12373
0.0915094
0.0017658
0.509164
0.424648
0.0882552
0.138671
1.08662
1.17124
0.079006
2.19166
0.0991145
0.0844998
1.19666
0.585481
1.32759
0.072472
0.288784
8.75467
0.0106474
0.188558
0.535251
0.507141
0.256232
1.16377
0.0335249
0.00153289
0.470083
0.412353
0.042093
2.12102
0.0139214
0.21895
0.371355
1.13097
0.0371926
0.00307146
0.14595
0.00303767
0.357388
0.411733
1.01546
0.0208644
1.30196
0.00508491
0.0424545
0.000625458
0.354048
1.00217
0.0217932
0.415592
1.12974
0.0188062
0.462986
0.481841
0.401538
0.00300721
0.00775751
0.134996
0.0437486
0.0330177
0.233751
1.73226
0.0179014
0.0912699
0.00797137
0.0110772
0.00456512
0.00912486
0.00620807
0.372345
0.00333326
0.00624922
0.101357
0.198556
0.0350465
0.00706598
0.0321589
0.013864
0.0580652
0.00911226
0.00988265
0.00578569
0.0126315
0.00403664
0.00510542
0.0135311
0.000984208
0.00298318
0.00440892
0.0170359
0.010278
0.00334002
0.445734
0.545794
0.227853
0.00110018
0.00243267
0.000867451
0.0245953
0.477187
0.0610113
1.51816
0.09144
0.26028
0.00307009
0.0107552
0.0306427
0.657344
0.0289464
0.0146146
0.57233
0.346723
0.245333
1.36437
0.028076
0.160471
0.356635
1.58068
0.611814
1.75797
1.55258
1.08039
1.2963
0.0691637
0.487427
0.0165261
0.00984813
0.0110653
1.14517
0.12728
0.204217
0.00506507
0.98136
0.690871
0.896757
0.0238958
0.750828
0.00581256
2.04881
1.32207
0.160673
0.00164189
1.63262
0.44933
0.0166546
0.459161
0.418937
0.0260793
0.0111132
0.00174095
0.00197897
0.930784
0.0863659
0.359495
0.694692
0.00267722
0.780044
0.345054
0.362474
0.307859
0.0316253
0.103596
0.0457014
1.75772
0.0134767
0.50065
1.49981
0.0472661
1.44193
1.502
0.504666
0.250685
0.0758947
0.0947514
1.74748
0.145415
0.877041
0.0184974
0.739136
0.207939
0.679081
0.0236591
0.0681274
0.590663
2.22429
0.00530294
0.373178
0.0254873
0.00126503
0.0173695
0.0360634
0.603597
0.167575
0.517405
0.624959
0.000138363
0.705492
0.370471
0.0748843
0.0376044
0.489545
0.279349
0.00291997
0.00192629
0.321989
0.366145
0.0043223
0.00405431
0.0293135
0.404332
0.208313
0.181622
0.0399683
0.376306
0.00737782
0.00815645
0.0231999
0.310102
4.30339
1.02786
0.00377556
1.12735
0.00309869
0.013517
0.634361
0.261449
0.168723
0.0260939
1.56018
2.08098
0.0217168
0.00456151
0.714046
0.0469308
0.0236346
1.17883
0.0052111
0.00714873
1.05404
0.216807
0.0354604
0.744828
0.802767
0.480973
0.454371
0.007287
0.391801
0.00132797
0.240618
1.85364
0.004431
0.00204742
0.056732
0.181631
0.0697911
0.144898
0.40582
0.00577384
0.00777865
0.00175136
1.732
0.0284297
0.000822526
0.00645047
0.582355
1.58436
0.0980716
0.281567
0.00463353
0.00705562
0.0400272
0.242871
1.29748
0.0468036
1.7196
0.00461878
0.0452215
0.0015845
0.00334509
0.391143
0.00230407
0.00745463
0.234678
0.506409
1.02113
0.00276689
1.7224
0.00514395
1.25416
0.114782
0.0305643
0.741913
0.00546441
0.323103
0.00509283
0.00190375
0.0709778
0.00237613
0.660597
0.481085
0.647641
0.176669
0.320334
0.00508849
0.0087715
0.0318339
0.358884
0.0456192
0.166916
0.721102
0.550647
0.307404
0.134178
0.0167366
0.00638256
0.0160006
0.399523
0.816636
0.0231514
0.375712
0.462512
0.00527083
0.308259
1.06338
0.00599119
0.54478
0.291942
0.0023362
0.0876159
0.00400109
0.053253
0.00227089
2.35655
0.00414122
0.00497446
0.00277002
0.0057026
0.492895
0.2216
0.0138272
0.00108653
0.00721915
0.00282795
0.0524359
0.558524
0.259551
0.0107626
1.26886
0.024308
0.197407
0.0353422
2.1909
0.590779
0.276965
1.40618
0.00167067
1.39167
0.00614266
0.00531368
1.64318
1.32172
0.00957912
0.00124584
0.625456
0.423683
0.00810468
0.406677
0.439511
0.0153591
0.000805485
0.459189
0.616129
0.206741
0.041875
0.371829
0.052334
0.00952133
0.00492619
1.81311
0.00185388
0.229684
0.0110576
1.48304
1.84908
0.000931983
0.471493
0.010756
0.815383
0.00866195
0.00801128
0.282339
0.0032801
0.0112664
0.032556
0.327394
0.0285354
0.00149655
0.0326205
0.336532
0.0067674
0.00791449
0.570861
0.00473281
0.0728466
0.0116545
0.0190182
0.0538828
0.0146029
0.358864
0.509322
0.354448
0.412224
0.194776
0.0307368
0.00537925
4.495
0.0783759
0.340857
0.00151179
0.0245307
0.0698259
0.0242807
0.0290922
0.281769
0.0413407
0.0247133
0.00446645
0.774252
0.00141081
2.36595
0.288226
0.792641
0.0178708
0.0099027
0.00227495
1.08949
0.0419489
0.0334833
0.00375383
2.30596
0.814395
0.873794
0.00116707
0.227217
0.480865
0.00260499
0.238643
0.0650389
0.781201
0.0510128
0.0138869
0.00950145
0.138697
1.13436
0.00469781
0.0727613
0.39536
0.00316155
0.723991
1.47804
0.0177451
1.2834
0.157667
0.0057846
0.976906
0.0634209
0.0164365
0.0494411
1.46856
0.0996551
0.486807
0.0787619
0.226657
2.33237
1.62836
1.41843
0.0646763
0.175914
0.398985
0.00495435
0.332479
0.24675
0.171323
0.836438
0.346056
0.0895453
0.412408
0.23892
0.592254
0.0222794
0.440996
0.0356529
0.194204
0.0396769
1.57945
2.79496
0.171468
0.00760948
1.11148
0.35732
2.44019
0.0199478
0.757058
0.0165601
0.46871
0.0102375
0.0156561
0.0103983
1.10795
0.00166958
1.43455
0.58051
0.269296
0.92986
0.128655
0.285802
1.19122
1.81887
0.0373842
0.0982682
0.0326004
0.0780834
0.0438409
0.537077
0.0893994
0.120523
0.166893
1.18557
0.356401
0.0211528
0.00272251
0.088421
0.602558
0.92932
3.40737
0.741922
0.0225265
1.89114
0.532467
0.446252
1.7549
0.0179863
0.837259
0.03182
0.361968
0.0126656
0.00727645
0.00646517
0.412105
0.635515
0.205288
1.78592
0.602991
1.26457
0.00155085
0.0252989
0.514975
0.314759
0.00101468
0.00103953
0.630316
0.0530181
0.425195
0.487703
0.562232
1.87605
0.0472195
0.39654
0.553782
0.0303234
1.13484
0.00120213
0.00129057
0.00776859
0.00809895
0.432881
0.0592177
2.10936
0.00484926
0.0162594
0.226082
1.64808
0.0975391
0.0681625
0.737221
0.295608
1.37226
0.111744
0.0752747
0.0384049
0.667888
0.410773
0.517653
0.283212
0.184994
0.592033
2.35993
0.00100781
0.0369941
0.0313997
0.0604607
0.511149
0.885247
0.0144671
0.221357
0.246252
0.531304
0.0127994
0.116857
0.201508
0.536082
0.2228
0.33965
0.269399
0.00395246
0.243333
3.39481
2.40235
0.18042
0.293099
1.02188
0.964722
0.164405
0.467642
0.0318419
0.101417
0.0056037
0.59926
0.0022447
0.0146252
0.377511
0.0133088
0.0369076
0.0194931
0.866733
0.378345
0.0175086
0.201613
0.471929
0.578284
0.277019
0.342305
0.0154553
0.0201351
0.537567
0.00791442
0.0622712
0.067795
0.48234
0.0195596
0.0140346
0.0124394
0.534204
0.064866
0.0741999
0.441466
0.0252289
0.0230829
0.0207595
0.0270737
0.0754032
0.0185991
0.197028
0.215291
0.0183731
0.0273975
0.0151137
0.599951
0.072699
0.0661948
0.330419
0.00746025
0.00152277
0.0101706
0.785301
0.836329
0.703343
0.464276
0.100441
0.00821799
1.14697
1.13654
0.425133
0.0706411
0.034483
0.0255876
0.00337715
0.469697
0.0398573
0.00193401
0.00967626
0.732294
0.00190547
0.601383
0.0630956
0.0185061
0.00274099
1.09269
0.54818
0.0887067
0.0142142
0.431649
0.454287
0.0589833
0.425791
0.206234
0.349859
0.00765711
2.02334
0.000548745
0.0134641
0.680163
0.472846
0.175236
0.00188817
0.00340006
0.00254306
0.348824
0.581699
0.0291651
0.00502344
0.00387823
0.00943498
0.494166
0.0147061
0.0206669
0.0062162
0.632372
1.73236
0.496353
0.00639367
0.73316
0.00152049
0.533403
0.00172354
0.66589
0.0057768
0.625428
0.551876
3.03311
1.84648
0.00358722
0.0368593
0.00153137
0.0224087
0.0179086
0.60528
0.124935
0.522391
1.91265
0.853426
0.293482
0.0636151
0.134537
0.0109622
0.00492167
0.0232898
0.397147
0.153708
0.00213968
0.0397492
0.00472233
0.122742
0.0484676
0.712912
0.0207699
0.701179
0.0526187
2.41331
1.99218
0.494058
2.09072
0.0389143
0.0234728
0.00389802
0.136901
0.0158777
0.636264
0.111716
0.0294392
0.00412715
0.00849464
0.0192811
0.00232383
0.00121046
1.63368
0.756388
1.93007
0.00186014
0.0574034
0.0198661
0.797243
0.00831927
0.00187579
0.56124
0.370855
0.0300834
0.868509
0.0137225
0.12667
0.00982903
0.201038
0.321799
0.0436868
0.0167073
0.0883445
0.0825578
0.421975
0.319045
0.0425171
0.663819
0.0115146
1.55013
0.979653
1.90254
0.0446416
0.387613
0.519554
0.000493941
0.0351312
0.0450969
0.0369966
0.00369292
0.000863895
0.0176866
0.529881
0.00189671
0.0145395
0.474304
0.0252154
2.21343
0.49273
0.0046003
0.362482
0.117367
0.204878
0.00736542
0.517865
0.00408145
0.445161
0.00293204
0.07848
0.484017
0.00562468
0.257888
0.00519395
0.182914
1.69591
2.86623
0.0155018
0.00124688
0.0127802
1.83722
0.0363694
1.97548
0.242177
0.573233
0.668095
0.03871
0.0173416
0.0673904
0.0575937
1.4727
0.0196863
0.00436867
0.180322
0.461859
0.0323617
0.683876
0.0935563
2.25465
3.53814
0.391941
0.57479
3.2812
0.0499725
0.548233
0.534889
1.20041
0.00904461
0.682616
0.0166169
0.0343773
0.104419
0.00477541
0.00235034
0.0718698
0.0106306
0.00471682
0.0458025
0.00273103
0.101163
0.427834
0.00586766
0.272157
0.0559804
0.141858
0.147086
0.0288666
0.328337
0.0234136
0.667184
0.196651
0.515564
0.128443
0.0212383
0.00333582
0.0488218
0.0845994
1.61426
0.0094553
0.440548
0.4693
0.593429
0.762749
0.382333
0.863735
1.70176
1.52601
0.162521
0.510936
2.90221
0.0192638
0.614867
1.4946
1.05427
0.0397211
1.11342
0.508906
0.368062
0.507173
0.217345
1.68471
0.107774
0.81007
0.468047
0.0387902
0.0105479
0.337394
0.136622
0.00535982
0.00339997
0.00503926
0.555407
0.0115609
0.0260867
0.0409899
0.732315
1.4114
0.00264666
1.15965
0.00227026
0.0147615
0.619438
0.652695
2.23557
0.0069837
1.09487
1.13572
0.00644817
0.338634
0.281699
0.107543
0.0715806
1.67917
0.564449
0.298443
0.047599
0.0484802
0.719874
0.0277425
0.00475558
0.00267272
1.79188
0.234916
0.130478
0.088362
0.337457
0.0177957
0.0505606
0.897694
0.028395
0.239375
0.111633
1.07988
0.485946
0.057192
0.0532576
0.697667
0.342261
0.198116
0.803099
1.21532
0.261348
0.534777
0.604131
0.343187
0.247907
0.105667
0.515154
0.0469305
0.327871
0.0279962
0.0226329
0.557229
0.00933241
0.0083869
0.00195718
0.00249393
0.009634
0.0107602
0.0212969
0.130424
0.532731
0.0182386
0.890917
0.0178538
0.257601
0.0107299
1.64801
0.0460033
0.0180151
0.49653
0.0123067
0.0149195
0.797666
0.571459
0.0768374
0.00257585
0.0134042
0.502268
0.131647
0.269729
0.0113708
0.0078433
0.00867709
0.719677
0.870283
0.387368
0.00555222
0.466239
0.828057
0.0282281
0.0267183
0.00779608
0.0046701
0.0165062
1.25188
0.0113032
0.0142226
0.00206872
0.00508049
0.580843
0.301342
1.69735
0.218857
1.63942
0.616537
0.151963
0.852816
1.42085
1.62033
1.48256
0.00582037
0.283293
2.0017
0.252334
0.52334
0.1822
2.08339
0.587072
1.43214
0.00916043
0.299601
0.0939161
0.561256
0.0380793
1.49623
0.030445
0.705779
0.502319
0.17217
0.19863
0.315984
0.0109675
0.253646
3.6152
0.214001
0.833546
0.0834999
0.14485
1.38418
0.0238566
0.628865
0.435626
0.00704882
0.0205922
0.32739
0.738425
0.0537844
0.286048
0.0245355
0.0128096
0.0157906
0.0939371
0.00636095
0.752306
0.591179
0.00142008
0.23857
1.16209
0.121111
0.568462
1.36826
0.621204
1.75524
0.647126
0.00151086
0.00674339
0.000890391
0.577686
0.0606056
0.0964373
0.333504
0.452201
0.276266
0.0149376
0.000825225
0.00322941
0.355536
0.0140614
0.00895995
0.00344864
0.00340682
0.00912473
0.207045
0.280331
0.0282319
0.123685
0.0673365
0.141081
0.0552867
0.242315
0.270537
0.297568
0.155186
1.66276
0.0198903
0.295005
1.98093
1.3137
0.00176916
0.0890672
0.811863
0.0430141
0.00489786
0.509692
0.0799025
1.82041
0.145596
0.0177131
0.546813
0.00499905
2.73776
0.0845993
0.0990998
1.44583
1.70211
0.00742239
0.0194339
0.580772
0.178985
1.82623
0.0429608
0.168986
2.42355
0.248215
0.588244
0.0799381
0.0107032
0.217751
1.07917
0.0282813
0.417446
0.0315361
0.313492
1.49724
1.62422
0.423207
0.0173696
0.0106618
0.0771727
0.205842
0.324298
0.0533156
0.0288379
0.219196
0.403523
0.846478
0.0814849
1.36571
1.07924
3.1051
0.0272352
0.496544
0.00683596
0.826368
0.399083
0.634163
0.00646406
0.0251313
0.0680001
0.0603949
0.225956
0.347255
0.516695
0.0229327
0.0101305
0.532126
0.571374
1.11905
0.470069
0.0434645
0.637797
0.205441
0.59256
0.230199
0.000828972
0.0536331
0.163544
0.331126
0.607622
0.0131258
0.0239041
0.0114107
0.0124781
0.0275223
0.00262672
0.276501
0.537693
0.00602221
0.00984925
1.08836
0.326046
0.351733
0.0187848
0.0151478
0.938182
0.0137026
0.00920596
0.0168035
0.0384345
0.0153977
0.0206286
0.127292
0.10849
0.475074
0.0204327
0.171237
1.22423
0.0208166
0.0299107
0.0927193
0.285955
1.8601
0.0168185
0.551536
0.416005
0.357997
0.262681
0.00427787
0.00647653
0.991932
0.0793313
0.00371744
0.0360605
1.21066
0.106515
0.537572
0.26571
0.021499
0.3598
0.434666
0.493168
0.0477088
0.0253789
0.0244229
0.00357343
1.27918
0.553552
1.90242
0.241682
0.439878
0.563317
0.162529
0.016113
0.00204461
0.00963827
0.00236501
0.0306371
0.0156118
0.546432
0.105327
0.653141
0.00843066
0.00574142
0.0052204
0.252613
0.137222
0.0407095
0.405301
0.0119303
0.65411
0.0310552
0.736791
0.0159926
0.00115185
0.453247
0.0196692
0.00234183
1.30094
0.00592057
0.0185717
0.59316
0.00371598
0.0568069
0.00386494
0.00806467
0.636502
0.00350956
0.584506
0.00257781
1.16206
0.118891
0.0136847
0.00497175
0.577704
0.334889
0.182094
0.576951
0.430092
0.46782
2.09594
0.00347253
0.295638
0.25332
0.00369167
0.00439481
0.434562
0.4633
0.00461584
0.0145777
0.814697
0.421262
0.381584
0.506637
0.034047
0.0417915
0.0136121
0.573862
0.0764641
0.00365307
0.846276
0.00261486
0.610226
0.396064
0.620475
0.374141
0.00713869
0.0032261
0.308145
0.014639
0.0215143
0.00535608
0.00683028
0.018543
0.0195558
0.0125933
0.0860895
0.358758
0.495565
0.303219
0.0124868
0.0355821
0.301274
0.020171
0.232901
0.0348204
0.567509
0.00554999
0.351776
0.970724
0.0455661
0.0408017
0.0640049
0.00861416
0.830193
0.0325381
0.00604381
0.00637467
0.112026
0.00263773
0.666694
1.41992
0.220758
0.644405
0.03374
0.00780993
0.0246816
0.0518384
0.0119188
1.49219
0.11679
0.0418116
0.00648933
0.0161265
0.0316921
0.493311
0.564146
0.0289379
0.0388793
0.00675168
1.1027
0.114934
0.120475
0.342212
0.90422
0.819319
0.215558
0.0840141
1.05383
0.461815
0.0358199
0.216085
0.00397998
0.39356
0.472243
0.321218
0.0151747
0.513368
0.0441648
0.0088028
0.0018412
0.604624
0.631612
0.0224518
0.00352524
0.0100648
1.09255
0.959074
0.948702
0.178422
0.182875
0.00947501
1.79648
0.638051
0.0738
0.00674064
0.0044864
0.545559
0.0418823
0.000980087
0.00457349
0.00364833
0.0105853
0.00541064
1.62636
0.0631801
1.55411
0.571027
0.351488
0.0987787
0.0242994
0.366918
0.00556399
0.00767744
1.51887
0.654409
0.627992
0.0386
1.34605
0.807484
0.00791996
0.00216371
0.0206392
0.00672848
1.12595
0.00791428
0.00171722
0.0108789
0.704277
0.00342883
0.017064
0.0523898
0.0179197
0.622142
0.0125861
0.685818
0.474447
0.0028755
0.386617
0.00820706
0.0237371
0.00133883
0.0234387
0.0102675
0.233454
0.00787632
1.00217
0.540374
1.64335
0.0237045
0.327531
0.00578286
0.00928099
0.564079
0.0160408
0.231501
0.00525614
0.321021
0.19915
0.251613
0.367747
0.229851
0.00255711
0.404575
0.448318
0.0212303
0.00133701
0.388036
0.00464925
0.00699958
0.48439
0.0042406
0.495937
0.0209079
0.526105
0.0052262
0.00113476
0.00565932
0.0582633
0.00247405
0.0430987
0.00879081
0.013913
1.38821
1.64886
0.00193279
0.0267436
0.526025
0.0185081
0.00808186
0.676767
0.0263265
0.185285
0.0615007
0.0151578
0.010214
0.00437939
1.15614
0.124059
0.00929972
0.245972
0.555769
0.0283723
0.789966
0.226388
0.29165
1.92312
0.151726
0.0329394
0.367693
0.644334
0.746341
0.00619861
0.0824717
0.00578185
0.326101
0.326332
0.900911
0.307634
0.527152
0.353497
0.00282543
0.155199
0.00282911
1.62511
0.519746
0.0154276
0.00448314
0.00668748
0.123836
0.00657393
0.471474
0.00240378
0.0127908
0.0410402
0.00285923
1.63466
1.70311
0.0777784
0.0289148
0.912011
0.044181
2.53543
0.0345975
0.284901
0.0198564
0.0226392
0.232676
0.00993563
0.0829065
0.00352604
0.148692
0.485068
1.88839
0.00136941
1.00712
0.00716973
0.0310694
0.0185641
2.66363
0.0234198
0.0577806
0.971506
0.117191
0.00426085
0.443842
0.465174
0.303498
0.858803
0.102145
0.0879298
0.402874
0.191695
0.459294
1.52753
0.0728133
0.286677
0.50031
0.178107
0.344152
0.0259964
0.914656
0.0980483
0.0852985
0.930137
0.0133406
0.0618195
2.11573
0.0264848
0.0791294
0.135438
0.530177
0.399132
2.61062
0.0463798
0.759025
0.455776
0.0407373
1.23352
0.064879
0.392013
0.0359118
0.624012
0.0185076
0.0450427
0.764807
0.175445
0.034371
0.00812492
0.130182
0.0408825
0.178098
0.0235373
0.00581029
0.0198639
1.38679
0.0819559
0.566037
0.2692
0.0789312
0.065218
0.218309
0.351319
0.101305
0.0308631
0.240109
0.112204
0.0715344
0.0576942
0.127291
1.27923
0.0212821
0.0103137
0.0433635
0.0705709
0.607576
0.828048
0.0526589
0.00524215
0.0282972
0.863622
0.00115682
0.606052
0.0124281
0.492869
1.86077
0.00686633
4.38481
0.0888652
0.111795
2.76239
0.0131517
1.4588
0.00474919
2.21906
0.00475116
0.520426
0.2385
1.84208
0.136807
0.00951442
0.421875
0.731913
0.034012
0.318204
1.14269
0.0179516
0.0742446
0.00139029
0.0540151
0.762936
0.216144
0.12589
0.567979
0.75741
0.757604
0.00959958
0.993872
0.173532
5.4226
0.213123
1.40477
0.683849
0.267155
0.0067152
0.0189168
0.303701
0.00754078
0.0573115
1.44722
0.0467629
0.786103
1.06907
0.475943
0.27378
0.299733
0.0907028
0.118302
0.433275
0.454671
0.957102
0.00558876
0.0182217
0.518432
1.26167
0.556933
0.284538
0.052783
0.0110971
