0.184231
0.193754
0.191437
0.194332
0.191397
0.197311
0.191171
0.191507
0.194215
0.191079
0.196579
0.191054
0.190696
0.194216
0.191451
0.1918
0.191484
0.190969
0.193671
0.191563
0.192199
0.19146
0.191541
0.198624
0.191613
0.191007
0.191518
0.190465
0.199734
0.191888
0.192064
0.191881
0.191863
0.199592
0.19141
0.191622
0.19163
0.191023
0.200007
0.191547
0.19208
0.191265
0.191346
0.194726
0.191068
0.191857
0.192024
0.191978
0.194293
0.192216
0.191165
0.196909
0.190957
0.193868
0.191108
0.190687
0.196306
0.191273
0.191301
0.191353
0.191711
0.197755
0.190852
0.19189
0.193945
0.191132
0.191223
0.191072
0.191498
0.193657
0.191414
0.191868
0.192472
0.191732
0.198933
0.190633
0.192084
0.191534
0.191866
0.198506
0.191025
0.191956
0.191679
0.191109
0.199022
0.191152
0.19098
0.19164
0.190544
0.200116
0.191701
0.191235
0.190861
0.191566
0.195119
0.192
0.192258
0.191036
0.190233
0.194907
0.192393
0.191315
0.197315
0.191185
0.19258
0.191555
0.191846
0.19658
0.190766
0.193248
0.190579
0.190727
0.196643
0.191739
0.194754
0.191028
0.191075
0.196024
0.191569
0.192197
0.191686
0.191443
0.191297
0.190186
0.191347
0.19194
0.191811
0.192206
0.191916
0.191274
0.199321
0.191381
0.191939
0.191212
0.191173
0.198611
0.19103
0.192033
0.191738
0.191279
0.199371
0.191111
0.192569
0.191206
0.191434
0.199933
0.19122
0.190525
0.190487
0.191705
0.194124
0.190596
0.190683
0.192017
0.190866
0.193273
0.190046
0.191439
0.195779
0.191166
0.192576
0.191733
0.190786
0.205579
0.19189
0.193848
0.189978
0.191494
0.197634
0.191338
0.193212
0.190567
0.191063
0.191195
0.190575
0.193189
0.190977
0.19021
0.191807
0.191267
0.194549
0.196745
0.192138
0.191022
0.191915
0.190851
0.19832
0.190984
0.191721
0.191764
0.190738
0.199085
0.19146
0.190391
0.190867
0.190633
0.193501
0.191419
0.191509
0.192032
0.192044
0.193545
0.19125
0.191525
0.197421
0.191212
0.194158
0.1907
0.190354
0.196049
0.190956
0.193663
0.191111
0.189964
0.196597
0.191117
0.194017
0.191766
0.192051
0.191832
0.191142
0.193588
0.19199
0.191339
0.191667
0.192277
0.193623
0.196048
0.191326
0.191422
0.191492
0.194143
0.196765
0.190926
0.19172
0.191239
0.193651
0.196863
0.190353
0.191027
0.190069
0.192209
0.200126
0.191023
0.192082
0.190679
0.190756
0.193762
0.192223
0.192076
0.192006
0.192174
0.193888
0.191927
0.192231
0.197391
0.191697
0.193642
0.191755
0.19224
0.197902
0.191825
0.194202
0.191609
0.191297
0.196763
0.190802
0.194478
0.192239
0.190317
0.197081
0.191682
0.194665
0.191929
0.191939
0.194422
0.190805
0.194654
0.191334
0.192279
0.191925
0.191855
0.193294
0.191796
0.19206
0.191312
0.191544
0.194543
0.196745
0.191157
0.191763
0.19141
0.194909
0.196757
0.190547
0.191416
0.191194
0.194351
0.195703
0.19161
0.191347
0.1926
0.193776
0.197812
0.191289
0.191607
0.192274
0.195358
0.191866
0.191871
0.191322
0.190055
0.193069
0.191749
0.190669
0.191851
0.197027
0.191754
0.193599
0.190375
0.191876
0.196638
0.191273
0.193422
0.191877
0.191212
0.19641
0.191257
0.193733
0.191248
0.19113
0.191074
0.191352
0.193079
0.19152
0.190829
0.191394
0.190417
0.194209
0.192013
0.19222
0.191084
0.191264
0.193831
0.196967
0.191488
0.191746
0.191203
0.193705
0.197755
0.190157
0.190934
0.190997
0.194588
0.195907
0.19067
0.191086
0.191077
0.193951
0.192
0.191329
0.191567
0.191726
0.19352
0.191933
0.191669
0.191382
0.19585
0.194849
0.191091
0.192133
0.191259
0.197366
0.193528
0.189577
0.189724
0.19103
0.195775
0.190474
0.192973
0.192834
0.191546
0.19185
0.189941
0.193956
0.192825
0.191664
0.191606
0.191748
0.193939
0.195267
0.189819
0.191196
0.190728
0.192564
0.195866
0.190993
0.190855
0.192281
0.193636
0.196708
0.191436
0.190466
0.190955
0.194604
0.191897
0.191745
0.19123
0.19115
0.195281
0.19044
0.191315
0.191577
0.197853
0.194331
0.190846
0.190162
0.19105
0.197271
0.194205
0.191975
0.191267
0.191766
0.196713
0.194901
0.191875
0.191548
0.191617
0.19704
0.194391
0.191333
0.191922
0.192095
0.192034
0.190558
0.192737
0.191483
0.19047
0.191949
0.191697
0.193927
0.196277
0.190814
0.192146
0.192158
0.193587
0.196633
0.191994
0.190738
0.19176
0.193181
0.19693
0.192217
0.190559
0.190672
0.193963
0.191427
0.19121
0.191943
0.19085
0.193246
0.191878
0.191774
0.192371
0.19697
0.194014
0.191317
0.191259
0.190952
0.19721
0.193471
0.191371
0.190969
0.190573
0.19492
0.191875
0.19099
0.191042
0.191185
0.191363
0.193413
0.190434
0.189057
0.190542
0.191259
0.190369
0.192654
0.19573
0.191628
0.191802
0.192048
0.194562
0.195815
0.192261
0.191586
0.19135
0.193433
0.197222
0.191503
0.191874
0.191166
0.192578
0.19141
0.190871
0.189701
0.189498
0.191888
0.190006
0.189393
0.190122
0.195194
0.191279
0.190081
0.189618
0.191595
0.195462
0.193526
0.191944
0.19171
0.191776
0.191652
0.194475
0.189456
0.189404
0.188994
0.189737
0.191985
0.190215
0.194991
0.18922
0.190019
0.191845
0.188323
0.194757
0.188924
0.190032
0.189965
0.192791
0.190071
0.189614
0.192008
0.191886
0.194146
0.190484
0.190279
0.190676
0.194382
0.192993
0.190743
0.190369
0.190835
0.194619
0.193079
0.190179
0.190034
0.190918
0.196089
0.192666
0.191188
0.190519
0.190079
0.189395
0.193211
0.190654
0.195233
0.190902
0.194375
0.192544
0.190247
0.196356
0.190815
0.190543
0.219921
0.191402
0.195667
0.190817
0.190423
0.194097
0.189408
0.195539
0.190155
0.190208
0.192355
0.189211
0.194902
0.190431
0.18837
0.190694
0.193211
0.213394
0.19038
0.19017
0.190348
0.193365
0.191782
0.192605
0.191726
0.196873
0.193533
0.191566
0.191932
0.189681
0.195564
0.192072
0.189244
0.189642
0.189626
0.195733
0.192937
0.189991
0.189591
0.190685
0.189434
0.192505
0.189391
0.193137
0.190031
0.190053
0.19312
0.189646
0.195582
0.189854
0.189768
0.194545
0.194396
0.196162
0.191106
0.191561
0.194488
0.191443
0.196695
0.190102
0.196431
0.203066
0.193394
0.196803
0.192266
0.192255
0.200446
0.191947
0.196959
0.192896
0.192645
0.200372
0.192829
0.198231
0.193675
0.191479
0.201046
0.192993
0.21959
0.19272
0.193955
0.19991
0.193758
0.197467
0.193375
0.193747
0.199856
0.193637
0.198518
0.193132
0.193671
0.200656
0.193014
0.197672
0.193269
0.193806
0.201661
0.193258
0.198074
0.193095
0.192871
0.20031
0.19303
0.198827
0.193568
0.192563
0.200688
0.193093
0.197814
0.192003
0.193344
0.200468
0.20344
0.197726
0.192947
0.193842
0.199081
0.192855
0.192597
0.192754
0.192989
0.200422
0.193071
0.192064
0.197506
0.192399
0.200378
0.191757
0.214672
0.192387
0.192229
0.201048
0.192981
0.192053
0.192204
0.191491
0.201489
0.193005
0.192487
0.19739
0.193131
0.200461
0.192065
0.192899
0.19784
0.192836
0.20062
0.193602
0.192726
0.19844
0.193173
0.199517
0.193673
0.193184
0.198024
0.192576
0.199395
0.19356
0.19258
0.197257
0.192549
0.200472
0.192709
0.193044
0.19872
0.19246
0.199577
0.193985
0.192791
0.19779
0.193367
0.200322
0.192372
0.193455
0.19718
0.192606
0.200348
0.193888
0.193717
0.197526
0.19332
0.200345
0.192544
0.193225
0.198022
0.19237
0.201396
0.193418
0.193152
0.198446
0.193876
0.203332
0.192613
0.194336
0.198629
0.193994
0.200929
0.193178
0.192946
0.197235
0.193126
0.201535
0.192343
0.193583
0.197518
0.193141
0.200469
0.192766
0.192133
0.198282
0.192068
0.200941
0.192693
0.192916
0.196831
0.193693
0.20008
0.193444
0.19237
0.19779
0.193276
0.203817
0.192657
0.193002
0.197645
0.193019
0.20195
0.193047
0.192926
0.19762
0.193453
0.197305
0.193296
0.192638
0.196896
0.19359
0.196158
0.193057
0.192176
0.197883
0.193435
0.196426
0.197655
0.193027
0.19869
0.193343
0.196996
0.198001
0.193318
0.197402
0.192898
0.196629
0.197411
0.193162
0.198128
0.193183
0.19564
0.197628
0.19289
0.198391
0.192633
0.196668
0.198372
0.192548
0.198271
0.193254
0.196018
0.197577
0.192257
0.197884
0.19307
0.192659
0.19696
0.192897
0.198047
0.193013
0.192538
0.201054
0.193185
0.1987
0.193752
0.192747
0.200929
0.192659
0.198478
0.193044
0.193211
0.196623
0.192783
0.198136
0.192013
0.192846
0.201219
0.193339
0.197973
0.193445
0.193412
0.194867
0.191529
0.197128
0.19202
0.190747
0.193702
0.191963
0.191063
0.191746
0.192009
0.19339
0.191732
0.191013
0.191838
0.191741
0.199532
0.192165
0.191625
0.190399
0.191888
0.19889
0.19122
0.191489
0.191111
0.192077
0.19844
0.191072
0.191589
0.19211
0.192127
0.199843
0.191577
0.19111
0.191799
0.1921
0.19534
0.191326
0.190997
0.192348
0.190865
0.194119
0.191087
0.190968
0.197064
0.191717
0.194434
0.191557
0.191773
0.197719
0.191657
0.193679
0.192375
0.191884
0.198174
0.191758
0.193546
0.191112
0.19085
0.191893
0.191697
0.191041
0.19118
0.192047
0.189714
0.19095
0.191123
0.198805
0.191736
0.192336
0.191325
0.190858
0.198417
0.191862
0.191136
0.191774
0.191618
0.196176
0.19156
0.191713
0.191786
0.1916
0.198253
0.189361
0.191307
0.191641
0.191558
0.195356
0.190548
0.190863
0.190811
0.191286
0.192735
0.192679
0.190883
0.195758
0.190911
0.19336
0.19189
0.191887
0.197417
0.190359
0.19446
0.191618
0.189974
0.197252
0.191582
0.193091
0.190232
0.19017
0.192181
0.191757
0.193644
0.191326
0.191704
0.191671
0.191448
0.194337
0.196447
0.191477
0.191373
0.191034
0.191162
0.19861
0.19117
0.190757
0.190883
0.191434
0.198874
0.192047
0.191417
0.192759
0.191046
0.199549
0.190671
0.190076
0.191883
0.191484
0.196226
0.191658
0.190964
0.191455
0.191731
0.194455
0.191286
0.19219
0.1972
0.189461
0.193935
0.192285
0.191789
0.197108
0.191565
0.194675
0.191146
0.191038
0.196962
0.191642
0.195577
0.191922
0.192057
0.19633
0.190771
0.194636
0.191575
0.192229
0.192189
0.192379
0.194963
0.1921
0.191802
0.191248
0.191649
0.194197
0.196062
0.191751
0.190467
0.191558
0.194524
0.196267
0.191823
0.191591
0.192328
0.193781
0.196999
0.192477
0.191345
0.191352
0.193291
0.196296
0.1918
0.192017
0.19229
0.193765
0.197256
0.191489
0.191929
0.191794
0.191776
0.194824
0.190459
0.191114
0.192116
0.19203
0.194018
0.190486
0.192197
0.194739
0.191604
0.1941
0.191428
0.190583
0.196537
0.191068
0.194087
0.191947
0.191237
0.194902
0.190952
0.193886
0.190727
0.191887
0.196775
0.191744
0.193324
0.19229
0.19174
0.197654
0.191859
0.194268
0.191144
0.191499
0.191918
0.190263
0.193907
0.191957
0.191358
0.192205
0.191332
0.193652
0.196283
0.191527
0.190976
0.192811
0.193893
0.197212
0.19202
0.191459
0.19081
0.194099
0.196602
0.190985
0.191788
0.191774
0.193271
0.196374
0.191591
0.191583
0.192282
0.194877
0.197584
0.191978
0.191485
0.19068
0.193968
0.191606
0.191721
0.191951
0.192709
0.1938
0.192403
0.192484
0.192079
0.196884
0.194969
0.191773
0.192003
0.19066
0.196778
0.193522
0.191912
0.191683
0.191314
0.196809
0.190827
0.193656
0.192089
0.191829
0.196459
0.192345
0.194304
0.191188
0.191781
0.196945
0.19119
0.194459
0.192231
0.191842
0.192296
0.191748
0.194528
0.19236
0.190707
0.191655
0.191737
0.193462
0.195356
0.191288
0.191178
0.191647
0.193849
0.19686
0.191508
0.191708
0.191755
0.194064
0.193583
0.192292
0.191439
0.191487
0.193358
0.196403
0.191647
0.192334
0.191887
0.194366
0.192136
0.191738
0.192226
0.192096
0.193565
0.191154
0.192303
0.190488
0.196269
0.194246
0.191367
0.191572
0.191224
0.194883
0.195172
0.192588
0.191363
0.191387
0.196619
0.194215
0.191752
0.19142
0.191666
0.195814
0.191836
0.193493
0.191055
0.191173
0.192033
0.191308
0.194083
0.191495
0.191575
0.192015
0.192082
0.194255
0.196546
0.192132
0.191306
0.191179
0.193527
0.196128
0.190877
0.191114
0.191893
0.193465
0.196733
0.191139
0.191198
0.192017
0.194444
0.192058
0.191904
0.190697
0.190748
0.193728
0.191033
0.191135
0.191203
0.195904
0.194811
0.192079
0.191543
0.190491
0.195819
0.193832
0.19146
0.191652
0.191337
0.195767
0.194353
0.190648
0.19159
0.191757
0.196511
0.193045
0.191094
0.191139
0.191383
0.191585
0.193233
0.191382
0.190612
0.191227
0.191545
0.191367
0.194514
0.195959
0.191764
0.190981
0.190674
0.192777
0.19638
0.191669
0.191873
0.190282
0.193569
0.194631
0.191567
0.191889
0.192055
0.193126
0.192409
0.191443
0.191553
0.191875
0.193521
0.191458
0.19014
0.190312
0.195504
0.19338
0.190583
0.19174
0.190049
0.195567
0.193892
0.191389
0.192072
0.191216
0.195446
0.194457
0.191888
0.19155
0.191446
0.19149
0.193211
0.190943
0.191525
0.191894
0.19225
0.194985
0.192069
0.195408
0.189959
0.192151
0.193433
0.190778
0.196492
0.191338
0.191473
0.190772
0.191174
0.196107
0.190723
0.19098
0.19109
0.192555
0.195408
0.190992
0.191338
0.19176
0.193919
0.19195
0.191164
0.191348
0.191853
0.19403
0.191348
0.191528
0.190448
0.195791
0.194367
0.191647
0.191836
0.191303
0.195303
0.194483
0.191289
0.191553
0.191533
0.194506
0.192671
0.191826
0.191344
0.191453
0.191338
0.193781
0.191338
0.190542
0.191304
0.191526
0.194578
0.191679
0.196887
0.190489
0.191374
0.19403
0.191944
0.197085
0.190856
0.191032
0.192969
0.191734
0.195685
0.19192
0.19199
0.193528
0.191724
0.195756
0.190572
0.191675
0.19404
0.191406
0.191502
0.190401
0.191175
0.191926
0.194016
0.191291
0.191858
0.190856
0.196473
0.194177
0.19174
0.19192
0.190317
0.195104
0.193296
0.192259
0.191209
0.190261
0.196047
0.193702
0.191351
0.191225
0.19165
0.191463
0.193727
0.191263
0.190905
0.190878
0.190779
0.193746
0.191905
0.195252
0.191197
0.190454
0.193878
0.191104
0.196038
0.191578
0.190842
0.19409
0.190796
0.195612
0.191824
0.191763
0.194065
0.191936
0.194359
0.191395
0.189805
0.194843
0.191797
0.190727
0.191115
0.191489
0.199706
0.191788
0.191576
0.191528
0.192062
0.195638
0.193147
0.191378
0.190909
0.192272
0.196658
0.192543
0.191354
0.191675
0.191931
0.195718
0.192336
0.190683
0.190655
0.192238
0.191409
0.19447
0.191043
0.191155
0.190119
0.195601
0.193544
0.191528
0.195959
0.191016
0.191033
0.194279
0.190418
0.196216
0.191376
0.191499
0.194709
0.191974
0.1967
0.191474
0.191173
0.194684
0.191626
0.196014
0.19181
0.191399
0.194891
0.191733
0.192333
0.192131
0.191613
0.192847
0.191945
0.190591
0.192542
0.191449
0.1937
0.191606
0.192141
0.190836
0.191736
0.194263
0.190655
0.192172
0.192182
0.192044
0.198805
0.190456
0.191577
0.191475
0.189904
0.198136
0.191401
0.189958
0.192239
0.190342
0.198682
0.191754
0.191375
0.191582
0.190927
0.19276
0.19465
0.190623
0.191375
0.191604
0.191144
0.193933
0.191136
0.193065
0.191562
0.191792
0.193789
0.191546
0.196384
0.190467
0.192449
0.192387
0.191634
0.196691
0.191928
0.190601
0.193683
0.190841
0.195878
0.192277
0.191798
0.193621
0.19136
0.191272
0.191289
0.191571
0.194239
0.192046
0.190935
0.190807
0.191538
0.198476
0.192154
0.191812
0.191572
0.191236
0.198561
0.191658
0.190477
0.19162
0.192557
0.19827
0.191375
0.192132
0.191548
0.191062
0.199504
0.191993
0.191215
0.191069
0.191327
0.194354
0.19121
0.192
0.190441
0.191143
0.191274
0.193172
0.191844
0.196038
0.1912
0.189762
0.193512
0.190824
0.195411
0.192511
0.19141
0.193326
0.191529
0.197009
0.192375
0.191386
0.193835
0.191588
0.191885
0.191114
0.191545
0.194153
0.191733
0.191368
0.190402
0.19157
0.198963
0.191835
0.191826
0.192289
0.191523
0.199247
0.191455
0.191018
0.191502
0.191289
0.197443
0.191395
0.191712
0.191054
0.191329
0.193833
0.191943
0.190749
0.189768
0.191193
0.194364
0.191488
0.19186
0.195895
0.189856
0.193927
0.192404
0.190678
0.195134
0.191748
0.190234
0.191134
0.191483
0.19532
0.191524
0.189679
0.194003
0.192232
0.191994
0.190826
0.191184
0.194202
0.190827
0.191842
0.19164
0.192268
0.196317
0.192282
0.191283
0.191302
0.192788
0.199413
0.191405
0.191751
0.191595
0.191632
0.197517
0.190909
0.191853
0.191852
0.191764
0.198768
0.19097
0.190886
0.191325
0.189961
0.193923
0.19175
0.192056
0.191496
0.190402
0.194666
0.191158
0.191345
0.196547
0.191371
0.193202
0.190804
0.191227
0.195202
0.192281
0.194961
0.191182
0.191158
0.196127
0.191056
0.193409
0.191276
0.191428
0.191086
0.192164
0.191949
0.193144
0.190821
0.190946
0.190913
0.19217
0.198096
0.191946
0.189862
0.191932
0.191929
0.197468
0.191282
0.192595
0.191855
0.192217
0.198595
0.190475
0.191765
0.192249
0.191266
0.194421
0.192198
0.191413
0.191467
0.192091
0.193787
0.192122
0.191554
0.196162
0.19162
0.194568
0.19196
0.191958
0.196076
0.190663
0.193789
0.191328
0.191729
0.196102
0.191988
0.194889
0.192043
0.191872
0.196301
0.191677
0.194366
0.191752
0.191655
0.192451
0.192715
0.193182
0.191201
0.192045
0.191242
0.190974
0.194484
0.195847
0.191259
0.190871
0.19169
0.191731
0.198425
0.192108
0.192353
0.191073
0.191453
0.1975
0.191209
0.191786
0.191934
0.190994
0.197335
0.191492
0.190492
0.192118
0.191428
0.194016
0.191312
0.19123
0.192073
0.190201
0.194006
0.191314
0.191899
0.195821
0.19073
0.193319
0.19162
0.191846
0.195747
0.192082
0.193847
0.191949
0.192121
0.196639
0.1923
0.194341
0.190963
0.190766
0.191971
0.191429
0.193827
0.192106
0.191603
0.191393
0.190938
0.19534
0.196265
0.191117
0.191118
0.192131
0.19231
0.195567
0.191621
0.191411
0.191365
0.192498
0.194728
0.190082
0.19119
0.192543
0.191881
0.196733
0.193205
0.192982
0.198871
0.192852
0.202145
0.192608
0.192925
0.199785
0.194024
0.200525
0.193383
0.192101
0.199413
0.193179
0.201521
0.192886
0.193123
0.199635
0.193427
0.201884
0.191847
0.193116
0.199659
0.193794
0.202211
0.19361
0.193224
0.198143
0.193479
0.201162
0.193062
0.194161
0.198238
0.193829
0.20009
0.192491
0.193822
0.198604
0.193444
0.201712
0.192907
0.192605
0.199802
0.192534
0.194816
0.192918
0.193127
0.199363
0.192673
0.193934
0.198062
0.192542
0.199518
0.192378
0.195411
0.197458
0.192942
0.198978
0.192197
0.195847
0.199339
0.193732
0.199341
0.193329
0.19627
0.198865
0.193226
0.199166
0.192967
0.195549
0.199211
0.193221
0.198999
0.192654
0.195104
0.199535
0.193244
0.198507
0.192244
0.195766
0.199255
0.193296
0.198818
0.192466
0.196779
0.198722
0.194269
0.199307
0.193625
0.196181
0.199741
0.193625
0.197748
0.193341
0.196567
0.196595
0.192229
0.198339
0.193876
0.195581
0.198994
0.193981
0.198443
0.192889
0.196483
0.198741
0.192471
0.199049
0.193388
0.196027
0.198236
0.192881
0.198585
0.193312
0.195561
0.199263
0.193005
0.2001
0.192688
0.196999
0.198997
0.193358
0.198686
0.193018
0.196079
0.198677
0.193454
0.19913
0.19347
0.195599
0.198991
0.192646
0.198358
0.193012
0.195005
0.199384
0.193611
0.196285
0.192925
0.195608
0.199325
0.193429
0.198919
0.193098
0.19531
0.198898
0.194588
0.199579
0.194113
0.194945
0.19974
0.193772
0.215619
0.19741
0.193752
0.199146
0.193403
0.198181
0.196592
0.193562
0.198113
0.193056
0.198491
0.195606
0.193277
0.199158
0.192941
0.199125
0.196322
0.1929
0.198493
0.193004
0.197241
0.197984
0.193779
0.199683
0.191368
0.199261
0.196466
0.193308
0.198717
0.192851
0.198195
0.195485
0.193125
0.198162
0.192687
0.19839
0.195688
0.192835
0.197709
0.192517
0.198961
0.196565
0.193161
0.199505
0.19283
0.199641
0.196441
0.192304
0.198471
0.19266
0.198085
0.19671
0.193744
0.20002
0.191752
0.199356
0.194817
0.193482
0.198618
0.194008
0.198948
0.195574
0.191993
0.199794
0.194093
0.199444
0.196941
0.192375
0.19911
0.193307
0.199044
0.19524
0.193616
0.198949
0.19319
0.199044
0.196665
0.192958
0.200231
0.192697
0.198472
0.195003
0.193115
0.199686
0.192702
0.198659
0.196746
0.193213
0.198853
0.192766
0.198826
0.195971
0.193563
0.19905
0.192699
0.198733
0.195016
0.19326
0.198933
0.193417
0.198825
0.196001
0.192918
0.198128
0.193955
0.199583
0.195819
0.192689
0.19727
0.192819
0.19397
0.19754
0.193133
0.198937
0.192796
0.192661
0.202542
0.193342
0.199337
0.192414
0.193357
0.201718
0.194638
0.199853
0.193299
0.193724
0.201289
0.193343
0.199174
0.193344
0.194
0.200434
0.192789
0.199209
0.192652
0.193018
0.200336
0.192698
0.19759
0.191091
0.19181
0.20093
0.191315
0.195812
0.191098
0.192003
0.203062
0.192933
0.198565
0.193053
0.193377
0.202635
0.19301
0.197643
0.193156
0.192853
0.202514
0.192476
0.198749
0.193271
0.193409
0.202295
0.193006
0.198127
0.193533
0.193112
0.202053
0.192218
0.198721
0.193573
0.193572
0.202599
0.194454
0.198723
0.192706
0.193339
0.203526
0.193753
0.197985
0.193468
0.193099
0.201197
0.193743
0.19975
0.192669
0.192889
0.20088
0.193777
0.197734
0.192622
0.193452
0.201322
0.193372
0.198295
0.192946
0.192883
0.201096
0.193897
0.197523
0.193544
0.192137
0.201756
0.192761
0.199026
0.193317
0.193
0.200125
0.193186
0.198404
0.192752
0.193542
0.202389
0.193708
0.197727
0.192512
0.192568
0.202505
0.193945
0.197718
0.191252
0.192024
0.202619
0.193532
0.197835
0.19262
0.192694
0.20247
0.193606
0.199015
0.193156
0.192859
0.201888
0.193091
0.197723
0.192689
0.193222
0.20147
0.193256
0.199331
0.192794
0.192719
0.201883
0.192233
0.199159
0.19371
0.193745
0.201704
0.193491
0.199407
0.193946
0.193323
0.2018
0.1922
0.19911
0.193332
0.193069
0.202111
0.193789
0.199631
0.193029
0.193395
0.201821
0.194104
0.199152
0.192438
0.193951
0.201177
0.19316
0.199384
0.193122
0.193597
0.201711
0.19292
0.199377
0.193661
0.19303
0.201265
0.193371
0.199432
0.192323
0.191982
0.202184
0.193623
0.199218
0.193802
0.193104
0.201042
0.192395
0.199082
0.193193
0.19272
0.200234
0.193732
0.198941
0.192345
0.193102
0.201832
0.193783
0.199515
0.192762
0.192251
0.202219
0.193153
0.193122
0.192494
0.192537
0.202787
0.193738
0.193151
0.193568
0.192786
0.20114
0.193477
0.19317
0.198802
0.193209
0.201951
0.19229
0.193036
0.196895
0.193068
0.201705
0.193306
0.192835
0.19825
0.193059
0.201484
0.194074
0.192096
0.198408
0.193827
0.201496
0.193016
0.193188
0.199138
0.193393
0.201884
0.192514
0.193044
0.197957
0.193689
0.201659
0.19383
0.193416
0.199231
0.193036
0.200716
0.193064
0.193285
0.199601
0.192027
0.198917
0.193104
0.194163
0.199893
0.192603
0.200981
0.193525
0.191025
0.198355
0.193325
0.201529
0.193772
0.193083
0.199061
0.192615
0.201819
0.19349
0.194015
0.199247
0.193678
0.200197
0.193736
0.193244
0.19915
0.192232
0.200291
0.192704
0.193591
0.198944
0.192866
0.200931
0.193512
0.192714
0.198469
0.192249
0.200521
0.192422
0.193332
0.198091
0.192123
0.19954
0.193371
0.19378
0.19937
0.192378
0.200243
0.193671
0.193527
0.198683
0.193307
0.200483
0.192643
0.192916
0.199469
0.192863
0.202205
0.193927
0.192682
0.199358
0.193216
0.201354
0.193322
0.192642
0.198465
0.193364
0.201034
0.192755
0.191956
0.199469
0.193772
0.201953
0.192783
0.192904
0.199222
0.193185
0.200949
0.193291
0.192655
0.198793
0.193537
0.201419
0.193102
0.192841
0.19949
0.19277
0.20175
0.193311
0.19247
0.199643
0.193329
0.201072
0.193203
0.192731
0.198417
0.193063
0.200304
0.193387
0.193975
0.198304
0.192605
0.200794
0.193184
0.194194
0.199892
0.193023
0.201235
0.194007
0.194131
0.199252
0.19344
0.201895
0.193364
0.192693
0.199618
0.193524
0.202578
0.192103
0.192612
0.199218
0.193431
0.201981
0.193675
0.192856
0.199606
0.193052
0.201869
0.193122
0.193492
0.198561
0.194068
0.201525
0.193227
0.193024
0.199742
0.193014
0.202164
0.192689
0.193658
0.200105
0.193336
0.201828
0.193463
0.193474
0.199703
0.193394
0.201223
0.193786
0.19389
0.19907
0.1931
0.200172
0.193479
0.19405
0.199225
0.19303
0.202541
0.192692
0.193339
0.200016
0.193894
0.202579
0.193543
0.193965
0.200052
0.193638
0.202169
0.193976
0.193782
0.198807
0.194064
0.202743
0.193095
0.193037
0.198785
0.192371
0.201069
0.193869
0.19401
0.199393
0.193454
0.202901
0.193336
0.193362
0.199181
0.193429
0.20261
0.192775
0.193613
0.198409
0.193626
0.201988
0.194337
0.194072
0.198848
0.192939
0.201891
0.19218
0.193957
0.199774
0.19324
0.202502
0.192835
0.193575
0.199659
0.194432
0.202572
0.193298
0.192977
0.199235
0.192336
0.202275
0.194253
0.193362
0.200226
0.193935
0.201679
0.193071
0.193562
0.197816
0.193349
0.202034
0.19286
0.193092
0.199216
0.193669
0.202166
0.192834
0.192555
0.199482
0.193033
0.202348
0.192764
0.19299
0.199803
0.193963
0.202212
0.193521
0.193279
0.199204
0.193031
0.202476
0.193542
0.1929
0.199431
0.193039
0.201376
0.192903
0.193256
0.199138
0.192886
0.198967
0.19336
0.193215
0.198695
0.193369
0.201973
0.193507
0.193388
0.199423
0.193267
0.20207
0.193878
0.192708
0.200031
0.193835
0.202401
0.193111
0.192156
0.198674
0.193198
0.201748
0.192303
0.192979
0.19966
0.193268
0.202968
0.193514
0.193361
0.199442
0.193071
0.201547
0.193247
0.193515
0.199062
0.193577
0.200967
0.191933
0.193404
0.199018
0.194175
0.200535
0.192258
0.193353
0.198921
0.193541
0.201625
0.193271
0.192959
0.198672
0.193537
0.203269
0.193545
0.193059
0.199589
0.193205
0.201509
0.193736
0.193348
0.19946
0.194281
0.198973
0.193657
0.193698
0.200626
0.19651
0.199254
0.19057
0.192615
0.1996
0.196192
0.199129
0.193265
0.193571
0.198957
0.195972
0.198112
0.192397
0.193652
0.199398
0.196855
0.197865
0.192581
0.19348
0.20015
0.196158
0.198282
0.193401
0.19388
0.198401
0.195258
0.197526
0.192606
0.194179
0.198349
0.195846
0.198642
0.19347
0.193368
0.199785
0.196367
0.198928
0.192844
0.19322
0.19934
0.196537
0.198923
0.193985
0.193695
0.199109
0.196554
0.198545
0.192551
0.193704
0.199202
0.196491
0.199204
0.192992
0.193136
0.198959
0.19599
0.197935
0.193004
0.193504
0.200271
0.195217
0.199262
0.19275
0.193659
0.199268
0.194133
0.198756
0.193146
0.192537
0.200013
0.195368
0.199098
0.193189
0.194025
0.200167
0.19771
0.199171
0.192387
0.193625
0.199188
0.196237
0.198693
0.194174
0.193394
0.198995
0.195019
0.199505
0.194307
0.193643
0.199314
0.195557
0.198754
0.193188
0.193239
0.199695
0.19334
0.199253
0.192937
0.193624
0.199938
0.196678
0.199504
0.192953
0.192506
0.198813
0.196722
0.19937
0.193199
0.193472
0.199477
0.197135
0.197094
0.192702
0.193204
0.199739
0.196022
0.19898
0.192475
0.193548
0.198989
0.197218
0.199614
0.193368
0.193324
0.200045
0.19701
0.199043
0.193301
0.193661
0.198844
0.195739
0.198827
0.189708
0.178735
0.194525
0.180577
0.17382
0.174338
0.178353
0.174271
0.174481
0.175742
0.181212
0.174012
0.195996
0.17509
0.177712
0.174629
0.175195
0.174463
0.17754
0.175455
0.17548
0.178133
0.174569
0.17427
0.174187
0.17803
0.17507
0.175158
0.179933
0.174433
0.174973
0.174478
0.177849
0.17503
0.175377
0.180614
0.173867
0.178956
0.174989
0.177307
0.174626
0.174854
0.180334
0.174922
0.173114
0.174565
0.178441
0.175582
0.174674
0.180684
0.176121
0.174509
0.175511
0.177512
0.174862
0.175859
0.186464
0.175093
0.179014
0.174856
0.178595
0.175235
0.174932
0.178814
0.17431
0.173698
0.174146
0.177646
0.174883
0.173532
0.19525
0.174302
0.177133
0.176008
0.175844
0.179907
0.176747
0.174707
0.175907
0.177654
0.173286
0.17518
0.174985
0.175299
0.175114
0.175889
0.174418
0.174098
0.17608
0.175123
0.178371
0.177302
0.176234
0.179073
0.174753
0.17443
0.174482
0.176405
0.174646
0.182586
0.17958
0.175935
0.174897
0.176168
0.174598
0.174851
0.173172
0.174802
0.193059
0.175147
0.174409
0.174772
0.186994
0.179071
0.176671
0.17471
0.174957
0.174168
0.17454
0.173717
0.177608
0.17463
0.177286
0.180268
0.1771
0.17332
0.174493
0.186714
0.174058
0.176094
0.173526
0.175666
0.180462
0.174774
0.172246
0.172532
0.17317
0.174641
0.173759
0.173337
0.175551
0.174005
0.192283
0.195447
0.192581
0.195986
0.191514
0.192478
0.197698
0.192865
0.197432
0.191199
0.191301
0.195908
0.192433
0.198494
0.192529
0.192271
0.197411
0.19184
0.198813
0.191023
0.192508
0.197348
0.192785
0.197218
0.191498
0.192115
0.198419
0.192675
0.198018
0.192684
0.191553
0.196934
0.192299
0.198337
0.190908
0.191536
0.196603
0.192651
0.194281
0.192256
0.19223
0.197762
0.192044
0.194711
0.191856
0.192021
0.197158
0.192306
0.192881
0.193067
0.191698
0.200816
0.192952
0.192963
0.194314
0.192549
0.198934
0.191756
0.191785
0.194977
0.192705
0.201111
0.191871
0.191685
0.195451
0.191546
0.199546
0.192475
0.191988
0.194796
0.192201
0.198718
0.191547
0.191119
0.195355
0.191091
0.199718
0.191417
0.192237
0.194453
0.192414
0.200018
0.191226
0.191795
0.194455
0.192325
0.197709
0.190978
0.191891
0.195095
0.19202
0.197454
0.191991
0.191045
0.194216
0.192179
0.192538
0.194161
0.19148
0.196711
0.192594
0.192177
0.195231
0.191902
0.198089
0.191898
0.19277
0.196892
0.191362
0.196402
0.192123
0.192432
0.197219
0.192157
0.196989
0.190976
0.19212
0.197355
0.192189
0.197569
0.191466
0.191737
0.196966
0.191117
0.197949
0.190954
0.192022
0.197212
0.192314
0.19748
0.190954
0.191672
0.197822
0.192614
0.196522
0.190114
0.191567
0.19719
0.192676
0.195479
0.191193
0.191926
0.197246
0.192044
0.194259
0.191917
0.191559
0.197771
0.192862
0.194041
0.19116
0.192762
0.198696
0.192025
0.194874
0.189727
0.192283
0.197618
0.191493
0.194228
0.191171
0.192311
0.198024
0.192051
0.191996
0.190343
0.192551
0.198362
0.193014
0.192111
0.189541
0.191957
0.197864
0.192875
0.19538
0.192392
0.191851
0.19767
0.191676
0.192529
0.192145
0.191278
0.195755
0.191358
0.191196
0.193824
0.19279
0.19547
0.19208
0.191245
0.19508
0.192148
0.198788
0.192934
0.191613
0.194308
0.191425
0.199622
0.191789
0.190141
0.194125
0.191294
0.200872
0.191849
0.191307
0.194974
0.192595
0.200783
0.193593
0.193414
0.198072
0.192176
0.201446
0.193203
0.193747
0.197885
0.192321
0.197697
0.191818
0.191834
0.191954
0.191012
0.196955
0.19122
0.192097
0.190947
0.191024
0.198955
0.191232
0.191443
0.190817
0.190097
0.198607
0.191522
0.190816
0.191708
0.190744
0.193518
0.191748
0.191791
0.190753
0.191098
0.193127
0.19123
0.192281
0.19637
0.191264
0.194261
0.19099
0.191621
0.195756
0.191495
0.193422
0.190778
0.191813
0.196423
0.191042
0.193303
0.191081
0.191657
0.197169
0.190215
0.193916
0.190272
0.192112
0.195055
0.191714
0.193704
0.191723
0.190308
0.191056
0.191177
0.193992
0.191297
0.191442
0.190645
0.191561
0.194431
0.193545
0.191594
0.19175
0.1908
0.191046
0.198239
0.191014
0.191321
0.190747
0.191069
0.198649
0.190818
0.190938
0.191412
0.191734
0.197714
0.190827
0.191013
0.1917
0.190942
0.193217
0.19129
0.191258
0.189877
0.191474
0.193595
0.191306
0.192302
0.195874
0.189986
0.192879
0.191313
0.191729
0.196848
0.191742
0.193557
0.192047
0.192003
0.196235
0.191679
0.192186
0.19163
0.190973
0.192031
0.192528
0.193233
0.191249
0.190506
0.192005
0.19214
0.193468
0.195089
0.191814
0.192148
0.191126
0.193624
0.196806
0.192011
0.190621
0.192401
0.194021
0.193842
0.191381
0.190891
0.191454
0.193999
0.196225
0.192441
0.190867
0.191478
0.193446
0.196691
0.190669
0.191884
0.191758
0.191852
0.195441
0.191432
0.192061
0.191864
0.191509
0.198827
0.191063
0.19189
0.192278
0.192105
0.192827
0.191094
0.19229
0.192094
0.192522
0.194192
0.191585
0.191727
0.19664
0.19106
0.194014
0.19083
0.192054
0.195697
0.191309
0.193142
0.19134
0.191541
0.195695
0.190517
0.193192
0.192253
0.191457
0.19552
0.191765
0.194816
0.191629
0.191924
0.191384
0.189951
0.193808
0.19149
0.191243
0.188993
0.191761
0.193609
0.195612
0.191445
0.190978
0.190714
0.19376
0.196029
0.191069
0.191735
0.190766
0.192935
0.195937
0.192046
0.191809
0.19217
0.193392
0.195667
0.192036
0.189877
0.192781
0.194126
0.196274
0.190033
0.190767
0.19076
0.193708
0.196704
0.192404
0.191339
0.191043
0.193763
0.191876
0.19193
0.192012
0.191935
0.193699
0.190774
0.191083
0.189978
0.191804
0.195444
0.195417
0.190633
0.191736
0.191568
0.192987
0.195014
0.190467
0.191309
0.192496
0.194542
0.192384
0.191136
0.190669
0.189771
0.193849
0.191096
0.191538
0.190883
0.190883
0.194015
0.191653
0.19096
0.191167
0.192178
0.19434
0.191594
0.191552
0.19133
0.196352
0.193222
0.190988
0.190381
0.189901
0.195546
0.194628
0.192235
0.192399
0.191914
0.196388
0.192915
0.192105
0.190863
0.191062
0.195782
0.193077
0.191847
0.191791
0.191319
0.195593
0.193461
0.191319
0.190926
0.190201
0.196123
0.194829
0.191442
0.192084
0.191961
0.196357
0.193773
0.190486
0.190436
0.190383
0.19682
0.194277
0.191805
0.190773
0.191956
0.194586
0.194188
0.191882
0.191496
0.1912
0.195566
0.190925
0.193133
0.191657
0.191825
0.19122
0.189688
0.193495
0.189832
0.192444
0.191782
0.192237
0.194224
0.195929
0.192308
0.19143
0.191377
0.194368
0.194453
0.191448
0.192193
0.191369
0.193023
0.19603
0.190655
0.190713
0.191127
0.195104
0.196494
0.19124
0.190731
0.190641
0.193039
0.191178
0.19154
0.19198
0.192366
0.193234
0.190952
0.191416
0.191956
0.196906
0.194461
0.19134
0.191054
0.1913
0.195611
0.193911
0.191281
0.19009
0.189886
0.195704
0.193063
0.191681
0.191647
0.191641
0.191356
0.190232
0.190725
0.191329
0.189979
0.191962
0.190903
0.193971
0.195047
0.19112
0.192609
0.191115
0.193917
0.195998
0.191817
0.190777
0.190638
0.193552
0.196874
0.190664
0.190819
0.191117
0.192607
0.190844
0.192099
0.191751
0.191284
0.194601
0.191955
0.190584
0.191627
0.196547
0.194539
0.191622
0.19098
0.190862
0.196326
0.193616
0.190753
0.191518
0.191506
0.195308
0.19277
0.191873
0.19097
0.191087
0.191601
0.193835
0.190265
0.192281
0.190962
0.191617
0.194682
0.189787
0.195682
0.190402
0.19166
0.19137
0.193895
0.195731
0.191803
0.191008
0.191252
0.192615
0.196731
0.190437
0.192533
0.190505
0.193533
0.190137
0.189725
0.190448
0.194823
0.19465
0.192426
0.19147
0.19222
0.19599
0.194555
0.19178
0.191798
0.191569
0.195526
0.194256
0.191827
0.191577
0.191998
0.195478
0.194179
0.191468
0.192219
0.190071
0.191276
0.194012
0.191502
0.191636
0.192146
0.192089
0.194129
0.190386
0.200501
0.202429
0.227482
0.20602
0.194487
0.191703
0.191405
0.190642
0.195611
0.191904
0.191619
0.19141
0.190746
0.194637
0.190812
0.197265
0.191707
0.191692
0.193126
0.191634
0.196792
0.190555
0.190727
0.195094
0.191853
0.197369
0.205836
0.191503
0.195785
0.232596
0.210371
0.193194
0.190697
0.193773
0.191217
0.197143
0.191425
0.190993
0.240284
0.306418
0.254082
0.198898
0.196732
0.195005
0.214116
0.297034
0.196344
0.19463
0.199109
0.193507
0.194376
0.198106
0.196209
0.195217
0.200294
0.194061
0.196589
0.198475
0.194812
0.196805
0.196172
0.197009
0.196757
0.19845
0.196231
0.194273
0.198695
0.200038
0.194379
0.197581
0.217037
0.19693
0.193623
0.197485
0.194189
0.194046
0.196566
0.193577
0.197482
0.19471
0.193808
0.196007
0.194808
0.1967
0.194037
0.196393
0.198523
0.194873
0.203307
0.196893
0.197596
0.197985
0.195642
0.19924
0.194292
0.196737
0.230621
0.22025
0.371304
0.216291
0.195939
0.20245
0.226756
0.217395
0.228131
0.225432
0.203804
0.194819
0.206768
0.206872
0.207991
0.207768
0.195793
0.210093
0.201023
0.204474
0.200035
0.193533
0.193784
0.20063
0.200174
0.206549
0.195325
0.199638
0.195048
0.195155
0.200562
0.194136
0.200334
0.19538
0.196416
0.198964
0.1953
0.200422
0.195968
0.195827
0.200904
0.194638
0.199962
0.195621
0.195193
0.199728
0.194506
0.200487
0.192808
0.19467
0.201504
0.195652
0.199919
0.195215
0.195655
0.200728
0.194446
0.201262
0.195083
0.195807
0.200847
0.194086
0.200088
0.195923
0.194965
0.20073
0.1959
0.200281
0.194486
0.193691
0.201691
0.195921
0.199952
0.195065
0.195804
0.200809
0.195254
0.199734
0.19507
0.194485
0.19975
0.194812
0.222513
0.211604
0.20857
0.198868
0.221421
0.207744
0.253856
0.198237
0.20225
0.201933
0.202142
0.207983
0.207935
0.199288
0.203056
0.197246
0.195685
0.228696
0.23754
0.206772
0.202169
0.204604
0.193933
0.199299
0.241564
0.220207
0.259415
0.242733
0.277143
0.201748
0.266281
0.220556
0.203891
0.30237
0.290973
0.256538
0.24336
0.200358
0.190818
0.197666
0.197794
0.192971
0.20111
0.195197
0.199087
0.221665
0.200659
0.200677
0.193064
0.197921
0.194478
0.193221
0.202495
0.193224
0.195964
0.195299
0.191809
0.199971
0.203308
0.194383
0.194554
0.199951
0.207117
0.197408
0.200303
0.199665
0.193603
0.199976
0.195797
0.199249
0.195495
0.194305
0.199856
0.194192
0.199855
0.194276
0.194639
0.198653
0.194803
0.200049
0.201951
0.194923
0.28242
0.195573
0.194779
0.203962
0.19719
0.310783
0.245715
0.196107
0.195767
0.197731
0.194656
0.237845
0.197643
0.221317
0.209779
0.198732
0.200804
0.196162
0.198632
0.192518
0.202718
0.196474
0.194063
0.194521
0.195275
0.192607
0.201403
0.243461
0.210324
0.207762
0.237592
0.237221
0.203369
0.203844
0.201587
0.210093
0.207248
0.203293
0.200752
0.218303
0.194697
0.193106
0.244705
0.337302
0.283026
0.222828
0.218404
0.217975
0.416898
0.218203
0.201439
0.202197
0.193508
0.198512
0.324156
0.258906
0.264132
0.265809
0.216415
0.191806
0.212328
0.19329
0.196111
0.198698
0.198937
0.202399
0.198988
0.201019
0.196418
0.194216
0.193357
0.199316
0.198355
0.192177
0.200549
0.197909
0.192564
0.193848
0.195177
0.248539
0.197018
0.191282
0.196309
0.193601
0.198327
0.195908
0.19901
0.194047
0.192874
0.198092
0.193068
0.195283
0.195255
0.192544
0.198789
0.192941
0.191777
0.194944
0.191939
0.197925
0.192918
0.191992
0.195666
0.19364
0.198408
0.193807
0.191582
0.19358
0.193042
0.194957
0.193617
0.192654
0.194516
0.192175
0.193736
0.192441
0.192714
0.194786
0.192537
0.191856
0.194804
0.191914
0.204411
0.19208
0.193259
0.195066
0.241885
0.200687
0.193839
0.21366
0.259367
0.354224
0.19731
0.19878
0.2006
0.195742
0.213162
0.202248
0.246039
0.210317
0.205434
0.195163
0.195727
0.202433
0.229179
0.215748
0.200366
0.202534
0.20135
0.201042
0.222134
0.197014
0.206871
0.202222
0.25917
0.27404
0.261558
0.220395
0.224325
0.257146
0.296987
0.225456
0.200621
0.210021
0.192713
0.219856
0.216591
0.205168
0.210939
0.3582
0.33532
0.24407
0.253821
0.25087
0.195551
0.218539
0.226954
0.200759
0.235717
0.207074
0.215185
0.215829
0.199566
0.199788
0.207246
0.198529
0.199269
0.198819
0.208968
0.209876
0.194898
0.209412
0.200028
0.210283
0.201314
0.193844
0.200632
0.197153
0.202809
0.21866
0.191701
0.194753
0.190362
0.19589
0.191133
0.192509
0.197648
0.191993
0.1972
0.190882
0.192315
0.194413
0.190764
0.197896
0.192531
0.191604
0.19325
0.19153
0.191977
0.19253
0.192623
0.193989
0.192029
0.193098
0.195652
0.195875
0.197157
0.192146
0.192859
0.194579
0.192179
0.241544
0.214693
0.198735
0.219512
0.371781
0.263321
0.231241
0.203856
0.208184
0.200742
0.231841
0.19933
0.260238
0.195503
0.19449
0.199732
0.261185
0.209856
0.202674
0.200138
0.236353
0.194715
0.19946
0.197735
0.195369
0.247402
0.265168
0.330589
0.274215
0.274393
0.311419
0.332689
0.218058
0.192638
0.315986
0.244033
0.315484
0.264989
0.19538
0.197554
0.194686
0.200801
0.204135
0.2066
0.20492
0.195094
0.19281
0.193094
0.192233
0.200269
0.198406
0.196949
0.19784
0.191482
0.197622
0.193909
0.19508
0.192811
0.195254
0.202659
0.19186
0.198668
0.195958
0.193811
0.197262
0.193225
0.192948
0.195
0.19597
0.214101
0.191687
0.195803
0.195197
0.192587
0.19633
0.192699
0.193722
0.193891
0.192409
0.198494
0.19162
0.190998
0.19247
0.191788
0.191704
0.192781
0.191563
0.19541
0.191361
0.192758
0.194087
0.193512
0.197215
0.190867
0.192003
0.193591
0.191218
0.197325
0.192117
0.192321
0.193653
0.192547
0.196151
0.191384
0.19138
0.192601
0.191533
0.193415
0.192588
0.194745
0.224603
0.206685
0.205988
0.367813
0.23462
0.197356
0.208772
0.195815
0.241072
0.196305
0.205956
0.201583
0.197536
0.214357
0.20201
0.201763
0.19947
0.197302
0.200494
0.206827
0.204167
0.19459
0.220669
0.209501
0.19401
0.203358
0.200185
0.193468
0.202973
0.205502
0.194807
0.196494
0.196774
0.193949
0.244755
0.291608
0.282347
0.285045
0.298879
0.302528
0.217159
0.207836
0.214996
0.268236
0.235773
0.336543
0.206452
0.194106
0.220347
0.193087
0.200177
0.19948
0.202491
0.202115
0.194624
0.196503
0.205724
0.209683
0.21454
0.201178
0.211421
0.206259
0.194502
0.207277
0.200704
0.199444
0.206207
0.192802
0.201404
0.208061
0.195346
0.192103
0.194419
0.1936
0.211651
0.202747
0.193663
0.19431
0.194009
0.192868
0.196993
0.193224
0.193836
0.192428
0.192593
0.195327
0.194084
0.193155
0.195332
0.192592
0.196311
0.193119
0.194029
0.194357
0.193987
0.197459
0.192789
0.192725
0.196274
0.195355
0.199005
0.196362
0.193855
0.195774
0.235095
0.205495
0.193491
0.226351
0.352511
0.231482
0.201904
0.200116
0.197764
0.232655
0.197296
0.195885
0.254708
0.201624
0.200465
0.277859
0.203939
0.206076
0.194963
0.218922
0.203234
0.198557
0.198346
0.198835
0.198509
0.259818
0.379116
0.285317
0.26833
0.318638
0.353709
0.207418
0.195389
0.207585
0.192613
0.304515
0.29145
0.279299
0.206531
0.19533
0.216822
0.198267
0.193051
0.194013
0.215877
0.204574
0.216912
0.202584
0.199837
0.196506
0.195809
0.196388
0.193105
0.204706
0.197241
0.193145
0.20067
0.201671
0.199036
0.193582
0.198915
0.218785
0.194134
0.203166
0.198664
0.194126
0.273908
0.196599
0.195048
0.193356
0.198133
0.193259
0.193162
0.194281
0.191887
0.197377
0.192678
0.192821
0.195824
0.192186
0.196388
0.192605
0.193345
0.194305
0.192814
0.193232
0.193809
0.191793
0.194653
0.191841
0.192723
0.191948
0.192416
0.195932
0.192356
0.19355
0.194554
0.191742
0.198564
0.193445
0.193695
0.194878
0.194658
0.19858
0.200989
0.193136
0.261891
0.219966
0.196694
0.25543
0.270268
0.209245
0.196526
0.205234
0.199697
0.210029
0.201434
0.19754
0.193442
0.19802
0.193561
0.198551
0.195458
0.192659
0.199297
0.193164
0.223538
0.224221
0.197169
0.195401
0.19548
0.204026
0.20005
0.195187
0.195429
0.194932
0.200984
0.196522
0.195058
0.195117
0.193359
0.232451
0.265679
0.221861
0.265965
0.235589
0.217869
0.34029
0.209385
0.209105
0.263099
0.292714
0.243303
0.291263
0.248489
0.205222
0.195481
0.194672
0.196966
0.198684
0.205719
0.195236
0.208206
0.209412
0.204785
0.205674
0.197691
0.215927
0.209854
0.195122
0.195438
0.197379
0.201437
0.194463
0.204684
0.196491
0.195345
0.199391
0.205274
0.20392
0.196423
0.192775
0.205809
0.195993
0.197435
0.200427
0.205206
0.199176
0.198404
0.202905
0.197805
0.193281
0.199535
0.19434
0.199408
0.194955
0.194249
0.196854
0.192304
0.195865
0.192167
0.193524
0.19397
0.191417
0.197838
0.191976
0.192526
0.194453
0.192726
0.198078
0.192159
0.192492
0.195412
0.192581
0.198174
0.196202
0.193617
0.200521
0.194938
0.199064
0.194899
0.194612
0.252741
0.207871
0.205749
0.231466
0.330143
0.21991
0.197686
0.196054
0.196472
0.219846
0.198557
0.235081
0.213746
0.198665
0.21471
0.212817
0.200117
0.205764
0.234651
0.20597
0.201916
0.195033
0.214504
0.195847
0.198383
0.195198
0.192889
0.193927
0.193968
0.25149
0.346124
0.310403
0.26214
0.237629
0.373776
0.210425
0.195436
0.196997
0.214331
0.303375
0.246119
0.31015
0.247338
0.198788
0.194003
0.217024
0.194903
0.194727
0.207756
0.221218
0.246034
0.207839
0.19817
0.197064
0.261415
0.256426
0.198142
0.193499
0.192204
0.198695
0.19555
0.198913
0.194639
0.198606
0.203728
0.191621
0.194308
0.194792
0.197746
0.195772
0.192409
0.193097
0.193447
0.192952
0.198175
0.195804
0.195003
0.194126
0.192337
0.20153
0.197061
0.19257
0.194258
0.194572
0.197417
0.193149
0.193653
0.195386
0.19452
0.199022
0.198376
0.203774
0.195598
0.193107
0.19748
0.192258
0.195606
0.194924
0.202353
0.196435
0.193311
0.194284
0.193574
0.193037
0.199618
0.212108
0.192208
0.194067
0.195439
0.204025
0.190853
0.1924
0.196161
0.195074
0.198145
0.191743
0.191433
0.195513
0.19353
0.198923
0.191727
0.192831
0.194597
0.192422
0.197024
0.193567
0.193206
0.194594
0.192843
0.193942
0.192087
0.191612
0.195455
0.192317
0.192071
0.193685
0.192964
0.197962
0.191577
0.192585
0.194419
0.192391
0.197374
0.191981
0.191689
0.195206
0.192743
0.199733
0.195152
0.193372
0.195202
0.190742
0.203459
0.193595
0.192642
0.193605
0.192376
0.19811
0.192477
0.193166
0.232196
0.205484
0.208709
0.193097
0.274097
0.313422
0.198756
0.194168
0.198987
0.194789
0.194898
0.199338
0.193164
0.24777
0.194265
0.19455
0.205748
0.20243
0.198285
0.193604
0.224808
0.200558
0.195597
0.199457
0.206331
0.230935
0.214666
0.200136
0.198918
0.193549
0.225832
0.26023
0.34137
0.268641
0.306788
0.34236
0.318402
0.196997
0.204178
0.19973
0.204578
0.231431
0.232977
0.195445
0.20229
0.208315
0.22804
0.197566
0.198363
0.238277
0.392507
0.257183
0.296558
0.203667
0.202314
0.192986
0.247126
0.198434
0.197671
0.204207
0.199593
0.202176
0.197305
0.194456
0.196046
0.193481
0.202954
0.192661
0.197278
0.19549
0.195735
0.2066
0.19542
0.192806
0.204078
0.204363
0.206143
0.191767
0.197671
0.192303
0.192319
0.201745
0.190835
0.190948
0.19434
0.192753
0.197001
0.193303
0.191917
0.194606
0.192636
0.196806
0.192924
0.192876
0.194491
0.192655
0.194351
0.193689
0.192867
0.194092
0.192383
0.192474
0.192865
0.191512
0.198494
0.194033
0.197555
0.194025
0.251766
0.203851
0.209419
0.256995
0.323086
0.200544
0.197812
0.199349
0.231302
0.197649
0.19661
0.201926
0.206594
0.226126
0.199902
0.195843
0.245788
0.239297
0.19884
0.203709
0.223416
0.215115
0.207185
0.222228
0.201786
0.196027
0.195566
0.196972
0.24827
0.295077
0.231849
0.263441
0.29614
0.245001
0.34536
0.20809
0.19419
0.302538
0.240221
0.243388
0.292969
0.223274
0.192966
0.193947
0.218268
0.221956
0.213095
0.195656
0.201396
0.199575
0.196202
0.20401
0.199741
0.196592
0.193902
0.196523
0.195581
0.199012
0.191364
0.196503
0.198897
0.19657
0.199718
0.21276
0.191445
0.195397
0.19329
0.192289
0.192416
0.193097
0.195613
0.19858
0.192399
0.192768
0.193338
0.192889
0.19714
0.193687
0.192214
0.193371
0.19313
0.195396
0.192393
0.192085
0.194852
0.193392
0.197963
0.191925
0.195006
0.19513
0.193388
0.199668
0.213132
0.225763
0.194016
0.210512
0.295993
0.242056
0.201166
0.195047
0.202724
0.211839
0.194219
0.206042
0.194271
0.250923
0.211195
0.204814
0.20021
0.202625
0.2178
0.199237
0.205022
0.201176
0.213516
0.220587
0.199924
0.205556
0.204111
0.257312
0.300829
0.333695
0.276603
0.323342
0.277365
0.30533
0.27532
0.192815
0.197246
0.265153
0.426038
0.26416
0.237165
0.198477
0.196525
0.222322
0.192278
0.212786
0.194314
0.224313
0.20479
0.210338
0.19547
0.201989
0.19648
0.199458
0.200538
0.20357
0.192437
0.20407
0.215089
0.199337
0.198784
0.20505
0.193981
0.202099
0.194719
0.202586
0.194011
0.193545
0.199685
0.193696
0.201385
0.193451
0.193948
0.199951
0.192843
0.199256
0.19422
0.194057
0.200692
0.193458
0.198617
0.193874
0.193829
0.194954
0.192383
0.200948
0.191839
0.192289
0.23062
0.206628
0.200379
0.236315
0.438857
0.20277
0.197962
0.200598
0.201762
0.22061
0.213889
0.228785
0.236587
0.195978
0.194362
0.271216
0.194565
0.201467
0.204324
0.242811
0.22215
0.200371
0.202644
0.1963
0.198906
0.256161
0.295587
0.301344
0.234243
0.202662
0.384458
0.219452
0.192125
0.193042
0.195527
0.193734
0.196599
0.191786
0.192991
0.195226
0.193678
0.195867
0.193626
0.193136
0.195592
0.192866
0.193465
0.194766
0.195996
0.319522
0.28273
0.277905
0.217862
0.194125
0.19308
0.223044
0.205478
0.205207
0.2155
0.200032
0.19748
0.202468
0.196619
0.195591
0.206922
0.200376
0.193069
0.196185
0.196668
0.207103
0.197836
0.199322
0.194762
0.239263
0.209615
0.200042
0.193608
0.201768
0.192196
0.197062
0.196551
0.191958
0.193697
0.193391
0.197824
0.191398
0.191508
0.193956
0.19268
0.19648
0.193095
0.192619
0.194767
0.192293
0.197561
0.192955
0.19462
0.193591
0.192953
0.246751
0.20833
0.224237
0.244434
0.255534
0.222276
0.198062
0.198567
0.193763
0.198762
0.194453
0.206733
0.194883
0.206459
0.195971
0.226687
0.202204
0.196828
0.195954
0.228925
0.203085
0.202769
0.192623
0.210197
0.234179
0.213976
0.201023
0.200571
0.198708
0.25436
0.297701
0.217408
0.233352
0.275165
0.346818
0.322116
0.202825
0.196543
0.351611
0.272895
0.213535
0.240513
0.240641
0.193729
0.232057
0.199105
0.2013
0.200139
0.193835
0.206195
0.202177
0.206411
0.194839
0.206292
0.21669
0.20518
0.200243
0.202183
0.201915
0.193166
0.198741
0.243966
0.199055
0.208231
0.199149
0.198447
0.196088
0.21189
0.198372
0.198596
0.198648
0.194284
0.194339
0.193576
0.194711
0.195576
0.191929
0.193403
0.194063
0.192499
0.197017
0.192558
0.192072
0.193413
0.191091
0.197873
0.192223
0.191782
0.193576
0.190834
0.19356
0.194275
0.192047
0.192997
0.193365
0.198577
0.19279
0.212227
0.237408
0.193134
0.213715
0.238621
0.278158
0.198123
0.197333
0.195126
0.224921
0.199301
0.193547
0.235213
0.203955
0.197098
0.195414
0.194046
0.211165
0.19719
0.195917
0.195078
0.197274
0.200211
0.196462
0.195955
0.195968
0.196128
0.197277
0.197433
0.196312
0.195717
0.195347
0.197717
0.195223
0.195057
0.196468
0.196059
0.19786
0.258885
0.303029
0.249
0.205115
0.197744
0.201581
0.20182
0.200965
0.289316
0.33631
0.200921
0.198417
0.193712
0.192932
0.196815
0.192824
0.196089
0.199869
0.194863
0.197774
0.194119
0.195164
0.19381
0.196836
0.20249
0.195307
0.222603
0.196382
0.194553
0.2233
0.195598
0.197593
0.19344
0.193711
0.194947
0.192667
0.199848
0.193956
0.200036
0.195086
0.196842
0.20134
0.193431
0.194998
0.194782
0.194999
0.197685
0.194344
0.194076
0.194469
0.194339
0.194961
0.25804
0.194143
0.192695
0.194271
0.197504
0.191978
0.194121
0.24214
0.204206
0.304788
0.231122
0.200321
0.19627
0.199898
0.198822
0.201185
0.199324
0.197168
0.200826
0.197237
0.197668
0.197213
0.195776
0.198264
0.197396
0.197878
0.198228
0.197159
0.197557
0.19681
0.197182
0.196686
0.196088
0.196742
0.195763
0.196881
0.196742
0.196173
0.196382
0.196752
0.197655
0.197979
0.196049
0.195842
0.19782
0.196261
0.196887
0.196678
0.196515
0.195953
0.196635
0.19615
0.196516
0.197484
0.196877
0.196921
0.216213
0.197496
0.198407
0.197686
0.201959
0.196753
0.197982
0.196575
0.196915
0.201262
0.19644
0.19707
0.195816
0.19545
0.201282
0.197304
0.197409
0.197782
0.196669
0.201317
0.197138
0.196409
0.198465
0.197865
0.201205
0.196982
0.197844
0.1976
0.196795
0.201988
0.198234
0.197555
0.198014
0.197649
0.202884
0.19816
0.197835
0.200379
0.197769
0.197773
0.198629
0.198812
0.198686
0.197096
0.197228
0.197576
0.203293
0.198679
0.199413
0.198599
0.198048
0.20213
0.198721
0.196504
0.198813
0.197592
0.202123
0.198649
0.198247
0.19841
0.1977
0.201156
0.198965
0.198034
0.197995
0.197481
0.201091
0.198078
0.198336
0.199698
0.198453
0.20079
0.198255
0.197828
0.198908
0.198346
0.197375
0.199388
0.198308
0.198008
0.198628
0.199705
0.198157
0.200825
0.198832
0.197611
0.199352
0.198326
0.203464
0.197577
0.197612
0.198249
0.197675
0.199512
0.197153
0.197777
0.198383
0.197356
0.201536
0.198035
0.198046
0.19824
0.2039
0.202924
0.197221
0.19708
0.199251
0.197391
0.198057
0.19741
0.198594
0.198584
0.197244
0.198122
0.197588
0.198942
0.198429
0.198633
0.199215
0.197706
0.200474
0.19741
0.198923
0.199736
0.198417
0.202596
0.198451
0.197555
0.197034
0.196982
0.201478
0.198851
0.197915
0.19727
0.197623
0.200261
0.199148
0.197537
0.196121
0.198472
0.201958
0.200653
0.197947
0.200259
0.202139
0.205841
0.201908
0.206347
0.20236
0.19841
0.19779
0.198188
0.201566
0.198444
0.196608
0.197317
0.197644
0.201167
0.197677
0.197578
0.197911
0.197173
0.202484
0.197986
0.196926
0.198617
0.197359
0.201271
0.197591
0.199132
0.206313
0.206257
0.206291
0.205858
0.211844
0.20663
0.206842
0.206851
0.205807
0.207414
0.205209
0.211443
0.204795
0.199473
0.198506
0.198104
0.214557
0.211146
0.216474
0.208952
0.210084
0.216148
0.209744
0.215745
0.209846
0.215411
0.195441
0.197946
0.198107
0.198859
0.20022
0.198487
0.199198
0.19872
0.196931
0.198678
0.198801
0.198819
0.198154
0.196013
0.19752
0.197108
0.202527
0.196669
0.197901
0.198792
0.19838
0.203298
0.198301
0.199258
0.197868
0.198482
0.20098
0.1983
0.198588
0.199132
0.19732
0.200842
0.19785
0.198879
0.203083
0.19772
0.201692
0.198609
0.204823
0.20327
0.201975
0.204331
0.201325
0.204007
0.202442
0.201349
0.206064
0.202633
0.20848
0.206554
0.207899
0.207083
0.198082
0.199613
0.196915
0.20135
0.197056
0.195856
0.197006
0.196813
0.200351
0.197202
0.197476
0.198563
0.195873
0.201439
0.196626
0.195532
0.195763
0.196851
0.2011
0.196868
0.197728
0.197659
0.198024
0.201456
0.198976
0.19703
0.197847
0.197778
0.200578
0.202218
0.201575
0.202166
0.200845
0.204906
0.19932
0.200762
0.198154
0.197134
0.197919
0.1968
0.202567
0.197674
0.198325
0.198499
0.198856
0.212017
0.206592
0.207515
0.206386
0.19817
0.199985
0.19701
0.201514
0.197582
0.196205
0.198484
0.199188
0.204067
0.206148
0.198506
0.199256
0.198242
0.201382
0.199052
0.197771
0.198999
0.198233
0.200909
0.195915
0.198551
0.199457
0.198234
0.201542
0.197555
0.198601
0.197926
0.196867
0.197976
0.198133
0.199351
0.197215
0.197994
0.197808
0.197074
0.20236
0.198493
0.198069
0.198112
0.196572
0.203617
0.198658
0.196493
0.198471
0.200764
0.201253
0.197262
0.203541
0.203179
0.197286
0.202219
0.205768
0.20743
0.207588
0.206765
0.203524
0.197896
0.201681
0.197798
0.197502
0.198091
0.197154
0.202646
0.198133
0.197584
0.199162
0.197747
0.201016
0.198512
0.19852
0.200752
0.202077
0.20419
0.200792
0.205912
0.201076
0.199212
0.197842
0.198382
0.201324
0.199255
0.204862
0.199376
0.198796
0.20071
0.197275
0.197505
0.206733
0.208352
0.207261
0.20802
0.21065
0.205689
0.197568
0.197287
0.198671
0.201218
0.198426
0.19849
0.197807
0.197927
0.201853
0.198574
0.199365
0.198631
0.198019
0.198271
0.198064
0.199391
0.198366
0.197695
0.19834
0.197661
0.203742
0.197976
0.198645
0.198532
0.198855
0.204056
0.19741
0.198349
0.19856
0.198029
0.200506
0.198145
0.198667
0.198347
0.198668
0.202329
0.198602
0.19863
0.198983
0.198155
0.200425
0.197752
0.198833
0.197947
0.197353
0.199106
0.197463
0.198233
0.197738
0.198257
0.19859
0.197259
0.201492
0.198637
0.197438
0.199672
0.197974
0.219035
0.203244
0.196512
0.19852
0.196971
0.207729
0.206659
0.208756
0.196629
0.19928
0.199363
0.198817
0.202394
0.19772
0.197504
0.199158
0.197641
0.202335
0.198992
0.20534
0.205854
0.202881
0.207028
0.201688
0.206952
0.202711
0.202457
0.201824
0.19807
0.201222
0.199297
0.198732
0.198408
0.199535
0.209011
0.207048
0.210282
0.208562
0.209206
0.205172
0.19702
0.201082
0.201652
0.203588
0.202404
0.200437
0.208547
0.202953
0.205499
0.204196
0.200523
0.206778
0.202339
0.206653
0.200722
0.205495
0.200861
0.203011
0.205088
0.202515
0.20597
0.201817
0.200767
0.208804
0.202516
0.204182
0.20158
0.205996
0.20273
0.200581
0.207302
0.202461
0.206463
0.20035
0.201762
0.213097
0.257108
0.210621
0.206041
0.39195
0.201676
0.195997
0.195545
0.199736
0.19549
0.195447
0.195953
0.196276
0.198842
0.1969
0.197917
0.200045
0.197785
0.197198
0.196996
0.197951
0.196983
0.197015
0.196671
0.197594
0.2009
0.196928
0.197569
0.198238
0.196925
0.202031
0.196484
0.195546
0.198286
0.196989
0.202787
0.197237
0.197728
0.196592
0.198499
0.201032
0.197563
0.197006
0.197191
0.196534
0.200986
0.196914
0.197252
0.197489
0.197388
0.200155
0.196679
0.196743
0.197508
0.197035
0.20031
0.196784
0.197593
0.196374
0.197493
0.199806
0.19763
0.197057
0.196894
0.197274
0.197379
0.19741
0.201719
0.197207
0.196825
0.196358
0.197109
0.200887
0.195423
0.196943
0.198443
0.197746
0.201494
0.196608
0.200273
0.212772
0.209715
0.21368
0.210603
0.213862
0.209978
0.208211
0.214376
0.209753
0.214854
0.206501
0.212476
0.210448
0.21371
0.210155
0.209474
0.214526
0.208777
0.212053
0.199336
0.202382
0.198771
0.205907
0.207337
0.206242
0.209524
0.205917
0.20532
0.206273
0.205668
0.206713
0.207006
0.209471
0.206067
0.205631
0.206837
0.206949
0.207779
0.20648
0.210293
0.205831
0.206226
0.206525
0.206636
0.208528
0.207218
0.21038
0.206248
0.205179
0.207104
0.206384
0.207571
0.206634
0.21139
0.206414
0.207021
0.205907
0.205399
0.205277
0.205816
0.211075
0.202867
0.198304
0.198244
0.197407
0.201061
0.204435
0.20544
0.205192
0.206067
0.205515
0.203493
0.200174
0.195372
0.1962
0.19586
0.19578
0.198937
0.195124
0.196049
0.197369
0.197874
0.201118
0.19732
0.196767
0.198415
0.19738
0.20216
0.196592
0.196714
0.197487
0.19749
0.201366
0.197127
0.19729
0.199222
0.198432
0.203982
0.20071
0.203942
0.200316
0.199139
0.204545
0.199139
0.203884
0.200525
0.200026
0.204368
0.200161
0.20429
0.197597
0.197441
0.197904
0.197061
0.201365
0.19716
0.19684
0.197781
0.197248
0.199221
0.198303
0.19701
0.197514
0.196538
0.196118
0.197274
0.196191
0.197436
0.196429
0.196984
0.196308
0.197075
0.1968
0.197264
0.196874
0.198778
0.200947
0.197659
0.196546
0.198325
0.198547
0.210137
0.204784
0.204814
0.206932
0.206234
0.206294
0.204679
0.210138
0.205247
0.20585
0.207168
0.205775
0.20659
0.205707
0.210568
0.206762
0.204079
0.208204
0.206085
0.208198
0.21032
0.214222
0.209738
0.209951
0.214098
0.209138
0.213403
0.210239
0.210774
0.206071
0.205801
0.202861
0.19767
0.197924
0.196175
0.198292
0.198542
0.197227
0.198647
0.197224
0.202076
0.19629
0.197622
0.198152
0.196636
0.201587
0.196943
0.196012
0.197161
0.198528
0.200676
0.197639
0.197488
0.198345
0.197873
0.201914
0.196366
0.195867
0.197454
0.19708
0.200762
0.197895
0.197025
0.197582
0.197421
0.200496
0.196955
0.204559
0.209262
0.208134
0.203393
0.199778
0.203409
0.198031
0.197322
0.20727
0.208207
0.212791
0.199347
0.202661
0.198822
0.198848
0.202676
0.198967
0.204762
0.197862
0.199179
0.203917
0.198415
0.202856
0.199528
0.200438
0.202749
0.199869
0.20258
0.199167
0.200332
0.202627
0.199803
0.204418
0.199544
0.203069
0.199295
0.198666
0.203633
0.199126
0.203815
0.199527
0.198524
0.203941
0.198316
0.203831
0.198626
0.199767
0.203581
0.199543
0.202935
0.197583
0.198153
0.203627
0.198836
0.202428
0.199765
0.200057
0.198881
0.199046
0.204775
0.198864
0.205095
0.200396
0.198546
0.202453
0.199445
0.202951
0.199524
0.200025
0.203845
0.199105
0.203115
0.19924
0.198031
0.203519
0.198857
0.2017
0.199302
0.198649
0.19949
0.198597
0.20498
0.198927
0.205516
0.198366
0.198847
0.203343
0.198643
0.204163
0.197647
0.198353
0.203483
0.199396
0.203772
0.199327
0.198378
0.203155
0.199235
0.203078
0.199706
0.203536
0.199543
0.199402
0.204173
0.198943
0.20402
0.199424
0.199771
0.204034
0.199743
0.202987
0.199461
0.198425
0.203546
0.199403
0.202568
0.198769
0.198922
0.203666
0.19796
0.203409
0.19966
0.197528
0.196984
0.19882
0.203253
0.199612
0.204255
0.199146
0.199522
0.203887
0.198803
0.201838
0.19916
0.201358
0.207678
0.204768
0.20604
0.205205
0.207048
0.204207
0.20635
0.206139
0.206066
0.210339
0.206072
0.205106
0.20422
0.20608
0.208081
0.204864
0.210288
0.206542
0.206516
0.205593
0.205027
0.206959
0.205202
0.208581
0.204118
0.205917
0.2063
0.206157
0.213178
0.210974
0.212775
0.208962
0.210397
0.19645
0.196025
0.195674
0.196114
0.195972
0.196123
0.195212
0.196503
0.196797
0.19471
0.195803
0.196353
0.194989
0.195506
0.194715
0.195804
0.195706
0.196772
0.196245
0.194822
0.19626
0.194953
0.197461
0.195913
0.1951
0.19536
0.196878
0.197734
0.195617
0.196205
0.197697
0.196072
0.195555
0.196712
0.196035
0.194554
0.19531
0.197137
0.194553
0.196926
0.196113
0.194568
0.198812
0.196512
0.193698
0.196153
0.196686
0.199668
0.197445
0.197167
0.195759
0.195726
0.198664
0.196729
0.195813
0.194757
0.196048
0.197692
0.194819
0.195286
0.195473
0.195751
0.199121
0.19438
0.194348
0.194742
0.195833
0.199105
0.195291
0.194415
0.196132
0.196107
0.20646
0.206524
0.207536
0.20418
0.204936
0.206208
0.205452
0.210216
0.206613
0.208946
0.206492
0.206437
0.19919
0.199647
0.202244
0.198439
0.197295
0.201287
0.201434
0.20242
0.19719
0.197331
0.2017
0.198695
0.201424
0.196918
0.197359
0.201169
0.198595
0.201306
0.197504
0.203447
0.199361
0.19817
0.203027
0.198607
0.203723
0.200386
0.199617
0.204829
0.199494
0.202472
0.198169
0.197689
0.20111
0.198386
0.202856
0.200461
0.198456
0.202027
0.199007
0.201729
0.233685
0.203173
0.199253
0.197802
0.204584
0.19844
0.202779
0.198623
0.199328
0.202787
0.198921
0.203938
0.197511
0.197537
0.201267
0.202033
0.230512
0.195418
0.195798
0.194966
0.19561
0.195634
0.195152
0.196229
0.195585
0.195912
0.195594
0.195557
0.197001
0.196169
0.19652
0.196696
0.196656
0.196477
0.196808
0.196239
0.197319
0.200573
0.195332
0.195617
0.196097
0.196446
0.197659
0.195861
0.198001
0.19616
0.197231
0.197508
0.197579
0.197577
0.197266
0.195934
0.196314
0.196671
0.198744
0.197493
0.199053
0.198159
0.202327
0.197924
0.197709
0.197354
0.196998
0.202862
0.203278
0.196791
0.197345
0.197915
0.201723
0.198549
0.19743
0.19864
0.197574
0.202206
0.19713
0.196423
0.198002
0.198046
0.200855
0.197364
0.232281
0.206392
0.205102
0.205156
0.206237
0.209834
0.20593
0.205462
0.205512
0.204557
0.206735
0.205065
0.210418
0.203696
0.204867
0.205083
0.206202
0.205942
0.205949
0.209747
0.205826
0.204793
0.201656
0.197198
0.201198
0.197703
0.197177
0.197239
0.197244
0.197414
0.196904
0.198297
0.197323
0.197152
0.198053
0.197936
0.202254
0.197154
0.196766
0.197898
0.197816
0.201774
0.196024
0.197805
0.197891
0.197946
0.202534
0.197579
0.197062
0.197854
0.197067
0.202251
0.197552
0.196535
0.197572
0.196673
0.201157
0.197782
0.198403
0.196844
0.197474
0.201626
0.19644
0.197973
0.197351
0.197261
0.202337
0.197544
0.197511
0.197812
0.19593
0.200359
0.19824
0.206091
0.206057
0.205619
0.205944
0.204881
0.210256
0.204539
0.207251
0.205328
0.205173
0.206941
0.204862
0.208293
0.205522
0.206178
0.204727
0.205447
0.207153
0.208146
0.208756
0.207362
0.207507
0.206687
0.205082
0.207876
0.204588
0.210334
0.207158
0.205976
0.208007
0.205741
0.207325
0.206391
0.2099
0.206282
0.206359
0.207531
0.204889
0.197479
0.197055
0.19664
0.197078
0.200538
0.197419
0.197102
0.203264
0.19724
0.197502
0.197141
0.197508
0.206155
0.198724
0.197541
0.198024
0.198202
0.202022
0.197967
0.197363
0.196208
0.197557
0.201596
0.197194
0.197747
0.197552
0.197192
0.201638
0.198187
0.196703
0.197832
0.198005
0.200313
0.197546
0.197405
0.198127
0.197344
0.198107
0.197226
0.199177
0.196919
0.197945
0.198649
0.197104
0.204363
0.21003
0.210116
0.214533
0.208645
0.210944
0.19854
0.19822
0.198402
0.195692
0.198401
0.198268
0.202024
0.198993
0.197913
0.198555
0.196769
0.202071
0.198208
0.198267
0.197654
0.196537
0.201428
0.19849
0.198005
0.198223
0.197086
0.201053
0.198846
0.198281
0.200183
0.210631
0.213829
0.210932
0.214402
0.20969
0.206014
0.213296
0.209875
0.216372
0.208935
0.214922
0.20751
0.197699
0.199532
0.198902
0.200116
0.202218
0.197243
0.196978
0.198308
0.199051
0.197936
0.202733
0.198735
0.198142
0.198868
0.197645
0.202796
0.198427
0.197566
0.199197
0.20515
0.209218
0.203849
0.205767
0.205805
0.206325
0.207593
0.196066
0.200603
0.196312
0.197115
0.19844
0.198506
0.201607
0.198137
0.197182
0.198771
0.205512
0.209713
0.205787
0.206043
0.202927
0.196394
0.196173
0.194847
0.203225
0.197117
0.196855
0.198881
0.1982
0.201857
0.19776
0.196799
0.196143
0.198453
0.201537
0.197038
0.197953
0.198466
0.197542
0.202043
0.198033
0.198303
0.197391
0.196789
0.20134
0.197074
0.198664
0.199431
0.196791
0.198317
0.197296
0.197839
0.198419
0.19681
0.197365
0.19805
0.198361
0.197942
0.197692
0.197695
0.197589
0.201197
0.197451
0.197544
0.197547
0.197505
0.20261
0.198321
0.197963
0.197821
0.198007
0.201758
0.196865
0.197305
0.198664
0.198068
0.202004
0.197366
0.196944
0.197892
0.200957
0.21379
0.209392
0.213899
0.208935
0.210549
0.213
0.208814
0.214631
0.21049
0.214845
0.210415
0.21496
0.209663
0.209626
0.214856
0.209164
0.210998
0.209414
0.213444
0.210931
0.21099
0.213195
0.211347
0.213771
0.211989
0.213838
0.209682
0.214039
0.201211
0.200605
0.204496
0.19922
0.203929
0.200683
0.1989
0.203948
0.200881
0.203059
0.20037
0.199852
0.197766
0.199072
0.20449
0.200553
0.202911
0.199653
0.199869
0.204536
0.200088
0.203147
0.201158
0.200345
0.204462
0.199098
0.203822
0.199858
0.203343
0.199933
0.200287
0.204533
0.198674
0.20163
0.197936
0.200325
0.204141
0.200204
0.205013
0.200637
0.199197
0.204677
0.200034
0.203135
0.200884
0.205208
0.201128
0.200228
0.204085
0.200802
0.204097
0.200606
0.19944
0.203722
0.199837
0.203929
0.200576
0.199258
0.198454
0.19968
0.202542
0.198591
0.199848
0.19782
0.197688
0.198821
0.200143
0.205582
0.199829
0.199286
0.204834
0.19981
0.204245
0.200195
0.201497
0.20488
0.200933
0.203946
0.200966
0.200366
0.199688
0.200695
0.205044
0.201124
0.205183
0.201042
0.199697
0.204502
0.199143
0.202682
0.197376
0.197644
0.197931
0.198182
0.203944
0.200073
0.200783
0.19968
0.200496
0.205168
0.200922
0.204242
0.199293
0.202154
0.204737
0.200931
0.204028
0.201026
0.200415
0.203764
0.200184
0.204163
0.200292
0.204856
0.201367
0.199509
0.205266
0.201281
0.204651
0.197315
0.196851
0.197655
0.197244
0.201397
0.195506
0.198081
0.195773
0.197578
0.200816
0.196002
0.197696
0.196641
0.196609
0.201253
0.196964
0.198802
0.199697
0.199521
0.204047
0.200531
0.204962
0.200473
0.199359
0.203792
0.199444
0.204275
0.199513
0.200499
0.204814
0.199425
0.20482
0.198394
0.199624
0.204423
0.199556
0.204016
0.199658
0.205066
0.201135
0.200057
0.204572
0.200006
0.202496
0.199264
0.200156
0.203417
0.200044
0.203028
0.200318
0.200771
0.201988
0.201598
0.204144
0.20048
0.204286
0.198968
0.200284
0.205126
0.19847
0.204528
0.198893
0.199132
0.207527
0.205774
0.209399
0.206603
0.206011
0.202876
0.195374
0.197333
0.197719
0.200886
0.195442
0.196381
0.196314
0.196198
0.200411
0.196343
0.196391
0.196097
0.195113
0.200964
0.196608
0.196794
0.195569
0.195812
0.199965
0.196471
0.196165
0.195714
0.195223
0.200649
0.195399
0.196701
0.197935
0.198131
0.201809
0.198256
0.197868
0.198621
0.198541
0.201734
0.197653
0.198051
0.198238
0.201065
0.215115
0.211574
0.214375
0.209852
0.209215
0.215077
0.210917
0.215711
0.209326
0.227482
0.206401
0.215139
0.211048
0.199556
0.20364
0.19985
0.203815
0.200381
0.200321
0.200921
0.20089
0.203717
0.201205
0.203243
0.199029
0.200049
0.204431
0.199854
0.205229
0.20024
0.199381
0.20391
0.200418
0.20539
0.200105
0.200045
0.203662
0.200956
0.204305
0.199647
0.205375
0.200326
0.199969
0.203744
0.198985
0.205255
0.199113
0.199081
0.205554
0.199134
0.204043
0.200463
0.199094
0.202825
0.199676
0.202347
0.199555
0.204209
0.200173
0.201022
0.204667
0.20024
0.204047
0.199212
0.201311
0.204734
0.202233
0.204485
0.199292
0.200177
0.202906
0.199923
0.204196
0.200164
0.203178
0.200475
0.199831
0.204591
0.199202
0.203467
0.200547
0.199964
0.203581
0.200307
0.203324
0.200878
0.199151
0.204587
0.20023
0.202874
0.20048
0.204963
0.201082
0.199704
0.204558
0.200001
0.204352
0.200996
0.200197
0.204127
0.19888
0.204406
0.200907
0.200432
0.204764
0.200816
0.20194
0.201611
0.204179
0.20091
0.199409
0.20376
0.200518
0.203957
0.201171
0.200226
0.204097
0.199526
0.202948
0.200202
0.199336
0.201791
0.200294
0.203537
0.200726
0.205571
0.200491
0.200494
0.204864
0.198934
0.203725
0.200127
0.199325
0.204651
0.199311
0.205226
0.199069
0.199474
0.203458
0.199722
0.203396
0.198736
0.204606
0.200975
0.200067
0.204231
0.199326
0.201948
0.198132
0.200183
0.202211
0.198722
0.204793
0.200139
0.200166
0.198565
0.197654
0.201224
0.200896
0.200078
0.202917
0.199079
0.203884
0.200694
0.204729
0.199256
0.200832
0.204824
0.20075
0.20463
0.199827
0.199678
0.204169
0.200618
0.202663
0.206309
0.206753
0.206481
0.206917
0.208401
0.205384
0.211444
0.20349
0.197148
0.199643
0.206638
0.207443
0.205693
0.208819
0.206631
0.206977
0.207042
0.206117
0.206447
0.206607
0.210589
0.206154
0.206697
0.206517
0.207134
0.20665
0.207236
0.21086
0.207866
0.207065
0.207574
0.206224
0.205291
0.205966
0.210497
0.206808
0.206971
0.207311
0.204078
0.195378
0.195715
0.196797
0.19723
0.198186
0.198469
0.197687
0.199129
0.196824
0.19845
0.198148
0.198252
0.201945
0.196582
0.197815
0.198173
0.196422
0.202291
0.1971
0.19913
0.200691
0.196796
0.2031
0.197484
0.196907
0.197473
0.196742
0.21061
0.205511
0.210154
0.215329
0.212763
0.218298
0.210316
0.215667
0.212558
0.216036
0.213189
0.213789
0.216204
0.210037
0.201727
0.201691
0.203904
0.206384
0.20578
0.206244
0.205368
0.207993
0.206782
0.208766
0.208158
0.207171
0.207233
0.207076
0.207405
0.205624
0.206508
0.206165
0.206426
0.206649
0.205778
0.202199
0.199658
0.200615
0.202037
0.200102
0.201119
0.20037
0.202443
0.200688
0.200244
0.200691
0.200314
0.202842
0.217958
0.253176
0.268539
0.208279
0.205959
0.202443
0.200437
0.198875
0.203321
0.199501
0.198964
0.207913
0.194712
0.201353
0.199248
0.199685
0.198342
0.199009
0.203142
0.198768
0.202466
0.199513
0.198573
0.204235
0.199298
0.203362
0.197595
0.197719
0.203716
0.198856
0.203298
0.199798
0.199439
0.20398
0.199599
0.203003
0.198187
