0.086
0.526636
0.166699
0.0150213
0.0672322
0.99143
0.0502988
0.0252466
0.120988
0.0703101
0.164558
0.00422282
0.137545
0.238386
0.298233
0.00822776
0.374371
0.013362
0.281265
0.392822
0.0372307
5.52213
0.00579977
0.23815
0.0841186
0.59256
0.0219727
0.0342405
0.0671845
0.0525407
0.0928278
0.0253712
0.29595
0.123052
0.0561049
0.321803
0.10984
0.163221
0.199598
0.220347
0.154669
0.104211
0.107558
0.135066
1.02879
0.611382
1.08176
0.214431
0.0158113
0.100052
0.191974
0.25513
0.373337
0.413621
0.211531
0.64009
0.0225141
0.104812
0.257343
0.0583899
0.242625
0.136021
0.202458
0.412187
0.0445657
0.24815
1.33273
0.112205
0.124804
0.373412
5.73902
0.0751128
0.0148688
0.412244
0.0784324
0.0725369
0.0154107
0.0628413
0.208212
0.139926
0.249222
0.00393985
0.131556
0.292327
0.0647713
0.08851
0.216805
0.162629
0.033445
0.01316
0.107138
0.195679
0.341387
1.85678
0.219151
0.681662
0.174707
0.373445
0.0490177
0.0655472
0.131473
0.233362
0.445506
0.00810631
0.00249905
0.114625
0.0558037
0.107608
1.74231
0.302713
0.360263
0.261125
0.463625
3.04762
1.04479
0.021468
0.0466419
0.0128717
0.154337
0.357272
1.87514
0.0170578
0.168439
0.0888868
0.199155
0.4648
0.0117062
0.252621
0.0254232
0.780915
0.218359
0.00723056
0.379895
0.149066
0.0695332
0.262245
0.00540206
0.779471
0.0269611
0.316774
0.480707
0.163082
0.202736
0.0850172
0.398933
0.357686
0.197379
0.164715
0.149954
0.153329
0.0744557
0.0341863
0.0378666
0.835286
0.0474549
0.208559
0.343105
0.148909
0.0686195
0.0462547
0.0315643
0.0245188
0.335259
0.000860915
0.154343
0.0290772
0.988338
0.119827
0.0134141
0.00626543
0.0165877
1.29313
0.0626166
0.0620999
0.0649652
0.0764294
0.662612
0.00268998
0.167586
0.0257853
0.0866883
0.927997
0.0533534
0.354083
0.291116
0.135984
2.03586
0.203481
0.0608616
0.0541652
0.00139002
0.0298983
0.0980553
0.0144242
0.821365
0.362021
0.442362
0.00336364
0.0457846
0.274506
0.0334418
0.440852
0.0138631
0.0527908
0.0730777
0.349106
0.720181
0.269016
0.308669
0.0331261
0.670505
0.0539341
0.00597791
0.123233
0.0252916
0.0116365
0.232951
0.772955
0.0154316
0.069809
0.034934
0.0498382
0.0999003
0.911015
0.0280502
0.37455
0.253169
0.0292194
0.261828
0.265962
0.106949
0.110012
0.00373455
0.0788671
0.281715
0.181767
0.0551842
0.0258884
0.108095
0.0157131
0.160169
0.00118378
0.0163932
0.259979
0.00926852
0.24571
0.00989402
0.00172924
0.0421831
0.0661892
0.00482223
0.00792282
0.273171
0.0317804
0.00254387
0.0747476
0.177186
0.0714604
0.00233834
0.323901
0.167558
0.381916
0.00894448
0.610203
0.00380836
0.0113273
0.34137
0.00895261
0.0962366
0.131391
0.297325
0.407308
0.24186
0.0021087
0.709401
0.259917
0.0366749
1.91863
0.0324315
0.185622
0.542459
0.374781
0.263603
0.0182422
0.0139335
0.0133496
0.0772544
0.162579
0.124069
0.155808
0.777663
0.113236
0.179782
0.0786473
0.0134387
0.114605
0.315945
0.205157
0.0169628
0.119664
0.0655268
0.0040391
0.0439128
2.99982
0.124591
0.284145
0.0986499
1.38897
0.356923
0.00108776
0.327896
0.0187104
1.26822
0.00683901
0.00720677
0.0641271
0.380665
0.0155832
0.814936
0.122916
0.0849173
0.24934
0.332319
0.39397
0.862493
0.27616
0.214061
0.171446
0.176352
0.0553022
0.373478
0.0256503
0.323817
0.183321
0.287852
0.156086
0.187781
0.00825193
0.00750844
0.0606847
0.00725691
0.182984
0.165863
0.223107
0.0376095
0.0784821
0.143759
0.0722541
0.311483
0.0265864
0.309527
0.342372
0.189895
0.00597252
0.302669
0.091826
0.377176
0.0332681
0.546765
0.0187924
0.0409713
0.0771099
0.068595
0.00371629
0.123323
0.0294845
0.25111
0.318
0.122636
0.151648
0.105601
0.331997
0.0143046
0.54873
0.816934
0.215482
0.141912
0.267936
0.0186532
0.178616
0.189125
0.00826527
0.144168
0.0187149
0.197739
0.213289
0.135549
0.0176525
0.0193228
0.091407
0.0467562
0.876266
0.0190752
0.416453
0.258575
0.0906641
0.163955
0.148325
0.0569788
0.0776139
0.458993
0.189704
0.144942
0.177161
0.219317
0.441672
0.271849
0.438809
1.09214
0.0160475
0.164367
0.069443
0.430937
0.163774
0.0568209
0.980249
0.846154
0.154569
0.0192686
0.0126198
0.180089
0.324714
0.57321
0.521515
0.169252
0.250512
0.0785778
0.012801
0.0239742
0.371575
0.00703436
0.0173946
0.0232143
0.0856832
0.0686259
0.0596665
0.586676
0.479785
0.1537
0.0451649
0.14864
0.00190116
0.176719
0.0645741
0.0473675
0.0044378
0.304565
0.154701
0.286889
0.167855
0.146747
0.143874
0.0948257
0.16256
0.00292849
0.0510115
0.065164
0.165667
1.74801
0.00824635
0.320116
0.781271
0.235988
0.103132
0.264293
0.419822
0.0228868
0.200757
0.0402274
0.211262
0.0693095
0.788903
0.159699
1.58902
0.597673
0.562941
0.559459
0.00466553
0.0189412
0.930101
0.309582
0.161884
0.27765
0.00259134
0.283821
0.223871
0.108556
0.406341
0.0115424
0.190045
0.641532
0.0277619
0.0171162
0.890357
0.366974
0.0209316
0.60453
0.017206
0.00883804
0.209713
0.00606925
0.0288206
2.51053
0.0343046
0.341404
0.888638
0.0482424
0.406542
0.662989
0.0262018
1.09511
0.585917
0.241585
0.0429368
0.231435
0.248817
0.22429
0.516463
0.190103
0.188552
0.48596
0.0113913
0.0460049
0.102749
0.0377617
0.0059634
0.123584
0.429942
0.207433
0.0711086
0.307983
0.0616735
0.0846905
0.00430339
0.130705
0.019104
0.0100129
2.66664
0.0394307
0.563018
0.063838
0.0880124
1.60201
0.135334
2.11367
0.937916
0.0135591
0.166648
1.33622
0.0513879
0.0167434
1.50352
0.0963443
0.44876
0.503445
0.00381705
0.357257
0.0618497
0.224264
0.0611957
0.00530166
0.161911
0.00597279
0.247449
0.0632171
0.159293
0.0732236
0.129136
0.343827
0.0910978
3.698
0.00851962
0.836859
0.0937993
0.00979998
0.0160241
0.0409383
0.0953872
0.036118
0.14521
0.613876
0.176066
0.00461716
0.421419
0.0339303
0.0516358
0.0170084
0.00671536
0.0435511
0.0453466
3.93774
0.0241685
0.0109907
0.209843
2.26594
0.0229199
0.0222171
0.310554
0.0048366
0.000559389
0.586151
0.019669
0.0269464
0.0128176
0.173643
1.45718
0.052378
1.08275
0.333649
0.989811
1.77831
0.00536458
0.00860296
0.00417844
0.118134
0.12561
0.254401
0.0230307
0.000430495
0.116288
0.032285
0.00329558
0.363453
0.530486
2.22066
0.156811
0.112004
0.0116135
0.284488
0.223067
0.147248
0.0374988
0.279895
0.191259
0.0120859
0.088897
0.0213341
0.00898231
0.00721095
0.153304
0.116292
0.363589
0.00563859
0.00394303
0.00165242
0.029108
0.131766
0.0106421
0.00809597
0.00102549
0.177928
0.0228649
1.11906
0.236701
0.00859258
0.100635
0.251767
0.00489396
0.284049
0.100659
0.265963
0.102904
0.0484328
0.0759601
0.400863
0.0066997
0.010588
0.0137464
0.0031399
0.205059
0.0218472
0.185535
0.944063
0.0482347
0.406065
0.00566081
0.13981
0.176526
0.0478523
3.00301
0.296468
0.0390904
0.0837923
0.0560489
0.0145818
0.780888
0.00499195
0.309587
0.123011
0.0123079
0.136167
0.061188
0.0709
0.0760298
0.176899
0.0624244
0.107573
0.775862
0.0128052
0.213374
0.143195
0.0325092
1.86698
0.165125
0.0189591
0.872377
0.0272509
0.0415822
0.111121
0.00309937
0.00162656
0.393732
0.0251049
0.183355
0.0165678
0.0363243
0.12513
0.0490157
0.486779
0.000880806
0.323543
0.0030318
0.183068
0.002697
0.224074
0.00447373
0.102921
0.0906672
0.571924
0.529295
0.352077
0.0023549
0.0134517
0.399865
0.904696
0.0470601
0.0467562
0.057882
0.105993
0.130849
0.0159762
0.290794
0.841182
0.367089
0.367512
0.00579529
0.00827376
0.662851
0.398445
0.820943
0.337376
0.230599
0.0721659
0.109867
0.093406
0.0102583
0.0193375
0.0525712
0.0388458
0.045843
0.13602
0.0306254
0.0119403
0.349486
0.0266835
0.36418
0.0017362
0.0100103
0.0391599
0.161399
0.0354086
0.494665
0.566775
0.216771
0.0263465
1.07442
0.0340966
0.00628339
0.668715
0.0549901
0.00241612
0.148616
0.00494331
0.0210858
0.00171276
0.275313
0.140427
0.160139
0.0161218
0.12694
0.163761
0.269454
1.17577
0.752149
0.00485512
0.183027
0.510141
0.0323942
0.405158
0.293995
0.026706
0.351626
0.450702
0.973214
0.0183386
0.130805
0.176701
0.116111
0.0442342
0.025425
0.0062526
0.00969418
0.457514
0.0981244
0.0982853
0.00750702
0.361513
0.722546
0.0903955
0.39484
0.71386
0.115462
0.00942756
0.0476137
0.0153916
0.0381325
0.0228213
0.00106238
0.0940463
0.764165
0.0230142
0.233104
0.121248
0.00644405
0.350609
0.201591
0.689385
0.00586391
0.0073993
0.188532
0.0995296
0.0600876
0.0444436
0.0564743
0.00992683
0.0994354
0.00320462
0.214873
0.00361286
0.0463421
0.0205626
0.457192
0.022913
0.0231611
0.214497
0.0195673
0.00557873
0.410429
0.386492
0.15021
0.0234404
0.00812691
0.00184837
0.0660339
0.0615985
0.103837
0.0114437
0.0906833
0.368741
0.0987611
0.0129392
0.136338
0.0139301
0.0504988
0.207128
0.0113398
0.0478935
0.0229605
0.0349806
0.19396
0.00105803
0.548636
0.0890847
0.066392
0.198232
0.334562
0.0489714
0.041137
0.00676833
0.300168
0.342275
0.312137
0.00332785
0.0126246
0.0208904
0.135308
0.139842
0.791156
0.0514413
0.138973
0.000912703
0.81709
0.0961759
0.0560837
0.00719802
0.0058255
0.00687634
0.0512342
0.133564
0.127245
0.130056
0.137382
0.136696
0.10545
0.0652014
0.294162
0.0170864
0.0230052
0.122599
0.0746259
0.258912
0.375787
0.125664
0.184451
0.0233801
0.168106
1.11658
0.890423
0.115062
0.148519
0.48331
0.00822836
0.081521
0.10035
0.369835
0.0770586
0.115123
0.285975
0.187191
0.0854847
0.0694695
0.0603402
0.198903
0.00852512
0.170015
0.112377
0.147566
0.0854891
0.218243
0.837506
0.317364
0.0292176
0.262666
0.0839899
0.110163
0.216453
0.251511
0.128362
0.0770787
0.373826
0.15866
0.00919823
0.446292
0.21165
0.193164
0.0873845
0.0277513
0.35067
0.215937
0.0123254
0.25292
0.014683
0.0736632
0.00593812
0.0373553
0.0881111
0.563272
0.371908
0.030502
0.182874
0.0913002
0.299528
0.0722852
2.28865
0.00339457
0.377714
0.0120126
0.131899
0.446801
0.147987
0.338399
0.24247
0.0666238
0.263774
0.122812
0.381252
0.21432
0.132834
0.0310801
0.103218
0.256378
0.0169142
0.33497
0.000916295
0.08349
0.432021
0.193134
0.0519063
0.166489
2.92478
0.045106
0.0207885
0.229801
0.307422
0.228728
0.993777
0.0718463
0.0122601
0.588126
0.344631
0.203468
0.00554197
0.0164665
0.0034711
0.299164
0.0150566
0.154433
0.011764
0.143669
0.0273948
0.487951
2.43814
0.0470341
0.0110775
0.00976953
0.0285028
0.678924
0.195042
0.295506
0.128302
0.0707477
0.137372
0.0200748
0.361352
0.0183864
0.0080672
0.0937623
0.0297658
0.0931881
0.193637
0.109973
0.0122517
0.0524369
0.0784181
0.181292
0.0285668
0.00135893
0.257278
0.0893402
1.23994
0.0062381
0.0353013
0.0337768
0.223556
0.669042
0.00862866
2.47885
0.34304
0.0783238
0.368877
0.247146
0.276202
0.112922
0.254046
0.0598135
0.802336
0.547725
0.593352
0.0604263
0.319002
0.00935519
0.269368
0.0732492
0.277839
0.364941
0.384107
0.211766
0.0488204
0.521582
0.00624187
0.0291562
2.70228
0.049025
0.093791
1.04481
0.0108298
0.01343
1.67008
0.0362235
0.0900558
0.117289
0.148268
0.20866
0.0056131
0.316149
0.293856
0.0283496
0.00284555
0.113712
0.00979616
1.60825
0.00643431
0.212845
0.0502482
3.82928
0.722226
0.0799775
0.0482528
0.142311
0.653461
0.000855431
0.032913
0.0994235
0.109112
0.0354721
0.441654
0.0108602
0.0242968
0.760701
3.00859
0.00684184
1.9221
0.229551
0.07191
1.04448
0.0235172
0.890691
0.102974
0.00831992
0.37398
1.04631
0.0311839
0.0226266
0.381598
0.00495049
0.113513
0.0839682
0.103317
0.0628296
0.284939
0.11642
0.489552
0.0811463
0.15487
0.279691
0.0147514
3.10186
0.139679
0.0337813
0.137992
0.0136837
0.145963
0.00303622
1.08023
0.021554
0.0170306
0.222708
0.436366
0.0291863
0.0198892
0.174328
0.433232
0.902186
0.150559
0.0116966
0.0371935
0.00479528
0.0445552
1.04844
0.0116868
0.262868
0.309551
0.00440092
0.0691318
0.0404966
0.00823409
0.576939
0.120314
0.515221
0.106512
0.0137034
0.449893
0.0373923
0.00593087
0.054459
0.00486592
0.00307975
0.105133
0.00671299
0.0376952
0.635206
1.76723
0.963017
0.0142801
0.0171189
0.48794
0.0236159
0.00422588
1.47784
0.0144664
0.013229
0.0531156
0.0125473
2.08073
0.17196
0.04619
0.0014102
0.0106859
0.00725672
0.0165913
0.136325
1.95815
3.06717
0.0352225
0.245602
2.36198
3.37531
0.00873904
0.0131347
0.409961
0.506665
0.0123738
0.0154191
0.169235
0.0187489
0.091275
0.1248
0.010983
0.0446873
0.371172
0.428209
0.70115
0.281211
0.0551254
0.198467
0.416647
0.0304876
0.208692
0.0997913
0.412395
0.727136
0.00375074
0.218253
0.0014128
0.0560677
0.275558
0.257782
0.257246
1.0632
0.244866
0.0062618
0.125274
0.0454483
0.1118
0.14534
0.297564
0.171857
0.619045
0.291766
0.000820102
0.0397161
0.258547
0.118307
0.175265
0.0977591
0.3524
0.781478
0.241306
0.646863
0.293895
0.251132
0.0419234
0.486501
0.0702274
0.0524437
0.0574305
0.0187375
0.129767
0.502059
0.14929
1.7431
0.00931549
0.013249
0.114689
0.0179604
0.109672
0.212871
1.1133
0.0378997
0.345917
0.376766
0.0671568
0.035234
0.075687
0.408811
0.0745087
0.106281
0.0591433
0.0479459
0.0921557
0.343105
0.0442386
0.291081
0.122745
1.24495
0.321238
0.905105
1.94714
0.00176269
0.0798638
0.256987
0.0977034
0.670619
0.0147708
0.291196
0.0910562
0.40718
0.109893
0.0971823
0.175212
0.00930819
0.0689396
0.0855296
0.982016
0.177534
0.12448
0.0144172
0.0898614
0.0618597
0.0331172
0.174522
0.0844158
0.153236
0.0551557
0.0215175
0.0749724
0.283242
0.104177
0.119091
0.0981443
0.0588006
0.72827
0.0985305
0.389266
0.0690842
0.39152
0.35037
0.185506
0.637975
0.232838
0.339972
0.00329065
0.314912
0.00995851
0.111643
0.0867286
0.012758
0.129519
0.286552
0.0136287
0.0618613
0.00145436
0.181045
0.237135
0.131253
0.588486
0.473691
0.234251
0.344498
0.157224
3.61762
0.213042
0.205841
0.00299115
0.0416284
0.268213
0.396076
0.465589
0.30576
0.14229
0.00463151
0.0283003
0.00132334
0.138433
1.59173
1.60104
0.0285563
0.409665
0.0558291
0.0604922
0.148304
0.513944
0.0106752
0.0691349
0.755356
0.0703932
1.80452
0.24784
0.421724
0.0959514
0.0612054
0.0622105
0.337076
0.314905
0.087017
0.36453
0.827433
0.794089
0.0098054
0.608458
0.155221
0.0341589
0.252785
0.235942
0.263186
0.0444862
0.803425
0.0625335
0.459206
0.403033
0.144816
1.06971
0.015211
0.0663406
0.0796472
1.48806
0.144894
0.209241
0.102502
0.0669548
1.09709
0.215372
0.190368
0.0918466
0.191043
0.337955
0.199749
0.861495
0.0750762
0.207919
0.0566195
0.389057
4.34554
0.14494
0.18951
0.145508
0.0257676
1.89855
0.555637
0.196065
0.395853
0.267036
0.186359
0.453269
0.251121
0.240467
0.0260233
0.0788866
0.0082208
0.0357489
2.69504
0.0907138
0.0440933
0.0407782
0.174294
0.0261621
0.0286125
0.220428
0.0966045
0.405353
0.431762
0.00922217
0.0693217
0.0156304
0.0889193
0.0296758
0.192221
0.248932
0.00787411
0.0189655
0.00933649
0.0261292
0.0292004
0.715036
0.00300915
0.00423883
0.012748
0.00608444
0.249127
0.00896567
0.325117
0.145981
0.12686
0.0112433
0.0059779
0.202369
0.00502832
0.615448
0.00318163
0.00296469
0.00327312
0.0117243
0.0324231
0.431536
0.166964
0.174812
0.321404
0.471962
0.840409
0.512473
0.294317
0.104437
0.163148
0.617516
0.1028
0.0605136
0.110668
0.0129805
0.0569782
0.12902
0.453899
0.0105511
0.00741729
0.11304
0.478695
0.022044
0.0294242
0.34809
0.128978
0.00533694
0.0218358
0.455198
0.0673168
0.588359
0.0321912
0.0112249
0.215415
0.0195076
0.139742
0.0564444
0.362773
0.0694581
0.00991103
0.431482
0.0317564
0.388166
0.0125704
0.103771
0.00388651
3.48819
0.0182744
0.106612
0.0859015
1.43153
0.281403
0.01003
0.0103601
0.00494027
0.434519
0.0802803
2.1462
1.11764
0.00365948
0.116246
0.140776
0.151429
0.382406
0.0056545
0.2018
0.327634
0.0884896
0.226987
0.0575109
0.100558
0.0521523
0.00713374
0.0227297
0.018876
0.0152855
0.0145267
0.303856
0.00141837
0.6567
0.269368
0.202503
0.0783063
0.258399
0.00463871
0.50246
0.00255785
0.134539
0.617418
0.214921
0.0161518
0.178901
0.100059
0.162947
0.0266973
0.0249368
0.172455
0.808375
0.0064466
0.307815
3.0525
0.00857059
0.105912
2.24104
0.00254554
1.11501
0.101884
3.55371
0.165872
0.0151459
0.600534
0.135495
0.0024626
0.000766219
0.038859
0.208012
0.0227662
0.163603
0.0154817
0.00358999
0.0844171
0.0278996
2.28024
0.212784
0.191568
0.272382
0.0274182
0.845934
0.037446
0.00915242
0.00541378
1.12022
0.204122
0.0126444
0.0495871
0.02831
0.0419805
0.0750615
0.0284414
0.0689329
0.0127182
0.450166
0.208509
0.156737
0.149828
0.193561
2.79985
0.0041148
0.45787
0.177704
0.014572
0.335573
0.0307329
0.0901719
0.147691
0.0353247
0.334315
0.159042
0.0763164
0.0845147
2.85598
0.00875655
0.00369829
0.00660204
0.0477061
0.031529
0.0870321
0.027815
0.0158885
0.624958
0.133474
0.0411278
0.000965571
0.688319
0.00568374
0.760515
0.0382422
0.328595
0.00597575
0.015046
0.0107191
0.00580267
0.0460377
0.129909
0.00517232
0.00802915
0.0180413
0.0317193
1.08141
0.00734524
0.0703083
0.106377
0.081416
0.00306493
0.00425755
0.0480121
0.0129255
0.00426299
0.200247
0.0250559
0.144573
0.0332335
0.0429966
0.11161
0.409191
0.00685151
0.00475914
0.152093
0.0150785
3.42531
0.430143
1.03848
0.0067395
0.00958107
1.67559
0.00285252
0.00826401
0.0805411
0.415721
0.0167538
0.0121723
1.84844
0.00137923
0.418093
0.194175
0.0103586
0.0452641
0.0329816
0.020484
3.42572
0.00550355
0.00121193
0.134954
0.00724751
0.269024
0.0752474
0.00344208
0.00624773
0.00219648
0.0355156
0.0253222
0.00869214
0.88574
0.00413468
2.94786
0.157156
0.0104089
0.193004
0.00973403
0.0080115
0.238786
0.86034
0.103556
0.00480605
0.153969
0.0689006
0.0166199
0.120378
0.00982592
0.0046855
0.430383
0.0180912
0.0337803
0.220715
0.0249139
0.0171267
0.00801704
0.00457346
0.0249129
0.443666
0.301303
0.0623115
0.0160863
0.216726
1.94869
0.0389147
0.00789291
0.130589
0.00519406
0.421017
2.77786
0.0107842
0.586965
0.0201397
0.725388
0.267246
0.96906
0.0114313
1.49214
0.0289884
0.0473697
0.00368151
0.00496468
1.51177
0.00807967
0.00569425
1.3351
0.164947
3.33038
0.00390359
0.376307
0.00255587
0.521966
0.00191267
0.0159226
0.207524
0.0117791
0.00328248
0.00727623
0.00284659
0.0346787
0.0283449
0.00829888
0.0364955
0.00396835
0.166756
0.00738487
0.519898
0.348782
0.191636
0.0606849
0.0664778
0.463182
0.0259155
0.787431
0.0116117
0.00491765
0.00183466
0.0038601
1.19265
0.0206731
0.00771078
1.34678
0.0166275
0.00322224
0.325389
2.2104
1.77849
0.256555
1.56708
0.0576973
0.0313824
0.444214
0.346779
0.402523
0.192313
1.61598
0.0301725
0.836782
0.00937575
0.0335727
0.00655292
0.0182486
0.0479012
0.0145054
0.00706128
0.575043
0.532971
0.0701357
0.953042
0.151488
0.00292537
0.0661412
0.00431581
0.019185
0.204193
0.318565
0.00311245
0.578241
0.0850259
0.00295421
0.00788353
0.0657334
0.00722037
0.0250092
0.11781
2.24523
0.398429
0.0258973
0.034032
1.79531
0.0282386
0.27243
5.73828
0.276179
0.00259316
0.00494991
0.210097
0.0067196
0.00418455
0.199267
0.313627
0.038518
0.00730991
0.379785
0.0123093
0.2384
0.171181
0.00429969
0.402852
0.730006
0.0403496
0.151213
0.0166743
0.5932
0.0015105
0.362451
0.00577541
0.071554
0.00133168
2.47535
0.471196
0.686294
0.103511
0.24825
0.428805
0.0465875
0.473044
0.11425
0.00670323
0.591875
0.0434726
0.0913362
1.17817
0.0966686
0.0287682
0.114721
0.010817
0.00287496
0.167383
0.376099
0.25201
0.261179
0.558863
0.135007
0.00564517
0.110431
0.0217296
0.283045
0.0459189
0.159684
0.401552
0.00969491
0.0481381
0.0320658
0.296868
0.00162262
0.0593762
0.421775
0.236396
0.0866225
0.00364299
0.0149456
0.0216519
0.0428832
0.0307864
0.00431629
0.920399
0.00925588
0.00285475
0.0854843
0.469357
0.186171
0.0410432
0.339057
0.106713
0.0246817
0.127203
0.0499488
0.695063
0.0165997
0.412889
0.0139368
0.00326785
0.0380533
0.293263
0.00781771
0.0403374
0.169458
0.0162951
0.0153839
0.0215875
0.354175
0.0215468
1.43801
0.00199781
0.273936
0.0254906
0.192621
0.00213521
0.00787817
0.0506349
0.0649397
0.0133934
0.000848622
0.026669
0.186509
0.00489088
0.165878
0.255694
0.439699
0.0163574
0.132485
0.832307
0.00426316
0.00758451
0.50654
0.172617
1.21675
0.0423889
0.0390244
0.11078
0.00305879
0.799022
0.00278349
0.0103113
0.164531
0.101921
0.0403385
0.0977137
0.00505236
0.0890311
0.0720951
0.0102652
0.009798
0.337388
0.0042327
0.18814
0.0161683
0.0810678
0.027321
0.188336
0.00973922
0.0184178
2.77022
0.0131865
0.00163614
0.0116571
0.287831
0.00497007
0.0195607
0.272716
0.00592641
0.196772
0.0348027
0.00560627
0.00394351
0.0246131
0.171715
0.00354733
0.00331621
0.0206816
0.0021035
0.00868353
0.00240705
0.106607
0.0243329
0.700193
0.195653
0.0681656
0.598344
0.0894678
0.236726
0.989825
0.138557
0.425954
0.00135502
0.186281
0.186578
0.381939
0.0846589
0.0612262
0.00183136
0.0520259
0.121527
0.947299
0.110323
0.00789765
0.361562
0.0716905
0.211635
0.0955216
0.0091466
0.204086
0.261695
0.149708
0.07653
0.263859
0.192438
0.0105395
0.157752
0.123217
0.136
0.22571
0.0300645
0.756459
0.0568347
0.00363792
0.0191949
0.00777304
0.0239933
0.215295
0.179442
0.121739
0.0118619
0.0407509
0.0535454
0.20467
0.00356088
0.301071
0.102501
0.04005
0.209043
0.00812381
0.000498704
0.172111
0.218755
0.364515
0.00564156
0.20281
0.0467217
0.146873
0.513551
1.60226
0.0628125
0.103367
0.225174
0.149114
0.0106431
1.97454
0.147243
0.510915
0.38477
0.407178
0.0212092
0.0172629
0.233208
0.1071
0.211458
0.0343999
0.706854
0.213189
0.865109
0.0125011
2.00203
0.00583764
0.178203
0.0684853
0.0148299
0.0316084
0.0790503
0.0894941
0.00568378
0.269819
0.330268
0.411792
0.146494
0.179224
1.85791
0.0162387
0.02126
0.243867
0.00630414
0.0523308
0.00478016
0.255684
0.237156
0.152568
0.0642477
0.0239141
0.110195
2.37158
0.0194929
0.399186
0.0489533
0.211899
0.0540715
0.432826
0.131788
0.0843043
0.00757989
0.0496149
0.30127
0.0125839
0.14809
0.102713
0.126452
0.211198
0.0078589
0.00769082
0.424077
0.0518354
0.00723224
0.161791
0.00394883
0.00979172
0.0234629
0.320988
0.166837
0.0126431
0.0914599
0.00328644
0.164125
0.0349558
0.590538
0.120962
0.0274131
1.19432
0.0183041
0.0997712
0.00872944
0.0803967
0.193233
0.194704
0.00466602
0.137269
0.273484
0.0200342
0.0255371
0.0254463
0.0700043
0.844695
1.30943
0.0671295
0.105117
0.107428
0.00506161
0.00580346
0.0804726
0.00168953
0.0707364
0.596974
0.0142327
0.0459672
0.078481
0.136219
0.088178
0.0183237
0.40557
0.02894
0.0312904
0.00906342
0.00586749
0.612783
0.0851061
0.0901663
0.013891
0.129694
0.00430542
0.640425
0.00208754
0.0141098
0.00447441
0.0158488
0.0161971
0.126664
1.18743
0.122639
0.0133518
0.0676298
0.0474229
2.61997
0.325672
0.310513
0.241119
0.0161293
0.0120346
0.393865
0.123895
0.550359
1.38439
0.250513
0.110667
0.709028
0.130645
0.601896
0.283503
0.260692
0.232445
0.00564288
0.0987564
0.0135102
0.0297121
0.00528579
0.136785
0.106874
0.347978
0.0382137
0.177661
0.0379193
0.51083
0.204778
0.0163885
0.296604
1.05046
0.006301
0.403375
0.0454311
0.250311
0.0135614
1.74103
0.256951
0.0911981
0.0350184
0.258546
0.319506
0.00164942
0.119525
0.012623
0.037122
0.345212
0.0854297
0.757283
0.665028
0.18559
0.118917
0.593403
0.256886
0.00758132
0.0178038
1.77142
0.018518
0.0411962
0.152125
0.00950041
0.0215926
0.0603922
0.107652
0.0388961
0.00418382
0.448801
0.00862375
0.00605798
0.319492
0.0114129
4.77382
0.0361247
0.340837
2.66676
0.00954348
0.00542107
0.0120891
0.102341
0.244283
0.428589
0.195506
0.199223
0.0906542
0.0944557
1.7748
0.0773928
0.00601829
0.116638
0.292211
0.00187788
0.0534945
0.00347187
0.0111028
0.299859
0.0304465
0.401474
0.0766797
0.282713
1.00505
0.154565
1.1021
0.298518
0.000541222
0.522349
0.317706
0.366988
0.00207667
0.00513922
0.00812113
0.654547
0.00591184
0.209152
0.153052
1.39357
0.106688
0.0389916
0.203643
1.00518
0.00336952
0.0198678
0.0421476
0.267047
0.777151
0.177291
0.0827609
0.328307
0.0336359
0.00718684
1.54474
1.193
0.304783
0.0309368
0.103881
0.463412
0.0235505
0.00775271
0.0207082
0.748446
0.00430694
0.0576253
0.042673
0.00312361
3.66225
0.701764
0.0374056
0.00453037
0.051723
0.0151375
0.121733
0.00488349
0.00429576
0.369288
0.0156265
0.00833771
0.158862
0.120242
0.0169057
0.0622546
0.0199705
0.00765622
0.0124838
0.561232
0.235835
0.0201405
0.183567
3.4795
0.0904023
0.0817116
0.274915
0.000855123
0.00480541
0.236645
2.32055
0.0202092
0.228346
0.0887495
0.161219
1.22086
0.00926716
0.239984
0.00321731
0.598191
0.253622
0.373891
0.0659274
0.00806782
1.22764
0.122433
0.00903479
0.0580902
0.00317257
0.0121107
0.0323418
0.656607
0.313279
0.0369386
0.184837
0.0256979
0.0755692
1.23684
0.18398
0.00956501
0.094711
0.259761
0.0224659
0.0230172
0.0773933
0.00647454
0.0266932
0.0136923
0.0127908
0.0176911
0.0266505
1.5253
0.197463
0.0125136
0.318865
0.144371
0.244322
0.014378
0.141162
0.160501
0.0111215
0.00699961
0.575578
0.171975
0.005933
0.0224482
0.282127
0.0534369
0.0158668
0.271099
0.240558
0.0104165
0.247063
0.0063538
1.86597
0.274932
0.0128058
0.0418657
0.0186021
0.0025917
0.0352271
0.00890549
0.212604
0.0232642
0.0717531
0.0539895
0.00260865
0.139106
0.205126
0.0164438
0.215954
2.90368
0.00930889
0.100338
0.845549
0.0716171
0.374009
0.00530537
0.0722222
1.32191
0.324316
0.00324353
0.00207562
0.0292403
0.408588
0.185382
0.028827
0.0263365
0.118129
0.0117782
0.663948
0.204951
0.00721611
0.133541
0.0564003
0.955807
0.00352064
0.106517
1.10054
0.378364
0.169445
2.23159
0.00818986
0.00701362
0.0764227
0.0316485
0.216452
0.303873
0.27615
0.00202572
0.28379
0.235302
0.0124211
0.01236
0.0291779
0.893542
0.458705
0.0147517
0.167514
1.29038
0.070793
0.0148591
0.0733904
0.00746563
0.0285542
0.477813
0.019741
0.00307631
0.00445858
0.413943
0.00768597
0.00448542
0.0228449
0.00265322
0.00937964
0.0428878
0.0126065
0.0716352
0.133346
0.065549
0.0481417
0.523017
0.528486
0.305786
2.90698
0.0166655
0.000955025
0.00297253
2.36642
0.0054428
0.539088
0.092201
1.51009
0.00506875
1.67461
0.572105
0.0314237
0.0789988
0.0110054
0.0983986
0.0733848
0.016085
0.0915708
0.02357
0.142776
3.92151
0.0216261
0.0511695
0.191435
0.00793906
1.82756
0.0258321
0.0924498
0.205734
1.6923
0.0487172
0.00419858
0.377689
0.233337
0.96965
1.1224
0.0346133
0.0364924
0.0915783
0.0581118
0.00720038
0.015275
0.149596
0.277382
0.016825
0.0319165
2.32475
0.0345149
1.56783
0.655796
0.00738664
0.185912
0.298638
0.815773
0.0177192
0.313785
0.162218
0.0473927
0.00189505
0.00188253
0.0128265
0.342863
0.0057105
0.425931
0.0033305
0.00631599
0.0253163
0.221393
3.09975
0.0047441
0.00342936
0.419074
0.00918816
0.0329694
0.190702
0.178665
0.0166611
0.0477341
2.30372
0.670555
3.10242
0.00319029
0.889324
2.46522
0.0175525
0.05058
0.320777
0.379002
0.0344817
0.0229105
0.213288
0.0125396
0.0293407
0.386263
0.0541279
0.0270396
0.0129254
0.781192
1.26736
0.048568
0.0117811
0.107378
2.95458
1.95703
0.138209
0.00949016
0.145449
0.0118117
0.0632259
0.00797821
0.0686775
0.00540423
0.00310538
0.0170913
2.11832
0.0321056
0.992509
0.538042
0.0117134
0.0337584
0.0251061
0.00261224
0.00834149
0.0302596
0.0250189
0.000777664
0.016634
0.00443469
0.121771
0.00428348
0.277303
0.00537259
0.00252229
0.00158704
0.0028183
0.0138011
0.0100917
0.00199844
0.000669761
0.0132942
0.252625
0.438454
0.0204781
0.338464
0.00479997
0.0033893
0.0321999
0.00995421
0.0342247
0.0145628
0.0175272
0.00229983
0.0464335
0.00161854
0.00310925
0.548476
0.0130557
0.021915
0.0906702
0.0214061
0.011959
0.233977
0.133524
0.00966743
0.318349
0.335138
0.364244
0.0215183
0.0334388
0.00598026
0.300024
0.00728342
0.111948
0.00949964
0.129053
0.0249262
0.00972119
0.023434
0.00876756
0.00467347
0.0146556
0.00585876
0.00692798
0.0145354
0.0217583
0.0255258
0.0296804
0.0293161
0.0331172
0.0271503
0.0216802
0.0218514
0.0305922
0.0185912
0.037282
0.039136
0.0277891
0.0252198
1.06382
0.0212932
0.0298498
0.0393476
0.0206758
0.028409
0.0159946
0.0368013
0.0192354
0.0416845
0.00186784
0.0196433
0.0277191
0.0136523
0.0136826
0.0195978
0.0196288
0.0267473
0.0260483
0.0265082
0.0230322
0.0213869
0.0982158
0.0236766
0.0262631
0.0370767
0.0170654
0.0348893
0.574193
0.0210558
0.0409422
0.0415857
0.0383857
0.0241907
0.0133543
0.0267975
0.026594
0.01108
0.028181
0.0193877
0.0177515
0.0163693
0.0182093
0.0111249
0.0400426
0.0097835
0.0207339
0.0189859
0.0204976
0.0136819
0.0417633
0.0385891
1.51333
0.0110845
0.0358692
0.0221656
0.0137345
0.0245839
0.0153981
0.0211154
0.0179212
0.997565
0.028642
0.0326446
0.0321791
0.0162393
0.00845514
0.0363301
0.00498716
0.0230378
0.0233363
0.0339163
0.0293443
0.0273768
0.0187932
0.0209268
0.000699117
0.032235
0.017469
0.0157983
0.015231
0.0184373
0.040618
0.0246963
0.0358707
0.0346297
0.0472708
0.0238402
0.0411975
0.00166906
0.0198481
0.0152412
0.0148481
0.018364
0.0240654
0.0208581
0.0182844
0.0163037
0.0363011
0.00635637
0.0146274
0.0385087
0.0436868
0.303582
0.011887
0.0123933
0.029155
0.0132378
0.0184247
0.0267613
0.0271723
0.0235886
0.0233965
0.0207719
0.00111207
0.0348146
0.0145466
0.00756658
0.0137814
0.0105238
0.0249722
0.0157349
0.010638
0.00303816
0.00753331
0.229805
0.00352239
0.000842115
0.955935
0.0022922
0.00185957
0.00992237
1.97204
0.927996
3.29297
0.0330081
0.0876651
0.0027814
0.0780698
0.011852
0.24352
0.0731053
0.207376
0.0191759
0.351272
0.188937
0.0393181
0.132249
0.189844
0.260367
0.258635
0.0124505
0.066722
0.123833
0.0812593
0.2218
0.230402
0.159595
0.0905687
0.341529
0.172901
0.608739
0.00953313
0.107227
0.118455
1.1751
0.0897783
0.186529
0.0243122
0.0148123
0.475397
0.00661064
0.0333613
0.00217136
0.0558315
0.0147267
0.0237394
1.14406
0.502084
0.0610832
0.252802
0.00571847
0.175403
0.00533963
0.0112557
0.536729
0.00676104
0.263992
0.260081
0.00567799
0.601779
0.132805
0.014495
0.0287657
0.000958963
0.0387348
0.0206559
0.00597793
0.117699
0.157521
0.01681
0.168797
0.0990478
0.0262825
0.0413253
1.25876
0.546541
0.153516
0.458426
0.0389455
0.293847
0.0498399
0.0258233
0.0268916
0.00645897
0.00958331
0.0368302
1.18603
0.391176
0.539989
0.00981118
0.0256077
0.0581056
0.269219
0.0119102
0.196903
0.0345675
0.0408893
0.695666
0.0504314
0.117509
0.158565
0.111862
0.231548
0.0639552
0.753115
0.293803
0.00754288
0.00508881
0.0299096
0.0494157
0.318737
0.235468
0.282666
0.0196227
0.102179
0.0290761
0.117539
0.0364639
0.078108
0.0853335
0.073153
0.377714
0.120159
0.00969287
0.212792
0.129101
0.0664521
0.196443
1.85163
0.0536888
0.196014
0.521882
0.140629
0.238989
0.0128485
0.0181755
2.0039
0.956422
0.0156165
0.0677941
0.0277416
0.0436174
0.0261013
0.889895
0.142244
0.0084282
0.0250436
0.0434394
0.283541
2.57756
0.00333503
1.29639
0.152504
0.12588
0.727768
2.3994
0.0282607
0.0384012
0.58811
0.0253148
0.0335305
0.0124051
0.00469049
0.248743
0.0886816
0.00592947
0.222634
0.671377
0.0365631
0.00360616
0.449169
0.0751238
0.0293338
0.0550297
0.125584
0.0228445
0.0151162
0.0162709
0.0125679
0.00933163
0.0503532
0.136773
0.0569346
0.0610641
0.0241107
0.0322829
0.0104994
0.135495
0.176346
0.0719953
0.00584522
0.180979
0.00409463
0.00890871
0.20125
0.101186
0.0213107
0.0116697
0.38461
0.169255
0.678542
0.152239
0.116583
0.0699888
1.82718
0.0726147
1.1464
0.732057
0.410799
0.0877101
0.0783921
0.0275407
0.756605
0.0907738
0.143196
0.700142
0.184899
0.701367
0.037955
0.0070724
0.00470212
0.340205
0.155868
0.224257
0.160098
0.00900096
0.185946
0.00565804
0.149196
1.81275
0.104527
0.710945
0.325277
0.205513
0.0243761
0.0285495
0.00776441
0.0204385
0.0755324
0.575285
0.2768
0.00846562
0.0157268
0.095384
0.00520283
0.0180795
0.0947898
0.656656
0.519297
0.00599435
0.188859
0.0747136
0.0721986
0.285078
0.228862
0.00380054
0.173218
0.339339
0.119254
0.301383
0.340103
0.234849
0.24759
0.394238
0.00581285
0.030375
0.016768
0.204999
0.271731
0.266239
0.119817
0.0824626
0.013793
0.200164
0.354853
0.736225
0.733679
0.128294
0.251584
0.332285
0.0627947
0.0109596
0.0229172
0.0728335
0.0953948
0.0030795
0.228866
0.0314702
0.126671
0.530391
0.121158
0.0862897
0.288502
0.323677
0.705077
0.00593545
0.193343
0.0054296
0.0155667
0.16312
0.520575
0.0204821
0.105462
0.116834
0.349529
0.248093
0.634393
0.236983
0.115007
0.114106
0.00459023
0.298526
0.277077
0.0310898
0.0455312
0.139516
0.0640792
0.0104619
0.00664
0.492629
0.458337
0.19624
0.287922
0.0736769
0.0261656
0.203936
0.216614
0.00736943
0.26048
0.191944
0.0060284
0.215822
0.156052
0.0677193
0.0511328
0.188472
0.108534
0.0258197
0.208366
0.00202962
0.224296
0.018453
0.168911
0.00838939
0.026555
0.00820364
0.309368
0.178411
0.567642
0.14547
0.0908828
0.0072446
0.0110558
0.0479751
0.00134287
0.0610118
0.311269
0.032836
0.610074
0.596799
0.505145
0.0645443
0.0663355
0.00628688
0.0588158
0.134553
0.293042
0.0668052
0.204528
0.228807
0.0080905
0.25347
0.0129703
0.0299293
0.177185
0.0670239
0.0114236
0.103823
0.714829
0.0472882
0.00961631
0.339545
0.837453
0.792875
0.683869
0.467622
0.28415
0.181606
0.00271682
0.277336
0.227542
0.11866
0.0733328
0.179508
0.0273071
0.258544
0.0155779
0.172434
0.389186
0.161142
0.0270905
1.06413
0.146923
0.215521
0.00326593
0.00805734
0.529003
0.00177652
0.247217
0.112078
0.170768
0.166188
0.058992
0.308671
0.00538827
0.104785
0.00315443
0.133126
0.200046
0.0731212
0.286495
0.240952
0.109869
0.0129429
0.0035439
0.136247
0.570712
0.119372
0.994536
0.02716
0.179192
0.000972667
0.0142869
0.0103737
0.208178
0.114391
0.214317
0.189515
0.266738
0.401509
0.00780616
0.00991866
0.00263929
0.461443
0.193053
0.0179932
0.0246799
0.0163634
0.00846211
0.01484
0.124606
0.429345
0.0078517
3.45631
0.00226368
0.008711
0.226288
0.198398
0.486191
0.0317476
0.537321
0.00453712
0.0505344
0.0103364
0.0288628
0.232253
0.0071899
0.146803
0.0245262
0.428331
0.0628134
0.473762
0.242425
0.000451601
0.0650116
0.317912
0.272879
0.00161971
0.141738
0.307906
0.47355
0.0111609
0.17185
0.103597
0.252402
0.00495016
0.186032
0.00869946
0.0793478
0.70583
0.27918
0.00729063
0.259879
0.00650902
0.15983
0.271839
0.0110656
0.0103924
0.028359
0.039627
0.0987226
0.225538
0.0281996
0.0999013
0.26966
0.0953857
0.881731
0.0177965
1.75291
0.205222
1.47066
0.0342194
0.12771
0.0546179
0.033432
0.306437
0.0368089
0.0347121
0.0189525
0.100354
0.241601
0.538593
0.282272
0.0257632
2.26825
0.0474398
0.00326262
0.265335
0.0380963
1.88393
0.186262
0.0621734
0.319244
0.147976
0.00443047
0.0711157
0.0234076
0.499969
0.418282
0.0221068
0.432046
0.0962657
0.064566
0.00929615
0.532093
0.101413
0.253677
0.107823
0.194582
1.61644
0.0484327
0.786115
0.271806
0.102492
0.725795
0.0092786
0.353188
0.000856577
0.434167
0.0677246
0.0770556
0.0226315
0.320086
0.123283
0.515547
0.281256
0.131766
0.0279515
0.58832
0.443334
0.0890522
0.0128933
0.1302
0.590582
0.0337242
0.340173
1.42565
0.0997501
0.2217
0.0251145
3.37127
0.0188997
0.371971
0.219561
0.0943284
0.195049
0.0385347
0.073288
0.00615703
0.564988
0.218213
0.202491
0.0135858
0.248403
0.0790979
0.0857026
0.26022
0.260262
0.0215968
0.0232524
0.202724
0.184113
0.0402356
2.70209
0.491757
0.415503
0.0337176
0.123988
0.00658696
0.023029
0.190383
0.349626
0.012801
0.00533012
0.0208542
0.027361
0.145552
0.0210251
0.122476
0.326045
0.0100805
0.0295441
0.0552787
0.0114304
0.0495048
0.124077
0.540758
0.0116577
1.51151
0.00661635
0.00626462
0.0488784
0.0708085
2.12016
0.0188665
0.851757
0.020472
0.777109
0.114364
0.0212126
0.0151121
0.0106652
0.0353389
0.00504391
0.0341038
0.297496
0.0653505
0.0602628
0.174007
0.0704943
0.585501
0.00470754
0.19657
0.155855
0.079341
0.015859
1.17221
0.00384377
2.47966
0.0760865
0.0058676
0.0318007
1.83133
0.0885063
0.0079929
0.00916372
0.0724296
0.0113653
0.0596275
0.0172751
0.00477843
0.0755863
0.00892877
0.00500659
0.00691265
0.00662488
0.0319905
0.0197461
0.291471
0.0203324
1.14705
2.57689
0.0126586
0.00572869
0.0106319
0.137428
0.0695498
0.00447333
0.001922
0.0203455
0.0342928
0.0175415
0.0281445
0.00999652
0.00114084
0.230073
0.019431
0.00326638
0.331348
0.0265251
0.0182283
2.67009
0.0267378
0.00387605
0.0458005
0.00426063
0.214294
0.375156
0.00228861
0.0300738
0.0157006
0.00585595
0.167145
0.0072812
0.00466322
0.00303766
0.0131134
0.0130729
0.00546615
0.00486823
0.0096761
0.00890057
0.00693329
0.00583985
0.0215659
0.0049063
0.023277
0.051284
0.00621833
0.297544
0.076792
0.096436
0.0248667
0.0137322
0.0653805
1.34988
0.00247839
0.113212
0.117041
0.234953
0.142606
0.156339
0.019299
0.00544792
0.194743
0.19081
1.06209
5.11442
0.0102028
0.323144
0.0497624
0.00477852
0.005194
0.0146052
0.104779
0.0982554
0.125791
0.00803822
0.00760869
0.166268
0.0181962
0.00480043
0.177494
0.00749822
0.00418651
0.152113
0.20475
0.0143178
0.00792165
0.00814627
0.162997
2.22868
0.00652754
0.0787138
0.168134
0.143171
0.322203
0.539592
0.158775
0.282732
0.0047421
0.00260809
0.00358926
0.209914
0.13381
0.0202413
0.102389
0.176527
0.231986
0.90738
0.0200399
0.138088
0.125926
0.242195
0.102616
0.074246
0.0793616
0.120106
0.232899
0.174338
0.0127225
0.469971
0.256382
0.367048
0.00879296
0.0925967
0.262075
0.19166
0.00763396
0.0508349
0.405388
0.278217
0.0100009
0.00466161
0.308688
0.0401997
0.0317903
0.399496
0.214249
0.08206
0.0106391
0.198594
0.0179609
0.53611
0.0979
0.014875
0.143409
0.331788
0.292159
0.182777
0.00518676
0.196149
0.0925795
0.0418095
0.166889
0.00468276
0.00365231
0.0230067
0.103691
0.00380704
0.00527521
0.135469
0.0723463
1.58791
0.00553101
0.00441581
0.409303
1.42288
0.00677673
0.0082195
0.0764769
0.208851
0.161067
0.0244214
0.0136949
0.0344745
0.342435
0.198875
0.132227
0.00638771
0.0131705
0.346919
0.0116593
0.0123612
0.00893714
0.00835854
0.011199
0.0789567
0.0443111
0.200631
0.148453
0.168123
0.0020883
0.0114307
0.209869
0.00731247
0.169418
0.354502
0.110192
0.0637291
0.00596999
0.165083
1.64393
0.179028
0.00526824
0.00231853
0.206584
0.0170705
0.0178173
0.173066
0.00113887
0.0644551
0.250985
0.00415269
0.00529967
0.101977
0.0627288
0.215276
0.0143347
0.119135
0.0683469
0.0227508
0.144324
0.0360106
0.0327757
0.00284084
0.00415602
1.84975
0.261666
0.0278316
0.0936724
1.71683
0.01911
0.00993764
0.119109
0.00660616
0.371721
0.0155904
0.981625
0.239873
0.486978
0.107315
0.2336
0.69421
2.30977
0.00953282
0.120425
0.25228
0.00919157
0.043925
2.15222
0.0406149
0.0765003
0.10141
0.010648
0.997131
0.129233
0.0509191
0.319928
0.425896
0.0846059
0.0660862
0.136244
0.283451
0.165239
0.132553
0.279598
0.102988
0.111174
0.131112
0.0427402
0.0706773
0.112093
0.00542058
0.332113
0.0462642
0.0594391
0.0462365
1.45942
0.0844576
0.235976
0.00950881
0.243895
0.288198
0.0933358
0.0493804
0.324459
0.703478
0.24908
0.00259208
0.108541
0.348131
0.185074
0.206954
0.249333
0.00859129
0.263548
0.202839
0.414126
0.115568
0.195763
0.378957
0.0505118
1.0403
0.166128
0.319863
0.0995944
0.060923
0.0404933
0.00926974
0.174896
0.0145663
0.0664485
0.00506049
0.163739
0.045346
0.012895
0.0862759
0.0688351
0.302971
0.0210422
0.105299
0.70903
0.122135
0.402757
0.25768
0.219573
0.0308672
0.198848
1.38565
0.0711166
0.0149146
0.0867875
0.0024783
0.723886
0.400099
0.716198
0.495181
0.173278
1.45769
0.0127545
0.0349041
0.150408
0.123159
0.0719496
0.00888638
0.0887822
0.652221
0.151542
0.187409
1.01173
0.276778
0.0724828
2.36435
0.0424192
0.330488
0.0274977
0.0239524
0.0059688
0.415497
0.0768513
0.0208972
0.221788
0.988196
0.0112582
0.0198378
0.0120211
0.0993304
0.000826606
0.244359
0.253582
0.0101247
0.0528466
0.166157
0.0365944
0.0135879
0.351606
0.00293723
0.0282857
0.536908
0.00398461
0.0159749
0.301232
1.41384
0.00614314
0.00467407
0.190946
0.504558
0.318436
0.385497
0.0594578
0.0141008
0.455766
0.360163
0.0899077
0.00514745
0.0117053
0.326888
2.90181
0.229401
0.00471041
0.0717704
0.5295
0.00780295
0.352066
0.172179
0.0971174
0.806768
0.224956
0.769121
0.189465
0.225777
0.706885
0.00670904
0.711712
0.00101683
0.125604
0.516489
0.125053
0.299883
0.0872598
0.196638
0.12065
0.00740867
0.482742
0.0967796
0.196728
0.0222564
0.110405
0.056543
0.151509
0.263344
0.0090361
0.346509
0.206994
0.0281581
0.016687
0.00311056
0.2114
0.415002
0.0625204
0.315335
0.0142469
0.225047
0.0989913
0.00456701
0.00910192
0.00815498
0.0992599
0.10423
2.83268
0.399343
0.0733317
0.0661433
0.374714
0.0535927
0.0715425
0.187954
0.0409027
0.270851
0.177006
0.266461
0.628819
0.274913
0.0784721
0.43901
0.290436
0.0421985
0.00214826
0.283796
0.253002
0.419273
0.109988
0.258973
0.053196
0.0337838
0.0878093
0.0906935
1.10438
0.207892
0.892098
0.14263
0.0126145
0.0131995
0.0499063
0.200529
0.143521
0.225887
0.672693
0.0203212
0.134855
0.044891
0.00450047
0.0638552
0.322796
0.0170636
0.130902
0.111732
0.259552
0.191339
0.2955
0.431973
0.702071
0.0816428
2.31788
0.0720971
0.384985
1.02196
0.311532
0.500024
0.0789185
0.00654634
0.111061
0.101328
0.0361345
0.0441761
0.00892971
0.123717
0.435998
0.274107
0.188177
0.155224
0.0522931
1.3444
6.06037
0.183062
0.0630577
0.02962
0.0257953
0.289095
0.196639
0.295609
0.0131942
0.201502
0.34312
0.178167
0.0389747
0.0550613
0.427168
0.00319916
0.20912
0.109131
0.0706403
0.443084
0.00928808
1.33537
0.0568628
0.14282
0.654688
0.28148
0.0174049
0.00449504
0.295317
0.122976
0.0801306
0.146242
0.0730419
0.379535
0.0571078
0.377459
1.45168
0.0645405
0.0618944
0.00229615
0.155673
0.247256
0.0120143
0.110221
0.221975
0.00857967
5.09027
0.0870992
0.201335
0.133973
0.00273859
0.2057
0.406526
0.140846
0.129879
0.255139
0.162038
2.58953
0.623477
0.321921
0.152618
1.309
0.125439
0.0593326
0.166047
0.00254666
0.00563677
0.675789
0.240245
0.017957
0.00394659
2.22443
0.0208751
0.0333966
0.0146441
0.00548314
0.00928259
0.0273464
0.0408219
0.0796399
0.00933652
0.438908
0.00233529
0.0497166
0.011508
0.459443
0.176168
0.328497
0.0499434
0.307407
0.419163
0.358387
0.657586
0.16907
0.0866034
0.0772314
0.164878
0.128702
0.00185247
0.154103
0.351877
0.00769624
0.198148
0.0332301
0.291752
1.06625
0.261466
0.277153
0.00983079
0.22719
0.194244
0.08295
0.243849
0.378323
0.0453104
0.326991
0.415974
0.332768
0.0199293
0.00223353
0.156076
0.235954
0.236179
2.56662
0.0472737
0.046201
0.0967371
0.211504
0.0352346
0.338177
0.0142467
0.00554233
0.153185
0.198359
0.179787
0.0129311
0.0241332
0.308864
0.201943
0.254743
0.224983
0.299785
0.0116257
0.0244157
1.24474
0.0223849
0.340688
0.028487
0.157163
0.147426
0.222993
0.00335756
0.106669
0.170866
0.145742
0.159514
0.0104562
0.00602913
0.33138
0.206844
0.00257768
0.608834
0.0944049
0.253311
0.0462818
0.176276
0.0884029
0.0722865
0.458582
0.129578
0.449495
0.892783
0.312117
0.0352895
3.95125
0.267994
0.0267747
0.0169584
0.307464
1.21537
0.0317819
0.027953
0.0804792
0.655923
3.25441
0.307521
0.144126
0.118203
0.0021784
5.0275
0.0426908
0.0818909
0.0227929
0.235652
0.00266543
0.240051
0.00962214
0.0928084
0.00808112
0.360893
0.208882
0.101092
0.281906
1.25146
0.479187
0.0188736
0.536349
0.176896
0.0800517
0.16766
1.9883
1.31961
0.215117
0.138412
2.25416
0.515867
0.074598
0.00656885
0.296441
0.51029
0.0190711
0.106783
0.0200972
1.75971
0.00326473
0.0128424
0.661069
0.157841
0.190292
2.87426
0.206132
0.183476
0.237859
0.201324
1.53996
0.111826
0.531123
0.0171764
0.0528899
0.0764301
0.329342
0.268902
0.115551
0.0302618
0.00374211
0.114262
0.317839
0.110593
0.0155785
0.555828
0.030057
0.0910942
0.0961852
0.31875
1.85293
0.00582075
0.381415
0.0515221
0.0357683
0.209152
0.230566
0.0303672
0.0129445
0.0415924
0.0535454
0.848202
0.0816843
0.216571
0.485083
0.158415
0.00253678
0.0326465
0.0122683
0.00360021
0.348657
0.043711
0.0790624
0.372553
0.351273
0.407175
0.50889
0.15911
0.0898454
0.766835
0.00179797
0.00291283
0.261138
0.301316
0.118438
0.0939166
1.95819
0.0235581
0.57334
2.97844
0.127329
0.70853
0.0940403
0.271262
0.0118168
0.0611768
0.115504
0.0277281
1.20746
0.193393
0.372162
0.0410455
0.0272432
0.301926
0.059621
0.212984
0.204455
0.0089058
0.0670525
0.0208766
0.0869169
1.67065
0.00410059
0.086229
3.09856
0.00103958
0.29366
0.06271
0.122258
0.0339628
0.0446653
0.221921
0.473213
0.00297011
0.311669
0.0134122
0.0121497
0.0107365
0.568878
2.54245
0.0673744
0.0133056
0.126544
0.0618266
0.00557194
0.00730351
0.118848
0.265946
0.173873
0.144697
0.279847
0.736616
0.809582
0.0239816
0.0592441
0.0273893
0.0029593
0.0891683
0.143257
0.0080199
0.0348628
0.561751
1.04832
0.0579862
0.126874
0.0958375
0.113721
0.0157718
0.015008
0.367129
0.167788
0.476086
0.184759
0.434056
0.332083
0.203465
0.246233
0.00246345
0.00731273
0.160374
0.252926
0.00664229
0.0444735
0.0166212
0.0866506
0.201653
0.0163771
0.188823
0.364562
0.39085
0.0244486
0.0904692
0.00342657
0.0114689
0.015975
0.533907
0.0848508
0.171433
0.0310118
0.00171963
0.0843484
0.171785
0.267096
0.0807999
0.00170218
0.000154845
0.842265
0.160294
0.189738
0.175567
0.0294736
0.200109
0.027291
0.0425143
0.0795321
0.451429
0.296003
0.00359811
0.245642
0.0133289
0.0660595
0.00590066
0.394596
1.38597
0.014097
0.617524
0.00657977
0.465201
0.0185766
0.207497
0.0822229
0.371598
0.568833
0.0202759
0.211857
0.279767
0.00288226
0.560094
0.077342
0.041855
0.26577
0.116086
0.105564
0.988067
0.0203386
0.031211
0.485488
0.00139226
0.00288602
0.0101016
0.224004
0.00230751
0.0129134
0.0147605
0.00742407
0.00725666
0.00699517
0.0155163
0.354663
0.395339
0.00868426
0.135145
0.0156117
2.90795
0.907088
0.121651
0.106506
0.00415822
0.00221544
0.189632
1.49572
0.783488
0.582587
0.39
0.215511
0.0162669
0.040142
0.128489
0.0363628
1.57111
0.00250996
0.000575534
0.00393544
0.0486687
0.268917
0.447861
0.196609
0.0124824
0.200197
0.441248
0.0691507
0.00793049
0.284347
0.54745
0.0150483
0.00349426
0.424944
0.257686
0.0226033
0.383511
0.0329556
0.174014
0.245984
0.0184263
1.06818
0.938358
0.818124
0.776668
0.124419
0.274942
0.0120612
0.147272
0.0549134
0.201267
0.00437797
0.198888
1.15797
0.453826
0.0423347
0.200747
0.297501
0.311141
0.0229584
0.0164254
0.290553
0.561182
0.868295
0.523404
0.970155
0.00486906
0.739259
0.0640638
0.104085
0.00857628
0.658109
0.629606
0.680493
0.050947
0.596259
0.0181571
0.00906774
0.0330249
1.65282
0.0029526
0.393867
0.545102
0.0118651
0.580483
0.00756378
0.820519
0.0925259
0.383617
0.267308
0.110619
0.334318
0.194819
0.738838
0.143281
0.148418
0.402847
0.0156369
0.673822
0.0193041
1.14878
0.00579554
0.771522
0.0754283
0.0339626
0.102081
0.596496
0.281226
0.210689
0.890079
0.00516163
0.012331
0.06394
0.00911701
0.599757
0.0177952
0.721381
0.142881
0.310764
0.0737894
0.457298
0.38897
0.120619
0.00378923
0.006139
1.02418
0.207242
0.521927
0.308683
0.34669
0.716098
0.180436
0.555945
0.0460986
0.227034
0.205318
0.113601
0.104821
0.636237
0.454301
0.110284
0.278316
0.0179811
0.131772
0.0639529
0.318923
0.227237
0.210451
0.245489
0.182454
0.0693484
0.127887
0.00619033
0.295678
0.465387
0.17938
0.306111
0.618755
0.105744
0.00868127
0.783669
0.794856
0.384005
0.0633379
0.0253834
0.00165586
0.220904
0.34268
0.0652739
0.411522
0.197548
0.183068
0.0144021
0.234572
0.251328
0.364334
0.1837
0.00603404
1.30559
0.00347151
0.420187
0.283966
0.322709
0.212953
0.0609516
0.200447
0.00534765
0.0659399
0.318441
0.045937
0.501998
0.0227849
0.11592
0.0699995
0.903676
0.0982123
0.199184
0.0876592
0.337974
0.320418
0.215197
0.0125005
0.0824969
0.0117851
0.0190835
0.0551281
0.677044
0.255642
0.0529084
0.0212093
0.0435116
0.126317
0.384372
0.0440007
0.0631093
0.0212646
0.378262
0.0998715
1.52233
0.080999
1.55394
0.0309429
1.04899
0.197521
0.580545
0.231893
0.0926233
1.08262
0.00699339
0.0484004
0.197577
0.133544
1.1276
0.19318
0.0475333
0.352916
0.015615
0.139135
0.123757
0.225953
1.65818
0.148677
1.91703
1.00431
0.214891
0.00671317
0.138358
0.141851
0.0164177
0.522621
0.558213
0.00559864
0.0450041
0.178334
0.0348291
0.0883776
0.151259
0.419124
0.911535
0.310557
1.72897
0.0784153
0.299607
0.0123625
0.949658
0.505617
0.0264676
0.372883
2.34622
0.959274
0.256643
0.0125563
0.0252982
1.2781
0.444016
0.439674
0.0134294
0.801026
0.444814
0.491691
0.186757
0.045175
0.0429706
0.0436542
0.206877
0.024465
0.0114751
0.021586
0.46656
0.0886996
0.245645
0.154449
0.146914
0.00791343
0.0105137
0.0126639
0.00703928
0.0496494
0.0202003
0.0028786
0.0102751
0.000711105
0.00815712
0.0272065
0.0412378
0.0435176
0.78223
2.416
0.0423019
1.28918
1.54597
0.00591856
0.107247
0.16452
0.00731603
0.0255619
0.666724
2.75429
0.265271
1.26971
0.00822475
0.0182289
0.00314875
0.00971228
0.0113197
1.13725
0.130097
0.00170315
0.365566
0.351374
0.0156438
0.00622885
0.00321545
0.0240109
0.00431049
0.0106862
0.0974351
0.00458547
0.136685
0.196246
0.0123975
0.00504424
0.398438
0.0116368
0.00656766
0.00481287
0.0112328
0.00778543
0.458423
0.00708626
0.0995055
0.0162456
0.056692
0.0111682
0.412665
2.5475
0.718692
0.219756
0.308565
0.00811291
0.116035
0.0105169
0.147288
0.0724951
0.137388
0.0418323
0.00566896
0.0133637
0.0251879
0.316039
0.0187561
0.0482984
0.144006
1.26608
0.00409272
0.520557
0.00304325
2.99826
0.217326
0.408117
0.104336
0.0134489
0.00512696
0.00642962
0.00430509
0.0310818
0.0766761
0.0442421
0.140308
0.0143537
0.0225534
0.0165468
3.12181
0.0106759
0.21611
0.00374092
0.620169
0.0209442
0.280811
0.00351674
0.347648
0.0476167
0.0413958
0.472015
0.110045
2.62744
0.00765309
0.00979206
0.00142001
0.23232
0.0391771
0.00238684
0.0147191
0.047364
0.0235156
0.0166132
0.18054
0.0144546
0.0693816
0.00590826
0.0133597
0.00818992
0.2044
0.358774
3.01639
0.198499
0.00469904
0.405096
0.011679
0.00724184
0.00594383
1.67793
0.000593817
0.506176
0.0798394
0.0102754
0.269635
0.0106809
0.013927
0.156462
0.00327637
0.0660211
1.35623
0.0179839
0.492464
0.304725
0.0106659
0.00384417
0.0991604
0.181827
4.12761
0.00219101
0.219411
0.686311
0.0331291
0.00434722
0.109824
0.688111
0.010682
0.636563
0.117798
0.00225683
0.013004
1.90081
0.255594
0.00731777
0.0687097
1.75807
0.034552
0.156216
0.265582
0.00188455
0.296344
0.0624409
0.219913
0.777226
1.11208
0.0883759
0.246354
0.262209
0.147745
0.865862
0.910519
0.024209
0.0710479
0.0144254
0.029137
0.0347131
4.23692
0.188052
0.238953
0.244626
0.17686
0.515465
0.0835072
0.056376
0.125078
1.70554
0.126885
0.0819457
0.00518897
0.110994
0.0168994
0.057105
0.0420607
0.762869
0.270552
0.119804
0.471596
0.228047
0.0261584
0.752663
0.0280169
0.0937357
0.455486
0.139505
0.136648
0.00360917
0.0109527
0.285896
0.0402609
0.200019
0.0170113
0.0287413
0.137656
1.34144
0.0172999
0.0230508
0.0160662
4.50974
0.00316905
0.0445374
0.0798873
0.274157
0.0167752
0.297385
0.574145
0.157882
0.0351474
0.256678
0.414949
0.105549
0.356568
0.286026
0.0971593
0.033672
0.00849893
0.422638
0.172805
0.468989
0.285263
0.830877
0.0746102
0.0329598
0.0147168
0.151429
0.00258146
0.00830176
0.15518
0.0159838
0.357453
0.581909
0.168633
0.756283
0.107639
0.407961
0.129178
0.665147
0.0132564
0.881741
0.13197
0.0165105
0.459558
0.228942
0.203361
0.0621276
1.46709
0.0191443
0.956844
0.0111155
0.101611
0.0282006
0.0638719
0.668757
0.193403
0.0695163
0.0233371
0.173576
0.0559424
0.00221307
0.0413998
0.0823091
0.551591
0.542831
0.0281497
0.0137299
0.00345718
0.0282084
0.0805793
0.130315
0.684186
0.0424784
0.459421
0.311313
0.138576
0.00759173
0.0347979
0.00139009
0.147321
0.0481385
0.00160601
0.112736
0.402894
0.608977
0.0109197
0.298201
0.0180096
0.0105324
0.228235
0.798688
0.0234959
0.163704
0.00310627
0.0117541
0.630859
1.86333
0.0603608
0.216327
0.117461
0.021828
0.191363
0.0106275
0.010818
0.00890153
0.195246
0.0690654
0.00550147
0.016862
0.0109182
0.347546
0.0428335
0.0259295
0.102138
0.00182568
0.118386
0.225354
0.00658078
0.451795
0.54467
0.0167371
0.00357476
0.0208516
0.432112
0.437371
0.0338915
0.279717
1.613
0.0210011
0.0453546
0.00120319
0.00227523
0.12989
0.376431
0.0799024
0.400792
0.014231
0.0136804
0.0762025
0.362657
0.194838
1.88995
0.0133011
0.00134969
0.259393
0.0546201
0.0652026
0.0323833
4.21765
0.0790137
1.0546
0.0924595
0.0157157
0.00314627
0.0169141
0.000486582
0.0142982
0.0182366
0.728157
0.0100508
0.228134
0.0493834
0.139408
0.00593838
0.376943
1.00761
0.0556275
0.495312
0.301884
0.0118316
0.0230252
0.145562
0.0399778
0.0042923
0.110534
0.00514141
0.25019
0.658823
0.299053
0.0580018
0.0037769
0.00480355
0.00311922
0.241217
0.718476
0.221932
0.13173
0.0641123
0.0413993
0.623484
0.00404753
0.137205
0.406593
0.359801
0.00148142
0.650792
0.276963
0.656921
0.00998028
0.173033
0.0224107
0.578423
0.0151348
0.0211561
0.0089874
0.0510162
0.176174
0.0634591
0.437133
1.28067
0.145038
0.229756
0.00801239
0.415279
0.579756
2.43168
0.170007
0.00692775
0.378409
0.533323
1.36497
0.436
0.350137
0.23722
0.13383
0.0976698
0.0125057
0.462626
0.169979
0.0021641
0.0592937
0.098682
0.398077
0.221274
0.0406704
0.120355
0.290698
0.431778
0.652517
0.0157134
0.0117596
0.764045
0.00691449
0.240286
0.310165
0.181695
0.387878
1.02483
0.206097
0.635382
0.00214293
0.520856
0.0241682
0.0259487
0.371107
0.0116456
0.0973051
0.0170383
0.2872
0.325147
0.491228
0.0283286
0.98554
0.0518545
0.115955
0.00445729
0.0190003
0.00662911
1.45246
0.230702
0.358546
0.940166
0.424186
0.091784
0.00713523
0.00757615
0.714231
0.0440174
0.242525
0.263616
0.00368931
0.147854
0.434758
0.179223
0.117931
0.680773
0.389596
0.335582
0.0161368
0.00697086
0.747912
0.599686
0.0159703
0.196962
0.00244188
0.285068
0.293222
0.229904
0.00880981
0.115042
0.00357856
0.0976873
0.0346814
0.218362
0.0142013
1.15404
0.293511
0.208004
0.175241
0.256375
0.101012
0.01029
0.00872744
0.335824
0.197471
0.188225
0.309404
0.222931
1.65333
0.232109
0.21191
0.139066
0.389766
0.446929
0.581627
0.211391
0.00276664
0.108156
0.0162045
0.911108
0.463768
0.00989315
0.138085
0.0031523
0.44667
0.327917
0.0879992
0.231266
0.728731
0.385489
0.2632
0.0587382
0.463954
0.214874
0.320475
0.0981865
1.59506
0.119233
0.134461
0.00806848
0.255251
0.539979
0.207513
0.411999
0.0383229
1.16228
0.237451
0.818375
0.10768
0.864124
3.40175
0.548877
0.504327
0.46493
0.508517
0.0159936
0.117894
0.222563
0.683913
0.663967
0.0755908
0.195979
0.134157
0.032638
0.188123
0.3794
0.151857
0.100369
0.913698
0.199818
0.0265951
0.00655206
0.0669526
0.0939415
0.532877
0.142761
0.0516812
0.0421138
0.0150161
0.00487792
0.392608
0.440467
0.239044
0.0123369
0.420504
0.212985
0.0156914
3.11712
0.789327
0.0239039
0.119856
0.0110801
0.322311
0.00562129
0.348917
0.0119517
0.048434
0.264354
0.308828
0.0920439
0.327453
0.0295189
0.500251
0.0214805
0.346793
0.0161444
0.0311552
0.140962
0.729866
0.0493148
0.111086
0.015628
0.35731
1.19793
0.0091564
0.0775045
0.00652561
0.00819285
0.0927117
0.141937
0.00901221
0.469873
0.207005
0.0199564
0.156879
0.171411
0.13505
0.0175312
0.970738
0.484593
0.0206279
0.404615
0.0180186
0.406153
0.0372152
0.0614477
0.0210328
0.0150841
1.76956
0.639496
0.220023
0.0365593
0.319708
1.67887
0.249069
0.0137051
0.0426878
0.00416155
0.206037
0.0476146
0.367207
0.0219168
0.432843
0.348846
0.399998
0.0222013
0.0406367
0.0955888
0.338664
0.409099
0.191493
1.98997
0.132942
0.0117127
0.296474
0.826901
0.114773
0.675352
0.0104367
0.0156085
0.297268
0.00264425
0.0112798
0.292189
0.0746993
0.0641966
0.0717751
1.76145
0.43272
0.229589
0.00810683
0.521938
0.182903
0.14283
0.147744
0.181866
0.00442376
1.0499
0.00403744
0.499673
0.556618
0.0192721
0.773353
0.215069
0.00250664
0.102585
0.0412625
0.0498646
0.12143
5.60965
0.00296884
0.0160762
0.27483
0.125067
0.0176992
0.0230653
0.0117655
0.0879686
0.234993
2.77273
0.00371971
0.246228
0.607655
0.00071202
0.89276
0.071769
0.00131784
0.49931
0.0186772
0.00787272
0.0402532
0.0240138
0.0230507
0.0930743
0.0199603
0.789301
0.429524
0.748759
0.230866
0.443363
0.122939
2.66866
0.611021
0.0805997
0.00176951
0.148368
0.160507
2.24649
0.0032276
1.47043
0.20619
0.168285
0.323152
0.0237514
0.011288
0.0928731
1.02918
0.0122687
2.64826
0.253822
0.0487074
0.00389308
0.0145832
0.0522498
0.626527
0.00650957
0.00464395
0.170336
0.00688539
0.082432
0.556432
1.98776
0.190486
0.00229464
0.0828376
0.0808314
0.580125
0.00194032
0.00738363
0.0139574
0.0121281
0.196681
0.0381244
3.22088
0.0110406
0.27512
0.00403789
0.163694
0.0348659
0.0613332
0.00285245
1.42651
0.248547
0.600463
2.0331
0.458743
0.0102122
0.590336
0.0137312
0.226969
0.00652582
0.00578815
0.00238355
0.00181772
0.107727
0.171498
0.310676
0.00443711
0.139185
0.102688
0.0656732
0.293028
0.326831
0.19826
0.0514978
0.0155748
1.33511
0.789452
0.00557604
0.00924234
0.0537811
0.181338
0.19471
0.115058
0.00219747
0.878096
0.159003
0.277994
0.19539
0.998522
0.0143712
0.299487
0.209521
0.251893
0.174998
0.178082
0.273774
0.0702911
0.28559
0.00943957
0.191275
0.017219
0.164949
0.325629
0.203406
0.0129969
0.0196452
0.0167183
0.0342858
0.0252929
0.133397
0.239924
0.245963
0.00687775
0.0269269
0.228118
0.040558
0.348946
0.182902
0.0224737
0.408545
0.123018
0.0888897
0.0645293
0.102512
0.0100229
2.95413
0.0552808
0.350958
0.217032
0.0164824
0.121603
0.229522
0.736688
0.582791
0.857577
0.583283
0.05822
0.252744
0.0573687
0.00808268
0.0405022
0.599759
0.0680151
0.120735
0.00108125
0.255375
0.0283879
0.147995
0.00787983
0.274839
0.00652518
0.0572466
3.32502
0.548084
0.140813
0.0139987
0.343697
0.00327917
0.489314
0.246852
0.37566
0.282005
0.00320961
0.147091
0.160174
0.113198
0.259237
0.128887
0.0216748
0.0268137
0.132863
0.231547
0.254247
0.144177
0.0697126
0.435618
0.017354
0.118442
0.081764
0.0139938
0.00622042
0.122933
0.204442
0.00805546
0.0425984
0.209247
0.0723871
0.00695615
0.390799
0.105538
0.0767039
0.130504
0.0170222
0.0558736
0.101233
0.0849276
0.245253
0.123624
0.0924529
0.00946567
0.313255
0.261675
0.157087
0.058547
0.742839
0.00560264
0.0222061
0.417633
0.460956
0.0752742
0.027174
0.042257
0.048617
0.0840152
0.00670651
0.155619
0.0672462
0.911314
0.0215746
0.000809353
0.182054
0.101839
0.109561
0.00923645
0.425183
0.0350074
0.0569732
0.324293
0.186087
0.0141075
0.508949
0.867568
0.142009
0.0365921
0.251668
0.0673893
0.00711871
2.59816
0.017634
0.264522
0.206975
0.69543
0.396642
1.71805
0.00212633
0.160774
0.26416
0.125461
0.0175806
0.138251
0.174217
0.0300329
0.0900874
0.610323
0.00875047
0.0470878
0.140554
0.209073
0.0819067
0.238904
0.173707
0.214412
0.724564
1.65897
0.467671
0.182192
0.0167076
0.215773
0.181525
0.0636521
0.550688
0.268757
0.0965511
0.0616726
0.235557
0.109556
0.0864008
0.192761
0.0807022
0.0235022
0.351301
0.401201
0.367658
0.0124697
0.0205376
0.0362506
0.218563
0.0964363
0.00302118
0.0605635
0.0191784
0.316338
0.00863131
0.593597
0.669686
0.0975742
0.040842
0.118859
0.114374
0.262555
0.626275
0.553926
0.0384143
0.0328112
0.283838
0.182369
0.07388
0.211185
0.00871862
0.0355757
0.943798
1.18483
0.736619
0.383202
0.0665482
0.152682
0.105157
0.206735
0.00316937
0.0307142
0.203518
0.431237
0.0124471
0.365671
0.00497733
0.0647921
0.157302
0.0600877
0.573591
0.372033
0.601673
0.25828
0.353842
0.326354
0.0214352
0.0202524
0.141908
0.0218475
0.132365
0.915808
0.49185
0.0891658
0.181294
0.123533
0.0170074
0.132761
0.123148
0.1193
0.0201036
0.0972835
0.0573996
0.0352584
0.121226
0.0587435
0.137785
0.0892061
0.10345
0.254341
0.478712
0.147294
0.422608
0.0941251
0.294778
0.505754
0.05551
0.090654
0.328119
0.0286177
0.00311738
0.0294014
0.528277
0.0125757
0.0900822
0.222588
0.0738381
0.480854
0.0274623
0.534717
0.263407
0.20283
4.71504
0.0505617
0.127009
0.231334
1.09097
0.120737
0.00506966
0.0286065
0.280089
0.156627
0.118894
0.131532
0.0460668
0.00921636
0.595931
0.439159
0.323617
0.139001
0.386112
0.496245
0.216291
0.0152695
1.90619
0.0802127
0.00863887
0.192545
0.114762
0.0464824
0.233204
0.130794
0.0840873
0.132707
0.0307307
0.0467842
0.6106
0.0257176
0.126235
0.0520976
0.0522929
0.100811
0.482033
0.399549
0.244554
0.0239387
0.565168
0.444157
0.245128
0.0222752
0.0562192
0.257631
0.0342649
0.852698
0.538625
0.131302
0.468932
0.43124
0.0677099
0.625635
0.00611121
0.125883
0.38015
0.714676
0.17112
0.00377478
0.111706
0.954326
0.206788
0.137403
0.00277799
0.11543
0.311953
0.0524134
0.405733
0.210565
0.515679
0.25146
0.0583846
0.229666
0.173228
0.16899
0.10009
0.00915314
0.00998605
0.355264
0.251686
0.0197477
1.35186
0.00240643
0.0596921
0.208212
0.0137627
0.0732358
1.31592
0.184648
0.482992
0.256892
0.0248002
0.0732993
0.230984
0.00404761
1.96081
0.361801
0.00192986
0.173035
0.303691
0.111485
0.259226
0.0341281
0.307245
0.0624231
0.0335075
0.323326
1.43114
0.00602665
0.174014
0.0118235
0.0157167
0.0682923
0.0114259
0.100765
0.138266
0.00480773
0.00512406
0.00512183
0.0100106
0.274871
0.798884
0.226027
0.655968
0.782686
0.00189928
0.107198
0.270548
0.151691
0.321852
0.0687525
0.126055
0.39235
0.362011
0.00453778
0.0295834
0.182595
0.574963
0.0152054
0.521165
0.526401
0.00169801
0.410101
0.602433
0.340096
0.15289
0.891751
1.21572
0.0692306
0.0812428
0.0246418
0.0177663
0.0121128
0.0332733
0.0127723
0.294651
0.398604
0.158228
0.0828115
0.00560133
0.00732758
0.565093
0.105346
0.573342
0.333209
0.430818
0.208769
0.0422677
0.00230016
0.394276
0.346671
0.0237977
0.605298
0.070296
1.11566
0.00677632
0.00477012
0.872387
0.0753387
0.0789809
0.165512
0.0030978
0.0452138
0.223053
0.627855
0.882513
0.011279
0.00598202
0.00659879
0.197023
0.402486
0.00270809
0.57217
0.0508495
0.362304
0.394742
0.44297
0.128694
0.00401254
0.00116903
0.00433934
2.28707
0.0062791
1.18717
0.47714
0.0588357
0.318498
0.321657
0.008429
0.00981012
0.0019751
0.00989619
0.270117
0.27256
0.379342
0.372681
0.91824
0.425157
0.00860257
0.725297
0.139071
0.302636
0.06274
0.173658
0.0360931
0.199222
0.179225
0.325699
0.0268375
0.884346
0.187853
0.186194
0.181678
0.0614236
0.00290262
0.0513134
0.0226019
1.10724
0.327276
0.235644
0.415034
0.159515
0.220774
0.257782
0.46138
0.251076
0.300359
0.662002
0.264455
0.165171
0.205308
0.256066
2.35987
0.104485
0.241101
0.111991
0.0213667
0.197492
0.00657292
0.00164637
0.0269388
0.00064658
0.335801
0.422723
0.5069
0.427055
0.0973957
0.0867121
0.333212
0.162882
0.0496871
0.381727
0.133881
1.23655
0.00342157
0.204651
0.0247679
0.0760239
0.234975
0.193614
0.340124
0.272443
0.110659
0.29486
0.0210694
0.382795
0.161565
0.0022708
0.0404894
0.214993
0.0123409
2.33526
0.412625
2.59154
0.0233594
0.0198964
0.485856
0.442107
0.00133538
0.0383657
0.3657
0.0286259
0.153002
0.00785832
0.00193958
0.113255
0.433686
0.331841
0.159993
0.17446
0.0114764
0.130344
0.0268637
0.180937
0.305776
0.00919938
0.252922
0.115798
0.277976
0.182275
0.0826486
0.159169
0.181733
0.276446
0.0528852
0.195297
0.057187
1.1966
0.400298
0.278957
0.00893697
0.00628313
0.0149199
0.137348
1.02371
0.226797
0.0639193
0.0920052
0.190789
0.0181211
0.0781429
0.288898
0.201746
0.506806
0.869696
0.00773532
0.0102778
0.00217526
0.00611827
0.0360292
0.0114411
0.294451
0.0385249
0.412553
0.597712
0.272855
0.0777347
0.276538
0.466037
0.698312
0.0756796
0.515245
0.149923
0.42586
0.0847554
0.0264887
0.218035
2.17699
0.00618327
0.0298444
0.260421
0.504155
0.00445351
0.252285
0.130001
0.133699
1.26714
0.261814
0.00624854
0.0257908
0.274363
0.0969076
0.23987
6.45265
0.366836
0.14536
0.0599539
0.0945903
0.362344
0.0218617
0.0303041
0.549289
0.251914
0.143363
0.0511332
0.0128965
0.908644
0.0845391
0.0205639
1.17294
0.0175512
0.174793
0.025653
0.140035
0.269133
0.00302806
0.00315446
0.287181
0.138271
0.577211
0.174927
0.0704628
0.0396169
0.0102233
0.729994
0.166861
0.0117699
0.279348
0.110295
0.0457882
0.0131797
0.165793
0.0693638
0.288768
4.31843
0.0149332
0.00892369
0.404322
0.193091
0.203779
0.00794692
0.0175066
0.130769
0.325834
0.00341016
0.0141044
0.0189596
0.00570144
0.014622
0.481731
0.29393
1.10373
0.407118
0.102932
0.029439
0.105464
0.00887274
0.0999873
0.497302
0.00323998
0.736482
0.0460158
0.362479
0.772096
0.00844263
0.00767362
0.409275
0.0138599
0.250521
0.00400206
4.01913
0.671734
0.179543
0.271983
0.0173953
0.124837
0.00946373
0.00471177
0.00503096
0.0351545
0.0113144
3.31131
0.31725
0.0237975
0.134181
1.22742
0.00610342
1.78229
0.0704101
0.189696
0.140388
0.369371
0.0332903
0.123841
0.00440466
0.2625
2.99109
0.00618799
0.0216652
0.0185291
0.148757
0.00412739
0.151452
0.0140102
0.00421782
0.260381
0.00968004
0.0250127
2.74652
0.149481
0.262804
0.0220912
0.250237
0.274887
0.0155618
3.38756
0.0111824
0.244643
0.0058185
0.678725
0.683616
0.216188
0.346459
0.195782
0.00133429
0.0745231
0.287781
0.24819
0.254968
0.00574907
1.13952
0.0403436
0.0036532
0.00496366
0.501575
0.286259
0.00411871
0.0741518
0.19657
1.02513
0.0152469
0.0408884
0.0284176
0.198417
0.106758
0.00633022
0.0190369
0.393667
1.07249
0.138195
0.117245
0.0482271
0.0679109
0.0423861
0.548947
0.0717006
0.0245323
0.423364
0.00500036
0.0368362
0.115
0.217236
0.768889
0.0270927
0.145553
0.0226608
0.137832
0.0151222
0.00160158
0.00336652
0.0845428
0.880292
0.0728672
0.00207115
0.368305
0.129322
0.493656
0.00666648
0.0448524
1.06991
0.00158382
0.445198
0.00842923
0.175258
0.898043
0.0792104
0.35649
0.00523789
0.0311251
0.27416
0.124933
0.0214652
0.0204075
0.033803
0.0131305
0.162858
0.0559056
0.126841
0.105331
0.0516728
0.00958701
0.0712497
0.388856
0.111898
0.0106152
0.234219
0.00385093
0.0232848
0.00950388
0.141065
0.00543611
0.760708
0.0503004
0.0100733
0.163515
0.29691
0.00112045
0.364894
0.24096
0.00386626
0.00810839
0.257097
0.0784853
0.0234497
0.00288838
0.0901463
3.97363
0.0074311
0.00572496
0.00834122
0.0225637
0.00419625
0.215024
0.0163124
0.00648934
0.123246
0.0202052
1.0747
0.0191049
0.532153
0.453616
0.851209
0.581413
0.00593117
0.0511597
0.858655
0.00830358
0.0223015
0.0169694
0.0114173
0.017249
0.00828297
0.21669
0.54568
0.00268702
0.314541
0.0176175
0.0013888
0.00213924
0.0210913
0.00761039
0.331157
0.0149352
0.00437895
0.00218955
0.975683
0.00396169
0.0343271
0.020352
0.542706
0.00227335
0.0736946
0.03244
0.0213992
0.0355727
0.0105843
1.3865
0.00219865
0.00341052
0.00205671
0.0489536
0.0655773
0.0931236
0.0558817
0.0217558
0.0217468
0.0102181
0.0150665
1.47278
1.24271
0.0029735
0.0735792
0.19966
0.00775914
0.127342
0.599125
0.00421024
0.00111103
0.00670793
0.00512478
0.0841622
0.0619628
0.165459
0.162079
0.0129788
0.0552495
0.0852483
0.0575839
0.485224
0.293885
0.967984
0.045438
0.0697518
0.0961014
0.485419
0.00803651
0.470466
0.145607
0.110807
0.186778
0.00633846
0.0456948
0.819138
0.093936
0.533585
0.134212
0.866084
0.0182338
0.392969
0.300992
0.161797
0.0367672
0.129378
0.0239576
0.0120115
0.0225057
1.0916
0.118804
0.0369847
0.509874
0.0143028
0.365398
0.427565
0.04585
0.81073
0.0760512
0.0177272
0.255988
0.11283
1.01734
0.112699
0.0975412
0.0855803
0.196376
0.311676
0.256808
0.0174722
0.255478
0.0266887
1.74354
0.00677687
0.359297
0.311912
0.231369
0.216853
0.0580968
0.010479
0.808223
0.859743
0.0191488
0.185161
0.259683
0.0150294
0.00683004
0.157563
0.142723
0.701243
0.126706
0.0119195
0.195751
0.00562239
0.223728
0.576544
0.176161
0.15947
0.103809
0.0793247
0.117363
0.0558107
0.0315064
0.368951
0.0390381
0.685769
0.0181611
0.0810843
0.276632
0.0500048
0.524161
0.0870959
0.568074
0.0295241
0.10288
0.40128
0.304495
0.029551
0.0642584
0.0588123
0.421433
0.0366699
0.0106752
0.0273233
0.00649356
0.288279
0.034278
0.0225133
0.0385186
0.0238325
0.0435111
0.595449
0.201021
0.980286
0.00563431
0.0659303
0.20956
0.193517
0.343986
0.241259
0.0514533
0.0316861
0.644232
0.00529561
0.0213708
0.143905
0.00197157
0.233068
0.0323143
0.212119
0.176006
0.0991104
0.010789
0.680329
0.19272
0.47497
0.100042
0.300347
0.248421
0.201003
0.195774
2.20118
0.0134587
0.12135
0.234794
0.807501
0.00410695
0.183419
0.201542
0.0547134
0.0042775
0.255159
0.0364851
0.0411261
0.452884
0.0898397
0.360244
0.010363
0.0201592
0.424662
0.0745467
0.245422
0.946893
0.0149838
0.0577452
0.271375
0.288169
0.614087
0.0497866
0.338592
0.102826
0.175239
0.0187607
0.644136
0.283346
0.676715
0.0703629
0.0247012
0.135785
0.228649
0.203911
0.0151191
0.40181
0.0160847
0.00825926
0.0183923
0.123634
0.0173611
0.214969
0.0822737
0.0483841
0.182408
0.0402596
0.00128885
0.395994
0.00578402
0.0282973
0.0336471
0.00901037
0.392979
0.0045018
0.586633
0.393926
0.0667821
0.55813
0.0922216
0.298039
0.139132
0.0127159
0.321523
0.794032
0.173993
0.217875
0.0945038
0.208666
0.487014
0.00969328
0.185403
0.0163634
0.537987
0.285207
0.00738744
0.0188456
0.00857132
0.363529
0.268787
0.0817936
0.400748
0.00634458
0.00059831
0.125974
0.0953818
0.117448
0.125782
0.192911
0.517828
0.433592
0.263619
0.408811
0.298324
0.370108
0.495188
0.288905
0.194211
0.272164
0.0453371
0.18982
0.0770808
0.161784
0.393243
0.254685
0.0674012
0.527968
0.20874
0.0180233
0.00192647
0.0734321
0.320482
0.151246
0.342385
0.730486
2.24051
0.0695843
0.0116122
0.690094
0.506031
0.00502298
0.111581
0.182909
0.290244
0.0753892
0.0408526
0.376003
0.0133323
0.21433
0.0224151
0.0118306
0.304625
0.210869
0.00801125
0.131835
0.189526
0.345825
1.6307
1.20599
0.144888
0.189633
0.0553615
0.547681
0.0132663
0.441801
0.298868
0.07369
0.050014
0.458445
0.162337
0.189185
0.131205
0.211252
0.647611
1.90811
0.00504228
0.0823732
0.00976929
0.318307
0.396815
0.93329
0.0411693
0.115966
0.128519
0.158732
0.192376
0.0197889
0.0214482
0.175844
0.0835143
0.0303473
0.0164317
0.00680955
0.0630589
0.19202
0.0100244
0.117984
0.0502136
0.286455
0.109443
0.293328
0.180659
0.158988
0.0870599
0.100662
0.0317986
0.121209
1.25593
0.675288
0.169438
0.777653
0.0633118
0.200819
0.12102
0.0858107
0.0195071
0.00334618
0.0125775
0.32668
0.0167451
0.00236032
0.00954505
0.317746
0.000574019
0.307902
0.0794205
0.282386
0.01584
0.0154337
0.0234369
0.353651
0.0183522
0.00143951
0.00129425
1.08264
0.170981
0.0132698
0.0143417
0.0146861
0.0904393
0.239477
0.00861531
0.1442
0.188703
0.0202675
0.092524
0.0467683
0.808813
0.0635578
0.307578
0.142746
0.0109614
0.155988
0.225149
0.0138971
0.000464209
0.612954
0.196429
0.337925
0.14869
0.042219
0.00181011
0.0520727
0.00164231
0.398045
0.00635529
0.00591486
0.0159811
0.924929
0.21571
0.824735
0.00959045
0.0260843
0.0186417
0.0120965
0.0249598
0.454889
0.210493
0.0221987
0.373095
0.424362
0.658222
0.246234
0.010794
0.013123
0.0586966
2.79748
0.265354
0.149503
0.0440143
0.0178347
0.00195767
0.235479
0.0758346
0.0389732
0.181296
0.504223
0.0836877
0.75415
0.578992
0.237248
0.0188235
1.45874
0.12724
0.0142753
0.113271
0.0104228
0.0083146
0.309771
0.16381
0.0117883
0.0253199
0.00741721
0.220834
0.00561471
0.231316
0.0842588
0.311279
0.402617
1.34088
0.186115
0.0804594
0.00643822
0.0109479
0.00308696
0.136304
0.00537307
0.340431
0.192665
2.89412
0.00425099
0.189477
0.161983
0.0287121
0.00786286
0.0389428
0.1008
0.196378
1.97561
0.129996
0.00920114
0.0468325
0.0194806
0.0155273
1.71619
0.119334
0.00196776
0.0354731
0.0150886
0.18279
0.133511
1.81861
0.00277674
0.0202968
0.222868
0.00696081
0.160006
0.158336
0.0105975
0.00614748
0.0259258
0.124547
0.133769
0.116831
0.0603717
0.00392995
0.233358
0.0940796
0.0680511
0.182595
0.0803275
0.223726
0.0107503
0.0783913
0.0165318
0.0436005
0.00586498
0.00368888
0.0977416
0.0411047
0.191946
0.398617
0.0348724
0.0102548
0.273024
0.013831
0.00294266
0.434503
0.00764304
0.00557248
0.250469
0.00119871
0.117258
0.0407486
0.395238
0.162325
0.0429336
0.0180943
0.0958098
0.374961
0.0364538
0.000577339
0.937548
0.0847887
0.0361148
0.0141865
0.0342413
0.364861
0.178699
0.0176711
0.460087
0.0159523
0.411444
0.0975343
0.0525858
0.144978
0.0608084
0.243375
3.69563
0.529174
0.20239
0.0838935
0.0199761
0.340615
0.807316
0.327459
0.219781
0.00602009
0.135063
0.0435709
0.519322
0.62128
0.984548
0.0821577
0.0367172
0.404504
0.143649
0.0298807
0.00547206
0.759475
0.00735006
0.291907
0.0305709
0.200359
0.453928
0.00781604
0.318033
0.320722
0.328346
0.161024
0.106974
0.00510903
0.354561
0.197883
0.0523714
0.56451
0.00130403
0.243288
0.185896
0.00174457
2.34411
0.00203446
0.0339352
0.251053
0.00479522
0.00505841
0.365286
0.0878336
2.60462
1.51249
0.0118883
1.27248
0.126961
0.212225
0.00964278
0.0117912
0.023133
0.00471268
0.0862929
0.151691
0.0559894
0.0161659
0.413316
0.092207
0.782618
1.25638
0.233146
0.0291794
1.48894
0.158005
0.396504
0.0246309
0.00229938
0.0393613
0.0635427
0.0497253
0.00894609
0.001168
0.0142279
0.368871
