0.00171255
0.00302079
0.000582336
0.00170395
0.00124448
0.00143688
0.00609622
0.00064266
0.00118952
0.000779517
0.00231578
0.000724018
0.0121483
0.000688133
0.00178269
0.00133003
0.000489323
0.000618275
0.00373327
0.00522043
0.00186303
0.0060489
0.000562297
0.00311229
0.00172521
0.00232038
0.000982938
0.00558458
0.00133906
0.00136762
0.00983982
0.000288927
0.00421289
0.00382462
0.000979306
0.00459857
0.00236514
0.0019081
0.00449597
0.00677572
0.0022886
0.00403447
0.00632522
0.00304876
0.00377665
0.00603784
0.00268861
0.0058211
0.000373692
0.00362812
0.00235656
0.00378894
0.143648
0.000840049
0.00590154
0.00427153
0.0015377
0.0022323
0.000248599
0.0035428
0.00188292
0.00140121
0.00552309
0.00107495
0.00300094
0.00240808
0.00226441
0.000725001
0.00045785
0.00173044
0.00173718
0.00524581
0.0023844
0.0056051
0.00381965
0.000562672
7.51739e-05
0.000683427
0.00310568
0.00139203
0.00402745
0.00453917
7.25211e-05
0.000546447
0.00647361
0.00422609
0.00137217
0.00183594
0.00585099
0.00409834
0.00136656
0.00183357
0.00867345
0.0035988
0.000597338
0.001311
0.0028191
0.00354005
0.00471952
0.00680851
0.000734338
0.00665073
0.00796288
0.00781188
0.00137131
0.00133222
0.000914639
0.00219149
0.000776081
0.0135684
0.00843646
0.00152721
0.000763605
0.00085157
0.00319884
0.00202835
0.00302913
0.00233275
0.00172309
1.53932e-05
0.000899046
0.00195223
0.00259738
0.00240891
0.000613802
0.00174556
0.00345611
0.00302382
0.00482299
0.00327945
2.66127e-05
0.00920336
0.00798237
0.00117663
0.00158384
0.00112687
0.00302878
0.00103477
0.00347594
0.00272883
0.00527904
0.00206898
0.00224766
0.00076108
0.00131461
0.0027689
0.000232168
0.000616098
0.00391119
0.00147463
0.000512104
0.00350964
0.000312523
0.00722862
0.00502057
0.000788529
0.00135226
0.000309318
0.00113447
0.00733181
0.00533888
0.00331314
0.00303502
2.39573e-05
0.00829012
0.000753303
0.00926699
0.000317621
0.00834172
0.00228036
0.000972728
0.000364791
0.00473555
0.00339552
0.00332615
0.000640382
0.00193198
0.000731727
0.000234461
0.00298996
0.000580472
0.00169424
0.00374763
0.000482851
0.00327679
8.14248e-05
0.000645285
0.000317612
0.00235923
0.0030388
0.00541393
0.00115523
0.00421982
0.0025568
0.00452966
0.000704908
0.00308046
0.00386182
0.00620385
0.0011165
0.0030355
0.00168686
0.014799
0.00129846
0.00316989
0.00413234
0.0017185
0.00227954
0.000812619
0.000586635
0.00198019
0.00268985
0.00310885
0.00713934
0.00595661
0.000777431
0.0136722
0.00117876
0.00139795
0.000943614
0.00213175
0.00206649
0.00143201
0.00279628
0.00189681
0.0025874
0.00320157
0.00114687
0.000269322
0.00296071
0.00152637
0.00301181
0.00138796
0.000354517
0.000709298
0.00151992
0.0063557
0.00376802
0.00106235
0.00029275
0.00764267
0.00297803
0.00220768
7.06872e-05
0.00167085
0.00244686
0.00476881
0.00631535
0.00429787
0.011426
0.00347069
0.00103432
0.00177743
0.00673636
0.000868497
0.00754082
0.0074159
0.000603432
0.00269442
0.00142307
0.00124191
0.00327479
0.00312375
0.00327109
0.0027223
0.000660507
0.00190946
0.0028801
0.00293412
0.00435979
0.00447926
0.00118269
0.000468434
0.00206066
0.00366508
0.0325434
0.0028297
0.00818378
0.00255516
0.00475232
0.00334173
0.00498905
0.00113257
0.0050893
0.000247105
4.22353e-05
0.00508545
0.000952359
0.00101651
0.00829179
0.00325267
0.000626476
0.000942801
0.00150021
0.00328343
0.0085522
0.00309695
0.00137361
0.00508551
0.000810123
0.00332665
0.00449123
0.00345589
0.00983267
0.00131164
0.00684992
0.0119924
0.00235937
0.00320253
0.00123594
0.00601297
0.00245288
0.000441511
0.00110221
0.000960269
0.00705713
0.00187367
0.000598753
0.0005244
0.0140977
0.000556939
0.00648952
0.002639
0.00142256
0.00641706
0.00515563
0.00128498
0.000380248
0.00611196
0.000633111
0.00392145
0.00345813
0.000245335
0.0030132
0.00500773
0.00283714
0.0011487
0.0067411
0.00145507
0.00408045
0.00196834
0.00328098
0.00104481
0.000691464
0.00214597
0.00244844
0.00826696
0.000431407
0.00119418
0.00412892
0.00446501
0.00306442
0.00447992
0.00400394
0.00304918
0.00346013
0.00049555
0.00160662
0.00333424
0.00364581
0.00192327
0.00121423
0.00248876
0.00619203
0.000412478
0.000884727
0.00173489
0.00563943
0.000620054
0.00454599
0.000394338
0.000869869
0.00114556
0.00455502
0.00125066
0.00448327
0.00197506
0.00119569
0.00284844
0.00214178
0.00159417
0.00317446
0.000285112
0.000555262
0.00188584
0.00158438
0.00161922
0.00466556
0.00611785
0.00329299
0.00122331
0.00416134
0.0021383
0.00220021
0.00638056
0.00503775
0.000743209
0.0035776
0.0014344
0.00260889
0.00262449
0.00421762
0.0013461
0.00143793
0.00529072
7.62351e-05
0.0013178
0.00405839
0.00198723
0.00111325
0.000253518
0.00152281
0.00240537
0.00540544
0.00101168
0.000792446
0.00476434
0.0119163
0.00944861
0.000925813
0.0094875
0.00248738
0.00189673
0.00144506
0.00295053
0.00715231
0.00291207
0.00527973
0.00217299
0.0104688
0.000753415
0.00252392
0.00139977
0.00218857
0.00168253
0.00211198
0.00300622
0.00279399
0.00385037
0.00118004
0.000727778
0.00091596
0.00251383
0.00105708
0.00364484
0.00142356
0.000854328
0.0062117
0.00407209
0.00193993
0.00540069
0.00258936
0.000894913
0.00460333
0.00489219
0.00448181
3.29133e-06
0.00325611
0.00118852
0.000877036
0.00439482
0.0021214
0.00197438
0.00285741
0.00307293
0.00315471
0.00555969
8.84352e-05
0.000348272
0.00313543
0.00206977
0.0081511
0.000586868
0.00411974
0.0029015
0.00110692
0.000455057
0.00358903
0.000147103
0.00505847
0.00278442
0.00334075
0.00814141
0.0012013
0.00690452
0.00522825
0.001524
0.00383107
0.000157951
0.00583972
0.000179693
0.00171212
0.000460957
0.00460578
0.00145205
0.00367367
0.00392892
0.0241379
0.00553376
0.0013758
0.00123919
0.00503134
0.00684579
0.000634673
0.00678526
0.000961562
0.00531433
0.00248832
0.00143167
0.000714685
0.0024091
9.77231e-05
0.0016044
0.00622618
0.00275982
0.00269713
0.00549036
0.00042972
0.00240875
0.000722188
0.0008195
0.00257582
0.00291741
0.000900152
0.00202955
0.0035599
0.00411925
0.00234357
0.00190208
0.00188966
0.0034246
0.00227005
0.00501825
0.00464898
0.00534899
0.0100569
0.00185995
0.00362322
0.00395634
0.000940469
0.00171064
0.000939032
0.00422751
0.00268946
0.00138566
0.000986781
0.00408059
0.00197739
0.00531367
1.71026e-05
0.000707663
0.00502944
0.00165655
0.00455289
0.00112976
0.00702767
0.00570576
0.00073253
0.00302551
0.00281009
0.00233368
0.00856919
0.00429029
0.0020658
0.00432597
0.000706417
0.00459087
0.00338057
0.00122271
0.00250391
0.00233628
0.000770496
0.00693198
0.00546108
0.00431167
0.000400646
0.00923702
0.00891414
0.00116967
0.00198284
0.00292225
0.0113811
0.00274151
0.00341634
0.0137694
0.00318101
0.00351675
0.00576158
0.00915411
0.00846818
0.00123004
0.00274391
0.0011922
0.00217687
0.00216471
0.000121733
0.0028409
0.00189434
0.00452921
0.000142969
0.00269854
0.00396423
0.00357553
0.00161581
0.00388323
0.000845679
0.000535324
0.00219975
0.00360361
0.00141608
0.000764178
0.000523327
0.00355668
0.000356223
0.00271804
0.00100164
0.00742345
0.00353473
0.00122157
0.000539982
0.00575705
6.29342e-05
0.00287075
0.00468226
0.000948271
0.00209046
0.00209356
0.000994118
0.00140529
0.00251624
0.00249861
0.00313637
0.00144787
0.00723813
0.0048335
6.23462e-05
0.00441646
0.0013689
0.00414611
0.00408457
0.00155827
0.00430676
0.00348963
0.00474365
0.00262403
0.00366338
0.000817704
0.00108082
0.000694478
0.00132439
0.00257847
0.00165817
0.000679335
0.00348256
0.00330257
0.00345927
0.00819968
0.00352584
0.00284305
0.00119571
0.00135391
0.00625565
0.000397035
0.00511059
0.00261934
0.00924183
0.0040569
0.00221998
0.00103223
0.00232986
0.0026192
0.00500841
0.0062731
0.0127288
0.00668432
0.00327282
0.000312885
0.00141779
0.000805745
0.0019375
0.00709222
0.000851129
0.00472908
0.00343558
0.000914707
0.000107896
0.00187355
0.00300392
0.00295983
0.00291915
0.00141544
4.75239e-05
0.00297134
0.00105178
0.000879501
0.00166398
0.000609206
0.000317739
0.0036738
0.00601106
0.00657706
0.00146231
0.00245321
0.00253569
0.00514509
0.000388249
0.00429634
0.00401853
0.00562708
0.00356621
0.00122863
0.00221794
0.000936975
0.00498829
0.00408845
0.00278299
0.00182987
1.85768e-05
0.000703846
0.00819916
0.00279788
0.00562216
0.00125869
9.19316e-05
0.00360136
0.00473994
0.00236685
0.00524658
0.00287459
0.00609701
0.00116424
0.0032234
0.00701272
0.00206464
0.0023737
0.0121773
0.00512843
0.000247836
0.0082964
0.000159944
0.00562998
0.00108662
0.00657506
0.00139322
0.00173807
0.000377704
0.00519189
0.00113797
0.00172344
0.00706432
0.00180505
0.000820399
0.00136556
0.000488717
0.00112285
0.00135882
0.00811538
0.00979311
0.000574899
0.000368485
0.00273383
0.00184863
0.00527502
0.0010103
0.00335094
0.00208677
0.000714283
0.00255246
0.000736682
0.00332074
0.00112168
0.00182173
0.00493251
0.00150811
0.00356662
0.00346415
0.000660267
0.000456664
0.00251199
0.00278314
0.00308158
0.00349213
0.00116681
0.00253255
0.0110583
0.0109197
0.00889931
0.000132961
0.00903513
0.00155485
0.00663299
0.00123418
0.00043899
0.000163731
0.000558581
0.011121
0.00241418
0.00533299
7.4536e-05
0.000106788
0.00051897
0.000829185
0.00841399
0.00104431
0.00148654
0.00115058
0.00314063
0.00157908
0.00835942
0.00208894
0.000694516
0.00702115
0.00329668
0.00127004
0.00143274
0.00491765
0.0164229
0.00778246
0.0043993
0.00200454
0.000136656
0.00302408
0.000468694
0.00197282
0.000691979
0.00156813
0.00167257
0.00822057
0.00396991
0.0114513
0.00163301
0.00211396
0.00227605
0.000647506
0.000955085
0.000558927
0.000831911
8.30164e-05
0.00253737
0.000785415
0.00325701
0.00093334
0.00243677
0.00596159
0.00368065
0.00725775
0.00325008
0.0103324
0.00099323
0.00219644
0.00817115
0.00383375
0.00214442
0.0033891
0.0044571
0.00214466
0.00294026
0.0041628
0.00275889
0.00749397
0.000660477
0.00195096
0.000668397
0.00383272
0.00203596
0.00401303
0.00119687
0.00430806
0.00466797
0.00323573
0.000121746
0.00246455
0.00298073
0.000361654
0.00356487
0.000365741
0.0037712
0.00247083
0.00611385
0.00446737
0.010307
0.00124785
0.00695126
0.0100919
0.00384085
0.00226283
0.0053004
0.00154012
0.00148955
0.00200391
0.00420452
0.00143395
0.00245428
0.0010056
0.00188062
0.00307975
0.00556509
0.000240722
0.00315622
0.00101768
0.00375387
0.00266681
0.00597215
0.00199507
6.59552e-05
0.000897297
0.00269677
0.00740672
0.00255778
0.00116431
0.000476415
0.00327722
0.00204982
0.00605674
0.00346843
0.000254742
0.00333255
0.00126209
0.00246507
0.00635689
0.00318691
0.00511455
0.0080674
0.0063924
0.00043011
0.000323795
0.000672364
0.000863739
0.000472124
0.00325424
0.00256142
0.002122
0.00372407
0.00350069
0.00196567
0.00718785
0.000586758
9.23699e-05
0.00138524
0.00104085
0.00323141
0.00564615
0.00380925
0.00470905
0.00397251
0.00371311
0.00309723
0.00728747
0.00356764
0.0041897
0.00280196
0.000122211
0.000127171
0.00304777
0.00228025
0.000313522
0.0037362
0.00448187
0.000834775
0.002085
0.00132902
0.000792504
0.000446896
0.00417182
0.00248306
0.000721468
0.00182175
0.00108518
0.00201555
0.00285826
0.00381732
0.00368732
0.0050922
0.00239308
0.00911946
0.00256325
0.000700078
0.00124973
0.0057368
0.0036019
0.00133116
0.00228901
0.0010903
0.00121495
0.00740218
0.00161008
0.00193722
0.00141373
0.000677069
0.00202788
0.00446443
0.00475621
0.00277497
0.0107769
0.00439268
0.00407386
0.00249326
0.000339389
0.00552292
0.000592956
0.00192505
0.000254349
0.00163705
0.00271395
2.66741e-05
0.00248821
0.0016986
0.00205418
0.00567918
0.000754451
0.00299453
0.00476019
0.00456358
0.000505351
0.00442526
0.00275196
0.000183512
0.00428267
0.00371547
0.00193274
0.00479563
0.00211447
0.00506221
0.000943764
0.00190016
0.000471625
0.00188074
0.0037838
0.000249762
0.000614253
0.000211429
0.00200104
0.00245922
0.00576733
0.006321
0.00256821
0.00251652
0.00308849
0.00251385
0.00323786
0.00208913
0.00288571
0.00253333
0.00448329
0.00458322
0.00208722
0.0214021
0.00262899
0.00528742
0.000298698
0.00171886
0.000449921
0.00207937
0.00243691
0.000133948
0.00221975
0.0137126
0.00267639
0.000568503
0.00284279
0.00338543
0.00157608
0.00591031
0.0022479
0.000419473
0.00623357
0.00551431
0.00298945
0.00457159
0.000197025
0.00280292
0.0035672
0.000426253
0.00302613
0.00453148
0.00123706
0.00010664
0.00434904
0.00391743
0.00246453
0.00374783
0.0043011
0.00242527
0.00293696
0.0021624
0.00230802
0.00205835
0.00261399
0.00117165
0.00528516
0.00023257
0.000260569
0.00190231
0.0296055
0.00257731
0.00613147
0.00794769
0.000148228
0.000545785
0.00175657
0.00157654
0.00237329
0.00350027
0.000224128
0.00421531
0.00511911
0.00416441
0.00284415
0.00305342
0.00310297
0.00284897
0.0035027
0.00462953
0.00337354
0.00240443
0.00156926
0.0044575
0.00965951
0.00464908
0.00147838
0.00272466
0.00495154
0.000178092
0.0050626
0.00112836
0.00202566
0.00859939
0.00165828
0.00039116
0.00193437
0.00835911
0.00713088
0.00697271
0.00998973
0.00707496
0.00169707
0.00516311
0.00804696
0.00377704
5.96519e-05
0.000123129
0.00795959
0.000520191
0.00439695
0.000501402
0.0010219
0.00114479
0.000932833
0.00596112
0.00923093
0.000730387
0.00489013
0.00364871
0.0163347
0.00241137
0.0086786
0.00138765
6.86866e-06
0.00152719
0.00148905
0.000843348
0.00390654
0.00427708
0.0042433
0.00262987
0.00475377
0.00193099
0.00458159
0.00547277
0.00287383
0.00261659
0.00673664
0.005835
0.00292191
0.00190474
0.0030301
0.0029757
0.00560612
9.10446e-05
0.00466224
0.00039925
0.00517685
0.00182146
0.00479764
0.00378983
0.0028891
0.00233906
0.000566517
0.0102057
0.000358229
0.00241484
0.000374313
0.000226477
0.00258906
0.00268037
0.00656412
0.00219684
0.000788545
7.86037e-05
0.00486281
0.00836574
0.00552432
0.00170914
0.0033929
0.0073343
0.00182024
0.00219619
0.0051784
0.00153292
0.00500307
0.00693529
0.0030996
0.0049424
0.00736484
0.000227289
0.0033209
0.00122937
0.00146474
0.00509804
0.00494273
0.0034141
1.60562e-06
0.00214691
0.00916319
0.0041298
0.00747046
0.00249189
0.000516207
0.000100729
0.00302673
0.000259213
0.00607504
0.00368579
0.000603421
0.00349655
0.000276939
0.00168573
0.0122662
0.00202183
0.0023791
0.00469062
0.00115805
9.79472e-05
0.00247766
0.00392122
0.000654728
0.000977116
0.000527023
0.00192568
0.00273652
5.92066e-05
0.000350645
0.0033829
0.00171045
0.000864571
0.00383155
0.00354326
0.00112003
0.00295446
0.000455527
0.00730044
8.98369e-05
0.00238342
0.00571534
0.00111751
0.000831441
0.00837739
0.00295166
0.000520176
0.006962
0.00155922
0.00480318
0.000232145
0.00466629
0.0023666
0.00436301
0.000553307
0.00270925
0.00187552
0.00183593
0.00106165
0.00466045
0.00186881
0.00123184
0.00675777
0.00255654
0.000180144
0.00415956
0.00343143
0.00816223
0.00262902
0.00123085
0.00234488
0.0030535
0.0026382
0.0029804
0.00198349
0.00126426
0.00195609
0.00496664
0.00250236
0.00383088
0.0034807
0.00396054
0.000615872
0.00261992
0.0010455
0.000335905
0.00334143
0.00420711
0.00909084
8.48145e-05
0.00051529
0.00196481
0.00409414
0.00194811
0.000561352
0.00188486
0.000878031
0.000225032
0.00516008
0.002373
0.0140359
0.000878715
0.00012862
0.00289226
0.00189235
0.00242515
0.00267281
0.00266225
0.000559921
0.00254939
0.00272636
0.00266901
0.00855489
0.00178277
0.00350579
0.00192489
0.00181255
0.00705532
0.0025642
0.000127384
0.000347631
0.00480802
0.00276363
0.000342531
0.00231646
0.000371619
0.00187229
0.00191481
0.00249967
0.00348577
0.00130301
0.00155658
0.00471757
0.00372858
0.00109342
0.0024639
0.00126823
0.00462062
0.00121306
0.000754681
0.0038413
0.00256785
0.000130719
0.00466516
0.00266687
0.000350474
0.00402362
0.00273326
0.00184812
0.00231688
0.00674632
0.00120033
0.00315548
0.00175122
0.00290795
0.000673408
0.00104533
0.00540296
0.00511861
0.00285375
0.00556758
0.00225623
0.00805175
0.00219514
0.000131162
0.00289216
0.00161626
0.000227101
0.00466528
0.00344587
0.00440683
0.00552892
0.0011989
0.00411642
0.00579105
0.000107594
0.00442053
0.0108944
0.00385715
0.000814201
0.00174941
0.00190406
0.00438778
0.00289309
0.00427554
0.000216799
0.00326732
0.00111599
0.00123296
0.00284848
0.00501064
0.00077148
0.00880259
0.000226424
0.00371406
0.00137237
0.00624711
0.000358952
0.00142627
0.00388732
0.00145463
0.000826784
0.00122829
0.00114509
0.00155314
0.00166182
0.000905566
0.00394799
0.00252816
0.00188491
0.00102996
0.000593544
0.00141377
0.00159905
0.0025163
0.000137278
0.00437919
0.00494872
0.00140224
0.00155101
0.00193265
0.00086827
0.00234307
0.00380045
0.000484161
0.00300438
0.00547941
0.00144657
0.00332933
0.00826482
0.000294154
2.41136e-06
0.00243499
0.00476481
7.00085e-05
0.00211739
0.0013274
0.00434603
0.00232295
0.000194289
0.004445
0.00449172
0.00517549
0.000621903
0.00333584
0.00178148
0.00922011
0.00203074
0.00125778
0.00156377
0.00149226
0.00102976
0.00167255
0.00122471
0.00152847
0.00356406
0.00220756
0.00144787
0.000915241
0.00526256
0.00241048
0.00284903
0.00291645
0.00243064
0.00114734
0.00590416
0.0122032
0.00243929
0.00955022
0.00384325
0.00617154
0.00309297
0.00285366
0.00642096
0.00141287
0.0084661
0.00862634
0.00220637
0.00135119
0.00180035
0.00401783
0.000609689
0.0049951
0.00370986
0.00563092
8.76418e-05
0.00290204
0.000673204
0.0026163
0.000723788
0.0021764
0.00355727
0.000886789
0.000902033
0.000649938
0.00536914
0.00478415
0.00175885
0.00539502
0.00123876
0.000349588
0.00288434
0.00223397
8.2352e-05
0.0053093
0.00597349
0.000776398
0.00734677
0.00383423
0.000502106
0.00283525
0.000696577
0.000632959
0.00194271
0.00054839
0.00134124
0.00186734
0.0028659
0.00135259
0.000395067
0.000128064
0.00172027
0.00197107
0.00421934
0.000892171
0.00541126
4.64278e-05
0.00549467
0.000206875
0.0036855
0.000675102
0.0049004
0.00471713
0.00198593
0.00362899
0.00294696
1.20729e-05
0.00742935
0.0032409
0.00137417
0.000653431
0.00222382
0.0047731
0.000326404
0.000344973
1.22895e-05
0.000751197
0.00247252
0.000255338
0.00449402
0.00320831
0.00465403
0.000276865
0.00313249
0.00490318
0.00617407
0.00180467
0.0147077
0.00152754
0.000567775
0.00242297
0.0040085
0.00348243
0.000936787
0.00289325
0.00931339
0.0072409
0.00523293
0.000448921
0.00801222
0.00406755
0.000549698
0.0042284
0.00157109
0.00395524
0.000224031
0.00184113
0.00455598
0.0029342
0.00785632
0.00354664
0.000726401
0.00332331
0.00466572
0.000210961
0.00207471
0.00345982
0.00151319
0.00292744
0.00167041
0.00524274
0.000609921
0.00280017
0.00315385
0.00309103
0.00247541
0.00112385
0.00209497
0.00158767
0.00286966
0.00111403
0.00140305
0.0077184
0.000236312
0.00325663
0.00159424
0.000880236
0.00141412
0.00333102
0.00207807
0.00442271
0.00084015
0.000774267
0.00449755
0.00110354
0.0014844
0.000382363
0.00183272
0.00243843
0.00839214
0.00113384
8.4501e-05
0.00141898
0.00133137
0.00275192
0.00145881
0.00542465
0.00320695
6.86857e-06
0.000210472
0.00112662
0.00143285
0.00212046
0.000704541
0.000509976
0.00260158
0.00269832
0.00449159
0.00521034
0.00157021
0.00079488
0.00145656
0.00293483
0.00710962
0.00275643
0.000506985
0.00158941
0.0004465
0.00286336
0.0031884
0.00197837
0.00443439
0.00138584
0.000642911
0.000561268
0.000379228
0.000992397
0.00150536
0.004062
0.00520074
0.00583411
0.00306073
0.000204123
0.00342155
0.0032068
0.000602127
0.000933611
0.00931887
0.00452668
0.00569633
0.00207774
0.00107864
0.00274538
0.0042027
0.00277784
0.00580408
0.00427884
0.000933693
0.00396525
0.000404254
0.00373303
0.000759643
0.00339129
0.00242111
0.000356625
0.000789474
7.94153e-05
0.00257272
0.00176871
0.00283311
0.00159602
0.000459155
0.00286573
0.000111027
0.000454193
0.00134341
0.0123205
0.000629886
0.00161125
0.0022525
0.0116687
0.000120768
0.00244155
0.000821819
0.00575601
0.00339358
0.00601208
0.00145377
0.0023134
0.00464098
0.00364495
3.83439e-05
0.00361795
0.00429438
0.000639037
0.002441
0.0130594
0.00198465
0.00344522
0.000492122
0.00163457
0.000619132
0.00110998
0.00144533
0.0185282
0.00168598
0.00749952
0.01026
0.000888495
0.0013867
0.00650079
0.00694279
0.00354292
0.00201233
0.00171108
0.00125961
0.00186921
0.00109357
0.00744111
0.00842895
0.00545323
0.00432148
0.0014381
0.000919887
0.00362219
0.00404616
0.00699823
0.00327325
0.00261581
0.00321994
0.00090508
0.00121686
0.000500259
0.0039761
0.00215966
0.00350641
0.000142118
0.00611491
0.00215286
0.0073758
0.0013391
0.00360182
0.00963976
0.00674955
0.00137297
0.00303995
0.00349604
0.00259763
0.00522927
0.00486973
0.00676153
0.00330272
0.00425659
0.000751654
0.00394242
0.00675125
0.00609189
0.000949984
0.00265367
0.00158622
0.0026275
0.00770012
0.00460531
0.0010805
0.00067414
0.00556485
0.0073148
0.000260347
0.00204532
0.00112988
0.00362302
0.00498518
0.00033542
0.00080471
0.0050283
0.00290727
0.0038296
0.00202063
0.00481797
0.000723267
0.00111533
0.00577108
0.00277905
0.00253203
0.00296739
0.000621532
0.000778677
0.00345892
0.000454291
0.00299344
9.77271e-05
0.00324364
0.00274146
0.00270569
0.00183388
0.00347474
0.00507087
0.000496329
0.00701643
0.00162626
0.00121233
0.00513186
0.000966313
0.00143489
0.00563513
0.00619325
0.00536113
0.00184907
0.00381938
0.00237284
0.000717425
0.00338893
0.00205371
0.00121106
0.000221429
0.00690773
0.00189464
0.0008568
0.000864868
0.00196103
0.0044511
0.00038217
0.00163346
0.00228795
0.00397724
0.00496296
0.00130898
0.00103888
0.00151444
3.18119e-05
0.0043674
0.00322079
0.000858098
0.00499162
0.00677978
0.00849802
0.000203321
0.00161918
0.00587478
0.00426993
0.0067892
0.00273548
0.00561843
0.00125249
0.00116901
0.000159607
0.00364436
0.00733648
0.00489538
0.00603717
0.00452404
0.00227346
0.00118075
0.00165644
0.00631065
0.00210846
0.00307176
0.00137929
0.00291164
0.00293029
0.00470041
0.000682902
0.000573405
0.000128882
0.00550093
0.000602129
0.0108046
0.00431904
0.000952278
0.0053874
0.0131026
0.00238563
0.00591915
0.00213936
0.00882092
0.0061786
0.00504218
0.00490635
0.00732778
0.000423973
0.000718939
0.0053963
0.00022544
0.00642275
0.00242554
0.00726434
0.00335714
0.00534653
0.000505798
0.000820302
0.000467516
0.00128957
0.00623553
0.00279649
0.00275201
0.00189992
0.0016467
0.00174254
0.00353923
0.00719999
0.0125142
0.00123111
0.00551
0.00433705
0.000400015
0.00196808
0.00541544
0.000659427
0.00150222
0.0216627
0.00136249
0.00202505
0.00070293
0.00220686
0.00524305
0.00571129
0.00129848
0.00285546
0.000899334
0.00424653
0.00252905
0.00513169
0.000145521
0.00251434
0.00241488
0.00341425
0.00127684
0.00422883
0.00187114
0.00380121
0.0011913
0.00159924
0.000124099
0.00267419
0.00294324
0.0033348
0.00280136
0.00612193
0.140789
0.00970628
0.000628126
0.00235611
0.025045
0.00668304
0.000990309
0.000360791
0.000838722
0.0037463
3.04543e-05
0.00119627
0.00180173
0.00341622
0.00522913
7.28774e-05
0.00379697
0.00314174
0.00508075
0.00408128
0.0021698
0.00349834
0.000415548
0.00219413
0.00122222
0.000273289
0.000985829
0.00226346
0.00195095
0.0020838
0.00113564
0.00150006
0.00298695
0.00256263
0.00336252
0.00129439
0.0014391
0.0012918
0.00148352
0.00516462
0.00832517
0.00139287
0.00182094
0.000929586
0.00125616
0.00155747
0.00114532
0.0117101
0.00121727
0.0011911
0.000131769
0.0034538
0.00327556
0.00124633
0.00228121
0.0026989
0.00419736
0.0123365
0.00206673
0.00555047
0.00610015
0.000127324
0.00158974
0.000252719
0.00597781
0.00426967
0.00581366
4.36529e-05
0.000953086
0.00467159
0.00481181
0.0023437
0.00580688
0.00320535
0.00560586
0.00337693
0.000418941
0.000866414
0.00320275
0.0035357
0.000458011
0.00402995
0.0014443
0.00179066
0.00239837
0.0032863
0.00701462
0.00161613
0.00808321
0.00352672
0.00240659
0.00345494
0.00247769
0.00530221
0.00585293
0.00233326
0.00336854
0.00454791
0.00426169
0.00459544
0.00467803
0.00117519
0.00135944
0.00469825
0.00108671
0.00428704
0.00151385
0.00148291
0.000159784
0.000486148
0.000619992
0.00449212
0.00444731
0.000512899
0.000520468
0.000168047
0.00175606
0.0012735
0.00667752
0.00349947
0.003217
0.00123461
0.00136542
0.0044012
0.00387313
0.00241483
0.00172886
0.00233311
0.00205344
0.000898734
0.000142305
0.00177905
0.00130252
0.00349145
0.000517439
0.0037793
0.000207339
0.00200023
0.00381822
0.0049528
0.00308255
0.000407781
0.000852337
0.000909894
0.00322381
0.00166572
0.000365123
0.000399706
0.00686952
0.00116218
0.00658764
0.00911134
0.00147432
0.00601426
0.00153256
0.000893831
0.00282447
0.00326793
0.00211023
0.000305427
0.00362126
0.00333122
0.00164121
0.00503032
0.00134377
0.00128081
0.00364093
0.00216616
0.00281769
0.00551199
0.00100059
0.00223286
0.000553418
0.0148448
0.00425926
0.00590957
0.00536798
0.00200472
0.0035551
0.0017722
0.0015097
0.00366878
0.00100019
0.0108036
0.00987955
0.00031842
0.00326138
0.00586142
0.00583189
0.003238
0.00425205
0.00242075
0.0133083
0.000272116
0.00552107
0.000969144
0.00794973
0.00341114
0.00732516
0.000192867
0.000993248
0.00157199
0.00195886
0.00606649
0.00187529
0.00179159
0.00516134
0.00198157
0.00211095
0.00328915
0.00920368
0.00215475
0.00362977
0.00469962
0.00865834
0.0002017
0.00566347
0.00129378
0.00418134
0.00579851
0.00640617
0.000234535
0.00143284
0.000430603
0.00471969
0.00639783
0.00146463
0.00604379
0.00272915
8.78272e-05
0.00393956
0.00537257
0.000212473
0.00570771
0.00357347
0.00226515
0.00459601
0.00125576
0.000161184
0.00417744
0.00265583
0.00362893
0.00695654
0.0095393
0.00397579
0.00360013
0.000349637
0.00456441
0.00547429
0.00378942
0.00443536
0.00428401
0.00192241
0.00605192
0.00242994
0.00779511
0.000723818
0.00479391
0.00291412
0.00615069
0.00244069
0.00565069
0.00370796
0.000376293
0.00168222
0.00249516
0.0049259
0.00337677
0.00320833
0.00136372
0.00307803
0.00377765
0.00746897
0.00456653
0.00348731
0.00155656
0.00135941
0.00308686
0.000777493
0.00689497
0.00500692
0.00115843
0.00152892
0.00083003
0.00312548
0.000431732
0.00256472
0.00276598
0.00447662
0.00460154
0.00494955
0.000729668
0.00612265
0.000914399
0.000429149
0.00721583
0.00323878
0.00623192
0.00108033
0.000857671
0.000460713
0.00069382
0.00280185
0.00499467
0.0019626
0.00291401
0.000697477
0.000971291
0.00227201
0.00214121
0.00116948
0.00477056
0.00451002
0.000806184
0.00028949
8.10384e-05
0.00135647
0.00312617
0.00324618
0.0011444
0.000450072
0.000450065
0.00105792
0.000553509
0.00278857
0.00322912
0.000349301
0.000284961
0.000925366
0.00203152
0.00447357
0.000897301
0.00154244
0.00394297
0.00554026
0.00938356
0.00410522
0.00296026
0.00479559
0.00243145
0.00685783
0.0034552
0.00147801
0.000791273
0.00430928
0.00493384
0.00740441
0.00511832
0.0198677
0.00607897
0.00154574
0.00504109
0.00178006
0.00932582
0.00245142
0.00346248
0.00235848
0.000796781
0.00426145
0.00340825
0.00137427
0.000752662
0.00473528
0.0044011
0.000503414
0.000637972
0.00372218
0.00106687
0.0028549
0.00489072
0.00688837
0.000203819
0.00529045
0.00875113
0.0125007
0.00203702
0.000541667
0.000400746
0.00525163
0.000265989
0.00128343
0.00129289
0.00224616
0.00279661
0.00652471
0.000685508
0.00129661
0.00340664
0.00483182
0.0050658
0.00127256
0.0052535
0.00196309
0.00152086
0.00480973
0.00189425
0.00364413
0.000227044
0.00284781
0.00235925
0.00295319
0.00198345
0.00375547
0.0144683
0.00491143
0.00302497
0.00542588
0.00145421
0.000183354
0.00386788
0.00424169
0.013508
0.00367524
0.00305585
0.00133177
0.00494429
0.0035403
0.00610094
0.132306
0.00406637
0.00571619
0.00101228
0.00078013
0.000887069
0.00039936
0.00154052
0.00556421
0.00324521
0.00553288
5.96304e-05
0.00311108
0.00351532
0.0118084
0.00408694
0.00200003
0.00127942
0.00647641
0.00110022
0.00012799
0.000809714
0.00530897
0.00164768
0.00424087
0.000922653
0.00674692
0.0029648
0.00646438
0.00474576
0.00257422
0.0022959
0.00375524
0.00224038
0.00235807
0.000717345
0.00242107
0.00399378
0.00398524
0.00228087
0.00312906
0.00203386
0.00404801
0.00687588
0.000345136
0.000674741
6.1987e-05
0.00427653
0.00145906
0.00491255
0.00303866
0.0018754
0.00380493
0.00350132
0.00233183
0.00135
0.00263661
8.82982e-05
0.000459834
0.00058783
0.00202473
0.0034659
0.000872244
0.00337991
0.000261385
0.00262715
0.0074847
0.00121302
0.0041975
0.00372217
0.000354191
0.00193854
0.000945765
0.00213417
0.00550782
0.00356996
0.00105617
0.000295173
0.0025591
0.00100679
0.00464078
0.00365142
0.0107709
0.00361816
0.00289925
0.00406811
0.0025478
0.00336724
0.00487256
0.00949314
0.000909638
0.00434029
0.00749642
0.00523343
0.00244528
0.00536656
0.00375304
0.00539116
0.000642597
0.00401091
0.00338472
0.000828949
0.0087285
0.00165971
0.00131876
0.00341705
0.00169165
0.0121873
0.001578
0.00182701
0.00766702
0.00188594
0.00584692
0.00175741
0.00167786
4.94513e-05
0.000265586
0.000502857
0.00126361
0.000572173
0.00368654
0.001948
0.00146504
0.00504604
0.00541045
0.00177283
0.0135263
0.00274826
9.77319e-05
0.00171249
0.003084
0.0135082
0.00493279
0.00350046
0.00325158
0.0088793
0.00507659
0.00131124
0.00577567
0.0017572
0.0023053
0.0365241
0.00253146
0.000574611
0.00577104
0.00752049
8.51631e-05
0.00288216
0.00271141
0.00033808
6.89193e-06
0.00763452
0.00653084
0.00285883
0.00288176
0.00283795
0.00329256
0.00154979
0.00152066
0.00287998
0.00201283
0.000243434
0.00282698
0.0014922
0.00994011
0.00257629
0.020625
0.00350012
0.00435672
0.000576053
0.00101538
0.00152697
0.00892943
0.000300386
0.00636388
0.00267515
0.00493906
0.00846743
0.00167291
0.00557135
0.00503495
0.00203795
0.0025122
0.00243583
0.00547587
0.0115607
0.0043559
0.00063332
0.00188209
0.000880154
0.00233574
0.0044605
0.00152621
0.00598111
0.000250006
0.00112595
0.00210539
0.00248381
0.00398037
0.00221247
0.00522019
0.001163
0.00341837
0.00165086
0.00413744
0.00663532
0.00194265
0.00585623
0.000129083
0.0032529
0.00537709
0.000141887
0.00335048
0.00141595
0.00267925
0.00392648
0.00235385
0.000718204
0.000202119
0.000387237
0.000781865
0.000517875
0.00608104
0.00196069
0.00586003
0.00824426
0.00351768
0.00209066
0.000227092
0.00592503
0.0031975
0.00255988
0.00457857
0.00413845
0.000937278
0.00289644
0.00244317
0.00324986
0.00366826
0.00152692
0.00451326
0.000747323
0.000767746
0.00206244
0.00212293
0.00807321
0.0011159
0.00463527
0.00514311
0.00201448
0.00280308
0.00114356
0.00284613
6.09957e-05
0.0012935
0.0121743
0.0011986
0.00201548
0.00143268
0.00268996
0.00159662
0.00398493
2.96101e-06
0.00286492
0.00475792
0.00681377
0.0139551
0.000854194
0.000746172
0.00437904
0.00701283
0.00240939
0.00178637
0.00645964
0.00635866
0.0044579
0.00306592
0.00943971
0.00206326
0.00493865
0.00631721
0.000984536
0.000435627
0.00191186
0.00334215
0.000869897
0.000553034
0.00514656
0.000222085
0.000271941
0.0030554
0.00120769
0.00249337
0.000293378
0.00283883
0.00594225
0.00649805
0.00340782
0.00163727
0.000172165
0.00480572
0.00144996
0.00347044
0.00128811
0.00118549
0.0026866
0.00182708
0.00457365
0.0027396
0.00344241
0.0013834
0.00176476
0.00115518
0.00189823
0.000308977
0.0028039
0.00118227
0.00159951
0.000989108
0.00110938
0.00659293
0.00146598
0.00236589
0.00126102
0.00436693
0.00161039
0.00209237
0.01054
0.00718555
0.00359414
0.00696984
0.00457118
0.00201244
0.000894514
0.00262208
0.00694458
0.00625848
0.00173767
0.000471073
0.00212519
0.00224214
0.00223308
0.0154679
0.0062031
0.00783504
0.00825949
0.0105483
0.0128642
0.000837418
0.00763847
0.00228805
0.00245149
0.00939879
0.00874636
0.00804803
0.00699872
0.000717413
0.00111429
0.000999924
0.00116114
0.00369154
0.0017224
0.00595568
0.00300244
0.00149643
0.00632721
0.00328534
0.000840939
0.00164609
0.00272256
0.00383588
0.0124527
0.00027601
0.00948459
0.00534017
0.00760533
0.00159473
0.00168049
0.0014038
0.0135116
0.00640543
0.00253378
0.00625958
0.0134945
0.0117325
0.00626747
0.00120008
0.0135593
0.00812181
0.00150292
0.00895857
0.00803333
0.00296284
0.0080542
0.0024977
0.000282065
0.00218429
0.00197958
0.039399
0.00406055
0.00219599
0.00988598
0.0107059
0.000417095
0.00230076
0.0153463
0.00129072
0.000846026
0.0134221
0.00768627
0.00432271
0.0019977
0.00268518
0.00763162
0.0155862
0.00461089
0.00304096
0.00224142
0.00345347
0.00166846
0.00120381
0.00979464
0.0105369
0.00973943
0.00458162
0.00385
0.00502778
0.0177438
0.000861808
0.019718
0.00931271
0.00613635
0.0059924
0.0148072
0.00736089
0.00556008
0.00563323
0.007093
0.00719796
0.00146467
0.00383413
0.00375854
0.0105194
0.00665534
0.00524587
0.00029379
0.00728805
0.0137771
0.000437541
0.00474256
0.0100254
0.00101304
0.00969545
0.00236054
0.00646518
0.0037959
0.00782228
0.00242399
0.00550683
0.00117777
0.0020255
0.000841895
0.00614041
0.00845667
0.00499741
0.000906744
0.00218319
0.0011557
0.00583403
0.00450599
0.000273345
0.00536605
0.00553542
0.00526425
0.00320982
6.73865e-05
0.0222453
0.00716568
0.00109834
0.0041964
0.0112877
0.0090963
0.0128752
0.000837621
0.00677648
0.00110924
0.0214903
0.00120366
0.00252351
0.0031825
0.00935995
0.00210386
0.00025353
0.0041383
0.00505663
0.00776909
0.000746269
0.0196161
0.00199869
0.00550061
0.0052829
0.000137067
0.00541791
0.00586834
7.92611e-05
0.0131492
0.000286669
0.000651163
0.0107631
0.0122939
0.00282123
0.00395656
0.00832986
3.91481e-05
8.07882e-05
0.00972723
0.00474852
0.00260129
0.00265516
0.000317709
0.00704423
0.00673995
0.00535259
0.00634632
0.0175472
0.00162676
0.00456197
0.00224138
0.00312692
0.000959128
0.0174293
0.00664182
0.0134127
0.000874637
0.00588201
0.00252403
0.00458816
0.00297256
0.00291135
0.00157095
0.000509378
0.00645958
0.00432299
0.00489539
0.00669048
0.00155519
0.00181195
0.00568551
0.000211912
0.00162043
0.000399356
0.000502857
0.00023704
0.00121665
0.00453073
0.00130253
0.00113159
0.00467824
0.00287743
0.00289608
0.00156375
0.000961916
0.000130105
0.000572426
0.00416011
0.000107298
0.00712198
0.00613796
0.00180989
0.00291368
0.00755914
0.000623224
0.00246785
0.00475055
0.00243261
0.00153703
0.00454871
0.00312118
0.00423978
0.00277172
0.00442987
0.0009664
0.00598941
0.00136401
0.00160038
0.00390354
0.00169348
0.00217705
0.00125873
0.000647947
0.00389383
0.00344912
0.00678185
0.00144117
0.000890979
0.00101637
0.00665882
0.000444065
0.00574355
0.00509653
0.00278666
0.00161202
0.00506705
0.000451962
0.00484666
0.00686377
0.000643136
0.000208026
0.00555462
0.000951938
0.00306004
0.00213545
0.000834855
0.00129067
0.00998607
0.0106635
0.00509916
0.00693762
0.00627806
0.00699528
0.0030525
0.00120085
0.00286633
0.000404404
0.000191451
0.000306662
0.0053964
0.00316183
0.00384127
0.000283751
0.00530606
0.00552064
0.00253222
0.00743698
0.00101411
0.00030316
0.00231632
0.00311613
0.011068
0.000867735
0.00249288
0.00142122
0.00109098
0.0016096
0.00170542
0.00490106
0.000668637
0.004428
0.00261796
0.00060383
0.00696336
0.0136367
0.00365979
0.00424562
0.00504772
0.000250741
0.00115811
0.00151536
0.00110745
0.00203189
0.00183226
0.002295
0.00375262
0.0090733
0.00179072
0.000652918
0.00621005
0.00671865
0.00176146
0.000470056
0.000542238
0.00705473
0.0060033
0.00643655
0.00861696
0.00393139
0.00186106
0.0070127
0.00574809
0.00623973
0.00254095
0.00386233
0.000677954
0.00265211
0.000498275
0.00318186
0.00505701
0.00480851
0.0035222
0.00236782
0.00609172
0.0044015
0.00183956
0.00419135
0.00173643
0.00262701
0.00756987
0.00179059
0.00745784
0.00113374
0.0064178
0.00232204
0.00337489
0.000556242
0.00276035
0.00408001
0.00694487
0.00363129
0.00218871
0.000678516
0.00457583
0.00150841
0.00329167
0.00590948
0.00051561
0.00307094
0.00614121
0.00782361
0.00348721
0.00238899
0.0027145
0.00527096
0.000947928
0.00484067
0.00393496
0.00312491
0.000665991
0.00112796
0.000380626
0.00317434
0.000459513
3.41091e-05
0.00151174
0.00409138
0.00641456
0.00177705
7.97313e-05
0.00386958
0.00439477
0.000768115
0.00790793
0.00215444
0.00107079
0.000730378
0.000101452
0.00624222
1.17661e-05
0.00380396
0.003714
0.00542171
0.00253726
0.00470903
0.0062859
0.000352915
0.0036459
0.00152912
0.00307263
0.00183338
0.000156285
0.00486629
0.0028589
0.00289036
0.000513366
0.00273054
3.83165e-05
0.00156409
0.00239843
0.00269002
0.0026979
0.00109889
0.00347343
0.00177518
0.00300599
0.00240429
0.000931353
0.00337211
0.000214572
0.00498462
0.000529555
0.00441069
0.00283641
0.00126245
0.00535909
0.00176619
0.00507787
0.00140765
0.00419984
0.00336043
0.00916874
0.000876853
0.00148875
0.00459366
0.00193951
0.00359402
0.00684597
0.00167405
0.00115451
0.00716183
0.00114097
0.0018477
0.0019738
0.000417796
0.00692228
0.00297169
0.00180837
0.0075597
0.00287379
4.69529e-06
0.00405399
0.00748676
0.00794714
0.00135631
0.00223698
0.00371253
0.00727816
0.000856021
0.00126656
0.00242559
0.00134889
0.00053197
0.00211882
0.00462327
0.00108818
0.000954326
0.00287369
0.00129013
0.00187146
0.00302652
0.000856635
0.0061125
0.00585868
0.00104661
0.00175128
0.00157399
0.000451076
0.00386341
0.00113509
0.0027284
0.00321831
0.00657759
0.00393332
0.000967687
0.000429123
0.000128983
0.000667954
0.0019865
0.00337059
0.00107365
0.00216882
0.00264628
0.000483363
0.000616847
0.00320261
0.00402954
0.00366031
0.00269135
0.000531655
0.00108913
0.00314291
0.00633814
0.000531614
0.000314199
0.00305167
0.00253426
0.00345228
0.00105327
0.003602
0.00166806
0.0087312
0.00076848
0.0180324
0.00479086
0.00488844
0.00767054
0.000631835
0.0178148
0.00287442
0.0143743
0.00842943
0.00236848
0.0013101
0.00622051
0.00122218
0.00469751
0.00341854
0.00208143
0.00152518
0.0104126
0.0208204
0.00394756
0.00195681
0.000197909
8.82751e-05
1.06408e-05
0.000951433
0.000108325
0.00139621
0.00561224
0.000604789
0.00176375
0.00509929
0.000526064
3.02008e-05
0.0134795
0.00362525
0.00353521
0.00204679
0.00128094
0.00177544
0.00958231
0.0048538
3.99626e-05
0.00088079
0.00159632
0.00312313
0.00160947
2.72328e-05
0.00801791
0.00147381
0.0109363
0.000823733
0.00173147
0.00286131
0.0018991
0.00175158
0.000848676
0.00473037
0.0023562
0.00280366
0.000280506
0.00857394
0.00483732
0.000516296
0.00367504
0.00298141
0.0235551
0.00489987
0.00502825
0.00900057
0.00473162
0.00456221
0.00123578
0.00761563
0.00441623
0.000403754
0.00422157
0.00127008
0.00780408
0.00804971
0.00261502
0.00252211
0.00362397
0.0105982
0.00126789
0.000248238
0.0181002
0.0028685
0.00444078
0.00365023
0.00393929
0.000422884
0.00696368
0.00313089
0.00110093
0.00429589
0.000963848
0.00334552
0.00568009
0.0217034
0.00206942
0.0266638
0.000172616
0.00624497
0.00358384
0.00827003
0.00465924
0.00619192
0.00428806
0.00598098
0.011541
0.00247127
0.00330109
0.00257262
0.0100883
0.00448751
0.00657206
1.0376e-05
0.00049995
0.0106466
0.000129557
0.00249906
0.00333632
0.00127812
0.00396015
0.00227873
0.00360986
0.00326799
0.0103874
0.00539061
0.00406546
0.00364165
0.00150396
0.000127911
0.00538966
0.00312027
0.00239337
0.00295188
0.00253161
0.00615773
0.00461478
0.000617635
0.00381904
0.00720049
0.00346066
0.000782313
0.00337381
0.000477972
0.00629975
0.00309494
0.000856988
0.00294143
0.00356421
0.00286453
0.00289999
0.00169674
0.00671977
0.000411749
0.00839907
0.00522839
0.000899043
0.0112535
0.00461883
0.000939318
0.00115758
0.00302306
0.0021058
0.00174164
0.00109745
0.00996726
0.00512634
0.00147305
0.00273981
0.000271818
0.007045
0.0125679
0.00255548
0.00574412
0.000715797
0.00158551
0.00039292
0.00227801
0.00543325
0.00102562
0.00635466
0.00201255
0.000228057
0.00115291
0.00375585
0.000828973
0.00928736
0.00283954
0.000471343
0.00272112
0.0025231
0.00210909
0.00131219
0.00290672
0.00552687
0.00109961
0.00508289
0.00133517
0.000764625
0.000111052
0.00146054
0.000921467
0.0034256
0.00534189
0.001912
0.00602502
0.00217056
0.000416821
3.81944e-05
0.00743958
0.000108126
0.00443514
0.00475234
0.00060509
0.000932939
0.000637543
0.00337124
0.00155111
0.00717879
0.000155274
0.00551696
0.00635983
0.000143709
0.0012752
0.00284329
0.00261717
0.00789525
0.000982101
0.000956148
0.010014
0.00190655
0.00299737
0.00298302
0.00222357
0.00503272
0.00733895
0.00171301
0.00210443
0.00601182
0.00520818
0.00161035
0.00298411
0.00143408
0.00418748
0.000160972
0.000569996
0.00286138
0.00230869
0.00279279
0.00710044
0.0037134
0.000105046
0.00098938
0.00329199
0.00246947
0.00334601
0.00036706
0.00156491
0.000250626
0.00114013
0.00038531
0.000650975
0.00356874
0.000810983
0.00310835
0.00398764
0.00273867
0.00546901
0.00478638
0.00233432
0.000436187
0.00363504
0.00337409
0.00063722
0.00635322
0.00415037
0.0033461
0.00610753
0.0190281
0.00143358
0.00286336
0.00343675
0.00067114
0.00554949
0.0021193
0.000396048
0.000338125
0.00235183
0.00175162
0.00334418
0.00430332
0.00311293
0.00588137
0.000321069
0.00250209
0.00153457
0.00190685
0.000557119
0.00106698
0.000450927
0.00347481
0.00428026
0.00524056
0.000261222
0.00159822
0.000451993
0.000464691
0.00338623
0.00128519
0.00325884
0.00503453
0.00273948
0.00262631
0.00537255
0.00140421
0.00235555
0.00730381
0.000543679
0.00354498
0.00104158
0.00285631
0.00149276
0.00589848
0.0017361
0.00389654
0.00448308
0.00383996
0.00170085
0.00044447
0.000104558
0.000704091
0.00461589
0.00378907
0.00147422
0.000482608
0.00178952
0.00103158
0.00195963
0.00124145
0.0070502
0.00179748
0.00456752
0.00303729
0.00870186
0.000527286
0.000754063
0.0216176
0.00472123
0.00211196
0.0122755
0.00100335
0.0011488
0.00182334
0.00180794
0.00427902
0.000712308
0.010777
0.00489023
2.22985e-05
0.0048985
0.00183913
0.00307695
0.0070607
0.00947466
0.00251104
0.00148905
0.00620901
0.00556132
0.00537757
0.00248968
0.00416764
0.010394
0.0018321
0.0109945
0.00672579
0.00333708
0.00217999
0.00227603
0.00145517
0.00666609
0.00400618
4.38575e-05
0.00159307
0.00081917
0.00213406
0.00555048
0.00162887
0.00157567
0.00594692
0.00471331
0.00317564
0.00699359
0.0022695
0.00133577
0.00501004
0.000139644
0.00374127
0.00129526
0.00243817
0.00570704
0.00478583
0.00525144
0.000899606
0.000575218
0.0107177
0.00182137
0.00273767
0.00125831
0.00827905
0.00412592
0.00207727
0.00328367
0.0066902
0.00013585
0.00131137
0.00389798
0.0120508
0.00668538
0.00244034
0.000895104
0.00837925
0.000105546
0.00130103
0.00746395
0.00120272
0.00292508
0.00467062
0.00345764
0.0054255
0.00496662
0.00799658
0.000592023
0.00186086
0.00380472
0.00108647
0.00394463
0.0100555
0.000520655
0.00372933
0.000580053
0.00236912
0.00186944
0.00176529
0.00275569
0.00487031
0.00127483
0.00510725
0.0019633
0.007863
0.00481608
0.000974569
0.00304382
0.00132709
0.00256099
0.00208186
0.00275611
0.000470822
0.000240817
0.00168489
0.00214563
0.000830194
0.00131612
0.0020723
0.000715003
0.00153036
0.00277365
0.00370386
0.0109685
0.00363386
0.00467472
0.00214413
0.00255105
0.000139822
0.00197235
0.000555732
0.0010302
0.00606356
0.00070224
0.000872011
0.00286608
0.00125074
0.000294875
8.80366e-05
0.00128392
0.00261482
0.00109958
0.0043499
0.00223091
0.00175102
0.00230123
0.00262296
0.0105309
0.0868366
0.0041912
0.00132527
0.00900349
0.00310316
0.00804351
0.000213377
0.00187339
0.00373402
0.000550502
0.00607561
0.00387511
0.0031861
0.00332302
0.00342378
0.00268022
0.00422307
0.000626001
0.00282447
0.0018893
0.015909
0.0115227
0.000554556
0.00158078
0.00457624
0.00161504
0.000903233
0.00200294
0.00302192
0.00516355
0.00473076
0.000946978
0.00184522
0.00449607
0.00264256
0.00167768
0.0063455
0.00247397
0.00300295
0.00190569
0.000149326
0.00170337
0.0011065
0.00178701
0.0027566
0.00103916
0.00895076
0.00215976
0.00285327
0.000294438
0.00140265
0.00472586
1.62316e-05
0.00596173
0.00139719
0.00933536
0.006291
0.00720128
0.00360542
0.00058262
0.000116319
0.000838346
0.00134575
0.000975325
0.00419772
0.00540845
0.00681093
0.00274509
0.00145805
0.00335674
0.006209
0.0133248
0.00460945
0.00577338
0.00492032
0.00159117
0.00222109
0.00256416
0.00198256
0.00681437
0.0071473
0.00209437
0.00053616
0.00413701
0.00248823
0.00409991
0.00194765
0.000218408
0.0031844
0.00289345
0.0031686
0.00309711
0.00163694
0.00153344
0.00034325
0.00480907
0.000312342
0.00325035
0.00467853
0.000606397
0.00448162
0.00332472
0.000274573
0.0019672
0.000107818
0.00416201
0.00126882
0.00370071
0.00448753
0.00205199
0.00265787
0.00551283
0.00518271
0.00258767
0.00043075
0.00207151
0.000799258
0.00381303
0.00349267
0.00510276
0.00398756
0.000897588
0.00145909
0.00163362
0.000739902
0.00363122
0.00352491
0.00569803
0.0028904
0.000762014
0.000964433
0.00336444
0.00351723
0.00633464
0.0062915
0.00637887
0.00193288
0.000877091
0.00368512
0.0098237
0.00339971
0.00137982
0.00614155
0.00214119
0.00297811
0.00167333
0.00249313
0.000893956
0.00227271
0.00175858
0.00157517
0.00402747
0.00404673
0.0045717
0.0034202
0.00368309
0.00117706
0.00245225
0.000711847
0.00203502
0.00382546
0.00337747
0.00487915
0.00153658
0.00481256
0.00703557
0.00514245
0.000268437
8.38954e-05
0.00121834
0.00621584
0.00576465
0.000968185
0.000257418
0.000505048
0.00501641
0.000171857
0.00720872
0.000810871
0.00420908
0.00454121
0.0048131
0.0019723
0.00750245
0.00148835
0.00721153
0.000379907
0.000711048
0.00299062
0.0057767
0.003068
0.00166379
0.00800513
0.00189218
0.00174057
0.00412157
0.00245568
0.00159332
0.014062
0.00542095
0.00573525
0.00559614
0.00239914
0.00286399
0.0016195
0.00066872
0.00128643
0.00447038
0.00047676
0.00049042
0.0011744
0.00214282
0.000510498
0.00566926
0.00352986
0.00229994
0.0063137
0.00167515
0.00718628
0.000149545
0.00463363
0.00256164
0.00632832
0.00405658
0.0013413
0.00225154
0.00376441
0.000523356
0.00262692
0.00386243
0.0014628
0.00546123
0.00366444
0.00299891
0.00261609
0.0034721
0.00893199
0.000995571
0.00531445
0.00691341
0.00581494
0.00114763
0.000572308
0.00093179
0.00590066
0.00171293
0.00221889
0.00644021
0.000131409
0.000292115
0.00194153
0.00022141
0.000207341
0.00119062
0.00171559
0.000896165
0.00563827
0.000893407
0.0066358
0.000497801
0.00286628
0.000435717
0.00407193
0.0073511
0.00421947
0.000920623
0.00575544
0.00149463
0.000626265
0.0030434
0.00183957
0.00516791
0.00528801
0.000676507
0.00695844
0.00380277
0.00530536
0.00431446
0.00265648
0.000420894
0.000469995
0.00106093
0.00447453
0.00342037
0.0118098
0.00300151
0.00263181
0.00104262
0.00394484
0.0019143
0.000488106
0.00123448
0.00415623
0.00329586
0.000320995
0.00108958
0.00554383
0.00146112
0.000504414
0.00250596
0.000412279
0.00324381
0.00657305
0.000711105
0.00187356
0.00666961
0.000650095
0.00158036
0.0499334
0.000844695
0.00269554
0.131934
0.00300987
0.00426182
0.00259336
0.000719379
0.00992225
0.0001205
0.00335094
0.00459801
0.00287351
0.00581172
0.000629507
0.00475067
0.00289616
0.000282347
0.00342635
0.000751937
0.0047881
0.0035236
0.00172241
0.000154902
0.0040754
0.0146046
0.00107638
0.00357737
0.00263144
0.00318232
0.000360695
0.00147967
0.00104804
0.000210363
0.000620619
0.00665631
0.000365908
0.000651987
0.00351
0.000213276
0.00362848
0.00770915
0.000520271
0.0022181
0.00319944
0.00138859
0.00300572
0.000122558
0.00117237
0.0028463
0.000109909
0.00298182
0.000580669
0.000392662
0.00384926
0.000120162
0.0044894
0.00140591
0.00016329
0.00112058
0.000116213
0.00264244
0.00395962
0.00146526
0.0010675
0.000715569
0.00146044
0.000611424
0.00141908
0.00356344
0.00290775
0.00706083
0.00165773
0.00243618
0.000694586
0.006468
0.000154866
8.81542e-05
0.00077571
0.000912723
0.00108699
0.00322141
0.00183291
0.00292027
0.000768784
0.00171524
0.00144852
0.00291011
0.00398796
0.000913189
0.0088877
0.0008129
0.00571854
2.08878e-05
0.004653
0.00111571
0.00053522
0.000384053
5.46848e-07
0.00131461
0.00225879
0.00262302
0.00267554
0.00142438
0.000770719
0.00279673
0.00133538
0.00100567
0.00452376
0.00180751
0.002121
0.00126858
0.00336267
4.27316e-05
0.00602183
0.00448136
0.00113422
0.00359035
0.00176268
1.82837e-06
0.000460227
0.000984074
0.0011085
0.00334835
0.00347375
0.0121103
0.00759948
0.0016159
0.00273135
0.000384717
0.00510682
0.00254318
0.000820468
0.0104705
0.135576
0.00351274
0.0035795
0.00213944
0.00146438
0.00130817
0.00235472
0.00215367
0.00280378
0.00031076
0.00193007
0.00253251
0.00525558
0.00325194
0.00250931
0.000283701
0.00269502
0.00338622
0.00214947
0.000318693
0.00212919
0.000183849
0.00104301
0.0014772
0.00374638
0.00719737
0.00319367
0.00502872
0.137786
0.00546351
0.00590213
0.000952876
0.000138459
0.00382458
0.00369301
0.00377832
0.00269137
0.000237874
0.00391721
0.00414496
0.00101762
0.000530668
0.00490454
0.00152195
0.00647755
0.00588562
0.003665
0.0012033
0.00177153
0.00330333
0.00262347
0.00182183
3.76697e-05
0.00309435
0.00626714
0.00107115
0.00632496
0.00427914
0.00215368
0.000936405
0.00802376
0.00551279
0.002089
0.000530225
0.000319174
0.0023979
0.00158452
0.00363007
0.00147572
0.00431422
0.00297844
0.0056684
0.00226523
0.000204296
0.00835679
0.00461724
0.00079609
0.00130338
0.00458016
0.000782479
0.00462381
0.00532993
0.000260818
0.00104299
0.00147608
0.00157994
0.00230578
0.000811969
0.00125709
0.00084267
0.00144546
0.000398787
0.00255433
0.00250895
0.000320515
0.0035728
0.00407673
0.00290638
0.000509605
0.00196723
0.00231778
0.000583738
0.000233526
0.00116416
0.00133764
0.0112043
0.000301352
0.0020496
0.00208009
0.00281946
0.00385271
0.00331797
0.00170891
0.00124994
0.00434324
0.00844271
0.00419306
0.00271454
0.00610518
0.000542541
0.0004474
0.00263557
1.83542e-05
0.000551651
0.00195364
0.00461823
9.11353e-05
0.00685906
0.000862068
0.00072652
0.000255672
0.00216694
0.00454879
0.000349856
0.000192102
0.000263083
0.00385863
4.19571e-05
0.00320871
0.00237614
0.00212585
0.00143061
0.00165816
0.000427747
0.0102892
0.00259212
0.00296422
0.00172414
0.000478948
0.000561861
0.000146045
0.00283129
0.00258888
0.000701778
0.00186676
0.00174938
0.00190166
0.00609673
0.00117244
0.00215704
0.00162378
0.00131944
0.00244943
0.000739705
0.00215458
0.000537551
0.00116079
0.00046747
0.00521684
0.0063625
0.00144065
0.00243112
0.00369871
0.000191483
0.00835522
0.00239531
0.00801444
0.00185173
0.000378952
0.00646077
0.00321289
0.000263972
0.000945786
0.00326354
0.00142639
0.00163542
0.00496968
0.000767524
0.00138845
0.00275549
0.00327271
0.00226835
0.00176591
0.00438864
0.00441175
0.00575138
0.00095482
7.05611e-05
0.00763234
9.46571e-05
0.00691163
0.00290049
0.00610351
0.00244897
0.000739548
0.00118168
0.00216343
0.000516976
0.00980807
1.62782e-05
0.0047555
0.00163707
0.00190893
0.00166321
0.00157872
0.00139857
0.00295415
0.000246122
0.00327064
0.000463777
0.00441784
0.00231521
0.00629589
0.00415056
0.00429554
0.00371996
0.00197019
0.000537637
0.003112
0.00256076
0.00351482
0.000878312
0.00170004
0.00129385
0.00308763
0.00354204
0.00345024
0.00799063
0.00266446
0.0094988
0.0014474
0.000775784
0.000985438
0.00311073
0.00379864
0.00301603
0.003981
0.00529348
0.00180767
0.00653804
0.00465665
0.00236917
0.00213971
0.00314575
0.00978371
0.00114899
0.000841629
0.00823865
0.000900242
0.00135574
0.00170676
0.00367091
0.0028043
0.00625688
0.00270109
0.00218163
0.00107252
0.0013314
0.00502138
0.00132133
0.0018452
0.00191497
0.00049475
7.63187e-05
0.000282441
0.000824186
6.72156e-06
0.00170041
0.0050775
0.00429732
0.00314113
0.00371358
0.000580953
0.000577541
0.00565175
0.000890116
0.00528248
0.000282183
0.00576147
0.00425977
0.0213114
0.00451444
0.0050779
0.00178153
0.000616119
0.00327149
0.000639948
0.00631107
0.00110981
0.00128122
0.00856296
0.000688232
0.000415271
0.00302071
0.00344349
0.00191236
0.000513422
0.00197737
0.00452037
0.00150419
0.00146918
0.00305375
0.000210659
0.00327722
0.000757021
0.00254301
0.00134194
0.000990272
0.00413321
0.00167278
0.00587944
0.00742725
0.000997847
0.00209631
0.00233058
9.7393e-05
0.000419072
0.01583
0.00200379
0.00223257
0.000264763
0.00390476
0.00272387
0.00508017
0.00300341
0.00675852
0.00238036
0.000815787
0.00621175
0.0043959
0.00169069
0.000578007
0.00275441
0.00270536
0.00554526
0.00268342
0.00030036
0.000866922
0.000124877
0.00592266
0.00450959
0.00943296
0.000567876
0.00186178
0.000169871
0.00361337
0.0033466
0.00264149
0.00669249
0.00461469
0.00376792
0.00425684
0.000411403
0.000438034
0.000714566
0.000665302
0.000858198
0.0082386
0.00108458
0.00130775
0.00218963
0.00197241
0.000346691
0.00160329
0.00532279
0.0136371
0.000116876
0.00256474
0.00159379
0.0150464
0.00632341
0.000107346
2.15132e-05
0.0112586
0.00221254
0.0197084
0.00161158
0.00737456
6.96838e-05
0.00184297
0.00381717
0.000269901
0.00517598
0.0021979
0.00268475
0.00546106
0.0020425
0.00537211
0.00227696
0.00182809
0.00238236
0.0123103
0.00371492
8.57558e-05
0.00135961
0.00248026
0.00285622
0.00583627
0.00490976
0.00428828
0.00621415
0.00359298
0.00515106
0.00945461
0.00262551
0.0038919
0.00264315
0.000233654
0.00300489
0.00419137
0.0019132
0.0131999
0.00824669
0.00807515
0.00479819
0.0138522
0.0151789
0.00410803
0.0056052
0.0153592
0.00967104
0.00137871
0.00307967
0.00219887
0.000389118
0.0074276
0.00168318
0.00442321
0.000671392
0.00247089
0.000410599
0.00239074
0.00344417
0.000203048
0.00435646
0.00242128
0.00486406
0.004931
0.0016276
0.00214357
0.00102437
0.0025895
2.95982e-05
0.00210105
0.00160676
0.00189889
0.00629164
9.03373e-05
0.00199049
0.00243652
0.00280128
0.00314674
0.00126703
0.00261092
0.00296901
0.00756798
0.000442698
0.00343712
0.00362092
0.000228322
0.00523433
0.00387401
0.0072417
0.0104437
0.00376424
0.00650218
0.00511994
0.0058614
0.000377767
0.00248205
0.00105049
0.000291518
0.00120235
0.00467133
0.00366399
0.0010671
0.00176104
0.00610825
0.000925229
0.00831265
0.0101479
0.00283015
0.000133747
0.000839112
0.00197483
0.00174982
0.0019531
0.0907514
0.00672826
0.00347526
0.000440148
0.00688311
0.000896599
0.0877712
0.00520925
0.00223455
0.0053495
0.00583925
0.00247181
0.00439412
0.0024114
0.0015011
0.00277726
0.00422993
4.12209e-05
0.0021352
0.00412871
0.006248
0.000676375
0.000933119
0.00149875
0.00535657
0.00442915
0.000333932
0.00234738
0.00283778
0.00020597
0.00195209
0.00524923
0.00349449
0.000756074
0.000339738
0.00457616
0.000557457
0.00232313
0.00376892
0.0045162
0.00185756
0.00269924
0.00885877
0.0142508
0.000189502
5.61022e-05
0.0132636
0.00352483
0.000620811
0.000513456
0.146425
0.00157101
0.00112468
0.00136925
0.00358216
0.00106829
0.000803929
0.00247913
0.00280916
0.00382901
0.0023919
0.0263523
0.000109873
0.00107537
0.00106335
0.00408151
0.00176412
0.00408901
0.0013257
0.0428836
5.87543e-06
0.00474871
0.00045832
0.00110578
0.00315971
0.00346338
0.000352193
0.00147968
0.00193153
0.00146811
2.97944e-05
0.0051715
0.000856255
0.000879877
0.00617581
0.000451486
0.0023168
0.00037892
0.00731688
0.00204585
0.00279114
0.00137023
0.000954685
0.000873647
0.000907727
0.00294731
0.000794195
0.00455428
0.00288299
0.00466474
0.00349608
0.00158318
0.00147421
0.000491554
0.00330819
0.001233
0.00287675
0.00138684
0.00255303
0.00546983
0.00407227
0.00048339
0.00387805
0.000580536
0.00125176
0.00497295
0.00525845
0.125825
0.00819145
0.00166212
0.00041849
0.00215503
0.00727126
0.00387053
0.0038518
0.00352479
0.00289472
0.000279221
0.00379154
0.000134202
0.00453213
0.00245529
0.00469956
0.000871235
5.83361e-05
0.00305595
0.00179638
0.00546423
0.00518251
0.00182717
0.00159059
0.00720517
0.00379838
0.00221386
0.00283713
0.00218637
0.00515152
0.0191846
0.00037638
0.000870184
0.0052011
0.00783204
0.00101789
0.00293184
0.000817174
0.00656309
0.00595906
0.00467757
0.00333633
0.00357763
0.00726627
0.00530576
0.00482982
0.000655621
0.00331829
0.000965724
0.00223583
0.0167078
0.000963772
0.00249325
0.00391822
0.000459407
0.0142412
0.000516893
0.00385339
0.00744683
0.000186688
0.00337403
0.00182942
0.00200223
0.00162987
0.00706644
0.00206432
0.00455255
0.0006812
0.000243941
0.00190769
0.00244012
0.00361223
0.000637641
4.63948e-05
0.00067732
0.00143446
0.00320838
0.00562716
0.00314407
0.00458651
0.00157838
0.00392092
0.00110306
0.0136557
0.00283666
0.000273974
0.00288025
0.000618464
0.00158851
0.000640743
0.00726141
0.00107933
0.0042389
0.000498567
0.00327493
0.00166799
0.00170136
0.000551254
0.000657103
0.00247673
0.00531078
0.00123404
0.000312613
0.00136506
0.000167617
0.00226501
0.00527947
0.000966868
0.00195278
0.00149739
0.000100916
0.000831207
0.00225935
0.00154253
0.00826836
0.00194131
0.000679309
0.0018013
0.00242189
0.00160171
0.00216743
0.00297442
0.00192852
0.00183687
0.00214747
0.00511535
0.000756812
0.00781038
0.0028332
1.95661e-05
0.00102275
0.0040557
0.00231783
0.00103923
0.00248895
0.00158799
0.000985853
0.0028456
0.00372696
0.000498993
0.00801673
0.000867631
0.0021711
0.00289303
0.0100834
0.0071577
0.000401067
0.00814028
0.00055791
0.00452682
0.0044641
0.000228206
0.000342441
0.00206448
0.00178372
0.00322722
0.00642648
0.000592768
0.00448892
0.0049469
0.00567892
4.83386e-05
0.000514483
0.00587184
0.00105576
0.000448266
0.00420844
0.00245638
5.08451e-05
0.00498339
0.0090074
0.00542713
0.00414486
0.00255337
0.00158738
8.02262e-05
0.00504443
0.0038993
0.00347428
0.000766067
0.0029708
0.001819
0.00710087
0.00689972
0.0046625
0.00116795
0.000986153
0.00385103
0.000722032
0.000446957
0.00641976
0.00495225
0.00420605
0.0027621
0.00241943
0.00607776
0.0104381
0.0104982
0.00191775
0.00441889
0.00190754
0.00228665
0.00148684
0.0060186
0.00534761
0.00718514
0.0050756
0.003885
0.00283296
0.00031679
0.00482235
0.00241243
0.00159288
0.00658656
0.00164104
0.00513887
0.000299651
0.00245749
0.00128812
0.00208926
0.00414224
0.00194319
0.00307337
0.000329455
0.00188053
0.00766431
0.00210311
0.00206995
0.00524132
0.00207535
0.00335724
0.00362489
0.00725742
0.00406335
0.000121921
0.00244668
0.00799887
0.00588438
0.00779311
0.00620762
0.00278303
0.00222666
0.00268902
0.00572975
0.00770448
0.00295614
0.008465
0.00146266
0.00435895
0.00390732
0.00642303
0.000230759
0.000696701
0.00173602
0.00254309
0.00716668
0.00358056
0.00138317
0.00190034
0.00491479
0.00305392
0.00384394
0.00834357
0.00200564
0.00150345
0.0015779
0.00195746
0.000526965
0.00246014
0.00102651
0.00202627
0.00139955
0.000200831
0.00326885
0.00340141
0.00577346
0.00323289
0.000482189
0.00159529
0.00383903
0.00195688
0.00192903
0.00493528
0.000463092
0.000578453
0.000733444
0.0101073
0.00307252
0.00967718
0.000559747
0.00300256
0.00591205
0.00260499
0.00327331
0.00409636
0.00227496
0.000488365
0.00189436
0.00178599
0.00010382
0.00113212
0.000207296
0.00173871
0.00421402
0.00181814
0.00174586
0.00256609
0.00596723
6.37267e-05
0.0045726
0.000834414
0.000869171
0.0031832
0.000702135
0.00147067
0.00169122
0.00269378
0.0013363
0.00707329
0.00141871
0.00413892
0.000674013
0.00187698
0.00146779
0.000226726
0.000790999
0.00122688
0.00779005
0.00192238
0.000762032
0.000536246
0.002555
0.00416082
0.00156403
0.000957091
0.00215476
0.00588486
0.0130085
0.0077208
0.00201898
0.00324998
0.00585918
0.00233744
0.00118923
0.0051451
0.000150994
0.000357459
0.00616228
0.000404059
0.00232093
0.00327568
0.00153234
0.00264154
0.000615164
0.00452388
0.00134629
0.00134277
0.00121046
0.000181404
0.000313177
0.00193892
0.000497258
0.000102989
0.00641369
0.00611417
0.0072155
0.00178857
7.80497e-05
0.00122892
0.000887425
0.00933091
0.000288035
0.00328498
0.00464188
0.000170776
0.000109776
0.00301482
0.00421991
0.000310146
0.000139968
0.00295679
0.00110785
0.00133043
0.00210062
0.00228598
0.00519053
0.00419302
0.000319502
0.000175314
0.00516195
0.00127143
0.00394819
0.00802972
0.000636901
0.00383737
0.000734078
0.001049
0.00341495
0.000530193
0.00674441
0.00516611
0.00494018
0.00258737
0.00322615
0.00665631
0.000513282
0.0059975
0.00286656
0.00220915
0.00391373
0.000677405
0.00466839
0.00203101
0.00540959
0.00206313
0.000629505
0.00159274
0.00241801
0.00653373
0.000373763
0.00247469
0.00366836
0.00629975
0.000598795
0.00350486
0.00251401
0.00177328
0.0024957
0.00147125
0.000323647
2.48369e-05
0.000438901
0.00107305
0.000606534
0.00472214
0.000632923
0.00525714
0.0102724
0.00111053
0.00128323
0.00338244
0.00142021
0.00171554
0.00573147
0.00143395
0.00148209
0.00166639
0.00546355
0.0018178
0.00161233
0.00586809
0.0053538
0.000510964
0.00155158
0.00442882
0.00780619
0.000541701
0.00147866
0.00668018
0.000431743
0.000829704
0.00307759
0.00187088
0.000552578
0.00191019
0.000575382
0.00327263
0.00269078
0.00517817
0.000116298
0.0217527
0.0010592
0.000456813
0.00445439
0.00229177
0.00673965
0.000106261
0.00293526
0.00303982
0.00418861
0.00507488
0.00123636
0.0010191
0.00576786
0.0016141
0.00490517
0.00503246
0.00288133
0.00139689
0.00122734
0.00107692
0.0109383
0.00367973
0.00121031
0.0028302
0.00360365
0.00322286
0.000769092
0.00141384
0.00808551
0.00206536
0.00624531
0.00715136
0.00137115
0.00120531
0.00149448
0.00379957
0.0024113
0.0018937
0.000108312
0.0019912
0.000947745
0.00149628
0.00418195
0.00382443
0.00795572
0.00536012
0.00118931
0.00136321
0.0105659
0.000956106
0.00532042
0.00194693
0.00462088
0.00310803
0.032927
0.00845186
0.00306995
0.00506081
0.00669085
0.00151061
0.00814799
0.000879064
4.6943e-05
0.00124848
0.00265265
0.0011813
0.000753359
0.00818783
0.00251548
0.00221788
0.00199917
0.0019136
0.000335228
0.000374759
0.000900838
0.000678147
0.00470873
0.00259963
0.000820238
0.00468797
0.00164574
0.0048941
0.00724772
0.0917405
0.00474926
0.00450952
0.00511223
0.00215825
0.00163142
0.000244299
0.149867
0.00481789
0.00261383
0.00419886
0.000915385
0.000815202
0.00545654
0.00188628
0.00527133
0.00132788
0.00325189
0.00659105
0.00298004
0.00245163
0.0185362
0.00453395
0.00481226
0.00284545
0.00533663
0.00217824
0.000253853
0.00393689
0.00614973
0.00450102
0.00407855
0.00635874
0.00204905
0.00260951
0.000404203
0.00478969
0.00325174
0.00440153
0.00205409
0.00206585
0.00382314
0.0137206
0.00200526
0.00361651
0.000334712
0.00376525
0.00409916
0.00584407
0.00221215
0.00306779
0.00805037
0.0022119
0.00212418
0.000839969
0.000993941
0.000798445
0.00487199
0.000126799
0.00519677
0.00505246
0.00493936
0.00134181
0.00391413
0.00312643
0.00021283
0.000736973
0.00199099
0.0093612
0.00249828
0.0258429
0.00426102
0.00130669
0.00274113
0.00150349
0.00197947
0.00720821
0.00271883
4.06748e-05
0.000549371
0.00108768
2.22428e-05
0.00250819
0.00616516
0.00818897
0.00147023
0.0217362
0.00162368
0.000862197
0.000731601
5.1503e-05
0.00946437
0.00635103
0.000453518
0.00298068
0.00172297
0.00438037
0.000635677
0.00371154
0.00231356
0.00128514
0.000103935
0.00258925
0.00259723
0.0030794
0.0056619
0.00223819
0.00289287
0.0996541
0.00301072
0.00120617
0.00252247
0.00366876
0.000912027
4.92446e-05
0.0316207
0.00401439
0.00408523
0.00949783
0.00252001
0.00351163
0.00289903
0.00464727
0.0017634
0.000620453
0.0648258
0.00434692
0.00020505
0.000994886
0.00959409
0.00547576
0.000319269
0.00375243
0.00949499
0.0156656
0.0026046
0.00422822
0.000437071
0.00654507
0.000187899
0.00141217
0.000306039
0.000818612
0.00242687
0.00131708
0.00159014
0.00139642
0.00443838
0.00492231
0.00163193
0.00200431
0.00493504
0.00252514
0.000594532
0.00207814
0.000892496
0.00226699
0.00443867
0.000211026
0.00125819
0.000614392
0.00105708
0.000993214
0.00576213
0.000850579
0.00439429
0.00306902
0.00480391
0.00112189
0.00220648
0.000839285
0.00361613
0.000542031
0.00209957
0.000551412
0.00177761
0.00244985
0.00544881
0.00812862
0.000551057
0.00479063
0.00877427
0.00219088
0.00274817
0.00303258
0.00163541
0.000237057
0.00349707
0.00437042
0.000546018
0.000117191
0.00102505
0.00354436
0.00127768
0.00581364
0.00188453
0.00379835
0.00361161
0.0048431
0.0025004
0.00230018
0.00348844
0.00386664
0.00776446
0.00148273
0.00127884
0.00254353
0.00215519
0.00767336
0.00406848
0.011286
0.003584
0.00317314
0.000151472
0.00163754
0.0043554
0.00460944
0.00612474
0.00110132
0.00362302
0.00130913
0.000243637
0.0105744
0.0014095
0.000861389
0.00581921
0.000925948
3.54079e-05
0.00594386
0.000717675
0.00149794
0.0120423
0.0053182
0.00438443
0.00509753
0.00698833
0.000157267
0.000329619
0.00133404
0.00338464
0.00407124
0.0117508
0.00368374
0.00512035
0.00480995
0.00788665
0.0035801
0.00188408
0.0029599
0.000744218
0.000933546
0.00188359
0.000919043
0.00386343
0.000373204
0.00229292
0.000607251
0.000247325
0.00281472
0.000186834
0.00616149
0.00303507
0.00343963
0.00269375
0.000900829
0.000908479
0.00205902
0.00118634
0.00330354
0.00431006
0.00473737
0.00588693
0.00278838
0.00338132
0.00269393
0.0105494
0.00294608
0.00132209
0.00263871
0.00214374
0.00853625
0.00846875
0.00198612
0.0017708
0.00242365
0.00418179
0.000585097
0.00398483
0.00554499
0.0098957
0.00120004
0.00129178
0.00285816
0.00452136
0.00398664
0.00511817
0.00399096
0.00287748
0.00261853
0.000952391
0.00336998
0.00513262
0.00438839
0.00260653
0.00411856
0.0031469
0.000594319
0.00247323
0.00131894
0.00199012
0.00151324
0.0117869
0.00258658
0.000930451
7.68871e-05
0.00747023
0.000475496
0.00467348
0.00815024
0.00474946
0.000203672
0.0052138
0.0038679
0.00629375
0.00459879
0.00862941
0.00544235
0.00309959
0.0010083
0.00285219
0.00365001
0.00195387
0.00123752
0.0041743
0.00117909
0.00116711
0.0070054
0.00221079
0.00110785
0.00475607
0.00120256
0.00509885
0.000803773
0.0040647
0.00407841
0.00723996
0.00854673
0.00543367
0.018131
0.00538491
0.00173086
0.000784149
0.00458865
0.00422397
0.00697486
0.00381334
0.00282324
0.000504269
0.0085334
0.00177785
0.0165082
0.00509632
0.00485193
0.00308193
0.000798
0.00784868
0.00104574
0.00289723
0.0018084
0.0214244
0.00199122
0.00102589
0.00253957
0.0007342
0.000682909
0.00121166
0.0058933
0.000845848
0.00187112
0.000829715
0.00682628
9.69225e-05
0.00392405
0.00652485
0.00272097
0.00979392
0.00138352
0.00302329
0.000629043
0.00655902
0.00294795
0.00226437
0.000491582
0.00361428
0.00289987
0.00242602
0.000943081
0.000722888
0.00630428
0.00119696
0.0139325
0.00282793
0.00313386
0.00341232
0.0267758
0.000701491
0.000138406
0.00206443
0.000897005
0.00461918
0.00424866
0.000616449
0.00126477
0.001785
0.0076355
0.000742775
0.00181889
0.0018822
0.00679229
0.000325413
0.00186807
0.00308753
0.00117982
0.00563133
0.000448209
0.00756995
0.00431251
0.00136824
0.00066557
0.00568739
0.00209303
0.00216789
0.0011491
0.00554287
0.00352213
0.0021598
0.0045257
0.00296207
0.00137242
0.00160912
0.000939655
0.00199411
0.000998978
0.00313053
0.00176386
0.00140921
0.00283068
0.00117024
0.00240039
0.00300831
0.000334871
0.00196917
0.00156809
0.00287932
0.00243962
0.00159307
0.0055919
0.00160406
0.00248935
0.000388073
0.000945457
0.0056618
0.00177496
0.0030563
0.000488396
0.00226432
0.00395619
0.00630207
0.0015885
0.000365621
0.00265904
0.000722936
0.00164024
0.00212053
0.000866423
0.0017495
0.00284397
0.00539949
0.000360634
0.00396967
0.00150319
0.00947823
0.00307709
0.00063357
0.00178943
0.000132616
0.0016541
0.000476084
0.0033118
0.00120686
0.002188
0.0042952
0.00121262
0.00312589
0.00253023
0.00390374
0.00228264
9.43569e-05
0.00372876
0.00158737
0.00236341
7.41194e-05
0.000795876
0.00154104
0.00172331
0.00300958
0.000671499
0.00144182
0.00270617
0.000513531
0.000517808
0.000512507
0.00169862
0.000142553
0.00337415
0.00747971
0.00332157
0.00244497
0.00243387
0.00147834
0.00384694
0.0022847
0.000973856
0.00124463
0.00178813
0.00239512
0.00109259
0.00403227
0.000565936
0.000542929
0.00068557
0.0027668
0.00323672
0.00221294
0.00637501
0.0035836
0.0036429
0.000309472
0.00961014
0.00253249
0.0012553
0.00856027
0.000676014
0.000351305
0.000861416
0.00624272
0.000130968
0.00861911
0.00208835
0.000720276
0.00317209
0.00316205
0.00152852
0.00606405
0.0061881
0.00832303
0.00124834
0.00174683
0.00890348
0.00382455
0.00120681
0.00364601
0.000370342
0.000557261
0.00163537
0.00494678
0.00528947
0.004285
0.000991288
0.0026825
0.000196946
0.00202878
0.00438945
0.000727067
0.00652663
0.00145766
0.00189118
0.00191266
0.00109816
0.00196263
0.00114286
0.000617867
0.00179801
0.00351244
0.0043153
7.89868e-05
0.00319963
0.00818996
0.000489527
0.00025615
0.000475249
5.1266e-05
0.00202241
0.00270302
0.00639218
0.000544812
0.00560029
0.00834024
0.00583587
0.00151381
0.00418966
0.00514766
0.00067766
0.000431676
0.00644767
0.000150821
0.00136289
0.0049026
0.00518398
0.00319314
0.00154243
0.000382617
0.00330108
0.00179347
0.000424823
0.00892147
0.00713231
0.00695531
0.000463937
0.000560589
0.00133981
0.00176349
0.00333986
0.00185723
0.00267233
0.000203153
0.00204277
0.007479
0.00023021
0.00173127
0.00678345
0.00523871
0.00045318
0.00310681
0.00187908
0.00214813
0.00191404
0.0021944
0.00167702
0.00115887
0.00241408
0.00198737
0.00495709
0.00126857
0.00334309
0.00630276
0.00105554
0.00527236
0.000809359
1.29184e-05
0.000541701
0.00506972
0.00107427
0.00115829
0.00497492
0.00391954
0.00180728
0.000447614
0.000572365
0.00290794
0.0010547
0.000259565
0.0025054
0.00328567
0.00211879
0.0016364
0.00187162
0.00271911
0.00642654
0.00333728
0.00537809
0.00344441
0.000372654
0.00337583
0.000893172
0.000391946
0.00315365
0.000850724
0.00316127
0.0018119
0.000832163
0.0037191
0.000481848
0.00666866
0.00423946
0.000419838
0.00175699
0.00367449
0.00929468
0.00265001
0.00875133
0.00245987
0.00165436
0.00752946
0.0004443
0.00275044
0.00312635
0.00152977
0.0019363
0.00227595
7.62978e-05
0.00243845
0.00338154
0.001902
0.00233726
0.000704487
0.00313273
0.00244159
0.000595752
0.000686503
0.000526894
0.00669052
0.00179343
0.0072164
0.000139113
0.00227754
0.00156146
0.00686044
0.000931606
0.00438151
0.00121261
0.00435654
0.000809348
0.000532636
0.00223549
0.00314273
0.00118622
5.45239e-05
0.0057814
0.00107857
0.00311551
0.000367011
0.00426981
0.00321179
0.000802659
0.000292662
0.00326622
0.0036484
0.0022846
0.00166504
0.00520906
0.00643013
0.000513894
0.00582479
0.000626973
0.00228976
0.00547657
0.000683486
0.00831953
0.000373801
0.00568178
0.000673552
0.00279863
0.00554222
0.000462686
0.00361523
4.77085e-05
0.00370603
9.75218e-05
0.0993883
0.00700616
0.00152629
0.00159666
0.00682591
0.116938
0.00659439
0.00109593
0.00426777
0.004869
0.000403947
0.00108923
0.00437295
0.000460119
0.00104766
0.00391622
0.00189314
0.0028992
0.000431394
0.00276011
0.00651867
0.00170092
0.0069285
0.00684898
0.0058238
0.0112581
0.00138988
0.00441728
0.00415695
0.00366757
0.00205039
0.00365161
0.000820196
0.00552204
0.0072821
0.00370573
0.00320324
0.00216707
0.00202599
0.000790528
0.000627108
0.00235738
0.000376998
0.00654896
0.000375384
0.00401761
0.00121285
0.000458383
0.00619709
0.00277465
0.00255363
0.00497059
0.00834094
0.0147018
0.00279051
0.000509093
0.00701516
0.0018209
0.000544385
0.000841972
3.71307e-05
0.00357988
0.00112222
0.0043593
2.79073e-05
0.00315365
0.00284688
0.00237304
0.00628589
0.00337853
0.00219059
0.00985163
0.00272886
0.00181602
0.00182434
0.000659775
0.00457206
0.00101802
0.00487812
0.0107555
0.00731306
0.00964734
0.008216
0.00499363
0.00110377
0.000945968
0.00223982
0.00708578
0.00404312
0.00416422
0.000377844
0.00174201
0.00150862
0.00120108
0.00521823
0.000754017
0.00288162
0.00356853
0.00836277
0.00147677
0.000884616
0.00617785
0.000919902
0.000761815
0.00244874
0.00386396
0.00390879
0.00109808
0.000502303
0.00174121
0.0061584
0.00862301
0.000272479
0.000104806
0.00372771
0.00907673
0.00468901
0.000910567
0.00311544
0.00447738
0.000727962
0.00154166
0.00464346
0.0158194
0.00276832
0.000545148
0.00228916
0.00161755
0.00720572
0.00301809
0.000956722
0.00114566
0.0023517
0.0147298
0.00446179
0.000363923
0.00148871
0.00113019
0.000720291
0.00439339
0.00580688
0.00444166
0.00256279
0.000888533
0.00125787
0.00463332
0.000881508
0.000563177
0.00512604
0.00562289
0.00554604
0.00411577
0.00105446
0.0239339
0.00349146
0.0064103
0.00230407
0.000318848
0.00616522
0.00440082
0.00179124
0.0101194
0.00288642
0.00337205
0.0015762
0.00361308
0.0749732
0.000245631
0.001405
0.00473916
0.000652467
0.00728219
0.00630216
0.000557664
0.00170071
0.00472773
0.0010224
0.00237499
0.00149255
0.00123491
0.00347927
0.000707589
0.00683902
0.000903856
0.00525196
0.00185284
0.00647082
0.00158362
0.00412043
0.00157359
0.000581025
0.00642934
0.00197675
0.00030877
0.00163575
0.00119571
0.0116236
0.000163698
0.000240594
0.00150944
0.00236277
0.00572314
0.0034
0.00233483
0.00546044
0.000390899
0.000755453
0.000735043
0.00784024
0.000147608
0.00115415
0.00220915
0.00272591
0.00274375
0.002224
0.00278985
9.13208e-05
0.00297228
0.00631031
0.00393467
0.000416673
0.00137146
0.000203114
0.00286841
0.00280991
0.00016989
0.000150144
0.00203425
0.00101562
0.000765911
0.000931049
0.00743171
0.000746597
0.000408536
8.50187e-05
0.000173245
0.00376231
0.00271031
0.00375557
0.00168806
0.00739474
0.00364835
0.000742664
0.00203124
0.00735587
0.00180799
0.00126757
0.000446722
0.0017107
0.00218037
0.0102267
0.0043032
0.000227986
0.000689735
0.000212468
0.00324459
0.000400272
0.000757077
0.00178128
0.000164738
0.0100081
0.00184981
0.00560995
0.00551934
0.000519549
0.00486021
0.00696683
0.000460946
0.00166421
0.00371789
0.00493954
0.000880744
0.00640666
0.00245137
0.0108328
0.00287584
0.00255217
0.00400381
0.000177961
0.0022228
0.116342
0.00315641
0.000607094
0.000353343
0.000316618
0.00146235
0.00215543
0.000143083
0.00358381
0.00641929
0.00702267
0.0050501
0.00419082
0.00561654
0.00132627
0.00270015
0.00742892
0.000700591
0.000180407
0.0067352
0.000128589
0.00387103
0.000707461
0.00412822
0.00795176
0.000954882
0.00377964
0.000335866
0.00169668
0.0453026
3.01415e-05
0.00727811
0.00417965
0.00109203
0.00471327
0.0100976
0.00695938
0.0031704
0.00105538
0.000471924
0.00253615
0.000860609
0.000134287
0.0121631
0.00124855
0.0020211
0.000705111
0.00539178
0.00134681
0.0026126
0.000101256
0.000639498
0.00279596
0.00120583
0.00267489
0.00043789
0.0063972
0.00419551
0.00174277
0.00197539
0.00102447
0.000813708
0.000361687
0.0048798
0.0106967
0.000937915
0.0018308
0.00393176
0.00325137
0.00646561
0.000388641
0.00639205
0.00642301
0.00152319
0.00106607
0.00055612
0.00108313
0.000954178
0.0048726
0.00631617
0.00337339
0.00641512
0.00429975
0.000133098
0.000415357
0.00028307
0.00296028
0.000223335
0.00259559
0.000433671
0.00303112
0.000134079
0.0107869
0.00996372
0.00163547
0.00297907
0.00190721
0.00761527
0.00416634
0.000590781
0.00242397
0.00451143
0.0126854
0.00216025
0.0126597
0.00181674
0.000754386
0.00508666
0.00054272
0.00859699
0.000576555
0.00654513
0.00161493
0.000293249
0.00240305
0.00564992
0.00157432
0.00414308
0.00587954
0.00538877
0.00212358
0.000210931
0.00292921
0.00366159
0.00130876
0.000650415
0.00283125
0.0040709
0.015983
0.00272208
0.000636152
0.0132052
0.00173612
0.0063827
0.00795839
0.0005225
0.00223533
0.00273685
0.00119642
0.00179466
0.00169226
0.00108095
0.00594745
0.00126424
0.00269486
0.00237552
0.00192895
0.0025626
0.000303895
0.000832686
0.000429104
3.69663e-05
0.00762019
0.0021169
0.00553621
0.000766417
0.00102558
0.00823371
0.0044195
0.00253238
0.00153511
0.00460739
0.00280924
0.00826945
0.00341951
0.00697443
0.00112479
0.00167212
0.000848563
0.000300583
0.00699926
0.00247993
0.000767296
0.00245555
0.0038393
0.00270627
0.00468165
0.00488078
0.00142235
0.00247091
0.00407416
0.00127562
0.00199567
0.0101126
0.00290418
0.00783053
0.00277188
0.0045406
0.00341288
0.00318546
0.00363886
0.00399219
0.00389292
0.00968099
0.00393231
0.000569241
0.00670913
0.001832
0.000723584
0.00263509
0.00591231
0.00738143
0.000667568
6.17701e-05
0.00280344
0.000265091
0.000606497
0.00565564
0.00509999
0.00112189
0.00263765
0.00180165
0.000155432
0.00551387
8.26094e-05
0.00321905
0.00838627
0.001864
0.00814914
0.000980436
0.00119787
0.00184024
0.00561012
0.000616394
0.0112836
0.000545358
0.00353081
0.00421573
3.40953e-05
0.000679919
0.00185527
0.0019727
0.0114319
0.000270853
0.0026755
0.000292944
0.000333629
0.00152242
0.0104878
0.00198278
0.000179033
0.00340665
0.00533838
0.00362025
0.00792448
0.000319453
0.0025224
0.00238996
0.00493357
0.00145751
0.00360138
0.00408812
0.0102604
0.00183523
0.00165856
0.00369584
0.00240714
0.00195414
0.00259778
0.00140241
0.00106785
0.0046015
0.000938436
0.00459587
0.00342932
0.00268853
0.00014909
0.00245323
0.00141557
0.00150298
0.00345167
0.0101323
0.00905079
0.00123609
0.00238104
0.0131975
0.000259117
0.00618619
0.00151456
0.000588047
0.00264756
0.00491855
0.00232627
0.00271844
0.00323438
0.000235479
0.000136552
0.00468504
0.00010218
0.00933055
0.000717672
0.00547585
0.00423877
0.0149984
0.0161703
0.00666123
0.00162639
5.81911e-05
0.000588072
0.00948284
0.000655932
0.00348449
0.00521932
0.00270688
0.00177953
0.00336527
0.00186529
0.000504733
0.0075314
0.00255979
0.00178425
0.00539756
0.00351771
0.000765443
0.000278135
0.00271227
0.00300744
0.000734419
0.00551306
0.00989586
0.0126851
0.00788534
0.00168126
0.00334618
0.000118847
0.00196739
0.000810219
0.00398941
0.0023417
0.00279498
0.0030088
0.0105677
0.0028153
0.00215736
0.00291981
0.000295893
0.00240118
0.00394695
0.00829477
0.00420993
0.00361658
0.00439482
0.00553839
0.00422048
0.00518911
0.000958033
0.00288191
0.0056988
0.00247301
0.00746661
0.00477904
0.00170276
0.00964264
0.0016051
0.00252888
0.00393546
0.00685406
0.0042451
0.00369976
4.3765e-05
0.00106985
0.00077309
0.00676002
0.000310884
0.00156299
0.00423763
0.00327005
0.00235579
0.00530151
0.000781801
0.00306455
0.0113657
0.00265055
0.00207399
0.0040316
0.000378121
0.0022789
0.00638461
0.00175827
0.00323888
0.000149917
0.00771113
0.00171734
0.00212434
0.00163321
0.00108088
0.00205932
0.000478439
0.000843558
0.00484927
0.00139642
0.000271236
0.0011529
0.00287212
1.07416e-05
0.00137064
0.000219702
0.0132714
0.00237552
0.00148837
0.00346213
0.00311237
0.00301393
0.00190308
0.00868724
0.0058256
0.00260109
0.00105777
0.00522257
0.010175
9.81063e-05
0.00427824
0.00542907
0.00310771
0.000171494
0.00376815
0.002218
0.00541122
0.00208187
0.00252949
0.00342079
0.00371492
0.00336977
0.00610558
0.00517233
0.00583574
0.00313305
0.00333968
0.0080293
0.00448952
0.00367427
0.000677435
0.00522786
0.00201114
0.00259195
0.00096229
0.0104102
0.00934853
0.00336484
0.00157837
0.00598357
0.00372301
0.00246479
0.00153023
0.0013482
0.000631655
0.00109714
0.00147496
0.00358592
0.00178772
0.00157316
0.00100323
0.00229368
0.0044214
0.00361133
0.000437748
0.00675027
0.000247507
0.00611682
0.0020113
0.00184911
3.31615e-05
0.00265919
0.000412748
0.00121121
0.00196902
0.00511342
0.00354397
0.00173689
0.000165909
0.00636283
0.0066398
0.000874903
0.0024446
0.00222064
0.00698273
0.00372809
0.00936526
0.000872114
0.00420605
0.000862408
0.0045832
0.00549365
0.00278165
0.00152102
0.00549175
5.96814e-05
0.000773042
0.000867648
0.00364668
0.000906386
0.000453312
0.000824401
0.00266754
0.00227453
0.00134708
0.00643644
0.00355915
0.00125928
0.00315752
0.00374691
0.000925388
0.00510593
0.002453
0.0032645
0.00216028
0.00151135
0.00046659
0.0109671
0.00216187
0.00425315
0.000424413
0.00118726
0.00632084
0.000421954
0.000408838
0.00243734
0.000575934
0.00130388
0.000865088
0.00171109
0.00248853
0.00439974
0.00251488
0.00534744
0.00325465
0.00125598
0.0020841
0.00563664
0.000938456
0.00601026
0.00668407
0.00341302
0.00337309
0.00804694
0.000327917
0.000607801
0.00499382
0.00240954
0.00287027
0.00278712
0.00118785
0.00704665
0.00493473
0.000762165
0.00453617
0.000778707
0.00457325
0.00157446
0.000984069
0.00280282
0.0018372
0.00466966
0.00188398
0.000734057
0.00178746
0.0019749
0.00508
0.00135203
0.00542094
0.00408531
0.00119808
0.00967756
0.00483134
0.0013681
0.00485392
0.00327093
0.000228639
0.00403899
0.0114303
0.00335213
0.00362724
0.00193692
0.00137853
0.00184159
0.00333219
0.000621789
0.00041554
0.00408606
0.00116439
0.000757618
0.00225452
0.00372489
0.00115827
0.000294263
0.00481012
0.00307892
0.00577975
0.000301836
0.00154743
0.00185428
0.000829221
0.0046989
0.00459677
0.0019378
0.00345375
0.00363666
0.00117661
0.00218522
0.0103543
0.00137903
0.000992095
0.00559219
0.0029531
0.00126027
0.00462596
0.000266017
0.00294306
0.00282232
0.00370266
0.00541078
0.00310393
0.0032998
0.0098587
0.000117666
0.000622092
0.00299658
0.00233519
0.00218097
0.000675422
0.0022251
0.00189054
0.000813826
0.00238094
0.00346749
0.00125468
0.00190215
0.00735654
0.00352491
0.0023407
0.00314713
0.00488575
0.00338247
0.00335334
0.00267242
0.00188996
0.000246497
0.00222355
0.00190083
0.00307079
0.00376704
0.0037194
0.00189514
0.00862805
0.00720724
0.000194324
0.00484952
0.00215822
0.00176409
0.00610803
0.000984644
0.000737146
0.00306609
0.0016148
0.00297507
0.00715132
0.000816346
0.00611449
0.000872732
0.00938688
0.00159249
0.00056772
0.00229494
0.0005955
0.00788856
0.000969062
0.00601126
0.0017553
0.00446503
0.00103982
0.000934716
0.00127518
0.00413713
0.00552306
0.000590348
0.00135424
0.000310387
0.00193492
0.00243623
0.00466934
0.00274648
0.00217624
0.0015168
0.00161883
0.00198194
0.00616613
0.00445254
0.00140988
0.00359968
0.00283888
0.000689057
9.1828e-05
0.00406218
0.00503269
0.00489631
0.0040556
0.000972706
0.000933374
0.000629011
0.00663938
0.00230002
0.000318622
0.00654626
8.56566e-05
0.00118157
0.00675163
0.000651967
0.00378558
0.00235921
0.000828253
0.00216793
0.00430954
0.00461872
0.00304696
0.00190384
0.00373197
0.000794421
0.00819749
0.00260426
0.00411082
0.00293869
0.00182878
0.00081951
0.00453158
0.00222893
0.00489234
0.000611451
0.00614429
0.00191727
0.00346847
0.000235954
0.00445136
0.00279531
0.00420299
0.00174824
0.00376458
0.00294396
0.00111976
0.00156113
0.000434265
0.0041102
0.00077894
0.00171602
0.00442394
0.00247991
0.00310948
0.001075
0.00309655
0.00175521
0.00430266
0.00275661
0.0025345
0.00116763
0.000444387
0.000423679
0.00399514
0.00394835
0.0037556
0.00234366
0.00470447
0.00259481
0.000293939
0.00516223
0.000389704
0.0037061
0.00140257
0.0055586
0.00728819
0.00397172
0.00261974
0.000963707
0.0018102
0.000951563
0.000610026
0.00512014
0.00211256
0.00131971
0.00190317
0.0080018
0.00296255
0.00292906
0.00170025
0.000330298
0.00593289
0.00386983
0.0102054
0.00315642
0.0026534
0.00237142
0.00278207
0.0018595
0.00323218
0.000640294
0.0017404
0.00568797
0.00236302
0.000867967
0.0046906
0.00424642
0.00446016
0.000255514
0.00326896
0.000416626
0.00322154
0.0030376
0.000355615
0.0025241
0.000777707
0.000109094
0.00488068
0.00174407
0.00248617
0.00172164
0.000859503
0.00208935
0.00030013
0.00802273
0.000199478
0.0010425
0.000116983
0.00021576
0.000841991
0.000980754
0.00258716
0.00387899
0.00334608
0.00193665
0.00209581
0.000555148
0.000381677
0.00218854
0.00215791
0.000840503
0.00224064
0.00193608
0.00374456
6.11005e-05
0.00263002
0.000304622
0.00527937
0.00333255
0.00075522
0.00302143
0.000540245
0.00624662
0.000929162
0.0026265
0.00607885
0.00203517
0.00218577
0.00415295
0.00267295
0.00137963
0.000141709
0.00990617
0.0026652
0.00174529
0.00641837
0.00498089
0.0039241
0.00192148
0.000623113
0.00760621
0.00181402
0.00133924
0.00443792
0.00353701
0.00231197
0.00320334
0.00381983
0.000995831
0.000593524
0.00415599
0.0013641
0.0140501
0.00133401
0.00074624
0.000259522
0.00332082
0.00154423
0.000919067
0.00110003
0.00139418
0.00408778
0.00515648
0.00224063
0.000548795
0.00420875
0.00639834
0.00199916
0.0030378
0.0013138
0.000495281
0.00185819
0.0044962
0.0029472
0.0073774
0.00248484
0.00376508
0.00115597
0.00304419
0.00650261
0.000968031
0.000739463
0.00094191
0.00442978
0.00223121
0.000546661
0.00517398
1.5717e-05
0.000368258
0.00310278
0.00416891
0.0015976
0.00310843
0.0013957
0.0039247
0.00303047
0.000585939
0.00345249
0.00801792
5.88148e-05
0.00302198
0.00257071
0.00168333
0.00817215
0.00248437
0.00463063
0.0046952
0.000414382
0.00111036
0.000598695
0.00334413
0.00209092
0.00449772
0.00111055
0.00377283
0.00100079
0.00417121
0.0105807
0.0014321
0.00396496
0.00163762
0.000355798
0.0087096
0.00160717
0.00095834
0.00347974
0.00807099
0.00613148
0.00691146
0.00740074
0.00285733
0.00342206
0.00991173
0.00375668
0.00177043
0.0102952
0.000160207
0.00159009
0.00181677
