0.174765
0.192572
0.189837
0.186887
0.18634
0.191871
0.186321
0.189753
0.188056
0.188229
0.191548
0.185721
0.190024
0.187099
0.18642
0.188223
0.186659
0.190203
0.190323
0.18633
0.186499
0.186362
0.190291
0.192176
0.186946
0.187789
0.186954
0.189488
0.185922
0.18731
0.188219
0.191377
0.187984
0.19056
0.186772
0.185934
0.192536
0.187529
0.190657
0.187902
0.188474
0.187813
0.186819
0.188691
0.187163
0.186908
0.186311
0.188756
0.190417
0.190644
0.186162
0.186963
0.186966
0.18972
0.187514
0.187757
0.18826
0.186969
0.186707
0.188982
0.186602
0.186868
0.192687
0.188741
0.189125
0.187436
0.189444
0.188377
0.188875
0.189916
0.18867
0.188642
0.187907
0.187957
0.191592
0.193872
0.188225
0.187579
0.186213
0.189456
0.192133
0.187155
0.186426
0.186996
0.191454
0.188839
0.18854
0.191354
0.194679
0.192138
0.189694
0.196215
0.190189
0.19602
0.194615
0.189877
0.197532
0.190613
0.195226
0.19378
0.190343
0.194855
0.190424
0.195577
0.190262
0.191118
0.196009
0.189806
0.195506
0.189871
0.193175
0.196009
0.191098
0.197184
0.191036
0.192794
0.19802
0.204646
0.196088
0.189847
0.189876
0.195495
0.188429
0.195975
0.190565
0.192926
0.196791
0.190165
0.195865
0.19002
0.192144
0.19579
0.189804
0.19594
0.191079
0.193039
0.196136
0.189833
0.190642
0.19626
0.193047
0.195511
0.18974
0.191127
0.196872
0.193839
0.197279
0.190503
0.189695
0.194888
0.192891
0.195912
0.190567
0.19072
0.195981
0.194169
0.196334
0.190726
0.191226
0.196872
0.194906
0.196043
0.190106
0.190357
0.196683
0.19356
0.195795
0.191862
0.189634
0.194058
0.191663
0.194233
0.189893
0.190287
0.195839
0.193062
0.194342
0.189533
0.187603
0.195871
0.192602
0.190377
0.187138
0.188829
0.193378
0.192235
0.192275
0.190396
0.190029
0.196034
0.194461
0.198384
0.191631
0.191315
0.194413
0.194284
0.191311
0.188351
0.191133
0.193008
0.193106
0.195205
0.190657
0.191033
0.188942
0.18889
0.198426
0.191371
0.195683
0.193205
0.189922
0.194939
0.191026
0.197769
0.194464
0.190343
0.195975
0.192117
0.18965
0.190825
0.189464
0.196487
0.190579
0.191743
0.191115
0.19203
0.196408
0.188579
0.190311
0.192169
0.19119
0.194446
0.191255
0.197447
0.193073
0.191645
0.196773
0.189086
0.194434
0.192633
0.189157
0.196327
0.190481
0.189459
0.196567
0.190745
0.196516
0.190194
0.190362
0.196812
0.18999
0.19608
0.190626
0.190325
0.197728
0.190456
0.195171
0.190349
0.190559
0.200259
0.191704
0.196998
0.187897
0.190998
0.198814
0.191761
0.192099
0.190793
0.196617
0.194354
0.190273
0.195917
0.190797
0.191586
0.191311
0.190105
0.196403
0.189861
0.190891
0.197933
0.190086
0.195935
0.189728
0.190066
0.197609
0.190567
0.195367
0.189785
0.191334
0.200522
0.190481
0.195672
0.191195
0.190927
0.200438
0.190441
0.197298
0.191452
0.191359
0.200764
0.191669
0.19518
0.191321
0.191526
0.199859
0.191407
0.195523
0.188545
0.191392
0.196076
0.190966
0.196736
0.191331
0.191301
0.198728
0.190748
0.190834
0.190706
0.195866
0.169645
0.170726
0.201102
0.192283
0.190832
0.187186
0.191416
0.197951
0.194236
0.192047
0.194991
0.191134
0.196457
0.193397
0.189559
0.194621
0.191242
0.195416
0.193114
0.186526
0.194719
0.190097
0.193052
0.190359
0.190104
0.193076
0.190375
0.194067
0.195701
0.191088
0.193942
0.190228
0.196429
0.193264
0.191954
0.196719
0.190547
0.194769
0.193015
0.189498
0.195957
0.190523
0.193717
0.194648
0.187813
0.19858
0.191228
0.197802
0.194482
0.191145
0.195745
0.190906
0.195748
0.194586
0.1916
0.197135
0.190911
0.196442
0.19438
0.191858
0.196573
0.192257
0.196992
0.194384
0.19144
0.196532
0.190236
0.197482
0.195836
0.190279
0.197326
0.190376
0.197022
0.195046
0.191381
0.197311
0.1914
0.198046
0.19463
0.191141
0.197275
0.191686
0.189939
0.192013
0.190596
0.19727
0.19044
0.190112
0.198269
0.190789
0.196001
0.190953
0.191669
0.20045
0.190623
0.196224
0.191442
0.191592
0.20043
0.190295
0.19618
0.191384
0.190213
0.201417
0.190239
0.196346
0.189614
0.191327
0.199198
0.190728
0.196868
0.191299
0.191022
0.19945
0.190448
0.196482
0.190724
0.190832
0.200573
0.190195
0.19626
0.190431
0.191547
0.199168
0.19142
0.197463
0.191063
0.191089
0.199733
0.191721
0.197535
0.191562
0.190774
0.199143
0.191419
0.196986
0.191216
0.191674
0.201354
0.192139
0.197354
0.190265
0.191306
0.200317
0.191311
0.191579
0.194269
0.191258
0.198701
0.191552
0.191472
0.196865
0.185629
0.20131
0.191899
0.190414
0.188998
0.19074
0.20107
0.190495
0.190125
0.188795
0.190608
0.199076
0.191999
0.191327
0.196973
0.191041
0.199182
0.190801
0.191153
0.195447
0.190634
0.197891
0.189679
0.190784
0.197606
0.190974
0.19938
0.190063
0.191878
0.198079
0.19137
0.198664
0.191279
0.190665
0.19721
0.19081
0.198696
0.190951
0.190862
0.197591
0.190827
0.198725
0.191536
0.190051
0.198221
0.192308
0.200771
0.191877
0.190958
0.196269
0.190654
0.197549
0.190952
0.189799
0.196424
0.189651
0.193121
0.194974
0.191839
0.196105
0.191606
0.19385
0.193887
0.191503
0.196912
0.191648
0.194553
0.196121
0.191226
0.19552
0.190501
0.191125
0.195769
0.190936
0.197262
0.190279
0.190262
0.198809
0.190613
0.197545
0.19147
0.191467
0.199664
0.190164
0.197167
0.190582
0.190792
0.199341
0.190901
0.197565
0.190948
0.190561
0.199966
0.190966
0.196056
0.191234
0.18983
0.199874
0.191261
0.19738
0.19155
0.19053
0.200057
0.191085
0.196867
0.190328
0.190555
0.19965
0.190739
0.191572
0.196884
0.191569
0.201326
0.190842
0.191581
0.19621
0.191616
0.199769
0.190775
0.191043
0.195398
0.191741
0.199669
0.190903
0.190922
0.196093
0.19185
0.199717
0.191512
0.190032
0.195483
0.19064
0.198756
0.191139
0.191976
0.195845
0.190172
0.198137
0.189854
0.189747
0.191374
0.187936
0.19728
0.189256
0.189014
0.191867
0.189996
0.197214
0.188177
0.188944
0.192907
0.189585
0.195952
0.190723
0.188922
0.19221
0.190248
0.19232
0.190411
0.190634
0.195288
0.188084
0.191338
0.191918
0.18861
0.194515
0.189062
0.191763
0.192116
0.188476
0.195444
0.188421
0.192613
0.192787
0.190581
0.191635
0.190154
0.189929
0.193412
0.189707
0.189193
0.192288
0.189361
0.1964
0.189095
0.190362
0.191648
0.188618
0.197978
0.188792
0.189357
0.191803
0.190015
0.197315
0.189066
0.189136
0.193401
0.187351
0.192082
0.189441
0.18901
0.194449
0.189664
0.192616
0.193214
0.190028
0.195832
0.18953
0.190158
0.191024
0.18962
0.194697
0.18813
0.193474
0.191375
0.188751
0.191352
0.189721
0.191203
0.191381
0.188171
0.188438
0.192146
0.192986
0.196213
0.188484
0.190358
0.190958
0.188663
0.195257
0.18779
0.189149
0.192137
0.189272
0.195915
0.188621
0.189062
0.192753
0.190023
0.192601
0.187545
0.188599
0.194767
0.189876
0.194107
0.192095
0.188739
0.195097
0.189892
0.195517
0.191576
0.188092
0.195159
0.189832
0.192405
0.193211
0.190472
0.19482
0.189595
0.192143
0.190594
0.188927
0.192945
0.187903
0.191817
0.191556
0.188442
0.189447
0.192591
0.192393
0.193649
0.188881
0.190081
0.192507
0.19112
0.19467
0.189078
0.189402
0.192922
0.193228
0.194974
0.189042
0.189311
0.192242
0.189793
0.192809
0.18987
0.190337
0.193294
0.189359
0.192069
0.187381
0.187676
0.192654
0.188699
0.191316
0.189624
0.189985
0.193387
0.188966
0.191742
0.190351
0.189366
0.194499
0.188548
0.191264
0.189579
0.188572
0.19437
0.187059
0.192617
0.192777
0.188933
0.19562
0.190044
0.192627
0.192323
0.18859
0.189252
0.187062
0.190955
0.191793
0.188877
0.18973
0.190878
0.19614
0.195441
0.190445
0.189598
0.192375
0.192188
0.194078
0.188022
0.189061
0.192584
0.19227
0.195617
0.18861
0.190061
0.191457
0.191165
0.192683
0.188359
0.188864
0.19152
0.192224
0.189678
0.192784
0.189287
0.195014
0.190289
0.190313
0.193304
0.190155
0.19471
0.189289
0.192562
0.192888
0.188866
0.19516
0.188917
0.191599
0.191898
0.188395
0.191722
0.189772
0.192081
0.191607
0.186646
0.189741
0.191224
0.19166
0.194664
0.189253
0.189726
0.19381
0.191455
0.193584
0.187311
0.189961
0.191929
0.192361
0.194403
0.189892
0.187802
0.191536
0.190807
0.189091
0.188745
0.189352
0.195387
0.191653
0.188386
0.191623
0.189796
0.196139
0.193065
0.188924
0.191005
0.190024
0.196087
0.188902
0.191978
0.192479
0.189477
0.195262
0.189413
0.191702
0.191601
0.189212
0.189867
0.189516
0.192254
0.193217
0.188774
0.188763
0.191408
0.191119
0.194679
0.187703
0.18801
0.190726
0.190622
0.192105
0.187448
0.188824
0.192511
0.191292
0.192365
0.189287
0.188496
0.191485
0.192688
0.189923
0.191853
0.188856
0.195243
0.192473
0.189209
0.192019
0.188919
0.194919
0.191811
0.189015
0.191723
0.189353
0.195141
0.190584
0.189251
0.19248
0.189332
0.192652
0.188032
0.191153
0.190882
0.189438
0.189624
0.190858
0.189808
0.194075
0.188519
0.188877
0.19253
0.191433
0.19308
0.188823
0.188756
0.192515
0.193586
0.194514
0.187518
0.1879
0.191435
0.192855
0.191154
0.189325
0.187779
0.191506
0.191301
0.190609
0.189163
0.189776
0.192347
0.193281
0.189721
0.193244
0.189717
0.195484
0.192552
0.189073
0.190195
0.189186
0.195621
0.190861
0.188298
0.19116
0.188818
0.192831
0.189757
0.188956
0.192217
0.188173
0.188014
0.192184
0.18924
0.192881
0.18864
0.188275
0.192422
0.19051
0.194628
0.188784
0.188432
0.192069
0.191746
0.195586
0.188901
0.188538
0.193071
0.192912
0.19507
0.189223
0.189617
0.191519
0.191842
0.191366
0.189232
0.189634
0.193138
0.19132
0.189417
0.192221
0.189368
0.195268
0.193122
0.189237
0.192288
0.189993
0.194165
0.190105
0.187484
0.19098
0.188739
0.191335
0.190695
0.190439
0.192497
0.190383
0.189531
0.193797
0.188058
0.193452
0.204063
0.189191
0.194517
0.189743
0.194264
0.189266
0.189165
0.194829
0.190308
0.194401
0.188362
0.190258
0.192814
0.192033
0.194079
0.189577
0.189915
0.19236
0.19218
0.191862
0.189092
0.191547
0.196695
0.194849
0.191487
0.196699
0.190797
0.196447
0.194039
0.191698
0.195715
0.190176
0.196573
0.194524
0.191345
0.195585
0.190633
0.195842
0.194365
0.19123
0.196132
0.190451
0.19676
0.194575
0.190659
0.197435
0.191239
0.196099
0.193595
0.191428
0.197519
0.191015
0.196587
0.193354
0.191177
0.197268
0.192182
0.197242
0.194284
0.189787
0.197288
0.1909
0.196024
0.194908
0.190062
0.197203
0.191402
0.198183
0.194568
0.191573
0.197592
0.191318
0.196067
0.193555
0.191039
0.197627
0.191212
0.191481
0.192848
0.190748
0.195299
0.191476
0.189401
0.199634
0.19151
0.195772
0.190007
0.190505
0.200038
0.191031
0.196278
0.190994
0.189891
0.19908
0.191491
0.195398
0.191015
0.191205
0.199558
0.187976
0.197362
0.19204
0.191639
0.198276
0.191602
0.196899
0.191566
0.191547
0.200157
0.192173
0.197155
0.19218
0.190265
0.199407
0.19209
0.196553
0.191005
0.191218
0.197473
0.191035
0.194118
0.190302
0.191345
0.200542
0.190777
0.195916
0.18602
0.193634
0.193699
0.191632
0.197329
0.186362
0.193561
0.190668
0.188568
0.198006
0.190545
0.193244
0.193666
0.191057
0.197211
0.191602
0.196323
0.193889
0.191854
0.196768
0.19011
0.19606
0.19408
0.190253
0.197191
0.19171
0.197455
0.19419
0.191343
0.197145
0.188569
0.196707
0.194218
0.191921
0.19742
0.186631
0.200118
0.188442
0.197081
0.188968
0.190206
0.19951
0.191017
0.197024
0.191234
0.191076
0.198359
0.191816
0.191738
0.195757
0.190215
0.198831
0.191046
0.190356
0.197733
0.191522
0.197597
0.191737
0.190639
0.194853
0.191414
0.198317
0.190156
0.190437
0.193862
0.192121
0.198565
0.191881
0.1908
0.198184
0.191381
0.198104
0.191563
0.190613
0.197005
0.191237
0.199672
0.190466
0.191059
0.196598
0.191766
0.198915
0.191603
0.190686
0.196453
0.191144
0.199469
0.191717
0.191488
0.195404
0.190558
0.199116
0.191009
0.190329
0.196326
0.190063
0.198847
0.191587
0.191624
0.196584
0.190108
0.197956
0.18912
0.190388
0.19768
0.190943
0.190375
0.198761
0.19151
0.197597
0.191023
0.191536
0.199125
0.190957
0.19567
0.190882
0.190541
0.196766
0.19119
0.195771
0.191188
0.189463
0.199254
0.190792
0.197118
0.190799
0.191073
0.200174
0.190829
0.19597
0.189944
0.189008
0.198729
0.190092
0.196748
0.190706
0.19139
0.199936
0.191524
0.196651
0.190673
0.190102
0.200522
0.190387
0.197754
0.192587
0.186682
0.198832
0.191126
0.19424
0.191364
0.191794
0.194218
0.190713
0.196544
0.19016
0.194608
0.196961
0.191176
0.196287
0.19164
0.193364
0.197023
0.190009
0.196429
0.19058
0.194384
0.19537
0.191644
0.196264
0.191748
0.19342
0.196263
0.19103
0.196733
0.190399
0.19201
0.197305
0.191242
0.196315
0.188314
0.191606
0.19722
0.191286
0.196137
0.190923
0.190877
0.197592
0.191324
0.196452
0.190982
0.191024
0.1991
0.191538
0.19655
0.186664
0.191103
0.197748
0.191698
0.196873
0.191041
0.191218
0.196983
0.190678
0.195724
0.191849
0.190655
0.199506
0.190851
0.196803
0.191448
0.189678
0.197362
0.19027
0.197317
0.19091
0.190373
0.200222
0.192045
0.196965
0.190614
0.191231
0.198935
0.19013
0.191101
0.193626
0.19127
0.199532
0.190558
0.192336
0.195375
0.191296
0.199625
0.190327
0.191342
0.198418
0.190384
0.201101
0.192086
0.191244
0.197607
0.191956
0.200322
0.190267
0.190608
0.19676
0.191103
0.196934
0.191343
0.190467
0.196746
0.190863
0.200867
0.190728
0.19149
0.196742
0.191359
0.199548
0.190972
0.191011
0.196879
0.19142
0.200149
0.190369
0.190299
0.197196
0.191568
0.199577
0.191273
0.189764
0.197283
0.191702
0.199079
0.191407
0.190325
0.197097
0.19102
0.200682
0.190749
0.191487
0.196278
0.191746
0.195128
0.1886
0.190736
0.196825
0.190945
0.194411
0.1939
0.191533
0.197999
0.190724
0.19505
0.194943
0.191517
0.196503
0.190364
0.193864
0.195144
0.190474
0.196339
0.191661
0.193668
0.19618
0.191476
0.195792
0.191123
0.194736
0.196994
0.190426
0.195813
0.191331
0.194722
0.196896
0.18935
0.196815
0.191516
0.193833
0.197955
0.191123
0.195893
0.191245
0.195042
0.196668
0.191717
0.19782
0.19205
0.194604
0.198309
0.190761
0.196387
0.191828
0.195064
0.197181
0.190449
0.196244
0.19255
0.192664
0.196406
0.191649
0.196029
0.190534
0.192653
0.196839
0.18954
0.197287
0.191187
0.193125
0.197621
0.189263
0.197147
0.191084
0.192737
0.196762
0.191741
0.197642
0.191383
0.193362
0.19629
0.191051
0.190739
0.195967
0.193643
0.197922
0.19121
0.191024
0.196597
0.191192
0.196147
0.191319
0.190615
0.197127
0.193004
0.195447
0.191015
0.190542
0.196907
0.192924
0.197297
0.191322
0.191041
0.196988
0.194291
0.19642
0.191246
0.191312
0.197496
0.193095
0.196633
0.190482
0.191501
0.198158
0.193426
0.196856
0.191656
0.190657
0.195893
0.194548
0.19752
0.19122
0.190829
0.197079
0.193942
0.197398
0.192015
0.192342
0.197351
0.195177
0.196938
0.190487
0.19109
0.196783
0.193353
0.196989
0.190681
0.191998
0.19747
0.193202
0.197044
0.191362
0.191595
0.197555
0.193874
0.197596
0.190495
0.190232
0.197047
0.194596
0.196706
0.190952
0.190885
0.197708
0.193711
0.191663
0.196884
0.191907
0.197849
0.194141
0.191664
0.195963
0.191561
0.196236
0.19004
0.190502
0.194208
0.190529
0.195754
0.191085
0.191764
0.191352
0.189221
0.193468
0.189836
0.1925
0.191104
0.187954
0.190472
0.189212
0.190637
0.19196
0.188811
0.190342
0.190964
0.191924
0.19437
0.188507
0.189978
0.189279
0.191616
0.192922
0.18917
0.189661
0.191101
0.192388
0.195166
0.189007
0.189996
0.190356
0.191124
0.191633
0.189163
0.189835
0.191724
0.192217
0.190674
0.188164
0.190183
0.193793
0.192748
0.18685
0.190101
0.189495
0.192393
0.190584
0.189375
0.192205
0.189247
0.191327
0.191444
0.188885
0.188888
0.187615
0.194317
0.188406
0.189401
0.187552
0.187866
0.187222
0.187712
0.18952
0.192402
0.185621
0.188916
0.188727
0.189429
0.193436
0.187505
0.189868
0.187945
0.190427
0.19391
0.187565
0.186975
0.188997
0.190714
0.189334
0.188247
0.188671
0.18965
0.191091
0.188243
0.188764
0.189599
0.195238
0.191431
0.188476
0.187268
0.188247
0.193777
0.19068
0.185932
0.189226
0.187558
0.187422
0.187904
0.191181
0.193551
0.188288
0.188723
0.189723
0.19081
0.1926
0.186954
0.18851
0.189555
0.190623
0.193492
0.188054
0.188346
0.187139
0.190959
0.188634
0.188218
0.187045
0.18816
0.190397
0.186931
0.188459
0.187069
0.192896
0.191006
0.188179
0.187364
0.188632
0.194499
0.191201
0.187847
0.188609
0.187887
0.188515
0.190632
0.188065
0.187937
0.188529
0.187827
0.188419
0.189326
0.194437
0.189478
0.188509
0.189825
0.189579
0.193365
0.186811
0.188216
0.188277
0.190374
0.189081
0.187482
0.187052
0.187265
0.191166
0.188155
0.187309
0.186702
0.191881
0.190426
0.186921
0.187654
0.186719
0.187432
0.189313
0.187334
0.187267
0.186115
0.187564
0.186118
0.185873
0.192341
0.188214
0.187036
0.188636
0.189334
0.194487
0.18652
0.187796
0.188396
0.191324
0.193861
0.188781
0.187887
0.186609
0.190284
0.188113
0.188968
0.187948
0.194076
0.191239
0.189449
0.188634
0.189822
0.190436
0.190203
0.189348
0.188817
0.188335
0.190953
0.189092
0.186531
0.185971
0.187416
0.186065
0.187253
0.187465
0.188856
0.187886
0.18804
0.190682
0.187397
0.194127
0.185491
0.188605
0.187379
0.188142
0.188431
0.187769
0.188319
0.188287
0.189247
0.187287
0.186736
0.187267
0.19393
0.191051
0.188604
0.187814
0.188239
0.193116
0.191721
0.188344
0.188283
0.188916
0.188863
0.190704
0.18847
0.1936
0.187762
0.18785
0.189801
0.187793
0.192342
0.188205
0.188178
0.190421
0.188917
0.192814
0.188611
0.188654
0.189518
0.190526
0.185937
0.187433
0.187996
0.193124
0.189899
0.189013
0.188548
0.187706
0.192922
0.189019
0.188546
0.188247
0.187528
0.187929
0.189361
0.18645
0.186794
0.187137
0.187877
0.18977
0.186302
0.192351
0.185073
0.186071
0.18966
0.186519
0.191835
0.188432
0.188112
0.190351
0.187892
0.18928
0.188511
0.189033
0.191724
0.188615
0.188836
0.188339
0.188911
0.193548
0.191388
0.190147
0.187758
0.189399
0.193409
0.246857
0.185263
0.186944
0.186945
0.193633
0.188036
0.187319
0.186414
0.188512
0.195344
0.189385
0.186005
0.187015
0.186378
0.186885
0.188848
0.186661
0.192093
0.18708
0.186223
0.190212
0.18776
0.192998
0.187745
0.185992
0.18923
0.188306
0.194546
0.188538
0.188628
0.191067
0.188749
0.188128
0.189289
0.188454
0.196442
0.188534
0.189255
0.187969
0.188108
0.194408
0.189773
0.188239
0.187955
0.188524
0.189254
0.19005
0.187594
0.188673
0.186197
0.187656
0.190791
0.188976
0.194246
0.187978
0.188328
0.214319
0.187977
0.193373
0.188113
0.187804
0.19628
0.188993
0.193745
0.18842
0.18672
0.192543
0.187366
0.189148
0.18839
0.187607
0.190984
0.187505
0.199381
0.190257
0.188603
0.195691
0.188505
0.1879
0.187913
0.187745
0.197235
0.188364
0.188809
0.189923
0.18912
0.188296
0.190891
0.188006
0.189411
0.189085
0.188649
0.190814
