0.00294015
0.00142337
0.00342211
0.000295391
0.00643143
0.0059218
0.000115239
0.000575271
0.00452722
0.000127947
0.00478137
0.00218277
0.00043844
0.00338514
0.00282149
0.00206165
0.000857028
0.00499523
0.00693872
0.00123579
0.0014273
0.00176906
0.00152317
0.00194975
0.00304152
0.000807858
0.00266988
0.000103862
0.00247301
0.00108
0.00662797
0.00218196
0.000116701
0.00240682
0.00174357
0.00244845
0.00191957
0.000437801
0.00514277
0.00116656
0.00344711
0.00376167
0.00262619
0.00195159
0.00173635
0.000921852
0.00236124
1.06535e-05
0.000668581
0.0110185
0.00182945
0.0029854
0.00269074
0.00377333
0.00242136
0.00166973
0.00672796
0.00332274
0.000192649
0.00566878
0.00170749
0.00218375
0.000483655
0.00332941
0.00563071
0.00197431
0.00294286
0.00105345
0.00338355
0.000818424
0.00180296
0.00218219
0.00188198
0.000704708
0.00280977
0.00096499
0.000792402
0.00189077
0.000749995
0.000222333
0.00493838
0.00316069
0.00182976
0.0010132
0.00036488
0.00391272
0.000405999
0.0023885
0.000177655
0.00743538
0.000669298
0.00643083
0.00700839
0.00189865
0.000846356
0.00230164
0.00368386
0.000580764
0.00163168
6.65658e-05
0.00441995
0.00373822
0.000260927
0.00319601
0.00329788
0.00176622
0.000362705
0.00167454
0.00142843
0.0015992
0.00154327
0.00260364
0.00173863
4.26176e-05
0.00162232
0.00244513
0.000144853
0.00404025
0.000123563
0.00203725
0.0011413
0.00332739
0.00172863
0.00109824
0.00181438
0.00102618
0.00255356
0.00159007
0.000413672
0.00311013
0.00236586
9.10849e-05
0.00345361
0.00479924
0.000539815
0.00208536
0.00088588
0.00134429
0.0026029
0.000611521
0.00280452
0.00119915
0.00145973
0.00297698
0.00926392
0.00380167
0.00175867
0.00332482
0.00319562
0.000641693
0.00246749
0.000673682
0.00307222
0.00100621
0.00190477
0.00123787
0.00241348
0.00360114
0.000601993
0.0079484
0.00114011
0.000117032
0.00258609
0.000156518
0.00120659
0.00086274
0.00106444
0.00224392
0.00508106
0.00371755
0.0113135
0.00165333
0.00104798
0.000301504
0.00034407
0.00439103
0.0012374
0.00754019
0.000224824
0.0047291
1.7613e-05
0.00234957
0.00201829
0.000256394
0.00155451
0.00189508
0.00153275
0.00285365
0.00108602
0.001527
0.00246414
0.000787599
0.00882974
0.00027999
0.013015
0.000829309
0.00553874
0.000208189
0.00168737
0.0012985
0.00159586
0.0013716
0.00108683
0.000503258
0.0090378
0.00118806
0.00249243
0.000697569
0.00253676
0.00174391
0.00162667
0.00271512
5.65114e-05
0.00123234
0.00140939
0.000738667
0.000352083
0.00139931
0.00309928
0.00190658
0.00178789
0.000933982
0.0051657
0.019011
0.013456
0.00483613
0.00419374
7.94105e-05
0.00125465
0.00488636
0.00407168
0.00167486
0.00134366
0.00384855
0.000375728
0.000566041
0.000592699
0.00193144
0.00117486
0.0015344
0.0018138
0.00159562
0.00268072
0.000960452
0.000709972
0.00273221
0.00215038
0.000871393
0.00043307
0.00182719
0.00015638
0.00178708
0.000556572
0.00196986
0.00322894
0.00168922
0.000345846
0.00114964
0.00138878
0.002884
0.00353961
0.00249993
0.00464763
0.00448609
0.00321047
0.00252195
0.00794877
9.15378e-05
0.00317752
0.000414435
0.00277526
0.000812342
0.000513802
0.000424493
0.00148058
0.000669399
0.00133209
0.00022827
0.00028616
0.00159748
0.000556003
0.000339935
0.00071472
0.00169821
0.000717608
0.00415417
0.00277692
0.00135019
0.0173902
0.01422
0.00178308
0.000557386
0.00969931
0.00137352
0.00120775
0.00143218
0.00100271
0.00160326
0.0084427
0.00580594
0.000909166
0.000289946
0.00233296
0.00300333
0.00934899
0.00146058
0.000141091
0.00245129
0.00146249
0.0043424
0.00110793
0.00279307
0.00166616
0.00345089
7.13648e-05
0.00190162
0.00499192
0.00158128
0.00436857
0.000646998
0.00101128
0.000631921
0.00032447
0.000107253
0.00484578
0.0013115
0.0012698
0.00678435
0.000866945
0.000623605
0.00425877
0.00523047
0.000407928
0.00333036
0.00194121
3.84693e-05
0.0014669
0.000479767
0.000712406
0.00906612
0.000573626
0.00258421
0.00155959
0.00133766
0.00064696
0.002572
0.000151436
0.00115502
0.00121659
0.00365844
0.0038322
0.000739795
0.000402272
0.00579554
0.000211288
0.00566604
0.00121444
0.00138789
0.00358976
0.00372257
0.00139012
0.000973579
0.00371275
0.000497217
0.000406094
0.00469067
0.00374181
0.00786298
0.000665597
0.00118069
0.00386919
0.000371476
0.00113216
0.00352913
0.00165405
0.00126052
0.00067218
0.000924749
0.00581814
0.00100443
0.000318941
0.000688079
0.00677094
0.00438191
0.000266583
0.00102391
0.000599258
0.00523201
0.00245835
0.00113262
0.00111355
0.000644122
0.000634604
0.0029962
0.00465234
0.00378493
4.03962e-05
0.00386042
0.00254862
0.00112161
0.00550958
0.00231432
0.00641076
0.00528842
0.00166187
0.00161154
0.000742446
0.00283764
0.00317336
0.00337983
0.00519132
0.000249816
0.0014187
0.00118
0.000958632
0.000569321
0.00140386
0.00146225
0.000924048
0.00826211
0.0207663
0.00239469
0.000466228
0.0034745
0.00439509
0.000115527
0.0015821
0.00284751
2.16101e-05
0.00448978
0.0168812
0.00123742
0.00219038
0.00118019
0.00128375
0.00120896
0.00123576
0.00215614
0.00349401
0.000714283
0.00444199
0.000470235
0.00059484
0.00140087
0.00311678
0.00347964
0.00180547
0.00238159
0.0010593
3.92075e-05
0.000722699
0.00209697
0.00341934
0.000688488
0.00315924
0.00275624
0.00102796
0.00093023
0.00230286
0.00580707
0.000490627
0.00296863
0.00419301
0.00111983
0.00383736
0.00598786
0.00593448
0.000211269
0.00193348
0.00664849
0.00316351
0.00586436
0.000992969
0.000751985
0.00124989
0.00404633
0.00472952
0.00222131
0.00694038
0.00324452
0.00377322
0.00138039
0.00430836
0.00225646
0.000346198
0.000776052
0.0973718
0.00365386
0.00152935
0.0123444
0.000109827
0.00272683
0.00291646
0.00239186
0.00024505
0.00166524
0.00073386
0.00146923
0.00191486
0.00195564
0.00783357
0.00138612
0.00362128
0.000933352
0.000518205
0.000754579
0.00127025
0.00105261
0.00360086
0.00385359
0.00530765
0.00110156
0.00140108
0.000501899
0.000577362
0.0028113
0.00023346
0.000240621
0.00458166
0.00438373
0.0118319
0.000201729
0.00232385
0.000835606
0.0034379
0.000684024
0.00497089
0.00029358
0.00575871
0.0023608
0.000417731
0.000571871
2.96409e-06
0.00125581
0.00669766
0.00279539
0.00326826
0.00213364
0.00289469
0.00124221
0.000678434
0.000148935
0.000717893
0.00507841
0.00320517
0.000305063
0.00321025
0.00511855
0.00222614
0.00010232
0.00103237
0.00398439
0.00279072
0.00090722
0.00101587
0.00283536
0.000276133
0.00145579
0.000412858
0.00352624
0.00281084
0.000693669
0.00419492
0.00105251
0.00694819
0.00173794
0.000932281
0.0040505
0.00255012
0.00161562
0.00059575
0.00632454
0.00152147
5.33913e-05
0.00300558
0.00303214
0.000330051
0.00513958
0.00196393
0.00147759
0.000294101
0.00223598
0.000127297
0.00211289
0.00016483
0.00178636
0.00214527
0.00414051
0.00319117
0.00165265
0.00250249
0.000755072
0.000326751
0.00139214
0.00358647
0.000660734
0.00294164
0.00230711
0.00217502
0.000580289
0.00244554
0.00119753
0.00197947
0.000786443
0.00209499
0.0018316
3.63453e-05
0.00214209
0.000192246
0.00139695
0.00242605
0.00186249
0.000603343
0.0032266
0.00229683
0.00256674
0.000957447
0.000977674
0.00351694
0.000785442
0.000413387
9.18311e-05
0.00348349
0.00146224
0.000418461
0.000503385
0.00178264
0.000971621
0.00534881
0.00208058
0.00120647
0.00075717
0.00227401
0.00100652
0.000227036
0.000692451
0.00145576
0.00187532
0.000123381
0.00158317
0.00059965
0.000393244
0.000418445
0.00741364
0.000500672
0.00140042
0.00129726
0.00278126
0.00256601
0.00100903
0.000125227
0.00256383
0.000679723
0.000131289
0.000465537
0.00246535
0.010054
0.0136394
0.000785373
0.00164038
7.09261e-05
0.000993424
0.00206366
0.00412271
0.00216228
0.00354166
0.00154809
0.00020022
0.00432186
0.000581487
0.000903864
0.000770899
0.000334333
0.00126122
0.000420317
0.00244293
0.000962031
0.0016264
0.00150723
0.00085068
0.00120011
4.78663e-05
4.00434e-05
4.56946e-05
0.000241332
0.000158334
0.00422107
0.0022906
0.00175779
0.000209867
0.000605367
0.00183865
0.00157807
0.000901806
0.000492468
0.00242931
0.00170749
0.000641131
0.00333566
0.00299506
9.31627e-05
0.000407891
0.0020089
0.00247669
0.00126122
0.00473187
0.0012157
0.00163073
0.00397493
0.00315227
0.00265116
0.00448903
0.00293058
0.000184909
0.00235795
0.00215626
0.00306538
0.00107042
0.00273149
0.00045633
0.00275713
0.00200764
0.000694808
0.00164157
0.00397823
0.00292606
1.42418e-05
0.000981937
0.00138604
0.00201447
0.000322809
0.000500069
0.00134382
0.00130878
0.00143012
0.00119562
0.00125972
0.00334891
0.00190517
0.00134279
0.00153303
0.00263851
0.000912141
0.00205885
0.00375776
0.00052741
0.000160282
0.000294214
0.00357745
0.00657693
0.000792791
0.000912731
0.00118541
0.00167378
0.00151027
0.0015017
0.00481824
0.000393328
0.00131669
0.00177572
0.00583244
0.002262
0.00619273
0.00541557
0.00125184
0.00186973
0.000181691
0.00207717
0.000283594
0.00139819
0.000306058
0.00689246
0.00295888
0.000191217
0.000914804
0.0030466
0.00294738
0.000860289
0.00160588
0.00120833
0.141539
0.00302763
0.00310517
0.000281342
0.00285163
0.00193937
0.000168189
0.00143514
0.00185708
0.00295353
0.00670055
0.00135545
0.000139463
0.00171172
0.00247358
0.00264762
0.0019188
0.00164381
0.00299692
0.00185717
0.000673408
0.00287181
0.00370634
0.00350278
0.00398481
0.00110428
0.00498081
0.000740515
0.00284623
0.00330028
0.00153468
0.000317991
0.00168407
0.000443272
0.000589322
0.00501604
0.00354444
0.00165965
0.00207625
0.00223255
0.00121849
0.00116032
0.000323974
0.000682893
0.00184373
0.000463694
0.00167435
0.00207012
0.00506172
0.000809456
0.00139244
0.000275396
0.000574468
0.00205249
0.00113184
0.00388622
0.00260768
0.00230409
0.000446324
0.00120892
0.00276367
0.000875315
0.00163191
0.00253915
0.00233696
0.00605355
0.000318968
0.00338444
0.001932
0.00158641
0.00127731
0.000287898
0.00201307
0.00241635
0.000903218
0.00311996
0.00820605
0.000234513
0.000132076
0.00404493
0.000828479
0.00566028
0.00178501
0.0027308
0.00223358
0.00456281
0.00190979
0.00108874
0.00684925
0.00978838
0.00200018
0.00101532
0.00184585
0.00139465
0.00895985
0.00540113
0.00698506
0.00102088
0.00224139
0.000244459
0.00601904
0.00129445
0.00264274
0.00254117
0.00115701
0.00215595
0.00292536
0.0016832
0.00279952
0.0023044
7.53161e-06
6.45216e-05
0.00358674
0.0015067
0.00127097
0.00195642
0.00404913
0.00121116
0.00162058
0.00315686
0.000544016
0.000504517
0.00051646
0.00349025
0.000303707
0.00168613
0.00235829
0.000619468
0.00062567
0.00241044
9.70183e-05
0.00206718
0.0020323
0.00257911
0.0038212
0.00136778
0.00173262
0.00176535
0.000600716
0.00075544
0.000720797
0.00114098
0.00103834
0.00223289
0.00116165
0.0017713
0.00059108
0.00213227
0.000297872
0.000622726
0.00823609
0.00328953
0.00249676
0.00162553
0.00119941
0.000922299
0.00166402
0.0049552
0.00173922
0.00321252
0.0040936
0.00123512
0.00485101
0.00324245
0.00475597
0.00144295
0.0003088
0.00205058
0.000285229
0.00559426
0.000152068
0.000219893
0.000482298
0.000626473
0.000703707
0.00210669
0.000999513
0.00403366
0.00250034
0.00147201
0.000974325
0.0033063
0.00176197
0.00224645
0.000754042
0.00228676
0.00169266
0.00324329
0.000566185
0.00163834
0.00487585
0.00148055
0.000473609
0.00569671
0.000678605
0.00245258
0.00192812
0.000534432
0.000462594
0.00361407
0.00114999
0.00314818
0.000337732
0.00192
0.00366247
0.00167908
0.000309029
0.00125314
0.000445645
0.000457664
1.48572e-05
0.00193136
0.00430436
0.00200107
0.00210791
8.0456e-05
0.00156422
0.0014618
0.00455537
0.00121464
0.00213697
0.00333418
0.00128274
0.00237638
0.000971324
0.00381077
0.00100077
0.00107217
0.000751882
0.00127003
0.00105087
0.00290789
0.00017886
0.000154107
7.98593e-05
0.00169352
0.00142446
0.00215987
0.000539654
0.00442638
0.000188253
0.124453
0.00476461
0.00225221
0.000730156
0.000338631
0.00235686
0.00149108
0.00185714
0.00929034
0.00298482
9.76068e-05
0.00158889
0.00102788
0.00607622
0.000181688
0.00435473
0.00181799
0.00543115
0.000811138
0.00408045
0.00752647
0.00165753
0.00199035
0.00120166
0.00115274
0.00194495
0.000252161
0.00679033
0.00254863
0.00170193
6.84725e-05
0.000377155
0.000396195
0.00612332
0.000412768
0.00058052
0.00133726
0.00521323
0.00443677
0.00115902
0.00136963
0.00172812
0.000219
0.00928927
0.00615705
0.00227344
0.00370919
2.20599e-05
0.0019396
0.00267178
0.00307519
0.00200475
0.00290447
0.000324904
0.0032393
0.00604067
0.00185232
0.00465463
0.00867579
0.00312948
0.00258358
0.00235595
0.00106323
0.00335763
0.000871952
0.00221276
0.0089936
0.0034884
0.0014192
0.0013456
0.00218958
0.00147102
0.00143054
0.00224566
0.00199307
0.00139472
0.000665028
0.00454857
0.00809333
0.00194683
0.000478023
0.000611315
0.000545401
0.000385517
0.00163922
0.000920829
0.000624093
0.000230039
0.00443469
0.00456444
0.00282276
0.00435733
0.000141638
0.000163113
0.00267007
0.00255543
0.000799947
0.00262386
0.000140357
0.00959563
0.000221593
0.00350886
0.00377618
0.00138937
0.000208274
0.00327039
0.00440802
0.00196389
0.00238949
0.00157878
0.000589795
0.00581436
0.00364501
0.000237078
0.000872901
0.0030575
0.00675196
0.00690844
0.00289526
0.00813998
0.00288383
0.00174017
0.00254084
0.000468299
0.00646589
0.00267925
0.0109623
0.00221169
0.00636549
0.00313897
0.000986606
0.000453297
0.00114326
0.00951215
0.00874531
0.00433935
0.00182197
0.0014224
0.0015719
0.00230624
0.000751161
0.00220942
0.00181112
0.00460158
0.00396668
0.00152272
0.00417678
0.000814934
0.000458983
0.00463424
0.00175776
0.000367293
0.000986666
0.00156299
0.0108506
0.00876862
0.00441904
0.00141757
0.00435621
0.00837697
0.00645018
0.00399995
0.00445505
0.00291611
0.0037933
0.00114987
0.00202279
0.00148604
0.000886423
8.56476e-05
0.0055868
0.00250928
0.00118262
0.00465347
0.00100916
0.00142332
0.00018215
0.000293414
0.00280038
0.000578779
0.00555393
0.00122045
0.00415618
0.00549095
0.00469089
0.00262169
0.00119785
0.00147286
0.00244576
0.000487678
0.00182466
1.62257e-05
0.00124932
0.00251839
0.001544
0.00197076
0.000459847
0.00483317
0.000719909
0.00101485
0.00449732
0.00365179
0.00195254
0.000867386
0.00241753
0.00394472
0.000424967
0.00317512
0.00143315
0.00472845
0.00126814
0.00191668
0.00441156
0.000766575
0.000951702
0.00100695
0.00249855
0.00209134
0.00510454
0.00109031
0.00132434
0.00155695
0.000135718
0.00643787
0.00241721
0.00391155
0.00706695
0.000258982
0.000905418
0.00310908
0.000886044
0.00238113
0.00305544
0.00377877
0.0018293
0.00131407
0.000406058
0.00200122
0.00307133
0.00187911
0.000240027
0.00131679
0.000498939
0.00102433
0.00234546
0.000578518
0.00450973
0.00070365
0.000507107
0.00150568
0.000738718
0.00039828
0.00080534
0.000495282
0.00221991
0.00177801
0.000176438
0.00380131
0.0010687
0.00115407
0.00389779
0.000125954
0.00529056
0.00709746
0.00135547
0.0023453
0.000268681
0.00195586
0.00130761
0.000190701
0.000516367
0.00230906
4.47162e-05
0.00231343
0.00319909
0.00308889
0.00211482
0.0076964
0.00194014
0.00133945
0.000122049
0.000397829
0.00159195
0.000970532
5.51546e-06
0.000896125
0.000458853
0.00042665
0.00133835
0.0028334
0.000351911
0.0025463
0.00125544
0.00157512
6.97597e-06
0.00185238
0.00153796
0.00200516
0.00254503
0.00216544
0.0102872
0.000255551
0.0392948
0.000472871
0.000864533
0.00169035
0.00174127
0.00221039
0.00172905
0.0040498
0.000549275
0.00298063
8.21649e-05
0.00165707
0.00253529
0.000331783
0.00347423
8.51562e-05
0.00550654
0.00210408
0.00264465
0.00354863
0.00383393
0.0014936
0.00380157
0.000172982
0.00114671
0.000153548
0.000719138
0.00160313
0.00270699
0.00135838
0.00117968
0.000479751
0.00450118
0.00141442
0.0026497
0.00209999
0.00280779
0.00581509
0.00178558
0.00122721
0.0020735
0.00133086
0.000686335
0.000916105
0.00413987
0.00293565
0.00432092
0.000255163
0.000225209
0.000935126
0.000651991
0.00752753
0.0015145
0.00143702
0.000185622
0.000121824
0.000542317
0.0107251
0.000796739
0.00191983
0.00353605
0.000638617
0.00410196
7.22658e-05
0.00242921
0.000826668
0.00592974
0.00130319
0.000545875
0.00123486
0.000431048
0.00344945
0.000349946
0.000158061
0.00410087
0.00184881
0.00305306
0.000170611
0.00595105
0.00144578
0.00329876
0.00108489
0.00385287
0.000811898
0.00367815
0.000508459
3.46608e-05
0.00040853
0.00467567
0.000417512
7.144e-05
0.000563124
0.000906276
0.00126459
0.00187887
0.00378457
0.00406714
0.000475227
0.00153422
0.00154928
0.000287482
0.00118292
0.00293295
0.00324206
0.000535242
0.00428581
0.00140942
0.00354943
0.001543
0.00153851
0.00202985
0.000653199
0.0041265
0.00435704
0.00475219
0.00265783
0.00173345
0.00069089
0.000551421
0.000117725
0.00287634
0.00130701
0.00253465
0.00360747
0.000508212
0.00265221
0.000952488
0.00477151
0.000397661
0.00127829
0.000531889
0.00249828
0.00998582
0.00272697
0.00295549
0.00243859
0.00123829
0.00125957
0.00339254
0.000803967
0.00328072
0.00101589
0.00333051
0.000343393
0.00132116
0.00455441
0.00142455
0.00507701
0.0016751
0.000212031
0.00181767
0.000346505
0.00450887
0.00238958
0.000441142
0.00374165
0.00887618
0.00113489
0.00131113
0.00249839
0.00057787
0.00204771
0.00313884
0.00180112
0.00145646
0.00147431
0.00175031
0.000456774
0.00389905
0.000956223
0.000441801
0.00368197
0.00280246
0.00596727
0.00310193
0.0035243
0.00253932
0.00450459
0.00158913
0.00362982
0.000606568
0.00255701
0.0070205
0.00776951
1.88133e-06
0.0035397
0.00392567
0.000415941
0.00412595
0.00658212
9.86353e-06
0.00503024
0.000723775
0.00329314
0.000191706
0.00601741
0.00210391
0.000257833
0.00171108
0.00128817
0.00249463
0.00149881
0.00453645
0.00173698
0.00484422
0.00139976
0.00239011
0.00797774
0.000472418
0.00155835
0.0025427
0.00489279
7.16209e-05
0.000413669
0.00121382
0.00250369
0.00446415
0.00131712
0.00239192
0.000543889
0.00137102
0.000451775
0.00263279
0.00180866
0.000518992
0.00146316
0.000463874
0.00588887
0.00350307
0.00193209
0.00191119
0.00528714
0.00074886
0.00768502
0.00041671
0.000581247
0.00476864
0.00153051
0.00213338
0.00117398
0.00207303
0.00254736
0.00242205
0.00240132
0.00328785
0.00135505
0.00195082
0.00291155
0.000944882
0.00176903
0.00593334
2.31676e-05
0.000714884
0.00124555
0.00433544
0.0055231
0.00511635
0.000900166
0.00647648
8.26599e-05
6.09626e-05
0.00808787
0.0020416
0.002304
0.0009246
0.00217489
0.00266345
0.00376327
0.00165607
0.00121057
0.00256162
0.000141383
0.00235579
0.00319008
0.00288179
0.00237736
0.00131905
0.000276272
0.00187374
0.00542545
0.00255394
0.00759905
0.00316933
0.000283638
0.000569607
0.0034343
0.00331503
0.00142022
0.00315904
0.0038688
0.00341267
0.00535428
0.00184337
0.0017668
0.0025833
0.000799729
0.00891502
0.000937574
0.00134724
0.000308976
0.0019321
0.00451338
0.00946748
0.00382396
0.00400344
0.00177819
0.00191973
0.00314168
0.00127093
0.00085621
0.00105417
0.00901182
0.00235608
0.000126689
0.00463011
0.00423784
0.00183682
0.00102178
0.00709888
0.00442636
0.0035312
0.00412481
0.00108221
0.00207087
0.00364112
0.00208675
0.00100644
0.00297298
0.00126525
0.00126075
0.000569123
0.00756637
0.00542735
0.00471372
0.00428009
0.0006378
0.0044044
0.00288954
0.00280112
0.000417284
0.000171778
0.00155481
0.00288312
0.000880585
0.00382408
0.0019058
0.0060976
0.000352437
9.82256e-05
0.0075396
0.0163664
0.00386096
0.00807557
0.00120028
0.00707976
0.00162735
0.00244378
6.9569e-05
0.000984851
0.00250134
0.00074068
0.000912658
2.58905e-05
0.00364047
0.00227246
0.00194126
0.000254551
0.000844145
0.00070146
0.00167499
0.000777881
6.36169e-05
0.000341184
0.0034735
0.00313058
0.000813596
0.00283971
0.00287523
0.000514549
9.68257e-05
0.00283807
0.00692441
0.00250908
0.00185781
0.00223642
0.0025513
0.00242448
0.00770197
0.00402913
0.00253621
0.00106131
0.000716495
7.72377e-05
0.00767609
0.000687935
0.000257839
0.00121181
0.00569118
0.00650669
0.00583987
0.00332863
0.000161161
0.00180635
0.00216817
0.00286097
0.00423558
0.00269515
0.00220411
0.00186861
0.00560667
0.00430715
0.00571668
0.000527158
0.00102518
0.00173402
0.00480345
0.00635446
0.00142856
0.00216578
0.000797329
0.00036262
0.00231932
0.00490436
0.00318504
0.00301852
0.000210261
0.000469161
0.00279948
4.0197e-05
0.0018491
0.00153691
0.00266311
4.72579e-05
0.000603649
0.0012259
0.000856228
0.000768621
0.00259218
0.00100531
0.00185361
0.00413921
0.129088
0.00295682
0.000786517
0.00577731
0.00223263
0.000449738
0.00913186
0.002802
0.000142773
0.00453184
0.000777637
7.71116e-05
0.000286931
0.00256949
0.00233665
0.000485945
0.00373054
0.00176501
0.00363433
0.00170656
0.00590702
0.00608117
0.000533027
0.00920351
0.00113953
0.00211272
0.00846718
0.00440832
0.00348688
0.00817403
0.00201563
0.00092889
0.00150084
0.00232129
0.0032899
0.134126
3.26044e-05
0.00127037
0.000429063
0.00469501
0.00282329
0.00540185
0.00378154
0.000161972
0.00334241
0.000789231
0.000216598
0.00514486
0.00181099
0.00155284
0.00198496
0.00214289
0.000189431
0.00211711
0.00421892
0.00393746
0.00335352
0.00195996
0.00399249
0.00313718
0.0038884
0.00558678
4.79189e-05
0.000633746
0.00602332
0.00439118
0.00101809
0.00123873
0.00211279
0.00586408
0.00253325
0.000715844
0.000413611
0.00132149
0.00146618
0.001378
8.33824e-05
0.00153978
0.000520337
0.00403024
0.00184711
0.00205741
0.00536202
0.00349356
0.00132502
0.00165619
0.00354379
0.00767723
0.00210596
0.00137578
0.000133676
0.00112408
0.0020638
0.00169093
0.00846738
0.000575185
0.00225194
0.000870182
0.00122892
0.000291074
0.00142583
0.00256297
0.00252613
0.001275
0.00501959
0.00452107
0.00253739
0.00321649
0.00103123
0.00118895
0.00119819
6.83052e-05
0.00153446
0.00126141
0.000306781
0.00145876
0.00118828
3.55818e-05
0.00128965
0.00357683
0.00380261
0.00516371
0.00320203
0.00408606
0.00118225
0.000832707
0.00235831
0.00109001
0.00144849
0.00353955
0.000119548
0.00458168
0.00145961
0.00431883
1.82619e-05
0.000302997
0.00328847
0.0037522
0.00102704
0.0047004
0.00146044
0.00153648
0.00196237
0.00367864
0.00563454
0.00053502
0.000818883
0.000280587
0.00302316
0.00186199
0.0012726
0.000819238
0.00172512
0.00384093
0.00025168
0.00208494
0.00185989
0.00352677
0.00363772
0.00174901
0.0020887
0.0037688
0.00242272
0.00102312
0.00356929
0.00441192
0.00162667
0.00438353
9.60118e-05
0.00408351
0.00134395
0.000297003
0.00337529
0.00384101
0.00464986
0.00142867
0.000446572
0.000829761
0.00059022
0.000541596
0.00182413
0.00415634
0.000668015
0.00256175
1.83553e-05
0.00135038
0.00186887
0.0025241
0.000310017
0.00335271
0.00260057
0.000891399
0.00083449
0.000735094
0.00168374
0.00312714
0.000491214
0.00102143
0.000269359
0.00033131
0.00318112
0.00273371
0.00187157
0.00553276
0.000305321
0.00131753
0.000529307
0.00218548
0.00106493
0.00508931
0.00327528
0.00113339
0.00123374
0.00449605
0.00125151
0.00383832
0.000220981
0.0015297
0.00285653
0.00197649
0.00373019
0.000155235
0.0030124
