526.921, -6.83688, -2.88091
504.789, 19.8534, 2.84177
530.983, 11.9774, -1.33352
541.01, 7.56585, 1.31462
538.227, -3.24731, -0.395494
508.242, 23.0642, 0.840401
537.066, -5.8127, -0.972074
505.513, 35.7588, -2.89328
503.142, -14.7246, 0.792216
510.783, -8.35675, -2.71049
507.782, -9.55133, 0.896231
545.68, -7.55679, -1.75657
505.274, 17.0903, -1.43616
512.839, 12.8536, 0.245441
532.636, -5.03441, 2.37606
552.232, -3.09445, 1.00805
539.831, -3.28867, 2.78857
544.103, 8.92092, -0.654032
521.607, -14.0716, -1.19289
506.317, 0.692163, 2.15884
541.924, -0.940098, -2.80892
524.404, -7.87073, -2.45192
498.31, -16.5944, -2.10116
521.091, 19.5748, -0.220483
525.683, 17.4401, 2.18466
503.95, -8.41249, 0.278455
504.811, 26.3189, 2.05558
512.659, 26.4912, 0.522252
550.096, 10.695, 0.255096
518.094, 21.1687, 2.81176
526.087, 20.4814, -2.63619
520.451, -2.36001, 1.27405
530.926, -11.1349, -2.84499
528.738, 19.1242, 1.57504
509.658, -7.19087, 0.983376
520.859, 14.4871, 1.5413
547.495, -1.17625, 2.62766
543.247, 0.342874, 2.89421
550.81, 0.281886, 2.04251
510.712, -1.08409, -0.0909763
528.099, -8.3541, -2.74812
539.961, 7.57963, -1.80463
511.863, -10.6102, 2.28458
522.077, 12.2126, 2.89168
521.773, 23.5066, -1.24375
512.936, 14.9507, 0.416905
515.776, -12.0947, -2.87614
501.781, -20.6019, 2.35894
507.572, 30.0641, -2.33975
507.237, -0.771953, 1.03352
532.053, 21.6898, 1.70846
507.8, -6.41261, -2.76086
500.632, 23.3095, -0.93238
506.065, 25.8859, -0.496426
505.424, 26.8116, 0.541018
521.086, 0.517167, -0.721137
499.984, 25.2771, -1.71525
503.601, 29.7732, 0.32197
517.691, -17.3444, -0.0181374
538.417, -13.2254, -2.14048
501.164, -6.87819, -0.121145
529.319, -14.3471, -0.661562
511.561, -24.8802, -3.00582
577.36, -3.12449, 1.68392
633.476, 56.0875, -2.17612
634.105, 53.0942, -0.0588523
585.071, 8.31901, -2.65946
628.913, 53.4718, -0.127812
589.126, 11.4962, 0.00224521
598.39, 31.0539, 0.557766
615.014, 48.355, 1.90271
611.64, 39.1823, -0.696589
616.175, 49.1369, 1.31357
626.645, 51.8436, 2.17589
625.076, 51.5359, 1.72641
626.109, 47.9302, 3.12087
618.55, 35.3589, 1.83336
584.163, 5.28159, 0.151412
640.604, -15.6567, -2.95662
638.643, 34.2942, 1.62689
632.62, 26.6877, -2.87055
603.008, 11.5803, -1.41911
653.386, 13.2079, 0.48056
643.167, 6.23816, 2.65524
648.534, -8.16654, -0.603456
636.763, 38.2788, 1.39257
657.071, -3.53222, -1.35568
605.301, 64.062, 1.75248
585.359, 76.322, -2.91129
602.002, 56.4563, -1.11552
610.672, 63.5597, -2.79894
597.103, 79.7993, 3.12085
598.797, 76.4268, -0.52903
636.384, 15.4635, -1.15742
608.107, 22.7429, -1.74348
586.566, 28.0426, 1.64121
641.822, 30.2443, -0.899698
608.222, 12.2374, -1.99349
613.343, 39.8332, 0.974979
611.443, 38.8516, -1.89138
627.634, 59.2369, 2.84813
597.492, 71.0252, -2.74189
623.499, 69.2059, -2.43927
612.204, 66.9869, -2.78868
621.26, 69.4252, -0.518027
579.655, 5.23138, -1.01806
593.385, 48.5659, -0.947779
593.034, 67.2204, -1.84634
589.874, 56.2474, 1.5049
576.864, 29.056, 2.80594
585.848, 78.7718, -2.17701
593.214, 64.19, 1.44506
602.182, 42.8383, 1.99568
646.131, -32.6193, 1.6513
650.664, -30.8459, -0.641636
554.919, -62.0721, -2.85771
606.564, -51.6046, 0.366677
578.444, 4.46184, -0.590346
559.783, 50.902, -1.00145
550.441, 80.3272, -2.11383
557.54, 44.2691, 0.648595
552.522, -65.1447, -0.955477
574.817, 66.2576, 1.95646
574.056, 52.6574, -0.293149
570.348, 59.7026, -1.82528
566.735, 74.5369, 2.23949
578.183, 3.63208, -0.0283801
587.255, 68.6741, -3.04629
505.59, -24.6736, 0.472795
616.045, 65.3626, -0.963107
602.278, 59.7724, -2.01489
586.157, 20.325, 0.902331
615.747, 59.2133, 2.86254
587.641, 25.7304, 2.9861
614.854, 73.1898, 0.343852
589.959, 32.0911, -2.45593
586.496, 45.4607, 0.29101
591.862, 50.6123, -1.06791
593.885, 55.1364, 2.46199
544.204, -5.6856, -0.822466
517.155, -35.56, 1.87262
531.803, -38.1595, -2.62279
558.414, -42.7185, 0.545565
574.744, 4.93392, 0.834407
534.211, -60.8265, -2.60594
576.732, 8.31387, 2.09146
576.905, 6.55076, 0.427719
631.509, 46.8376, 0.140343
637.708, 58.8943, -1.35288
626.297, 39.5484, -0.576084
629.658, 55.5065, 0.0543112
622.752, 30.0316, -1.19759
639.997, 40.075, 2.82582
543.623, 80.2898, 3.01809
536.655, 62.2999, 2.75516
576.638, 7.42683, -1.93887
543.271, 56.1565, -1.36457
545.382, 78.6567, 2.88604
614.575, -56.3804, 1.80525
575.547, 7.23581, 0.503462
611.806, -63.0625, -2.05063
622.792, -17.0309, -2.56809
623.861, -20.4355, 1.87544
608.378, -15.5575, 0.64336
602.054, -11.2018, -2.53676
604.162, -21.8232, 1.85902
498.568, 26.3802, -2.54177
584.642, -66.193, -2.58718
536.053, -6.49983, 2.04432
502.994, -26.9612, -2.32337
499.036, -4.77241, -2.05805
519.625, 5.79408, 2.5824
522.088, 1.05596, -2.35904
531.29, 14.3822, -1.28744
521.976, 35.1298, -3.00474
553.717, 59.6759, 2.45889
574.782, 43.3152, 0.72122
551.966, 53.3324, -2.49749
592.272, 55.9587, -1.93137
524.11, 62.3393, -1.33392
580.788, 79.2142, 1.53256
526.54, 63.9368, -0.596652
523.644, 62.279, 2.1832
563.255, 40.6908, 0.665007
564.969, 45.3092, 0.307841
552.107, 62.202, 0.164899
572.218, 5.76776, 1.50546
562.613, -56.8193, -2.64472
559.678, -59.2254, 2.07977
569.292, -38.1463, -2.83392
571.078, -60.9887, 2.15258
528.688, 62.7824, 0.623087
572.196, 7.39734, 0.575766
534.2, 49.8052, -0.333912
572.257, 6.41674, -2.82086
572.236, 6.16029, 1.24613
572.225, 6.91706, 0.869856
572.167, 5.90066, -0.598685
543.001, 64.1444, 3.07029
529.392, 72.2569, -2.48544
508.443, 27.8153, -1.4481
516.726, 62.4007, 0.868423
622.458, 14.1755, 1.91785
632.402, 8.36978, 0.40502
571.91, 6.87524, 2.64424
572.494, 7.31973, 2.79585
572.689, 6.75859, 0.713127
572.435, 6.78184, 1.5765
494.337, 8.90656, -0.043374
506.47, 5.14112, 0.350794
525.133, 6.83221, 1.3797
509.617, 5.58477, -2.92972
532.431, 5.51073, -2.05728
503.547, 4.79909, 1.7813
512.574, 5.09718, 2.29799
498.891, -14.5455, -2.37749
505.739, -9.83229, -1.64288
535.253, -0.666262, -2.8833
506.717, -9.68347, 3.1321
551.951, 3.85411, -2.83692
493.344, -9.81542, -2.15962
534.094, 0.24157, -0.736948
533.51, -0.369133, 2.8018
572.453, 6.95889, 1.22887
572.278, 6.31545, 2.72863
573.026, 5.60058, 2.26628
572.794, 6.40632, 2.83683
572.696, 6.24772, -1.80722
572.427, 6.94361, 0.0034546
572.638, 5.95351, -2.75383
576.386, 4.44755, -0.907137
572.865, 5.8031, 2.57564
577.875, 3.86597, -3.06878
647.484, -19.2032, -0.254158
639.848, 6.09022, 2.19524
603.899, 11.1633, -1.11419
597.901, 12.9909, 0.90364
622.381, 21.5809, -2.83729
610.028, 44.1101, 2.40089
617.628, 37.1421, -1.83011
623.043, 40.479, 0.952508
604.787, 41.6435, 1.91891
641.535, 25.1833, 0.273972
637.101, 8.28902, -2.15615
598.514, 19.0565, -0.259625
645.92, 41.4788, 1.70363
638.501, 55.6964, 1.485
641.62, 25.5316, 1.47543
648.636, 36.2461, 0.770614
624.038, -41.9958, -0.171169
601.333, 11.0597, -0.954796
639.906, 20.9937, 0.464985
619.58, 14.2021, 1.80092
607.547, -19.5453, -1.71499
623.145, -44.8606, 1.89446
591.097, -17.8308, 2.10315
611.476, -61.2783, -1.11368
581.793, -30.8709, -1.73377
591.795, -59.3234, 2.64211
593.93, -48.508, -0.0182081
598.947, -54.6344, 0.909798
600.335, -66.7984, -1.43875
577.203, 3.72624, -1.64032
578.494, 4.222, -1.36573
577.491, 3.01377, 2.08462
576.943, 3.27752, -2.38804
577.552, 2.51107, -1.42292
577.297, 3.45405, -0.15456
529.026, -46.6814, -0.228862
621.474, -55.3061, -2.15144
528.231, -38.5685, 2.66503
513.252, -34.3831, 2.51286
651.59, -7.83619, -2.35929
606.211, -46.0891, -3.13455
615.153, -59.7608, -1.75647
514.204, -41.7477, 2.76398
620.003, -54.6687, 1.12074
603.776, -30.5387, -1.45221
607.744, -27.9834, -1.02145
590.807, -10.2482, -1.27482
602.703, -18.7422, -0.375376
627.929, -59.3159, -2.30705
631.61, -49.9157, 1.83341
633.353, -35.9167, 3.06867
627.3, -17.9393, -1.75652
502.618, -30.2001, 1.31
512.07, -26.5723, 2.22218
508.687, -23.9198, 2.46028
530.781, -11.009, -1.10992
530.468, -3.93856, 0.770289
506.721, -3.8153, -1.85142
550.835, 1.42047, 2.2148
577.295, -2.52545, -0.657419
578.25, -2.87669, -2.49198
576.115, -4.71803, -0.380201
616.53, -27.1887, -0.415394
580.787, -3.57572, -1.93993
583.852, -4.64779, 1.8291
639.954, -42.0945, -0.0821552
577.944, -2.33958, 1.33741
575.85, -4.62464, 2.82316
576.505, -2.95867, 2.5862
576.386, -3.94691, -2.72001
576.405, -2.75642, 1.62535
576.548, -2.18371, -0.212394
576.745, -3.84691, -1.87485
575.816, -4.52622, 2.00481
574.397, -2.74898, -2.18874
575.89, -2.73124, 2.77433
575.267, -3.5923, -0.67185
574.881, -3.14562, 2.12426
594.559, 67.8442, -1.84972
593.185, 71.8369, -2.68186
595.392, 72.1824, -2.13125
592.629, 71.1059, 2.51485
603.263, 65.6698, -0.146306
574.278, -2.7473, 1.58467
586.972, 36.5279, 2.82964
593.497, 46.4802, 2.57044
573.835, -2.471, -1.10659
573.737, -2.52229, -2.98691
531.746, -43.3679, -2.61721
523.955, -61.8995, 1.93292
570.687, -7.06456, 1.06575
558.468, -25.0896, 0.436549
582.999, -63.6324, 3.08442
572.591, -3.20136, -1.89924
572.697, -3.47853, 0.289489
573.084, -4.60186, -2.51614
641.644, -45.9652, -0.26577
558.199, -66.7543, 0.546869
627.463, -13.2286, -1.56728
561.34, -79.2287, -0.770303
552.609, -76.8104, -2.25105
556.256, -64.7449, -0.523728
542.2, -59.0401, 2.75832
538.496, -66.6284, -3.07668
541.422, -46.6862, -1.29903
600.747, -57.9989, -0.952877
598.922, -62.4673, -2.04715
599.307, -69.5722, -1.96253
596.04, -70.383, -1.44496
615.496, 62.4015, -2.38593
613.591, 55.9876, -2.87547
611.242, 51.6278, 0.298785
606.213, 42.3079, -2.39402
604.515, 40.3958, -2.63006
597.331, 28.465, -2.03292
500.306, -32.5047, -1.452
541.842, -24.1469, 1.64059
508.05, -48.0923, -0.208102
531.341, -21.9359, 0.0782551
513.092, -30.0521, 0.983426
572.553, -3.03876, -1.78337
629.112, 27.8913, 1.12786
643.568, 17.7213, -1.42481
649.618, -22.1708, -2.32775
606.249, -8.05931, 1.58808
626.111, -21.6773, 3.05621
628.262, -14.2347, 2.20281
570.51, 21.411, -1.28616
640.467, 26.7136, 1.18635
576.934, -3.85507, -0.436591
577, -1.23394, 3.01144
575.477, -44.0956, 2.76335
645.746, 35.5303, -0.153463
625.018, 48.6909, -0.626737
613.057, 42.4377, 1.18492
600.981, 38.8726, -1.82546
576.949, -3.39494, 0.166847
614.662, 32.7612, 2.12409
631.968, 49.6137, -2.34588
632.151, 52.0389, 2.24779
610.008, 32.0682, 2.53912
576.571, -3.59517, -1.12709
577.872, -2.56878, 1.69898
577.54, -2.66235, 2.95962
576.699, -3.79084, 0.22926
575.98, -3.69492, -2.80178
579.263, -2.24112, -2.31527
579.343, -2.29808, -0.559868
576.69, -4.27557, -2.25684
576.805, -4.81499, 2.66557
576.629, -4.66755, 1.03251
519.549, -22.8051, 1.05148
507.896, -14.0066, -2.95643
573.375, -7.96504, -1.2891
575.117, -6.24917, -2.76184
573.736, -7.19561, 1.29496
573.427, -6.83385, 0.266968
575.061, -6.10943, 1.94328
573.867, -8.34493, -2.225
574.098, -8.421, -0.126144
574.016, -7.62433, 2.62906
574.629, -7.57703, -2.05976
574.701, -7.24407, -0.226042
574.089, -11.256, -2.06276
574.373, -7.78554, 2.73391
574.071, -6.83653, 3.079
574.438, -7.32139, -1.88364
572.204, -6.41136, -0.7633
572.478, -6.68852, -2.55937
564.823, -1.70004, 0.552916
570.366, -5.12526, 0.639664
559.563, 0.772815, -2.54372
565.639, 39.6724, 0.28714
574.384, 49.034, -0.145697
568.979, -3.26243, 0.728041
567.873, -3.70465, 2.20179
566.081, -2.82305, 0.463076
562.784, -1.583, -0.0738859
567.355, -2.90703, 2.76873
570.606, -5.44377, -2.2078
568.626, -4.22925, 2.79834
569.174, -4.5921, -0.0675033
568.576, -4.30959, -1.31326
558.875, 0.0292015, 0.550633
560.805, -0.730156, -1.93823
568.49, -4.11314, 1.75174
569.731, -5.4685, 2.353
561.528, -0.722278, -2.63981
563.131, -1.59456, -1.15244
567.356, -3.25914, 2.47403
569.9, -5.0528, 0.547445
561.038, -0.290761, -1.16015
563.644, -1.73162, 0.961841
562.629, -1.48354, 1.44746
565.966, -8.60294, 1.62986
562.473, -12.0736, 1.05372
564.518, -10.4926, 0.715011
560.94, -0.0225637, 1.99381
559.232, 0.453857, 0.209801
560.919, -0.733359, 0.162773
567.894, -3.44943, 0.465542
560.659, -0.355542, -0.268116
566.78, -2.86851, -1.42529
567.137, -3.25283, 2.8168
560.119, 0.262411, -1.43971
565.51, -2.18441, -3.11288
564.714, -2.49479, 0.351841
561.534, -0.517457, 0.429229
561.589, -0.0617033, 2.27731
561.764, -0.357916, 2.21708
562.337, -0.671077, -1.64413
560.163, 0.109817, -2.38333
563.934, -1.48862, -2.70096
559.146, 0.541542, -1.23614
560.899, 0.117659, -0.65523
560.737, -0.176045, -1.851
561.385, -0.214142, -2.01135
562.381, -1.05911, -2.07422
561.606, -0.904895, -0.849172
562.856, -0.250537, 1.41222
560.772, 0.562393, 1.84962
562.65, -0.517089, 1.0236
559.306, 0.575997, 2.24051
562.058, -0.932175, 0.775312
561.283, -0.261421, -0.928272
562.491, 0.37111, 1.80481
562.354, 0.126759, -3.12993
560.299, 0.29948, -0.343279
562.905, -0.115785, -1.70607
561.345, -0.0680909, -2.81075
561.921, -0.235831, 0.105871
559.889, 0.761492, 1.47397
559.866, 0.889007, -0.445371
560.744, -0.424645, -1.69031
560.698, -0.185782, -0.650005
560.519, 0.519039, 1.51263
561.032, 0.36775, -0.965344
559.701, 1.13079, 0.0836922
560.164, 0.691006, -2.12259
551.837, 2.8435, 2.06507
548.926, 3.10471, -1.26371
560.932, 0.874507, 0.0606411
560.269, 0.744018, -0.410561
560.022, 1.01992, 2.37398
559.759, 0.699551, -0.351029
575.51, -8.22571, -2.45587
571.929, -7.17015, 1.99939
561.719, -1.14672, -0.085749
570.36, -5.12161, 3.13792
566.925, -4.61149, -0.213686
562.889, -1.08104, -1.10712
563.075, -0.982668, 0.816761
565.535, -4.16721, 1.10366
563.759, -3.00314, 0.944804
570.021, -9.37507, -1.28645
561.673, -1.56443, 0.177422
567.258, -5.58817, -0.594816
562.549, -1.01141, -1.52524
567.113, -5.64809, -1.1827
567.077, -5.71821, 0.430092
562.96, -1.6351, 1.8719
567.218, -5.88633, 2.32585
564.882, -3.06608, -1.35552
562.829, -1.53705, 2.13055
568.233, -7.09461, -0.0656259
566.059, -4.41615, 2.18494
569.393, -7.69333, 2.14301
571.738, -10.2325, 1.70864
565.228, -4.28268, 1.69647
565.712, -3.98158, 0.0510525
570.639, -9.13572, -0.847347
572.919, -11.4332, -0.941523
566.735, -4.33725, 2.73601
569.574, -6.85157, 0.449513
571.251, -8.7755, -2.20825
566.523, -4.13891, 1.68172
570.813, -8.33777, -1.72741
567.925, -6.2552, 0.904946
571.854, -10.1159, -0.64776
574.226, -11.8553, 2.16417
570.271, -8.75866, 0.995875
568.919, -6.57098, 1.32899
569.879, -8.15147, -1.45864
570.387, -8.42573, 1.23776
568.122, -6.92512, 0.564292
568.377, -6.62762, 0.735829
569.627, -8.26768, 1.6735
572.376, -11.3201, 2.85801
569.71, -7.70574, 1.10295
564.444, -9.4581, 2.21145
561.525, -12.8435, -2.61858
571.955, -8.84907, 1.11039
559.844, -15.0228, 1.20738
565.033, -9.12903, 0.293692
563.819, -10.8116, 1.91429
563.449, -10.8267, 1.52581
564.811, -9.0868, 2.23477
561.277, -14.46, -1.6803
565.936, -8.69276, -0.829639
560.241, -15.2046, 1.39742
560.435, -14.959, 2.41795
564.973, -9.27924, 2.39774
563.948, -10.7652, 1.64853
563.934, -11.0478, -1.40865
564.246, -10.191, 0.620519
560.347, -14.7078, 0.659727
564.718, -9.5842, -0.757438
562.269, -13.366, 1.61237
563.594, -11.3717, 1.79607
562.508, -12.1163, 0.536883
562.924, -12.1555, 0.00587721
560.977, -13.4878, -0.958267
559.891, -14.6779, -2.20992
560.275, -15.1182, -2.67688
559.391, -14.1078, -3.00478
560.914, -13.7927, -1.26071
562.633, -12.0079, 2.73208
560.863, -14.6326, 1.26083
563.357, -11.8134, 2.55287
557.887, -14.1953, 1.20878
557.798, -13.4556, 2.26544
557.581, -13.134, 0.47396
562.459, -12.8093, -0.539645
560.633, -11.675, 1.55677
561.047, -13.0083, 1.9683
559.748, -12.2323, 0.578714
560.517, -13.3772, -0.528473
556.733, -12.6155, -1.15137
557.524, -12.5992, -1.36153
559.001, -15.306, 0.0697283
561.92, -13.3432, -1.33356
557.787, -12.1995, -0.973216
560.341, -14.6349, 1.06189
558.942, -15.2066, -0.503927
559.683, -13.9807, -1.71904
559.174, -15.1622, 0.516087
559.86, -14.7689, 1.30053
559.389, -14.5956, 2.31995
558.927, -13.7706, -0.924848
560.173, -14.7704, 0.687232
561.359, -13.9888, -1.92101
558.436, -14.2315, -2.53221
560.161, -16.2468, -2.4442
559.451, -15.1298, -2.92574
555.229, -12.4364, 1.91921
560.986, -13.4926, 0.258703
560.565, -13.9202, 0.145024
558.491, -14.5275, -1.09238
559.996, -15.7719, -3.08211
560.128, -16.2333, -1.25758
560.725, -16.2826, 0.604728
571.266, -27.5947, -1.20013
574.57, -31.6434, -1.00964
569.382, -27.0953, -1.78119
560.571, -16.3385, 1.3019
574.934, -36.5526, -2.23538
566.906, -25.5625, -3.1027
565.59, -23.1652, -2.83922
569.263, -27.2653, -3.03067
566.133, -24.3613, 1.16351
575.945, -37.8891, 0.931851
570.652, -30.5155, 0.752563
574.274, -37.2266, -3.10152
563.632, -20.7365, 0.792356
574.226, -37.3671, 2.69349
564.752, -22.1923, -1.67824
573.661, -37.6414, 2.22327
570.355, -32.2477, 0.45133
569.053, -30.2698, 2.01228
562.779, -19.5043, 0.43111
572.02, -34.9115, 0.105496
564.625, -22.4311, 0.785399
571.596, -36.0712, -1.26305
564.475, -22.3254, 2.1449
564.576, -22.9395, -2.24523
573.667, -39.0096, 2.56179
563.71, -21.4427, 3.06381
566.282, -26.4584, -1.40671
567.345, -28.0248, -1.05462
572.796, -37.8528, -0.743414
571.023, -34.5647, 0.492694
564.427, -22.0851, 1.16758
568.167, -29.4076, 2.74692
563.513, -20.5764, -0.749275
572.128, -36.7904, 0.170851
573.184, -39.183, 1.44193
568.869, -32.129, -2.76005
572.588, -36.3635, 2.04251
567.766, -19.7018, 0.795919
564.184, -22.0716, -2.60091
575.652, -15.868, 2.30912
565.846, -25.0941, 1.40148
571.102, -33.0207, 2.84581
569.31, -30.2085, -2.26615
565.523, -24.4579, 2.3997
569.676, -31.2156, 1.24741
574.93, -39.5393, -0.000175239
574.485, -39.0597, 1.05302
570.841, -33.1917, -1.53444
569.284, -30.7523, 0.626771
565.407, -24.4985, -0.827703
565.715, -24.6479, -1.39012
568.808, -29.7821, 2.30767
569.277, -30.1397, 0.840387
568.121, -28.6197, -3.00218
569.105, -29.433, -2.23894
568.109, -28.7147, -1.09132
571.857, -34.5456, 2.20746
574.374, -39.2106, -2.51839
570.901, -32.9396, -0.150242
566.71, -28.2379, 0.926575
575.054, -38.9425, -0.568033
563.88, -29.964, -0.258221
569.338, -30.6021, 2.44298
567.006, -27.9353, -0.707558
572.339, -35.9824, 3.13462
564.639, -29.4073, -1.45822
573.435, -36.6111, 0.927689
571.87, -33.3572, -2.67414
570.788, -32.587, -2.31074
570.062, -31.0405, 0.819489
569.901, -30.5524, -1.90533
573.116, -34.6272, -2.43144
569.939, -30.5727, -1.27057
574.778, -37.5659, 2.1749
572.766, -34.1274, 2.10684
573.512, -36.155, 0.188431
572.323, -34.0827, 1.38663
575.028, -37.5173, 2.67145
574.935, -37.7437, 1.90294
574.95, -36.7196, -1.45874
569.637, -29.9448, 0.155251
573.778, -35.7493, 0.654306
575.591, -36.2971, 2.47204
575.862, -37.8384, -1.92916
573.047, -35.2359, -2.70662
572.869, -33.9164, -1.80838
575.653, -38.0276, -0.445171
574.162, -34.4289, -1.34916
574.37, -35.0283, 0.724951
574.423, -34.5126, -1.19801
573.335, -33.3173, 0.562579
575.939, -37.2677, -0.573121
573.236, -32.2972, -0.535648
581.547, -26.0236, 1.05353
573.65, -35.4747, 1.76366
573.719, -33.0495, 0.64928
575.766, -34.0435, -0.136643
575.158, -35.7176, -2.15695
576.016, -31.5757, -2.27918
575.431, -36.1623, 0.435688
575.792, -35.0625, -1.64978
574.372, -35.9452, 3.02808
575.428, -33.7617, -2.63397
574.784, -35.5583, 2.31844
575.522, -37.0401, 1.61167
576.493, -37.3831, -1.9387
575.245, -35.3311, 0.81198
576.027, -33.9131, -2.94977
576.132, -33.7025, 0.844879
575.792, -32.9466, -2.24862
575.764, -29.5463, -0.0506175
575.479, -30.668, 1.19509
574.122, -35.846, -0.426097
575.932, -31.3779, 2.91412
573.645, -35.4893, 3.04224
575.384, -33.4469, 3.12559
575.526, -34.9074, 0.495456
575.102, -30.8324, 0.311743
576.806, -32.1653, -2.85705
576.612, -30.2402, 0.457177
575.627, -30.2573, 1.13827
575.808, -30.2426, 1.08083
576.261, -29.673, 2.23577
575.394, -30.4217, 1.37285
574.484, -32.2814, 0.813944
575.042, -31.9599, 0.707146
571.441, -31.8138, -0.883215
575.512, -32.5188, 2.57447
576.463, -32.8994, 0.95212
577.766, -28.9005, 1.89126
576.529, -29.606, 2.9093
575.588, -32.6774, -1.88914
576.085, -32.7088, -2.28632
575.18, -30.803, -0.405893
575.716, -30.8716, 0.0240585
576.141, -31.4592, -1.26182
578.755, -28.8206, -1.78459
580.466, -28.5183, 2.34457
585.202, -27.6972, -2.80707
577.892, -30.1784, -0.00290043
585.53, -27.3014, -0.722925
583.851, -27.1169, -2.71974
585.537, -25.6884, 3.13744
577.693, -29.2011, -1.52944
582.123, -26.449, -2.06775
585.173, -26.8993, 0.0823432
587.996, -25.4657, 0.141266
585.753, -25.1095, -0.297738
588.421, -25.4794, -0.640882
583.53, -26.024, 1.57884
583.587, -28.7028, -0.688426
584.54, -29.1555, 3.00638
599.84, -38.1387, -0.558285
600.927, -37.2851, -0.00165736
597.12, -35.2966, 2.16582
597.558, -36.2182, 0.512532
584.414, -27.3805, -2.52503
583.787, -25.6923, -0.0837353
580.952, -26.5213, 1.15495
591.561, -32.0069, 1.7775
584.699, -25.1799, -1.34818
586.223, -30.9616, -2.6752
593.378, -33.7528, -0.351465
585.132, -26.0175, 1.69102
586.097, -29.5557, 2.56331
585.005, -24.4695, 2.42824
585.106, -24.9019, 1.7542
588.069, -24.4792, 0.0781213
586.802, -25.1616, -0.444946
644.022, -57.1685, 2.71572
653.239, -59.396, 0.561616
584.563, -25.8973, 1.24277
582.677, -24.9743, 1.4911
631.528, -61.143, 0.777152
638.397, -70.1794, -1.81165
585.968, -25.2051, -1.18452
584.691, -24.5427, -2.96917
585.719, -25.1931, 2.69043
587.388, -23.5647, 2.94256
607.822, -87.8939, 2.67906
619.879, -79.8033, 1.48676
625.772, -93.0791, -1.52583
584.19, -92.7545, -2.07473
586.917, -24.2462, 0.114968
608.431, -74.2976, 2.46782
574.255, -93.8389, 0.481479
576.773, -90.5473, 2.30573
567.684, -90.6191, -3.05152
586.711, -25.2514, -0.732885
591.528, -88.9502, 1.34146
592.445, -87.2095, 1.29955
575.225, -89.897, 1.22898
544.778, -91.2984, 3.01167
574.564, -61.543, 0.572269
559.458, -100.216, -1.42127
557.745, -87.196, 1.07403
539.068, -69.5406, -2.43082
549.351, -54.2075, -2.34037
540.71, -73.4062, 2.49986
598.116, -71.9555, 0.0915087
558.852, -89.9543, 1.93763
592.192, -57.6117, 0.678074
555.262, -80.172, 1.69674
547.608, -87.4564, -1.91504
559.747, -72.9661, 0.0451019
579.755, -93.9963, -0.0212596
566.828, -68.9297, -1.09301
559.54, -64.2213, 0.534107
574.251, -37.6569, -2.64467
538.896, -81.5728, 2.09502
555.701, -51.7599, -0.268911
556.536, -39.8507, -0.980817
527.664, -56.2855, 2.67413
587.314, -31.0598, 3.13827
589.646, -29.5989, -2.50846
590.061, -29.7257, -0.94953
586.285, -29.6043, -1.43807
586.011, -30.1079, -0.839658
597.244, -32.144, -2.25945
595.229, -29.6852, -2.52113
605.394, -29.6588, -1.88355
596.898, -29.7323, 2.67366
604.34, -30.7157, -0.17436
600.095, -31.2705, 3.06453
594.498, -30.8265, 2.891
605.219, -31.7757, 1.46963
606.857, -31.7319, 1.00217
601.116, -31.5726, 2.72366
599.643, -30.5512, 1.71472
598.772, -30.5977, -1.92394
600.249, -31.3462, 1.60214
599.411, -31.1496, 1.88489
597.064, -30.4599, -0.979248
601.376, -30.9228, -1.989
604.823, -31.664, 1.62039
604.417, -30.6544, -2.41782
601.294, -30.1505, 0.761801
596.899, -29.8213, 0.900376
606.423, -29.5895, -2.04017
593.021, -31.1663, -2.28202
605.547, -27.2911, -1.2636
593.708, -31.0537, 2.67733
597.858, -30.279, 2.65678
595.649, -29.6859, 1.84975
596.703, -30.2702, -1.52948
606.613, -30.5792, 0.824558
604.556, -29.4865, 1.08667
598.246, -30.4104, -2.82526
602.188, -30.0133, -0.223129
598.728, -29.8787, 0.544272
605.475, -28.4581, 3.05526
607.453, -28.8532, 1.23422
602.876, -29.5729, -1.10207
599.795, -29.8241, 1.73498
602.423, -29.288, 1.28746
600.443, -30.2143, -1.75478
603.513, -28.9362, 0.507881
605.948, -29.0406, -0.297639
601.44, -29.9374, 0.93566
606.858, -28.9246, -0.921336
601.266, -28.963, -1.21326
603.65, -29.7227, 2.89511
600.819, -30.1748, 1.52201
603.389, -29.7794, 2.61405
607.058, -28.9968, 2.7237
649.444, 4.62977, 1.19604
657.432, 12.3102, 2.23773
604.077, -30.0348, 1.22512
648.309, 12.7509, 0.369422
642.078, 16.572, -1.83366
655.576, 28.2464, 1.29959
649.699, 28.6386, -0.668681
636.182, 31.7452, -1.23065
627.913, 27.5641, 0.0745258
617.146, -5.13866, -0.127794
625.353, 40.5434, 0.809386
628.054, 45.0385, 1.09356
606.004, -28.9582, 0.0497464
603.493, -29.4664, -0.944058
606.994, -28.8562, -1.23864
605.209, -29.4192, -2.75105
605.076, -28.7008, 0.130785
605.826, -29.7616, -0.126421
604.942, -29.1145, -2.53338
607.105, -29.4158, 1.40976
606.2, -28.8327, -1.38869
606.898, -28.419, -1.50848
606.412, -29.4023, 1.59218
606.159, -29.3798, -1.1572
606.991, -28.4223, 1.79787
607.206, -28.4861, 1.07325
607.136, -28.873, 3.04214
607.211, -28.3953, -0.50002
606.88, -28.7011, -1.83487
606.583, -28.8331, 0.0159606
606.966, -29.2923, 2.39109
593.884, -32.0723, -2.19445
581.061, -34.9175, -2.47945
592.652, -31.3794, -2.33967
596.005, -29.0302, -3.00144
580.213, -26.6775, -1.35263
594.292, -27.4545, 2.6999
602.762, -28.2693, -2.78219
590.671, -27.6731, 2.82132
597.199, -28.6042, 0.811659
585.355, -25.4403, 1.04637
567.383, 8.28722, -2.74448
581.687, -2.97904, 0.115534
585.398, 4.11167, -2.52522
587.792, 16.0892, -0.407032
578.055, 48.0107, 2.78189
584.808, 44.7983, -2.06469
595.037, 12.7763, -2.10513
581.662, -22.9473, 2.57625
603.281, -28.7809, -2.83521
602.83, -28.2421, -1.88791
593.363, -26.6147, 2.99473
602.12, -28.2458, -1.72672
585.398, -25.1998, 1.81141
600.795, -28.4106, -2.30674
597.567, -27.3434, 2.78994
588.163, -26.0327, -0.13038
598.016, -27.9418, -1.42099
600.987, -28.4917, -0.234235
596.196, -27.1475, 1.97351
597.995, -28.0018, 0.591707
586.215, -24.3865, 1.2158
599.125, -27.656, -1.61977
587.442, -24.9363, 2.46252
595.524, -26.8287, 0.473672
592.531, -26.7963, 2.07703
592.411, -25.5763, 0.291149
538.35, -27.568, 2.09295
589.201, -25.4535, -0.952247
528.164, -12.2304, 1.43914
593.178, -26.1998, 1.43744
584.604, -23.2326, -2.97689
592.321, -25.376, -0.705623
582.667, -22.3538, -0.414837
582.896, -21.6613, 3.10362
585.765, -23.5578, 0.00428446
582.596, -20.7841, 0.0345914
591.188, -25.1827, 1.02311
584.526, -22.0705, -1.93674
586.903, -22.9833, -3.11423
592.867, -28.0091, 2.552
590.463, -25.1356, 0.198699
590.726, -25.4708, -2.64588
589.703, -24.2676, 0.665094
583.251, -20.4123, 0.504769
581.444, -20.9222, 2.14194
582.326, -21.5582, -1.77989
582.295, -20.5916, -0.590385
583.156, -21.3023, 0.883696
584.971, -21.7768, -1.05479
590.742, -25.7784, 1.85483
582.464, -21.1401, 0.586332
587.014, -24.3364, 0.673042
586.273, -24.4195, 0.0164637
529.509, -12.9292, 2.57505
554.946, 13.2569, 0.371854
583.495, -21.9931, -2.72671
581.865, -21.9217, -1.29203
588.426, -23.3473, -2.36201
550.669, 13.7728, -2.43642
586.009, -24.1008, -2.30172
514.674, -10.4247, 0.609167
543.673, 35.1632, 2.69557
578.923, 54.2501, 2.00567
546.695, 31.9338, -2.05197
552.491, 40.9391, -1.97914
564.45, 43.5659, 3.14157
585.7, -20.5828, -1.47881
586.3, -24.4028, 1.67691
514.984, 6.20336, -0.627968
582.681, -20.0184, -2.77693
586.468, -22.1654, 0.152069
516.507, -32.2472, 0.773946
524.914, 21.1177, 2.60548
516.471, 12.9618, -1.90724
533.245, 1.85139, 0.0850192
543.765, 5.31612, 1.28565
544.861, -6.9031, -1.26474
547.067, -6.91656, 2.96823
640.834, 31.7241, 2.94334
509.745, -14.1036, -1.95273
507.241, -21.694, -0.161416
543.811, -11.0106, 0.0927183
513.01, -24.4026, 1.17284
540.12, -28.7824, -1.63744
539.699, -19.384, -0.511438
504.946, -29.6044, -1.21961
539.193, -32.7105, -1.04346
584.002, -20.2032, -3.02056
585.628, -17.9364, -2.48899
585.874, -19.8655, 1.42407
582.773, -20.2468, 2.11023
570.704, -47.6765, 2.29602
575.42, -59.4284, -2.86238
561.136, -56.4876, -0.701634
555.303, -69.1296, 2.89925
563.574, -75.9673, -0.117251
574.243, -52.8825, 0.75376
541.22, -45.7341, 0.677616
526.436, -72.4084, -1.64343
539.378, -54.192, -1.44105
531.78, -70.0817, 2.25733
582.856, -20.2222, -2.27663
583.135, -19.6381, -1.17959
580.873, -21.0926, 2.4955
537.608, -66.5224, 0.342682
579.25, -21.7681, 0.674155
577.636, -23.4911, -1.98227
577.679, -22.4369, -2.43587
575.282, -23.2662, -1.31453
575.492, -24.7504, -1.95546
578.545, -26.4072, -2.56226
577.643, -27.8025, 2.28875
577.183, -24.3562, -1.55792
577.506, -28.6697, -0.996332
577.86, -23.4413, -1.91949
578.245, -22.5328, -1.00415
577.653, -21.574, -0.0530259
570.117, -92.5609, -2.49007
576.363, -66.1896, -1.92679
577.539, -89.0975, 1.10406
597.578, -81.8204, 2.60649
617.76, -72.5037, 2.6687
606.466, -79.8489, -0.408302
619.22, -68.1088, -0.204755
578.098, -22.7396, 1.38982
576.722, -25.9143, -1.79805
574.797, -23.6453, -1.93859
576.686, -23.2323, -2.2238
576.339, -26.244, -1.61875
576.359, -25.3719, 1.74802
576.389, -22.8235, 0.173235
574.873, -24.0656, 0.0245278
577.247, -27.8637, 0.432806
577.346, -23.1657, 1.00213
577.801, -22.953, 1.52069
576.205, -22.0052, -1.55067
576.898, -25.1887, 0.0159112
575.113, -24.5854, 0.672539
574.968, -24.1601, 0.971214
575.458, -22.5588, -0.822305
574.571, -23.6654, -0.930638
576.227, -23.3007, -2.03472
574.844, -23.2038, -0.112408
563.501, -2.96589, 2.839
560.917, -0.349774, 2.30691
573.896, -22.656, -1.96286
571.531, -19.2278, 1.08327
570.828, -18.736, 1.74058
557.862, -1.39677, -0.0342036
562.262, -7.27374, 2.89598
565.677, -11.65, -1.54869
568.965, -15.9586, 2.792
566.877, -12.3365, -1.36517
567.546, -14.0578, 2.09147
565.205, -10.8319, -0.81896
563.35, -7.66499, 1.99973
560.057, -2.81506, -1.12656
566.708, -12.4064, 0.667913
561.144, -4.7141, -0.438579
569.821, -17.0699, 0.506218
563.153, -6.95912, 2.94919
568.215, -14.3436, 2.99955
570.386, -17.6172, -1.36734
562.561, -5.72681, 2.97706
561.608, -4.72407, -0.675138
570.29, -17.756, 2.89913
559.984, -0.236529, -1.96388
564.222, -8.09461, 0.199086
567.244, -13.1224, 0.848923
562.732, -21.787, 2.08659
569.098, -16.9725, -0.286308
567.886, -12.4643, -2.89453
567.794, -11.7307, 0.612732
567.079, -19.0075, 0.979454
568.48, -18.2834, 2.91971
567.888, -17.6605, -1.85677
567.928, -17.8584, -1.0144
567.805, -18.5672, -1.77764
568.002, -18.8229, 2.87616
567.071, -18.3958, 2.25029
566.917, -18.7973, -2.15554
562.455, -19.5807, 1.68916
561.893, -19.1424, 0.180766
563.465, -19.3654, 0.231764
562.33, -18.7101, 1.25078
566.192, -19.195, 2.2522
564.775, -18.9922, 0.379322
564.04, -19.1393, -1.3027
562.616, -19.3169, -1.87519
564.023, -19.3502, 2.41058
564.2, -19.0341, -1.06235
564.146, -18.7211, 1.42561
564.217, -18.7399, -2.61804
563.199, -20.1018, 0.875759
561.901, -19.6613, -1.31194
563.32, -20.186, -0.65158
559.909, -15.9364, -1.99495
562.592, -21.2656, 0.841483
562.235, -19.7162, 2.33699
562.079, -19.9813, -0.0366824
562.386, -19.9946, 0.0504488
562.94, -20.7307, -0.342302
562.301, -20.6057, -1.1815
562.577, -20.7901, -0.118437
562.412, -20.8123, -3.0678
563.557, -9.57476, 0.304848
563.087, -12.2661, 0.25813
561.911, -11.9335, 0.328299
561.867, -14.9538, 0.256392
561.781, -10.0456, -0.0142323
562.045, -14.4486, -1.37807
562.527, -18.2227, 0.334951
563.14, -18.509, 0.203695
561.405, -11.6769, 0.70501
562.188, -13.3379, 2.46618
561.816, -12.2834, 2.56204
561.066, -10.2971, -0.658624
561.38, -15.1277, -0.00941924
561.657, -13.0652, 1.45412
562.359, -13.7327, 2.38461
561.307, -15.7206, 2.42035
561.159, -9.0238, 1.04345
562.4, -17.3692, 2.39652
561.406, -16.0694, 0.400915
559.813, -9.2181, -1.84228
561.409, -15.8125, -0.207394
561.813, -14.9194, -0.725712
560.731, -10.6641, 1.04941
561.469, -11.3877, 0.448231
560.139, -9.7604, 0.58372
560.9, -12.3991, 0.805876
559.696, -16.4343, -2.41775
558.735, -16.1795, -1.69606
556.974, -15.9239, -2.78051
522.085, -66.2039, 1.28817
520.275, -74.3087, 1.52155
519.432, -78.3034, -2.91763
555.576, -15.38, -2.68037
557.474, -15.4227, -2.69522
559.063, -16.4187, 2.94828
558.792, -15.9263, -1.31394
557.257, -15.9566, -2.25628
557.152, -13.8372, -2.20883
557.724, -15.0526, -1.21434
556.784, -11.879, -2.36604
556.115, -15.5245, 2.64199
557.358, -14.8865, -2.67043
557.3, -15.8058, -2.2803
555.082, -14.9928, 1.86312
555.372, -14.8218, -1.94755
555.126, -14.9579, 0.822366
556.17, -15.4876, 1.78458
555.814, -15.7229, -1.94251
555.092, -14.8294, -1.46273
505.991, -72.1503, -1.39624
555.611, -15.0876, -1.61418
555.248, -15.1501, 0.0390743
555.356, -14.9524, 2.48244
525.378, -64.3078, 0.823352
555.237, -15.1546, -0.301476
555.321, -15.1093, -1.11835
574.531, 63.0989, 1.79244
575.109, 49.8934, 0.490314
578.141, 52.1548, 1.78353
555.457, -13.6797, -0.669483
555.262, -14.679, -1.14084
559.018, -18.2746, -0.148343
557.125, -16.9043, -1.74369
556.588, -16.1141, 1.33768
576.392, 40.3965, -2.02318
560.856, -17.6339, -0.761227
555.794, -14.859, 1.45431
560.661, -16.8619, 1.48296
562.37, -16.8702, 1.61955
559.147, -16.056, -3.02367
558.696, -15.8088, -2.10893
557.621, -15.4405, -1.30783
557.098, -15.3932, 0.327612
559.33, -15.5551, 2.51705
558.391, -15.7282, -2.99345
559.19, -16.1805, -0.957413
560.166, -16.133, 2.79552
556.859, -15.8023, -3.02127
557.904, -14.4829, -2.00792
562.631, -16.6497, 0.993779
561.761, -16.5354, -2.91253
562.693, -15.9284, -1.67013
557.561, -13.5147, 0.772218
557.768, -13.9364, 1.04438
557.587, -13.1253, 1.43231
557.913, -14.1987, -0.891231
557.827, -13.5682, 1.12742
557.89, -12.8954, 0.4304
558.021, -11.3351, -2.0718
557.818, -13.0614, 1.48724
557.868, -13.1235, -1.20475
557.678, -11.55, -1.33973
504.829, 27.0029, 2.52741
519.906, 10.7715, 1.91736
488.441, -2.33967, 0.681527
479.168, -3.64135, 0.610031
557.453, -11.4371, -1.00994
558.218, -11.2769, -0.813235
562.217, -10.957, 0.339111
587.927, -37.7401, 1.43526
560.948, -11.0507, -1.76424
563.556, -11.2244, -1.53016
561.409, -10.699, -2.03897
563.76, -10.2402, 0.432981
562.702, -10.0528, -2.23151
562.63, -9.64267, 2.20484
562.056, -10.6821, 2.82455
564.231, -10.8745, -3.14027
563.08, -9.92097, -0.134273
561.709, -10.5448, -1.10306
561.328, -10.2424, 0.0991701
562.44, -10.9655, 2.73184
592.385, 52.8173, 0.619432
561.648, -10.0739, 2.2991
563.283, -11.423, 1.69066
562.988, -11.5994, 1.99696
531.505, -82.4473, 1.96278
520.183, -71.7028, 2.4527
563.306, -12.8707, 1.30302
523.818, -49.2644, -1.06601
564.293, -20.3344, -2.40399
563.43, -12.2052, 0.111054
564.334, -20.1046, -0.813733
563.602, -13.875, 2.37456
563.914, -13.8045, -1.87201
564.959, -19.8462, 2.57201
564.594, -16.1361, -2.22386
563.903, -13.5607, -1.00517
564.278, -13.3013, -2.91103
564.127, -14.195, -0.923327
505.489, -47.1435, 0.966184
564.798, -20.8467, 0.934055
564.252, -15.9393, -2.25505
564.568, -19.4955, 0.641131
564.624, -20.9926, -0.393211
562.993, -15.6537, -2.94182
564.189, -17.9087, -1.56646
561.924, -16.2066, -1.19373
563.075, -16.1675, -2.19226
565.776, -20.4325, -0.992831
522.769, -83.8646, -2.4317
565.401, -18.4451, -2.53264
564.287, -17.3433, -1.54182
565.813, -20.0707, 2.1647
564.634, -17.7316, 0.959942
563.712, -13.3735, -1.00821
561.666, -9.82811, 0.813154
563.096, -12.1646, -0.422649
620.793, 22.9325, 2.45499
634.101, 20.1516, -1.14546
590.951, -8.31411, -1.38422
562.655, -9.16306, 0.534887
564.882, -8.75857, 0.152648
609.284, 51.525, -0.487597
618.335, 42.2633, -3.08777
613.722, 29.4357, -0.434214
620.158, 2.80889, -0.228122
625.086, 0.311091, -2.77432
564.669, -9.26608, 1.46813
564.708, -12.7488, -1.88405
564.731, -11.3537, -0.974099
563.474, -10.5021, 1.61826
563.004, -9.43235, 2.95545
562.792, -9.41914, 2.45906
564.833, -9.64671, 0.187578
533.766, 14.5614, 2.0941
527.268, 17.0376, 0.103196
538.093, 5.87401, 3.12152
546.794, -3.11138, 2.11434
521.386, 3.78057, 1.6939
500.548, -22.6253, 2.68619
503.175, -30.6112, 0.110689
490.659, -33.591, -1.51038
493.586, -30.3549, 0.213126
562.951, -2.21719, -0.94626
563.499, -5.45372, -0.643114
564.315, -0.76056, -0.278851
563.258, -7.52398, -1.00381
564.059, -3.27076, 1.61213
563.15, -6.23593, 0.679627
585.906, 32.0724, 0.728211
587.873, 29.3873, 1.87621
495.63, 4.87009, 2.77899
593.164, 18.1266, -0.741955
624.954, 38.705, 2.32904
632.793, 13.401, 1.06235
604.665, 4.12796, -1.85952
563.284, -5.7959, -3.05477
562.852, -3.92813, 2.80026
563.299, -3.98488, -1.11554
498.801, 17.8472, 0.507908
532.746, 0.771007, 1.76538
562.441, -4.94617, -0.812975
487.424, 4.21716, 1.8682
562.685, -1.99952, -2.14721
562.516, -3.38031, 1.31875
563.079, -3.83131, 1.56441
562.522, -2.73133, -0.948136
562.182, -2.50653, 2.65457
562.623, -3.51749, -2.2167
563.942, -1.30706, 2.89508
564.402, -0.792081, 2.09082
564.364, -0.328798, -2.34078
563.376, -2.19958, -2.43803
509.867, 30.9219, -3.03888
563.141, -2.14624, 1.228
562.838, -2.19464, -1.86619
570.019, 76.721, -3.02734
552.563, 24.0846, -0.855195
529.605, 57.4312, 1.15534
535.168, 11.9279, 2.35634
499.527, 48.2584, -1.14985
565.425, 1.06108, -2.39384
546.185, 28.0938, 2.74963
522.965, 62.8862, 0.0538543
514.991, 59.5301, 2.40719
565.942, 2.0464, 3.01516
606.755, -49.7152, -0.923582
565.868, 1.7063, -1.78954
566.624, 0.677652, 2.45299
566.352, 1.06838, 3.07115
573.357, 2.70134, -2.59334
569.446, 1.06566, 0.942426
565.412, 1.05175, -0.250326
573.363, 1.08558, 3.11429
569.805, 0.919679, 2.00271
567.652, 1.25759, 0.917571
570.601, 1.23297, 2.80187
564.916, 3.54652, 1.79512
524.961, 53.6552, 1.26483
570.968, 1.36393, 3.10333
571.321, 1.49136, -0.458456
564.788, 3.26748, 0.0797668
564.472, 3.28127, -0.616166
564.173, 4.2878, -0.194925
563.819, 3.43879, -2.02058
562.357, 4.04064, -0.626994
564.497, 3.57993, -2.72263
564.159, 4.04009, -2.11123
563.349, 3.08539, -2.68236
562.88, 2.75262, -2.74801
563.752, 3.4749, 0.111531
564.829, 3.93841, -2.35884
562.389, 4.55798, 2.67233
562.736, 3.19262, -1.44331
562.257, 4.72738, -2.9864
526.505, 65.4983, -2.24228
563.975, 4.10746, -1.63146
562.401, 4.2928, -2.34352
564.073, 4.51193, 0.646722
562.883, 3.09001, 2.13518
510.373, -24.4016, 2.81528
499.608, -29.1636, -2.99732
489.596, -22.4822, -1.07932
497.548, -14.578, -0.96172
566.954, 0.358976, 2.81726
568.572, 0.631829, 0.74944
563.992, 3.00589, -0.748741
564.895, 2.59066, -1.43336
565.256, 2.41476, -0.349045
563.66, 2.80189, 0.903214
568.301, -0.0881048, -1.23434
569.097, -0.544636, 3.06968
564.861, 3.39593, 1.85177
581.404, -59.2574, -2.60269
570.116, -59.7815, 0.506971
553.332, -49.4762, 0.484445
556.439, -15.9887, -0.160014
566.236, 0.764396, -2.99472
565.181, 0.414075, -1.12068
565.248, 0.755926, -1.75154
565.206, -0.179565, 2.99963
571.502, -1.04485, 2.98613
568.964, -0.146681, 0.0326073
569.361, 0.0498883, 2.81143
567.132, -0.281693, -2.47912
569.614, -0.205536, 3.05016
571.14, -1.07153, 1.03631
567.395, -0.539598, 0.726237
570.07, -0.773823, -1.88063
572.313, -0.697846, -0.790824
568.191, -0.0638412, -2.36819
573.339, -1.13012, -0.230462
569.827, -0.03232, 2.28814
569.118, -0.0966137, 0.239013
569.046, -0.293331, 0.579513
569.653, -0.438068, 2.40673
573.255, -0.830122, 0.166843
569.228, 0.0873832, 3.12504
571.755, 0.052478, 1.16878
570.178, -0.531354, 3.00266
573.249, -0.187887, -3.04774
569.607, -0.10557, -0.632434
571.37, 0.133502, 0.0471073
570.665, -0.080747, -1.88154
569.141, -0.0406343, 1.47023
571.309, -0.282546, 2.81188
570.357, -0.706506, 1.22403
573.13, -0.745226, 1.55122
570.879, -0.0320776, 2.17961
571.177, -0.180656, -0.565512
570.69, 0.0689737, 1.637
572.328, -0.726741, -0.432741
571.344, -0.595688, 1.83059
576.628, -4.50385, 0.122328
571.14, -0.39424, -2.36641
575.903, -4.06381, 2.46563
576.265, -4.67637, -1.44897
573.723, -2.14542, -3.10619
572.854, -1.23237, 0.255082
572.026, -0.693443, 2.42791
576.505, -5.36811, -2.93695
573.955, -2.79521, -3.08031
576.61, -4.95174, 1.04468
576.377, -5.29322, 2.18896
573.55, -2.7887, -0.817437
575.66, -5.64604, 1.83833
576.578, -5.05051, 3.07341
573.231, -30.6682, 0.394366
573.601, -1.47742, -1.57433
575.929, -5.40946, 2.65716
569.975, -25.7644, 0.331872
576.784, -4.96337, 2.10204
574.996, -3.47956, 2.86997
574.518, -3.91806, 0.722818
578.02, -5.96081, -1.26387
573.234, -26.6191, 0.705342
575.838, -3.63278, -1.56735
577.076, -4.84626, 2.02017
575.769, -26.1525, -0.0522879
576.215, -23.777, 0.843642
574.436, -16.9901, 2.85262
573.146, -19.3822, -1.83168
573.079, -27.4459, 2.11867
573.191, -32.3286, 2.944
575.509, -5.35006, -0.369784
573.318, -9.39821, -2.10573
570.594, -25.0206, -0.918509
577.693, -2.96319, -0.475416
576.929, -5.61172, 0.922476
578.288, -5.50012, 0.705346
577.676, -5.84055, -1.71813
577.712, -3.75607, -1.7662
576.787, -4.73097, -0.121204
575.058, -3.15143, 0.967052
576.767, -5.12205, 2.10491
577.076, -5.45841, 0.15476
575.039, -3.85901, 2.6931
577.109, -5.67286, 0.922173
578.462, -3.63111, 3.12026
576.404, -4.79563, -1.47381
576.447, -3.41278, 2.16642
576.827, -4.89998, 1.70309
577.015, -5.61008, -2.39476
577.067, -5.45685, 1.50694
577.335, -5.56314, 1.38185
577.458, -5.88861, 2.62403
577.207, -6.15237, 0.439498
580.738, -5.64294, -2.03982
579.955, -5.30852, -2.18961
584.557, -5.00422, 2.77473
578.191, -5.46688, 0.345313
581.447, -5.3884, 1.67765
581.533, -5.4691, -1.84845
583.865, -5.60786, 3.07303
580.065, -5.72618, -1.51108
585.216, -6.20735, -2.68569
582.595, -6.20157, 1.65661
584.152, -6.5395, 3.01863
585.546, -6.39872, 1.6904
581.125, -5.6037, -3.06396
582.206, -6.1224, -1.22027
582.98, -5.70575, 2.10863
583.678, -5.92503, 2.74463
583.052, -5.52964, 2.55303
583.094, -5.93436, -1.54986
585.978, -6.05895, 1.88017
583.232, -5.90655, -0.506001
583.738, -5.30526, -0.632908
585.711, -5.5532, -1.98334
585.631, -5.49928, 1.00391
586.382, -5.6299, 1.05489
586.594, -5.62782, 1.32596
584.893, -6.02595, 0.908673
583.987, -6.01591, -2.37447
584.532, -6.0805, 0.515649
586.149, -5.72463, 1.33557
586.363, -5.25629, -1.51605
586.389, -5.7546, -2.07816
586.554, -4.31095, -1.79542
586.284, -4.4962, 0.699141
586.582, -6.55276, 1.35525
586.695, -4.73452, -0.620081
586.601, -11.4743, 2.63928
585.438, -14.3769, -2.23693
585.546, -12.2484, -1.84221
585.902, -11.4248, 1.88351
586.594, -10.9637, 0.316016
586.982, -10.72, -1.41455
587.252, -12.655, -1.01592
587.298, -12.4333, 2.19773
586.298, -7.8036, -2.19124
587.746, -10.7797, 1.37469
586.756, -9.76372, -0.620865
587.734, -12.3914, -0.483115
587.239, -9.5567, 2.67649
587.039, -9.71167, -0.789789
586.771, -9.91429, -1.30188
588.136, -10.9666, -0.299123
587.266, -11.7068, -0.529875
588.25, -11.2778, 0.248492
587.606, -11.0631, 2.42391
590.342, -11.3267, 2.99607
588.522, -11.074, -2.96241
587.96, -12.7364, 0.761941
587.423, -13.9451, -2.9103
587.462, -13.5917, -0.776553
587.185, -13.5324, -0.760013
587.971, -13.1718, -2.91399
587.296, -13.3482, 1.12703
587.328, -13.4711, 0.541965
588.273, -13.8038, 2.43547
585.838, -13.5272, -1.00489
581.727, -14.3288, -2.50149
575.659, -16.4341, 1.26283
580.221, -15.7225, -0.41666
581.762, -15.3135, 0.772478
577.185, -17.0639, 0.928683
581.502, -15.9463, 0.342173
584.64, -14.7191, 1.60974
581.961, -15.9923, -1.47467
584.18, -14.8261, -0.846351
581.929, -16.0072, 2.1846
583.398, -15.5315, 0.805897
577.787, -17.5317, -2.55653
578.662, -17.5808, -0.974833
581.288, -16.0555, 1.04867
576.848, -17.8675, 1.34596
582.629, -15.5662, -1.19842
578.593, -17.5002, -2.99727
578.125, -17.2455, -2.17116
580.821, -16.4007, 0.155715
580.72, -16.1357, 0.453715
580.126, -16.8107, -2.18761
579.489, -17.0581, 2.08291
578.916, -17.1162, -2.65151
579.061, -16.8794, -2.72772
579.528, -16.4785, -0.0749845
577.122, -17.757, -1.0722
576.43, -17.8993, 1.86489
577.975, -17.2887, 2.21388
580.077, -16.5169, 2.3104
577.103, -17.4458, 0.660184
575.82, -17.8395, -2.93024
575.916, -17.6885, -0.737673
576.167, -17.5108, -2.82177
578.717, -16.8082, 1.99376
578.41, -17.2135, -0.400489
578.796, -16.6706, 1.43221
577.804, -16.913, -2.30944
578.064, -17.0812, 2.17643
577.856, -17.3479, -1.6939
577.014, -17.5447, 0.0236486
576.241, -18.2439, -1.00112
576.173, -18.367, -0.758011
576.161, -18.6202, -0.276624
577.383, -17.1282, -2.63796
576.037, -17.3957, 2.38941
576.191, -19.2846, -1.37536
576.398, -17.9502, -1.90344
576.533, -20.1268, 2.70023
577.018, -21.0764, 0.190844
579.098, -29.0347, 1.06867
577.991, -24.8699, -1.05644
579.859, -29.2752, -0.647599
576.816, -20.8549, -1.17162
577.878, -28.3909, 1.08226
579.447, -37.0316, 0.299269
579.325, -36.4548, -1.69264
576.836, -22.0071, 1.57035
579.298, -35.3927, 1.64529
578.458, -32.9117, -1.22687
578.858, -35.0712, -1.80648
579.142, -33.7959, -2.86168
577.432, -27.8131, 1.95123
576.252, -31.7153, -1.09848
572.565, -32.5415, 1.33818
575.128, -22.0945, -0.947711
571.785, -23.6085, -1.73399
583.435, -36.4867, -1.407
571.614, -5.84904, 1.73252
576.085, -18.7084, -0.306063
572.054, -6.97934, -0.711653
576.017, -18.8678, -1.36596
576.346, -19.1056, -0.863591
575.319, -8.96698, 2.72583
575.72, -9.90935, -0.339014
575.875, -12.664, -0.408181
575.808, -11.8848, 2.93341
576.397, -17.1134, 1.96419
576.04, -16.991, 0.89282
576.229, -11.3703, -2.04298
576.51, -7.03608, -1.97252
576.463, -6.5125, 0.586549
579.157, -17.701, -1.21553
582.599, -17.4235, -1.12447
576.41, -12.5238, -0.877517
581.665, -17.1131, 2.00374
588.206, -15.9676, 2.6385
577.82, -17.226, 1.87546
582.722, -16.0463, -2.69663
582.675, -16.1795, 1.39229
584.632, -15.4333, -0.623102
583.106, -15.7959, -1.62125
583.197, -15.759, 3.03454
583.529, -15.1016, 0.024253
582.238, -15.5909, 0.81614
580.571, -16.7744, 1.13933
581.227, -16.3535, 2.60741
583.837, -15.5732, -0.433563
581.948, -15.7284, -0.588652
583.611, -15.1449, -1.60718
585.263, -15.0514, -1.23397
582.944, -15.9257, 1.65324
587.709, -13.7514, -1.81458
585.014, -15.025, 0.562994
587.518, -13.9198, 1.54395
585.392, -14.5072, 0.63472
583.188, -15.6031, -0.267395
588.112, -13.7863, 0.554293
583.312, -15.6689, 2.82472
587.965, -13.7325, -0.852878
588.243, -13.382, -0.0851199
585.815, -14.1949, 2.98883
587.337, -13.7962, 2.60248
585.967, -14.4592, -1.7464
587.489, -13.3221, 1.57964
584.577, -14.9137, 1.44174
586.442, -14.4654, -2.22965
587.574, -13.5453, 1.36928
588.317, -12.7828, 2.81878
588.419, -13.7352, -0.167822
588.519, -13.4508, 0.192766
586.984, -13.9791, 0.439455
587.588, -13.6648, 2.41599
588.473, -12.7775, -0.934512
588.306, -12.6866, 2.69612
587.77, -13.1473, 2.34807
587.777, -11.736, 0.475761
589.907, -10.321, 1.21371
587.847, -12.1993, -0.484831
584.935, -2.3892, -1.58812
587.41, -10.5543, -0.469766
586.666, -9.66766, -0.806772
582.799, 2.80606, -0.565877
586.712, -5.57637, 1.58876
582.726, 2.40541, -1.10924
582.884, -0.157341, -0.70039
589.844, -10.2312, -2.02352
594, -9.26095, -1.52859
589.466, -10.9277, -1.22427
590.105, -10.6944, 2.99015
590.123, -10.0794, -0.182442
590.229, -10.7669, -2.27127
593.458, -8.80818, -2.54908
593.405, -8.30986, -0.903319
592.097, -9.14989, -3.07855
610.334, 46.4079, -3.07114
607.987, 57.1259, 3.11918
592.521, -8.39834, -2.48395
607.5, 44.8493, -1.68548
593.098, -7.56398, 0.727805
594, -4.81346, 1.67118
592.623, -7.02721, -1.04791
591.96, -9.49261, 1.96057
594.63, -5.75571, 0.00383155
592.686, -8.09224, -0.751652
593.714, -5.97965, -1.90216
593.17, -8.24168, 2.72788
593.642, -5.08561, -2.42579
594.023, -5.10568, 1.71508
600.564, -11.5748, -0.225054
596.263, -10.5219, 0.786934
597.894, -11.5936, -2.50905
637.158, -46.4688, -2.63822
597.4, -10.2982, -2.35693
651.647, -60.5279, -1.5115
599.688, -10.1325, -0.708618
635.35, -41.2698, -2.30997
639.034, -43.3233, -0.41474
599.14, -10.4786, -0.112057
650.771, -52.9552, -3.02149
635.238, -40.1781, 0.206884
637.723, -43.2253, -2.98824
598.488, -10.0429, -0.110132
616.757, -25.1019, 1.48577
656.664, -57.4547, 2.81659
599.036, -9.25964, 0.640627
655.324, -55.9054, -0.243838
597.301, -9.42183, 2.75526
644.235, -51.271, -0.625869
600.133, -8.9291, -2.79464
644.725, -71.9911, -0.861188
600.333, -8.81946, 2.3657
600.559, -9.12089, 2.71962
600.102, -9.56801, 0.530276
600.086, -7.06683, 2.93912
600.039, -7.09611, -2.9143
600.366, -7.17675, -2.55561
599.926, -7.30849, 1.1996
599.737, -7.65148, -1.48156
599.88, -6.45593, -0.13736
599.279, -6.96317, 1.35294
599.351, -6.38109, -0.531692
678.972, 8.82247, 3.12082
600.282, -7.88835, 2.15477
606.339, 67.8813, 1.51486
600.003, 72.7328, -0.989975
612.772, 71.609, 1.21868
607.721, 38.6961, -1.69726
601.269, 12.5799, 1.33448
648.967, 9.30491, -0.149456
654.204, 25.5059, -2.12195
597.793, -10.5045, -2.72221
600.733, -8.5255, 2.14196
598.447, -10.6686, 0.440797
599.689, -9.18799, -1.89963
597.339, -10.6619, 1.28555
600.572, -9.50435, -1.84346
598.796, -9.46709, -2.26208
598.051, -10.9744, -2.50826
598.102, -10.5869, 1.56878
596.757, -10.1025, -0.748578
597.904, -12.0323, -0.987096
599.082, -10.8926, 1.57559
601.119, -10.756, -0.116625
630.541, -70.6423, -1.87081
616.756, -70.425, -0.487526
598.705, -9.32761, -0.420267
595.865, -7.08678, -2.61098
592.25, -7.10931, 2.91811
595.842, -8.66314, 3.02032
594.902, -8.37437, 0.668666
591.658, -7.13003, 0.316279
597.117, -9.45736, 1.35791
598.263, -12.3906, 1.99256
597.515, -10.2268, -2.34337
597.496, -10.4414, 1.83237
598.553, -13.0673, 0.329016
596.836, -9.23964, -2.80056
597.489, -10.749, -1.0822
598.79, -12.2332, 1.42938
637.291, -76.5491, 0.812151
637.1, -78.1212, -1.87965
634.947, -62.5272, -0.128073
635.377, -76.0797, -2.16322
642.86, -75.5914, 0.606644
643.469, -77.7571, -0.200815
633.783, -61.0203, 1.32031
642.046, -67.2798, 0.327813
611.396, -30.8671, -1.70051
628.444, -52.371, 1.79255
645.313, -74.6733, -1.66742
648.124, -60.3758, 2.76869
625.502, -39.5332, -2.74258
634.826, -49.8067, 1.61924
652.351, -65.8453, 2.39342
643.179, -68.6443, -3.09432
623.54, -55.0012, 0.423549
634.655, 20.3793, 3.04654
595.555, -71.996, -2.88187
625.151, -62.0106, -2.73676
616.089, -84.5862, -2.56029
605.676, -71.4821, 1.65732
616.119, -93.0367, -0.692932
603.16, -15.0127, 0.936724
649.308, -48.7357, -1.79531
663.471, -66.3951, -2.68867
603.326, -15.5143, -2.45172
644.667, -60.3594, -2.02734
650.912, -74.0913, 0.334856
630.737, -76.5693, 1.73719
643.157, -15.9985, -2.89629
629.031, -79.1065, -1.45788
625.281, -71.3147, -0.942064
625.432, -61.318, 1.5194
640.906, -81.429, -3.08245
637.898, -67.9575, -1.34475
602.398, -15.2354, 1.45882
598.913, -13.1494, -0.705389
598.871, -13.4356, -1.92537
602.45, -15.3361, -0.75777
598.91, -13.1249, 2.75516
602.101, -14.8161, -1.99201
598.487, -13.2195, 2.66923
598.777, -13.4846, -0.976314
598.54, -13.4599, -0.9881
601.44, -14.7344, 1.32348
532.194, -22.9099, -3.08657
545.341, -19.7054, 0.0828134
574.62, 25.8268, 0.639911
583.883, 6.18454, 2.67509
587.219, 28.679, -2.2336
546.15, -63.7822, 0.500638
550.757, -44.0708, 1.0214
539.961, -55.8197, -1.21309
587.917, -31.0389, 1.29123
588.702, -29.7666, -1.43323
566.05, -78.3647, 0.222559
630.177, 57.4601, -3.12998
598.069, -11.8383, -1.69766
598.416, -11.1427, 1.69613
597.935, -9.08886, 0.804908
597.884, -12.2226, 2.0066
597.878, -10.9666, 1.33788
598.271, -10.8738, 2.92186
598.637, -9.44357, -1.62663
598.18, -10.9318, 0.11613
598.461, -14.1193, -2.86541
599.559, -9.7979, -2.48542
599.652, -9.2161, 0.157232
599.805, -8.98356, -3.07169
598.741, -12.2525, -0.86083
599.358, -12.5854, -2.95686
599.154, -9.01238, -2.32275
598.118, -11.7059, 0.710148
598.419, -12.3427, 3.00256
598.622, -9.16992, -0.813531
598.286, -8.93615, 0.170214
598.709, -12.7976, 1.7983
598.036, -11.3525, 2.82815
598.799, -12.8628, -0.820901
598.061, -10.1239, -1.12201
597.949, -8.37535, 0.475437
599.058, -10.5851, -2.41113
599.481, -9.37507, 1.40792
599.004, -8.49509, -2.83656
599.94, -8.91691, -1.47744
600.103, -9.25992, 2.59758
598.43, -11.0678, 2.77754
600.027, -9.43192, -1.44632
595.632, -4.04456, -2.73389
597.434, -7.6102, 1.15284
597.406, -6.71191, 0.945232
595.981, -4.51395, -3.00467
597.608, -8.3847, 1.91708
524.738, -10.4329, -2.78881
535.451, -28.1484, 1.48906
527.569, -37.0906, 1.23252
596.83, -4.43477, 0.0831382
595.639, -2.75404, -0.897761
595.646, -3.03945, -2.159
595.894, -3.27651, -1.59403
595.584, -2.8947, -0.0858141
596.738, -4.12492, 1.11388
595.711, -3.47026, -1.86248
597.572, -2.9441, 2.88521
597.04, -4.75271, -1.42604
518.025, -6.14276, 1.83987
595.793, -4.28037, 1.20486
594.538, -5.12619, -0.115171
597.892, -4.89291, -2.02946
598.695, -2.37702, -0.408085
599.53, -2.82685, -2.85473
597.458, -4.57902, -0.0159363
596.646, -3.31624, 2.50265
640.584, 15.5493, -2.63513
641.045, 13.7468, -1.27118
650.074, 11.7867, -2.98536
597.854, -2.33745, -0.444809
622.06, 2.15053, -0.414745
652.97, 9.23739, 1.3283
650.807, 11.2285, -0.332638
679.163, 2.90607, -2.42844
669.245, -20.9557, 2.83165
660.376, -24.8156, -2.17715
599.66, -1.13181, -2.31684
599.425, -2.31767, -0.423211
558.114, 14.4992, 2.28651
528.805, 28.7272, -2.80014
524.945, 15.7366, -1.82899
537.457, 8.38865, -0.519498
673.199, 4.55103, -0.956541
674.571, -1.40288, -2.63472
623.743, -6.39072, 1.602
675.645, -16.7877, 1.68818
647.452, 15.2938, -1.25827
672.523, 34.0167, -2.4197
672.683, 23.1602, 0.549599
636.238, 13.9412, 0.731975
620.541, 12.2765, -1.8789
629.828, 16.9214, 0.103135
615.876, 5.39181, 2.19903
658.036, 28.3285, 1.52165
676.375, 21.7781, -0.969135
628.062, 0.342797, 1.73354
586.25, -80.1523, 0.137913
592.294, -49.4867, -1.56768
597.883, -41.339, 0.332055
610.312, -57.1206, -2.25321
598.263, -4.41201, 0.191472
599.31, -3.47736, 2.00697
600.061, -1.21668, -2.93165
661.212, -35.3318, 2.37598
666.241, -27.0374, -2.22797
649.822, -15.6812, -2.47371
554.694, -1.1639, -2.03507
599.451, -28.9325, 2.48433
592.574, -52.5202, -1.4159
607.554, -69.4015, -0.869455
575.339, 11.7981, -1.99282
596.944, -66.4639, 1.51302
597.102, -3.76303, 3.11105
594.818, -3.87363, -0.803396
596.802, -3.51136, -2.79759
595.162, -6.57659, -0.724517
560.097, -5.86203, 1.05827
542.716, -1.49794, 1.05653
558.396, 3.42192, -2.54881
540.493, -9.54936, -0.372156
544.704, 10.6876, -2.81421
528.855, -16.9985, 0.420938
529.555, -7.10968, -0.8378
668.549, -12.1739, 0.649314
598.201, -2.80674, -0.740463
597.277, -3.55517, -0.528804
666.924, -11.172, -0.712839
598.837, -5.43718, -0.729256
647.399, -7.1532, 2.10456
598.234, -3.72561, -1.35521
596.78, -4.02789, 0.0770628
653.907, -10.1294, 2.27116
676.307, -13.3798, 0.986014
650.137, -9.32162, -1.05767
668.93, -11.9532, -1.39562
597.11, -5.58414, -3.00897
668.703, -11.7682, 0.791552
667.264, -11.5881, 1.68064
657.654, -10.2446, -0.197457
647.867, -9.31575, 0.816099
597.199, -5.40738, -2.98766
672.221, -12.4156, 1.37242
634.782, -7.71705, 2.50208
598.145, -3.8494, 2.2854
651.373, -9.58974, 0.904195
675.041, -11.8724, -2.21524
649.04, -9.23447, 0.34344
652.73, -9.84277, 2.19602
651.669, -10.158, 1.26439
628.415, -7.01262, -0.328662
647.022, -9.23572, 0.739052
674.889, -12.2946, -2.36471
630.799, -7.2446, 3.08504
659.033, -10.43, -1.6455
597.265, -3.12446, 3.09137
670.348, -12.5711, 2.26686
596.644, -3.69061, 2.83702
672.579, -12.654, 3.11266
650.428, -9.56781, 2.52147
653.277, -9.5584, -2.41643
675.062, -11.9755, 2.27937
648.219, -9.76794, -2.58547
651.226, -9.42964, 0.233703
633.769, -7.53113, -1.19603
652.749, -9.71771, 0.0331832
669.17, -12.3683, 1.33708
669.996, -11.2627, 2.82064
673.567, -12.6491, 0.613089
674.347, -12.9292, -0.408188
673.45, -11.7929, -2.46547
665.765, -11.5988, 0.183892
655.579, -9.78244, 2.28254
652.668, -10.2288, -0.40425
678.578, -13.116, -0.702314
598.7, -3.88137, 0.626206
639.03, -8.05242, 0.00449372
673.156, -12.4337, -0.416877
597.539, -5.77455, -2.60669
671.452, -12.5481, -0.773127
648.377, -9.13899, 3.05808
655.407, -9.83113, -1.59408
597.696, -6.41909, 2.18533
597.961, -4.76207, -1.9941
667.629, -11.2717, 3.0943
661.863, -10.8599, 1.05968
675.924, -11.8783, -1.04746
670.675, -12.2893, 0.900322
655.728, -10.6578, -2.89678
666.795, -12.0337, 2.06139
596.502, -6.74885, 2.25004
672.715, -12.2016, 0.354912
595.431, -6.93809, 1.35155
