562.495, 4.72714, 1.60931
512.836, -11.0168, 0.196895
497.779, -13.773, 2.57197
508.521, -16.6794, -0.0211249
552.608, 9.42341, -0.210495
500.947, 19.4845, 0.758695
551.367, -2.72511, 2.31731
544.435, 6.97416, -1.94519
517.459, -7.54222, 2.7476
499.471, 20.3075, 0.532648
518.362, 22.8338, -1.7113
520.868, -11.2471, -0.141027
532.267, -5.70677, 0.672129
521.424, 23.754, -1.67569
512.16, 0.138085, 2.33336
509.339, -12.2559, 2.78679
518.414, -10.4516, 1.39041
509.235, 18.1416, -3.12385
503.109, 14.6166, 0.827709
514.318, -8.55856, 1.78438
536.608, 14.2274, 0.482843
509.065, 17.2131, -2.33306
558.37, 4.10445, 1.03631
521.22, -10.7167, 2.33371
530.716, -6.23182, 1.63781
518.371, 18.8346, 0.491715
521.164, -10.3259, 2.91273
529.642, 19.4177, 2.00582
518.027, -15.7421, -3.09012
516.62, 21.8589, 0.90902
498.823, -19.6971, 1.50648
544.283, -0.65553, -0.220348
502.897, 23.2067, 1.22095
521.74, 21.1017, 2.63391
523.179, 10.2881, -0.417935
503.13, -10.0967, 0.444748
515.946, 14.3132, 2.23515
521.016, 22.8054, 1.81162
505.234, -10.2359, 0.966133
534.019, 15.8963, -1.94011
504.701, 16.0876, -2.83459
501.52, -8.10632, 1.37572
516.284, -4.50017, -2.7877
522.36, 15.0176, 0.14774
532.25, 10.1992, 0.523813
533.685, -7.83153, -2.22648
555.605, -3.40362, -1.92226
506.938, -14.6518, 2.55941
563.204, -2.76903, 1.01757
537.609, -2.7934, -3.02897
528.065, -9.1187, 0.188988
531.456, -4.22761, -1.27412
510.307, -16.2847, -1.82164
506.52, -2.34679, 2.03427
551.938, -0.131821, 0.685448
499.972, 17.1185, -1.95361
556.649, 7.04049, -2.60474
507.095, -3.78141, 0.975627
544.807, -5.92936, -0.95918
507.561, -22.0323, -3.12205
508.587, -8.04057, -1.6624
522.104, -21.5151, 2.48621
508.43, -26.2902, -1.67354
577.653, -2.44444, -2.90802
634.9, 56.2785, -1.10249
630.796, 49.9646, -0.22687
612.301, 36.6294, 1.02828
614.728, 36.1654, -1.53274
622.176, 42.4374, -0.709864
607.188, 41.5076, -2.15878
607.888, 39.3676, -0.0979708
610.668, 35.6157, -2.3656
615.706, 44.8124, -1.84449
603.345, 27.4467, -2.08913
624.419, 44.6742, 2.52942
624.863, 46.6581, -2.04127
620.381, 40.6386, 0.298257
605.23, 18.9393, -1.24814
638.959, -15.0666, -1.02919
618.364, 27.8285, -0.0680021
639.852, 26.4887, 0.564604
623.138, 20.4874, 0.384404
654.886, 14.7597, 0.403728
636.412, 3.75011, 0.753284
602.382, -1.38907, -0.909723
644.058, 42.858, 1.64251
579.119, 7.20446, -0.198871
652.213, 26.6146, 2.59607
577.446, 4.6298, -2.0314
540.553, 5.10826, 0.977083
592.591, 71.5626, -0.432188
592.562, 60.3988, -1.50798
625.997, 21.6772, -2.40972
655.679, 24.4019, -3.09467
601.523, 74.7342, -2.49409
621.855, 26.6861, 1.75481
609.402, 43.1907, 0.891605
633.683, 16.826, -1.64231
630.126, 56.3416, -0.582391
634.567, 59.5091, -0.539219
598.761, 59.3575, 0.260753
595.542, 66.297, 2.87042
587.647, 31.0163, -0.134755
587.829, 20.6046, -0.872789
615.31, 55.3547, -1.34398
601.723, 40.762, -0.526656
581.968, 17.277, -0.0213494
589.809, 33.714, -2.01101
603.29, 41.7084, 2.55745
621.367, 67.6026, -3.0008
600.85, 76.6061, 2.75454
591.768, 50.6588, -1.57784
624.097, -20.8832, 0.0408392
611.629, -13.3264, -0.102459
643.481, -29.3166, 2.65272
563.909, -40.4596, -0.811596
614.948, -67.3591, -3.06983
575.895, 7.11111, -0.510169
552.024, 68.8402, -1.17654
541.807, 73.2285, 0.0646291
564.266, 69.275, -1.7644
561.875, 38.3236, 1.63253
562.612, -72.0925, -1.38117
547.191, 76.5658, -2.31361
565.376, 79.6939, 0.276871
571.364, 73.9445, 2.92563
580.184, 28.5499, 0.880226
588.205, 56.9463, -1.22788
601.693, 56.6574, -1.68973
591.413, 41.1868, 0.648079
607.526, 46.7887, 1.06063
593.277, 38.9372, -1.68096
590.302, 25.1851, 0.535756
607.378, 80.3796, -0.181889
601.31, 74.3527, -0.530978
591.538, 32.419, 0.737994
598.588, 65.8328, 1.81942
588.477, 67.584, -1.86043
629.971, 34.9893, 1.44693
596.511, 44.6959, -1.62344
544.468, -15.0756, -1.58246
556.326, -21.6155, -1.22085
550.53, -61.1843, -2.61723
575.949, 5.86245, -2.89284
575.674, 7.31854, 0.737286
576.059, 7.90404, -2.52464
576.383, 7.37271, -1.99904
629.729, 43.5798, 1.45696
595.31, 23.0339, 0.667355
605.076, 30.1319, -3.08562
599.753, 25.9842, -0.64356
627.944, 45.9757, 1.23357
616.857, 28.9184, -1.02718
543.419, 80.8956, 1.95227
539.855, 57.5713, 1.35019
537.759, 57.5385, -2.91639
548.825, 48.3707, 1.29347
558.211, 49.8883, 2.77345
576.13, 7.99216, -1.22368
605.156, -40.0657, 0.532959
620.128, -16.4229, -0.921849
615.694, -16.9675, -1.24432
619.606, -15.7379, -0.973824
612.612, -16.2768, -2.92657
625.89, -24.9725, -2.76255
629.452, -47.4308, 1.78108
497.906, 23.356, -3.00705
515.832, -18.9756, 2.48878
504.18, -5.88765, -2.67695
515.373, 14.44, 1.50938
523.225, -8.51506, -2.75869
502.277, 13.7268, -1.95467
547.084, 15.8829, -0.188704
530.495, 19.2259, 1.21897
543.87, 31.4546, 2.81082
564.936, 53.4326, -2.67191
558.994, 32.0727, -1.6178
553.554, 78.4486, 2.21357
554.688, 34.9691, 1.1566
559.218, 71.6407, 2.94374
589.822, 72.7529, -2.03258
542.804, 57.0117, 2.71804
548.826, 35.3021, -0.675399
533.45, 65.9584, 0.221326
568.014, 44.8066, -2.05398
568.439, 49.8325, 0.0198493
572.216, 5.3488, 1.47976
561.463, -60.6868, -2.30478
560.921, -61.0752, 1.68029
565.464, -66.6035, 2.1756
571.35, -73.2328, 2.80013
572.379, 6.53303, 1.67791
572.267, 6.75278, 1.2343
523.443, 62.0345, 0.420406
572.002, 6.87268, -0.859366
572.405, 6.01985, 2.17969
571.94, 5.82477, -2.21756
572.771, 6.78772, 0.892058
538.647, 72.4868, 1.08141
534.59, 63.9518, 0.617992
522.469, 22.2201, -2.14895
514.763, 63.8158, -1.27477
628.448, 15.8617, -0.49322
622.371, 9.892, -0.586432
572.809, 6.8432, 0.25977
572.037, 6.37588, -0.73757
495.238, 26.8918, -1.50222
499.67, 17.4244, -0.711457
504.272, 7.27666, 2.04071
499.497, 6.69492, -1.14292
549.859, 6.8294, 2.27622
543.549, 6.40988, -2.04471
527.817, 5.84782, -3.12729
510.012, 5.90644, 2.62196
509.429, 4.60862, -0.926624
521.844, -10.1187, -0.156637
506.787, -8.3923, -2.78556
524.688, -4.32994, -1.81253
517.85, -1.67256, 0.336776
556.274, 4.02472, 0.273424
544.346, 1.49982, -2.14594
505.001, -3.30853, 0.787372
510.156, -2.31795, -2.94381
572.57, 6.24855, -2.71023
572.649, 6.25746, -0.583913
573.005, 6.66741, -1.5278
573.413, 6.17545, 1.77781
572.564, 6.31977, -0.230808
573.346, 5.88599, 1.82376
572.588, 5.35584, 0.899224
578.269, 3.15632, -0.077065
573.074, 6.77092, -2.56038
577.676, 3.96668, 0.559056
635.447, -15.0314, -2.56171
646.992, -15.6046, -1.24311
617.402, -2.44906, 1.72895
631.515, 25.0741, -0.580995
619.247, 31.9283, 2.64639
595.895, 32.7404, -1.98173
639.682, 41.0409, 2.93883
598.618, 56.1429, -0.578107
611.815, 52.2148, -2.46232
601.751, 4.81747, 3.03165
655.133, 11.0394, 0.637453
636.552, 13.2156, -1.73014
633.521, 55.6264, -3.00653
624.913, 44.4679, -1.93162
652.381, 28.2503, 0.490071
636.995, 31.6573, 1.52948
625.142, -35.3321, -1.76244
615.278, 15.2037, 2.8664
652.979, 22.8739, -1.84995
613.109, -41.8298, 0.75372
619.153, -35.2523, 2.08949
622.254, -46.9998, 0.863108
612.644, -58.3865, 0.643832
605.283, -67.3851, 2.22164
591.515, -67.9141, 0.358371
590.773, -62.5052, 3.08657
597.315, -57.8177, 0.149343
625.855, 58.1868, -1.92351
614.445, 65.033, -1.28019
623.51, -58.0931, -2.57722
577.752, 3.02321, 2.93807
500.972, -22.139, -1.03155
533.719, -55.8576, -0.21786
576.807, 3.58544, 2.11481
523.782, -45.8733, 2.82944
540.264, -35.502, 2.57555
525.68, -49.5164, 0.433008
527.367, -39.2137, 1.16137
515.472, -35.9456, 0.87348
577.557, 3.19861, -0.147278
614.856, -55.1927, 0.300946
600.531, -34.2996, 0.195537
521.128, -38.7049, -0.87723
647.133, 23.6349, 0.84087
602.939, -60.8386, 2.04367
609.935, -48.0424, 1.98341
516.392, -6.15466, 0.804244
626.734, -62.4428, -2.30749
648.544, -20.2964, -1.26533
597.322, -14.7938, -2.41187
642.846, -45.6847, -1.70607
638.495, -23.2897, 1.35458
542.378, -18.306, 1.17382
557.515, -8.61388, -1.49567
531.023, -15.2051, -2.76167
499.561, 4.83636, 0.199896
558.696, -1.40666, -1.65188
531.421, 3.56278, 2.092
531.069, 0.719506, 3.0414
505.259, 8.80431, -1.68015
577.724, -0.162326, -0.570032
582.401, -4.78949, 0.330317
580.809, -3.41046, 1.06597
583.091, -5.3539, 1.1258
631.609, -37.0833, -0.367095
626.828, -33.7144, -0.293092
576.574, -2.59381, -0.733296
577.4, -2.37913, -0.0159818
577.351, -3.16164, -1.3297
575.504, -3.83612, 2.24404
576.678, -3.1213, 2.60723
575.744, -4.55593, -1.93989
576.542, -4.47646, 0.279088
575.217, -3.39557, -1.48071
575.759, -4.34788, 2.84409
575.33, -4.03322, 1.26507
575.785, -3.10627, 1.01532
575.378, -3.61756, 2.76769
593.162, 61.7913, 2.81445
586.64, 47.6894, -1.37905
591.5, 69.5675, -0.594522
581.923, 31.0013, 0.204114
592.044, 53.7206, -3.10752
574.219, -2.52558, -0.0450186
596.037, 54.5354, 0.532015
593.563, 48.9153, -0.914264
573.909, -2.59163, 0.879936
574.012, -2.81836, 2.94793
537.203, -39.5333, 2.52918
537.731, -36.2827, -2.97263
547.585, -57.2268, 1.5908
530.582, -41.2661, 2.89678
585.591, -76.6441, -0.0687322
572.502, -3.41738, 0.44317
572.32, -3.33158, 2.64415
573.273, -4.25936, -1.11848
637.935, -42.7428, -2.7545
640.268, -28.9976, -0.286673
641.678, -10.724, -2.62772
555.761, -64.8714, 2.93115
553.546, -81.5123, 0.00924872
534.728, -72.0736, 1.34925
560.602, -34.8003, -0.206953
541.196, -44.2498, -0.974005
532.298, -58.9981, -1.66299
604.066, -64.9571, 2.84473
603.57, -72.5975, -1.60613
598.994, -69.1954, 1.55503
593.194, -61.9543, -0.730512
606.094, 47.9582, 0.00490884
619.062, 62.9187, -2.95592
592.159, 23.5339, -2.85087
617.257, 58.7088, 2.88285
599.763, 32.8076, 0.758065
620.132, 59.7273, -1.21733
617.162, 47.0176, 1.83212
532.967, -17.6227, -0.205964
511.047, -45.4144, -1.33647
527.41, -21.4969, -0.810378
523.054, -27.2043, 1.06964
572.962, -2.54943, -1.04636
642.366, 35.1825, 0.595297
625.305, 10.4759, -1.3618
629.58, 10.5878, -2.88915
613.025, 0.53563, -1.38909
629.948, 20.9501, -0.0913563
608.056, -7.9661, -1.47339
564.715, 78.303, 1.69665
640.852, 27.0395, -0.615309
574.031, -2.20119, -0.871413
634.868, 18.9447, -2.2079
576.284, -59.8634, -0.270026
628.686, 26.2678, -1.84674
625.998, 50.3314, -1.9814
602.186, 30.5045, -0.384191
607.347, 48.0095, 1.46499
576.992, -1.57224, 2.34879
631.052, 47.0986, 0.344721
631.475, 50.6377, -1.52299
576.74, -3.37979, -2.66946
621.552, 43.1821, 2.27465
576.048, -3.91292, -0.620504
576.222, -4.01762, -0.81916
578.604, -2.16612, 0.444773
576.643, -4.01008, -0.0561264
577.682, -2.76538, -1.59849
577.588, -3.00831, 0.679167
576.784, -4.65587, 0.960196
576.789, -5.10751, -0.243728
576.118, -4.21777, -0.720377
576.694, -4.7517, -0.609924
521.071, -30.1763, 0.523324
542.564, -9.62364, -2.97027
573.927, -6.82451, -0.803435
573.594, -8.08235, -1.99182
575.237, -5.38326, 0.882365
574.222, -5.93767, 0.24667
575.046, -5.98174, 2.7299
573.724, -7.59758, 1.55666
573.847, -7.1079, 2.69424
574.723, -6.64778, 2.15086
573.24, -7.30683, -0.834779
574.395, -6.62703, 1.52992
575.297, -6.10018, 0.779631
574.743, -7.30923, -1.00779
572.075, -6.83656, -0.920355
573.234, -7.81814, 2.03857
571.96, -6.80005, 2.01438
574.583, -6.31016, -0.820461
562.005, 0.186709, -0.576781
560.162, 1.14358, 1.13407
564.071, -1.30902, -1.25409
550.43, 50.5699, 0.313928
573.328, 20.4139, -1.36454
560.646, 1.63346, 2.84188
570.025, -5.67716, -2.79898
564.812, -3.063, 0.539982
565.974, -2.2926, -3.09218
569.113, -4.19687, -1.1745
565.1, -2.35262, 0.326285
562.394, -1.69231, 1.69495
565.559, -2.45921, -2.83778
561.541, -1.02026, 3.04515
568.782, -4.25389, -0.990764
568.977, -4.92562, 1.41429
564.51, -2.59032, -1.39556
565.868, -2.4515, -2.25628
560.613, -0.315932, 2.62259
559.381, 0.862551, -2.35337
566.206, -10.7451, 2.88023
566.26, -3.36786, 1.33959
563.704, -14.3737, 1.46111
563.324, -14.6921, 2.79209
560.02, -0.431841, -1.25159
562.69, -11.9301, 0.771223
560.986, 0.110872, 1.70355
566.543, -7.08473, 0.25135
564.329, -2.08242, 0.192182
563.386, -11.7795, -0.265965
561.998, -0.444725, 2.05775
565.986, -2.75938, 2.90315
565.062, -2.23622, 2.17656
562.095, -1.1494, 2.43717
561.228, -0.851839, -1.73795
561.552, -0.0641629, 0.896692
566.267, -3.3193, 2.31739
561.668, -1.10404, -0.826313
565.229, -2.94006, -1.53011
563.896, -1.80252, 1.02226
560.411, -0.129842, 0.191003
560.837, 0.0979212, -0.309083
562.716, -1.75987, 0.0778917
561.673, 0.115389, 1.74298
564.146, -1.98451, -1.93755
560.972, -0.31806, 2.27721
558.992, 0.54903, 3.02155
564.519, -2.01993, -3.09263
558.966, 0.311416, 1.64114
559.985, 0.15741, 0.118209
559.733, 1.19078, -1.92485
561.645, -0.368393, 0.555711
560.878, 0.766929, 0.6495
561.199, 0.285017, -0.162532
559.752, -0.494106, -1.07921
562.844, -0.803867, 3.02378
561.052, -0.67996, 0.973427
560.585, -0.208096, -2.86565
562.466, -0.223721, -2.63643
560.349, 0.804337, 0.786772
559.647, 0.123683, -2.633
559.88, 1.22116, -2.49166
560.914, 0.214461, 2.17392
560.443, 0.680963, 2.46257
560.69, -0.347412, 0.264344
560.186, 0.0424631, 0.387396
560.543, 0.293162, -0.120881
560.246, 0.400849, -2.83933
559.816, 0.84824, 2.02323
559.464, 0.278117, -1.81008
550.319, 3.36703, -1.42807
550.797, 2.78125, 0.638178
559.876, 0.764684, 1.37816
550.236, 4.04744, -2.25661
547.926, 4.38328, -0.410814
559.558, 0.670174, 3.11095
553.008, -0.362652, -3.00312
559.718, 0.15502, -2.13698
568.224, -4.69984, 0.554662
562.193, -0.694934, -2.11911
561.342, 0.238739, -1.05065
564.152, -3.17412, -1.05548
566.957, -4.51711, -2.24594
567.256, -5.02787, -1.19459
568.451, -7.2632, 0.591581
563.254, -3.11182, 0.157466
568.917, -7.44876, -0.297876
568.395, -7.08605, 2.73096
569.096, -8.01706, 1.4528
566.358, -4.35948, 2.22993
568.747, -6.88083, 0.788325
564.47, -3.23585, 1.36438
562.578, -1.40229, 2.11288
564.701, -4.11356, 1.06571
568.22, -6.8536, 2.85421
567.997, -6.56424, -3.0893
563.181, -2.68783, 0.116831
573.068, -12.3152, 0.430531
564.445, -3.63365, 2.14445
570.462, -8.34787, 0.6362
569.169, -7.06494, 2.05274
572.843, -11.1056, -2.75596
570.976, -9.6482, 2.81318
572.858, -10.3486, -2.74646
570.559, -9.45793, 0.578039
568.524, -5.96972, 1.49488
571.344, -8.49952, -0.760475
565.882, -4.08778, 1.39214
570.566, -8.29646, -0.0524926
567.312, -5.54672, -2.03548
570.667, -8.28538, 0.67798
571.388, -10.2878, 0.686717
566.622, -4.75476, 0.686108
572.786, -11.7332, -1.64616
567.393, -4.55607, 2.10301
568.619, -8.17226, -1.29778
571.913, -11.3224, -2.06777
570.465, -9.77637, -2.76786
571.009, -9.70721, 0.314214
566.363, -7.70923, -1.3398
565.25, -9.12743, 2.47863
572.898, -10.1889, -0.969058
563.664, -11.1045, 3.0304
572.77, -9.93211, -0.694844
566.616, -7.32623, -1.15169
561.332, -13.0116, -2.41244
559.966, -13.9321, 2.72643
559.526, -15.4554, -1.67939
565.265, -9.64636, 0.276694
566.688, -8.06404, -2.85129
564.897, -9.30973, 1.24644
565.778, -8.85608, 2.14019
562.58, -12.7221, -2.7845
561.065, -13.8622, -2.1154
560.824, -13.869, 2.57853
565.832, -9.07146, 1.96832
560.301, -14.0396, 2.30928
560.347, -14.3468, -2.16506
565.593, -9.4837, -2.35445
558.63, -14.9883, -1.90321
560.803, -13.5229, 2.61847
563.437, -11.269, 1.38002
559.513, -14.2818, -3.10176
559.957, -15.2558, -2.03751
559.817, -14.9957, 0.654052
561.261, -13.0291, -1.77193
560.681, -14.6937, -2.10263
559.76, -15.6659, 2.14306
561.893, -13.3862, -1.9722
562.32, -12.961, 2.62499
557.892, -13.7725, -0.231913
559.989, -13.6942, 0.961091
558.771, -13.846, -3.02027
561.833, -12.4131, -2.39246
560.906, -13.8337, 3.07289
558.733, -14.6929, 2.34757
560.388, -14.307, -0.78626
562.02, -13.0834, -1.47717
558.945, -14.1056, 1.27881
560.001, -11.9514, 0.398468
558.947, -13.0317, 1.26783
562.402, -12.5293, 0.289185
560.914, -12.0061, -2.10228
560.824, -12.6527, 2.2733
561.216, -13.6132, -1.4976
560.171, -15.0921, -0.243842
561.52, -12.5477, 1.19614
559.43, -15.5925, -2.30879
557.104, -12.7444, -0.292315
560.954, -13.3256, -0.212252
561.453, -12.6005, 1.66692
555.582, -12.8053, 2.88013
555.162, -12.4108, -0.389411
561.204, -13.4323, 2.7593
560.349, -15.6501, 0.999795
557.745, -13.5544, 0.685895
557.531, -12.755, -0.19586
559.814, -16.0664, -0.72762
560.112, -15.484, 1.42324
559.715, -15.0271, 2.44737
561.057, -16.6308, 0.967774
562.968, -18.9603, 0.316716
562.895, -19.0541, 0.379021
566.321, -22.64, 2.87633
566.094, -23.4285, 2.00637
572.394, -32.261, -2.57762
572.638, -33.2211, -0.35441
560.474, -17.0619, 3.03442
569.872, -29.8037, 1.15414
568.107, -25.5008, 2.5625
563.034, -19.3507, -1.12822
570.474, -29.7808, 1.25116
576.413, -38.1471, -0.912373
562.429, -18.6829, 1.30786
564.627, -21.6173, -2.02414
566.838, -25.7927, -0.0141321
571.335, -33.8008, 2.23639
561.858, -18.3996, -0.458434
574.506, -39.5448, -1.55629
574.631, -39.0538, 2.97252
567.926, -28.3846, 1.66337
571.786, -34.8899, -0.953763
572.174, -36.2384, 2.91268
568.641, -29.8658, -1.157
574.177, -38.6565, 0.0238507
569.768, -32.2473, 1.37102
564.253, -21.6231, 2.88056
572.36, -35.8351, -0.356272
563.938, -21.9975, 1.04574
570.233, -33.0448, -1.67432
563.986, -21.4478, 0.942224
567.689, -28.9527, 1.74242
563.959, -22.1212, -3.09605
566.63, -26.9913, 2.73861
567.149, -27.7116, -2.48414
564.555, -21.5642, -1.5525
573.515, -38.7873, 1.70765
573.144, -39.0808, -2.37212
564.855, -23.8874, 1.25481
571.447, -34.8171, 2.84395
573.978, -16.1594, 0.0688897
573.809, -38.9033, -0.861539
566.693, -26.5127, 1.7804
566.614, -26.8314, 1.99963
569.467, -30.2795, 1.14973
567.289, -27.8339, -1.78135
572.918, -36.1025, 1.04363
568.796, -29.943, -0.238525
573.878, -37.3351, 2.40139
567.357, -27.0839, 2.93005
571.746, -33.6766, -2.41165
567.842, -28.2274, -1.32503
571.995, -34.7718, -0.544128
570.152, -31.809, 2.06301
572.785, -36.1857, -2.28601
569.56, -30.855, -0.172829
574.906, -39.2926, 0.00899667
567.027, -28.1807, -0.157342
571.943, -34.6251, -1.89713
573.909, -38.2783, 2.76038
569.108, -30.4964, 2.58463
574.052, -38.3176, 2.17139
565.34, -28.763, -2.85185
575.21, -38.8473, 1.03938
570.558, -32.1136, -1.78837
565.134, -28.7122, 0.188545
574.633, -39.5994, 1.82576
574.451, -38.6462, 1.26472
567.64, -27.8396, -0.273027
570.856, -32.7529, 1.08245
572.25, -34.0039, 0.00758954
573.596, -36.4699, -3.13224
569.187, -29.1612, 2.15066
568.855, -29.3648, 2.7975
574.949, -37.9384, 2.40516
574.934, -37.3704, 1.26405
574.835, -38.2172, -0.809357
573.446, -34.8962, -1.34545
572.96, -34.1264, 1.27574
572.671, -34.4715, -1.58081
574.226, -35.8925, -3.10975
574.727, -37.7042, 0.318466
572.244, -34.3031, -1.71727
574.258, -36.7196, 1.65945
574.098, -35.2221, 0.126572
570.784, -31.4832, -1.52088
574.357, -36.1766, 0.67985
571.123, -31.9496, 0.403345
571.092, -32.316, -0.233737
575.398, -37.2801, 1.11888
575.071, -35.2071, -3.12011
574.937, -35.7376, -0.533565
573.649, -33.4391, 1.86202
575.316, -33.6126, 2.61121
575.066, -34.0285, 2.62594
582.716, -25.395, 3.09472
576.616, -31.0101, -0.262732
575.298, -35.9665, -0.0794409
576.188, -34.828, 2.35856
573.548, -34.8357, 1.56344
574.534, -35.569, 2.10767
575.499, -32.9295, 0.458086
576.028, -35.4435, 0.110008
576.479, -36.1446, -0.740666
575.329, -33.5971, 2.58599
576.529, -32.5126, -1.40979
573.968, -34.459, -0.986809
575.856, -35.6912, -2.00339
575.343, -36.6895, -2.84442
575.66, -35.6835, 0.753556
575.982, -33.4501, -1.65729
576.202, -32.5764, -0.163858
574.747, -35.516, 1.67328
575.463, -34.2289, -1.28903
575.629, -36.8742, -1.60348
574.723, -30.4728, 2.03949
576.485, -36.7573, 2.72562
574.948, -33.0508, -1.09771
574.495, -31.6676, -0.218539
574.069, -30.9181, -0.661229
576.595, -30.8732, 2.87604
576.742, -30.9236, 2.46155
577.11, -31.7013, 2.1256
574.764, -30.5179, -0.631353
575.802, -30.6362, -1.19878
577.231, -29.6518, -0.742316
574.966, -31.4721, 0.750315
576.532, -30.8557, -1.63859
575.483, -29.9245, 0.0494377
576.743, -32.6503, -2.13654
575.487, -30.5714, 3.10981
576.934, -32.2615, 0.0937897
574.32, -31.657, 2.12855
577.112, -32.6902, -2.81658
576.026, -32.9627, 2.31132
576.074, -31.2621, 2.59537
575.978, -30.0435, -1.14605
576.442, -29.6325, -2.36159
580.533, -28.5628, 0.596974
581.264, -28.6917, 2.96161
581.436, -27.9767, -1.64673
583.364, -27.5607, -2.02296
577.011, -29.9956, -0.330863
582.016, -27.3996, 0.450032
638.028, -63.4721, -0.33943
583.424, -26.4694, 0.522137
578.346, -28.8996, -2.01517
580.084, -28.0337, -1.27276
583.503, -26.6894, 2.96169
583.58, -27.6765, -1.3314
587.426, -25.3418, -1.19091
583.354, -27.9623, 2.51272
581.54, -27.4389, 0.657258
586.552, -26.052, 1.28588
584.42, -25.5392, 1.07666
581.51, -27.2065, -1.77309
592.21, -33.2891, -0.996104
584.375, -27.3175, 2.89631
582.905, -27.3385, 1.7524
595.734, -34.1611, 2.38446
582.65, -28.1874, -2.64717
586.902, -23.833, -0.467359
593.555, -33.0263, 0.746321
583.757, -27.0494, 0.227318
590.257, -32.8389, 2.12155
582.701, -24.9594, -2.61818
584.335, -24.8947, -2.02862
585.903, -26.0356, -2.73734
583.901, -26.6599, -0.918315
651.552, -63.27, 1.62234
650.292, -57.2232, -1.81629
638.415, -53.8875, -2.11073
642.073, -55.7475, 0.0417332
583.981, -25.0038, 1.05381
622.319, -67.8396, 2.4039
630.29, -88.7912, 1.95367
642.793, -74.0537, -1.94516
627.462, -80.7234, 1.81657
623.849, -92.7852, -1.93865
585.855, -24.9549, 2.22785
585.862, -25.4114, -2.35194
606.71, -85.0634, -3.12573
585.472, -24.0862, -2.11573
585.879, -25.6493, 1.78119
584.166, -98.6755, -2.77524
579.361, -101.475, -1.98944
606.175, -70.0652, 0.493726
575.299, -91.9822, 0.431615
577.129, -63.5422, -1.58144
586.587, -23.6831, 0.42965
585.658, -32.0899, -0.259736
590.584, -80.205, 1.27184
593.413, -77.752, 0.36682
586.48, -86.4517, -0.589439
573.473, -90.4485, -2.04288
577.509, -54.0963, -2.61709
557.012, -93.4532, 2.64836
574.188, -56.7982, -3.02104
547.315, -89.6807, -1.49913
538.589, -86.698, -1.04962
529.868, -82.1748, -0.785885
564.836, -84.4736, 2.4995
598.525, -88.9287, -2.83817
557.464, -87.0374, -3.13375
596.902, -94.8331, 1.04265
577.253, -42.4688, 1.35108
576.76, -101.678, 2.95662
567.533, -81.0543, -2.25909
581.223, -43.7049, 2.96103
541.163, -92.1603, -0.913262
546.565, -62.4622, 1.97326
589.261, -29.5955, 0.308108
558.106, -56.8554, -2.42201
540.752, -50.1984, 1.14495
515.878, -56.5603, 2.69464
589.55, -30.58, -1.88144
589.185, -28.6998, 1.21736
587.045, -29.588, -1.82799
589.552, -29.4793, 3.03034
591.197, -30.1853, -2.02963
597.426, -31.8612, 2.43727
600.306, -28.5869, -2.61362
603.125, -30.5109, -0.00440096
593.965, -30.6147, -0.603301
600.101, -30.3335, 2.05515
601.52, -31.7162, -1.43199
602.802, -31.3982, -1.00467
594.382, -30.1203, -2.00458
601.854, -30.6202, 0.351906
598.725, -31.5315, 1.05843
600.786, -30.6079, 1.33749
596.327, -30.1014, -2.28048
599.523, -30.808, 1.13577
602.56, -32.115, -2.8689
606.283, -33.1401, -1.90962
594.059, -31.8578, -2.1019
598.133, -31.3087, -1.82259
604.2, -29.9258, -0.696896
599.029, -29.6665, -0.987383
595.937, -29.7399, -2.4284
604.664, -29.0978, 1.41661
603.893, -29.5684, 0.585204
594.312, -30.2582, 2.66124
594.59, -30.7979, 0.774634
596.5, -30.236, -2.23047
601.351, -30.6815, -1.96034
597.5, -29.7108, 0.473986
605.851, -30.5053, -3.06866
597.349, -29.5334, 1.27943
597.508, -30.1487, -1.95605
603.303, -30.2281, -1.52774
603.947, -29.132, -3.0014
604.378, -28.735, 3.03461
604.318, -29.0525, -0.80917
598.313, -29.9326, -0.348127
604.993, -29.9154, 2.90148
597.964, -29.1573, 0.494467
605.311, -29.019, 2.70334
602.324, -29.7737, -1.20338
599.229, -28.8818, 0.627308
606.189, -28.6291, 2.58454
606.022, -29.0845, -1.32527
603.962, -28.855, 1.77237
601.626, -29.5787, -1.82187
601.074, -29.7058, -1.58115
604.717, -29.3217, -2.93746
601.995, -29.7992, -2.03876
655.077, 8.64881, 0.801719
666.121, 17.3693, 0.816119
636.157, -0.325865, -0.617093
643.459, 10.4305, -3.06072
642.43, 8.57755, 2.46274
638.144, 12.0585, 0.1909
635.885, 25.8642, 0.893705
629.79, 25.409, 2.46511
622.709, 19.6628, 2.44
615.799, -4.68053, 1.51689
625.923, 19.8818, 2.67243
616.636, 11.6583, 2.30832
606.688, -28.4536, 2.28327
606.469, -29.6674, -1.24136
604.172, -29.8089, 0.919894
604.112, -30.1053, -1.5829
607.008, -29.5913, -0.249581
605.378, -29.3516, -0.612593
605.379, -28.9432, -2.06723
606.551, -28.4004, -1.03835
606.838, -29.2959, 0.218733
605.647, -29.5767, 1.28168
607.215, -29.5038, -2.16579
606.346, -29.5068, -2.26464
606.283, -28.741, 2.80355
606.449, -28.6221, -1.76008
607.294, -29.1035, 1.76642
606.09, -28.5584, 0.582083
606.427, -29.8903, 0.187136
602.524, -28.4317, -1.28048
590.42, -34.4685, -1.87188
582.204, -35.6219, -2.14879
582.71, -35.7069, 1.94171
596.326, -30.6167, 2.05897
604.482, -29.0414, 0.712737
581.561, -26.8409, 0.531833
603.939, -29.2639, -1.30837
589.281, -27.5231, 0.216107
600.006, -28.1372, -0.694332
598.988, -28.7623, -0.669031
604.437, -28.8618, -0.24624
575.863, -0.527074, -0.955586
578.619, 4.11522, 1.19799
568.348, 25.9028, 1.05675
588.768, -4.92047, -2.27827
600.151, -18.5457, 0.143886
601.793, -19.1462, -3.07882
588.466, 50.8022, 1.29344
596.784, -27.1734, -0.417012
595.778, -27.5734, 1.21836
584.797, -25.2138, -0.985087
594.928, -26.5034, -1.642
601.063, -28.9939, -2.38269
583.916, -24.7062, 0.63137
590.2, -26.6735, -3.10741
589.235, -25.5025, 1.38293
590.27, -26.4829, -0.350703
590.122, -25.4793, 2.59264
583.151, -24.5718, -1.58237
587.714, -25.1459, 1.58855
592.94, -26.8066, 2.6139
580.815, -23.5426, -0.813446
589.486, -25.8424, 1.47233
587.274, -24.9914, -0.594337
581.964, -22.9435, 0.506308
597.89, -27.5387, 2.1881
592.984, -26.1803, -1.21609
588.772, -25.1585, -2.86469
592.537, -26.6171, -0.0975717
529.867, -12.6003, 1.22123
585.507, -23.322, 0.185146
589.18, -25.3093, -1.94553
593.416, -26.0637, 1.518
584.509, -23.7699, 2.98168
586.474, -23.0393, 1.45441
587.263, -23.3055, 1.98472
583.839, -22.5129, -1.79834
589.535, -25.4073, -2.43051
585.84, -22.8239, -2.26277
584.175, -21.1616, -2.34188
586.251, -22.8777, -1.98185
583.843, -21.7708, -0.776893
584.032, -21.2649, 2.66187
587.349, -23.5596, 3.0223
593.892, -26.9984, 0.518648
586.124, -23.4313, 1.86049
584.498, -23.1354, -0.603576
584.745, -22.1177, 1.65384
589.379, -24.0046, -2.45001
588.835, -23.7156, 3.10739
590.281, -25.9342, 2.15741
587.168, -24.5777, -1.93602
584.4, -21.1369, 0.582068
513.138, -9.59278, -0.575911
517.975, -10.8314, -0.92356
544.465, 11.2518, -0.989811
581.888, -21.3484, 1.61272
582.7, -22.1687, 1.71602
584.243, -22.1735, 3.04277
546.331, 17.2497, -1.22938
583.127, -21.7808, 2.60481
584.254, -21.1738, -2.50544
570.875, 0.735409, -2.72672
582.01, 37.4497, -3.10996
555.425, 21.7331, 1.57255
556.669, 33.2062, -0.348704
570.754, 24.1134, 2.58261
583.625, -20.2196, -2.77188
586.17, -21.2751, -2.56511
513.606, 6.61777, 1.07317
583.832, -20.5962, -0.137428
585.563, -20.1071, 0.0506005
539.571, -29.5537, 2.33661
526.817, 19.6886, -2.22786
527.592, 7.87682, -1.37609
509.93, -36.409, 0.835893
556.46, -4.34398, 0.426443
524.919, 0.733781, -3.14135
535.652, 0.913655, -0.167249
554.386, -16.2399, 0.300424
517.301, -29.853, -2.10482
527.185, 29.1906, -2.44371
532.643, 13.9256, -0.576921
553.173, -12.4828, 2.44193
542.5, -19.2899, -0.5768
513.761, -39.3029, 0.953335
660.544, 8.48143, -2.04943
586.832, -17.6146, -1.64927
585.654, -22.3481, -2.62336
587.469, -17.8455, -0.983986
586.974, -17.3611, 1.19516
521.409, -67.7365, 2.29438
567.635, -89.8814, -0.0102304
577.002, -54.5813, 1.61999
556.092, -60.9846, 2.87402
558.09, -69.1359, 2.85913
542.777, -90.2027, -0.946185
559.076, -98.7708, -2.496
555.2, -95.957, 0.290834
566.193, -36.7383, -0.154259
536.1, -56.9409, -3.12631
527.161, -74.3642, 0.11318
583.768, -19.6764, 1.60311
581.898, -20.4854, 2.45005
582.97, -19.5557, -0.279059
543.483, -59.3866, -2.45614
576.722, -23.894, 0.164909
579.351, -22.0328, -2.5029
574.336, -23.5518, -1.37972
578.554, -21.8863, 1.11956
577.335, -25.7862, -1.77618
577.311, -23.195, -1.65648
578.001, -22.935, -1.1672
579.493, -22.9394, -0.992335
577.363, -22.9965, -3.00309
577.911, -23.2555, -0.548803
579.248, -23.03, 2.79335
579.048, -22.0631, 1.73993
576.238, -47.6679, -0.665578
575.36, -69.5823, 2.94065
584.33, -63.2388, -1.15691
597.517, -88.6432, -0.676819
618.71, -90.8472, 2.08501
588.397, -37.5008, -2.22646
617.426, -72.22, 2.66511
578.106, -22.1098, 0.841705
579.596, -22.797, -1.10747
575.33, -27.0931, -1.20113
577.238, -23.2655, -1.67884
575.864, -23.8, -1.63655
574.283, -22.3543, -1.76732
576.981, -21.7312, 3.06802
579.584, -22.7825, -2.75063
579.547, -23.8932, 0.980939
575.331, -24.1493, -0.862224
576.523, -28.8577, 1.06762
574.658, -24.5522, 0.715411
574.634, -22.6021, -2.83745
575.636, -22.0399, -2.60996
574.973, -23.8123, 1.47859
575.403, -22.4217, -2.45358
575.205, -22.8135, -1.34945
575.998, -23.8499, -0.27287
574.1, -22.5299, -0.276238
564.051, -4.39205, -2.17652
566.46, -9.97958, -0.975099
563.225, -4.00931, 1.3617
569.885, -17.5022, -2.79582
573.203, -21.712, 1.32011
573.151, -21.7299, 0.340964
571.184, -18.4876, 0.704991
570.567, -18.0033, 1.33221
569.221, -15.5292, 1.90345
565.029, -9.38639, 1.63076
566.067, -11.7866, 1.94034
563.249, -8.1747, -2.35194
566.994, -13.2916, -2.50125
562.703, -6.38515, -1.70266
567.22, -13.6987, 1.23364
571.526, -19.0038, -0.711225
566.335, -12.0814, 2.12187
568.059, -14.2928, -2.4394
566.593, -12.1438, -2.51336
560.739, -2.40284, 1.7803
565.248, -10.1518, 1.74036
566.878, -12.5161, -1.73782
563.489, -6.67699, 0.326524
565.193, -8.78942, 0.411416
565.509, -10.5957, 2.4025
561.374, -4.06761, 2.00503
568.489, -18.4395, -0.0722356
568.299, -18.3651, -1.3563
565.872, -20.191, -1.53881
567.509, -10.8332, -2.47375
567.456, -18.7613, 1.3633
569.179, -18.126, 1.01256
568.295, -18.3537, 1.29562
567.057, -18.8707, 2.96505
567.72, -18.8893, 2.36722
566.911, -19.0388, 2.45277
567.396, -18.3811, 2.88302
563.308, -19.4258, 1.63348
563.37, -19.2281, -2.28469
562.648, -18.9598, -1.00292
566.794, -19.1809, 2.75055
565.332, -18.7686, 3.03406
561.9, -18.9051, -0.307353
562.552, -19.6878, 2.83789
565.068, -19.3016, 1.0314
563.245, -18.8986, 1.56632
562.597, -18.806, -1.36754
561.99, -18.757, 2.8452
562.32, -19.6565, 0.609768
561.932, -18.6372, -2.31546
562.541, -20.2425, -1.45858
562.354, -20.5639, -0.132174
562.258, -18.6587, 0.522742
563.318, -19.2305, 2.20972
562.456, -20.8184, 0.982922
562.359, -19.5941, 3.00234
609.635, -72.1488, -2.80771
562.819, -20.5615, 2.61236
562.259, -19.957, 0.0154647
563.756, -20.6338, 2.46394
563.109, -20.6846, 0.755116
562.943, -20.6241, 1.19134
562.63, -16.2237, 0.72358
562.955, -20.7479, 2.13583
562.704, -19.9582, 1.88294
561.358, -9.79701, -1.96022
561.841, -13.7459, 1.10169
563.13, -19.3008, -2.53611
561.525, -10.9611, 2.15634
561.673, -15.0523, -1.56478
561.657, -15.8029, -0.432222
562.419, -15.8108, 2.94522
563.041, -18.6977, 2.58581
562.059, -16.4238, -0.213641
561.884, -15.7164, -1.58855
561.644, -15.652, -2.3453
562.293, -16.5098, -3.07241
561.616, -13.25, -2.09147
561.462, -11.7666, -2.18531
561.557, -11.0605, -0.698817
560.844, -12.1249, -2.77517
562.464, -16.0532, -0.599273
560.127, -11.5258, -1.91801
560.442, -9.27947, 0.118444
561.668, -13.6057, -0.835517
560.432, -11.2579, -1.63455
561.493, -13.3442, 2.25496
561.112, -11.6514, 1.51196
558.928, -16.8489, -0.258299
559.611, -15.9706, 0.0350266
520.411, -68.2608, 0.17761
523.597, -64.5268, -2.64551
524.603, -66.4494, 2.01516
521.981, -74.794, 1.85281
557.135, -16.1509, 0.960087
558.877, -16.3401, 0.903606
557.187, -15.6064, -3.07774
556.858, -15.58, 1.87793
558.151, -15.6514, 0.16209
557.24, -15.7652, -1.67296
557.51, -16.386, -0.658894
555.031, -15.0374, 0.0160244
557.441, -15.5582, -1.0831
557.179, -15.0506, 2.73271
557.267, -15.1082, 1.24775
555.263, -15.1689, 0.866363
555.679, -14.9675, 2.22157
556.452, -15.4444, -1.6496
554.915, -15.4305, -2.69055
555.786, -15.1102, 1.57814
555.899, -15.2849, 2.77173
513.251, -64.4779, 1.91476
556.037, -15.2694, -2.74284
555.215, -15.7372, -1.54762
556.024, -16.0574, 0.781835
533.353, -51.08, -0.401149
555.744, -15.9133, -1.84759
555.63, -15.2994, -2.09579
570.076, 44.0611, 0.932048
579.008, 62.0158, 1.98168
555.802, -14.6197, -0.791392
555.735, -14.6565, 1.38058
555.585, -15.424, 2.59796
555.893, -14.6388, -2.72244
556.024, -14.0254, -0.3312
555.352, -15.6837, -2.56807
576.344, 35.763, -0.879804
556.41, -15.7412, -1.0973
557.505, -16.4921, -1.39647
557.986, -16.1915, 2.84052
555.581, -15.1463, 1.12403
561.896, -16.3597, -2.18041
559.586, -15.7806, -0.271578
562.981, -15.5176, -2.67978
558.312, -15.8891, 2.34323
562.332, -15.0297, -1.11459
556.291, -15.8404, -0.271818
559.344, -15.852, 2.03056
559.144, -15.9923, 1.79786
558.172, -15.851, -2.37003
562.679, -17.0464, 2.14056
561.91, -16.0226, -1.95813
559.398, -16.6368, -1.20088
557.473, -12.9998, 2.55892
557.777, -15.3218, 0.430389
557.818, -14.7109, 1.96651
557.991, -14.5364, -0.487638
557.954, -13.6677, 3.10832
557.724, -13.8806, -0.164642
557.874, -13.7578, -2.11051
557.851, -13.1197, 1.28772
558.098, -13.1353, -0.531392
557.99, -11.1792, -2.99851
557.895, -11.2147, 0.492269
522.373, 13.9544, -2.82097
520.039, -1.44157, 2.20967
526.564, -5.0559, -0.721403
480.715, -7.71679, 1.12098
557.356, -11.5177, 1.94418
557.893, -11.3057, 1.96482
564.52, -11.8018, 1.08745
606.272, -54.5442, -2.09372
562.633, -10.8721, -0.693745
563.421, -10.6885, -1.90494
561.418, -10.9927, 0.610897
561.337, -10.7961, -2.87407
560.123, -10.7755, -2.3689
562.895, -10.8691, -0.667671
561.674, -9.91858, -0.09161
562.065, -9.68379, 2.47718
562.903, -10.8179, -0.504121
563.026, -10.8516, -0.602137
563.439, -11.0295, -2.90883
564.117, -10.7491, -0.445817
563.511, -11.3313, 2.21418
562.59, -11.4682, -2.74874
563.07, -12.7063, 1.31334
564.271, -10.2223, 0.363306
538.48, -69.0437, -1.05951
540.805, -66.2899, -0.416958
563.696, -15.698, 0.43594
527.645, -45.7453, 0.221782
563.331, -11.3259, -1.17627
564.085, -12.6483, 0.703409
564.163, -17.5603, 0.270548
564.193, -17.2929, -0.523206
564.661, -20.7846, 3.04353
564.389, -16.123, -0.514046
565.066, -20.843, -0.991659
563.882, -16.5188, 0.174341
564.038, -17.3858, -2.33953
563.166, -16.2296, 2.19448
501.969, -49.5793, -3.12018
564.592, -14.8447, 2.01778
564.531, -15.374, 1.357
564.221, -17.5053, 1.10037
565.249, -20.2791, -0.559049
560.924, -17.3993, -1.79392
563.276, -15.7587, -1.94965
565.095, -18.3675, -1.04507
560.823, -16.8486, 2.4954
564.949, -17.8211, -1.45661
536.259, -61.7183, -1.22629
564.827, -20.3397, 2.73299
565.534, -20.4049, -3.13865
564.646, -19.0731, 1.62743
565.216, -20.5176, 3.05999
566.713, -19.3905, 0.21595
561.169, -10.674, -1.73389
563.08, -11.618, 0.440328
562.509, -12.1198, 1.20572
644.877, -10.6847, 3.13589
589.819, -9.47683, -2.72745
563.726, -11.9392, 0.207889
564.573, -9.95708, -2.22664
590.389, 22.5796, -2.78025
609.103, 39.0594, -2.54729
625.741, 20.5587, 1.92654
598.13, 6.82403, -3.02516
581.039, -8.7261, 0.480164
563.854, -12.4667, -2.05054
563.483, -9.43787, -0.41519
564.226, -8.88486, 2.88924
565.137, -9.48362, -2.09183
563.876, -10.6264, -0.571931
565.044, -10.3588, -2.07336
562.756, -9.62149, -0.902706
511.744, 33.8232, 1.807
503.946, 41.5681, 0.755705
513.053, 23.0757, -2.7552
509.905, 15.6478, -0.359888
502.404, 4.95095, -1.75141
497.67, -8.37617, -2.25825
493.918, -33.4576, -2.34221
515.99, -23.9386, 1.46612
510.559, -25.8182, 0.839483
564.128, -2.16516, -2.6546
561.618, -9.63486, -3.13209
562.719, -9.24525, -2.41717
564.102, -1.65635, -2.94438
563.555, -6.53017, -0.64463
563.952, -3.75638, -3.00616
602.692, 62.3109, -0.395676
603.666, 55.8285, 1.8913
489.99, 5.8244, 0.210236
593.147, 15.2752, 2.88247
578.208, 5.47277, -0.752108
614.987, -8.18531, 1.55807
587.764, -0.546469, -1.33502
563.068, -2.51634, -1.64606
562.486, -3.89258, 1.32629
562.348, -3.2278, 2.22705
513.783, 12.6674, -0.984963
515.472, 4.01762, 2.99243
563.03, -3.82535, 2.20096
509.006, 2.26325, -2.93378
562.244, -2.79505, -0.357515
562.106, -2.90461, 2.59984
563.13, -3.92213, 0.854648
562.665, -4.8574, -0.74698
562.321, -2.61476, 1.61653
563.706, -0.163392, -0.164503
563.139, -2.38207, 1.75313
562.47, -2.53763, 0.37834
565.099, -0.127573, -1.36604
564.594, -0.128347, -0.713644
502.563, 35.5708, 1.34889
563.267, -2.08866, -1.57352
565.966, 1.78473, -3.03758
569.08, 66.7566, 0.201007
537.518, 54.4513, 2.79208
548.494, 21.5689, 2.10424
509.632, 21.7113, -2.56861
510.62, 39.3362, -0.849877
524.97, 69.7017, -1.23753
528.631, 58.4285, 0.0106287
553.565, 13.7122, -2.76911
520.923, 52.1959, -2.65415
568.579, -0.40526, -1.69283
571.713, 0.184458, 1.84218
569.443, 0.162345, 1.47477
565.559, 1.40949, -0.253133
573.982, 2.19926, -2.49816
567.611, 1.36611, -2.88418
565.207, 2.01425, -0.895926
564.176, 0.100706, 0.176866
567.779, 0.59884, -2.83549
565.232, 2.23985, 1.407
571.253, 1.26603, -2.39731
570.662, 1.49136, -0.0974604
570.132, 1.19092, 1.10388
517.121, 66.6046, -2.42025
573.983, 1.83844, 1.04638
564.709, 3.33468, -1.11822
564.95, 3.10889, 2.66879
562.981, 4.2215, 2.6713
563.308, 3.09394, -1.6868
563.978, 4.07825, 1.65951
558.531, 2.89566, 2.18096
562.807, 3.39522, 2.16139
562.872, 3.92649, 2.96372
563.381, 3.59212, 1.29101
564.176, 3.79135, -0.0901525
564.944, 3.56712, 1.64708
564.552, 3.52189, 0.7076
563.097, 3.24974, -2.30459
563.892, 3.90108, -2.43455
562.614, 3.3484, 0.00182142
521.706, 73.315, -3.07513
522.723, 65.232, -2.46996
562.363, 4.49141, 0.724787
562.963, 4.61299, 0.936492
495.61, -34.6091, 1.12673
503.532, -27.9344, -1.00039
563.559, 4.3904, -2.06049
563.247, 2.6771, -1.32253
484.731, -17.918, -0.940042
563.024, 2.5234, 0.427382
567.165, 1.35783, 0.50871
568.873, 0.593339, 1.06414
564.54, 3.31321, -0.403476
569.002, 0.445206, -2.46924
569.384, -0.375578, 0.966879
564.381, 2.98792, 0.0121193
570.045, -0.836344, -1.54494
565.359, 2.84221, -1.07591
580.965, -55.2427, -2.95054
575.628, -62.706, 1.07901
554.113, -53.9827, 0.559051
547.904, -37.9655, -0.300319
569.9, -0.963924, 1.4987
567.486, -0.713671, -0.891696
564.489, -0.290017, -1.74815
566.649, 0.322046, 1.47546
566.186, 0.856505, 2.10753
566.94, -0.404701, 0.813636
566.361, 1.15953, 1.45273
567.241, 0.0963671, 2.27833
567.582, 0.623799, 0.290439
570.595, -0.907337, 1.43839
567.01, -0.439099, -3.05425
571.769, -0.149768, -2.52633
567.891, 0.795165, -0.764982
566.944, -0.412394, 1.11634
567.432, 0.0797333, 2.88249
567.002, 0.135773, -1.12824
569.405, -0.35504, 2.14127
569.136, -0.611645, 1.30147
571.973, 0.209221, 2.06567
567.74, -0.13187, 0.453616
571.702, -0.32896, 0.717337
573.664, -0.620691, 1.28809
569.954, -0.435402, -2.0572
569.751, 0.243639, -1.19633
569.909, 0.293895, 0.942834
570.346, -0.322494, 1.7423
571.3, -0.512136, -0.074521
571.901, -0.981536, 1.91205
571.167, -0.355346, -1.06517
571.734, -0.805844, 0.157727
569.836, 0.123406, 2.69167
572.952, -0.60418, -0.149571
572.554, -0.569223, -2.29501
572.228, -0.351925, 2.24342
572.211, -0.22468, 0.885528
573.187, -1.34261, -0.610821
573.016, -0.599102, 0.217766
573.672, -0.584886, 0.240613
574.376, -2.41498, -2.85725
573.032, -1.33733, -2.44458
573.55, -0.648344, 2.28665
575.465, -3.81482, 1.17226
575.338, -4.0758, -0.14396
573.046, -1.41841, -1.94807
575.434, -5.16472, 2.99048
574.839, -3.34715, 0.972348
573.548, -2.63623, -2.74674
573.419, -1.35854, -0.189271
575.82, -4.1681, -1.76662
575.217, -5.05158, 3.06954
573.505, -22.1147, 0.160102
573.002, -26.4021, 1.38801
571.501, -14.8084, 2.85368
576.752, -4.443, -1.2216
572.088, -16.5437, -0.245049
574.512, -5.9315, 0.198744
575.723, -3.42435, -2.75234
573.325, -10.791, -2.1119
573.181, -21.8428, 0.0876856
573.226, -10.7538, -2.41777
573.004, -2.57851, -1.09371
574.2, -8.45369, 0.0341963
576.308, -3.09936, 1.29024
575.051, -4.53327, 2.65526
572.38, -31.8995, -3.05719
575.889, -3.21366, -1.41171
573.388, -25.57, -0.454286
576.524, -2.73988, 0.296398
573.502, -31.591, -2.88035
571.911, -15.8057, 1.10191
577.442, -4.94473, 0.856822
575.018, -2.92708, -2.67168
577.858, -6.03395, 1.99971
575.748, -4.62398, 2.27703
577.289, -4.89019, 1.67246
576.217, -4.74817, 1.88622
575.338, -3.48237, -0.253141
576.923, -5.00582, -2.02906
576.66, -3.91537, 1.60823
576.481, -4.65689, -0.90491
578.282, -3.88094, 1.58655
576.246, -4.32353, 0.249331
577.267, -4.02354, -1.19204
576.019, -3.88947, -0.584838
576.788, -3.71666, -1.12735
635.826, 20.586, 0.0729939
576.542, -5.69734, -1.77739
576.972, -4.9139, -2.39623
577.342, -6.23913, 2.02579
578.764, -5.93062, 2.82765
581.298, -5.5876, 2.2467
577.519, -6.12562, 0.28832
585.777, -4.57019, 0.130486
583.894, -4.98278, -1.11776
580.964, -5.26045, 1.9024
582.077, -6.083, -0.7743
582.518, -5.78103, -1.32478
578.351, -5.50903, -0.757618
584.232, -5.95122, -1.42852
586.42, -5.79667, 0.70436
585.852, -6.59695, 2.82937
580.08, -5.92989, 0.807695
583.458, -5.81905, 2.34564
583.973, -6.45493, 3.13471
586.717, -5.82576, -1.3124
581.479, -5.48607, -3.07058
581.533, -5.94752, -0.101126
583.621, -6.00059, 1.21109
584.008, -5.77112, 1.00048
586.407, -4.82529, 2.60376
584.321, -5.28736, -2.09316
586.824, -5.84416, 1.81189
583.526, -5.36731, 1.98542
583.482, -5.83854, 1.96583
585.258, -5.18492, 1.71673
586.219, -5.36959, -1.1604
586.507, -4.99424, -1.32307
584.575, -6.1964, -2.0743
586.533, -5.4848, 1.46056
586.479, -5.93172, 1.35748
586.128, -5.78993, -2.41352
586.981, -5.91484, -0.70203
586.048, -5.49, 0.382483
585.541, -5.6667, 0.0875133
586.591, -7.65709, 2.6726
586.474, -8.59752, -2.42334
585.769, -9.49271, 2.89547
585.933, -8.83288, 0.393517
586.226, -11.3243, -0.0666911
587.119, -7.65612, 2.12733
586.465, -7.3733, 0.178331
586.571, -7.94259, 0.588214
586.828, -12.1088, -1.07531
586.528, -9.45904, -1.80695
587.121, -11.0008, 1.7916
586.849, -7.89837, 0.515262
586.899, -10.6277, 0.589699
588.332, -13.704, -0.0706285
588.074, -12.0046, 0.324682
587.549, -12.0192, 1.06734
587.494, -11.6663, -2.54165
587.661, -13.9322, 2.39984
587.175, -10.4041, -2.71151
587.506, -13.4128, -0.584846
589.066, -11.1583, -2.76647
587.188, -10.5918, 2.0336
588.972, -11.5377, -1.85642
588.21, -11.6236, -2.51572
588.304, -13.4393, -2.25435
587.19, -12.536, 1.34447
588.085, -12.5973, 1.8765
587.117, -13.9838, 2.57314
587.817, -14.1631, -2.94098
585.651, -14.1877, 1.13011
579.712, -14.319, -1.12963
575.842, -15.8092, 1.58859
578.081, -15.2955, 3.01532
583.26, -15.2043, 2.6295
586.008, -13.879, -0.749622
577.681, -16.9259, 0.484492
576.862, -17.8989, 0.440685
576.335, -18.2937, -3.05242
579.81, -16.9059, -2.1243
576.167, -18.0607, 2.14335
579.469, -17.4169, 1.39437
580.944, -16.8289, 1.43044
582.466, -15.504, 2.69565
578.06, -17.2816, 1.22064
575.764, -18.5417, 2.58952
577.698, -17.7557, 2.47346
578.212, -17.3298, 0.915926
578.248, -17.2557, -0.476319
580.467, -15.9427, 2.47193
581.098, -15.9035, 0.0275299
581.888, -15.7524, -2.13657
579.071, -16.4953, 2.95798
581.402, -15.9596, 0.408126
579.686, -16.5591, 1.68439
576.112, -18.201, -2.19088
579.334, -16.5815, -0.0786024
580.129, -16.7063, 2.2834
581.117, -15.7631, 1.60218
579.249, -16.9962, 0.115618
580.603, -16.3457, 0.0808395
576.647, -17.5484, 3.09828
578.641, -16.8433, -2.81047
575.588, -17.676, -0.241628
576.185, -17.6931, -1.70959
579.089, -16.7274, -0.628828
577.736, -17.3324, -0.981743
575.911, -18.158, -0.686824
576.843, -17.4817, 1.66146
576.341, -17.6208, 2.64252
576.996, -17.4083, -1.14844
575.881, -18.4283, 2.21174
577.614, -17.4321, 0.849002
576.239, -18.7012, 0.427101
576.389, -18.6194, -2.57835
576.939, -17.3131, -1.42994
576.381, -17.2542, 2.43857
575.771, -17.2213, -1.00262
576.798, -17.7974, -1.70344
581.424, -35.4882, 1.41524
581.678, -34.3258, 1.3705
577.838, -23.1549, 1.19503
580.99, -32.7891, -0.957375
579.449, -29.3707, 0.00647272
576.739, -19.5661, 1.84013
578.898, -31.5005, -0.984089
577.98, -30.0063, -2.13463
577.479, -26.2767, 0.458675
579.183, -32.6247, 2.72783
579.677, -35.7906, -1.20702
576.857, -22.813, 1.51342
579.005, -33.7427, -1.38279
579.242, -34.8424, -0.0257071
578.044, -33.232, -1.64976
575.599, -35.5307, -0.856335
573.765, -28.9554, -0.621179
566.625, -34.9255, -1.48556
574.218, -21.3979, -2.56681
577.689, -23.0858, -3.0155
571.139, -4.66426, -0.340448
573.583, -12.9319, 2.95131
572.475, -8.53459, -1.39665
573.654, -8.58695, 0.278714
574.659, -7.92696, -2.9353
576.46, -18.0163, -0.868806
576.336, -15.74, -0.182942
576.292, -17.2106, -1.81996
575.833, -10.5497, -2.84255
576.32, -15.7062, 1.38589
576.868, -3.75388, 2.65668
576.785, -4.40749, 1.5045
576.263, -15.5792, 0.148702
576.331, -11.8124, 0.713222
575.469, -7.72115, -3.12232
584.041, -17.0699, -0.930888
588.833, -17.386, -1.1584
582.585, -17.5895, -1.97339
578.512, -17.8251, 0.78348
578.376, -17.6496, 3.09309
585.782, -15.8065, -2.00162
578.679, -17.4063, 2.72531
588.141, -14.5193, -0.185323
582.752, -15.8642, 0.174975
579.319, -16.957, -1.69112
586.538, -14.4421, -1.16154
588.338, -13.7256, 2.68812
589.206, -14.0454, 1.12287
585.377, -14.38, -0.772813
580.386, -16.7198, 2.22731
582.097, -15.8339, 1.04882
582.707, -15.8802, 0.272439
583.858, -15.5056, 0.331629
584.468, -14.9921, -2.83797
582.986, -15.2049, 3.10574
588.845, -13.6932, -2.87175
586.592, -14.4353, -1.84035
584.328, -14.6588, -0.772092
586.645, -14.3017, -0.233801
582.895, -15.43, -0.329863
582.629, -15.396, -0.414477
588.692, -13.4637, 0.609331
583.656, -15.5045, -0.927785
588.815, -13.512, -2.23348
588.125, -13.3561, -2.4717
586.505, -13.9046, 2.73602
587.867, -13.0578, -0.880452
586.801, -13.8666, -2.25462
588.577, -13.615, -1.67587
587.775, -13.1467, -0.123745
588.515, -13.8731, 2.55065
588.003, -14.0852, 0.997798
587.952, -13.3481, -2.33854
587.621, -13.1988, 1.28123
587.998, -13.8178, 0.131087
588.024, -12.7466, 2.321
588.489, -13.2523, 2.83868
588.765, -11.2349, -2.13905
589.297, -10.371, -1.20715
588.245, -12.7242, 1.35425
586.864, -10.3432, -2.20269
586.307, -7.54388, -0.933234
585.784, -6.40687, 0.0235347
587.065, -10.7897, -1.63296
584.479, -0.888067, -3.02201
584.964, -2.1743, -2.55737
586.56, -6.53644, -1.10912
585.258, -3.36515, 0.261924
581.011, 2.21567, 2.31498
589.799, -11.2715, -1.4327
590.046, -10.8051, 2.50377
594.768, -8.84299, -2.8013
590.068, -10.0507, -1.06183
590.189, -10.391, 0.722836
594.854, -7.54898, 1.04109
594.576, -6.61811, -0.922529
593.773, -7.77515, 2.71509
615.967, 63.8078, 0.858718
609.278, 60.3055, -2.98876
594.689, -4.90899, -2.70618
593.939, -8.14281, -1.32879
592.717, -8.7852, -0.197793
593.327, -6.87153, -1.10687
590.119, -6.70869, -2.82959
591.938, -8.20683, -2.80812
593.858, -6.35133, 2.72512
595.248, -5.76996, -0.409517
592.665, -7.35637, 1.03267
593.44, -7.16883, -0.692537
593.125, -8.69919, -2.08869
593.908, -8.37553, -2.35599
599.769, -10.8731, -0.516778
599.442, -13.0644, -2.76346
600.243, -10.5486, 0.622338
598.409, -11.7713, -2.31649
596.966, -10.2043, -1.78747
641.333, -51.2039, 0.240174
598.45, -10.5594, -2.20886
639.449, -44.0923, 2.58714
596.429, -9.12795, 1.65855
639.565, -44.4932, 0.458652
652.323, -54.2318, 2.23468
642.771, -46.8082, 0.0679172
642.813, -47.8739, -1.90012
636.648, -42.8933, 0.957302
599.807, -9.54266, -3.07993
641.927, -47.1592, 1.15309
598.931, -12.1541, -2.0095
639.58, -45.4506, -2.65861
643.374, -51.2314, 2.88534
639.808, -46.358, -0.0620005
598.523, -9.76482, 2.49642
636.899, -61.2063, -1.39739
598.575, -9.48623, 1.02406
598.666, -9.80415, 1.54482
600.514, -6.93965, 0.0222401
600.006, -8.32509, 3.08972
599.68, -9.93175, -0.0624398
600.346, -8.60736, -1.39872
599.769, -9.04936, 3.1128
600.051, -6.77867, -2.07853
599.467, -7.28195, 2.91332
599.814, -7.75013, -2.73617
599.9, -7.90115, -1.64505
600.168, -7.66618, -2.78277
600.127, -7.17931, -2.84467
606.385, 69.6044, -2.00846
600.149, 58.1721, 2.27302
604.219, 21.5766, 0.430784
614.989, 68.1046, -1.73409
604.264, 69.036, -1.76672
635.742, 4.36796, -3.06079
665.675, 32.7321, -1.23633
600.327, -9.31167, 1.14574
597.08, -11.8551, 0.797263
598.901, -10.087, 2.58114
598.656, -11.5871, 0.868501
597.16, -11.2983, 1.24857
598.972, -9.29952, 0.86549
599.656, -9.86769, -2.5136
598.851, -11.0277, -1.45537
596.285, -10.2258, 1.41505
600.41, -9.37969, -2.60606
596.531, -9.9423, -1.67667
598.808, -11.7575, -1.21529
641.015, -65.0388, 1.43137
632.834, -75.1395, 3.07965
618.466, -76.7814, 2.85881
617.523, -88.5527, -2.75451
622.203, -69.3693, -0.178368
599.247, -9.60951, -3.11522
598.612, -11.0792, 2.73938
595.482, -9.01477, 0.58546
592.237, -7.59456, -0.420828
594.609, -8.6083, 2.30121
598.946, -9.80815, 2.09842
598.432, -11.4559, -0.457576
595.576, -9.00726, -0.270256
598.001, -12.0115, -0.511731
594.34, -8.06089, 0.239144
598.864, -10.2564, 2.14282
599.917, -13.7152, 2.3403
625.484, -58.3275, 2.62251
632.107, -69.0811, -2.08121
642.385, -73.3321, 1.21253
633.824, -64.6532, -0.968269
616.277, -38.8015, 2.38311
641.215, -73.9415, 1.74797
631.901, -61.0525, -2.23429
629.764, -57.1723, -0.905036
635.273, -72.0883, -2.0698
621.953, -43.0976, 1.99952
645.323, -73.7635, 0.314201
658.077, -59.7985, 0.107534
614.04, -27.272, -1.20704
643.955, -54.8237, 1.25106
650.3, -63.8082, 2.2625
629.122, -49.5112, 2.01132
640.858, -0.611843, 0.537751
650.051, 29.9988, 2.48076
603.642, -71.8944, -1.4915
617.685, -82.8852, -0.732582
643.216, 34.0238, -1.80039
587.425, -68.2115, 2.77936
603.318, -53.0575, -2.82413
602.269, -14.9421, 2.07449
602.714, -15.104, 2.58225
656.184, -60.473, -1.4448
602.834, -14.6205, 0.724654
652.645, -68.9138, 1.98469
649.439, -69.947, -2.85283
635.173, -85.5048, -0.532343
616.223, -49.666, -2.20303
610.867, -35.1587, -0.431065
626.309, -70.1948, -2.32115
631.097, -76.5043, -2.95209
627.548, -55.2728, -1.46819
645.468, -77.1321, 0.515076
599.42, -13.0227, 2.89587
598.687, -13.1077, -3.03688
598.458, -13.0782, -2.69709
599.492, -13.1155, -1.64097
601.92, -14.6578, -0.565247
601.676, -14.8723, 1.24202
598.496, -13.4673, -1.92954
599.015, -13.463, -2.35724
599.212, -13.7058, 2.80286
599.465, -13.9384, 0.0101331
524.546, -23.8002, -0.61703
527.399, -21.8153, 2.95272
553.201, -32.4809, -3.03823
577.109, 54.1105, 1.41355
541.624, -33.8414, 2.57979
539.169, -67.4331, 3.06768
590.007, 61.1664, 0.0368942
543.009, -63.6791, 2.4769
556.479, -61.4638, 1.00744
561.601, -46.2942, 0.077654
556.391, -74.0136, -1.13595
617.7, 28.0344, 2.67734
597.648, -8.95745, -2.29589
598.088, -9.55851, 2.18333
598.509, -11.7655, -1.22361
598.701, -12.7855, 0.522242
597.642, -9.08614, -1.03335
598.229, -11.6601, 0.659947
597.914, -7.92733, -2.75101
598.581, -12.0344, -1.46464
598.693, -11.2122, 3.08831
599.288, -10.6611, -2.06572
599.522, -10.4258, 0.215968
599.598, -10.7109, 0.868532
598.872, -13.8829, 0.676257
598.609, -11.8819, -1.21422
599.606, -11.6666, 0.856146
598.447, -8.1982, -1.84432
599.028, -11.6729, 1.27638
598.223, -9.86932, 3.05757
599.222, -12.4457, 0.126322
598.412, -8.83971, 0.444233
599.345, -9.4536, -0.395679
597.952, -8.35247, 2.64913
598.524, -8.28977, -1.2832
599.707, -8.75947, 2.73141
599.532, -9.39956, 1.11869
598.541, -10.2022, 0.887123
598.118, -10.0091, -2.16085
599.123, -11.6317, -1.03339
599.432, -10.067, -0.482301
598.867, -9.98937, 2.42061
598.256, -9.56612, 0.25392
601.425, -9.33444, -2.64093
598.701, -9.00186, -0.886923
598.643, -9.44364, -1.77493
596.891, -5.96602, -0.410279
596.555, -4.54415, 1.27221
536.822, -9.54246, 2.07438
521.811, -32.7961, -0.839283
597.406, -7.47388, 2.61856
595.717, -2.93069, -0.936107
597.348, -6.60595, -1.37297
598.225, -7.81473, -0.52419
595.41, -2.35681, 1.37376
596.303, -4.89364, 2.09182
597.53, -6.7146, -0.736168
595.862, -2.69434, 2.28191
594.199, -3.85641, -2.64422
595.882, -4.2205, -1.5285
548.56, -7.16894, 1.05688
595.198, -5.3116, 0.959984
595.515, -3.98935, 1.56989
599.198, -2.88826, -2.45402
596.45, -5.06153, -2.34419
601.76, 0.231308, -1.06498
597.549, -3.72804, -0.264655
597.791, -4.55411, -2.1062
664.608, 26.5713, -0.27654
629.434, 9.39936, -3.05158
673.864, 19.4983, 2.99482
661.676, 11.7659, 0.698629
659.523, -30.677, 2.55372
656.048, -55.9583, 3.01029
678.387, 3.56014, 1.37316
634.887, -30.4961, -0.313475
619.949, -7.92963, 2.02535
634.106, -13.7786, -2.95728
599.007, -0.755917, 0.59731
599.681, -1.81292, 2.63969
540.369, 19.597, 0.852454
545.959, 20.6041, 0.0980308
551.329, 13.0089, 1.04026
571.661, 2.08248, -0.399767
535.859, -1.55188, 0.190723
665.59, -2.56881, -2.8248
639.84, -8.79581, 2.1525
670.199, -18.8681, -0.21558
633.524, 12.8023, 2.79083
620.589, 6.41628, -1.17334
627.031, 9.48784, -2.7295
670.242, 32.3662, 1.05868
614.305, 5.82257, -0.678533
663.252, 33.3101, 2.13142
641.131, 15.8892, 2.33909
651.833, 31.4356, 0.0270835
665.961, 19.4417, -0.393013
680.876, 0.216628, 0.636033
597.213, -2.88048, -0.723583
582.438, -66.1512, -3.12676
597.519, -56.3114, -1.31298
610.432, -52.5603, -1.48652
599.654, -2.48469, -2.40768
597.323, -6.83268, 1.9829
596.995, -6.29294, 1.12539
660.075, -34.9423, -0.120292
641.633, -17.0811, -1.78677
666.96, -19.1276, -1.51531
595.663, -61.4323, -0.817562
591.315, -56.5854, 2.94818
606.175, -72.6132, -1.03373
561.301, 6.76714, 0.0903871
604.66, -23.1362, -1.24018
594.166, -62.0052, -2.56589
605.085, -37.1869, 2.07959
526.651, -1.29945, 0.82844
598.907, -3.73102, -2.01929
594.45, -4.32347, 0.0926969
527.304, -9.17394, 2.57183
530.861, -1.79728, -3.07277
537.923, -11.4832, -0.073446
523.993, 4.95397, 3.00598
540.454, 14.9137, 0.411033
521.331, 2.17526, -0.719728
569.089, -4.9615, -2.52768
596.663, -4.46518, -0.51805
598.454, -4.65646, -0.0736109
595.689, -7.25861, -2.17444
666.714, -11.5228, 1.50529
675.388, -10.602, 2.38343
637.46, -6.28522, 2.76931
676.143, -10.6, 0.992808
597.771, -4.30783, -2.72616
664.925, -11.6615, 1.32248
670.676, -12.8094, -1.6596
644.661, -9.06171, 0.87815
598.717, -3.00811, 1.70065
634.185, -7.44804, -0.0474045
598.48, -3.28491, -1.46943
635.157, -7.69622, -2.09238
644.941, -8.52424, -2.14611
675.27, -12.6639, -0.0644151
671.929, -12.3293, -2.55483
650.86, -9.42564, 0.318264
632.786, -7.42299, -1.66409
657.988, -10.1273, 0.934852
671.565, -12.5971, 0.125487
597.29, -3.8363, 2.19171
671.374, -11.3554, 1.19055
665.344, -11.9117, 1.39752
672.276, -12.6218, -1.9535
662.578, -11.0554, 0.66504
642.591, -8.62211, -1.27648
675.289, -13.2304, -0.709425
676.433, -12.4605, 0.819093
655.069, -10.3421, -2.09039
667.984, -11.054, 2.88737
638.754, -8.11468, 1.57325
669.012, -11.522, -2.51563
674.339, -11.96, -2.67099
594.761, -7.54263, 1.22127
646.604, -9.143, -1.96042
678.016, -12.8044, -0.223034
596.369, -5.8016, -0.221244
657.658, -10.329, 1.03657
650.048, -9.43891, 2.25817
651.575, -10.3113, 0.602622
676.219, -12.2876, -3.07842
597.012, -3.36044, 1.16377
632.796, -7.54782, -2.15279
655.051, -10.355, -1.74983
671.77, -11.711, 1.11187
651.662, -9.6044, 2.80404
656.86, -10.0444, 0.310388
664.978, -11.0427, -1.77204
641.474, -8.52458, -2.94586
595.581, -4.19777, 1.746
596.263, -6.24276, -2.32914
656.684, -10.2405, 1.21105
677.187, -13.1133, 2.36335
596.866, -4.49786, -0.629276
656.65, -10.8012, 2.2072
675.865, -13.0236, -2.92402
661.673, -11.304, 1.04869
652.294, -9.55269, 1.19046
663.34, -10.8911, 1.37136
596.967, -5.63575, 2.39766
647.373, -9.21987, -0.0387487
661.516, -10.7991, 0.420743
597.567, -3.55278, -1.88357
658.135, -10.8424, -2.77731
667.603, -12.0559, -0.189391
671.387, -12.1912, -1.49907
597.277, -3.56914, 1.24304
