0.176553
0.200882
0.186545
0.185701
0.187277
0.187241
0.197046
0.186655
0.187496
0.188113
0.187912
0.186574
0.189757
0.187229
0.19295
0.187564
0.187366
0.201512
0.187958
0.194328
0.187351
0.187484
0.189939
0.187543
0.186938
0.185684
0.18707
0.191703
0.187645
0.18661
0.187821
0.187327
0.194498
0.186891
0.191189
0.188403
0.187666
0.190376
0.18758
0.187724
0.188613
0.18748
0.188628
0.190616
0.18669
0.193948
0.187962
0.18809
0.190514
0.18809
0.192717
0.187938
0.187489
0.191088
0.186296
0.188472
0.188229
0.187858
0.196173
0.187322
0.187023
0.187128
0.18927
0.195783
0.188532
0.188875
0.188552
0.188113
0.195792
0.187196
0.187418
0.188071
0.187735
0.191227
0.188763
0.188163
0.194544
0.187938
0.188375
0.189423
0.189005
0.192668
0.18939
0.188499
0.190615
0.187507
0.188646
0.188857
0.187719
0.1918
0.188789
0.187661
0.186005
0.188491
0.196209
0.188801
0.187727
0.186836
0.185974
0.196046
0.188173
0.188685
0.187392
0.187111
0.190563
0.18708
0.187108
0.188652
0.186362
0.191097
0.187592
0.188483
0.194911
0.188725
0.187767
0.189472
0.189117
0.195013
0.187612
0.186819
0.190025
0.187459
0.18781
0.187415
0.186885
0.195735
0.188197
0.187587
0.188842
0.188118
0.192629
0.18737
0.188011
0.190609
0.188113
0.193284
0.187706
0.189719
0.191421
0.188162
0.190787
0.189426
0.189889
0.194882
0.188768
0.19056
0.192314
0.189913
0.194688
0.189111
0.191747
0.190544
0.18859
0.193563
0.189993
0.193913
0.190834
0.189937
0.194024
0.189454
0.193537
0.189713
0.190488
0.191754
0.188638
0.189638
0.194327
0.18743
0.19068
0.186542
0.186932
0.192013
0.188414
0.190157
0.190415
0.187784
0.194274
0.18717
0.186476
0.191602
0.188867
0.19687
0.188305
0.186312
0.189419
0.187024
0.194044
0.19006
0.190324
0.190782
0.188775
0.194874
0.191131
0.190168
0.190166
0.188315
0.191574
0.186685
0.191116
0.188667
0.189569
0.193563
0.189399
0.190398
0.186932
0.191279
0.191039
0.190642
0.192329
0.189784
0.19019
0.191325
0.18807
0.190523
0.190061
0.189441
0.197457
0.188812
0.189558
0.191485
0.189285
0.196038
0.18817
0.189299
0.189201
0.188745
0.195313
0.190295
0.190062
0.191377
0.190554
0.198052
0.188542
0.190475
0.191055
0.189135
0.193668
0.189801
0.188335
0.189282
0.187756
0.192398
0.190556
0.188567
0.193805
0.188545
0.19303
0.190731
0.189389
0.192651
0.188268
0.191836
0.190688
0.190129
0.193952
0.188
0.191492
0.190417
0.188152
0.190988
0.189417
0.191154
0.189129
0.189581
0.191293
0.18855
0.191615
0.189241
0.190179
0.190019
0.191322
0.193683
0.19442
0.18914
0.189742
0.191113
0.192801
0.194598
0.189951
0.18833
0.191359
0.189164
0.194829
0.188826
0.188934
0.1917
0.189131
0.195051
0.189523
0.189413
0.191213
0.189508
0.192237
0.190795
0.19025
0.193076
0.190071
0.192807
0.192297
0.191176
0.195471
0.190243
0.192757
0.190448
0.189136
0.194655
0.190276
0.188825
0.190733
0.188332
0.195392
0.188685
0.19145
0.191206
0.190201
0.192873
0.187041
0.192318
0.187749
0.17089
0.16997
0.192214
0.189944
0.186023
0.188657
0.187706
0.189102
0.190693
0.189374
0.188122
0.190161
0.18904
0.191624
0.18755
0.189014
0.192112
0.187443
0.190083
0.189429
0.188621
0.194297
0.18823
0.192105
0.190163
0.188393
0.189564
0.189491
0.191704
0.187732
0.189549
0.187919
0.189569
0.188493
0.19525
0.188315
0.187304
0.187555
0.188869
0.191437
0.186068
0.189164
0.189412
0.190676
0.187597
0.188605
0.188457
0.189107
0.187773
0.188512
0.188492
0.188244
0.194057
0.189722
0.190723
0.18857
0.18783
0.195365
0.188331
0.191953
0.188208
0.188435
0.192075
0.188327
0.192483
0.188624
0.188524
0.186919
0.189586
0.190871
0.193799
0.190202
0.189092
0.18832
0.190629
0.194092
0.187542
0.188086
0.189652
0.191242
0.193514
0.18892
0.190545
0.188546
0.190386
0.188212
0.18926
0.188261
0.189
0.192507
0.188776
0.188705
0.188486
0.194092
0.188597
0.189023
0.189198
0.187578
0.192947
0.186963
0.189399
0.189587
0.188705
0.189536
0.188811
0.19042
0.188284
0.188333
0.187987
0.188111
0.190536
0.193658
0.189774
0.188057
0.189216
0.190592
0.194491
0.189861
0.188536
0.190073
0.191777
0.187463
0.188614
0.188185
0.194561
0.192716
0.189706
0.189822
0.187203
0.194322
0.190603
0.186237
0.189387
0.187504
0.194723
0.190123
0.190617
0.187881
0.188375
0.188459
0.188038
0.192036
0.194017
0.188831
0.189135
0.18891
0.191717
0.195476
0.189148
0.189097
0.190583
0.189516
0.195384
0.18963
0.18931
0.187665
0.191026
0.19477
0.188986
0.188668
0.189591
0.192778
0.188979
0.186806
0.190342
0.188574
0.191661
0.188178
0.189023
0.188075
0.194061
0.190372
0.189221
0.186941
0.18947
0.193655
0.192295
0.188391
0.188415
0.188465
0.189101
0.188919
0.190736
0.190242
0.186603
0.188458
0.189621
0.191386
0.192146
0.189566
0.189199
0.188003
0.191664
0.194225
0.188813
0.187327
0.187404
0.190722
0.188158
0.188474
0.188008
0.194594
0.19202
0.189927
0.189167
0.188753
0.194849
0.192695
0.18988
0.187993
0.188381
0.193694
0.191829
0.187678
0.188882
0.187867
0.187733
0.191534
0.188923
0.191787
0.188867
0.189103
0.189848
0.190667
0.194811
0.189024
0.190145
0.187833
0.190656
0.193019
0.189196
0.18881
0.189019
0.190857
0.190634
0.187741
0.187997
0.191575
0.191287
0.189303
0.188401
0.188489
0.194444
0.190834
0.188077
0.188885
0.189238
0.194188
0.190101
0.187338
0.188277
0.188581
0.188653
0.190468
0.187701
0.194229
0.187568
0.189809
0.191169
0.187322
0.195481
0.188831
0.188856
0.18914
0.191796
0.195817
0.18969
0.189009
0.19035
0.189937
0.195484
0.188781
0.189993
0.304643
0.211917
0.22675
0.194062
0.197883
0.194943
0.191891
0.19631
0.192458
0.197875
0.194901
0.191786
0.19678
0.191333
0.199585
0.194536
0.192539
0.194014
0.190956
0.197185
0.195682
0.192658
0.197066
0.192134
0.198115
0.195229
0.190923
0.197514
0.192352
0.197167
0.195242
0.190415
0.195489
0.191412
0.198377
0.194821
0.191473
0.197815
0.191401
0.197691
0.194237
0.191947
0.197413
0.191749
0.197345
0.194676
0.191763
0.196995
0.191654
0.19706
0.194975
0.190865
0.197387
0.191752
0.196949
0.194901
0.19129
0.19809
0.192434
0.19676
0.196268
0.19131
0.19663
0.192152
0.196989
0.193857
0.191778
0.196492
0.192137
0.196761
0.194844
0.192548
0.197065
0.191469
0.197689
0.193982
0.191125
0.198546
0.192638
0.196907
0.19408
0.191725
0.197666
0.191359
0.197826
0.194819
0.191699
0.196289
0.190914
0.192142
0.1946
0.191132
0.197122
0.191376
0.192075
0.200179
0.19198
0.19812
0.191825
0.191889
0.199745
0.19065
0.197176
0.192205
0.191439
0.198791
0.190807
0.197468
0.192189
0.19199
0.201908
0.192068
0.196666
0.19229
0.192156
0.201459
0.191655
0.196563
0.190777
0.191247
0.201033
0.191985
0.198142
0.19006
0.191627
0.201641
0.191483
0.193026
0.188739
0.188882
0.192623
0.188736
0.190079
0.188555
0.189831
0.190933
0.188955
0.188479
0.188862
0.188452
0.195807
0.189526
0.189463
0.189203
0.190083
0.19422
0.190061
0.188145
0.18932
0.190048
0.188871
0.190304
0.189424
0.189723
0.189278
0.187862
0.191153
0.187553
0.194379
0.18815
0.189194
0.191659
0.189023
0.194668
0.189644
0.190172
0.191009
0.189671
0.193746
0.18985
0.18993
0.192726
0.190041
0.188871
0.189521
0.18936
0.191616
0.18911
0.187616
0.188263
0.189247
0.197039
0.189008
0.189319
0.188438
0.188351
0.19537
0.187006
0.187772
0.18919
0.18954
0.188775
0.192002
0.188566
0.187683
0.189026
0.188171
0.190585
0.187647
0.19527
0.188818
0.189667
0.192066
0.187805
0.194246
0.188961
0.187676
0.190819
0.189649
0.18968
0.188271
0.188623
0.191038
0.188031
0.189233
0.18937
0.188302
0.196256
0.188896
0.190877
0.189763
0.188822
0.196939
0.18786
0.18917
0.189448
0.190054
0.191334
0.189618
0.188999
0.187889
0.18935
0.189549
0.190478
0.189406
0.194321
0.189126
0.189694
0.192287
0.18964
0.193737
0.189296
0.18789
0.192369
0.188806
0.188516
0.187815
0.188261
0.191479
0.189803
0.189038
0.189139
0.188873
0.197931
0.18797
0.189001
0.188538
0.189045
0.197181
0.188857
0.197113
0.190073
0.18762
0.190556
0.187555
0.187352
0.187379
0.188827
0.189833
0.189139
0.188908
0.192612
0.190881
0.189061
0.192233
0.190003
0.195387
0.188607
0.188851
0.192225
0.190085
0.191015
0.189396
0.189597
0.195153
0.188866
0.193316
0.188578
0.189026
0.195493
0.189187
0.190338
0.193093
0.190057
0.199285
0.189658
0.19047
0.193047
0.18997
0.197518
0.190036
0.188563
0.191372
0.18919
0.197866
0.18969
0.188173
0.192561
0.190369
0.195205
0.19011
0.189329
0.192295
0.189973
0.192147
0.192009
0.190122
0.195293
0.189978
0.193175
0.190186
0.19006
0.195791
0.190699
0.193254
0.192272
0.190495
0.195722
0.18966
0.189736
0.194375
0.189633
0.191884
0.1896
0.190214
0.195282
0.19009
0.193255
0.19102
0.18954
0.195223
0.189447
0.189417
0.192994
0.190679
0.197435
0.190711
0.190377
0.192581
0.189747
0.199457
0.189782
0.189257
0.193374
0.189876
0.197888
0.189745
0.190071
0.193779
0.189884
0.198804
0.189775
0.190171
0.193256
0.188063
0.199179
0.190047
0.190177
0.192947
0.190121
0.19393
0.191081
0.189314
0.192286
0.189338
0.192418
0.192719
0.189833
0.195792
0.189467
0.190919
0.189776
0.190006
0.19589
0.190771
0.192286
0.193318
0.190759
0.196156
0.19029
0.193456
0.192394
0.189832
0.195554
0.1913
0.192596
0.193133
0.190044
0.193318
0.190332
0.192218
0.192352
0.189079
0.191017
0.191645
0.191916
0.195476
0.190981
0.190921
0.193781
0.190839
0.198299
0.191749
0.189826
0.193931
0.190219
0.198357
0.190212
0.188836
0.19068
0.188756
0.198973
0.19103
0.190649
0.193689
0.189537
0.195613
0.190481
0.190711
0.193839
0.189096
0.193315
0.193906
0.18998
0.196041
0.191213
0.192721
0.192885
0.189917
0.196756
0.191102
0.193371
0.193383
0.19013
0.196198
0.189773
0.194238
0.194024
0.190673
0.196274
0.190517
0.192555
0.194004
0.190594
0.195744
0.191437
0.193116
0.193753
0.191235
0.192492
0.189438
0.192657
0.192502
0.190002
0.191055
0.189796
0.191925
0.194489
0.188962
0.190375
0.192418
0.193066
0.196116
0.191346
0.190465
0.193114
0.194374
0.196991
0.190064
0.190976
0.193615
0.191891
0.19419
0.189624
0.190662
0.192382
0.190887
0.196
0.189968
0.190971
0.193481
0.190344
0.195721
0.188735
0.190145
0.193854
0.190856
0.192775
0.192256
0.191199
0.195204
0.190822
0.193202
0.192849
0.190201
0.195885
0.189738
0.190881
0.192949
0.191132
0.195865
0.189037
0.192809
0.193155
0.189378
0.195689
0.189999
0.19392
0.193391
0.191013
0.193538
0.190064
0.193324
0.193121
0.190179
0.191208
0.190062
0.194067
0.193059
0.190043
0.18814
0.192607
0.192818
0.194906
0.190286
0.190005
0.19274
0.192209
0.195663
0.190746
0.189998
0.193213
0.192962
0.196111
0.189588
0.191282
0.19294
0.193032
0.195113
0.190897
0.190811
0.192856
0.192223
0.193908
0.190963
0.185896
0.192321
0.191269
0.192498
0.190523
0.190421
0.193287
0.190467
0.193352
0.187792
0.189491
0.188139
0.192758
0.192357
0.190119
0.18939
0.191786
0.192361
0.195044
0.187923
0.190901
0.192457
0.1946
0.19666
0.189426
0.190523
0.192622
0.192656
0.195119
0.190039
0.190979
0.192833
0.191915
0.193583
0.189942
0.191289
0.19278
0.190109
0.19602
0.186678
0.189968
0.190671
0.191744
0.195863
0.191583
0.1907
0.192347
0.193223
0.195341
0.18961
0.190081
0.193004
0.193321
0.194664
0.187514
0.189472
0.190298
0.192565
0.189621
0.189456
0.189181
0.194574
0.191377
0.189337
0.191275
0.189554
0.194724
0.190894
0.189377
0.189111
0.189279
0.195221
0.189674
0.188663
0.188923
0.188266
0.189962
0.190207
0.191061
0.189276
0.188959
0.189573
0.190001
0.192401
0.193862
0.188793
0.187898
0.188598
0.192509
0.195132
0.189085
0.18921
0.189258
0.191117
0.194219
0.189536
0.187573
0.188264
0.191942
0.188609
0.189956
0.189195
0.193998
0.188995
0.187592
0.189083
0.188672
0.194843
0.192359
0.189711
0.190437
0.190193
0.193932
0.19174
0.188679
0.189521
0.189882
0.1897
0.188916
0.190182
0.188537
0.190217
0.189087
0.190476
0.190789
0.194751
0.188187
0.187057
0.189741
0.191316
0.194134
0.188276
0.187682
0.18733
0.190545
0.188032
0.188816
0.188937
0.188765
0.191366
0.189724
0.189981
0.188109
0.195761
0.19232
0.189538
0.188108
0.188335
0.19154
0.191326
0.188238
0.186898
0.189929
0.191319
0.190757
0.188121
0.189824
0.188513
0.193988
0.191598
0.189069
0.189796
0.188975
0.194977
0.193049
0.188666
0.189925
0.189392
0.195207
0.192339
0.189232
0.187829
0.188937
0.189422
0.191517
0.189583
0.188949
0.187749
0.189815
0.189442
0.188751
0.194675
0.188863
0.188652
0.190463
0.191882
0.195388
0.188651
0.18948
0.18831
0.191796
0.190289
0.189991
0.189313
0.18802
0.191713
0.19008
0.187626
0.190291
0.188819
0.192521
0.188077
0.189802
0.188482
0.193228
0.192359
0.18956
0.189202
0.190532
0.194345
0.191273
0.189585
0.19037
0.188095
0.193544
0.190564
0.1882
0.188426
0.189435
0.188532
0.191411
0.187747
0.194858
0.188893
0.188564
0.192781
0.188818
0.194166
0.188861
0.188372
0.1893
0.1892
0.193883
0.189043
0.188295
0.188858
0.191922
0.189419
0.189959
0.189093
0.195217
0.19034
0.188601
0.188292
0.189594
0.195956
0.190949
0.188487
0.190435
0.188742
0.194603
0.190675
0.188999
0.189172
0.188629
0.190149
0.191809
0.190292
0.189982
0.187728
0.189148
0.191885
0.188674
0.195608
0.188785
0.18855
0.192719
0.187586
0.194526
0.18838
0.188372
0.191366
0.190514
0.189576
0.188543
0.189359
0.189263
0.190238
0.18923
0.190152
0.188711
0.194504
0.190889
0.188942
0.189208
0.188934
0.195806
0.191705
0.189363
0.188624
0.18806
0.189525
0.191764
0.189045
0.191081
0.187031
0.189184
0.192235
0.188707
0.195847
0.18966
0.188892
0.193364
0.188989
0.194346
0.188799
0.189529
0.191092
0.188833
0.192786
0.188292
0.190301
0.19067
0.18878
0.18885
0.18822
0.188335
0.19341
0.190177
0.19003
0.189393
0.188961
0.19536
0.191717
0.189726
0.189136
0.189347
0.193147
0.191438
0.189594
0.189659
0.187971
0.189721
0.191555
0.188765
0.190571
0.188851
0.18987
0.193157
0.188544
0.194934
0.19038
0.190063
0.191976
0.190274
0.19404
0.189145
0.189687
0.191475
0.187994
0.195005
0.187484
0.18879
0.191699
0.188391
0.189531
0.187884
0.188343
0.1968
0.188221
0.18925
0.188609
0.188262
0.196318
0.188881
0.1887
0.190263
0.190297
0.19499
0.192404
0.189237
0.190409
0.188964
0.190349
0.191749
0.189729
0.190127
0.189801
0.189133
0.192075
0.188141
0.194402
0.188799
0.188561
0.192494
0.189417
0.194687
0.190381
0.189011
0.19273
0.190204
0.193912
0.189027
0.189184
0.192815
0.190317
0.188311
0.190335
0.190599
0.192865
0.189121
0.189735
0.189947
0.189216
0.198404
0.190206
0.190482
0.190424
0.188926
0.196567
0.189411
0.189855
0.190084
0.189187
0.197727
0.189326
0.189425
0.190544
0.189185
0.189878
0.192551
0.190542
0.188503
0.187465
0.190832
0.191251
0.188646
0.194556
0.189458
0.190146
0.190897
0.188734
0.194844
0.188377
0.190296
0.191261
0.188306
0.18871
0.188771
0.1887
0.19017
0.189001
0.190034
0.190786
0.189193
0.196116
0.189107
0.189713
0.188673
0.188319
0.197702
0.188721
0.188426
0.189429
0.190246
0.193957
0.189027
0.189146
0.189655
0.188352
0.188025
0.19132
0.187916
0.19408
0.188993
0.189149
0.191451
0.189256
0.194619
0.190806
0.188403
0.193013
0.190059
0.193824
0.189624
0.188575
0.191021
0.189676
0.189739
0.187668
0.18863
0.192508
0.190235
0.189441
0.188567
0.188285
0.196809
0.187784
0.189782
0.19036
0.188998
0.19766
0.189161
0.190098
0.187002
0.18885
0.197036
0.187971
0.189352
0.190245
0.188515
0.191711
0.188706
0.188479
0.189851
0.188716
0.190666
0.188849
0.19058
0.194065
0.18917
0.189079
0.191868
0.189917
0.194274
0.189606
0.189362
0.191184
0.188774
0.194568
0.188749
0.187949
0.190643
0.188216
0.189157
0.188658
0.189493
0.191226
0.189563
0.189992
0.189677
0.188547
0.196998
0.189016
0.189756
0.189802
0.189318
0.197353
0.188113
0.187893
0.189264
0.1883
0.1981
0.189541
0.189134
0.189521
0.189158
0.191568
0.189103
0.188881
0.190759
0.190132
0.192993
0.18849
0.189534
0.194974
0.190077
0.190756
0.189345
0.188129
0.194758
0.187457
0.191583
0.189565
0.189652
0.194843
0.19036
0.189355
0.189714
0.18889
0.194848
0.188436
0.191789
0.188999
0.188884
0.190191
0.188299
0.188139
0.191349
0.187697
0.18906
0.188499
0.189955
0.194426
0.189029
0.189522
0.189136
0.189956
0.197332
0.189684
0.188597
0.188864
0.189515
0.192335
0.189998
0.18868
0.190298
0.187766
0.191652
0.189631
0.188478
0.194401
0.187833
0.191186
0.187961
0.188302
0.194304
0.189094
0.192222
0.18863
0.189306
0.189944
0.189591
0.189904
0.186993
0.186188
0.187273
0.187338
0.184804
0.191924
0.187039
0.191801
0.189129
0.190711
0.197328
0.188476
0.18746
0.188737
0.189859
0.192967
0.188677
0.188449
0.18936
0.187504
0.191978
0.189617
0.188209
0.1946
0.188256
0.192117
0.190887
0.188854
0.194667
0.187033
0.192632
0.188653
0.190059
0.192017
0.187717
0.190855
0.190069
0.188121
0.191075
0.187151
0.189605
0.188086
0.189929
0.188609
0.18839
0.190151
0.189268
0.188898
0.188876
0.189081
0.190681
0.194864
0.188474
0.187914
0.188733
0.189191
0.197805
0.188264
0.189257
0.189085
0.189024
0.191349
0.188228
0.188562
0.190092
0.187147
0.190575
0.18807
0.189037
0.194457
0.18888
0.191686
0.190236
0.189213
0.194265
0.188907
0.190551
0.189327
0.189568
0.189015
0.18859
0.190942
0.1892
0.188726
0.189904
0.189535
0.191586
0.19375
0.188643
0.190158
0.188404
0.192077
0.194143
0.188688
0.189522
0.188755
0.189256
0.198178
0.189176
0.188933
0.188812
0.189232
0.193163
0.187955
0.18755
0.192397
0.187312
0.189304
0.187982
0.187899
0.195179
0.190046
0.19045
0.18985
0.187803
0.193952
0.187941
0.189283
0.189488
0.187856
0.187214
0.186231
0.190269
0.193041
0.187177
0.187514
0.188354
0.190659
0.193659
0.189555
0.19052
0.188467
0.190728
0.192592
0.189051
0.188004
0.189933
0.189036
0.18996
0.188509
0.189223
0.191555
0.187523
0.190685
0.18799
0.188261
0.193696
0.188358
0.191759
0.187755
0.189718
0.19382
0.187861
0.191699
0.186938
0.186767
0.189224
0.188968
0.190797
0.193639
0.187716
0.187047
0.18879
0.191627
0.19452
0.188322
0.187949
0.190142
0.191698
0.193532
0.188745
0.189898
0.18943
0.193403
0.190388
0.188157
0.187901
0.19036
0.191152
0.189963
0.189164
0.187803
0.193755
0.188113
0.191226
0.189042
0.187987
0.193839
0.186753
0.19207
0.18765
0.187452
0.188435
0.187689
0.191051
0.189712
0.188461
0.188181
0.189521
0.192204
0.193943
0.187842
0.188436
0.187933
0.191187
0.193569
0.187863
0.188206
0.188506
0.191797
0.188983
0.188734
0.18842
0.194439
0.192662
0.188141
0.187842
0.190342
0.193191
0.187967
0.188937
0.189991
0.189316
0.195272
0.18978
0.190497
