515.963, -3.35697, -0.987863
514.898, 17.8828, -2.71669
524.053, 17.7225, -1.23202
556.557, -5.14256, -1.84697
514.546, 0.383768, 0.446811
503.854, 0.424084, -1.85901
559.877, 5.83658, 0.261915
529.842, 15.338, -0.204885
537.884, -4.27881, -1.5017
506.154, 30.2179, -3.0087
515.966, 1.14277, 2.31939
522.452, 0.56676, 1.7904
502.007, -4.89525, 2.70713
508.865, 13.2609, -1.19384
511.316, -15.7912, 1.27509
497.343, -14.8857, 0.465336
514.684, 1.34127, 3.06958
536.498, -7.42711, 1.34229
517.521, -2.52642, -1.47807
528.222, 17.3207, -3.0516
526.484, -1.36116, 1.99719
535.067, -8.15614, -0.552417
533.718, 17.2875, -0.975846
530.818, -8.86087, -1.37701
520.009, 23.8115, 0.307281
522.998, 22.5498, -0.287806
521.487, -3.76937, -0.377545
513.76, -17.3069, -2.98111
538.909, -1.56231, -0.0267488
546.512, -0.699728, 2.84389
564.742, -0.785091, -1.82003
542.978, -2.04704, 2.0948
521.904, 16.6517, -2.99544
516.551, 20.5824, 0.593789
553.462, -0.00975437, 3.01959
531.802, -0.626287, -0.820942
530.933, -2.23056, -1.11801
529.299, 12.6991, 0.51821
528.936, -2.86574, 2.53383
514.204, 23.7348, 0.345654
509.331, -0.930657, -0.48539
529.225, 0.118636, 0.244893
506.055, 35.4474, 0.293343
511.138, -3.61869, -1.09722
532.189, 1.0266, -0.0175212
560.741, 4.46085, -2.58535
513.638, 30.8483, 2.07194
502.98, -17.6221, -1.29516
511.795, 26.2929, 1.13381
544.076, -4.41315, 2.05348
541.048, 9.98879, 1.37167
514.534, 19.146, -2.11946
533.068, 20.3343, -0.804593
498.99, -18.3932, -1.19542
541.11, -5.05726, 1.2808
535.092, -3.13283, -1.67932
504.924, 25.0994, -2.57049
517.172, -5.47897, 0.812005
499.692, -18.7525, 1.72909
548.737, -6.51227, -0.0974859
516.043, -23.8047, 1.61403
500.856, -9.02241, -1.59397
509.559, -25.6909, 2.61705
576.969, -1.66289, -1.5322
576.479, -1.19325, 2.34967
615.61, 35.7625, 1.12492
576.799, -4.44037, -2.99187
603.535, 27.2686, -1.1786
632.358, 57.2062, -2.51005
611.932, 51.5151, 0.256983
599.792, 28.4412, 0.860024
611.436, 41.6466, -0.818866
613.207, 42.1267, 2.52056
591.802, 16.3039, 2.10926
631.856, 54.4457, -1.54394
626.081, 38.2896, 0.0824946
621.314, 40.7016, 2.62486
638.611, -7.3378, -2.05948
603.064, 15.6332, 1.02599
639.011, 31.4117, 1.36505
608.237, 13.1648, 1.43107
623.855, 21.435, -0.0958183
610.632, 7.87433, 2.83197
637.801, 6.03194, -2.01135
591.982, -0.329747, 0.0984651
578.245, 4.2911, -2.75132
659.13, -3.66135, 1.48775
630.888, 38.1547, -1.34272
584.041, 61.7333, -1.89716
539.438, 5.81486, 2.85246
593.19, 74.397, -0.578423
576.516, 3.87474, 0.378111
648.58, 31.3304, 1.08474
630.326, 16.333, -3.06449
629.182, 8.56907, -1.24682
600.261, 65.6329, 1.60468
600.604, 65.6083, 2.31647
627.918, 19.356, 3.11895
626.244, 54.4851, -2.52106
611.655, 73.0044, -2.03894
628.632, 60.5315, 2.31234
627.415, 57.7013, -0.47196
595.958, 79.3436, -0.967439
609.996, 55.6993, -1.74185
616.62, 67.4182, -0.292293
589.566, 37.1352, 2.69268
580.123, 9.07292, -2.72844
614.93, 62.5473, -1.29946
612.342, 53.2714, 1.48942
588.267, 58.6335, -1.04096
592.554, 58.8786, 0.926762
592.857, 71.4297, 0.890746
631.34, -26.5027, -0.548543
641.552, -30.0302, -2.49698
655.978, 28.6433, 2.88553
633.214, -55.8117, 2.54866
562.036, -73.5141, 1.21476
576.052, 6.67421, -2.66431
574.665, 14.7534, -1.8487
548.369, 68.7035, 1.27771
559.266, 41.125, -1.86751
556.279, 56.6305, -1.20366
566.676, 31.0687, 2.13271
576.836, 38.7623, 1.18015
570.469, 54.3578, -1.81464
574.854, 52.4927, 0.561049
581.129, 58.2808, -1.85134
581.232, 42.8663, -0.784776
603.67, 71.5491, -0.652897
610.979, 59.3066, -0.430327
607.439, 49.5023, -2.40639
614.403, 58.3938, -2.69814
595.781, 46.2444, 2.79845
604.496, 59.4482, -2.23996
597.727, 39.2087, -0.606441
601.387, 53.9405, -0.627908
600.097, 59.4224, 0.0194176
599.774, 79.6301, 1.83504
597.702, 58.8108, 2.2335
548.547, 1.75559, -1.59384
508.903, -28.9422, -1.29842
550.227, -30.816, -0.716425
564.437, -26.2493, 1.59096
575.28, 5.16361, 1.94384
576.201, 7.81674, 1.09804
574.754, 4.64503, 2.03903
575.884, 7.12458, 0.68153
634.646, 49.1283, -1.46068
604.394, 30.1255, 2.83311
606.949, 29.8908, -1.56514
610.345, 28.7029, 0.410093
640.097, 49.5558, -0.490532
603.44, 20.4765, 2.99308
544.096, 81.0682, -1.1925
542.046, 53.7119, 2.75934
576.846, 7.77954, 0.334701
532.538, 73.4349, 2.90961
558.223, 50.6645, -2.21439
614.426, -56.0913, 1.24776
613.38, -54.329, 2.31091
612.507, -62.3636, 1.24833
625.935, -18.4876, 0.858354
611.363, -17.7732, -2.1235
603.328, -7.95121, -1.18062
638.917, -33.209, 2.69462
631.282, -48.9086, 1.85647
524.296, 19.1564, 2.96529
637.636, -45.2015, -0.702802
529.994, -0.861788, 0.874164
501.104, -16.1494, -2.06702
554.401, -1.04437, 1.56215
559.69, 9.7326, 1.96631
497.019, -0.936978, 1.6947
546.3, 11.5919, -0.161295
538.939, 37.7439, 2.05532
556.809, 76.4151, -2.30803
558.376, 57.002, -1.9801
541.693, 66.566, 0.0225375
587.502, 39.6088, 0.58774
577.301, 64.8282, -2.0236
538.744, 69.8266, -2.23898
545.9, 40.9492, 2.45203
526.916, 67.5622, -1.83555
545.37, 59.6284, -1.29888
541.298, 79.421, 2.24229
565.592, 62.2356, 0.954386
572.734, 6.26404, 1.83628
558.238, -67.7258, -2.07138
560.138, -54.3227, 1.26689
565.106, -67.3297, 1.31636
570.243, -33.0482, 2.22874
528.632, 62.5596, -2.84361
572.189, 7.04842, -1.40046
553.248, 28.4036, -0.0193375
572.221, 6.8429, -1.21659
572.363, 7.14454, 3.08621
572.463, 6.6691, 0.932442
572.337, 5.92436, -3.0667
539.069, 71.623, -2.8904
572.232, 6.97205, -2.61186
515.78, 25.4951, -0.311395
523.492, 55.705, 2.00921
612.445, 12.7775, 2.31325
647.247, 10.3385, 1.0999
572.354, 6.5687, 1.55564
572.383, 7.00923, 2.67293
493.689, 27.0921, 1.92876
496.064, 18.0017, 1.80975
538.192, 7.08559, -2.03153
529.689, 7.50491, 1.62856
515.908, 6.66505, -0.95415
500.735, 3.20916, 0.737948
544.875, 6.5808, -0.910235
496.037, 5.03415, 1.49358
501.018, 3.22176, 0.876597
507.729, -14.9551, 0.546646
501.044, -13.9652, -0.506535
506.624, -7.3584, -0.441045
493.494, -10.7726, 2.86183
494.672, -5.17514, -0.769062
512.385, -4.20587, 1.81038
543.38, 3.11339, 1.34522
527.854, -3.16775, 1.14655
572.139, 7.31251, -1.46275
571.838, 7.17069, -2.31242
572.911, 6.12662, 0.285031
572.488, 5.7231, -1.58477
573.178, 6.23197, -0.539732
572.365, 5.36432, -0.0118948
572.447, 6.6467, 1.24626
572.66, 6.09084, 2.2286
572.432, 5.53754, -0.0751873
575.511, 4.80884, -1.63414
647.355, -18.7837, 1.9045
608.021, 7.22444, -0.461311
652.774, 15.9034, -1.19812
642.634, 30.2021, -2.95426
642.953, 22.939, 1.39124
616.036, 52.8417, 0.278751
611.134, 50.4911, -2.04875
563.494, -41.85, -2.66459
649.741, 20.0792, -2.73339
607.478, 16.2756, 0.94926
606.314, 23.0779, 1.95464
630.418, 49.2536, -1.22254
588.616, 9.83209, 0.208911
615.5, 14.5667, -0.75561
603.95, 14.1118, -1.77907
644.213, 34.7455, -1.95942
642.102, 35.1531, 0.00441649
648.328, 23.8041, 1.09292
628.896, 17.0174, 2.40142
644.845, 18.72, 1.21722
616.004, -27.692, -1.71952
611.693, -31.0978, -1.65691
624.043, -50.3406, 2.32902
598.704, -54.1146, 0.124469
579.693, -15.6773, 1.51881
592.821, -63.538, -3.0635
600.074, 21.5375, -2.15975
631.442, 64.9152, 1.84944
616.003, 67.1094, -0.211657
579.183, 4.22751, -1.64906
579.506, 4.38142, -0.141601
577.446, 3.23589, 0.074942
529.76, -61.3125, 0.398799
577.921, 3.51052, 0.52764
511.661, 2.97286, 3.02225
546.946, -28.4888, -2.6462
600.912, -27.7943, -3.03997
523.726, -39.565, 2.04821
515.882, -34.9882, -1.35469
640.328, -6.19349, 0.607052
615.768, -60.4862, -2.18253
613.278, -51.5875, -2.27036
637.785, 16.7753, -3.0305
608.42, -61.2541, -1.64019
594.588, -22.3525, 0.156829
626.938, -58.8643, 0.475478
614.465, -33.1281, 1.55526
630.973, -42.6219, -1.01361
610.039, -33.4519, 1.89451
604.614, -24.3665, 0.989336
641.935, -37.7655, -0.305615
613.98, -14.5193, -2.64175
517.826, -31.0743, -2.75417
532.912, -20.7454, -0.812727
518.095, -20.0005, 2.60773
502.386, -20.7659, 1.70643
527.17, -4.35739, -1.37305
542.855, 1.29992, -2.06587
506.401, 5.16861, 0.616297
577.208, -1.31489, 0.407982
577.36, -1.39584, 2.35487
642.01, -43.5953, 1.83952
578.246, -2.73638, 2.06218
626.43, -33.6433, 1.46975
584.649, -6.21323, -1.65304
634.119, -38.2657, -2.48067
577.321, -3.15112, -1.77142
576.532, -2.96728, -2.25611
576.126, -3.5556, 1.26026
576.296, -2.993, 0.203404
575.989, -4.41797, -2.06426
574.69, -3.34056, -1.93651
576.333, -2.54008, 2.11937
576.105, -3.17988, -1.99909
575.335, -2.7582, -2.73934
575.828, -3.75725, 2.72093
575.6, -3.63446, 2.59663
575.526, -3.56615, -1.21631
585.169, 34.0533, 1.10621
590.726, 68.2554, -1.64796
588.766, 48.7501, -1.2424
590.212, 75.3819, 2.63914
597.292, 69.8619, 1.53713
573.806, -2.42006, 1.51911
591.121, 41.9518, -2.08309
595.319, 54.977, -0.896969
574.017, -2.67983, 2.93713
573.657, -2.40336, 1.44434
556.279, -20.5703, -1.74402
539.475, -57.8712, -1.67901
556.681, -23.277, 0.995095
516.41, -59.7252, 2.22134
582.921, -63.2215, -1.42009
572.758, -2.86731, 1.69119
572.639, -3.56475, -1.02688
572.761, -3.65876, -0.0165164
626.164, -35.8853, 2.0181
615.321, -19.6718, 0.757855
619.736, -7.82974, 2.68695
567.334, -58.158, 2.12169
566.793, -29.3316, -0.875683
544.494, -66.5748, -0.640552
545.896, -45.1647, 1.3655
534.346, -45.3339, -2.7254
538.108, -51.5889, 2.80055
605.818, -67.733, 2.20441
604.752, -75.2166, -0.919981
602.78, -78.4853, -3.09422
630.527, 49.8205, -0.569094
612.322, 57.5147, 3.01292
610.449, 52.0479, -2.98927
617.382, 58.9028, 2.39644
599.663, 32.1846, -2.88122
612.442, 51.6175, -1.05941
608.351, 42.3027, 1.77724
527.656, -23.9413, -0.139024
505.847, -26.1044, 2.29651
503.651, -27.8896, 2.10881
497.993, -34.8798, -0.0171375
520.904, -29.6379, -1.84178
572.495, -3.07284, 0.84589
625.077, 25.777, 1.48503
605.912, 5.72993, 0.610089
643.541, -19.5673, -2.063
600.491, -1.29602, -1.06136
646.524, -9.10406, 1.13497
630.95, -12.8777, -1.77385
566.395, 51.2017, -0.960215
629.293, 21.6199, 1.85847
574.392, -2.37285, -0.234579
647.848, 23.6829, 0.248116
577.168, -74.2972, -2.37721
626.534, 24.5084, -1.74553
605.46, 29.0743, 0.326007
613.889, 45.5895, -1.81183
601.067, 35.0466, -2.16251
576.673, -3.53048, 3.04858
617.028, 34.375, -2.6082
632.623, 51.8823, -2.9679
577.512, -0.454353, -2.93593
631.588, 52.5671, -1.81052
578.529, -2.42544, -0.889686
576.847, -3.82257, -1.39819
557.343, -68.7595, -2.93523
577.131, -3.17919, -2.72614
579.067, -2.01526, -0.446567
578.618, -2.25495, -2.21849
576.344, -4.52259, -0.147292
576.58, -4.35065, -0.923953
576.407, -4.09079, 0.651463
576.179, -4.53546, -2.78562
510.079, -38.1139, 0.511425
534.945, -10.5667, -1.10663
573.552, -8.3127, 2.07475
575.187, -5.97457, 2.50288
573.137, -7.1313, -3.05543
573.602, -7.43329, 0.405158
573.376, -7.20208, -1.27665
574.559, -6.19819, 0.0910311
573.926, -8.59244, 0.337945
574.519, -6.85711, -1.37589
574.748, -6.62851, 2.27281
573.242, -7.57532, -0.796948
574.471, -6.7489, 2.83921
574.45, -10.5219, 1.20062
574.545, -7.33166, 2.41256
574.487, -9.00965, -2.91609
572.316, -6.47042, 2.46862
572.365, -6.56592, 0.886455
573.167, -7.33545, -3.06153
570.566, -5.3538, -0.898358
571.792, -5.8676, 1.11159
564.533, 45.4755, -1.04451
573.807, 53.1084, -1.84367
565.772, -1.40192, 3.04633
559.586, 0.649487, -2.95199
568.818, -3.94381, -0.671568
559.718, -0.941233, 0.270802
560.926, -0.695498, 1.09383
569.956, -5.20997, -1.68724
571.32, -5.80267, -1.98689
566.001, -3.05573, 0.0617993
567.343, -3.38391, -1.22126
567.801, -3.30933, 2.03618
560.097, -0.478988, -2.31254
561.381, -0.557585, -1.32242
568.496, -4.13243, 2.5695
568.484, -3.44236, 0.702762
560.014, -0.316363, -1.20903
560.784, -0.269272, 2.82351
564.802, -12.4363, -1.88378
565.067, -12.0849, 1.73839
568.902, -4.35678, -1.20982
563.667, -11.5151, -2.95274
568.577, -4.17598, 1.90599
563.322, -1.18362, -2.93753
566.006, -7.45721, 2.44009
565.591, -2.51719, 2.2137
561.316, -0.945705, -1.82473
560.517, -14.8045, -2.23443
566.903, -3.47876, 0.936183
565.116, -2.79837, 3.03313
564.915, -2.16179, -0.561021
562.291, -1.54026, -1.8756
565.14, -2.6603, -0.452222
564.135, -1.56691, 2.12416
559.369, 0.299752, -2.07886
564.205, -1.45962, 0.89643
559.534, 0.593154, 2.18613
564.82, -1.77623, 1.42226
559.59, 0.911172, -1.78437
564.826, -2.51079, -0.501988
560.588, -0.172523, -1.03541
561.54, -1.17178, -1.2574
560.091, 0.740401, -1.74351
560.492, 0.0762839, 1.20954
559.927, 0.283802, 2.43872
563.824, -1.57632, 0.598609
561.87, -1.10736, -2.01016
561.244, -0.243506, 0.876004
560.236, 0.893503, -1.87652
561.06, 0.616899, 1.85863
560.383, 0.130054, -2.52043
562.998, -0.254596, 0.481715
563.073, -0.553172, 1.30131
562.677, -0.690248, 2.19156
559.459, 0.43768, -2.51318
559.806, 1.08951, 0.57884
562.857, -0.684067, -0.7564
561.238, -0.0485593, 1.78275
559.59, 0.575918, 1.50363
559.814, 0.232035, -2.0253
560.868, -0.599452, -1.5914
559.908, 0.171235, 1.23893
560.614, 0.655855, -2.81095
559.53, 0.732465, 1.60799
560.07, 0.12472, -0.00816496
559.895, 0.480364, -1.49072
560.127, 0.429084, -2.47816
560.104, 0.66651, 1.03764
559.623, 0.248927, 1.22858
560.791, 0.671336, 1.60511
549.671, 4.22716, 3.05809
553.209, -0.74167, -1.11496
554.983, -0.425859, -3.14056
559.747, 0.6718, -2.08153
561.571, -0.963888, 2.85614
570.536, -6.52624, 2.21303
567.099, -3.34155, 1.9847
562.97, -1.97365, -0.332568
563.478, -1.66646, -1.10119
566.677, -4.60899, 0.0182947
564.431, -3.06339, 0.353484
561.937, -0.847506, -1.84272
562.271, -1.76946, 0.962179
563.461, -2.92532, 1.81117
567.621, -6.67773, -0.27178
566.365, -4.95993, 2.78589
563.781, -2.40162, -1.76799
563.015, -0.721554, 0.693618
563.266, -2.06478, 1.15632
572.74, -11.6875, 1.54427
573.078, -12.4685, 0.218867
566.623, -5.07833, 1.61812
566.232, -4.26302, -1.84113
571.851, -10.7895, -2.38089
572.703, -10.8731, 1.30848
564.448, -2.92265, -3.05545
566.026, -4.02663, 2.75381
565.317, -3.46588, -0.633363
573.795, -12.3269, -0.49638
570.141, -8.27015, 1.20407
566.506, -4.80421, 1.99715
565.922, -4.33922, -0.0794926
572.598, -10.4628, 0.70188
569.025, -6.30501, -2.23871
568.874, -6.16666, -1.76784
571.983, -10.2986, 2.05498
574.094, -12.5054, 1.06345
566.042, -4.30391, 1.08235
572.604, -10.843, 1.8759
570.48, -9.24042, -1.41139
566.597, -4.48809, 1.31304
567.993, -5.70649, -0.217419
571.084, -10.0768, -1.82321
568.945, -6.84916, -1.2984
568.666, -6.50038, 0.845837
567.374, -4.81872, -2.59479
573.534, -12.2747, 0.115877
572.969, -10.0175, 2.40244
574.042, -11.6166, 1.45889
572.418, -10.3797, -1.34075
561.086, -14.3971, -2.41157
564.556, -9.5217, -2.22562
559.903, -14.7978, 2.99562
560.212, -12.955, 0.237697
560.334, -13.4457, 2.33875
566.228, -7.84414, -2.18221
561.851, -13.0503, 0.553588
560.076, -14.5479, -2.98959
562.433, -12.8554, -3.13275
564.734, -10.3476, -2.28117
561.035, -13.4603, -2.60145
560.498, -15.7305, 1.68685
559.458, -14.7153, 2.58356
563.497, -11.2635, -0.712138
561.273, -13.4898, 2.1955
560.131, -15.3145, 2.24713
560.872, -13.5011, 0.17404
563.789, -10.8675, 0.788179
563.62, -11.2686, -2.56234
560.916, -14.1283, 1.4006
563.881, -10.4171, 0.895908
559.636, -14.4796, -2.07511
559.974, -13.6432, 1.0949
563.376, -11.4467, -0.536554
560.504, -14.4488, 1.92378
560.837, -13.5479, -2.30182
560.936, -13.8353, -2.05078
562.718, -11.9236, 1.2614
560.458, -15.1779, -1.0854
558.737, -13.5895, 0.396598
561.104, -14.0819, -2.42198
559.79, -12.2195, -0.780793
559.232, -14.151, 1.8184
559.882, -13.1951, 2.08628
557.77, -12.6435, 0.986913
558.398, -14.7004, -1.731
560.751, -13.5908, -2.25878
560.976, -11.9153, -2.39594
557.866, -12.3033, -0.625514
561.533, -13.4879, -0.588886
558.855, -14.3274, -2.58732
560.11, -11.2766, -2.48849
559.241, -11.8516, 2.36819
559.471, -15.0523, 0.296826
559.707, -12.0071, 1.22637
557.253, -13.4657, -1.16269
560.729, -13.8041, 1.98466
559.053, -14.7477, -0.166763
561.111, -13.9078, -1.9838
560.219, -16.0508, 3.13478
560.243, -14.6066, 1.35679
559.314, -14.3771, -0.00660339
557.454, -12.5018, -2.38114
555.314, -12.01, -0.991032
556.325, -12.6514, 1.92514
560.412, -13.6008, -1.23192
559.894, -14.1152, 0.602963
563.471, -19.7803, 0.0881934
564.499, -20.5084, 1.31669
559.7, -14.9765, -2.89841
568.26, -24.348, -0.384387
573.818, -32.2436, 0.919011
564.965, -22.6289, 2.70907
560.801, -16.6755, 1.1321
561.758, -17.3561, 3.00714
560.888, -16.7684, -1.58427
574.027, -33.3759, -1.49185
574.628, -34.9306, -2.0102
570.012, -29.7529, -0.26112
562.379, -18.8025, -0.0586168
564.293, -21.992, -1.52054
570.324, -30.7543, -1.48675
568.482, -28.3552, 1.70295
571.388, -34.2537, -1.07565
561.92, -18.5046, 2.45922
567.08, -27.7123, 1.36201
566.275, -25.8354, -2.02787
562.812, -20.0427, -2.11908
573.791, -38.5349, -0.392449
566.833, -27.4714, -0.296426
574.395, -40.8337, -2.28687
563.759, -21.5016, 0.0937331
572.774, -36.67, -0.916339
565.652, -24.8601, 1.21278
567.001, -27.4659, -0.587387
571.185, -34.4476, -1.96033
564.472, -23.2272, -0.0732902
568.544, -30.6432, -3.12595
570.959, -34.053, 2.23075
571.814, -35.9881, 0.579459
570.157, -33.3145, -1.39204
568.579, -30.6859, -1.85187
565.735, -24.8646, 1.95561
567.091, -27.4405, -1.76763
565.858, -26.1473, -0.601888
572.837, -37.6365, -0.093174
566.786, -20.2903, 0.517753
565.678, -25.0994, 0.464819
564.058, -21.8096, 2.66828
567.955, -28.4129, 2.39445
571.226, -33.3327, -0.0497609
569.744, -31.1349, -0.299247
569.39, -30.9842, 2.18872
567.756, -27.7324, 0.0503318
567.196, -26.2992, 3.03841
568.062, -27.9857, -0.746189
569.506, -30.4163, -0.148072
565.881, -25.0472, 2.81249
574.525, -38.4152, -1.4427
566.235, -25.1834, -0.528902
574.307, -38.5106, 0.47656
567.669, -28.3819, 2.56563
568.43, -28.657, -1.60295
572.12, -34.6265, -1.90547
571.9, -35.3681, -1.08811
566.417, -27.2603, -2.93525
568.393, -29.1648, -0.596415
572.623, -35.7692, 2.80409
571.691, -34.5495, -2.20959
574.619, -38.341, -1.88698
564.897, -28.4844, 0.241827
569.767, -30.825, 0.975494
573.092, -36.9105, -2.60285
571.248, -34.2254, 0.600002
569.327, -30.7591, -1.25124
570.452, -31.619, 2.08703
572.926, -34.8745, -2.53312
574.661, -37.6306, 1.43725
572.851, -35.2227, 0.229185
574.74, -37.8424, -1.94864
572.124, -33.3441, -2.64411
573.667, -35.9497, 0.606265
575.187, -37.813, -0.163991
574.471, -37.7668, -1.31396
571.364, -32.6507, 0.107856
569.512, -29.7091, 2.56285
573.573, -34.7013, 1.87646
575.536, -38.3006, -1.06207
570.179, -31.3141, -2.9824
573.014, -34.8116, -0.666828
575.594, -37.4124, 0.253701
575.203, -36.0896, 2.09667
575.346, -36.887, -2.45834
571.543, -33.5454, -0.592879
574.167, -36.9631, 0.68369
572.339, -33.8002, -0.919918
576.245, -37.0388, 3.07056
575.909, -36.6751, 0.917012
575.636, -38.2415, -1.13795
574.27, -34.6367, 0.629051
574.174, -33.3124, 2.9988
575.826, -34.0174, 1.86607
573.963, -34.1713, -0.560254
575.322, -33.9307, 0.89534
575.715, -37.3179, 2.84808
574.558, -34.5999, 0.802628
576.049, -36.9786, -1.26609
575.593, -33.7908, -0.857102
574.978, -33.9929, -2.79686
575.479, -35.5948, 1.88442
574.742, -34.7807, 1.44109
576.047, -37.2716, -3.01441
575.942, -36.2335, -2.95336
574.426, -34.7975, -0.762239
576.166, -34.9758, -2.55694
574.864, -35.4131, 3.11826
575.647, -33.9546, -1.51625
576.082, -33.9262, 1.75149
576.356, -35.3641, -2.10176
575.12, -32.2832, 2.43274
576.554, -35.1954, -0.956448
576.419, -35.4115, 2.58781
574.416, -33.1811, 2.21171
576.706, -30.3764, 2.64066
576.587, -31.0107, -2.63329
575.976, -30.0931, -0.271677
575.87, -33.4165, -2.67978
576.392, -29.3656, 0.344263
574.099, -31.5884, 2.61236
576.334, -33.8671, 2.07081
575.443, -30.801, -1.93102
574.036, -31.3856, 2.12222
574.998, -32.9591, 1.43895
574.275, -31.6063, -1.22315
574.827, -32.439, 0.192122
572.517, -32.2645, -1.72557
572.898, -31.9999, 2.77023
574.407, -32.2079, -1.83118
575.626, -31.0389, -0.476333
575.603, -32.5952, 2.36723
574.499, -30.552, -1.78533
574.275, -31.2102, -1.38043
575.077, -32.015, 0.940234
576.505, -32.356, -2.20055
580.827, -28.282, -2.69958
576.519, -29.6282, -0.620083
578.971, -28.8175, 0.968596
579.052, -28.9662, -3.05557
577.368, -29.2117, 1.52328
577.544, -29.5466, -2.47692
580.983, -27.6665, 1.43556
633.781, -61.1865, -2.30252
582.048, -27.2299, 2.13477
577.844, -28.9869, -1.7484
587.568, -26.1818, -1.74932
584.885, -26.9852, 2.20313
584.122, -27.3989, -0.382653
584.294, -27.8775, 2.81042
585.524, -25.9605, -1.30613
587.999, -25.3901, -2.32738
582.407, -26.2784, -1.69183
581.426, -27.1505, 0.954344
584.182, -25.3521, -1.31395
583.783, -24.565, 2.91489
602.495, -38.0994, -0.173403
601.375, -37.3672, 2.59362
603.825, -36.8527, 0.162823
597.303, -34.3249, 2.83338
588.227, -30.6677, -0.687855
590.998, -32.1363, -2.64476
583.404, -24.2736, 1.01228
584.87, -26.0561, 0.54346
584.492, -28.4753, -2.61987
582.925, -25.5207, -0.129853
640.193, -49.1471, -3.02257
581.968, -25.4756, -2.11887
585.18, -25.6899, -0.509647
642.193, -53.3802, 2.33509
652.508, -61.1734, -0.164321
647.949, -65.2349, 1.4754
587.684, -23.7819, -1.02204
583.267, -24.4672, 0.658587
645.458, -73.2777, -2.45019
644.871, -75.4007, -1.03799
587.857, -24.5817, 1.4812
587.411, -25.0343, -2.28848
585.773, -25.9285, 0.950713
585.155, -24.0276, 2.67997
605.413, -81.0552, 1.39257
628.077, -93.0326, 1.63694
585.711, -25.5374, 0.178258
586.619, -24.4143, -2.52255
585.73, -24.2442, -2.30302
614.71, -91.8604, 1.01538
614.18, -91.9643, -0.536227
578.456, -56.0154, -3.08861
575.389, -60.2003, -2.35675
586.434, -24.7694, -2.65396
590.735, -84.7734, -0.883658
585.344, -74.5118, 1.38567
584.954, -72.7215, 2.96151
586.089, -93.4392, 1.92935
567.304, -77.9151, 1.85059
553.917, -81.6957, -2.90273
571.688, -44.6084, -2.4505
578.545, -36.3967, -0.0560279
559.744, -58.7324, -0.905088
591.695, -97.6849, -0.301067
590.193, -97.269, -2.47567
556.208, -95.8806, -2.72505
594.592, -63.9504, -1.98547
590.538, -88.7434, -2.72683
588.907, -61.4702, -2.85669
574.208, -45.4974, -2.93206
559.328, -92.7278, 1.37659
559.001, -72.7618, 1.41139
564.949, -75.5773, 0.737247
539.331, -90.2532, 1.18374
546.229, -61.6065, -1.04298
538.197, -58.2225, 3.01893
533.615, -66.3872, 1.2338
535.117, -47.9941, -0.621697
587.089, -29.9071, -2.02816
589.359, -29.3178, -1.29111
589.503, -28.9476, -1.13117
587.438, -29.2007, -2.57512
592.753, -30.9571, -1.04915
600.72, -32.9934, 1.69176
599.751, -29.6047, 3.12502
598.115, -30.2258, 0.989148
594.737, -30.0717, 1.15129
606.655, -30.7899, 0.88597
607.674, -31.7097, -0.502264
600.621, -31.1284, 1.10021
595.459, -30.5182, 0.631246
600.061, -31.1998, 2.43866
599.756, -30.2455, -0.637645
596.387, -30.1597, 0.842127
600.61, -30.5974, -1.82808
593.883, -31.4065, -1.87613
606.196, -32.3982, -2.41992
595.894, -30.5966, 0.317056
606.049, -31.9659, 1.18442
607.599, -30.7178, 0.993977
601.815, -29.9595, 2.87655
597.693, -29.849, -0.692746
603.652, -28.6199, -0.934312
605.624, -28.7866, -3.00953
600.442, -29.4034, -0.00358311
598.02, -29.7658, 0.614884
594.83, -30.306, 1.32279
597.454, -29.6005, -0.897641
600.093, -29.9266, 0.651475
604.978, -29.726, -0.279017
595.993, -29.4703, -3.1153
605.79, -29.3882, 0.292014
604.343, -30.2636, 1.79521
596.714, -30.3698, 1.57898
606.544, -29.3149, -1.52969
601.195, -29.3698, -0.217496
596.992, -29.5248, 0.885705
597.451, -29.378, -1.95006
604.25, -29.1722, -0.947131
607.459, -28.9415, -1.51422
598.495, -29.8683, -0.340988
605.074, -29.8464, -2.7639
602.792, -29.1886, 2.26541
600.371, -29.9268, 0.26436
599.399, -30.2291, -0.462512
606.32, -28.5118, -0.407317
605.831, -29.3275, -0.827315
602.129, -29.0027, -1.6118
607.018, -29.3963, -2.24704
601.962, -29.5414, -1.42049
603.165, -28.7523, 2.93065
657.544, 13.0083, -0.299371
653.918, 12.3117, 1.79663
615.753, -16.2296, 2.30763
651.789, 21.382, 0.120985
629.022, -1.00109, 0.275451
618.626, -8.61552, 1.27813
642.471, 27.0446, 0.258159
609.496, -13.3564, 4.19611e-08
617.466, 9.79963, 1.71666
611.545, -9.82835, 2.66389
617.003, 10.2376, 0.932942
604.618, -29.157, -2.30302
603.854, -29.5984, -1.05734
603.572, -29.519, -1.54197
605.435, -29.3431, -2.29436
606.783, -29.1282, -1.73438
606.841, -29.5161, 0.972274
605.094, -28.9676, -0.580367
607.187, -28.9504, 2.90624
605.885, -29.3874, 1.02176
606.487, -29.4847, 0.636662
606.147, -28.9672, -0.755542
607.365, -28.9522, -0.482216
607.318, -29.5996, 0.614792
606.737, -29.2682, 1.14513
606.375, -28.5351, -1.636
607.24, -29.4897, -1.97902
606.762, -29.1455, -2.06644
606.777, -29.1467, 1.27501
597.361, -32.7, -1.21841
602.099, -30.8096, -1.27166
552.707, -45.3826, 0.644036
604.957, -29.8135, 0.571375
588.679, -28.9524, -2.96909
595.655, -28.4752, 0.172775
603.517, -29.3023, 2.84152
583.532, -26.6357, -2.66381
580.599, -26.5816, -2.40339
590.192, -28.1894, -2.91628
549.361, 14.1045, -2.0614
577.916, 0.710332, -0.349442
582.105, 1.73903, 3.01766
571.885, 36.7026, 2.34934
578.829, 15.8285, -1.40246
585.818, 25.557, -2.57384
591.55, 49.6435, 1.22126
590.737, 37.3505, 1.53102
583.101, -22.7897, 2.31299
586.972, -25.2132, -1.2732
581.304, -23.5499, -2.29173
585.045, -25.3606, -2.01219
601.786, -28.5539, -1.98334
594.719, -27.3979, 0.571718
596.971, -27.8197, 2.35867
599.218, -27.893, -2.07309
599.322, -27.9745, 2.41409
600.976, -27.9417, 1.69689
587.456, -25.2077, 1.91119
600.365, -27.7197, 2.94889
594.582, -27.066, -1.84135
583.15, -23.3039, 0.307843
589.684, -26.1288, -2.08581
582.267, -24.3279, 2.39828
549.667, -26.562, 3.01294
591.559, -26.1031, -1.7943
581.553, -22.2047, -2.44082
585.059, -23.2093, 0.989013
594.761, -26.4668, -0.340322
582.761, -22.3201, 0.895016
592.415, -25.545, -0.0782982
582.814, -21.9461, -0.420489
591.576, -25.9558, 2.34887
584.493, -23.335, -0.617764
591.102, -25.7524, -2.50913
593.147, -27.1521, 2.95162
584.497, -22.6697, -2.81469
595.54, -27.4315, -0.583891
590.888, -25.6937, -0.613822
589.272, -23.6177, 0.0307733
587.909, -23.9448, -0.720237
582.822, -21.4227, 2.86153
585.146, -22.8242, -2.07921
592.265, -24.9572, -2.12678
590.876, -24.4098, 2.61943
586.718, -23.1531, -2.16203
585.307, -21.9283, 1.32473
588.125, -23.7399, 1.06566
582.612, -21.5454, 1.28201
585.292, -23.6854, 0.162667
583.559, -21.9743, 2.9034
584.416, -21.474, 1.5533
583.751, -22.1763, -0.602018
582.95, -20.4037, 2.81521
591.218, -25.1027, 2.75198
539.817, 28.6594, 1.7895
589.243, -23.7058, -2.82356
518.267, -12.9996, -0.145939
584.588, -22.0617, -0.695822
542.3, 20.8992, 3.14102
585.531, -23.6988, -1.62409
514.676, -10.6523, 2.22283
583.341, -21.202, 2.87299
584.435, 22.1637, -1.41814
542.542, 37.1289, -3.05556
572.771, 4.71558, 0.642935
572.697, 18.7993, -0.246419
587.049, -24.1171, 1.87529
586.023, -21.858, 2.66046
585.174, -18.6142, -0.71987
582.262, -20.1369, 0.799689
586.6, -23.694, -1.12203
517.707, -31.8703, -2.84731
534.701, 13.8134, -2.7655
527.265, 8.99725, -0.140834
518.961, 9.2813, -2.80267
525.817, 15.4944, 0.163319
514.127, 10.5659, -3.09542
562.734, -16.5817, -2.00901
633.819, 22.902, 1.21746
508.311, -14.6984, 0.549519
562.011, 1.55054, 0.801983
534.964, 6.98796, 1.84461
523.193, -3.74959, -1.50419
555.872, -30.0785, 0.475619
507.463, -17.5829, -1.72362
521.325, -36.8041, -3.04127
637.087, 28.4704, -1.87234
631.493, 14.7264, 0.453652
585.548, -18.441, -2.92837
584.182, -19.599, -0.16815
586.29, -17.6692, 0.670542
581.757, -20.943, -2.02654
571.135, -80.4069, -0.974158
554.754, -62.1353, -0.428252
586.2, -55.394, 0.449203
567.827, -65.5275, 0.300626
562.01, -88.8089, -0.499195
543.755, -44.3873, 0.956658
544.415, -55.1942, 2.96551
551.268, -45.1563, 0.370647
528.333, -73.1837, 1.19622
583.58, -19.5912, -0.710478
582.07, -20.231, 2.51939
583.276, -19.1595, -1.94951
546.866, -60.0126, -2.8198
576.206, -24.3028, -0.504073
575.347, -24.9746, -0.522329
576.448, -22.5941, -2.32941
575.58, -24.1268, 2.13682
577.202, -24.4735, -0.768627
577.19, -26.0793, 0.76305
576.765, -23.6603, 0.133602
576.202, -22.8984, 0.534784
579.347, -24.6099, 1.28523
576.659, -27.4243, -1.99973
575.312, -24.2692, 0.229207
575.144, -25.401, -0.712065
575.018, -27.7727, -1.79469
605.203, -81.9048, 2.60611
580.049, -51.2226, 0.901713
583.478, -57.1758, -1.39009
586.086, -39.8882, 0.110642
618.403, -59.1368, -1.39256
598.39, -42.4395, -2.40091
574.818, -22.4875, -1.80217
577.039, -24.7867, 2.97672
576.64, -23.0068, 1.18434
576.034, -25.9748, 0.881298
579.072, -22.7406, 1.42933
575.783, -22.4838, 3.11409
575.818, -28.019, 2.39805
576.643, -23.2976, -0.0306635
575.642, -22.971, 2.63769
576.843, -28.3386, -2.51796
577.811, -24.967, -2.3463
577.229, -23.0836, 0.509338
574.637, -22.5483, -1.07472
575.545, -25.2571, -0.985565
574.793, -24.7241, 2.58824
573.937, -22.1998, -2.32303
576.075, -22.6491, -0.400712
575.032, -23.3545, -2.09289
568.139, -11.7535, 3.01509
569.739, -14.2467, -1.03554
567.488, -11.975, 2.77846
571.425, -18.6088, 1.11874
570.466, -17.5211, -0.748192
563.189, -8.06038, 0.607338
564.338, -10.4451, -2.72229
560.084, -4.1742, 1.96128
570.71, -17.8079, 0.327204
564.487, -9.32766, 2.15344
570.812, -18.7436, 0.33845
566.358, -11.9152, -1.87485
570.918, -18.2567, 1.70963
563.056, -7.07237, 1.96662
562.945, -6.47382, 1.51319
566.681, -12.0998, -2.88973
570.359, -17.6036, 2.53453
559.134, -1.55468, 0.88729
570.573, -17.7595, 0.740379
569.359, -17.2992, 3.12414
562.967, -5.99828, 1.6092
559.764, -1.59046, 2.98521
564.108, -9.02164, 2.68225
567.528, -12.9879, 2.20533
571.107, -19.0603, 0.897665
562.004, -6.14815, -0.519327
561.564, -4.46517, 0.674842
569.472, -16.1993, -0.803672
562.331, -21.4118, -3.08352
568.044, -13.4398, 2.90533
567.386, -19.0065, 2.12708
568.726, -17.3018, -1.34169
566.833, -18.1612, 2.28415
567.236, -18.1769, -2.03302
568.159, -18.421, -0.109152
567.282, -18.7654, 1.4043
566.963, -18.8216, -0.751148
562.675, -19.6449, -1.09978
562.342, -19.2007, -2.68316
566.894, -18.5709, -3.07175
562.556, -18.8027, -1.56985
562.437, -19.0245, -1.28447
562.495, -18.9045, -0.250195
562.581, -18.4914, -2.52352
563.989, -19.1549, -0.474575
563.076, -18.9695, 0.64717
562.543, -19.8796, 2.26019
562.561, -19.244, 1.95153
563.139, -19.6824, 1.51852
563.342, -19.4116, 2.88526
561.742, -18.2463, -2.12574
562.626, -20.3485, -1.21157
562.069, -18.8882, -1.72168
562.924, -20.195, 0.525701
563.378, -19.6145, 2.61366
562.462, -21.299, -1.05472
562.519, -20.3314, 0.206286
606.944, -69.4351, 2.0445
562.651, -20.0979, 1.91032
563.095, -20.397, 1.99478
563.066, -20.3352, 1.66404
563.281, -19.9576, -0.258699
563.111, -21.0305, -1.10239
562.823, -17.795, 0.767286
562.975, -11.7095, 2.72449
562.505, -17.1274, -1.49612
562.203, -16.541, -2.7385
562.903, -15.3223, -1.46126
561.521, -9.9928, -2.06116
562.367, -16.2013, 1.78886
562.877, -18.3409, -2.40117
560.686, -8.95924, 2.58705
562.8, -15.966, 1.18381
562.166, -14.3186, -0.415685
561.375, -10.3139, 2.48543
562, -18.8703, -0.91301
561.051, -12.1969, 1.25886
561.122, -8.98802, -0.697568
561.534, -14.9382, -0.310197
562.168, -17.2098, -3.02085
561.358, -15.2486, 2.87994
561.214, -15.4638, -2.41735
562.385, -17.2021, 1.41243
560.461, -9.6017, 1.60275
561.137, -11.1766, 0.759178
560.507, -10.8878, 1.00446
561.109, -13.3304, -0.640968
561.796, -11.2169, 2.23855
559.676, -10.5564, -0.912208
557.392, -16.826, -0.121636
511.826, -74.3055, 2.39805
516.071, -73.118, 1.26374
557.174, -15.5523, 1.92852
521.685, -71.7494, -1.89156
532.727, -59.1888, 1.73722
558.804, -16.701, -2.96091
557.316, -15.1957, -0.142179
556.171, -15.6972, -2.10777
557.07, -15.2534, -2.59759
556.787, -15.8619, 3.01141
558.515, -16.2622, -0.334079
557.626, -15.9317, 0.7693
556.449, -15.9046, 0.622773
557.533, -16.3386, -0.84548
558.019, -16.0086, -1.94481
557.861, -16.0683, 2.53856
555.269, -15.0638, -1.39751
556.781, -15.7024, -2.26001
555.183, -15.0296, 1.76363
555.136, -15.8375, -0.354121
555.653, -15.5395, -0.0510242
556.318, -15.5563, 2.15974
513.726, -63.3502, -2.55478
555.211, -15.2376, 2.16822
555.417, -15.2206, -0.766659
555.81, -15.9623, 0.5372
515.932, -77.5386, 1.81215
555.386, -15.0997, -0.697635
555.199, -15.8466, -0.253236
568.015, 33.3271, -0.141152
575.203, 49.8604, 0.790909
580.402, 57.9582, -2.26727
555.484, -14.9633, -0.373437
555.364, -14.0434, -2.48911
556.484, -13.424, 2.48066
561.272, -18.9627, -3.0187
560.582, -17.8227, -0.980372
584.583, 59.9339, -2.85621
556.058, -16.2047, -0.620108
560, -17.1879, -0.373455
555.411, -16.0377, -1.08547
557.961, -16.5443, 1.46466
559.98, -15.9036, -1.94875
562.799, -15.6304, 1.84609
556.608, -15.8438, 2.594
561.719, -15.3117, -2.82896
558.224, -15.2103, -3.075
562.214, -16.1398, -0.0799692
562.135, -16.2348, 0.520751
557.492, -15.1774, 3.03134
562.5, -16.2956, -1.11107
561.189, -16.229, 3.05076
557.455, -13.1885, -1.40829
558.076, -15.5191, -0.578587
562.491, -16.2828, -3.03611
557.527, -13.0508, -2.8095
557.603, -13.4201, -0.129474
557.93, -14.948, 0.0294279
557.87, -12.8543, 3.0754
557.568, -13.1462, -1.23325
558.103, -13.5473, -2.12675
557.81, -13.1185, -2.82827
557.686, -13.2102, 0.779776
557.974, -13.2502, 2.08739
557.733, -11.6808, 2.6844
508.309, 22.3506, -2.53087
511.883, 11.2999, 1.3149
509.868, -0.0742956, -0.746976
521.48, -10.7929, 1.58906
557.804, -11.2875, -1.87724
561.785, -10.3989, -2.3775
562.951, -11.3874, -1.29045
613.807, -62.5909, 2.2182
563.245, -10.9193, 2.30078
563.77, -11.1047, 0.224667
559.736, -11.0358, 0.263425
562.046, -9.96353, -0.626706
563.519, -10.6295, 0.898117
563.161, -9.5496, -0.716922
564.252, -9.66943, -0.586904
561.654, -10.1439, -2.8569
561.665, -10.0849, -1.9893
561.212, -10.2162, -1.1348
563.584, -11.9472, -1.91916
562.361, -10.8505, -1.83682
595.538, 59.7039, 0.565248
563.96, -11.8282, 2.10071
563.469, -13.5393, 1.87434
557.647, -77.2734, -1.5159
540.57, -46.2256, -1.66008
537.955, -76.6952, -2.16159
525.216, -71.7002, 0.953539
534.081, -40.0945, 0.93518
564.408, -21.5427, -0.580974
564.875, -21.5947, -2.67035
563.279, -11.9133, -1.89289
564.102, -12.6125, -1.75545
563.989, -12.9906, 0.102161
563.892, -16.5616, 0.771109
564.899, -19.7525, -2.40129
563.781, -15.2589, -0.68216
564.136, -14.7034, -1.41576
564.788, -20.2353, -1.8788
500.079, -50.3637, -1.52014
564.81, -21.1402, 0.0050083
563.776, -14.8695, 0.88394
563.522, -16.4997, 2.16339
563.675, -15.5793, -0.579717
562.17, -16.5196, 2.55866
563.285, -16.5517, 1.18032
561.962, -16.6788, 1.03714
564.764, -15.9806, -0.163308
563.848, -15.6927, 2.74522
523.597, -85.7031, 1.11321
565.316, -19.7724, 0.531959
563.868, -15.7225, -3.03742
564.845, -20.853, -0.329458
564.758, -20.1569, 0.19271
564.29, -14.5819, 1.2736
562.208, -9.8343, 3.12626
563.96, -14.1961, -3.01738
597.037, 2.26515, -1.07999
607.326, -11.0514, -1.52819
610.31, -1.33184, 3.12097
564.434, -12.3478, 2.03715
561.66, -7.33979, 0.707292
608.917, 50.3024, -2.69955
582.905, 7.31623, -2.75906
606.388, 14.3877, -0.489959
632.033, 14.7742, -0.709917
628.891, 6.35635, -2.87803
563.971, -8.89687, -1.72672
564.787, -9.95913, -0.677382
563.732, -10.8847, 1.77624
563.288, -8.94883, 0.314608
564.66, -8.95511, 0.681936
564.075, -10.7031, 1.71139
564.229, -10.5434, -2.36445
527.763, 19.7261, -1.44022
564.525, -10.9535, -1.03385
498.411, 33.5329, 0.360548
499.609, 19.8479, -2.34293
508.965, -9.33015, 0.596545
501.7, -6.07293, 0.603543
500.356, -30.1863, 1.3412
519.191, -24.158, -2.17581
490.101, -34.6812, -0.901379
564.051, -2.82348, -2.37093
564.007, -2.16185, -1.15403
562.985, -3.165, -0.511444
563.467, -3.95513, 2.80022
563.84, -4.75256, -2.93325
563.215, -5.8877, 2.41496
597.044, 48.1835, -0.53972
607.281, 58.6459, 0.450965
597.029, 32.3885, 0.175375
625.314, 43.3131, 1.17054
626.621, 34.7445, -2.98306
615.422, 15.9135, 0.73123
634.58, 7.40754, 1.68148
563.501, -3.24348, 2.41766
562.991, -5.22909, 2.7168
563.398, -0.416465, 2.39951
510.627, 13.0886, 1.66999
483.446, 10.3081, 1.34775
562.037, -3.92471, -3.03568
498.363, 2.80436, -2.013
562.699, -3.11995, 2.29945
562.497, -4.69266, -1.89971
563.212, -3.17681, 0.724517
562.773, -2.46794, -1.72966
563.958, 0.0844318, 0.170706
562.531, -2.89842, 1.49944
563.907, -1.39466, 3.11396
562.272, -2.55506, -2.48511
564.141, -1.19296, 2.08147
563.163, -2.86513, 0.742693
563.257, -2.02871, 1.77376
562.363, -2.5399, 1.76356
565.936, 1.57036, -2.95625
569.739, 72.4154, 1.78651
549, 32.7015, -3.02928
538.088, 27.8278, -0.362633
521.07, 18.8078, -0.0584405
546.048, 12.2976, 0.02069
530.46, 59.5234, 0.0108158
547.492, 25.8468, 2.23379
536.041, 42.39, 0.352233
515.663, 60.0966, -3.10612
508.625, 50.2047, 0.161781
610.343, -53.9028, 0.0165866
565.52, 1.76908, -1.03574
569.945, 0.802863, -0.984898
573.846, 1.76138, -2.59297
570.541, 1.65826, -0.177952
572.261, 1.79079, -1.78131
568.104, 1.60236, -1.42388
566.786, 0.81155, 0.817582
566.114, 0.414258, -1.39294
565.727, 1.93167, 1.53335
571.892, 1.30664, -2.46331
568.203, 1.1101, -2.73496
521.682, 57.9803, 2.65578
574.141, 1.55945, 1.96228
564.263, 4.49077, 2.64366
563.332, 3.4102, -2.59767
564.511, 3.60599, 0.13084
564.019, 3.65202, 1.54975
562.919, 4.48793, -1.35535
563.589, 3.12174, 2.2285
562.803, 3.75804, 2.83748
562.392, 3.72313, 3.1066
562.876, 3.19353, 0.208884
563.224, 3.88688, 0.50259
561.922, 3.73288, -0.773003
564.895, 3.72158, -0.915832
562.634, 3.49914, -0.356832
563.927, 3.72864, -0.358998
562.81, 3.08787, 2.53614
562.271, 4.91795, -2.85507
518.878, 71.5649, -1.26431
563.132, 2.99668, 1.2047
562.443, 4.33549, -0.791177
558.129, 5.75415, 0.104867
495.083, -32.5878, 1.3605
563.681, 2.69406, 0.152947
563.363, 3.38073, 1.51564
488.147, -17.4223, 0.0600329
569.088, -0.62889, 1.90586
563.008, 3.04224, 1.59763
564.937, 3.11904, -1.17903
569.296, 1.09527, 1.82799
568.963, 0.729519, -2.13954
568.41, 0.263392, -2.53034
570.153, -0.0751542, 0.528969
569.288, -0.458148, -0.473339
568.301, -0.597787, 2.19269
574.572, -33.7991, 2.33222
560.138, -75.9958, 1.39542
544.694, -69.292, 1.91117
541.232, -57.5619, 2.05565
569.531, -0.95008, -2.36664
568.74, -0.322244, 2.56718
566.751, 0.743704, 1.06179
566.085, -0.273688, 2.0198
567.916, 0.326031, -0.319615
569.062, -0.116047, -1.6961
571.09, -0.387385, -3.01984
570.075, -0.092218, 1.72994
570.384, -0.685588, -2.3073
568.232, -0.701484, -0.342591
568.088, 0.44315, -2.11745
569.337, -0.371481, -1.51546
568.289, -0.462394, -1.03352
567.522, 0.253568, 1.64163
573.422, -0.764696, 1.34526
568.112, -0.366462, -3.07845
572.245, 0.38947, 2.9532
570.799, -0.0317484, -2.5276
570.082, -0.108883, 0.618803
572.139, 0.0641822, 3.09841
569.243, 0.141885, -1.40447
571.133, -0.234297, 1.31186
572.471, -0.148957, -1.2955
571.999, -0.207591, 3.10809
572.048, -0.0101817, -2.54498
569.696, 0.241379, -0.543663
570.902, -0.306388, 0.217606
570.564, -0.0376593, 3.00685
571.217, -0.585021, 0.186362
572.703, -0.916065, -0.436201
570.059, 0.213739, 2.64819
570.531, -0.405597, -1.7276
572.412, -0.401402, -1.72041
573.259, -0.610428, -2.71193
572.926, -1.42415, -1.84136
573.18, -0.7892, 0.348128
573.238, -0.958684, -1.37592
573.215, -0.822655, -1.28462
572.999, -0.595954, 2.18673
574.109, -2.58758, 2.39611
575.773, -4.65003, 0.247827
574.306, -2.21338, 0.505329
576.721, -5.63879, -3.00558
573.304, -0.383956, -0.443749
572.916, -0.754218, -1.22776
575.917, -6.77973, -2.34611
572.345, -0.583225, -1.18796
576.19, -4.34203, 2.12061
573.642, -3.21318, -0.0601028
575.194, -3.39022, -0.944129
572.99, -5.60096, 0.490243
573.492, -8.7181, -1.17957
568.729, -30.6693, -2.87273
571.943, -11.754, -2.19726
572.976, -10.6454, -3.03382
573.609, -7.37572, 1.88027
577.578, -5.72373, 2.99555
574.915, -5.14093, -0.081545
573.5, -9.92288, -1.15276
573.88, -20.9861, 3.07033
573.739, -34.6765, -0.70503
577.202, -5.21124, -0.745448
574.841, -3.32548, -2.31478
576.705, -5.04962, 0.155994
573.033, -23.0702, 1.79807
576.818, -5.13293, -2.68227
573.402, -19.1285, -2.70372
575.968, -5.92482, -0.903288
576.953, -3.18264, -2.42252
571.143, -21.7476, 0.714648
574.246, -2.915, 1.0114
576.716, -3.13348, -2.45708
577.077, -6.10308, -0.00128339
576.862, -4.05822, 0.824399
576.623, -4.15347, 2.55745
576.164, -4.37395, 1.0355
576.548, -4.04791, 2.62194
576.152, -5.81459, -0.68654
575.025, -4.00149, 1.84965
575.629, -4.60535, -1.41084
577.301, -4.58499, -0.615045
575.929, -4.27338, -0.822976
576.299, -5.32311, 0.697956
577.099, -4.04319, -0.318168
577.167, -5.99472, -2.40381
646.759, 26.3005, -0.455227
576.87, -6.16928, -2.32968
577.416, -6.42024, 1.78401
576.958, -6.158, 2.95455
578.764, -6.01336, 1.277
587.155, -5.36036, 2.96297
584.696, -4.86705, -1.75591
586.589, -4.53465, -0.754552
582.147, -5.55969, 2.86116
586.484, -5.70915, -0.41748
584.7, -5.93655, 1.27239
581.803, -5.95509, 0.744386
586.672, -6.43688, -2.29609
582.799, -6.09622, 0.123803
580.57, -5.93377, -2.29751
581.102, -5.58997, 1.98776
579.998, -5.66837, -0.587411
586.496, -6.49526, -0.966497
585.683, -6.41812, 2.19526
580.979, -5.58436, 1.88696
584.848, -5.69348, -1.8255
582.834, -5.92188, -1.60145
586.032, -5.65113, -1.77199
583.559, -5.84374, -1.80241
582.035, -6.05706, -2.01362
581.985, -6.00709, -0.4034
585.782, -5.33387, 2.16787
585.15, -5.90965, -2.02467
586.826, -5.39378, 0.531893
584.103, -5.89763, -2.21919
586.46, -6.06242, -2.09507
585.297, -5.66965, -3.07246
584.138, -5.73074, -1.42416
585.023, -5.85386, 0.878513
586.859, -6.483, 0.140174
586.902, -4.6361, 0.481509
586.172, -5.62872, 0.389498
586.749, -6.10692, 1.71523
586.937, -5.72284, -2.66569
586.639, -5.77037, 0.415429
587.441, -10.3843, 0.791383
585.252, -11.607, 1.54413
586.102, -7.63661, -1.14116
586.986, -6.09615, -1.56847
586.018, -6.34969, 0.351983
586.303, -8.75092, -3.02899
587.197, -13.9112, 1.23501
587.113, -11.3693, -1.21425
587.872, -11.579, 1.33917
587.937, -14.0871, 1.5711
587.975, -12.0452, -2.61133
587.127, -10.2446, 0.223236
587.262, -9.29671, 0.537223
587.337, -13.6324, 1.80851
587.672, -13.5376, 2.47524
587.957, -10.6899, 0.686236
588.136, -12.8954, -1.25573
587.954, -11.6604, -2.36251
587.743, -14.0766, 2.3126
587.793, -13.7934, 1.56079
587.493, -12.0846, -0.23077
587.61, -13.3348, -2.77293
589.593, -11.3321, 1.69965
587.773, -14.1525, 0.476259
587.677, -13.1731, -0.59876
587.293, -13.8924, 2.14851e-05
587.457, -13.8316, 1.6135
587.415, -13.4977, 0.51082
585.518, -14.464, -2.44834
584.4, -14.306, -1.7812
581.87, -14.8118, 0.174407
582.735, -15.072, -1.63718
582.281, -15.2957, 0.962127
581.394, -15.4266, 0.797908
576.19, -17.0069, 2.11113
580.007, -16.7298, 2.71806
579.539, -17.3021, -0.985725
581.492, -16.6185, 1.85475
578.729, -17.3255, 0.871816
575.813, -18.8492, -0.555361
581.779, -16.5688, 1.22162
581.362, -16.7349, 1.37848
576.844, -18.4516, -0.68743
576.813, -18.2013, 1.22598
577.847, -17.1441, 1.11251
582.05, -15.6625, -0.146573
580.315, -16.6747, -1.07024
577.106, -17.8158, 1.18815
582.31, -15.4048, 1.70192
576.027, -17.9647, 0.89039
580.891, -16.6578, -2.68861
580.525, -16.0134, 3.11734
577.228, -17.1219, -2.77529
576.478, -17.9669, 1.76734
575.863, -17.5277, -0.842441
578.302, -17.4358, 2.05575
579.77, -16.2741, 2.55051
579.834, -16.9651, 0.832712
579.393, -16.7279, 1.60709
578.256, -17.0179, 0.474519
576.196, -17.7013, 1.25599
576.802, -17.7012, 2.03812
578.48, -16.8786, 0.742435
577.796, -17.22, -3.03361
579.322, -16.6878, -2.3119
577.881, -17.5528, -2.77639
575.786, -17.6035, 2.90256
575.887, -17.5593, -1.40558
577.683, -16.9741, 1.05477
577.632, -17.0959, -2.13226
576.719, -17.6296, 0.97795
576.797, -17.238, 1.67475
576.531, -17.7781, 1.02058
576.167, -18.4578, 1.54198
576.848, -17.6666, -1.89082
576.203, -18.6172, -1.19433
577.662, -24.4342, 0.848338
576.672, -19.5166, -0.367021
580.642, -30.5843, -1.4921
579.786, -31.304, 1.20243
581.069, -34.2783, -1.85863
578.774, -26.8566, 1.19031
578.666, -26.7423, 0.258957
580.222, -36.6238, 2.66892
578.442, -30.8947, -1.05598
579.294, -37.08, 2.73186
578.178, -30.4716, -3.03721
578.094, -30.4123, -1.51989
576.534, -23.9452, -0.0540587
578.601, -31.6534, -0.0972683
578.08, -27.5209, -0.525733
576.822, -24.819, -1.35514
575.72, -36.9721, 0.536648
572.132, -33.3224, 1.48751
568.878, -32.0377, -1.49409
564.486, -31.1279, 1.19732
583.588, -35.94, -1.33244
573.163, -10.1367, -0.948937
572.875, -10.6796, -0.456552
573.672, -13.0509, 1.49704
574.63, -12.9403, 2.67333
575.775, -15.2326, 1.97067
575.139, -7.01753, 2.3584
575.817, -12.7719, -2.51755
576.193, -7.68668, -2.59267
575.743, -12.8844, -1.31588
575.5, -6.9719, 1.07725
576.614, -14.5288, 0.273185
576.671, -11.2246, -1.02807
576.461, -4.56559, 3.09971
576.126, -11.5311, -1.65482
586.831, -16.8385, -2.33346
579.11, -17.317, -0.433003
576.094, -11.7448, -0.764024
582.625, -17.5347, 1.15095
585.775, -16.0772, -0.717791
580.929, -16.6001, -0.978264
582.198, -16.0902, -2.79784
588.61, -14.3603, 0.781724
579.765, -17.0045, -0.29383
580.786, -16.7666, -1.36907
583.431, -15.7343, -1.57948
585.019, -14.6339, -0.321717
579.901, -16.8309, -2.96732
587.12, -13.7998, -1.95841
588.767, -13.9503, -2.21566
588.275, -13.9244, 2.24311
587.159, -14.545, 1.92083
583.733, -15.6208, 2.95831
586.832, -13.7421, 0.137817
586.764, -13.7095, 0.118337
587.701, -14.0507, -0.698019
582.853, -15.4328, -2.45292
587.947, -13.7128, -1.56672
582.948, -15.8722, 0.341455
584.138, -15.1022, 2.59886
588.912, -13.579, 1.67056
586.792, -14.3859, -1.97409
587.868, -13.2891, -1.86071
586.423, -14.0178, -3.10067
584.464, -14.4777, -2.12598
587.98, -13.5994, -2.88475
587.34, -13.6558, 0.46712
587.44, -13.5843, 1.37221
584.432, -14.4469, -1.92241
584.357, -14.7762, 2.36354
586.765, -13.7571, 0.877511
588.144, -13.4988, 1.04333
585.867, -14.5399, -1.64645
585.719, -14.2745, 0.982073
586.933, -14.1424, -0.176502
588.092, -12.567, 2.23654
587.92, -14.0624, -1.54201
588.336, -12.9353, -1.11937
589.079, -10.4527, 1.27768
588.004, -12.1168, -1.71125
588.306, -11.1304, 2.58309
589.159, -10.9507, -1.99512
586.166, -8.27073, 0.792063
586.201, -6.05423, 0.0853293
586.326, -7.84989, -0.612783
583.455, 0.952895, -0.521255
588.659, -11.4858, 1.80598
589.784, -11.3559, 0.664568
584.723, -3.26085, -0.0306392
584.576, -3.53471, -2.18869
589.711, -11.2054, 1.53725
589.856, -10.7487, 1.97622
589.574, -10.4888, -2.4534
593.485, -9.20686, 2.14349
594.733, -8.7421, 2.72774
591.228, -10.2348, -1.85072
594.541, -7.13708, 2.64792
592.801, -7.5656, 2.66206
604.862, 31.2421, 1.13469
611.813, 67.7877, 2.33049
595.011, -4.35271, -0.630674
590.613, -8.51452, -1.99484
595.779, -4.65696, -0.833966
595.495, -5.03942, 0.478657
593.904, -7.18762, 2.05864
593.858, -5.32212, 1.72256
593.9, -5.93742, -0.296036
593.227, -6.63398, 2.68888
643.763, 41.6543, -0.822036
594.344, -6.61957, 1.48359
593.127, -6.74333, 0.574177
600.41, -11.6846, 1.177
598.306, -11.0177, -0.438343
597.406, -11.2765, 0.289892
599.307, -10.4993, 2.5224
654.931, -62.3609, 2.15536
597.865, -9.56691, 1.5895
654.208, -62.8254, 1.93365
600.287, -12.6799, -2.6277
653.903, -55.1004, 3.10632
640.036, -43.7143, -0.842215
657.173, -60.3331, -3.13899
652.251, -53.3164, 0.016132
653.344, -57.1089, -1.43037
639.59, -45.5751, -0.199074
626.409, -34.7524, -0.487863
653.551, -52.9101, -0.552676
642.001, -47.3117, 0.817656
656.626, -59.0628, 0.650936
652.675, -54.6528, -2.65613
638.57, -45.4781, -2.10498
630.893, -39.4494, -1.24971
597.895, -10.1626, -2.7801
639.739, -65.4081, -2.42965
599.779, -13.3547, 2.65792
600.455, -7.93869, 1.92774
600.312, -9.69283, -2.08384
600.475, -9.15964, 0.521561
600.516, -9.59517, 1.91468
599.904, -6.73125, 2.59817
599.678, -6.78159, -2.30188
601.115, -7.91994, 0.161072
600.188, -7.15759, -2.06318
599.487, -6.37627, -2.93909
599.31, -6.7617, -0.0747522
665.382, 6.12631, 1.18547
599.648, -7.18056, -2.20216
605.963, 63.1091, -0.00602131
600.277, 70.5277, 1.01373
609.334, 58.6719, -2.58615
603.337, 19.5766, 1.03439
603.407, 63.9669, 1.74037
635.165, 4.22435, 1.7274
664.292, 31.7866, 0.291768
600.841, -8.57912, 0.00937031
599.978, -8.69863, -2.82336
600.733, -10.6375, -2.46989
597.966, -11.7786, 0.36946
597.182, -12.2252, 1.36383
600.608, -10.1199, 1.63021
600.651, -9.87598, 0.915264
600.524, -8.85638, 1.65744
599.05, -9.60585, 2.5203
597.872, -10.621, -2.0986
597.664, -11.7625, 0.105659
599.096, -10.0914, 2.06945
642.483, -66.9749, -0.157837
599.034, -9.89916, -0.725966
620.427, -83.8833, -0.148866
596.665, -7.88178, 2.89202
618.539, -58.6727, 1.73669
594.631, -7.61459, 1.08746
599.263, -9.43315, -0.914554
595.882, -9.84707, 1.4385
598.477, -10.1417, -0.631844
599.029, -10.3696, 1.39476
596.777, -10.2775, 2.2597
599.062, -10.3128, 0.271357
598.39, -12.3666, -0.209858
597.458, -9.86532, 2.30843
597.766, -11.982, 1.36667
597.536, -12.4264, 3.00264
599.323, -12.9378, 0.100582
638.275, -79.6895, 2.1667
634.527, -73.6247, 2.01488
615.849, -33.9518, 2.744
612.075, -34.0033, 1.96256
631.241, -60.1376, 0.0398013
622.894, -46.7252, 1.78929
609.988, -28.4669, -2.74482
641.228, -74.0542, -2.93135
631.694, -58.8507, 1.70353
626.846, -50.6369, 3.0413
615.485, -33.3056, -2.94206
653.211, -62.3372, 0.514153
640.392, -51.5078, -0.0136638
656.084, -68.9681, -2.13523
624.539, -39.5425, 3.12551
650.696, -64.7195, 1.60267
626.027, -48.4737, -0.0468871
631.792, -66.136, 1.71892
654.219, 36.2594, 0.455754
629.375, 28.4236, 2.71864
603.142, -71.5875, -2.35235
601.376, -90.4017, -2.13561
602.932, -30.894, 0.710427
602.594, -14.8507, 0.0581412
653.754, -52.0113, 0.403306
658.854, -62.5037, 0.982423
603.112, -15.2401, -2.27448
616.64, -30.634, 2.97965
643.524, -64.2375, 2.01004
630.427, -75.3736, 1.42678
622.273, -63.1298, 0.361747
624.259, -67.1691, -2.8481
629.127, -74.4107, -2.91534
629.124, -70.7209, -0.858203
636.544, -69.7171, -1.50683
648.927, -78.444, -0.214763
598.955, -13.2001, -1.02875
598.647, -13.3314, 0.637581
598.688, -13.1573, 2.95188
599.065, -12.4918, -2.39106
601.616, -14.68, 1.71223
598.849, -13.3887, 1.94416
598.383, -13.4261, -0.420913
599.012, -13.5143, 2.0282
599, -13.7191, -0.746249
598.958, -14.0017, -2.85375
557.795, -20.0918, 2.70637
553.892, -21.3831, -2.07108
551.075, 45.3547, 2.84283
557.405, 45.5695, -0.274611
544.333, -61.0011, -1.48501
587.282, -17.1304, 3.10987
586.922, 49.531, -2.97346
583.887, -36.5088, -0.766293
575.849, -39.9015, -2.89228
566.49, -72.0358, -0.517016
611.113, 22.7587, 1.33961
631.854, 60.4928, -0.601207
597.92, -10.4134, 1.81809
598.426, -10.476, 1.11532
597.972, -10.8453, 1.45892
597.528, -9.51386, -0.822653
598.749, -10.5809, -1.96566
598.237, -11.6502, 1.32525
598.295, -11.9593, 2.70252
598.366, -14.2026, 0.728889
599.45, -10.1025, 0.997585
599.162, -12.1588, 2.356
599.93, -12.1982, -0.953818
599.586, -11.3115, 2.69771
599.216, -8.81439, 2.79721
599.409, -11.6838, 1.59892
599.708, -9.91719, 2.19046
598.158, -10.5765, 2.94474
598.211, -11.0268, 1.71705
599.068, -13.1003, 2.23558
598.976, -9.3383, 2.4371
597.764, -11.2223, 1.92872
599.102, -11.2574, 1.42372
598.816, -11.0356, -0.410101
599.438, -8.88355, -2.6415
597.92, -11.1544, -0.539116
599.414, -9.95284, -0.432629
598.502, -10.4312, -1.0773
598.431, -7.75969, -2.26576
598.158, -7.28177, 2.00869
598.714, -10.4991, 0.0681967
596.031, -4.61165, -2.13034
595.494, -3.8064, -2.84211
599.246, -9.73543, 2.14138
598.344, -8.54693, -1.66452
598.145, -8.81136, -0.563473
596.78, -5.04419, -3.06621
595.538, -3.35769, 2.80616
519.555, -8.16729, 0.485515
598.357, -7.58562, -0.375313
596.591, -3.56126, -0.47831
595.265, -2.55413, 2.64935
595.46, -3.9867, -0.49024
596, -2.88704, -2.60829
597.306, -5.91374, 1.2836
595.981, -3.11512, 0.968653
596.421, -2.76531, -1.52474
595.89, -3.5806, 0.793044
597.415, -4.11355, 1.31693
596.518, -5.69807, 1.08017
597.313, -3.01965, 2.41389
596.911, -2.62966, -0.48848
595.694, -3.46341, -0.0306565
595.634, -4.48581, -1.22759
598.13, -2.34386, 1.98576
595.639, -3.85041, 0.335038
596.302, -3.71402, 1.18176
601.535, -0.435554, -1.50264
665.338, 26.8551, 1.6605
648.999, 17.7987, -1.11342
661.169, 14.8997, 0.367523
672.223, 18.0454, 2.59994
659.421, 16.6939, 1.05403
656.085, -47.5669, -1.26233
669.632, 9.12664, -1.07774
663.152, -48.7547, 1.21778
622.94, -4.15224, 1.73798
667.394, -23.9532, -2.86814
669.683, 21.7435, -1.41933
598.416, 0.293903, -2.76526
566.43, 10.6675, -1.12884
631.112, 40.7773, 1.40943
529.523, 26.5289, -2.96824
564.672, 4.39179, 2.55372
630.005, 27.7167, 0.642298
654.077, -1.8169, 1.21724
677.13, -14.5959, -1.66734
653.029, -15.0621, 1.28457
634.228, 11.4158, -1.19702
657.166, 25.4275, 2.68423
615.811, 4.48164, -2.94703
667.65, 17.0168, 2.14383
654.037, 14.5622, 0.595182
655.378, 20.1533, 1.50641
652.329, 37.0519, 0.347364
636.137, 18.9068, -1.81049
647.085, 14.6461, 1.0218
648.052, 1.14087, -2.12092
587.196, -74.2563, -0.487212
587.808, -73.9219, -1.84541
597.245, -41.0221, -1.01076
612.039, -64.6317, 2.22467
598.561, -4.12781, -1.2306
598.659, -5.05599, -2.66161
598.665, -3.62286, 2.08832
641.321, -24.6779, -0.172993
634.091, -15.5192, 0.543112
602.351, -62.4405, -2.3502
601.164, -30.8298, -1.07495
596.503, -78.7201, 0.372758
593.416, -57.7788, 1.9034
563.211, 10.0173, 0.86611
628.157, -57.9579, -0.466119
601.804, -47.6254, -1.15999
612.921, -70.0192, -2.00893
521.534, -1.07371, 0.881047
598.015, -4.30922, 0.395704
595.258, -6.88127, -0.746228
549.501, -6.78856, 1.46833
595.094, -7.63017, 0.267283
544.594, -9.92638, 2.33721
521.554, 5.44266, 1.58806
524.216, -3.28017, -1.96934
569.305, -0.94534, 1.29201
557.605, -5.57578, 0.678811
597.142, -3.69607, 1.28429
665.093, -11.0784, 2.71409
660.228, -10.4867, 1.91293
671.595, -11.6564, -0.724108
597.411, -5.59683, -2.9043
659.807, -7.82447, 0.70669
633.972, -6.53915, -1.8259
595.766, -6.54998, -2.57524
671.476, -11.4589, -1.39772
598.632, -3.56323, 2.95209
638.9, -8.08234, 1.30256
658.083, -10.1637, 1.69824
644.379, -8.47609, -0.943837
644.124, -9.08382, -2.14688
655.242, -9.55061, 2.0986
672.555, -12.5866, 1.02328
643.944, -8.94003, 0.58181
595.552, -4.52789, -1.80452
675.493, -12.4185, -2.95188
649.175, -9.74837, 1.63975
672.495, -12.1883, 1.67303
644.905, -9.25772, 2.32739
644.742, -9.19912, -3.09239
663.961, -11.4582, -0.940546
639.391, -8.21049, -1.96305
669.75, -11.4996, -2.90105
597.938, -2.94088, 0.96816
674.721, -13.1965, -0.535608
649.304, -9.61871, -2.33018
667.241, -11.3951, -2.8882
597.465, -3.28079, -0.0676944
658.909, -10.2539, 2.56638
665.486, -10.9147, -1.82709
665.216, -11.247, -2.60627
672.51, -12.5277, 0.421181
597.081, -3.92101, 0.504113
598.163, -5.28172, 0.0806521
661.989, -11.0093, 0.803897
672.191, -11.5354, -0.0425091
663.184, -11.4651, -1.69932
668.17, -12.0051, -1.61581
653.209, -9.77661, 0.909868
672.24, -12.4151, -1.44987
597.281, -4.79039, 1.18547
632.207, -7.42306, 3.07781
639.804, -8.22588, 2.28009
598.847, -2.57733, -2.31341
598.139, -5.13159, -2.41506
675.849, -11.9448, 0.688019
597.715, -3.49769, -1.71026
649.521, -9.53254, -0.579034
664.367, -11.9504, -2.55078
597.266, -4.07218, -1.0144
671.522, -11.8333, -2.55023
660.651, -10.8826, 1.36619
660.546, -10.7573, 1.16848
662.126, -10.3217, -1.94715
652.586, -10.2829, 1.49881
656.123, -10.2056, -3.10005
675.236, -11.9998, 3.0936
654.447, -9.79588, -0.238471
596.625, -4.75674, 0.435916
676.786, -13.2706, -3.10848
665.182, -11.1568, -0.931489
595.63, -7.23931, -1.76634
662.536, -11.2542, 1.30106
664.224, -11.5307, 1.4142
665.248, -11.6762, 1.42063
651.055, -9.96668, 2.02346
