506.427, 26.796, -0.335829
538.873, -0.13749, 2.05861
548.47, 11.9711, -1.05225
526.892, -9.22886, -1.90761
554.025, 8.61223, -1.308
558.323, -3.96064, -0.675868
503.818, 16.2011, -1.82927
500.625, -16.5468, -2.18343
547.056, -3.02483, -0.999728
503.695, -12.8726, 0.613215
516.736, 14.6597, -0.986873
499.807, -4.12842, -2.80522
513.955, 27.0062, -0.01453
551.303, 5.25892, 0.101373
541.587, -9.56927, 2.8951
551.043, 10.7316, -2.86439
519.776, -10.2695, 1.76814
507.517, -12.9604, -1.37693
515.85, -1.82493, 2.4912
568.025, -1.29582, 1.97331
545.368, 7.46965, -1.61369
509.549, -19.5391, 1.57371
569.523, 1.9439, 2.12066
500.557, -18.066, 3.07963
546.263, 9.70621, -0.641165
512.893, -5.57332, -2.06224
508.226, 29.7809, -0.623566
539.53, -7.07426, -0.150703
507.738, 34.5759, 1.8061
503.85, 21.396, 0.898347
555.442, 0.292437, 1.77618
523.66, -2.54821, -0.59402
500.859, 16.7101, 1.97206
520.621, -13.8244, -2.83194
522.055, -6.15978, 1.9424
523.984, -0.093446, -1.40144
517.637, -11.3011, 2.26258
532.517, 12.2878, 1.36774
513.811, 15.6084, -1.74242
515.95, 15.9913, 3.13569
516.5, 1.66763, -1.11389
496.159, -6.71384, 3.02529
518.288, 17.925, 1.54481
502.06, -10.0195, -1.23546
509.602, 15.0166, 1.45127
550.045, -0.737742, -1.51741
530.525, 13.2011, -1.10062
514.323, -13.1883, 0.978602
530.426, 18.4251, -0.235295
514.23, 26.3744, -1.80941
547.184, 8.81913, -1.80737
561.487, -3.46711, 0.855005
511.315, 1.4836, -0.880709
534.346, -8.11298, 0.927861
516.364, 12.9892, 0.296993
544.985, 12.5402, -0.417333
521.568, 21.4538, -2.37638
503.494, -19.0891, 1.00085
497.193, -13.5715, 2.72978
507.458, -7.18763, 1.83652
511.634, -0.849789, -0.692162
547.44, -4.92911, -0.248976
518.062, -25.4432, 3.0318
576.625, -2.09521, -2.03082
604.293, 27.1374, -3.09007
624.407, 44.2244, 0.242903
623.929, 49.617, 2.99729
621.992, 46.291, -1.34026
631.893, 51.4139, -1.6941
623.492, 63.3871, -1.57029
610.918, 39.1979, -2.97583
588.157, 78.0484, -1.80148
623.052, 57.3056, -2.76541
629.744, 52.1611, 1.516
617.63, 41.6834, 2.7038
617.339, 43.7904, 1.59694
639.721, 35.8638, -2.02214
640.46, 47.5381, -2.21606
621.623, 26.8599, 1.44041
607.929, 15.4396, 2.90812
637.934, 35.8178, -0.908364
651.82, 31.3586, 1.53848
646.911, 15.4356, 2.37316
628.564, 4.29853, 2.44636
651.409, -8.79295, -0.249295
597.623, 80.5305, -0.251484
597.939, 76.8663, 0.985847
589.731, 77.5131, 2.58951
575.356, 4.54447, -2.15353
603.266, 58.9706, -1.24511
574.715, 5.92826, 1.02885
597.367, 77.5469, 0.374796
594.801, 62.2057, -1.74839
591.946, 53.7891, 0.028027
628.527, 36.3855, -2.99774
596.654, 13.2954, 1.40005
640.194, 26.8339, -3.04907
639.47, 55.6871, -1.10924
611.569, 38.1678, -1.39291
594.712, 42.1783, 1.13468
629.127, 61.8517, 1.02061
597.83, 64.5426, 2.12416
607.586, 47.9965, 2.90094
602.318, 52.8423, 2.45338
583.215, 85.0758, -0.328303
586.909, 28.0308, 0.041976
589.489, 33.1927, 1.25
588.484, 59.3597, -1.95246
603.25, 42.4365, -0.797507
574.077, 64.5422, -2.38691
581.823, 25.7643, -1.83321
594.103, 76.6224, 2.31516
629.721, -27.2926, 1.24171
620.176, -38.472, -0.070654
630.445, 17.0441, -2.24355
622.307, -46.6281, -1.51286
562.046, -73.7952, -2.22704
577.152, 4.02018, 0.384228
564.338, 34.1897, -0.64399
563.243, 31.2026, -2.15542
562.086, -28.5138, -0.730109
563.198, 35.5056, -0.379836
577.459, 29.1725, 0.488849
574.507, 17.6558, -1.66451
564.443, 73.2246, -0.636281
578.057, 76.055, 0.563257
581.194, 82.8127, 2.6658
593.741, 84.5348, -2.90334
597.781, 58.2358, 2.05761
612.862, 59.2859, -2.6711
608.401, 60.1536, 2.67886
630.16, 55.6801, -2.76755
534.34, 65.3147, 1.15066
607.077, 78.9183, 1.34827
606.001, 80.6755, 1.80481
596.002, 48.9993, 0.13571
645.819, 35.3118, -2.10881
638.564, 47.1441, 2.37004
595.536, 54.3784, -1.57835
551.675, -0.52595, -1.68284
529.009, -17.434, 1.63557
534.007, -54.7402, -0.370539
556.527, -46.0047, 3.04568
575.925, 8.02264, 1.89555
575.536, 6.07419, 0.51103
577.053, 6.73351, 2.37161
576.557, 7.54232, -0.163169
639.453, 54.3884, -2.09603
633.905, 51.8667, 1.9177
623.59, 43.9234, 2.01781
633.867, 59.3236, 2.03909
638.628, 51.7009, -1.47068
619.452, 26.0508, 3.09148
557.012, 51.9615, 0.000955
535.256, 63.7174, 0.228344
527.903, 70.404, 2.43012
542.122, 58.2231, -1.78957
546.944, 76.4524, 1.84034
613.196, -54.0829, -0.197819
613.35, -54.3588, -2.01745
617.109, -14.809, 0.022926
638.23, -25.1992, -0.771095
605.811, -10.6687, 0.995089
621.899, -20.5331, -1.41025
633.354, -31.4272, 1.62884
623.249, -41.6807, 2.94044
502.896, 22.235, -1.04369
583.212, -54.9626, 1.93416
512.659, -7.58072, 2.77469
533.463, 12.7541, -2.01518
525.113, -12.1453, -2.8181
503.413, 13.9282, 0.023972
503.927, 24.5907, 2.3621
524.798, 15.4302, -2.92307
550.397, 28.1407, -0.482415
555.386, 84.4736, 0.388535
553.112, 42.0275, -0.623966
569.797, 26.4368, -1.7107
565.053, 65.6951, -0.613664
573.578, 34.5885, 1.01951
579.519, 37.1343, -0.510449
528.357, 59.0275, 1.47149
532.114, 67.8435, 2.4659
542.068, 70.0832, -1.53567
535.465, 74.6944, 0.531747
569.907, 20.3526, 0.475184
572.24, 6.10271, -1.25722
561, -54.5131, -1.21278
565.359, -38.7417, -0.991098
571.75, -20.7339, 0.967107
530.985, 55.1466, -0.727043
572.742, 6.30288, -2.76771
573.015, 5.4393, 0.159977
532.376, 52.0202, 2.05177
572.449, 5.97617, 2.8994
572.018, 6.11466, 3.11567
571.936, 7.03815, 0.5835
572.42, 6.42555, 0.731749
538.925, 72.235, -2.53438
533.376, 65.8189, 2.57975
539.652, 17.2019, 2.83608
527.487, 51.4935, 0.474703
634.923, 12.6496, -0.335551
599.195, 7.74366, 0.439739
572.628, 6.47701, -0.734295
572.555, 6.42392, -1.62943
571.938, 7.61825, 0.982813
511.929, 15.6401, 1.30871
505.109, 6.97748, -1.07254
495.143, 5.53935, -0.591826
541.601, 6.01435, 0.113201
529.091, 5.61195, 2.24802
501.796, 3.18417, 0.319169
540.685, 5.56347, -2.9789
520.6, 6.67316, -2.08765
505.529, -17.0395, 1.26747
525.085, -3.95727, -2.24963
535.285, -2.33289, 2.20767
552.769, 3.11262, 2.46428
512.985, -1.00796, -0.252627
520.385, -0.09324, -3.12798
536.726, 1.58065, -0.059544
524.322, -3.53037, 1.5655
572.932, 6.05013, -2.45502
572.936, 5.89161, 2.33872
572.945, 5.72698, 1.73767
572.602, 6.62914, -0.768671
573.024, 6.06788, 2.10541
572.535, 5.85143, -0.533675
572.983, 6.31948, -0.343998
572.978, 6.01326, 0.196776
577.531, 4.04812, -1.26595
572.535, 5.51576, -1.58515
639.932, -16.579, -2.54208
627.25, 8.42785, 1.95924
639.927, 22.9879, -0.682965
598.289, 15.0742, 1.0997
621.417, 37.7923, 0.08593
645.72, 27.5353, 2.29871
589.572, 31.5588, 2.32253
634.352, 55.8715, -1.07785
640.728, 0.099581, -0.793283
635.896, 11.6599, 2.71466
638.922, 40.2549, 1.98054
635.375, 29.5119, -0.636039
649.72, 33.5292, 1.78788
627.774, 46.7431, -2.4965
635.021, 23.4626, -0.355721
609.164, 17.99, 2.40094
639.011, 38.2232, 2.28135
621.918, 16.4008, -1.1527
602.519, 11.1008, -1.01818
619.643, 13.8364, -2.22546
618.853, -30.1379, 1.62098
602.473, -27.4591, -1.36504
615.649, -44.9978, 2.48597
590.819, -21.0241, -1.06481
585.989, -52.5009, -0.258305
585.718, -33.6125, 0.108264
627.261, 41.3298, 1.80923
578.197, 4.60603, 1.01334
578.05, 2.46669, -2.68022
625.132, -60.6032, 1.75938
576.644, 2.96907, -2.24584
501.712, -21.7478, 2.57717
577.442, 3.33105, -2.88787
577.434, -1.31384, 3.11227
507.853, 2.85048, -2.03559
548.826, -26.3166, 2.05337
578.297, 2.54631, 1.33828
531.771, -35.3481, 0.094721
522.587, -29.3491, -1.17303
647.316, -7.32162, -1.2224
614.125, -55.4229, 1.35792
601.559, -36.7628, 0.377949
613.811, -53.6464, -1.75367
622.257, 16.245, -1.21613
620.405, -47.5946, 1.84044
604.201, -30.858, -2.23248
577.403, 0.616015, -1.71435
636.405, -50.6662, -1.72802
617.568, -46.6433, 1.16678
613.951, -35.0331, 0.446059
624.294, -33.8721, -0.20391
653.766, -25.8237, -0.774637
508.689, -35.5199, 0.102535
509.441, -30.8445, 1.97659
511.956, -24.638, 2.82966
501.597, -24.2906, 0.348539
531.586, -8.52809, 2.67464
527.612, 5.00525, 1.72387
542.069, -0.635615, -2.28371
498.755, 9.46352, 2.65356
577.86, -0.749357, 3.06509
578.758, -2.52688, -1.8204
626.97, -34.8666, 1.34698
577.022, -1.33583, -0.035483
641.853, -43.7009, -0.319999
633.338, -37.9262, -2.13561
577.765, -2.39657, -3.12049
576.946, -1.67292, 1.21067
576.425, -3.10745, -1.83105
576.898, -3.22588, -2.22946
576.65, -3.68431, 2.92888
575.801, -3.31479, 2.79285
577.141, -3.2465, 0.663318
576.142, -4.27901, -0.342206
576.56, -2.6449, 3.07826
576.675, -3.42524, 0.682578
575.887, -3.06507, 2.792
574.911, -2.97951, 2.8256
588.554, 45.5811, -2.1671
593.087, 73.3417, -2.02526
590.686, 55.6576, -1.18328
590.026, 57.2366, 1.25863
592.976, 57.934, 1.12714
574.176, -2.25092, 0.021074
588.106, 34.9614, -3.03836
584.39, 20.5515, 1.24453
573.853, -2.4874, 0.068645
572.889, -3.04612, 0.057934
519.992, -59.4666, -0.229187
562.623, -17.8498, -0.387272
518.996, -49.6892, 1.15223
523.84, -66.0993, -2.63712
576.539, -25.3983, 0.906869
572.755, -3.70405, -2.22679
572.593, -3.04415, 0.653555
572.642, -3.02663, -2.60053
626.501, -36.3346, 0.350144
644.801, -25.2096, -1.73533
649.655, -13.1157, 1.71782
568.848, -52.4022, -2.47947
569.946, -18.8898, 2.78403
547.336, -46.6729, -0.596682
544.852, -59.0924, 2.8073
540.747, -42.4116, -2.87891
531.624, -57.9514, 1.57719
607.919, -72.0396, 0.092821
604.162, -74.5885, -2.09293
602.706, -78.4207, 0.192963
630.354, 49.7632, 2.2033
614.939, 61.6961, -2.52731
614.777, 58.68, 1.34393
606.795, 44.9577, 2.8755
620.793, 61.9587, 2.80012
616.738, 58.2393, 2.73432
617.858, 56.6048, 1.79436
551.026, -12.5636, 0.458414
536.473, -21.8904, 2.58463
527.618, -35.1733, -3.02342
507.332, -30.8063, -0.079386
525.931, -27.0994, 0.508353
572.732, -2.90852, 1.0729
643.413, 35.8694, 1.26437
641.085, 13.5268, 2.40503
638.953, -13.0929, -1.93517
644.239, -5.96687, -2.82578
639.148, -5.40205, -1.89864
641.896, -19.2955, -1.1943
569.246, 36.2554, 2.98549
637.79, 25.5809, -0.759973
577.232, -1.11646, 2.77783
650.202, 24.6836, 2.12188
577.458, -81.5274, 2.17311
622.099, 23.006, -1.96591
576.35, -4.27989, -0.169495
625.287, 56.6524, -3.06653
608.383, 44.6434, -0.309323
576.634, -1.9935, 1.97773
604.257, 23.3619, -2.05864
596.808, 17.6474, 2.60172
576.393, -4.62841, -1.89688
629.383, 50.8638, -0.60607
577.906, -2.60226, 1.78531
579.161, -2.31636, 0.529471
578.429, -2.05933, -0.650212
579.307, -1.95957, -0.101596
578.594, -1.96981, 0.874824
576.557, -3.99825, 0.000495
576.506, -4.92385, -1.88077
576.779, -4.50371, 2.34231
576.835, -4.823, -1.70949
576.292, -4.45233, -2.6808
508.778, -31.9004, 3.01984
529.903, -13.271, -1.91657
573.571, -7.95743, -2.27642
574.89, -5.50513, -2.75103
573.033, -6.92677, 0.417875
574.413, -6.96553, 2.49724
573.955, -6.70443, -0.287354
573.083, -7.18073, 2.26573
573.389, -7.20378, -3.03191
573.364, -7.07328, 0.703349
574.03, -7.34712, -1.43655
575.62, -6.17507, -2.72697
572.723, -7.3721, -2.80605
572.553, -6.84672, 0.268068
572.96, -7.44201, -0.956114
573.447, -7.22939, 0.042632
574.035, -7.01056, 1.92836
570.053, -5.17507, 0.870224
561.64, 0.545363, 0.893576
564.364, -1.37148, 0.72428
559.699, 0.441684, 0.964082
560.109, 63.4545, -0.80028
572.237, 59.0188, 1.82978
569.116, -3.98416, 2.33954
561.623, -0.547603, -2.94118
568.08, -3.38208, 0.077771
566.906, -2.9965, -0.167377
571.007, -6.30424, -0.716752
561.245, -0.737996, 2.17715
569.016, -4.13208, 2.24334
558.978, -0.431995, 2.7577
561.111, -1.2164, 3.04669
567.2, -3.6026, -1.73148
570.083, -5.61547, 0.02555
569.059, -4.09294, 0.181874
563.567, -1.83643, 2.61993
566.718, -2.81909, 2.94311
561.458, -1.04324, 0.769371
566.893, -3.4634, 0.563511
563.348, -1.85125, -3.07673
565.136, -2.15015, 2.73424
567.444, -3.2445, 0.832966
562.906, -1.55664, 2.48263
564.338, -2.4771, -2.43387
560.889, -0.4802, 1.67902
565.465, -2.92038, 0.062085
563.45, -1.50229, -0.639696
561.964, -0.787499, 0.920789
561.611, -13.8375, 1.19929
559.76, 0.433071, -1.96648
566.047, -3.23538, 2.08714
561.781, -0.540493, 2.71224
566.668, -3.51645, 1.69213
567.111, -3.19569, 1.41455
560.139, -0.420023, 0.916755
566.229, -2.89409, -0.137619
560.174, -0.291624, 3.07076
561.438, -0.578516, -1.26421
560.97, 0.362021, -1.54991
563.223, -1.31562, -0.579493
560.779, 0.082847, -0.054698
563.942, -1.72296, -0.421944
562.009, -1.14131, -0.36673
563.082, -1.15886, -1.95438
561.378, -0.346803, 1.59612
561.779, -0.487583, -1.67518
561.434, -0.270405, 2.56759
560.753, 0.359391, -1.73847
563.892, -1.52966, 1.5067
561.026, 0.850693, -0.485436
561.865, -0.504306, 1.2328
560.667, -0.00402, -2.79226
559.934, -0.34416, -2.43748
559.978, -0.264082, -2.86932
563.311, -0.44608, -1.74402
562.971, -0.753507, -0.488316
561.293, 0.079613, -0.762987
560.81, 0.252877, 1.12705
560.985, -0.729019, -0.664527
560.782, 0.184107, 0.251336
560.276, 0.264513, 0.33029
560.621, 0.816479, 2.75397
560.427, -0.212636, 1.7691
559.967, 0.727713, -1.85018
559.613, 0.402316, 1.26262
559.597, 0.375899, -1.74748
559.779, 1.29334, -0.551403
560.12, 0.932658, 1.83438
548.091, 3.67007, -1.21536
559.634, 0.81626, -2.04837
553.538, -0.979844, -2.77153
559.913, 0.72299, -0.480685
552.844, -1.24884, -1.05165
554.322, -0.374214, 2.0225
553.33, -0.364901, 3.05483
559.71, 0.068698, 0.355266
567.294, -4.167, -1.95396
564.19, -1.46727, -0.211034
560.278, -0.082505, 2.54721
563.709, -1.93481, -1.4161
562.672, -1.30906, 2.2806
561.735, -0.580151, 1.93493
566.387, -5.39558, -2.26091
564.738, -4.15629, 1.38081
565.112, -4.13936, 1.0102
564.77, -3.43323, 2.78921
562.518, -1.8008, -0.304388
565.95, -5.02911, 3.07801
569.05, -8.27746, -0.544481
565.555, -4.83694, 2.07453
572.35, -11.3981, -1.058
562.983, -1.28466, -2.82608
563.535, -2.65245, -2.76864
567.623, -5.76349, 2.68714
564.845, -3.47098, -2.49801
569.601, -7.92596, -1.45404
567.559, -5.6496, -2.9894
571.38, -9.87991, -2.45573
571.866, -9.75461, -1.57391
567.734, -6.22277, 1.52554
573.207, -11.4977, -2.36963
573.863, -12.5275, 2.70966
565.205, -3.40943, -2.04886
570.521, -7.97357, 0.118387
572.689, -10.4926, -1.84063
566.648, -4.15925, -0.803994
574.094, -12.0986, 2.08213
572.915, -11.1565, -0.239228
571.822, -10.1684, 2.72616
566.698, -4.9959, 0.573696
567.021, -4.72289, 0.521076
570.33, -8.0298, -1.02068
570.077, -7.68202, 2.21277
569.871, -8.54033, -0.073894
571.932, -10.7173, 0.149269
570.144, -8.13557, -0.682351
571.997, -10.7154, -0.294667
566.008, -7.74372, 2.94313
569.833, -8.26536, -2.30374
562.729, -12.404, -2.24747
572.42, -9.01024, -1.27059
561.049, -14.4496, -0.070478
566.011, -8.45433, 1.38261
563.439, -10.8632, -2.69201
567.328, -6.95919, -0.210859
566.886, -7.02625, 0.674791
559.771, -16.1212, 2.62055
563.214, -11.4215, -2.14838
562.164, -12.7468, -2.4976
560.472, -13.8153, -2.48955
565.575, -9.01938, -0.240015
563.068, -11.7601, -1.83859
564.745, -9.73104, 2.41752
559.627, -15.3558, 3.03549
564.165, -11.0371, -2.12935
564.346, -9.95799, 0.543914
560.605, -14.2462, -0.279771
562.561, -12.3274, 2.66638
560.958, -14.1659, 2.4109
560.864, -13.2779, -0.438666
559.997, -14.6804, -3.04782
563.689, -10.7626, 2.35226
560.866, -14.5492, -0.797637
560.103, -14.0563, 0.992865
560.257, -13.7427, 1.58616
560.456, -14.4272, -0.486593
563.273, -11.2191, -0.102126
561.404, -13.2445, -1.91395
560.186, -14.7037, 2.59051
560.491, -12.9373, 2.34459
561.586, -13.7771, 3.08985
560.856, -13.5633, -0.147905
560.478, -13.1126, 1.47892
559.787, -11.9539, 3.11433
554.567, -12.6614, -2.56197
558.672, -12.2101, 0.264036
557.835, -13.3366, -0.081517
558.577, -14.0623, 3.00966
555.546, -12.4519, 2.68933
558.394, -13.199, 2.01771
556.838, -12.701, -1.56165
560.964, -11.3698, -2.00425
559.978, -13.1074, 2.88651
560.583, -14.7298, 1.2994
559.356, -13.5083, 3.00321
560.185, -11.8939, 1.52647
558.729, -12.6021, -1.19774
558.833, -13.7817, 0.185636
556.995, -13.2119, 1.73104
559.672, -15.6476, 2.90228
560.676, -12.6966, 2.56988
556.471, -12.6088, -1.43864
560.027, -14.9499, 2.02819
556.438, -12.6066, -2.22869
558.939, -13.8458, -0.163764
560.189, -15.4871, -0.369317
558.644, -14.2621, -0.972008
560.432, -15.9834, 1.01775
562.657, -18.9476, 2.60676
561.447, -17.0977, 1.78378
575.135, -31.851, 1.02268
574.906, -32.0522, -2.93333
570.075, -27.8318, 3.06829
567.305, -25.9068, 0.756639
561.863, -18.369, 2.43177
567.262, -25.5649, -3.01854
568.448, -27.314, 0.873623
576.553, -36.1131, 2.24352
576.368, -37.6787, 0.705061
575.659, -37.3094, 2.1717
563.523, -21.0436, -0.820178
571.528, -32.7119, 1.83092
566.857, -26.0228, -2.73235
569.883, -30.3908, 2.49776
573.298, -37.48, 1.84972
561.71, -18.523, -1.35811
561.769, -18.5744, 2.45378
574.483, -39.0934, 2.93017
565.969, -25.5196, 0.769206
573.602, -38.5653, -1.08419
570.742, -33.8345, 0.810771
564.612, -23.0229, 3.08017
571.645, -35.3259, 1.88921
563.636, -21.5933, -1.97736
564.339, -23.1083, -2.45687
570.211, -32.16, 2.072
568.806, -30.638, 1.1253
563.624, -20.7713, 0.506759
566.518, -26.8541, 1.30632
570.662, -33.519, -1.23944
565.51, -24.4415, 0.556151
564.308, -21.6799, 1.24023
567.259, -27.6705, -2.78364
563.415, -20.9041, 3.00259
573.925, -38.9818, 2.87866
571.829, -37.6261, 1.87809
566.167, -25.5793, 0.558126
567.979, -19.4519, -2.07662
568.902, -19.6504, -2.11441
565.383, -24.6289, 0.482013
566.186, -25.7639, -2.29202
572.762, -35.4641, 0.055524
571.746, -34.0253, 3.07181
574.443, -38.6952, -0.009371
572.856, -36.4057, 2.81746
574.627, -38.6209, 1.40128
566.711, -26.8142, -2.40789
565.892, -24.9271, 1.43896
574.637, -38.3365, -0.171999
565.388, -24.1657, 2.19553
574.637, -39.2592, -0.498945
573.049, -36.8865, 2.23043
566.505, -26.2111, 1.61633
566.627, -26.0175, 0.796301
569.638, -30.7696, -0.503519
569.082, -29.9906, -1.5468
568.06, -28.5468, -1.20101
571.608, -34.8899, -1.44293
570.628, -32.4033, 0.379093
566.747, -26.183, 1.21039
574.781, -38.5969, -1.906
570.996, -33.2506, -2.84906
571.856, -34.2877, 2.41972
571.907, -34.0734, -2.8593
574.057, -38.2038, 2.21517
573.528, -36.3143, -1.13379
572.507, -35.128, -0.012015
568.952, -29.7518, -2.97221
573.448, -35.9712, -0.213825
568.108, -28.4099, 1.94906
570.508, -31.3676, 0.362374
570.495, -31.6014, 0.819871
571.717, -33.465, 2.63116
575.367, -37.7479, 0.584839
569.313, -30.1537, 0.305336
572.682, -34.3574, 2.43338
572.065, -34.0222, 1.7293
573.857, -35.6632, -1.23046
575.714, -37.4028, 1.86486
572.57, -34.6398, -3.08086
573.834, -36.2062, -1.36031
574.59, -36.1121, 1.413
575.98, -38.962, 0.644342
572.141, -33.7366, -2.51067
574.057, -36.0636, -0.351331
574.5, -35.8213, 1.60414
574.312, -35.5037, 1.74301
571.172, -32.5691, -0.212386
573.299, -35.205, -1.46676
575.561, -38.0465, 1.24058
574.152, -35.7968, 1.56431
576.582, -34.0279, 2.43396
574.909, -36.4072, 0.288705
573.132, -33.2431, -1.58551
572.356, -32.9805, -1.74656
572.225, -33.6551, -3.04811
573.066, -34.4565, -2.90935
575.454, -35.9927, -1.70562
575.646, -37.504, 2.54526
574.906, -35.7025, 0.30346
573.257, -34.6553, -1.86523
575.413, -36.3683, 2.64162
575.473, -33.4014, 1.7867
576.498, -33.694, 0.204812
575.395, -33.7444, -0.034895
576.006, -36.8345, 0.703289
576.41, -36.1184, -2.97959
575.491, -37.1484, -1.19486
576.723, -37.6669, 1.11691
575.98, -33.0783, -0.702354
576.495, -35.0155, -0.003079
575.85, -29.2708, -0.903464
575.225, -35.2299, 0.667169
576.483, -32.1557, 2.76833
575.336, -33.4936, -1.69203
574.798, -31.1361, -1.97656
576.759, -29.2133, -1.91945
576.341, -30.6727, -1.64981
575.014, -32.2392, -0.793044
576.735, -30.0947, 2.25709
575.921, -29.7453, 2.84316
577.033, -31.2271, -1.55907
576.658, -31.9778, -0.81516
574.185, -31.5352, 1.85303
572.34, -31.6378, 1.5343
575.526, -31.1524, 1.15591
576.62, -29.7437, -1.30923
575.608, -32.1924, -1.88035
574.031, -31.9925, -1.08702
574.617, -30.9253, 1.38532
578.096, -28.8013, -1.75148
574.871, -30.6953, -1.66967
576.198, -31.6537, 1.16102
573.174, -31.3157, -2.5e-05
576.46, -32.0559, 2.11869
574.97, -30.1096, 0.531939
578.877, -29.0456, 2.9272
578.92, -29.1758, -0.535617
583.899, -27.7558, -2.87811
580.012, -28.7698, -1.76149
583.401, -27.7573, -2.12413
583.01, -27.4079, 1.85472
578.082, -28.866, -0.352863
584.313, -27.2997, 1.6595
585.491, -25.9778, -2.606
585.295, -26.2914, -2.78737
584.54, -27.4022, -0.875676
583.243, -26.2831, 2.35682
583.023, -27.6397, 1.18626
581.668, -26.5767, -1.54335
582.262, -28.5632, 1.87253
582.97, -29.4885, -0.32154
582.998, -26.9031, 0.90258
594.85, -34.3343, 1.78268
582.23, -29.0141, 0.337375
599.743, -37.18, -1.71211
582.873, -26.5435, 3.04103
604.418, -37.3862, -1.59658
598.035, -33.7644, 1.10956
582.616, -28.1058, 0.376161
589.754, -32.3359, 2.17949
599.04, -36.5204, 0.555337
583.963, -27.4323, 1.80378
582.285, -25.2703, 1.09712
581.658, -26.0628, 2.89177
640.673, -69.4622, -0.911953
587.324, -25.1991, -0.840784
583.448, -25.2938, -0.47713
585.336, -26.1236, -2.33456
585.086, -25.3337, -1.99259
585.822, -24.394, 1.71609
584.956, -25.0211, -2.0889
587.855, -24.0312, -0.961379
632.478, -61.9313, -2.35862
626.509, -61.5226, -2.30758
634.507, -75.792, -0.44461
625.196, -94.7118, -2.30556
586.872, -25.4474, 1.55048
586.461, -24.323, -2.50299
609.626, -92.1131, -0.229903
620.462, -80.9518, 0.37556
587.181, -25.4413, 0.190088
584.284, -94.3814, 0.593583
579.846, -98.2636, -1.69091
578.697, -95.565, -2.58948
612.35, -86.2752, -1.13638
571.606, -90.9062, -0.319323
577.501, -54.8878, -1.53166
585.397, -31.8412, 3.04711
591.25, -96.4138, 2.78936
595.791, -87.4604, -2.11444
589.997, -75.2558, 0.759902
574.651, -86.462, -2.16394
573.193, -68.4985, 2.46301
569.287, -77.329, -0.15301
557.959, -84.3306, -1.13997
550.524, -60.3831, 1.3128
547.802, -75.8967, -1.5006
557.354, -55.9261, -0.4169
589.08, -68.7611, -0.095039
605.412, -104.187, -1.35478
602.469, -103.093, 2.30659
592.575, -85.9605, -2.69279
554.758, -75.7332, 2.45621
582.002, -78.0523, 1.94009
580.101, -75.1616, 0.288164
575.488, -46.6993, -0.363426
556.575, -69.7201, 2.77831
547.053, -81.5964, 1.83395
570.904, -44.7939, -1.12275
537.017, -75.4675, -2.73274
549.95, -42.0777, -2.17799
528.115, -52.8117, 0.591284
587.616, -31.4126, -1.84203
587.051, -29.3292, 0.722522
590.398, -30.2926, -1.98429
585.379, -30.6297, 0.367207
535.383, -51.1021, -1.01731
601.967, -33.8467, 2.18225
606.751, -29.3302, -2.51841
596.851, -29.8088, -1.93125
596.145, -29.9743, 0.736145
590.874, -29.5342, -1.79871
604.162, -31.622, 1.90663
596.114, -31.0123, -1.65194
594.707, -30.8428, -0.899414
600.393, -31.6033, -2.66583
600.919, -31.1705, 1.18204
592.017, -29.7795, -0.26797
594.814, -30.6504, -1.35128
601.085, -30.8228, -0.799662
598.971, -31.5174, 0.541545
595.866, -30.3205, -0.353848
594.495, -31.4407, -2.9586
598.556, -30.4765, 2.76669
594.067, -32.2524, 2.58931
593.672, -30.8812, -0.13482
598.688, -29.9512, 0.490039
594.625, -30.8651, 3.05265
600.674, -29.4284, -2.8323
602.06, -28.8324, -0.34977
600.749, -28.9585, 0.494723
602.749, -28.8963, 0.903839
603.786, -29.7838, -2.0559
597.316, -30.1128, 0.394544
597.526, -29.7092, 0.384921
598.58, -30.54, -0.067925
596.34, -30.5855, 1.1616
602.384, -29.4372, 0.138844
604.64, -29.1338, 1.72779
600.395, -30.082, -2.34221
605.306, -29.5788, 2.86502
596.974, -30.1469, -1.40567
602.807, -29.3476, -1.65577
606.946, -28.845, 2.86876
603.098, -29.3242, -0.686164
605.614, -28.8653, 0.213389
604.165, -30.0409, 0.221668
601.225, -29.109, 0.729771
604.762, -29.2949, -1.01377
600.057, -29.8167, -3.13348
599.749, -29.5431, -0.086246
604.549, -28.8061, 2.299
602.868, -29.7793, 2.29582
604.951, -28.9985, -1.22011
604.739, -29.9011, 1.68632
655.405, 10.2586, -0.380868
654.84, 14.1748, -0.732591
661.876, 21.6967, 0.535533
627.741, 0.704314, 2.03969
652.655, 22.5593, -1.31195
651.784, 29.2936, -0.743792
646.931, 33.2675, -2.07493
625.035, 7.46644, -0.683899
616.117, 1.66698, 2.23802
627.592, 38.6762, -0.80907
625.383, 37.1912, -1.98052
606.585, -28.9468, 2.51729
604.532, -29.3445, 1.48211
605.643, -28.6574, -2.79814
603.99, -29.88, 0.641391
604.872, -28.9047, 0.682031
605.32, -29.5469, 2.12392
605.699, -29.7574, 2.84416
606.769, -29.4463, -2.23726
607.171, -28.4451, 0.801878
606.529, -28.4659, 1.38518
606.264, -29.1248, 1.60356
605.636, -29.7414, 0.502986
607.347, -29.1461, 1.36854
607.025, -29.2704, -2.36385
607.289, -28.9419, 2.05838
607.269, -29.2802, -2.64268
606.175, -28.7569, 2.80154
603.582, -28.6986, 2.415
598.427, -32.3336, 2.03201
594.654, -32.2659, -2.33109
598.391, -30.5418, -0.668679
593.454, -31.2611, 1.15677
589.566, -29.9914, -0.825872
586.121, -26.8556, 2.66318
583.79, -26.9584, 3.02874
585.635, -26.7891, 1.01929
589.903, -27.5359, -2.80344
583.697, -27.8884, 3.04584
557.566, 8.36439, 0.969152
553.594, 22.0614, -2.7808
567.065, 15.7712, 0.098104
563.075, 24.6006, 0.759607
576.072, 30.2315, -0.299702
594.96, -7.94526, -2.35664
594.055, 45.8085, 2.03951
595.446, 19.0819, -2.34044
599.905, -27.5685, 1.75211
593.625, -26.2868, -3.01454
600.264, -28.3737, -2.77016
601.122, -28.074, 0.743367
598.223, -27.1993, 0.526855
582.869, -24.4592, 2.38476
594.452, -27.6475, -1.22529
596.408, -27.2091, 1.92186
595.831, -27.8182, -0.692671
600.144, -27.6153, 0.489788
598.654, -28.0036, 1.37589
600.63, -28.1961, -1.92426
589.699, -25.8772, -2.66134
592.684, -26.3168, 2.01273
580.997, -23.4476, 2.07714
598.253, -28.0554, -2.08482
543.912, -26.3123, 3.0432
596.348, -27.8733, -1.92805
587.782, -24.4552, -0.503004
530.546, -27.5948, -0.778542
597.9, -27.775, -0.319657
594.218, -26.4529, 1.36976
595.359, -27.2942, -2.26519
591.488, -25.7604, 0.657448
582.444, -21.2783, -2.68801
584.482, -22.7989, 0.308478
586.617, -24.0064, -1.57759
594.354, -26.9139, -0.393519
595.167, -27.28, -3.09186
591.889, -25.1364, -0.647464
582.587, -20.7619, 1.05489
581.911, -20.5717, 1.79843
584.803, -22.6164, -1.01388
593.038, -25.4875, -1.07707
591.374, -25.6485, -2.47949
590.634, -25.0131, -0.582855
590.402, -25.3227, 0.475373
591.857, -25.5061, 0.950059
591.034, -25.0946, -2.73047
589.344, -23.6974, -1.6461
582.329, -20.9289, -2.16808
591.982, -25.1996, 0.045065
586.556, -23.1325, 1.69151
587.567, -23.8576, -0.594338
586.105, -24.058, -0.345494
584.374, -21.1472, -1.48575
529.869, -13.1269, -1.34552
581.387, -21.568, 1.36753
529.789, 25.3445, 1.88581
589.185, -24.8795, 1.40667
589.409, -24.928, 0.156794
586.496, -23.5199, -1.62107
589.514, -23.2151, -2.02189
586.429, -23.7215, 2.64085
580.413, 13.3905, 1.81426
581.423, 40.1384, -0.861241
556.792, 31.608, 2.28233
562.219, 26.526, 0.231525
586.724, -23.9799, -1.92352
586.77, -24.5691, -0.085479
586.085, -23.5374, 2.17706
584.776, -18.666, -0.535232
535.179, 8.28715, 1.5567
586.533, -23.3503, -1.66365
586.624, -23.5378, -2.83188
585.763, -21.8706, 2.86498
543.167, 6.18396, -0.677109
588.161, -19.4809, -1.34063
550.589, -1.96634, 1.74945
622.301, 12.2474, 0.602377
523.407, -0.103588, 2.80655
572.111, -21.6231, -1.20409
512.598, -27.0172, -0.74093
536.949, -23.1391, 1.85671
510.079, -35.1599, 1.24566
537.138, -2.74206, 0.64081
547.938, -22.6018, -2.29117
657.469, 1.29655, 1.88515
506.695, -40.0386, 2.25015
526.343, -35.7456, -2.48336
584.204, -20.9866, -1.41736
585.482, -18.9882, -0.140734
584.713, -21.0044, 3.13853
525.276, -64.9828, 1.18949
574.575, -64.0912, 2.25147
573.361, -73.0394, 1.69972
535.639, -86.6155, -0.139211
542.696, -82.0607, 2.35712
578.185, -38.2373, 2.66515
561.365, -99.0668, 0.660102
541.408, -45.6145, 1.23827
537.67, -80.0802, -1.32715
517.465, -68.9931, -2.28279
525.859, -75.7513, 2.58972
582.943, -20.282, -2.05241
583.325, -19.4423, -2.73472
581.196, -20.803, -2.59026
544.799, -63.3721, 2.53159
580.649, -21.339, -0.710665
574.781, -24.3928, 3.07607
577.84, -23.2834, 2.40873
578.051, -22.4956, -0.142493
578.034, -25.5184, 0.688664
578.757, -26.6882, 1.84559
578.727, -28.2082, -2.23783
576.718, -22.9874, -1.64309
577.05, -24.9506, 1.64311
576.65, -28.6985, 2.06311
575.955, -24.0862, 2.25075
577.747, -25.1361, -0.468889
619.474, -90.593, 0.062771
576.705, -63.2459, 0.094524
582.13, -88.6254, 2.87111
592.518, -64.2073, 2.66152
599.891, -97.8022, 2.67674
605.675, -56.3505, 1.98642
603.955, -49.4388, 1.80644
577.836, -23.1285, 1.44819
574.796, -23.5051, -2.67236
577.532, -24.3928, 2.98238
577.9, -23.0672, -2.85284
576.58, -27.473, 1.76486
576.632, -23.1367, 1.93071
575.497, -27.315, 0.522338
577.309, -22.969, -2.21157
579.204, -22.2803, 2.94591
576.165, -22.3777, 2.61286
576.872, -22.5358, -2.43816
574.692, -23.3968, -2.87918
575.75, -22.4735, 2.55146
577.413, -22.8684, 3.06394
575.1, -22.7523, -2.16227
574.274, -22.5731, 1.60489
575.593, -23.1756, 1.13159
572.305, -19.3559, 0.993387
570.349, -15.8246, 1.89832
571.319, -17.099, 2.76627
567.653, -11.8822, -1.11927
564.018, -4.86924, -1.39263
566.397, -11.5532, 0.761081
559.034, -2.91925, 2.0516
573.241, -21.7923, -2.43982
560.212, -3.97857, 2.88609
570.087, -17.5917, -1.0273
566.83, -12.3985, 1.41635
569.667, -17.3343, -2.1638
562.601, -7.00101, -0.256147
569.03, -15.8164, 2.22835
561.517, -5.10116, 1.37934
563.419, -7.1299, -1.43938
560.393, -3.33209, 0.429413
570.707, -17.9571, 2.50913
567.649, -13.7982, 1.55354
568.842, -15.2337, -2.75233
560.652, -3.32044, 0.922224
568.899, -15.3477, -1.73002
567.531, -13.7538, -0.086332
562.853, -6.80208, 0.945524
569.513, -17.2558, 2.79941
569.428, -17.0266, 0.297309
563.112, -7.01891, -2.05958
569.498, -17.2662, 2.46346
561.037, -2.13367, -2.43574
562.147, -4.03229, 0.396474
564.24, -5.42955, 3.03039
568.278, -13.0483, 2.61253
568.352, -17.4594, -0.577732
567.806, -18.2457, -0.167827
567.19, -18.9706, -1.81703
567.513, -18.5638, -1.71039
567.152, -18.4528, 0.184695
567.354, -18.3187, -1.85249
567.068, -18.8904, 0.653634
567.817, -18.7718, 1.01069
567.149, -18.8646, 0.800837
563.68, -18.9289, -1.3455
565.319, -18.6627, -0.298871
563.429, -19.1709, -1.87284
562.274, -19.0635, 1.2383
561.896, -19.5859, 2.3152
563.857, -18.9457, -2.01948
562.17, -18.7442, 1.49466
563.64, -18.9538, -1.38053
564.661, -18.6854, -0.629552
562.557, -20.1828, -2.28785
562.238, -18.2522, -2.09823
561.485, -17.727, -1.60084
563.043, -19.9466, 2.85
562.774, -20.8169, -1.98746
560.773, -16.5802, -2.26345
562.198, -20.7104, -0.693051
562.403, -21.1103, 0.220802
610.937, -73.9619, -0.327511
562.548, -20.8136, -2.97449
562.251, -19.8637, 2.84944
562.903, -19.9975, -2.59845
563.364, -20.6084, 2.29137
562.195, -19.1598, -1.71363
562.864, -20.3661, 2.92016
562.235, -20.2354, -2.74372
562.465, -12.2149, -0.996058
562.695, -16.5193, -1.83345
562.048, -13.6755, -2.3872
561.37, -12.1293, 1.02357
562.111, -12.7447, 1.65314
564.563, -19.0108, -1.50302
562.577, -17.7006, 1.20964
562.167, -18.8614, -1.76743
562.195, -14.7787, -0.3834
561.175, -11.2394, 3.1306
561.832, -14.9775, -2.2238
560.72, -10.3076, 2.30398
560.822, -9.06806, -0.910954
560.532, -11.3653, -1.32727
559.957, -9.63953, -1.80284
561.29, -12.8994, 2.02818
561.738, -12.7658, 0.418513
561.533, -15.1108, -1.29238
560.821, -12.7886, -0.608027
557.05, -16.1524, 2.79154
555.181, -16.4363, 2.13994
560.219, -16.0216, -0.27336
554.692, -16.0963, 0.199081
557.296, -17.1146, -2.86518
561.079, -9.6031, 1.71997
560.302, -16.379, -0.64569
556.465, -15.7383, 2.60597
559.4, -16.1009, -2.75592
517.393, -76.8502, -0.824734
536.849, -53.4725, 0.18866
558.95, -16.214, -1.05744
559.074, -15.9917, 1.07226
559.031, -16.323, 0.738622
557.535, -15.4675, 0.579722
557.317, -16.2434, 2.99741
557.021, -13.6779, 1.82638
554.704, -15.2116, -0.012457
557.487, -16.0213, 1.89415
554.66, -15.4958, -0.41724
556.401, -15.5462, -2.38457
555.963, -15.5932, -1.49304
555.858, -15.5727, 1.06707
557.212, -13.663, -0.000878
555.622, -14.8008, -2.11285
555.927, -15.9365, -2.03403
554.968, -15.1961, 0.706243
556.21, -16.0824, 1.9273
555.229, -15.6135, 2.12846
555.978, -15.3509, -0.710146
555.229, -15.1342, -0.575576
556.021, -16.0183, 1.13669
516.525, -81.1383, -0.932626
555.557, -15.4042, 3.00249
555.75, -15.9589, -0.800608
567.19, 32.8298, 2.37505
578.854, 61.6368, -0.492009
581.278, 60.5883, 0.6295
555.123, -15.478, 1.84766
555.797, -14.4377, 1.00312
555.943, -15.2741, 1.35511
557.344, -16.3074, 2.13909
558.927, -17.4311, -1.78299
575.395, 35.2352, -2.603
560.198, -17.2581, -3.0329
562.385, -17.8687, -1.53344
561.133, -17.2563, -1.54254
557.676, -15.95, 2.62638
560.398, -16.6027, 3.1029
561.455, -15.6328, 0.36252
559.987, -15.602, -1.72655
559.046, -15.5112, 0.070389
562.951, -14.803, -0.150045
557.352, -15.2484, 0.473192
561.344, -16.3093, 2.04013
561.324, -15.8241, -0.574199
562.063, -16.5229, -1.31104
561.049, -16.2793, 2.77829
560.557, -16.1842, 1.24901
561.291, -16.6619, -1.29079
562.013, -16.2917, -2.57064
557.588, -13.1178, 0.94291
558.007, -15.2063, 0.486021
557.866, -14.5756, 1.02303
557.734, -13.1786, -0.535371
557.999, -13.2748, -2.59148
557.939, -12.991, -2.21913
557.852, -13.023, 1.45657
557.86, -11.656, 2.91884
557.842, -11.3129, 1.7285
557.809, -11.8009, -0.753072
487.991, 28.59, -0.039216
524.335, -2.51995, 2.66768
498.887, 3.64547, -1.58237
478.97, -10.71, 0.739555
557.694, -11.5457, 0.4268
562.063, -10.1919, -1.1916
562.612, -10.9493, 1.91664
611.314, -56.114, 2.16827
561.94, -10.6778, -2.95515
564.14, -10.7832, -1.46392
562.756, -11.0322, 2.38279
562.819, -10.3289, 2.3324
559.572, -11.0917, 2.62804
562.018, -10.398, 3.11522
562.752, -9.89588, -1.748
563.631, -9.98523, -2.85138
563.492, -11.0913, 0.144141
560.91, -10.7645, 1.4918
562.823, -10.4661, -2.61797
562.324, -10.5481, -1.24171
563.687, -12.1135, -1.14541
562.513, -11.0955, -1.57174
563.721, -14.9375, 0.240074
563.806, -11.6121, 2.46245
525.606, -70.8292, -1.30022
522.874, -65.358, -2.24652
528.19, -67.1147, -2.36494
541.891, -31.5605, -2.28871
564.409, -21.5912, -0.284333
563.591, -13.5596, 2.74186
564.478, -18.5279, -3.13216
564.462, -15.8949, -2.56898
564.376, -17.3812, 2.84799
564.246, -18.6087, -2.96156
564.611, -18.9681, -1.09242
563.088, -13.5791, -1.50332
564.758, -20.8784, 3.0187
563.662, -13.6004, -3.04467
507.772, -46.1166, 2.17932
563.463, -16.3268, 0.564373
563.826, -13.7844, -0.196533
564.465, -15.0278, -3.09701
562.92, -16.4985, 1.03245
564.271, -19.0751, 0.179325
564.719, -16.4668, -1.80892
561.215, -16.8329, 1.10777
562.73, -15.7234, 1.98995
566.06, -19.5625, -2.79171
545.483, -47.0306, -0.465866
564.457, -17.4348, -2.73116
566.054, -19.9941, -0.972291
565.483, -19.8275, -2.36324
564.445, -19.4007, 0.233994
564.061, -16.2782, 2.95608
561.456, -11.62, 1.39899
561.714, -12.1594, -3.05936
630.577, 31.2512, 1.522
642.873, 7.22811, 2.91098
569.565, -14.4909, -2.9557
563.894, -10.795, -2.89763
564.632, -14.678, 0.702003
563.595, -9.65117, 2.14666
594.066, 30.5459, -1.44673
618.52, 31.4312, 1.89597
624.33, 5.41682, 3.06501
629.318, 2.94641, -2.52346
564.727, -9.66761, 1.61921
563.3, -8.96607, 2.29248
564.804, -11.1814, 1.92741
564.502, -13.072, 2.51448
564.029, -12.4925, 0.406059
564.695, -9.68683, 2.03019
517.547, 32.5766, 1.85186
532.684, 15.643, 2.14216
506.22, 32.9257, -1.23622
535.566, 6.62919, -2.9728
492.608, 23.89, 2.18431
505.058, 6.37707, 1.76653
516.402, -6.68601, 1.65636
498.904, -28.9602, -2.70522
537.909, -17.7638, 2.8382
485.487, -32.687, -1.57185
563.416, -4.18679, 1.85157
563.653, -4.36097, 2.88672
563.508, -2.49017, 0.316609
562.696, -9.53508, 0.216107
563.91, -3.84616, -0.217481
562.934, -4.59913, 0.995998
588.43, 36.1686, 0.512493
606.101, 58.2819, -0.246224
602.82, 37.4667, -3.00259
615.782, 33.4688, 2.36198
623.869, 39.9478, 1.48922
632.201, 33.4711, -1.72549
624.582, 9.12692, -0.764231
562.963, -3.8987, 3.00226
562.689, -3.80233, 1.81465
563.179, -2.97001, 0.325956
510.977, 13.003, -2.46928
495.723, 9.94718, 0.333956
562.867, -4.69295, 2.47223
495.668, 3.22546, 2.58235
562.941, -4.24647, -1.3231
562.45, -3.88034, 1.77284
563.409, -1.67751, 2.04388
563.841, -0.872573, -2.16523
562.566, -3.41201, -2.20078
562.29, -3.58167, -1.74677
562.944, -2.3387, 0.808283
564.868, 0.468448, 0.124416
562.366, -2.86701, -0.015174
564.599, 0.066697, -2.40767
504.313, 34.4388, -3.08834
566.299, 1.4816, 0.522747
564.102, 0.233051, -0.486318
565.714, 33.8212, 1.29515
533.78, 73.6766, -0.66784
544.516, 27.6834, -0.007516
504.985, 29.291, -2.1045
519.393, 34.4115, -2.91528
525.4, 69.1574, 0.725147
539.954, 39.2999, -3.0063
541.883, 28.9751, 0.268967
532.535, 37.9544, 1.58254
507.28, 56.8654, -0.650888
564.696, 0.244654, 2.94776
565.987, 0.333351, 2.18743
570.374, 1.34216, 0.896893
568.04, 1.69333, -0.400601
567.281, 1.97652, -0.017519
566.013, 0.271206, -2.47532
567.1, 0.343411, 2.44886
565.733, 0.430328, 0.331014
566.22, 0.72713, -1.16656
573.447, 1.92434, -2.48166
568.608, 1.25734, 2.14507
571.639, 1.31704, -1.96897
523.661, 57.882, -2.93288
570.927, 1.10765, -1.40991
563.755, 3.89702, -2.02341
562.316, 3.84844, 1.88793
562.545, 3.22596, 1.91542
564.337, 3.94495, -0.906503
565.274, 2.8918, -2.85021
562.405, 3.81409, 1.80092
564.067, 3.80805, 3.1369
562.709, 3.81559, 2.50598
562.315, 3.83453, -1.71897
564.922, 3.53701, 1.04143
562.156, 4.46397, 1.90372
564.293, 4.0449, -1.04134
562.818, 3.76067, 1.62932
563.779, 3.6096, -2.9333
563.207, 3.84281, -1.7938
523.154, 70.7216, -2.42463
562.838, 4.81436, -1.17335
562.759, 2.96289, -2.36971
559.564, 5.28036, 1.73314
549.838, 14.1441, -1.30052
562.874, 2.85763, -0.356169
499.124, -29.3807, 2.90703
486.482, -23.6392, -2.47013
567.268, 0.077568, 2.86024
551.765, 1.58848, 1.88857
564.012, 2.87165, -1.9519
568.617, 0.185899, 1.69278
564.89, 3.03452, -2.41425
564.66, 3.56671, 1.52538
564.184, 2.41786, 0.556066
566.646, 1.05747, 2.64135
569.621, -0.562024, 2.02362
568.285, -0.877723, -2.45844
581.479, -57.2629, -0.808153
563.517, -23.1942, 1.23318
550.644, -71.8851, 2.34821
540.052, -57.0499, 2.77603
565.507, 0.115289, 2.36772
568.031, -0.468505, -0.978935
568.209, -0.524771, -0.139011
565.873, 0.029137, 2.47306
569.49, -0.426204, -0.739635
567.282, -0.242317, 2.90586
570.244, -0.179374, -0.954369
567.154, -0.033297, 0.142261
568.05, 0.578596, 2.83523
567.97, -0.245951, 2.39434
567.91, 0.08606, -0.697504
566.954, 0.117673, 2.2422
567.321, 0.219405, 0.211304
569.074, -0.112853, 0.143932
571.133, -0.607501, 2.31737
572.814, -0.762287, 1.28156
568.59, 0.243492, -2.0485
567.605, 0.420933, 0.090519
568.337, -0.038888, -1.84567
571.417, -0.354321, 2.39545
571.808, -0.106264, -1.07979
569.893, 0.080794, -2.00217
570.748, -0.483197, -0.431847
569.545, -0.3319, -3.01976
572.442, -0.165628, 1.46219
568.906, -0.025771, 1.01757
572.086, -0.551143, -2.24217
568.977, -0.195407, 1.05853
573.676, -0.497088, -1.69421
571.058, -0.160803, 0.101802
572.668, -0.702942, -1.64112
570.733, 0.047148, 0.39823
572.365, -0.282295, -0.273506
570.068, 0.26477, -0.182832
570.773, -0.21261, -2.92641
572.217, -0.299849, 1.36791
572.781, -0.712772, 0.058066
571.287, -0.318747, -0.339696
572.969, -0.707105, 1.93285
576.592, -4.68497, -2.03574
572.639, -1.02489, 0.321046
573.103, -0.947276, -2.54412
573.57, -0.254742, 0.021362
576.249, -5.08821, 2.23736
572.831, -0.578833, -1.13274
572.082, -0.469634, 1.33784
574.786, -4.88032, -1.40526
574.57, -5.58818, 1.31377
573.839, -3.46722, -0.587461
576.221, -5.11009, -0.803222
573.435, -6.67139, 0.624585
576.326, -4.97118, -1.68914
574.135, -3.0668, -2.57121
574.869, -4.47476, 0.013524
574.249, -5.74077, -1.46438
573.569, -9.84851, 0.783715
573.348, -8.56952, 1.13672
573.322, -33.5944, -2.24982
574.109, -3.53658, 1.09035
577.329, -5.53349, -0.905669
573.897, -11.7353, -0.434356
574.895, -4.03776, -3.09544
577.542, -33.8586, 1.88564
574.354, -15.5887, -0.768465
573.001, -27.864, 2.08712
574.825, -3.39204, -0.834381
574.272, -3.42089, -0.245589
575.376, -4.32272, -1.13613
573.662, -8.71657, -1.92283
574.343, -3.01732, 2.26121
575.761, -4.18908, 0.730861
573.876, -4.62405, -2.94416
577.266, -3.82567, 1.87643
577.823, -6.32368, 1.86685
574.908, -3.52162, 2.57733
574.704, -3.35351, -1.07052
578.17, -3.83665, 0.154958
575.329, -3.81871, 0.185129
576.48, -6.28009, -1.09541
576.991, -3.84013, -0.100447
578.19, -6.5214, 1.02726
576.446, -5.64354, -0.177345
577.217, -6.05602, 2.33749
575.95, -5.70962, 0.343079
576.773, -6.08192, -1.34929
645.248, 24.9759, 2.28142
576.611, -5.84715, -3.0963
577.037, -4.99402, 2.0717
576.523, -6.14585, 3.13049
577.124, -5.77233, 1.96672
577.446, -5.66054, -2.39638
582.853, -5.14797, 2.81883
586.247, -4.96077, -0.76643
583.312, -5.71148, -2.4147
579.945, -5.6703, 1.93227
584.231, -5.32578, 1.98488
579.726, -5.53606, -1.73199
580.72, -6.06067, -1.46951
580.393, -5.83791, -2.45555
582.055, -6.15593, 0.537995
584.012, -6.46144, -1.23434
585.358, -5.98635, 1.95473
580.204, -5.99221, -2.87516
586.721, -6.43766, -2.94916
580.17, -5.60267, -0.277283
583.406, -5.56571, -1.66301
581.931, -5.45906, -1.25368
585.741, -5.87745, 1.83075
581.495, -5.99158, -1.776
581.969, -5.78139, -2.21288
585.54, -5.16391, -2.74716
583.68, -5.63836, 0.017176
585.717, -5.76684, 2.97616
583.73, -5.99203, -2.12517
584.295, -6.03308, 1.08847
585.308, -5.658, 1.20005
585.152, -5.52787, -1.12971
585.34, -5.89564, 0.519429
584.427, -5.9545, 2.63412
586.462, -6.23351, 1.83538
585.105, -5.84697, -1.69085
585.629, -5.83434, -0.699949
586.16, -6.31205, -0.055694
586.587, -6.83007, 0.042261
586.842, -8.22368, -1.93325
587.071, -9.52937, -0.70205
586.108, -6.75327, -0.142601
585.908, -12.2314, -2.84661
585.825, -11.0467, -1.01414
586.515, -6.89485, 2.08596
586.271, -6.89598, 1.9118
587.316, -12.5602, 0.611967
587.344, -9.99383, 0.103209
586.962, -7.53829, -1.31313
587.01, -9.17516, 1.17705
587.355, -10.3336, -2.57917
586.562, -8.45329, 0.247331
587.61, -12.8879, -0.993002
587.304, -10.1473, -1.81473
586.748, -9.52419, -2.16404
587.442, -11.1532, 1.63194
588.41, -11.7146, -2.15095
587.33, -10.797, -2.45184
587.83, -11.033, -2.91066
588.856, -11.5861, 1.63268
590.164, -11.3219, 1.52825
587.73, -10.5988, 2.15729
588.004, -11.8653, 0.608143
588.188, -12.9101, -1.96125
587.978, -12.9966, -2.58707
587.596, -12.4557, 0.931878
588.395, -13.7308, -2.48197
587.461, -14.0338, 1.36984
587.531, -13.1015, -1.33133
580.732, -14.6465, 2.47748
576.571, -15.3884, 0.661734
585.001, -13.893, 2.09842
581.139, -15.6031, -1.71242
579.836, -15.9649, -0.416536
577.237, -16.8905, -1.20253
584.235, -15.0209, -0.281408
577.42, -17.7124, 0.893977
581.889, -15.706, 1.4999
579.997, -16.6438, -1.10937
577.788, -17.6585, -0.892831
580.329, -16.6129, 1.42016
581.258, -16.2676, -1.29858
575.939, -18.5269, 2.41715
576.639, -18.1525, 1.4819
580.664, -16.184, -2.54316
583.533, -15.5856, 2.92893
578.079, -17.2133, 3.0154
582.834, -15.646, -0.474293
576.77, -17.7244, 2.37008
576.46, -17.7367, -2.86132
575.783, -18.3259, 1.59511
581.509, -16.2612, 0.86965
578.168, -17.4684, 2.17058
577.993, -17.4763, 1.12728
578.319, -16.8231, -1.21296
577.809, -17.5394, -2.17483
577.295, -17.6741, -1.70504
579.975, -16.4563, -0.947037
579.033, -16.8914, 2.26982
577.851, -17.5036, 0.657713
577.187, -17.4413, -1.90002
579.834, -16.2497, 0.382807
577.585, -16.9177, -1.08375
579.23, -16.3893, 0.601569
575.809, -17.7887, -2.25025
577.87, -17.2561, 1.27769
577.243, -17.1388, 0.855267
577.887, -17.0527, 1.66829
576.598, -17.8788, 2.54571
575.821, -18.063, -0.553941
577.085, -17.4895, 1.50614
576.517, -17.8697, -0.546781
575.941, -17.9667, -2.4383
576.404, -17.895, -1.9351
575.887, -17.067, -0.672301
575.711, -17.6141, -3.0551
577.523, -24.3715, 1.7786
580.055, -30.7323, -2.44277
577.963, -24.4777, -0.396469
580.875, -33.5746, 1.91382
579.823, -29.3856, 2.85524
577.506, -23.7866, 1.63971
578.554, -26.3445, 1.95464
576.493, -20.8625, -2.94737
576.252, -19.1824, -0.20461
578.746, -34.5747, -1.84696
577.903, -28.424, 0.239899
578.587, -30.8281, -1.03686
576.828, -24.3503, 0.586336
579.422, -37.2655, 3.02882
578.588, -30.6694, -0.645705
578.194, -34.9535, 1.79762
576.121, -29.0142, 0.545429
572.369, -34.7939, -2.75269
573.731, -23.4147, -2.56681
572.118, -23.3269, -2.69377
582.019, -34.4727, 0.592376
571.586, -5.79211, 0.211531
574.995, -16.7896, 1.88148
575.699, -17.167, 1.92616
574.098, -8.81157, 0.495486
575.346, -14.7511, -1.99071
576.462, -17.7185, 2.4895
575.858, -12.8986, 1.79536
575.529, -8.19054, -0.898967
576.222, -12.8481, 0.129747
575.777, -8.2522, 0.187802
576.332, -8.97524, -2.14145
576.248, -13.1824, -0.747268
576.45, -16.8354, 2.7289
577.377, -17.6462, 1.10234
575.456, -10.4126, -0.419517
575.071, -10.3675, -0.306041
576.221, -5.52964, 1.42507
575.401, -8.53402, 2.59312
577.244, -17.6217, -1.13899
586.32, -15.6876, -0.021906
586.013, -15.0169, 1.35555
583.657, -15.8459, 0.962256
580.728, -16.4765, -2.93637
579.184, -16.9687, -2.11187
589.14, -13.7853, -0.398178
584.336, -14.9766, -1.36204
584.918, -15.1291, 1.29219
584.501, -15.0716, -1.05374
586.537, -14.0499, 0.035353
587.14, -13.939, -0.091664
585.761, -14.7088, 0.593122
586.691, -14.2296, -0.565121
582.443, -15.4585, 2.96018
588.463, -13.8215, 1.0292
584.806, -15.0798, 2.39292
586.291, -14.2813, -0.866927
587.802, -14.0214, 2.51862
588.411, -13.7538, 2.97825
585.793, -14.6925, -0.917805
586.525, -14.2831, -1.30764
584.89, -15.0991, 1.73427
586.489, -14.1373, 2.27683
588.631, -13.8377, 1.63215
585.254, -14.742, -0.758168
586.879, -14.2084, 0.531494
587.224, -14.1565, -0.151147
586.898, -13.9236, -1.38074
588.022, -13.8853, 2.78221
584.966, -14.6565, -0.394628
588.009, -13.5963, 1.16237
585.209, -14.3643, -0.165844
585.601, -14.6076, 3.00368
586.88, -14.1425, 1.48042
587.558, -14.0499, -1.42591
588.443, -12.6078, -2.685
586.544, -13.8095, 0.229609
587.244, -13.3844, 0.092549
588.11, -11.8707, 1.46586
587.757, -13.4621, -2.00827
587.879, -11.0693, -2.6718
586.963, -8.72858, 1.66114
585.321, -3.86455, 1.52095
586.985, -9.92606, -0.393841
594.967, -8.69493, -1.72903
587.112, -8.45077, 2.30826
584.694, -2.1098, -1.41517
595.223, -9.15912, 1.60218
581.203, 3.07054, -3.08315
589.401, -10.6237, 1.09788
589.262, -10.4544, 0.316138
589.544, -10.7629, 0.208891
589.509, -10.8733, -1.04366
589.756, -10.5295, -1.24998
590.222, -10.9092, 2.33585
593.959, -8.29149, 2.45395
594.838, -7.04345, 2.06554
594.251, -6.898, -0.060592
607.222, 38.6584, -0.205606
594.821, -7.09745, -0.723233
593.884, -8.16294, 2.58832
590.954, -8.4531, -0.754232
591.298, -9.42421, -0.423489
594.083, -8.13289, 0.380915
591.699, -8.61862, 0.13127
593.716, -5.27225, -0.769852
592.769, -6.16229, -0.477246
593.794, -6.33787, -2.32265
593.927, -6.93461, -0.878076
592.352, -6.69746, -2.59628
595.998, -9.24174, -0.195491
598.112, -10.7623, 0.376089
594.517, -5.93814, 1.50739
600.285, -11.2625, 0.793472
597.306, -10.7827, -3.13147
653.586, -60.9819, 2.77792
640.254, -49.5552, 2.5095
595.432, -9.48142, -0.661438
599.295, -11.1973, -1.5699
598.412, -10.5791, 0.051261
637.328, -42.4577, -0.400459
600.148, -13.5582, 0.323505
641.868, -46.3053, -1.12657
599.94, -11.531, -1.94783
655.875, -59.1332, -3.02673
645.826, -49.5715, 0.824034
659.282, -56.8288, 0.409024
647.408, -51.7087, -2.95985
619.776, -29.1161, 1.00812
648.81, -52.9965, 3.01642
621.151, -30.8433, 1.84252
600.292, -8.77009, -0.486787
597.798, -10.2794, 2.09322
600.786, -8.57253, 0.527032
600.598, -7.58377, -1.03759
598.647, -9.74884, 2.58203
600.076, -8.94587, -3.0665
599.219, -9.81001, 2.36782
600.42, -8.13622, 2.55317
600.658, -7.81178, 1.14979
599.468, -7.00719, 0.522765
600.554, -6.91964, 1.33295
599.458, -7.14788, 2.01189
599.748, -7.28369, 2.26474
600.353, -7.47571, -0.59033
670.089, 7.09175, 1.94945
600.093, -7.49269, 2.78789
599.855, -7.41285, -0.425865
600.365, -7.84325, 0.561779
612.282, 66.4392, -0.96539
607.981, 33.2413, 1.15639
601.463, 42.8255, -0.710397
649.63, 8.97544, -0.075662
677.673, -9.3578, -0.05923
599.924, -9.99573, -0.898708
598.841, -10.3439, -1.51101
598.489, -11.2015, -2.04571
600.972, -8.42031, 1.35618
597.172, -10.3097, -0.313707
600.593, -8.82657, -0.985244
600.363, -9.38409, 0.211936
597.139, -12.2846, 1.11238
598.952, -10.6662, 0.399592
599.661, -9.6895, 1.1221
597.834, -10.3771, 1.20727
600.883, -9.37621, -2.29817
643.838, -69.1122, -0.731339
633.433, -76.6092, -2.84225
598.728, -9.40047, 0.69132
614.375, -73.5486, 2.54385
620.189, -65.088, -2.70754
597.344, -11.5243, -0.259827
592.405, -7.64977, 2.0054
595.818, -8.757, 0.30626
591.775, -7.33502, -0.837625
597.061, -9.43887, -1.00563
598.33, -10.5631, 2.05471
592.005, -7.10197, -2.43093
598.07, -11.3124, 0.039812
591.066, -6.74962, -0.212902
596.501, -8.99006, -3.09759
597.643, -10.6775, 1.88208
593.215, -7.63699, -2.88119
632.32, -68.5107, 1.02785
598.347, -12.3841, -0.056543
647.612, -73.2454, -1.97157
618.916, -43.258, -2.22096
634.325, -58.6313, 1.49261
638.505, -63.7666, -1.81315
635.368, -62.1631, -1.02327
637.537, -68.9207, -2.53632
640.591, -77.4981, 2.05442
641.78, -65.6692, 2.95583
638.168, -63.5228, 3.04618
658.72, -68.4148, 1.77845
655.645, -70.076, 1.51267
653.024, -73.2233, 2.5912
643.756, -60.9342, -2.0143
644.616, -81.5823, 1.31036
614.467, -38.3261, 2.77948
632.726, 17.2255, -0.301469
627.558, -68.4307, -1.07478
636.623, 38.864, -2.41223
598.356, -75.3578, 0.153693
624.509, 38.9366, -1.18114
601.725, -91.2901, 2.03665
602.895, -15.0048, -0.744366
658.968, -55.6956, 2.01946
657.245, -61.186, -1.95038
602.619, -14.8319, 1.63142
651.502, -68.8019, 2.13008
653.491, -76.6659, 1.64763
633.624, -83.2066, 0.981293
653.21, -16.0016, -1.58603
627.51, -74.6764, 0.775948
630.114, -83.8166, 1.58234
621.823, -59.8378, -1.78978
620.229, -45.4499, -0.241164
615.358, -34.0026, -2.47664
598.915, -12.7175, 2.04568
601.817, -14.8438, 1.98402
598.765, -13.336, -1.63752
601.693, -14.6049, -2.34828
601.669, -14.6235, 0.705857
601.953, -14.7637, 2.56753
601.402, -14.7292, 1.79219
599.275, -13.6804, 2.53476
598.78, -13.4265, -3.0442
598.63, -13.7134, 0.300493
522.352, -24.4232, 2.57822
548.692, -20.706, -2.15333
561.802, 46.6927, -2.22638
563.937, -27.756, -0.564985
548.658, -47.9822, -2.40192
589.388, 18.1998, -2.5888
599.189, -3.40298, -2.94667
556.421, -67.0063, -0.257332
588.23, -25.8951, 1.41045
558.083, -64.6197, -2.07272
556.32, -71.6627, -0.651727
625.906, 44.1305, -1.60122
598.208, -12.0132, -0.868101
599.538, -13.6687, 2.13977
597.973, -12.1885, 1.11389
596.878, -8.51812, -2.78347
598.136, -12.5177, 0.998653
597.728, -7.66429, 3.0838
598.821, -9.5301, 1.25383
598.844, -9.56079, 1.1547
598.492, -10.1468, -2.05493
598.455, -13.802, 2.22548
600.214, -10.4693, -0.966947
599.298, -7.93701, -0.891015
598.678, -10.7615, 1.79621
599.828, -10.406, -1.23192
598.64, -11.441, -0.650497
598, -9.96492, 2.86227
599.261, -10.5001, -2.1927
598.285, -8.54056, 2.65634
598.522, -12.144, -0.304881
599.036, -9.70306, 0.144772
599.513, -8.74318, -0.040515
598.042, -8.68253, 1.82138
598.675, -10.757, -0.437211
599.186, -10.1603, -1.75753
599.072, -10.2871, 1.90398
598.584, -9.55196, -0.64648
598.949, -8.30764, -3.04648
602.747, -8.5184, -3.08607
599.872, -9.49521, 0.820974
597.604, -7.05427, 1.41311
596.936, -6.69908, 2.19456
599.111, -8.38241, 0.959247
598.822, -9.20538, 1.56229
598.307, -8.23709, 2.80085
597.214, -6.52348, -1.21091
597.815, -7.33444, 2.79958
595.084, -3.18407, -2.96801
545.326, -9.81805, 2.39697
529.887, -36.3949, 1.03212
597.536, -6.49804, -2.65097
596.578, -4.68578, 2.62695
596.142, -3.85229, -0.305712
596.183, -4.94881, -0.886964
597.454, -6.18247, -1.31959
597.121, -3.24835, -1.646
596.069, -4.69081, -0.879254
597.878, -3.12032, -2.3373
598.069, -2.48008, 1.75599
534.558, -7.25535, 2.95308
598.489, -4.47364, -0.868409
595.856, -4.87275, -2.77402
599.432, -2.85476, -3.14023
597.01, -5.45928, -2.27311
601.93, 0.304162, 1.53714
600.458, -1.57643, 0.295005
598.062, -2.64379, -0.254168
598.427, -2.42834, 0.342272
670.276, 27.0214, -2.85626
646.804, 11.6222, 1.71651
667.148, 17.707, 1.52054
676.569, 5.72007, 1.36757
665.811, 10.978, 2.22895
652.142, 10.0517, -0.811307
654.914, -4.77765, -0.73755
653.393, -14.6093, 2.88163
643.601, -20.0005, -0.088563
599.946, 0.049603, -0.098412
659.9, 46.0848, 1.90365
581.169, 4.18974, 1.96474
536.242, 27.2635, -2.13296
532.926, 25.0464, 1.81266
519.653, 14.2968, -2.03913
648.241, 2.7018, -1.18362
648.957, 37.3444, 0.240377
670.451, 37.8292, -0.035226
667.176, 34.4849, 0.238587
670.633, 26.1712, -2.36518
634.642, 16.2425, 3.08486
649.819, 21.675, 2.81484
660.187, 30.9714, -0.190961
635.745, 16.4727, -0.328773
614.853, 9.31962, 1.36155
642.866, 22.0381, 0.42851
653.815, 38.1808, -1.77404
653.684, 18.793, -2.13403
634.989, 1.71051, 2.63768
587.674, -70.9692, -1.67641
578.058, -76.2961, -0.99149
594.318, -72.0691, -2.07449
614.108, -72.5977, -1.92042
598.672, -4.24209, 1.82778
599.893, -2.10073, 1.01431
598.485, -4.14095, 1.67779
624.409, -16.6495, 1.60889
641.561, -16.8696, 0.582584
625.149, -9.20526, 2.84051
606.821, -74.1353, -1.94765
599.079, -46.3104, -1.86175
591.294, -74.7465, -1.86289
525.442, 17.038, -2.30848
552.808, 27.7775, -2.78018
611.722, -37.6621, -0.366828
605.327, -55.1331, -0.042015
517.501, -1.31438, -0.5509
595.994, -4.82244, -1.75277
596.797, -5.74352, 2.01797
545.84, -7.05234, 1.42799
539.105, -2.03712, -0.087408
555.994, 4.05299, -0.977306
520.835, 1.72083, -3.06612
550.255, 7.31107, 1.67566
559.376, -1.71904, -0.355276
533.88, -7.05744, 2.79111
673.6, -13.0823, 0.913173
660.798, -10.3953, 0.451128
597.822, -3.24572, 0.013852
671.189, -11.2101, -0.184449
596.306, -4.70133, 1.31523
669.187, -8.31293, -2.7439
678.693, -11.3819, 0.66975
598.515, -5.59794, 0.97713
671.504, -12.7943, -0.729008
597.026, -4.64593, -1.52325
677.835, -12.4801, -2.64189
655.823, -10.0673, 0.35455
597.683, -5.87003, -1.36068
662.471, -10.8921, 2.29664
647.614, -9.17284, -2.84626
638.879, -8.13748, -0.305529
671.187, -11.5267, 0.572101
597.656, -4.18026, -2.7939
598.01, -4.11088, 0.017338
652.537, -9.92106, -1.03275
639.154, -8.10553, -3.04699
677.098, -12.9688, 1.01577
668.741, -12.1472, 2.44533
672.064, -11.7843, 0.984721
637.115, -7.92935, 1.28107
676.433, -12.5721, 2.15082
658.623, -10.6618, -0.949957
673.312, -13.0073, 2.90694
671.429, -12.7128, -0.559216
662.488, -11.1057, -2.91637
657.292, -10.971, -2.84959
598.146, -3.30971, -0.399715
671.361, -11.5871, 0.892046
642.153, -8.79777, -0.276453
597.733, -4.16213, -2.70542
670.128, -12.0484, 0.881054
598.081, -2.55425, 2.36765
655.24, -9.77853, 1.9239
653.585, -9.61121, 1.09133
597.6, -6.64143, -0.548306
672.2, -12.6164, -2.94462
666.536, -11.6478, -1.45851
598.086, -4.33268, 2.17265
671.983, -11.4273, 2.70443
667.877, -12.4675, 0.982019
664.589, -10.8806, 0.044697
674.936, -13.1576, -1.4376
632.14, -7.4011, -2.44052
678.013, -13.6958, 2.39519
597.752, -3.35738, -1.36765
597.527, -4.16461, 0.979582
645.207, -8.63939, -0.009481
596.883, -2.72348, -0.900529
673.811, -12.5482, -3.02487
654.763, -10.4841, 2.54463
649.897, -9.3432, -1.19349
646.347, -9.07479, -1.3649
597.094, -4.22597, -0.13723
659.195, -11.1045, 0.342339
637.723, -8.25022, 0.063591
597.666, -2.16143, 2.72791
644.775, -8.75513, -2.44104
596.789, -5.26641, 1.47019
597.759, -6.2243, 2.10752
597.504, -5.46038, -2.32658
667.934, -12.4289, 1.11409
670.992, -12.2625, 0.559516
670.716, -12.0891, 1.08667
656.992, -10.7468, 1.88189
