0.0016255
0.00560283
0.00131652
0.00215895
0.00321508
0.00180035
0.00251232
0.000290726
0.00139056
0.000531252
0.0017578
0.00478239
0.00634848
0.00200417
0.00178435
0.00401042
0.000794339
0.00319977
0.00123522
0.00103198
0.00248453
0.00407406
0.00670856
4.51017e-06
0.00905077
0.00433565
0.00196257
0.00279509
0.00414239
0.00158932
0.000355722
0.000714041
0.000364576
0.00354734
0.000449502
0.00100731
0.000320624
0.00100679
0.00214889
0.00179824
0.000985564
0.00158839
0.000255986
0.00020657
0.000534707
0.00167735
0.00213846
0.000823668
0.000283065
0.00433882
0.00165432
0.00416823
0.00254299
0.000439718
0.00933522
0.00217611
0.00342272
0.00148847
0.00161461
0.0094112
0.00739708
9.05779e-05
0.00165152
0.00299137
0.000590718
0.00217672
0.00272875
0.00228287
0.00258221
0.00305871
0.00114515
0.00073098
0.00214729
0.000545265
9.52048e-06
0.00447461
0.000132599
0.00211321
0.00224421
0.00285861
0.00162703
0.00242266
0.00161235
0.000577243
0.000325936
0.000252024
0.00113544
0.00139123
0.000102999
0.000196402
0.000562934
0.00116071
0.000923187
0.00131413
0.00262676
0.00242931
0.00241886
0.00240709
0.00193209
0.00148334
0.00247294
0.00102939
0.000253452
0.00168218
0.00208312
0.000669896
0.00133481
0.00536178
0.00360656
3.324e-05
0.00340596
0.000964435
0.000205021
0.00100156
0.000763443
0.000128424
0.0013464
0.00255608
0.00258231
0.000179412
0.00185393
0.00415665
0.000988074
0.00167224
0.000920106
0.00159009
0.000962105
0.000885859
0.000680157
0.00147669
0.00287689
0.000773981
0.0674603
0.000955338
0.000364392
0.00508206
0.000861723
9.9281e-06
0.00544563
0.000987986
0.000585087
0.0041814
0.000795355
0.000540537
0.00267242
0.00143693
0.000387048
0.00304007
0.00128538
0.00197704
0.000432042
0.00200207
0.00180283
0.000711182
0.00224301
0.00270391
0.000976488
0.0018146
0.000869201
0.00116891
0.00167976
0.00178272
0.00133349
0.000545592
0.00153969
0.000956239
0.00203914
0.00223797
0.000731979
0.0399754
0.00224989
0.00115333
0.00215933
0.000300066
0.00303151
0.00359036
0.00191213
0.00407682
0.000492736
0.00252602
0.00302211
0.00346536
0.00410625
0.00075473
0.0472547
0.000609355
0.00801267
0.00087842
0.000205034
0.0024146
0.0027794
0.00765482
0.00241154
0.00103261
0.000771351
0.00144514
0.00666355
0.00217007
0.000264837
0.00179193
0.0031579
0.00552911
0.00189377
0.00259994
0.00146275
0.00200211
0.00404066
0.00119107
0.000307872
0.00375179
0.000697561
0.00060136
0.00106104
0.00128431
0.000484482
0.000887809
0.00236681
0.00217375
0.00302557
0.00232472
0.000941664
0.000129319
0.00052676
0.0029702
0.00796839
0.00212647
0.00186966
0.00159167
0.00593129
0.0079675
0.00651247
0.000170113
0.00127058
0.00496692
0.000515911
0.00135386
0.00282698
0.00122636
0.00391688
0.00171442
0.000820779
5.33844e-06
0.00291467
0.000687376
0.000387188
0.00348993
0.000281452
0.00226964
0.000730748
0.00161069
0.00225574
0.00102663
0.000735754
0.00158357
0.000867497
0.00140775
0.00117461
0.00149909
0.00115195
0.000444446
0.00298257
0.00296143
0.00449968
0.000693222
0.00281798
0.000489998
8.3662e-05
0.000972799
0.0019799
0.000540387
0.00188216
0.00209536
0.000642538
0.000842959
0.00400281
0.0064613
0.000330159
0.00335278
0.00327425
0.00355086
0.00143112
0.000513559
0.00103366
0.00194444
0.000378419
0.00199661
7.83633e-05
0.0012235
0.00228293
0.00388759
0.00263401
0.00223313
0.00175729
0.0015418
0.00262867
0.00309146
0.0011919
0.00411701
0.00117526
0.00117086
0.00300636
0.00366382
0.00410265
0.000841264
0.000350893
0.000368431
0.002841
0.00273134
0.00195027
0.00204272
0.00334643
0.000885054
0.000681228
0.00194254
0.00112361
0.00341046
0.0018323
0.000684557
7.16022e-05
0.00246541
0.00145629
0.0043018
0.0019496
0.009605
0.00313884
0.00021949
0.00322923
0.000542323
0.00784683
0.00174914
0.00136164
0.00351813
0.000306032
0.00381549
0.000336234
0.00103666
0.00293375
0.000769446
0.00277482
0.00188917
0.00268768
0.00155946
0.00793071
0.00352916
0.0026031
0.00326479
0.000671709
0.00298282
0.00311854
0.000813811
0.001169
0.00144969
0.00127431
0.00426069
0.000232459
0.00235905
3.32126e-05
0.00301178
0.000102594
0.000696613
0.000918021
0.0019942
0.00188392
0.000653675
0.00113551
0.00345973
0.00139295
0.000268742
0.00284701
0.00224744
0.00148619
0.00548403
0.00192575
0.0012399
0.00825899
0.00234219
0.00123647
0.000138988
0.00155925
0.00440204
0.00224436
0.0053149
0.00165679
0.00884567
0.000425477
0.000761135
0.00300707
0.000892485
0.000555736
0.000613456
0.00174802
0.00474016
0.00484175
0.0041664
0.000762688
0.000413722
0.00128709
0.00126023
0.00341105
0.00182233
0.00719036
0.000844109
0.00126109
0.00103463
0.000574818
0.00163586
0.00359011
1.13633e-05
0.000611046
0.00229139
0.00114182
0.00180052
0.000574932
0.000448489
0.00239688
0.0014706
0.000449002
0.00174763
0.00326153
0.00261604
0.00143887
0.00459844
0.00182288
0.00014188
5.45115e-05
0.00550219
0.00259869
0.00179176
0.00368962
0.000215124
0.000745217
0.0013354
5.2893e-05
0.00026622
0.00216487
0.000646315
0.00344352
0.00191726
0.00275518
0.00635375
0.000262063
0.000749064
0.000770581
0.00204671
0.00390973
0.00177055
0.000142397
0.00180662
0.00418451
0.000990718
0.000722565
0.00095949
0.00290382
0.000923242
0.000292825
0.0075112
0.000492982
0.000620499
0.00334129
0.00345336
0.00353032
8.84002e-05
0.00257012
0.00469036
0.00372876
0.00151944
0.0020538
0.00655473
0.000607763
0.00192216
0.00316757
0.00520669
0.000802986
0.00498064
0.00251859
0.000830686
0.00149312
0.000588012
0.000791062
0.00130383
0.00311318
0.000349242
0.000334396
0.0028596
0.00229359
0.00224846
0.00126418
0.0037861
0.000684684
0.00164596
0.000292655
0.00160584
0.00181969
0.00260185
0.00122143
0.000832101
0.00106903
0.000944744
0.000398085
0.00553214
0.00268614
0.00326159
0.0071411
0.00244114
0.000212437
0.000763328
0.00182266
0.000739415
0.00179426
0.00303801
0.00280015
0.000533977
0.00351737
0.00416317
0.0013771
0.000776612
0.0049965
0.00205077
0.00329285
0.000643773
0.00437944
0.000778469
0.00194474
0.00308555
0.00573222
0.00089911
0.000391089
0.00321143
0.00195856
0.000273064
0.00186134
0.00339629
0.000278568
0.000259814
0.00174182
0.00136
0.000853717
0.00279825
1.74006e-05
0.00236075
0.00081919
0.000320311
0.00179532
0.00163219
0.00458059
0.00136644
0.000866888
0.000794528
0.00241017
0.00296025
0.00164298
0.00126082
0.00358724
0.00196689
0.000830525
0.000281579
0.00253863
0.0021399
0.00328319
0.00142816
0.000565827
0.00214724
0.00301278
0.0024891
0.00100195
0.000580666
0.000715172
0.00246751
0.00363205
0.00324329
0.00617994
0.00408509
0.00176832
0.0018496
0.000177227
0.000910026
0.00266186
0.000225164
0.0030851
0.000839375
0.00300275
0.00685157
0.00402692
0.000664637
0.0011641
0.000564019
0.00233991
0.00205144
0.00132971
0.00239966
0.00221016
0.00116731
0.00787964
0.00100849
0.00130546
0.00114124
0.00110413
0.000481017
0.00111866
0.00270349
0.00191935
0.00219154
0.000829898
0.00366636
0.0002526
0.00191639
0.00655978
0.00224893
0.00235544
0.00405081
0.000875025
0.00034705
0.000741522
0.00234775
0.0022955
0.00156601
0.00105392
0.00134077
0.00738233
0.00278185
0.000605772
0.0022754
0.00039897
0.000344785
0.00270085
0.00271913
0.00117613
0.00429178
0.00284736
0.00072545
0.00304591
0.00110652
0.00264823
0.00373783
0.000863278
0.000249645
0.000960513
0.0024138
0.00131511
0.00136767
0.0025891
0.00140805
0.00510073
0.00133882
0.00136266
0.00136832
0.00259382
0.00142961
0.00130594
0.000502747
0.00147218
0.00240085
0.00067176
0.00158591
0.00184923
0.00165727
0.00415467
0.00318013
0.00174709
0.0021319
0.00110094
0.00122807
0.00303444
0.0014131
0.00473019
0.0049786
0.00166282
0.000811035
0.000486906
0.00115222
0.00149716
0.00094349
0.00702653
0.00191958
0.00106261
0.0021267
0.00100477
0.00205773
0.000849447
0.000905396
0.00106016
0.000801987
0.000891034
0.00231116
0.00168629
0.000387328
0.00296817
0.000792185
0.000674285
0.000406104
0.00149763
0.000113012
0.00150212
0.00222732
0.000104193
0.00499866
8.6921e-05
0.00114855
0.00404844
0.00157338
0.00139745
0.00401323
0.00241031
0.00113367
0.00382026
0.00143041
0.000561584
0.000429139
0.00252901
0.00250947
0.00369927
0.000807501
0.000117208
0.000404011
0.0013145
0.00150718
0.000524198
0.00234318
0.00756164
0.00169392
0.00319004
0.000613543
3.67417e-05
0.00876712
0.00140088
0.00698089
0.000936482
0.00330226
0.0011015
0.000586883
0.000442914
0.00184063
0.000153498
0.00302304
5.00061e-05
0.00183558
0.00634323
0.0014912
0.00123328
0.000836461
0.00139399
0.001003
0.000801518
0.00036197
0.000563572
0.00475442
0.00113242
0.00509428
0.00583518
0.00391894
0.00233882
0.00207377
0.00099128
0.00243178
0.00244042
0.00194118
0.000224155
0.00147204
0.00327152
0.0012767
0.00770612
0.00390365
0.00569237
0.0002777
0.00207417
0.000381334
0.00160246
0.00295173
6.69992e-05
0.0007989
0.00136436
0.00232199
0.00282251
0.00215201
0.000703105
0.00163354
0.0022625
0.00423055
0.000919122
0.000239635
0.00148821
0.00285301
0.000566699
0.000964788
0.000944138
0.00153496
0.000275998
0.00192102
0.00126208
0.000745049
0.000626121
0.00182372
0.000198175
0.00163915
0.00151981
0.00190375
0.00380126
0.00325536
0.000217602
0.00430368
0.00106911
0.00286214
0.000384909
0.00163593
0.00228218
0.00582012
0.000162548
0.00285484
0.000349758
0.00110986
0.00320251
0.000227442
0.00332816
0.00325127
0.000263873
0.000272061
0.000970961
0.00357886
0.000377276
0.00295353
0.000352372
0.00231908
0.000782329
0.00383147
0.000784641
0.000280604
0.000510543
0.00160392
0.00299124
0.00194294
0.000720946
1.85456e-05
0.0019567
0.00119474
0.000228158
0.00213659
0.000367905
0.00249531
0.00178766
0.0117427
0.00237808
0.00467591
0.000183075
0.00114601
0.00216292
0.00528344
0.00833154
0.00256818
0.00438292
0.0034232
0.00100654
0.00268157
0.00107483
0.000707901
0.00212514
0.000590519
0.000278104
0.00111037
2.98406e-05
0.00347304
0.000932371
0.00183447
0.0176154
0.00666054
0.0030679
1.59428e-05
0.00202981
0.006482
0.00320784
0.000834104
0.00123851
0.00292182
0.00460319
0.0128424
0.0043601
0.00120798
0.00597832
0.00757546
0.000253389
0.004409
0.0033296
0.000488461
0.000161925
0.00391177
0.00450256
0.00217005
0.0041946
0.000608848
0.00379866
0.00195135
0.000112513
0.000280614
0.00211914
0.00444696
0.00183532
0.00253699
0.00161482
0.00294277
0.000587888
0.00116982
0.000303157
0.0043992
0.0044745
0.00240731
0.0015233
0.00399356
0.0012144
0.00198001
0.000240535
0.00055782
0.000333672
0.000158783
0.000167482
0.00221344
0.000872423
0.000164243
0.00242078
0.000780271
0.00202987
0.00158843
0.00283147
0.000539524
0.0029402
0.000577868
0.00215935
0.00362862
0.000939741
0.00227498
0.00232235
0.00427732
0.000747421
0.000187674
0.00188952
0.000645915
0.000323232
0.00211938
0.00139141
0.000626975
0.00239141
0.000942652
0.000987378
0.00279942
0.00239362
0.00211766
0.00258188
0.00105062
0.00191867
0.00232231
0.00141436
0.00524681
0.000324822
6.14122e-05
0.0023439
0.00235435
0.00484966
0.00159657
0.00130825
0.0015393
0.00252468
0.00241916
0.00474632
0.00151005
0.00192959
0.00132286
0.00292482
0.00157482
0.00251382
0.00222925
0.00199067
0.000973839
0.0019863
0.00282173
0.00311306
0.00124623
0.000181049
0.000467114
0.000513743
0.000873833
0.000884779
0.000523141
0.00151175
0.00439121
0.000776378
0.00152192
6.76273e-05
0.00133233
0.000735426
0.00096152
0.00403461
0.00317508
0.0026682
0.00042476
0.00419983
4.27582e-05
0.000772672
0.000866752
0.0016206
0.000738528
0.000582626
0.000838443
0.000187494
0.00233433
0.00155494
0.00345309
0.00104694
0.00416524
0.000159407
0.00354649
0.00110567
0.000783173
0.00241091
0.044649
0.00480049
0.0014366
3.32198e-05
0.00183189
0.00101666
0.00376827
0.000577221
0.000695261
0.0139109
0.00228682
0.000497432
0.00117044
0.00259754
0.00236282
0.000320157
9.35647e-05
0.00027176
0.00469529
0.014015
0.00303592
0.0047971
0.00311157
0.000995321
0.000268816
0.000975969
0.000406632
0.000467361
0.0014682
0.00224812
0.00263661
0.00222769
0.0011981
5.44323e-05
0.00134804
0.00135858
0.000477842
0.000807369
0.00131686
0.00327072
0.00185927
0.00651033
0.00365021
1.21817e-06
0.00111222
8.31723e-05
0.00409322
0.0014417
0.00147686
0.00146129
0.000213876
0.00271236
0.000310019
0.000507117
0.00282068
0.00210386
0.00346032
0.000221281
0.00407669
0.000301691
0.00224014
0.000277889
0.00164482
0.000672742
0.00580887
0.00453613
0.0107939
0.0012142
0.00276005
0.00457439
0.00311934
0.00642198
0.00692411
0.00121901
0.00059139
0.00110102
0.00343035
0.000753049
0.0121956
0.00403889
0.00767229
0.00135977
0.00255398
0.00817017
0.00223645
7.03189e-05
0.000615396
0.00104553
0.00200482
0.0025606
0.00132226
0.000161504
0.000404801
0.00278452
0.000740851
0.000230127
0.000270324
0.00185741
0.00265418
0.00412144
0.000836964
0.000429329
0.00208256
0.00511603
0.000256323
0.00209698
0.00276824
0.0028971
0.000711862
0.00333631
9.15768e-05
0.00525914
0.0120664
0.000593708
0.00292502
0.000498692
0.00835524
0.000948783
0.000959641
0.00369802
0.00103972
0.0044798
0.00263116
0.00743932
0.00564464
0.00777087
0.00506785
0.00300193
0.00180639
0.00660901
0.00184154
0.00315709
0.00216269
0.00146587
0.00169819
0.000994932
2.07591e-05
0.00127686
0.000885394
0.00710355
0.00199465
0.00170374
0.00113877
0.00425876
0.000912459
0.00107732
0.000182074
0.00543979
0.000955991
0.000853492
8.1636e-05
0.00139601
0.00210742
0.000845661
0.00226828
0.000581637
0.00284132
0.0020065
0.00413147
0.000614246
0.0029605
0.00230624
0.000397206
0.00115393
0.000120067
0.000842682
0.000887493
0.00018186
0.00329226
0.00166198
0.00212621
0.00179658
0.000956014
0.00164745
0.00246294
0.000267015
5.82557e-05
0.000931867
0.00373507
0.000214344
0.00213757
0.00255726
0.00199616
0.000769047
0.000492537
0.00115487
0.0017055
0.00530327
0.0027851
0.00596744
0.00192304
0.000841072
0.00254435
0.00199657
0.00317036
0.000179875
0.000771744
0.000935689
0.000808133
0.000159714
0.00216873
0.00220807
0.00234922
0.00190339
0.00102116
0.00192377
0.000782129
0.000194813
0.000735527
0.000645529
0.000370489
0.000810362
0.000131208
0.000121403
0.000990347
0.000218207
0.00539253
0.00265244
0.00227465
0.00951554
0.00272472
0.00578967
0.000647662
0.00113546
0.00173469
0.00196648
0.00230345
0.000417114
8.46233e-05
0.00276057
0.00114411
0.00597861
0.00148117
0.00483197
0.0023368
0.00130205
0.00168624
0.00312253
0.00369488
0.000629613
0.00114475
0.00274563
0.00275508
5.75356e-05
0.00392128
0.000444485
0.00184283
0.000581152
0.00162545
0.00227923
0.0024735
0.000931408
1.55895e-05
0.00318796
0.00154913
0.000931654
0.00126977
0.00159698
0.00196065
0.00310304
0.000907393
0.000703316
0.000269046
0.00061517
0.00244663
0.00169581
0.000260936
0.000701976
0.00821032
0.00350037
0.000177261
0.00243156
0.00154571
0.00341574
0.000640986
0.000213529
0.00107556
8.30141e-06
0.00193453
0.00387277
9.38926e-05
0.00181925
0.00140789
0.00132996
0.00697517
0.00248293
0.000335714
0.00255784
0.00143426
0.00216085
4.85831e-05
0.00103049
0.00155047
7.58397e-05
0.000414975
0.00102063
0.00183934
0.002345
0.000821562
0.00125096
0.00242034
0.000456903
0.000680664
0.00179126
0.00249819
0.000873882
0.00433906
0.000764163
0.00227052
0.00187888
0.00220683
0.00154161
0.00388002
0.00113429
0.00567402
0.00275245
0.000977736
0.00246033
0.00100235
0.00161817
0.000873044
0.000373171
0.00285022
0.00131916
0.00627991
0.00547933
0.00285134
0.00233182
0.000825311
0.00394049
0.000374892
0.00131312
0.000946515
0.00997871
0.00167923
0.00410859
0.00111086
0.00210853
0.0121137
0.000890689
0.00189537
0.00226889
0.0048188
0.000981466
0.00168275
0.00227818
0.00303932
0.00210197
0.00854484
0.000461116
0.00199592
0.0015731
0.00308716
8.63231e-06
0.00111825
0.00102172
0.00207543
0.00204129
0.000985433
0.00380188
0.00236228
0.00270048
0.00332799
0.000329354
0.00327207
0.00155091
0.00159564
0.000362306
0.00230821
0.00101486
0.000740426
0.00122947
0.00217486
0.00113227
0.00180282
0.00308369
0.00103103
0.00518638
0.000177723
0.00293891
0.00198729
0.00486685
0.0019686
0.00377435
0.00366963
0.00077846
0.00199406
0.00261285
0.00183206
0.00331108
0.000722818
0.00349165
0.0005374
0.000144588
0.00202631
0.00163511
0.00288679
0.00107441
0.00239497
0.00241001
0.000950846
0.00134058
0.00203048
0.00344493
0.000410146
0.00194256
0.00327311
0.00182793
0.00024491
0.00328166
0.000262434
0.000420821
0.00032314
0.000964453
0.000829691
0.0014508
0.00157274
0.00104798
0.00184704
2.86699e-05
0.000831751
0.00156829
0.00329334
0.0448773
0.00504621
0.00029716
0.00457883
0.00196557
0.00106714
0.00193706
0.00132635
9.58465e-05
0.000247903
0.00171466
0.00115609
0.0025523
7.53074e-05
0.00104442
0.00159677
0.00138573
0.00407403
0.000239464
0.000234745
0.00217351
0.00217571
0.00251727
0.000414077
0.000630443
0.00213802
0.00658074
0.000328719
0.00526831
0.000388589
0.000481765
0.00334689
0.00287533
0.000611476
0.000185367
0.00101397
0.000542587
0.0017756
0.0046763
0.000247911
0.00312729
0.00294953
0.00412147
0.00196963
0.0038979
0.0004842
0.00324957
0.00253659
0.00731824
0.00294228
0.00221691
0.00114919
0.000190812
0.00222838
0.00246182
0.00338205
0.00122631
0.00110856
0.0021293
0.000272124
0.00189694
0.000951322
0.000705062
0.00158499
0.00285264
0.00958352
0.00227271
0.00150006
0.00785896
0.00230647
0.000799771
0.00278758
0.00117788
0.00250123
0.0050964
0.00474447
0.0040921
0.00506531
0.00260744
0.000293433
0.00187422
0.00206129
0.00404533
0.0011046
0.00161419
8.44211e-05
0.00177844
0.00231082
0.00401439
0.000193224
0.000647361
0.000265661
0.000225554
0.00079002
0.000408323
0.0028665
0.0029259
0.00150582
0.00390632
0.00157354
0.00145528
0.000804335
0.00533152
0.00149774
0.00368859
0.00115148
0.000607993
0.000131372
0.00196658
0.000687134
0.000538933
0.000821009
0.00201304
0.000100179
0.00218714
0.00558979
0.00465872
0.00606119
0.0010266
0.00233031
0.0097256
0.0092808
0.00128236
0.00401592
8.65739e-05
0.00301174
0.000193295
0.0032626
0.000393993
8.45044e-06
0.00160819
0.00183654
0.000547476
0.00136448
0.000860456
0.00184231
0.00242525
0.000282947
0.00189763
0.00125218
0.00115258
0.00299134
0.00404219
0.00369099
0.0001073
0.00167186
0.000249464
0.000980109
0.000498703
0.0022838
0.000111793
0.000745892
0.00263305
0.000136232
0.00195429
0.00221353
0.000107715
0.000503803
0.000128181
0.00241923
0.000127558
0.00198363
4.52479e-05
0.00228056
0.000651594
0.00196155
0.00159444
0.000218956
0.000237698
0.00217164
0.000165563
0.00167671
0.00207422
0.00177259
0.00238607
0.000944494
0.000877554
9.03729e-05
0.00353665
0.000654274
0.00227487
0.000981082
0.00359478
0.00218918
0.00244673
0.00070799
0.00151999
0.0024853
0.00178007
0.00112825
0.00350564
0.000291236
0.00145806
0.0027574
0.00127644
8.90263e-05
0.00248759
0.00128188
0.00343901
0.00448443
4.15651e-06
0.00311748
0.00391954
0.00158642
0.00213785
0.000593093
0.00128513
0.000336129
0.00780945
0.000847993
0.00310896
0.00541451
0.00289071
0.00198309
0.00153579
0.000585223
0.00233072
0.000607243
0.00157491
0.0011354
0.00167583
0.00151721
0.0066956
5.85786e-05
0.00214042
0.0040094
0.00292465
0.00232333
0.000478282
0.003145
0.000536838
0.000455143
0.0043696
0.00112041
0.00628408
0.00294004
0.00299769
0.00088008
0.00126166
0.00141651
0.00121399
0.0013003
0.000560553
0.00258436
0.000899337
0.00591471
0.00176405
0.000619564
0.00102643
0.000726011
0.00055702
0.00142937
0.00336394
2.84201e-05
0.00510628
6.09755e-05
0.000208517
0.000469191
0.00168528
0.00146372
0.00146444
0.00387404
0.00712909
5.29228e-05
0.00188062
0.000688484
0.00608724
0.00374937
0.000240965
0.00217377
0.00222117
0.000580526
0.0029402
0.0014496
0.00353838
1.65929e-05
0.000233842
0.00186157
0.00304668
0.00136865
0.000409861
0.00236755
0.000274464
0.00127808
0.00054345
0.00107741
0.00342989
2.37517e-06
0.000330969
0.000991253
0.00277879
0.00288005
0.00170716
0.00218416
0.00664845
0.000913645
0.00365909
0.00546504
0.00184379
0.000682645
0.000615496
0.000211643
0.00418578
0.000917796
0.000296314
0.0023639
0.00185868
0.00410053
0.00325144
4.27958e-05
0.00402168
0.0030592
0.00219996
0.000300003
0.000637038
0.00398593
0.00219561
0.00169825
0.00559417
0.00700781
0.00338144
0.00331051
0.000307811
0.00106149
0.00282759
0.00104085
0.00171167
0.00156425
2.17937e-05
0.000265949
0.00146422
0.000809314
0.00525531
0.00130106
0.00308326
0.000962718
0.00198236
0.00669313
0.000883176
0.00638988
0.0021994
0.000176307
0.00177732
0.00313699
0.00124176
0.000367228
0.000387494
0.00034967
0.00247977
0.00338999
0.00143741
0.00400789
0.0036976
0.000132757
0.00718523
0.00370397
0.00250598
0.00566573
0.000893705
9.41514e-05
0.000538702
0.00429728
0.00514879
0.00253598
0.00343897
0.00070046
0.00102727
0.00116652
0.00164163
0.00133835
0.000950518
0.00118963
0.000795285
0.00199282
0.00152209
0.00155142
0.00160918
0.00132092
0.000505367
0.00258613
0.00049726
0.00108287
0.00675133
0.00102527
0.000560489
0.00127423
0.00210649
0.00344708
0.000663557
0.00107766
0.00212294
0.000331314
0.00112575
0.00240587
0.00258492
0.000558546
0.000816652
0.000262425
0.00117353
0.000636712
0.00158615
0.00256898
0.00259475
0.00219154
0.00302672
0.00234883
0.00101007
0.00145422
0.00301254
0.00226262
0.00194945
0.00262621
0.00296861
0.00433699
0.00698961
0.00274286
0.00762138
0.00110768
0.00345056
0.00158393
0.000857364
0.0029298
0.00526433
0.00241286
0.00270317
0.00122155
0.0018174
0.00125237
0.000626174
0.000653464
0.0021894
0.00255741
0.000966867
0.00281899
0.0016353
0.00199519
0.000460529
0.000326463
0.00282744
0.00442022
0.00154739
0.00370506
4.78057e-05
0.000718636
0.00284445
0.000661602
0.000432327
0.00317987
0.00587647
3.16983e-05
0.00060536
0.00182065
0.00286499
0.00451816
0.00138114
0.000985453
0.00126865
8.55428e-05
0.000286121
0.00220931
0.000318227
0.00371939
0.00106624
0.00270529
0.00186465
0.00063088
0.00039477
0.000428788
0.00194718
0.0032158
0.00179902
0.00363287
0.00177436
0.00131738
0.000328978
0.00113538
0.00180825
0.00143299
0.00135843
0.00284237
0.00297154
0.00374454
6.14943e-05
0.000722805
0.00536183
0.00228341
0.00210197
0.000456364
0.000663358
0.00112678
0.00143945
0.00685877
0.00135237
0.000638542
0.000211689
0.000295233
0.000908943
0.0004022
9.975e-05
0.00198805
0.00185406
0.000145637
0.00350312
0.00310234
0.00341755
0.000283346
0.000743902
0.00183985
0.00310353
0.000475303
0.00224172
0.00236948
0.000763133
0.00135636
5.41353e-05
0.00016624
0.00113973
0.000486322
0.000243876
0.000614392
0.00625384
0.000106145
0.00209794
0.00246272
0.00115463
0.00171823
0.00203295
0.00234732
0.000201044
0.00271123
0.00149439
0.000707692
0.00111116
0.0010061
0.000118542
0.00170034
0.0010243
6.19368e-05
0.000218621
0.000958125
0.00347173
0.00199202
0.00188128
0.00169513
0.00164269
0.0096352
0.00110757
0.000467728
0.000803809
0.00138846
0.000302218
0.0015252
0.00181449
