0.0237736
0.00881868
0.404702
0.00736429
0.0248568
0.14882
0.00635793
0.0533369
0.00458475
0.397024
0.143554
0.0159928
0.104255
0.00146062
1.14019
0.0154917
0.00235929
0.0149184
0.00496327
0.087744
0.00867167
0.159642
0.0853073
0.146354
0.199659
0.0273037
0.00947366
0.0665376
0.108293
0.0469304
0.0101281
0.00626082
0.0797981
0.00785291
0.0381826
0.00891662
0.0248982
0.0907914
0.0618871
0.0264883
0.0362979
0.0682473
0.0861094
0.0138698
0.0654446
0.0205103
0.0356808
0.0106498
0.00989138
0.168307
0.0133337
0.0760824
0.0234432
0.00871626
0.0855032
0.00745326
0.088618
0.251198
0.0217503
0.0158222
0.732798
0.0110566
0.0915307
0.0045778
0.197412
0.0133164
0.016809
0.0104179
0.0782955
0.0931577
0.00486422
0.0106668
0.0208406
0.125391
0.11798
0.00461449
0.0933041
0.0335777
0.132503
0.00322151
0.0374897
0.0775173
0.0199028
0.265928
0.0361958
0.0682117
0.00539857
0.00657503
0.115594
0.0579462
0.00727358
0.0098269
0.00891292
0.0046181
0.0053729
0.0078839
0.0163581
0.0690585
0.0164994
0.0354848
0.0537753
0.000851518
0.0622875
0.00411998
0.0518625
0.0664877
0.047652
0.0919612
0.0404456
0.0336882
0.0389308
0.00526016
0.0609472
0.060994
0.362304
0.00362692
0.0107061
0.0164443
0.00374348
0.00518798
0.276563
0.00873565
0.0116474
0.00872167
0.004972
0.189709
0.0293501
0.0115511
0.213167
0.0890849
0.107516
0.0578603
0.169765
0.0832809
0.0156659
0.023828
0.0842805
0.0254127
0.00533424
0.00130857
0.0506419
0.0167432
0.105654
0.00397475
0.00894694
0.0150192
0.00504862
0.015081
0.0544388
0.147957
0.00805237
0.0437189
0.0136015
0.0631117
0.00793067
0.00375365
0.0367098
0.0538099
0.055703
0.161186
0.00306095
0.0103843
0.0214527
0.400868
0.053512
0.00558879
0.0166946
0.00924559
0.0846573
0.093079
0.126737
0.00251621
0.125652
0.04042
0.0851928
0.0312018
0.00883652
0.468474
0.00396815
0.180505
0.0121332
0.0222296
0.458119
0.0250548
0.0904738
0.0157929
0.0135861
0.085413
0.0159486
0.00278028
0.200851
0.0152514
0.005904
0.1345
0.00825672
0.0106648
0.013961
0.0129703
0.0116243
0.0122738
0.00355799
0.00495168
0.173106
0.00361765
0.00323369
0.00252286
0.160581
0.00359619
0.0155255
0.0196111
0.0637948
0.144714
0.0613645
0.00472879
0.0561306
0.0035556
0.0170555
0.00937157
0.205817
0.0330705
0.145749
0.0242878
0.0207804
0.017364
0.0035762
0.00430376
0.00265477
0.00280727
0.0139599
0.0035017
0.012282
0.0017293
0.0193907
0.0121855
0.148307
0.141117
0.0411489
0.0279628
0.058971
0.181538
0.15887
0.0151739
0.0179395
0.194283
0.0941606
0.147304
0.0102922
0.112922
0.129254
0.103524
0.0759725
0.0782965
0.249048
0.00751975
0.0249373
0.0214032
0.0649422
0.124716
0.0854012
0.00649719
0.0104144
0.00751075
0.00303758
0.00483744
0.00986139
0.00638568
0.00236393
0.0183123
0.0227829
0.186849
0.00377943
0.0150907
0.0240578
0.247531
0.0114398
0.00661398
0.0110145
0.092378
0.00974149
0.00711359
0.0800939
0.00864229
0.112225
0.00405991
0.0659643
0.00286034
0.00251629
0.0110653
0.154832
0.0677083
0.0262121
0.150683
0.00406369
0.0169694
0.00851951
0.00922022
0.0158202
0.207462
0.106951
0.0110446
0.00233561
0.0023407
0.000894438
0.00249033
0.00327097
0.00796909
0.0115407
0.00199438
0.00629433
0.00644954
0.00311807
0.474356
0.133973
0.00950584
0.0253196
0.0112872
0.00338367
0.205394
0.0536095
0.00294167
0.00609882
0.126173
0.119976
0.352626
0.013217
0.00725534
0.00667235
0.00565309
0.00675638
0.0893347
0.016944
0.207621
0.0206771
0.0850352
0.0074584
0.0154404
0.0121395
0.17388
0.112317
0.00924169
0.0238277
0.0647092
0.00942796
0.188361
0.0160827
0.275576
0.031367
0.0656725
0.0110181
0.00448678
0.0188413
0.0521489
0.00708954
0.00239372
0.02065
0.00960996
0.0055281
0.0158061
0.283063
0.00680098
0.152719
0.0771811
0.00676018
0.0445084
0.152049
0.00402552
0.18487
0.171735
0.289934
0.00143119
0.24887
0.00748831
0.0427184
0.124438
0.0150901
0.0103471
0.00719257
0.00310569
0.00513956
0.00957478
0.00568076
0.00270668
0.00351931
0.0095032
0.0447378
0.108111
0.00805224
0.00988308
0.0164227
0.00749491
0.0122927
0.00989255
0.0106396
0.00924314
0.0144054
0.00252506
0.00217104
0.00577281
0.00883832
0.0126118
0.0200195
0.00609785
0.00121581
0.0302883
0.0399289
0.0142227
0.0272826
0.0703428
0.00671593
0.0041616
0.00423846
0.00323943
0.0102439
0.00783708
0.0293361
0.00567253
0.0118514
0.0196529
0.0148159
0.0138271
0.00343987
0.0471429
0.0464822
0.0223478
0.0250716
0.0103678
0.0038513
0.0273038
0.0380331
0.00840727
0.0134827
0.035162
0.00609809
0.0205195
0.0397094
0.00282332
0.0223682
0.00774282
0.00670177
0.0098575
0.00892143
0.00406181
0.00675664
0.0136254
0.0131107
0.00685456
0.00564415
0.00952205
0.0165908
0.0100872
0.00710863
0.0149999
0.0111057
0.00905309
0.00834716
0.00607076
0.0127441
0.00966501
0.00740036
0.00295878
0.00543169
0.00956984
0.0141806
0.0110932
0.00625325
0.000832663
0.00853094
0.00723119
0.00183338
0.00288097
0.00497964
0.00398698
0.00722123
0.00982037
0.0067082
0.0927332
0.016244
0.00527208
0.00107427
0.0471069
0.0469906
0.0060328
0.0196906
0.0114265
0.025003
0.0115236
0.0393817
0.0433791
0.0372256
0.0105844
0.0227115
0.0677697
0.00627447
0.0121592
0.00132731
0.00675827
0.0122535
0.0278104
0.00661083
0.00909661
0.00805582
0.00633487
0.0324597
0.00423212
0.00960015
0.0100063
0.0207172
0.0136
0.0240006
0.00849612
0.0440511
0.00280503
0.017029
0.00991887
0.0110343
0.0139343
0.000466059
0.00297331
0.0191898
0.0110154
0.00700714
0.029121
0.0030358
0.00787253
0.0228837
0.00409271
0.0156704
0.0251096
0.00836611
0.0299352
0.0182775
0.00397498
0.0186166
0.00370423
0.00392173
0.00372822
0.00120669
0.0299072
0.00920545
0.0281874
0.0113824
0.0048858
0.00851576
0.0355838
0.00468535
0.0033557
0.0104632
0.00635617
0.012654
0.00192769
0.00705504
0.00879068
0.0135225
0.00577131
0.00399601
0.00718746
0.00336542
0.00520703
0.0130665
0.00474753
0.0130744
0.0179494
0.0228576
0.00446192
0.00611312
0.0127829
0.00211735
0.0105714
0.0112821
0.00447243
0.00398755
0.0115357
0.0086383
0.00657624
0.00595186
0.00197105
0.00404833
0.0198899
0.00783741
0.00571758
0.0130888
0.0108851
0.0145379
0.0114985
0.0100595
0.0185059
0.042859
0.0324565
0.0280701
0.0382338
0.0062954
0.222689
0.00824593
0.00884101
0.0113528
0.0242092
0.0133703
0.164708
0.033951
0.00919245
0.00179737
0.0130709
0.0211968
0.16689
0.0190461
0.00830405
0.00440838
0.00374019
0.0239024
0.083395
0.00649031
0.0637717
0.00180307
0.00417183
0.055006
0.350402
0.232312
0.00859247
0.0145192
0.0858041
0.027512
0.012606
0.0106209
0.00248408
0.0128606
0.00646708
0.0150047
0.00966839
0.00624215
0.114195
0.0401693
0.0151435
0.0331369
0.00211718
0.135004
0.172294
0.00908901
0.0411794
0.0635747
0.00319915
0.00225759
0.00471924
0.28771
0.00597877
0.0151829
0.00299821
0.0229746
0.00652699
0.00716074
0.0301296
0.00331213
0.00449498
0.00452881
0.00940674
0.0999136
0.00156005
0.0977393
0.00443724
0.00255086
0.0474291
0.00672336
0.00810593
0.0248467
0.00877859
0.0248326
0.006871
0.00587791
0.00164358
0.00960994
0.0047247
0.0104249
0.0058655
0.00722171
0.00604597
0.0144299
0.00450599
0.0124592
0.00606874
0.00784067
0.00221693
0.00511593
0.00969373
0.00462504
0.00415502
0.00173437
0.00918893
0.00440081
0.00698918
0.0103736
0.00544901
0.00770105
0.00434236
0.00263739
0.0120686
0.00219007
0.0227876
0.00180471
0.0162415
0.0152534
0.00315351
0.00138551
0.0101834
0.00630699
0.0102383
0.00288114
0.0100943
0.00662373
0.00422169
0.00339035
0.0112911
0.00389646
0.00317177
0.00599006
0.00967893
0.00300291
0.00492047
0.00558737
0.00263692
0.0157856
0.0121435
0.00801503
0.0271812
0.0147046
0.0178578
0.0117732
0.0175323
0.0152313
0.00931827
0.00703357
0.0122073
0.00883602
0.0064732
0.00903719
0.0177004
0.00741222
0.0132951
0.0145601
0.0111592
0.023644
0.00669387
0.0202713
0.00502796
0.0310623
0.00765608
0.00838419
0.0267648
0.0663427
0.00906419
0.0137345
0.014423
0.0136973
0.00642141
0.00558202
0.00744538
0.00591475
0.00172039
0.0143138
0.236804
0.00578909
0.0618105
0.0083453
0.0104594
0.0139917
0.00617245
0.00407157
0.104795
0.00689282
0.00349942
0.321366
0.18195
0.1067
0.068373
0.000859934
0.0621855
0.10676
0.0260129
0.0785148
0.019545
0.0126913
0.0982026
0.0113745
0.00128491
0.00985075
0.221146
0.22969
0.135105
0.109601
0.23914
0.00731926
0.00914197
0.543
0.118405
0.0760625
0.0123974
0.012793
0.300882
0.0174227
0.0220804
0.00320992
0.0299839
0.013875
0.0197954
0.0203217
0.00480117
0.0113617
0.0275411
0.00455503
0.0223228
0.00195191
0.0069905
0.0271413
0.0102613
0.0145913
0.0112942
0.037048
0.0162552
0.0214537
0.0770671
0.0162667
0.0206991
0.00588355
0.0146799
0.00944977
0.00982882
0.0150192
0.0123041
0.0133637
0.00630396
0.0391209
0.00934946
0.0145453
0.0319711
0.0249963
0.0249132
0.00461664
0.00623984
0.00274687
0.013229
0.00952214
0.0155348
0.00462434
0.00308425
0.0111932
0.00959521
0.00767561
0.00981053
0.00186574
0.00585806
0.0112071
0.00813737
0.214932
0.00958594
0.109052
0.0285884
0.00615278
0.0320754
0.0194823
0.00496133
0.0181762
0.00705035
0.204135
0.0117703
0.0170372
0.00576948
0.00332788
0.0145616
0.00714433
0.00564875
0.0101442
0.00421356
0.00773456
0.00439556
0.00715929
0.00585046
0.00724235
0.0107889
0.0121687
0.00686702
0.0226475
0.0151391
0.02308
0.101817
0.0156074
0.199631
0.0170304
0.00369165
0.0084762
0.0256766
0.0124229
0.0466155
0.147393
0.0480761
0.0719364
0.0543838
0.0796709
0.0442198
0.00210865
0.00331246
0.000490933
0.0140637
0.0166563
0.0064689
0.00435049
0.0417679
0.0194281
0.00653686
0.0461533
0.00669634
0.0177373
0.0370561
0.0505999
0.00806328
0.0167762
0.0987722
0.0180408
0.0151112
0.119014
0.0132952
0.0370686
0.016805
0.00634033
0.0167379
0.00490127
0.00519361
0.00355009
0.00849113
0.0131551
0.0153992
0.00793869
0.00468212
0.0278534
0.0101157
0.0135157
0.00850877
0.0064486
0.00650105
0.000465321
0.00653457
0.00197933
0.0126311
0.0102033
0.0238943
0.0105151
0.00835374
0.00151146
0.003546
0.00774993
0.0103906
0.0785931
0.0102045
0.00744909
0.307392
0.216692
0.142729
0.0071616
0.16576
0.00408148
0.00247872
0.0128576
0.00467225
0.010409
0.0731072
0.0768541
0.0233355
0.012203
0.0409573
0.0142973
0.0683238
0.0317549
0.0573449
0.0830306
0.00875514
0.00959902
0.733975
0.054657
0.0259628
0.00155035
0.024689
0.00590549
0.00443332
0.0216334
0.0151571
0.0844723
0.014707
0.0949397
0.0809116
0.0246449
0.140048
0.00487313
0.137044
0.00465327
0.0153221
0.00194027
0.00737166
0.148761
0.00119804
0.00553886
0.00405061
0.00227271
0.00568342
0.00407757
0.00259019
0.00786446
0.00265755
0.00392004
0.00818823
0.00276391
0.0936223
0.070586
0.0539001
0.0035949
0.0735141
0.0652219
0.0606717
0.00685344
0.00886479
0.00238775
0.0104878
0.00278666
0.00524711
0.0450613
0.0076396
0.0059778
0.00811172
0.00389508
0.00250966
0.0114106
0.00651204
0.0042308
0.00686839
0.00561676
0.0118449
0.00317903
0.00358653
0.0012147
0.0479953
0.0158334
0.0209042
0.0198458
0.00999197
0.246021
0.342054
0.0999161
0.111225
0.0112935
0.0157309
0.0604075
0.00311525
0.165553
0.106636
0.0329197
0.0963461
0.0025222
0.104787
0.00529228
0.00439495
0.147259
0.0622643
0.0383184
0.00171431
0.0169337
0.00271684
0.00503021
0.00484449
0.028933
0.00739779
0.0119435
0.0112138
0.00583284
0.00343047
0.0119059
0.0109297
0.0135406
0.00344809
0.00523988
0.00901578
0.013707
0.0130142
0.00398909
0.0095529
0.00356919
0.00357178
0.00276715
0.00999678
0.0098743
0.00513103
0.00719861
0.00756134
0.00766304
0.00444842
0.00900885
0.0126425
0.00152804
0.00758328
0.00858785
0.00829743
0.00767989
0.0123853
0.0248208
0.00458217
0.000373121
0.00969418
0.0171187
0.00754274
0.0101998
0.00223236
0.00941716
0.012453
0.004686
0.00854318
0.0176065
0.0106699
0.00679091
0.0221871
0.0011265
0.00506614
0.00687686
0.00370783
0.0133696
0.00959359
0.00896533
0.00208895
0.00302263
0.00449568
0.00786683
0.122691
0.00255729
0.00601425
0.00964893
0.000688939
0.00987459
0.00614766
0.0138742
0.0135825
0.00257203
0.000944121
0.00565176
0.00712293
0.00671688
0.0110209
0.0102723
0.00781047
0.00435127
0.0110626
0.038463
0.00956153
0.00760431
0.00813513
0.219191
0.00372229
0.00686865
0.248252
0.157106
0.0111185
0.00345693
0.00310888
0.0304165
0.0158321
0.0229354
0.007512
0.0011347
0.00477203
0.0125788
0.0071147
0.0105993
0.000675056
0.00617858
0.029666
0.00860528
0.00631816
0.00521736
0.00279931
0.0105195
0.00455999
0.00628119
0.010096
0.0141084
0.00406729
0.00439179
0.00476696
0.00686197
0.00647816
0.00328414
0.00748809
0.00149368
0.00658039
0.00451596
0.0216625
0.0160002
0.0189591
0.00361697
0.00681688
0.00762365
0.00953891
0.00194037
0.0058439
0.00570933
0.000619415
0.0319387
0.0162557
0.00718848
0.00143501
0.00314236
0.00278799
0.00424025
0.00818247
0.0146393
0.00393096
0.00123435
0.0049869
0.00396852
0.117346
0.137906
0.00336944
0.040689
0.0140091
0.0303466
0.00770241
0.00171403
0.0134298
0.00792584
0.00620826
0.00377886
0.00851497
0.00150335
0.0299682
0.0140668
0.00657988
0.0035259
0.00281909
0.0119272
0.00738795
0.00231774
0.00424468
0.00783993
0.10396
0.00387771
0.00736538
0.00541564
0.00562678
0.00463528
0.0115602
0.00833058
0.0383887
0.0280279
0.0161581
0.0119686
0.0079602
0.0976263
0.0117765
0.0182671
0.090736
0.0769647
0.00846935
0.00105573
0.000769038
0.0103882
0.00526334
0.00351914
0.0302735
0.00987914
0.00285818
0.00987647
0.256377
0.104313
0.0144259
0.0396566
0.00479349
0.00539908
0.00948652
0.0123994
0.00645776
0.0156499
0.0084628
0.00261952
0.377355
0.0749172
0.0443609
0.002599
0.0207191
0.838136
0.0083308
0.0170051
0.00597613
0.00865303
0.0992437
0.081239
0.00708709
0.00301394
0.0182844
0.00634948
0.00645939
0.00865532
0.00826675
0.00455536
0.0105713
0.00132644
0.00949348
0.00203756
0.0158118
0.00608021
0.0130989
0.0537664
0.0352351
0.0243924
0.0555388
0.00545312
0.07559
0.00600287
0.0517613
0.0445899
0.241706
0.00119094
0.236389
0.010201
0.00700361
0.00587519
0.00145075
0.00595507
0.012501
0.0117934
0.010962
0.00969734
0.0124634
0.0103764
0.00483306
0.0174169
0.014839
0.0102545
0.010406
0.00856192
0.00333774
0.00257507
0.00551632
0.00644063
0.0161419
0.0149564
0.00804541
0.00324374
0.00317171
0.0138849
0.174958
0.124797
0.0034893
0.0159611
0.244846
0.00355178
0.0998731
0.177415
0.00515148
0.00355798
0.00628431
0.00716828
0.00232626
0.00405103
0.00341583
0.00471505
0.0165817
0.0105083
0.0741439
0.0440194
0.127539
0.00560079
0.0116933
0.0188915
0.0135489
0.00625105
0.0105604
0.00511862
0.0142295
0.00965085
0.0113594
0.0188024
0.000433278
0.00884661
0.0126609
0.00444304
0.00486285
0.00516721
0.0167751
0.00269406
0.00259751
0.00245972
0.00405945
0.00959254
0.00993597
0.00905437
0.00161971
0.0114992
0.00548023
0.00991304
0.011593
0.00743079
0.00921503
0.00781362
0.0092958
0.010564
0.0153518
0.0112337
0.0115896
0.00451268
0.0038378
0.0380444
0.0117327
0.00264413
0.0116171
0.00293492
0.00201423
0.00313379
0.00831255
0.00540416
0.00689195
0.0113383
0.179015
0.0608308
0.00581103
0.00801089
0.267269
0.00356982
0.0419152
0.00561309
0.00299651
0.0465648
0.0536532
0.00411013
0.0733017
0.126765
0.0400089
0.00353858
0.00201274
0.0266593
0.00489869
0.00412941
0.0170972
0.0570265
0.0195043
0.0034919
0.00357154
0.0113369
0.00758959
0.0274975
0.0086816
0.0134296
0.0233193
0.0108208
0.0101974
0.0038941
0.006731
0.0863382
0.00854987
0.00181872
0.00749185
0.00239458
0.0018402
0.00249163
0.0787693
0.0208645
0.0096032
0.00601818
0.00263833
0.0149602
0.00125527
0.00623853
0.00679357
0.0192004
0.0355535
0.00882389
0.00875307
0.0153341
0.00185238
0.0172101
0.00628493
0.00792119
0.0124542
0.0153384
0.00261858
0.0184582
0.0191497
0.00359712
0.00207003
0.00286779
0.00244248
0.00806558
0.00252393
0.00776936
0.0087306
0.0161845
0.0371802
0.00437649
0.0414206
0.00356807
0.00358989
0.00390021
0.0159273
0.00829208
0.0104745
0.0136079
0.00607734
0.020848
0.0180017
0.0133056
0.00458724
0.00788347
0.010883
0.00847218
0.00831584
0.00997808
0.00395486
0.0105655
0.0115805
0.00346397
0.00532312
0.00430643
0.00680453
0.0112977
0.0107686
0.00454891
0.036216
0.00579887
0.0147295
0.00405828
0.000414127
0.0127323
0.0358295
0.00510084
0.0126776
0.0148923
0.00314949
0.00565261
0.00258143
0.00341343
0.0313526
0.00213535
0.0130628
0.00355892
0.0116453
0.0105954
0.0122538
0.00979298
0.00665366
0.00671042
0.0177026
0.00487358
0.00275472
0.00128073
0.000896465
0.0122724
0.0107129
0.00898372
0.0028013
0.00499456
0.0128851
0.00145765
0.00890194
0.019111
0.0111986
0.000350986
0.00363665
0.00652708
0.00562909
0.00656467
0.00931612
0.0144569
0.0116394
0.00575348
0.00834827
0.0288339
0.0127168
0.0274503
0.00479162
0.00884477
0.00456796
0.0109876
0.0568224
0.00189701
0.0210905
0.0225397
0.00742773
0.0366941
0.00976449
0.00942092
0.0131827
0.00760504
0.0132111
0.00368164
0.0268289
0.0630268
0.0335569
0.00253035
0.00312676
0.0514265
0.00411572
0.00429992
0.0169781
0.00204419
0.0171304
0.155417
0.00642569
0.0282152
0.0526609
0.0258307
0.0191826
0.0768629
0.0107695
0.0273373
0.00140236
0.0032313
0.0118155
0.00909459
0.00545094
0.0265754
0.00410985
0.0072482
0.0238191
0.0206936
0.00666464
0.00453664
0.0173803
0.0094973
0.00141195
0.0181056
0.0342318
0.0229785
0.00788198
0.0302585
0.0288214
0.00489007
0.00436666
0.0141027
0.00671939
0.00195809
0.0329244
0.0135643
0.0074466
0.00244384
0.0122472
0.0159867
0.00743993
0.00329083
0.00486708
0.00444225
0.0118112
0.00875491
0.00240693
0.00792635
0.0083576
0.00231487
0.0304705
0.005922
0.00529992
0.0371338
0.00749289
0.0115678
0.0588062
0.00779088
0.00776813
0.00890447
0.00849621
0.0177114
0.000853798
0.00887667
0.00205819
0.018637
0.0129914
0.00193518
0.0101371
0.00394975
0.0159996
0.0152093
0.0110003
0.00651501
0.00345421
0.00742528
0.00359967
0.00337119
0.0224287
0.00445601
0.0183088
0.0123824
0.00740872
0.0275169
0.0289105
0.00433262
0.259894
0.0383321
0.0249405
0.0105785
0.0544085
0.0103197
0.027567
0.214101
0.255276
0.0452953
0.0117287
0.00703952
0.00254824
0.00742166
0.0226158
0.00689482
0.00901711
0.0069324
0.0112738
0.00428656
0.00394035
0.00062304
0.00562852
0.00499569
0.00773923
0.00661117
0.00468093
0.00906232
0.0231239
0.0067877
0.112092
0.045524
0.175169
0.0878242
0.0899501
0.0115383
0.00555055
0.00916086
0.0121122
0.00418455
0.00850142
0.014147
0.00487092
0.00319946
0.00209633
0.0107936
0.0036466
0.0150609
0.0103176
0.00526416
0.00384701
0.0650403
0.000623736
0.00251431
0.00689922
0.0124725
0.00605285
0.00873363
0.000832831
0.0180519
0.0208219
0.00453115
0.0128802
0.0097512
0.046183
0.0266689
0.213291
0.0170344
0.0691909
0.13958
0.0177505
0.000810461
0.00690718
0.0185247
0.019062
0.0892647
0.0316853
0.102383
0.0898833
0.162439
0.00639599
0.00727883
0.554274
0.02145
0.25088
0.238777
0.143818
0.0115662
0.0109575
0.0350832
0.0103945
0.145441
0.0417412
0.0323057
0.0302968
0.241792
0.155622
0.0397202
0.00846722
0.111196
0.00510698
0.00507576
0.0147207
0.00177577
0.0121209
0.0114189
0.00501957
0.0169258
0.0206256
0.00811104
0.0517367
0.0296517
0.0326526
0.0197193
0.0229545
0.189397
0.0250538
0.0426134
0.0894193
0.134022
0.06525
0.071187
0.0130145
0.00618376
0.0122997
0.00885832
0.0039294
0.00537484
0.00205102
0.00482013
0.011557
0.0101387
0.00778046
0.00386648
0.00357688
0.00508855
0.00784008
0.0102655
0.0152842
0.0125789
0.0129121
0.0105634
0.0041957
0.00881094
0.00649914
0.00291312
0.00309913
0.00210329
0.00406265
0.00402642
0.00272759
0.00798935
0.0187326
0.0184929
0.00517553
0.0075241
0.00913334
0.0116922
0.0760489
0.0164659
0.038547
0.00411374
0.00604622
0.00570996
0.00985692
0.0110103
0.0040972
0.00622214
0.00652344
0.00744578
0.00305992
0.00631786
0.0124347
0.0208228
0.00975468
0.0110694
0.00522619
0.00069418
0.0169616
0.153361
0.0290026
0.0496432
0.0354504
0.00837668
0.0152612
0.0141581
0.016135
0.068782
0.0126331
0.0228177
0.00721536
0.0790804
0.0108959
0.00819734
0.115198
0.117431
0.150759
0.0494197
0.0072146
0.0453436
0.0233094
0.113337
0.0640202
0.0711424
0.240715
0.0700019
0.0148695
0.00507847
0.0200294
0.0235985
0.0132945
0.022107
0.0197023
0.0115188
0.0080199
0.0737868
0.116405
0.0635612
0.144578
0.00558608
0.00885186
0.031702
0.0619643
0.0789262
0.0969846
0.00474483
0.00723843
0.00556
0.0464664
0.152303
0.0770855
0.00176621
0.096115
0.0533467
0.105253
0.00372789
0.00622496
0.0103783
0.00571163
0.0169396
0.255043
0.00770889
0.00706998
0.149171
0.0881318
0.0300934
0.168981
0.00461872
0.036831
0.263105
0.0140373
0.00456574
0.0757069
0.199868
0.00960681
0.117609
0.0080308
0.0888576
0.126436
0.0370179
0.0237572
0.00177314
0.0857627
0.144237
0.230072
0.0183972
0.0134342
0.0124724
0.0911683
0.00441316
0.00235821
0.011995
0.00235229
0.04829
0.0650197
0.180782
0.116222
0.00723967
0.0263889
0.130075
0.00856472
0.0681806
0.0748511
0.141735
0.0083607
0.0434908
0.0299133
0.00590544
0.0277727
0.059131
0.00303685
0.00324967
0.0756414
0.0713656
0.0328335
0.0204388
0.0047065
0.0208706
0.000464057
0.00474084
0.0754486
0.00310577
0.00552284
0.0425026
