0.17633
0.199657
0.190651
0.197063
0.189978
0.190231
0.190902
0.191611
0.193211
0.189517
0.190336
0.190191
0.18965
0.191417
0.205707
0.190982
0.193478
0.189454
0.188152
0.191142
0.190384
0.194718
0.190321
0.190883
0.192241
0.190968
0.196823
0.190322
0.190076
0.192851
0.205305
0.195959
0.190922
0.189927
0.191491
0.189341
0.189828
0.190614
0.189901
0.19317
0.189494
0.190321
0.190255
0.1898
0.198063
0.189986
0.190825
0.190889
0.189442
0.198471
0.18949
0.189657
0.190743
0.190474
0.197572
0.189557
0.189073
0.190438
0.189489
0.195001
0.247686
0.189846
0.190858
0.189796
0.198364
0.189993
0.191373
0.190829
0.191241
0.197626
0.190147
0.190396
0.190282
0.190579
0.192969
0.189872
0.19057
0.192602
0.189269
0.193215
0.19135
0.190606
0.194207
0.188852
0.193574
0.190896
0.190471
0.19581
0.190186
0.190049
0.18961
0.189139
0.197134
0.189898
0.189859
0.193477
0.189748
0.190288
0.190132
0.190238
0.192786
0.190103
0.189643
0.191025
0.191256
0.198796
0.190872
0.190983
0.191082
0.189447
0.198666
0.191413
0.19018
0.189148
0.191052
0.196871
0.191214
0.189538
0.18968
0.191611
0.193704
0.19054
0.189835
0.190743
0.190315
0.193028
0.190053
0.189668
0.196045
0.190478
0.194128
0.190458
0.18978
0.196313
0.190443
0.192222
0.191416
0.190212
0.196069
0.189742
0.1928
0.191801
0.189754
0.195592
0.189312
0.193053
0.19132
0.190026
0.191151
0.189677
0.19079
0.192349
0.190863
0.189396
0.189917
0.190416
0.198433
0.190533
0.189849
0.190005
0.190886
0.199271
0.189593
0.190568
0.190703
0.189889
0.196495
0.189451
0.190865
0.190617
0.189907
0.191538
0.18911
0.190097
0.19077
0.190607
0.192181
0.190771
0.190588
0.194776
0.189566
0.193325
0.189851
0.18962
0.195129
0.1913
0.193745
0.189577
0.189433
0.196394
0.190279
0.193806
0.191045
0.190431
0.191572
0.189824
0.192256
0.190952
0.18979
0.190533
0.190323
0.193526
0.195267
0.190781
0.190831
0.190619
0.19077
0.195768
0.19061
0.189941
0.190363
0.190877
0.198009
0.191104
0.190557
0.19074
0.189847
0.199196
0.18985
0.189079
0.191006
0.190515
0.194108
0.190482
0.190578
0.189877
0.189736
0.193759
0.190809
0.189746
0.195448
0.190262
0.193005
0.191067
0.190876
0.196457
0.18981
0.192998
0.190231
0.189697
0.195132
0.189553
0.193145
0.191478
0.191143
0.190834
0.19108
0.193217
0.191067
0.19004
0.190205
0.19034
0.192842
0.196037
0.191266
0.190359
0.191373
0.193906
0.196465
0.19006
0.190511
0.190476
0.193533
0.194908
0.188719
0.190561
0.19062
0.189656
0.197986
0.189547
0.189547
0.188637
0.190313
0.193545
0.190507
0.189788
0.194824
0.190242
0.192316
0.190852
0.190696
0.195803
0.189722
0.193298
0.190857
0.189875
0.196223
0.189972
0.192887
0.189757
0.189696
0.195241
0.190909
0.192489
0.191657
0.189994
0.191278
0.189889
0.192592
0.190688
0.190147
0.190428
0.19101
0.192128
0.195311
0.190213
0.189565
0.190173
0.192806
0.196227
0.191309
0.189841
0.191766
0.191517
0.196825
0.18938
0.190109
0.190006
0.193782
0.195784
0.189258
0.189778
0.190833
0.193579
0.190387
0.190414
0.190607
0.190653
0.192324
0.190928
0.189821
0.190554
0.194831
0.189224
0.191541
0.190694
0.191036
0.19659
0.188942
0.191652
0.189864
0.190711
0.195454
0.189999
0.192013
0.190445
0.188765
0.195389
0.189885
0.193025
0.190624
0.189948
0.189848
0.18931
0.191899
0.191391
0.190766
0.191249
0.191108
0.191884
0.196458
0.189323
0.190205
0.191161
0.191944
0.196296
0.191197
0.190168
0.190666
0.194012
0.195193
0.189681
0.189373
0.1915
0.193401
0.192251
0.190442
0.189704
0.189206
0.192959
0.191602
0.190698
0.190126
0.19666
0.193893
0.191624
0.188979
0.190819
0.196133
0.192037
0.189516
0.190042
0.189201
0.195706
0.190159
0.192976
0.190843
0.189844
0.196263
0.190477
0.193433
0.190855
0.191147
0.190997
0.190616
0.193418
0.191782
0.18931
0.190593
0.191027
0.192882
0.19619
0.190816
0.190697
0.190227
0.193156
0.196362
0.189689
0.191246
0.190882
0.192463
0.19594
0.18989
0.192092
0.191092
0.192461
0.195509
0.189986
0.190396
0.191048
0.193187
0.189261
0.190012
0.191156
0.190613
0.192939
0.189228
0.191002
0.190727
0.195819
0.192914
0.190363
0.191485
0.189505
0.196309
0.192818
0.190683
0.18938
0.18972
0.196198
0.19426
0.190224
0.190527
0.189552
0.196003
0.192267
0.190526
0.190195
0.190524
0.190538
0.190824
0.19332
0.190596
0.190815
0.190648
0.191112
0.192769
0.195498
0.190738
0.191052
0.191197
0.192831
0.195927
0.190295
0.190914
0.190537
0.193042
0.196888
0.190153
0.19103
0.19254
0.192704
0.196064
0.190783
0.1903
0.19077
0.192592
0.190415
0.190728
0.191307
0.193704
0.193308
0.190889
0.191474
0.1912
0.196313
0.191953
0.190222
0.190659
0.189863
0.195206
0.191883
0.189616
0.190594
0.190821
0.196028
0.192369
0.18957
0.190074
0.190842
0.195743
0.193291
0.189881
0.189749
0.190062
0.190786
0.193562
0.190904
0.189949
0.190862
0.189443
0.191773
0.191432
0.196649
0.189655
0.18963
0.191062
0.191102
0.196256
0.190933
0.191136
0.190852
0.192444
0.195714
0.190331
0.189745
0.190911
0.192881
0.195466
0.190373
0.190092
0.191569
0.192623
0.19118
0.190087
0.189522
0.190296
0.192247
0.19014
0.190031
0.189528
0.196292
0.191295
0.188861
0.191171
0.190621
0.194506
0.192392
0.189177
0.191244
0.189894
0.194911
0.193
0.190166
0.190278
0.191115
0.196445
0.194135
0.189847
0.190245
0.189321
0.190142
0.193238
0.190247
0.190947
0.189205
0.189452
0.191906
0.190372
0.195153
0.190254
0.190517
0.193654
0.189117
0.19629
0.189149
0.190031
0.194353
0.190623
0.194166
0.189615
0.190435
0.19091
0.192102
0.190878
0.189633
0.190333
0.189504
0.19337
0.189145
0.190085
0.191661
0.195514
0.191583
0.188861
0.191257
0.189861
0.196355
0.192189
0.189956
0.191009
0.19061
0.196153
0.192732
0.190059
0.190145
0.188873
0.190258
0.192811
0.189795
0.191576
0.190656
0.189279
0.192234
0.189564
0.194987
0.190502
0.19027
0.192878
0.190346
0.196067
0.190284
0.190936
0.193915
0.190054
0.196539
0.190006
0.189735
0.193461
0.191049
0.195945
0.189035
0.190899
0.193749
0.189723
0.190886
0.190239
0.189978
0.192789
0.189859
0.190668
0.190294
0.190207
0.195252
0.191683
0.189245
0.189083
0.189771
0.19532
0.191621
0.189846
0.19098
0.190267
0.194731
0.192962
0.190147
0.190851
0.189209
0.19028
0.192793
0.189392
0.190034
0.190392
0.189701
0.191651
0.188886
0.194901
0.189249
0.188901
0.193158
0.190852
0.195096
0.189427
0.188025
0.19177
0.188871
0.194798
0.189057
0.187444
0.189794
0.188511
0.18905
0.188714
0.189992
0.197885
0.188825
0.190162
0.189154
0.189842
0.19775
0.189836
0.190153
0.191346
0.190365
0.195754
0.19329
0.190789
0.190572
0.190243
0.197389
0.19258
0.190515
0.190955
0.190069
0.191807
0.193367
0.19068
0.189597
0.189512
0.190677
0.193441
0.189603
0.194693
0.191504
0.19023
0.192447
0.190638
0.195031
0.190277
0.191092
0.1937
0.191642
0.196707
0.191311
0.191385
0.193494
0.190364
0.19726
0.191447
0.190522
0.193243
0.190335
0.195656
0.189683
0.189675
0.193969
0.191378
0.191805
0.190905
0.190443
0.192548
0.190363
0.190163
0.191513
0.190732
0.19948
0.190183
0.189303
0.190831
0.191332
0.198374
0.190207
0.191672
0.190281
0.191117
0.198685
0.191179
0.191032
0.191144
0.18869
0.19701
0.189909
0.18977
0.190315
0.190132
0.188964
0.189668
0.175175
0.179033
0.175618
0.18782
0.200925
0.190933
0.191785
0.194788
0.191566
0.200232
0.189005
0.19179
0.19447
0.190866
0.196634
0.189939
0.191294
0.19367
0.191656
0.195895
0.190763
0.188874
0.19357
0.190143
0.197742
0.191433
0.190064
0.193875
0.191133
0.197243
0.191007
0.189749
0.193912
0.191924
0.198333
0.188733
0.188759
0.191367
0.191315
0.197033
0.189458
0.193084
0.190298
0.190366
0.195526
0.189575
0.190565
0.192079
0.189632
0.198143
0.189844
0.190405
0.19285
0.190834
0.197396
0.189167
0.189846
0.192252
0.189245
0.198835
0.19048
0.191045
0.193443
0.190974
0.195976
0.190938
0.191697
0.19254
0.19169
0.195338
0.191109
0.191302
0.192997
0.189942
0.19345
0.192542
0.190137
0.194407
0.189847
0.19085
0.193498
0.192377
0.194829
0.19141
0.193768
0.19362
0.190551
0.197258
0.191844
0.19473
0.193572
0.191783
0.196487
0.191281
0.193909
0.19299
0.191637
0.19751
0.190919
0.192247
0.191815
0.19089
0.194552
0.189881
0.188728
0.195571
0.189973
0.195026
0.191409
0.187988
0.19442
0.188233
0.192393
0.189937
0.191843
0.196829
0.190963
0.19349
0.191632
0.190675
0.196343
0.190168
0.190831
0.189926
0.191246
0.197295
0.190886
0.192036
0.191805
0.191509
0.200007
0.191556
0.19329
0.177627
0.185497
0.190721
0.194418
0.189929
0.19845
0.189478
0.191026
0.19366
0.19078
0.196457
0.191732
0.191292
0.1932
0.190538
0.193151
0.19103
0.189008
0.195084
0.190954
0.193786
0.194441
0.189571
0.193777
0.189078
0.193703
0.1906
0.190505
0.194202
0.190574
0.193235
0.191689
0.189257
0.19681
0.190579
0.192602
0.194351
0.189943
0.197124
0.190959
0.193889
0.193807
0.191158
0.197211
0.191527
0.194511
0.1936
0.191801
0.195432
0.190663
0.193809
0.193927
0.190791
0.196391
0.191933
0.194065
0.193466
0.190089
0.191234
0.189974
0.192762
0.192719
0.189647
0.191039
0.190824
0.19191
0.194417
0.190425
0.193562
0.19173
0.194481
0.193744
0.190541
0.190627
0.19442
0.193587
0.192206
0.189228
0.190473
0.190657
0.19525
0.194127
0.19089
0.190148
0.194426
0.194914
0.19666
0.191493
0.190607
0.193958
0.189891
0.195837
0.190836
0.191079
0.194015
0.19157
0.199591
0.191814
0.191017
0.193402
0.190866
0.19909
0.190682
0.190955
0.192873
0.189974
0.199146
0.191019
0.190767
0.193698
0.190884
0.199148
0.190296
0.191256
0.194149
0.191216
0.199456
0.190784
0.1908
0.193551
0.191652
0.195981
0.191058
0.189064
0.194409
0.190542
0.194434
0.193647
0.191043
0.195162
0.191174
0.194827
0.192264
0.191568
0.1962
0.19089
0.193769
0.19233
0.189804
0.196258
0.190157
0.193571
0.19418
0.18986
0.195551
0.189497
0.193742
0.193833
0.190637
0.195453
0.190057
0.193159
0.194841
0.190935
0.192826
0.190757
0.1944
0.194042
0.190475
0.193068
0.191315
0.193958
0.193011
0.190053
0.192312
0.192955
0.192893
0.196566
0.189683
0.190705
0.194499
0.192235
0.195403
0.191506
0.191548
0.192968
0.193026
0.196576
0.189966
0.190934
0.19384
0.193191
0.195152
0.191077
0.190161
0.192907
0.19462
0.196259
0.189525
0.190626
0.194619
0.193986
0.192093
0.190577
0.191319
0.193554
0.191283
0.193753
0.192975
0.19106
0.195572
0.190844
0.193366
0.19346
0.190345
0.196043
0.19009
0.192678
0.193608
0.191113
0.196306
0.190589
0.194335
0.193536
0.189701
0.196837
0.190579
0.193847
0.193324
0.191145
0.196884
0.190291
0.193468
0.193499
0.191609
0.193015
0.191057
0.191623
0.188636
0.191493
0.189492
0.194656
0.19364
0.191379
0.19349
0.18939
0.192493
0.190974
0.190961
0.194747
0.190809
0.194923
0.193145
0.191246
0.196517
0.191264
0.193791
0.193128
0.190572
0.193665
0.191336
0.194072
0.194089
0.191074
0.193913
0.190548
0.19387
0.193704
0.189798
0.191518
0.194349
0.194174
0.196657
0.191196
0.1916
0.192541
0.193985
0.194629
0.189027
0.190419
0.192384
0.192588
0.194588
0.191606
0.190703
0.19301
0.193916
0.19431
0.189252
0.191027
0.193274
0.193132
0.195074
0.189064
0.189094
0.19321
0.195374
0.196334
0.190209
0.19013
0.192268
0.191739
0.191913
0.190513
0.190553
0.194127
0.192285
0.190285
0.194262
0.191661
0.195851
0.19319
0.191603
0.196418
0.191943
0.196244
0.193481
0.190864
0.194584
0.184349
0.19584
0.19562
0.178012
0.189609
0.197571
0.195864
0.194024
0.192303
0.192716
0.196954
0.195461
0.196554
0.192598
0.190284
0.195989
0.194682
0.195808
0.190828
0.190726
0.196696
0.196001
0.197401
0.19239
0.192463
0.196815
0.196389
0.197583
0.192618
0.192092
0.1975
0.196668
0.19688
0.193072
0.192076
0.193986
0.196014
0.197614
0.191523
0.194565
0.195822
0.191529
0.197912
0.191955
0.196845
0.193555
0.191536
0.1975
0.192565
0.19208
0.191042
0.192529
0.197753
0.192826
0.192019
0.194087
0.192182
0.198088
0.191134
0.19305
0.192034
0.191371
0.196056
0.191056
0.191586
0.196188
0.192422
0.196342
0.193049
0.192581
0.195707
0.195713
0.196896
0.191943
0.19349
0.196953
0.194965
0.197908
0.192543
0.192824
0.197705
0.195095
0.197086
0.192693
0.192989
0.196931
0.195892
0.196928
0.192599
0.19281
0.197311
0.194318
0.195384
0.192093
0.191935
0.196285
0.194986
0.197681
0.19328
0.192653
0.197535
0.195186
0.196672
0.19174
0.192912
0.197218
0.19504
0.197568
0.193094
0.191927
0.197189
0.195641
0.19713
0.192496
0.192502
0.196441
0.194334
0.19782
0.192025
0.19177
0.197278
0.195978
0.197093
0.193049
0.192377
0.196429
0.195421
0.196884
0.193071
0.192952
0.197555
0.195138
0.19662
0.191913
0.188089
0.19657
0.195332
0.197005
0.191891
0.192087
0.197025
0.1945
0.196082
0.191482
0.189052
0.198283
0.188712
0.196826
0.192372
0.192129
0.200828
0.192353
0.196833
0.191344
0.191446
0.198566
0.192652
0.196573
0.190889
0.191445
0.199228
0.191799
0.196645
0.192756
0.190714
0.174346
0.190154
0.174129
0.194866
0.190522
0.191267
0.194219
0.189806
0.193066
0.189659
0.190682
0.195703
0.18908
0.193226
0.187603
0.187451
0.192514
0.189036
0.194077
0.187923
0.187682
0.192734
0.188756
0.190272
0.189132
0.189671
0.192871
0.192997
0.190507
0.19164
0.191394
0.1963
0.195035
0.191878
0.192516
0.189766
0.197149
0.194863
0.191695
0.194837
0.191339
0.186921
0.189666
0.197144
0.191004
0.190815
0.195928
0.190571
0.196792
0.189997
0.189949
0.197259
0.190616
0.196744
0.189251
0.190713
0.195999
0.190747
0.197002
0.191235
0.191159
0.197169
0.191493
0.196442
0.190656
0.191027
0.197199
0.191113
0.196012
0.189794
0.191154
0.196358
0.188986
0.19098
0.190379
0.190811
0.197983
0.191379
0.190785
0.191264
0.191695
0.19934
0.190433
0.189748
0.19329
0.190636
0.193619
0.190209
0.190101
0.192907
0.189403
0.194945
0.1923
0.189743
0.191977
0.189854
0.195324
0.192937
0.189153
0.193044
0.19115
0.194742
0.193996
0.189438
0.193525
0.19096
0.193953
0.193553
0.19006
0.193316
0.191596
0.190456
0.195273
0.190293
0.195872
0.189545
0.190405
0.195488
0.190412
0.196764
0.18884
0.190009
0.197188
0.191567
0.195983
0.191157
0.192102
0.196501
0.189747
0.196509
0.189062
0.190908
0.197002
0.190433
0.194722
0.190215
0.190892
0.196493
0.191691
0.196296
0.189859
0.190577
0.197246
0.190783
0.192904
0.19078
0.191365
0.196082
0.189404
0.190898
0.193797
0.190471
0.198682
0.190449
0.191367
0.193016
0.191227
0.198232
0.189588
0.189608
0.194302
0.191471
0.199477
0.190716
0.191718
0.194342
0.191494
0.1988
0.191116
0.191092
0.194422
0.191181
0.198869
0.190942
0.190648
0.193398
0.190953
0.199645
0.192084
0.191409
0.19391
0.189104
0.199372
0.189532
0.191036
0.193666
0.191521
0.199334
0.191157
0.191225
0.193515
0.191281
0.200034
0.19005
0.190962
0.193431
0.191718
0.196824
0.19148
0.190611
0.194214
0.190175
0.198042
0.190674
0.19021
0.193156
0.189877
0.196155
0.191325
0.19056
0.193217
0.190256
0.192545
0.189132
0.190461
0.193931
0.189369
0.189727
0.194886
0.191092
0.195144
0.189708
0.189767
0.196735
0.191784
0.196774
0.190492
0.189063
0.1877
0.189857
0.190599
0.189953
0.197972
0.190174
0.191491
0.193951
0.191152
0.200205
0.191733
0.190941
0.194302
0.19103
0.199628
0.191459
0.190064
0.192511
0.190876
0.200291
0.190799
0.191081
0.19257
0.189725
0.198746
0.190704
0.190214
0.194124
0.189977
0.199526
0.189976
0.189671
0.193976
0.190904
0.196326
0.190944
0.190549
0.192839
0.191111
0.198982
0.190432
0.190946
0.193618
0.191475
0.195358
0.190816
0.190877
0.194046
0.191627
0.196123
0.190993
0.19211
0.19466
0.191155
0.193886
0.193691
0.191578
0.195779
0.191192
0.193624
0.193057
0.189976
0.196958
0.190774
0.194173
0.181624
0.191443
0.1965
0.190311
0.193825
0.193262
0.19147
0.196742
0.191236
0.191118
0.194026
0.191137
0.192127
0.189382
0.190909
0.195682
0.18989
0.194414
0.191926
0.190607
0.196771
0.190724
0.19052
0.19376
0.191655
0.19852
0.191669
0.190162
0.193031
0.190913
0.197448
0.189717
0.19118
0.194163
0.191579
0.2003
0.188979
0.190736
0.194007
0.191106
0.198671
0.190248
0.19057
0.194581
0.191926
0.199622
0.190294
0.191008
0.194598
0.189307
0.196711
0.190239
0.190027
0.1932
0.191604
0.199082
0.190379
0.19138
0.194736
0.191776
0.199718
0.191494
0.190723
0.193341
0.189605
0.197315
0.191266
0.190452
0.194971
0.191684
0.199298
0.189554
0.19028
0.193464
0.189272
0.198631
0.189598
0.190205
0.194451
0.192777
0.19406
0.191563
0.191344
0.193657
0.190034
0.198295
0.19007
0.189787
0.193258
0.190244
0.197715
0.189574
0.189732
0.190702
0.190799
0.199824
0.19203
0.191802
0.19352
0.19126
0.19944
0.191876
0.189587
0.192031
0.191216
0.196231
0.190485
0.191481
0.194312
0.191558
0.198306
0.190504
0.191329
0.194235
0.190406
0.195434
0.190153
0.189943
0.192566
0.19075
0.194522
0.189915
0.190534
0.193371
0.18876
0.19232
0.19287
0.190129
0.194894
0.190076
0.193269
0.193176
0.190873
0.196999
0.189871
0.194746
0.193999
0.191274
0.196049
0.190272
0.192161
0.192227
0.190023
0.197568
0.191497
0.193474
0.193219
0.190971
0.193073
0.191382
0.19325
0.193527
0.190808
0.189462
0.191232
0.194665
0.194415
0.189942
0.191011
0.194313
0.193906
0.197131
0.191018
0.190598
0.192031
0.192367
0.196922
0.191168
0.191831
0.194404
0.190549
0.197126
0.190753
0.191833
0.192842
0.194504
0.195089
0.190046
0.190957
0.193212
0.194309
0.194525
0.191849
0.189717
0.193295
0.193669
0.196001
0.189447
0.19085
0.194134
0.194055
0.196774
0.18948
0.189413
0.193466
0.19412
0.195756
0.191273
0.19142
0.192987
0.193811
0.195611
0.191531
0.191194
0.193813
0.194995
0.196605
0.191672
0.191038
0.194203
0.193921
0.195648
0.191095
0.189725
0.194408
0.19569
0.197802
0.19082
0.190779
0.19344
0.193629
0.195929
0.191399
0.191504
0.194593
0.194183
0.19208
0.189518
0.189555
0.194142
0.194625
0.193128
0.190751
0.190475
0.193106
0.193726
0.193742
0.189908
0.19029
0.194188
0.193545
0.190989
0.19136
0.191118
0.197171
0.189755
0.18955
0.193617
0.189757
0.196325
0.19029
0.19379
0.193122
0.191146
0.196802
0.190209
0.193362
0.194608
0.190427
0.196997
0.191132
0.193813
0.194439
0.192218
0.193422
0.190652
0.192572
0.194432
0.190397
0.191106
0.191981
0.193689
0.192656
0.191272
0.190551
0.192242
0.193802
0.196328
0.189353
0.19148
0.193453
0.195071
0.19569
0.189796
0.190062
0.193013
0.193508
0.196576
0.191073
0.189765
0.192559
0.192929
0.195483
0.190487
0.190613
0.194585
0.191444
0.192821
0.190489
0.190532
0.193869
0.193306
0.190558
0.190808
0.191545
0.1946
0.194581
0.190777
0.192358
0.189848
0.196236
0.194151
0.191018
0.192809
0.189743
0.19616
0.19295
0.190672
0.194579
0.191312
0.197261
0.194422
0.191739
0.193155
0.191029
0.195783
0.192563
0.191462
0.194508
0.191107
0.191715
0.191157
0.193803
0.193836
0.190667
0.191671
0.191421
0.192176
0.193921
0.190826
0.190512
0.193957
0.193104
0.197243
0.191508
0.191838
0.193686
0.193028
0.195483
0.191163
0.191374
0.194023
0.19293
0.197023
0.190794
0.191258
0.193947
0.193195
0.196036
0.190544
0.191212
0.19326
0.194527
0.195183
0.191495
0.189077
0.195176
0.19402
0.194946
0.1913
0.191045
0.194637
0.19341
0.193177
0.190646
0.190809
0.193448
0.192193
0.192124
0.190895
0.191144
0.192535
0.193571
0.19202
0.19168
0.190777
0.19509
0.191565
0.190146
0.192624
0.191112
0.194778
0.193299
0.190574
0.195328
0.190146
0.196697
0.193511
0.190585
0.193927
0.192309
0.19568
0.193684
0.190701
0.193309
0.191007
0.196811
0.19165
0.191034
0.194371
0.190076
0.195465
0.192762
0.190879
0.193623
0.191018
0.195469
0.192493
0.190419
0.193077
0.190722
0.192714
0.192603
0.190257
0.194805
0.19126
0.190767
0.195056
0.192587
0.196895
0.192346
0.191439
0.198289
0.192291
0.198219
0.192523
0.191625
0.198884
0.189133
0.197379
0.192364
0.197185
0.195037
0.19305
0.198295
0.192192
0.197643
0.194644
0.190684
0.194339
0.193128
0.194173
0.19481
0.189738
0.197061
0.192194
0.197434
0.194147
0.1929
0.197767
0.193278
0.197646
0.195285
0.193176
0.196623
0.19205
0.196658
0.19524
0.192082
0.197816
0.190592
0.197106
0.195457
0.192096
0.196994
0.192016
0.194851
0.194824
0.193477
0.197507
0.191784
0.19605
0.196797
0.191231
0.196341
0.192008
0.196979
0.194903
0.192691
0.197022
0.191881
0.19719
0.1963
0.191492
0.19732
0.19157
0.195221
0.195244
0.191556
0.198452
0.192482
0.195609
0.195423
0.191936
0.197515
0.192373
0.196694
0.196317
0.191115
0.197764
0.191284
0.191275
0.194016
0.191922
0.196757
0.19194
0.190638
0.198987
0.192074
0.196362
0.190633
0.192626
0.200503
0.191646
0.196243
0.193006
0.192296
0.199554
0.191634
0.195008
0.19151
0.191674
0.199628
0.19293
0.196624
0.191456
0.193028
0.199289
0.192467
0.197068
0.190729
0.191507
0.200368
0.192763
0.195517
0.192737
0.191138
0.199311
0.193106
0.196819
0.192438
0.192422
0.199102
0.192822
0.19617
0.19141
0.191115
0.200355
0.192405
0.195345
0.192042
0.191483
0.200098
0.191989
0.19714
0.192753
0.19231
0.199162
0.193103
0.19796
0.19212
0.19193
0.198984
0.191681
0.197119
0.192148
0.19272
0.199947
0.192581
0.196755
0.192728
0.192607
0.199781
0.192955
0.197211
0.191928
0.190917
0.200184
0.192451
0.197933
0.192632
0.191908
0.198643
0.192648
0.196869
0.191516
0.191123
0.200344
0.192258
0.191656
0.196573
0.191543
0.197213
0.192028
0.190531
0.195858
0.190952
0.197897
0.191875
0.191338
0.196186
0.19078
0.199834
0.191988
0.19134
0.196962
0.191748
0.201139
0.191708
0.193613
0.196004
0.19117
0.199619
0.191742
0.191957
0.196155
0.19182
0.198723
0.190592
0.192457
0.195579
0.192293
0.199332
0.192448
0.192044
0.197881
0.193229
0.20078
0.192531
0.192165
0.197378
0.192137
0.20108
0.193301
0.193042
0.197371
0.191005
0.200482
0.193059
0.192389
0.198034
0.191255
0.200296
0.19246
0.193614
0.197204
0.193271
0.200326
0.189373
0.192564
0.198047
0.192033
0.199038
0.192345
0.192941
0.196653
0.192419
0.197957
0.192355
0.191599
0.195858
0.191621
0.198653
0.191669
0.192295
0.196217
0.191829
0.199227
0.191083
0.191449
0.196592
0.192679
0.197395
0.191944
0.192448
0.197467
0.191348
0.198523
0.191221
0.192046
0.196811
0.192413
0.197692
0.192236
0.192427
0.196819
0.192494
0.197614
0.191506
0.19168
0.197032
0.191647
0.200615
0.191069
0.192135
0.197139
0.192292
0.199588
0.19203
0.191212
0.197762
0.19089
0.198396
0.192693
0.191135
0.19572
0.190745
0.194234
0.190895
0.192003
0.197783
0.191857
0.195992
0.19556
0.192158
0.196888
0.191569
0.194079
0.196369
0.192879
0.19596
0.192548
0.194493
0.197487
0.193094
0.19726
0.192282
0.194255
0.1963
0.191318
0.197043
0.192153
0.195301
0.19769
0.19271
0.19659
0.191738
0.193415
0.197675
0.192344
0.197529
0.192093
0.192754
0.197716
0.192261
0.19573
0.19195
0.195761
0.198247
0.1933
0.197626
0.192511
0.196228
0.197185
0.192674
0.195834
0.192768
0.195273
0.197291
0.192145
0.19623
0.192479
0.195579
0.197527
0.192486
0.195482
0.191987
0.196169
0.197088
0.193066
0.197061
0.19241
0.196359
0.197387
0.191823
0.197529
0.192684
0.196532
0.196756
0.192641
0.196445
0.193162
0.196938
0.196795
0.192122
0.196339
0.192262
0.192252
0.197988
0.193032
0.19702
0.192207
0.194554
0.193592
0.19243
0.196443
0.19203
0.194746
0.196533
0.191595
0.196205
0.192854
0.195403
0.197005
0.192239
0.195958
0.192962
0.195149
0.196721
0.192218
0.197278
0.191518
0.193858
0.198034
0.191993
0.196173
0.191733
0.194578
0.195774
0.191655
0.196239
0.191347
0.194743
0.196566
0.192583
0.197019
0.191833
0.19489
0.196291
0.192124
0.196682
0.191687
0.194701
0.197882
0.192102
0.197364
0.191554
0.195653
0.1963
0.192812
0.196833
0.192873
0.196137
0.196443
0.193129
0.196931
0.191113
0.19631
0.197884
0.19083
0.197481
0.191872
0.195863
0.197727
0.192486
0.19614
0.192564
0.196601
0.196798
0.192764
0.196406
0.192017
0.196717
0.197831
0.193048
0.197386
0.192788
0.195969
0.197037
0.192259
0.196854
0.193534
0.196085
0.196746
0.191771
0.197752
0.19207
0.196806
0.197973
0.191262
0.196504
0.192105
0.194875
0.196679
0.190977
0.191692
0.174263
0.174839
0.172081
0.177261
0.172247
0.192903
0.194342
0.189318
0.191994
0.188894
0.189496
0.190127
0.189603
0.192381
0.188058
0.189191
0.189496
0.190301
0.193332
0.19562
0.171122
0.172562
0.173285
0.17315
0.174866
0.172619
0.172763
0.172138
0.176102
0.171058
0.171456
0.170608
0.17176
0.191028
0.171223
0.191855
0.188623
0.194985
0.192245
0.189498
0.191882
0.189262
0.19303
0.191029
0.191269
0.190776
0.189057
0.191225
0.188871
0.191994
0.190894
0.190836
0.188928
0.190555
0.192292
0.191677
0.186827
0.187557
0.190769
0.192291
0.195106
0.189567
0.18874
0.190216
0.19288
0.190532
0.190306
0.189634
0.192216
0.191588
0.189078
0.191867
0.188522
0.192334
0.192523
0.194185
0.189746
0.189697
0.191923
0.193517
0.192196
0.18974
0.189793
0.19118
0.192803
0.189583
0.190141
0.189483
0.194116
0.191653
0.188528
0.19095
0.190288
0.195136
0.192503
0.190393
0.191663
0.188876
0.189689
0.193163
0.189772
0.191858
0.189646
0.194286
0.192718
0.190095
0.191733
0.191026
0.195271
0.191893
0.190427
0.191476
0.190321
0.195409
0.192263
0.19024
0.191613
0.190456
0.192078
0.191964
0.189917
0.192239
0.190661
0.190164
0.191689
0.191032
0.195322
0.190936
0.190707
0.19035
0.192019
0.195231
0.190984
0.190529
0.191505
0.19217
0.194961
0.188874
0.190607
0.192002
0.192307
0.194558
0.188597
0.190775
0.192931
0.192672
0.194123
0.190136
0.189975
0.191806
0.19268
0.190729
0.188902
0.190345
0.192202
0.193402
0.189736
0.191527
0.190032
0.193972
0.19222
0.190387
0.191651
0.190174
0.195354
0.192232
0.190739
0.190691
0.19074
0.194653
0.1926
0.189239
0.191109
0.190735
0.192849
0.190162
0.190743
0.19388
0.190215
0.190311
0.193391
0.190558
0.195692
0.191441
0.190446
0.194171
0.188511
0.195554
0.188998
0.189942
0.194745
0.189836
0.196243
0.189892
0.189606
0.193156
0.192132
0.191633
0.191582
0.190116
0.192108
0.192488
0.189268
0.189284
0.189108
0.194378
0.190578
0.189196
0.192124
0.189553
0.194908
0.190748
0.18946
0.192592
0.189428
0.194725
0.192271
0.187924
0.193334
0.190367
0.193814
0.193102
0.190543
0.192615
0.191236
0.192613
0.192864
0.189456
0.191301
0.189907
0.192173
0.1954
0.189458
0.192275
0.19089
0.189429
0.194787
0.187759
0.193181
0.191261
0.191003
0.194963
0.190291
0.193813
0.190323
0.189625
0.195604
0.189985
0.195579
0.188828
0.188056
0.194847
0.189216
0.195597
0.189932
0.189803
0.193545
0.189378
0.195609
0.190048
0.189889
0.197174
0.189071
0.191199
0.190075
0.190775
0.194736
0.190753
0.190313
0.188766
0.192281
0.200793
0.210955
0.196221
0.190358
0.190497
0.198681
0.189863
0.191034
0.175488
0.189161
0.194545
0.189871
0.191481
0.196646
0.190752
0.171763
0.189581
0.190805
0.189699
0.195299
0.189446
0.18799
0.192478
0.189054
0.195212
0.18917
0.188949
0.191478
0.189193
0.189568
0.189712
0.189807
0.198006
0.189184
0.190317
0.189166
0.189173
0.193488
0.189347
0.18912
0.188736
0.188925
0.197026
0.188912
0.188722
0.189848
0.189311
0.196174
0.189022
0.188976
0.190493
0.189347
0.197841
0.189108
0.18991
0.189594
0.189473
0.195915
0.189908
0.188202
0.189364
0.189413
0.190501
0.191495
0.18986
0.189969
0.188312
0.189535
0.193019
0.188282
0.19068
0.190509
0.189096
0.192041
0.190493
0.194672
0.189508
0.190856
0.193045
0.189596
0.195739
0.189229
0.190209
0.19293
0.189823
0.193934
0.188897
0.191132
0.192548
0.188379
0.189755
0.189714
0.189939
0.191803
0.19056
0.189921
0.190604
0.189422
0.197609
0.189887
0.19054
0.189982
0.189832
0.196222
0.190008
0.189159
0.189471
0.189674
0.198307
0.188626
0.189759
0.190926
0.190399
0.189412
0.190804
0.190758
0.191871
0.187965
0.188817
0.193112
0.189871
0.195187
0.189555
0.189649
0.192599
0.189877
0.194782
0.188239
0.189936
0.192915
0.189748
0.190125
0.188273
0.189583
0.191847
0.19133
0.191592
0.191109
0.190227
0.196672
0.19001
0.190208
0.191004
0.189866
0.197278
0.189225
0.188695
0.190047
0.190369
0.199108
0.190481
0.189981
0.188915
0.190223
0.193663
0.190354
0.189473
0.19087
0.190205
0.190159
0.191146
0.189972
0.195448
0.191063
0.190773
0.191635
0.189769
0.195238
0.189867
0.190361
0.193113
0.190449
0.195415
0.189704
0.189802
0.192301
0.190602
0.190824
0.190204
0.189268
0.192183
0.189842
0.190694
0.190312
0.189337
0.196427
0.189456
0.189641
0.190777
0.189701
0.196086
0.191148
0.190064
0.188619
0.189855
0.19793
0.19064
0.190909
0.190245
0.190189
0.192713
0.190531
0.190106
0.191127
0.190372
0.192618
0.189272
0.189073
0.195613
0.190145
0.192759
0.190948
0.189434
0.194768
0.190891
0.190031
0.192558
0.190976
0.194365
0.189519
0.19031
0.192993
0.190773
0.192189
0.189487
0.191057
0.193717
0.189132
0.194239
0.189542
0.190019
0.193357
0.190739
0.195206
0.189771
0.190347
0.191945
0.18897
0.189596
0.190754
0.188278
0.197115
0.190007
0.189502
0.189715
0.189258
0.197937
0.189791
0.191041
0.190737
0.189691
0.19699
0.189647
0.189198
0.188927
0.189397
0.192809
0.190967
0.189169
0.190221
0.190733
0.191135
0.189764
0.189961
0.19549
0.190571
0.193081
0.189523
0.189595
0.195011
0.189302
0.192916
0.190302
0.190066
0.194304
0.189162
0.193169
0.189614
0.191329
0.191541
0.190132
0.1896
0.192732
0.189348
0.189378
0.190819
0.190076
0.198206
0.189931
0.189826
0.190402
0.19009
0.198488
0.191379
0.18927
0.190491
0.18934
0.197404
0.190427
0.190754
0.191385
0.18949
0.191456
0.190982
0.189564
0.190306
0.191114
0.192078
0.189943
0.189707
0.195955
0.190658
0.191869
0.190252
0.18931
0.19207
0.189697
0.192514
0.191199
0.189393
0.195635
0.190447
0.191177
0.189609
0.189668
0.191049
0.189875
0.191965
0.190303
0.190004
0.188112
0.189382
0.189392
0.195321
0.189343
0.190392
0.188411
0.189111
0.197796
0.18942
0.189627
0.189068
0.188401
0.197232
0.189407
0.188912
0.188341
0.189495
0.198363
0.188497
0.189923
0.190314
0.190968
0.1974
0.188977
0.188697
0.189235
0.192197
0.191037
0.190017
0.19014
0.189879
0.192591
0.188717
0.190379
0.191335
0.190145
0.188759
0.190333
0.189472
0.18854
0.18933
0.193483
0.189031
0.189926
0.189068
0.190268
0.193817
0.190608
0.190881
0.190343
0.190284
0.191102
0.189987
0.190243
0.194689
0.189682
0.192541
0.190123
0.19034
0.19581
0.189351
0.193666
0.189234
0.1906
0.195618
0.189598
0.193246
0.190443
0.18978
0.195292
0.190395
0.192347
0.18967
0.19059
0.196087
0.190354
0.19284
0.19133
0.190013
0.190426
0.190776
0.193242
0.19094
0.190836
0.189367
0.189224
0.192868
0.195141
0.190499
0.189123
0.189646
0.192633
0.195762
0.188329
0.178263
0.191121
0.192911
0.184791
0.19312
0.189082
0.192705
0.191046
0.190196
0.196597
0.187381
0.193085
0.191369
0.190646
0.193543
0.187698
0.19254
0.189048
0.190703
0.18978
0.18965
0.19167
0.191046
0.189149
0.191628
0.192429
0.193894
0.189084
0.190487
0.189651
0.191446
0.194252
0.190767
0.188633
0.190326
0.193428
0.196149
0.190282
0.188837
0.189871
0.191824
0.188244
0.189111
0.194635
0.189896
0.189958
0.188738
0.187999
0.188137
0.19096
0.189659
0.189794
0.195606
0.190175
0.192183
0.190677
0.190405
0.190474
0.190301
0.190997
0.191089
0.189522
0.191161
0.190329
0.193223
0.189703
0.189737
0.191225
0.190274
0.193753
0.19659
0.187909
0.188082
0.191297
0.191813
0.192377
0.190585
0.189652
0.190034
0.194007
0.196497
0.191169
0.189688
0.19033
0.193665
0.196374
0.188103
0.190333
0.190647
0.192465
0.193972
0.18953
0.189633
0.190846
0.193209
0.195118
0.189967
0.190231
0.190137
0.192761
0.194574
0.190121
0.190546
0.190797
0.193201
0.191411
0.191228
0.189701
0.188214
0.192431
0.188233
0.188674
0.189765
0.190575
0.192723
0.190248
0.189199
0.187773
0.189823
0.191103
0.192291
0.189267
0.188279
0.190669
0.193355
0.187496
0.190102
0.188705
0.190512
0.190585
0.188669
0.190594
0.189245
0.190285
0.191221
0.188832
0.188954
0.196178
0.192423
0.191301
0.191427
0.191555
0.195959
0.193324
0.190825
0.189273
0.186001
0.189727
0.19301
0.190258
0.190714
0.190182
0.189368
0.182792
0.191743
0.18958
0.190189
0.193583
0.194857
0.189568
0.190696
0.191953
0.19341
0.19648
0.190965
0.18982
0.191579
0.192879
0.19052
0.18902
0.188832
0.190668
0.192183
0.194651
0.188849
0.190299
0.189527
0.191826
0.193886
0.19125
0.19012
0.189609
0.190917
0.195126
0.190648
0.19089
0.19062
0.192042
0.189415
0.189555
0.190472
0.190566
0.193018
0.190466
0.190473
0.189512
0.195839
0.192976
0.190855
0.191249
0.190329
0.195755
0.192594
0.189318
0.189596
0.190812
0.197092
0.191967
0.19027
0.190043
0.190997
0.194883
0.19337
0.191336
0.190774
0.188013
0.193691
0.191316
0.194438
0.18993
0.191254
0.189798
0.189199
0.189828
0.189284
0.19072
0.193284
0.189199
0.189083
0.19023
0.196131
0.193935
0.188239
0.188924
0.190734
0.195126
0.194651
0.19082
0.189773
0.190399
0.191042
0.193029
0.190367
0.194118
0.190741
0.193648
0.195791
0.19265
0.188205
0.192811
0.193387
0.192275
0.19577
0.193166
0.191952
0.197103
0.195063
0.196868
0.192653
0.192367
0.195654
0.195131
0.196696
0.190973
0.191964
0.196153
0.195448
0.197542
0.191636
0.188892
0.198072
0.191776
0.195996
0.191264
0.191947
0.197772
0.194017
0.195937
0.192461
0.192499
0.197649
0.195063
0.196104
0.191926
0.192927
0.194302
0.194361
0.197049
0.192647
0.193154
0.198224
0.18871
0.19416
0.192423
0.19258
0.19435
0.19225
0.198228
0.192688
0.192295
0.19853
0.191783
0.196315
0.193194
0.192473
0.190169
0.192207
0.19653
0.191879
0.190341
0.191957
0.192641
0.196666
0.192027
0.197622
0.195609
0.192479
0.196596
0.190704
0.193934
0.19532
0.191813
0.196987
0.192749
0.197336
0.195251
0.191023
0.196867
0.191738
0.192605
0.19502
0.192242
0.197055
0.192442
0.191685
0.191949
0.191489
0.196456
0.191436
0.192998
0.198243
0.190155
0.196197
0.192482
0.192175
0.19876
0.191762
0.19751
0.19181
0.191944
0.198934
0.192186
0.195068
0.191717
0.192149
0.198821
0.191899
0.195863
0.191611
0.192164
0.200282
0.191465
0.195753
0.191643
0.192662
0.19994
0.192217
0.195336
0.191466
0.191516
0.200809
0.192173
0.195833
0.192537
0.191483
0.200725
0.191481
0.196532
0.19267
0.192305
0.19893
0.192227
0.195953
0.193112
0.192238
0.199928
0.19197
0.195041
0.191144
0.192072
0.199203
0.19171
0.19705
0.191496
0.191027
0.199845
0.192293
0.1977
0.192298
0.190447
0.199392
0.192392
0.195989
0.191426
0.192559
0.198891
0.191923
0.191649
0.190897
0.192011
0.200183
0.190703
0.192179
0.188874
0.192131
0.199695
0.191452
0.192076
0.19522
0.191782
0.199897
0.192334
0.192455
0.196513
0.192434
0.199476
0.1931
0.191377
0.196501
0.192588
0.200743
0.191965
0.192121
0.198128
0.191663
0.198695
0.192387
0.191555
0.19657
0.192225
0.199781
0.191366
0.191759
0.197436
0.192267
0.20008
0.193008
0.192316
0.197808
0.192236
0.199976
0.19184
0.191708
0.197848
0.191865
0.200438
0.192227
0.192578
0.196752
0.191459
0.199394
0.191025
0.19205
0.197838
0.191968
0.200696
0.191941
0.193214
0.19678
0.191936
0.199753
0.188668
0.192051
0.189872
0.18784
0.201104
0.188826
0.197811
0.191094
0.191824
0.199774
0.191298
0.195482
0.191095
0.191821
0.198768
0.192098
0.1919
0.19719
0.191172
0.199122
0.191056
0.192032
0.195549
0.19207
0.198222
0.192136
0.191824
0.19578
0.191049
0.198706
0.191523
0.192001
0.196617
0.191609
0.199042
0.190963
0.192437
0.195797
0.190936
0.198067
0.190989
0.190704
0.195956
0.192
0.198237
0.179264
0.195395
0.191263
0.17224
0.193137
0.194715
0.19035
0.195717
0.190253
0.190905
0.196576
0.192403
0.196013
0.191608
0.190635
0.196145
0.19186
0.196179
0.192223
0.191687
0.196252
0.191683
0.19504
0.191516
0.192015
0.195664
0.191484
0.192428
0.191836
0.191239
0.195729
0.191293
0.191436
0.191591
0.191388
0.19592
0.19153
0.194145
0.189738
0.196207
0.17536
0.17757
0.192512
0.18974
0.190476
0.189779
0.191701
0.189985
0.188958
0.195137
0.191011
0.19268
0.190866
0.189965
0.194936
0.190486
0.189145
0.192816
0.190537
0.193822
0.189949
0.190081
0.193235
0.190156
0.190441
0.189084
0.189193
0.193625
0.192728
0.197161
0.192832
0.1914
0.201413
0.192141
0.191836
0.189094
0.192383
0.201494
0.191233
0.197921
0.191871
0.191258
0.201985
0.187771
0.196228
0.192017
0.191143
0.201992
0.191561
0.196747
0.191294
0.192718
0.197999
0.19274
0.196533
0.1923
0.191226
0.199711
0.192929
0.197247
0.191792
0.192147
0.201519
0.191714
0.198008
0.191958
0.192631
0.200456
0.192119
0.198131
0.191262
0.19245
0.2006
0.19258
0.19761
0.193215
0.191267
0.201171
0.192595
0.197799
0.192036
0.19192
0.200125
0.192477
0.191841
0.191211
0.191197
0.202012
0.19233
0.191032
0.197732
0.191282
0.200156
0.192274
0.192204
0.196145
0.191104
0.201491
0.191943
0.191778
0.197781
0.191446
0.200129
0.192383
0.19185
0.198065
0.191722
0.20184
0.192596
0.191711
0.197638
0.192823
0.201842
0.192483
0.192496
0.197243
0.19276
0.200362
0.192172
0.192029
0.198285
0.192253
0.201384
0.191764
0.192695
0.197832
0.191473
0.199541
0.191994
0.192526
0.198285
0.191984
0.198773
0.192052
0.193247
0.193718
0.192012
0.200185
0.192889
0.19264
0.199095
0.191689
0.200365
0.191388
0.189793
0.197961
0.193379
0.199204
0.191833
0.192347
0.197732
0.192075
0.199217
0.192536
0.193792
0.198439
0.191823
0.200726
0.192667
0.19218
0.199419
0.191759
0.200277
0.191478
0.191701
0.198259
0.190718
0.198075
0.18994
0.190544
0.192187
0.191237
0.197637
0.192022
0.190962
0.19324
0.190672
0.197504
0.190336
0.190895
0.193187
0.188616
0.1976
0.191321
0.191654
0.192566
0.191562
0.194796
0.19059
0.190113
0.19287
0.191064
0.193378
0.191855
0.19019
0.193706
0.190004
0.192604
0.192804
0.190217
0.195353
0.188499
0.193356
0.191676
0.191142
0.195421
0.190633
0.193817
0.193191
0.191241
0.195868
0.190381
0.193549
0.193025
0.189909
0.191551
0.190772
0.193776
0.19183
0.190661
0.19014
0.192114
0.192853
0.19642
0.190901
0.190125
0.192635
0.193652
0.195374
0.191835
0.190646
0.191109
0.192311
0.195155
0.190315
0.191005
0.192106
0.193087
0.196307
0.190489
0.190365
0.191644
0.193811
0.192089
0.191018
0.190809
0.191472
0.189275
0.193199
0.191983
0.189973
0.195713
0.191257
0.192734
0.192333
0.191489
0.195068
0.191915
0.194222
0.191556
0.191153
0.195981
0.189735
0.193315
0.193564
0.191364
0.196034
0.190549
0.193351
0.191567
0.191382
0.195875
0.190188
0.194355
0.192094
0.190793
0.192728
0.190619
0.194507
0.19305
0.191338
0.19097
0.190729
0.193081
0.195017
0.190047
0.191601
0.192579
0.193982
0.196655
0.191388
0.19124
0.193554
0.19245
0.19416
0.190688
0.190826
0.192506
0.192964
0.195627
0.190119
0.190687
0.192671
0.193433
0.195647
0.189359
0.191329
0.190682
0.192534
0.189031
0.191262
0.196208
0.190734
0.193511
0.190677
0.189148
0.192562
0.192809
0.195655
0.191167
0.18976
0.191595
0.192252
0.194791
0.190294
0.190435
0.192648
0.19394
0.195434
0.191415
0.190232
0.191868
0.193342
0.194945
0.190876
0.189918
0.192592
0.193656
0.192679
0.190269
0.190443
0.192956
0.193709
0.19264
0.191465
0.190724
0.193379
0.192975
0.191552
0.19093
0.189689
0.195989
0.194912
0.192076
0.19282
0.191706
0.19563
0.193258
0.188394
0.193355
0.191936
0.195911
0.193955
0.19061
0.190049
0.190953
0.191575
0.193858
0.195163
0.190824
0.188857
0.190553
0.191921
0.194738
0.189278
0.190751
0.192175
0.193618
0.195936
0.190463
0.190423
0.190255
0.194119
0.192476
0.189677
0.190791
0.190703
0.189008
0.189739
0.191351
0.195441
0.192778
0.191387
0.191642
0.189405
0.195314
0.192425
0.190588
0.193133
0.190468
0.194306
0.194233
0.18811
0.191524
0.19077
0.194877
0.192489
0.191243
0.192321
0.191267
0.194801
0.192182
0.191645
0.192346
0.189098
0.195272
0.192508
0.190801
0.193361
0.190976
0.196357
0.193203
0.18911
0.191063
0.1888
0.195602
0.193992
0.190151
0.192576
0.190508
0.195639
0.19437
0.191325
0.192195
0.191368
0.193923
0.192299
0.190249
0.180859
0.191737
0.192787
0.190007
0.191962
0.190312
0.189618
0.190343
0.190695
0.19339
0.190471
0.191632
0.191788
0.190028
0.192666
0.191906
0.192469
0.193827
0.191438
0.192339
0.191274
0.190278
0.192446
0.192113
0.197235
0.188395
0.198376
0.192237
0.191595
0.195131
0.192323
0.197662
0.191795
0.191621
0.197194
0.189567
0.197479
0.195967
0.198416
0.192592
0.191821
0.198087
0.196045
0.197657
0.191837
0.189584
0.198268
0.193301
0.197286
0.191163
0.18926
0.195529
0.18864
0.194053
0.192317
0.192242
0.202022
0.192351
0.198576
0.192812
0.192764
0.191353
0.193048
0.197939
0.189179
0.192845
0.183985
0.188854
0.193955
0.197623
0.194342
0.19159
0.197194
0.192354
0.19743
0.195435
0.191396
0.196639
0.191228
0.196363
0.195944
0.191453
0.197405
0.191455
0.197075
0.194341
0.191028
0.199039
0.188832
0.195015
0.195384
0.192207
0.174181
0.174405
0.192076
0.191705
0.186272
0.193879
0.190679
0.196385
0.19412
0.197318
0.190851
0.190985
0.197726
0.195365
0.197833
0.192298
0.190349
0.197577
0.195373
0.192142
0.189099
0.190804
0.197483
0.19352
0.192024
0.196308
0.191114
0.197539
0.194069
0.190908
0.196536
0.191075
0.201791
0.192433
0.189498
0.190024
0.189974
0.192482
0.189146
0.194951
0.188306
0.188659
0.192175
0.188675
0.189193
0.177182
0.194411
0.187829
0.189029
0.188785
0.196923
0.192151
0.194273
0.190725
0.189194
0.191789
0.189128
0.191154
0.189425
0.194772
0.191524
0.190027
0.191199
0.190747
0.194858
0.191918
0.18898
0.188096
0.189358
0.191269
0.190048
0.174659
0.191815
0.191862
0.188198
0.195025
0.190574
0.189696
0.19081
0.190606
0.189648
0.18927
0.190342
0.19282
0.188328
0.195131
0.190925
0.189738
0.192312
0.190248
0.194735
0.190525
0.190015
0.193297
0.191185
0.193908
0.190077
0.19069
0.19273
0.189515
0.189702
0.190453
0.190513
0.192785
0.189752
0.190459
0.190591
0.191281
0.194861
0.19071
0.189298
0.191151
0.191056
0.198362
0.189674
0.19084
0.190838
0.189085
0.198008
0.188368
0.189172
0.188373
0.188824
0.194506
0.189972
0.190862
0.190779
0.189857
0.190638
0.189393
0.189941
0.187698
0.190239
0.193622
0.190732
0.193481
0.189987
0.189023
0.191881
0.189469
0.195278
0.19053
0.189201
0.192963
0.188809
0.193925
0.188096
0.18977
0.192552
0.190146
0.196261
0.189765
0.190353
0.19109
0.188815
0.195783
0.190354
0.190834
0.19308
0.188811
0.195368
0.188693
0.190906
0.19267
0.188966
0.194641
0.187957
0.190348
0.193384
0.191185
0.196274
0.190158
0.189944
0.178713
0.189315
0.18876
0.190373
0.198923
0.189484
0.190447
0.191482
0.191135
0.199123
0.191619
0.190142
0.188538
0.182741
0.191507
0.18984
0.191351
0.190699
0.189959
0.193472
0.190659
0.196052
0.189566
0.190139
0.1927
0.189708
0.196182
0.188645
0.18868
0.185195
0.192066
0.190577
0.190348
0.191005
0.189247
0.189608
0.190854
0.189782
0.198042
0.190187
0.190116
0.190325
0.19028
0.196458
0.190911
0.190914
0.189642
0.1908
0.193383
0.190603
0.189817
0.189614
0.190335
0.192029
0.189681
0.195987
0.189318
0.188717
0.192252
0.190003
0.195289
0.190609
0.191324
0.192518
0.190273
0.194158
0.188759
0.190434
0.191731
0.191212
0.196206
0.190971
0.191584
0.192508
0.190899
0.196568
0.190818
0.190991
0.193683
0.190782
0.196249
0.189711
0.189294
0.192986
0.189159
0.190554
0.19054
0.189417
0.192609
0.191442
0.190238
0.19117
0.191365
0.197323
0.190029
0.1911
0.190891
0.19088
0.198721
0.190816
0.190511
0.190821
0.190239
0.198837
0.190792
0.191197
0.190283
0.190288
0.199039
0.19054
0.191497
0.190939
0.189874
0.194021
0.191021
0.189956
0.190532
0.191047
0.193849
0.189721
0.191563
0.196922
0.190767
0.193827
0.189797
0.19145
0.196861
0.191482
0.194026
0.189493
0.190479
0.196069
0.191088
0.191539
0.189361
0.189828
0.188635
0.18912
0.197928
0.189407
0.189402
0.189683
0.189244
0.192441
0.188008
0.194227
0.190021
0.194231
0.189594
0.190097
0.195919
0.189714
0.192812
0.189363
0.189618
0.189013
0.190726
0.197312
0.189457
0.191138
0.190897
0.191406
0.196823
0.189363
0.194964
0.189007
0.189948
0.192457
0.191003
0.189415
0.189685
0.198146
0.190417
0.190695
0.188891
0.191008
0.19327
0.188758
0.18906
0.189037
0.192517
0.191066
0.189652
0.193853
0.190571
0.192779
0.189848
0.19035
0.196324
0.187493
0.191566
0.188739
0.190605
0.190145
0.189101
0.195844
0.190241
0.190049
0.190332
0.189246
0.191685
0.188883
0.188593
0.188748
0.189219
0.191705
0.188777
0.189791
0.195974
0.190258
0.193474
0.191589
0.190704
0.194598
0.190069
0.192977
0.189897
0.190541
0.196157
0.190761
0.193574
0.190255
0.190712
0.190218
0.190695
0.192673
0.190259
0.190632
0.190485
0.187703
0.193392
0.189694
0.190978
0.194053
0.187877
0.191432
0.191391
0.190191
0.196867
0.188561
0.192955
0.187878
0.188475
0.195145
0.190557
0.1929
0.189068
0.188472
0.195273
0.189581
0.193328
0.189428
0.189832
0.190348
0.190195
0.192629
0.191375
0.187985
0.189419
0.189628
0.192526
0.195552
0.190116
0.190807
0.191012
0.193146
0.195906
0.190388
0.188464
0.188832
0.189521
0.197438
0.189752
0.189732
0.189259
0.189896
0.193469
0.190378
0.190641
0.190693
0.189579
0.19014
0.190216
0.19045
0.195932
0.189033
0.192555
0.190104
0.189162
0.194911
0.190593
0.193196
0.190722
0.190707
0.189725
0.188773
0.192473
0.190436
0.190875
0.189032
0.190968
0.193161
0.195812
0.191006
0.190418
0.190831
0.193059
0.194869
0.189349
0.190838
0.190451
0.192714
0.194996
0.189837
0.190258
0.190878
0.192339
0.195638
0.189392
0.190779
0.188714
0.188621
0.191062
0.192221
0.192398
0.198189
0.190486
0.192869
0.19139
0.190291
0.196121
0.190698
0.191652
0.188825
0.190481
0.195493
0.19031
0.192753
0.190511
0.190368
0.19515
0.189552
0.193511
0.189764
0.190221
0.195036
0.18979
0.193467
0.191055
0.19115
0.190094
0.19018
0.192055
0.190325
0.190162
0.189789
0.190101
0.19261
0.195355
0.190635
0.190882
0.18972
0.192849
0.195667
0.189596
0.188669
0.189682
0.192939
0.196103
0.190484
0.190076
0.191437
0.193093
0.196647
0.190618
0.191087
0.189703
0.192785
0.189984
0.190882
0.189753
0.190364
0.193438
0.19063
0.191168
0.189022
0.196053
0.193176
0.189985
0.190692
0.190084
0.196475
0.190167
0.18949
0.189701
0.189262
0.196055
0.189098
0.1922
0.190963
0.190409
0.196281
0.190525
0.191799
0.190677
