543.686, 0.64389, 2.82325
517.505, 21.0186, -0.538946
516.194, -15.9285, 2.71832
507.209, -4.81962, 1.73515
497.752, -10.0864, 2.1545
541.478, 8.34456, 2.67636
498.309, -9.65605, 2.79864
519.001, -10.796, 2.80812
505.688, -20.4274, -1.28603
551.84, -2.64839, 1.49769
502.205, -5.14414, -2.63976
538.145, -5.62946, -0.155119
514.63, 15.5312, 0.39693
498.114, 15.7693, 1.9016
510.484, 0.415751, -3.07561
541.876, -6.1451, -1.65124
549.734, 6.70715, -2.32651
548.036, -3.58574, 2.13641
530.102, -8.81813, -2.25548
531.588, 15.5133, 0.513353
517.881, 11.3666, -0.55805
524.03, -12.797, 1.2208
547.65, 11.6412, 2.01272
546.832, -7.95495, -0.312811
553.761, 6.70099, 1.41814
543.546, 7.50334, -2.24461
536.523, 9.58064, 1.01505
498.952, -10.6728, -1.17908
504.978, 27.0374, -0.926031
534.669, 17.4122, -2.03464
506.725, 30.5231, -0.468666
509.122, -4.71188, 2.43757
516.456, -15.2951, 1.22471
514.134, 21.1723, -2.89127
554.818, 6.96523, -1.59749
510.031, 15.1254, 2.17495
530.086, 15.4691, -1.94401
504.227, -19.8774, -2.01067
532.558, 14.6084, 1.69227
545.283, 12.826, 2.53884
522.872, -13.0944, -0.929032
529.809, -4.01526, -1.06587
502.147, -7.03508, 1.66022
534.989, 13.783, 1.49327
503.258, -18.6311, -2.53325
551.707, -0.641913, -2.37658
499.8, 14.9388, 0.652033
502.473, -14.1466, 1.33216
502.236, 30.4212, 0.269774
502.07, -7.06243, -2.61659
523.351, 22.1237, -0.683495
534.22, 11.4146, -1.06665
514.785, 17.5718, -1.42427
526.144, 13.4, -0.931084
534.677, -9.02637, 1.66029
501.696, -7.47862, -1.82834
547.03, -8.12727, 0.931087
520.9, -8.30625, -2.70123
520.988, -14.79, 1.0226
525.426, -14.0454, 0.118426
507.81, -25.919, 0.366319
523.944, -11.6737, 2.19929
511.501, -29.2881, 2.04428
577.224, -0.778377, -2.09465
632.184, 53.427, 2.32468
619.968, 40.1259, 0.644569
632.812, 55.0499, -0.817671
607.804, 29.1795, -1.31493
618.385, 40.9185, -0.99093
608.222, 41.4019, 0.269034
624.443, 56.3186, -0.682168
612.048, 39.1998, 0.137263
610.9, 42.4049, -2.94572
619.906, 45.0355, -2.08275
631.18, 52.1885, -0.906637
618.756, 32.6678, 1.79684
612.715, 31.8649, 1.13314
640.755, -4.73465, -1.77732
648.059, 14.1813, -2.67065
595.274, 72.2331, 1.45049
641.595, 29.1479, -2.60478
586.219, 3.48763, -0.589413
649.357, 16.292, 1.54225
642.741, 5.79428, 0.729655
597.344, -1.21406, 0.377518
641.752, 49.859, -1.02562
655.552, -3.30508, -1.31685
574.661, 5.64637, 2.81367
603.495, 69.2962, -0.475537
505.845, 8.96747, -0.984276
606.072, 55.0876, -2.13843
579.768, 4.67016, -2.85702
616.519, 17.5082, 1.87972
639.867, 17.3075, -2.28582
611.691, 5.37394, 0.456994
629.028, 30.2463, 2.31869
614.656, 23.3676, 2.77658
657.503, 21.0814, -2.55337
601.886, 63.2727, -1.41136
591.165, 35.0806, 1.40802
600.187, 69.5514, -2.88398
598.404, 49.3652, 1.51083
591.61, 44.3787, 0.580979
605.558, 44.1781, -0.95701
585.918, 71.844, -2.90288
599.723, 62.1293, -0.530427
582.197, 80.2485, -1.25486
593.955, 54.0797, -0.083144
574.792, 79.5218, -1.97855
593.578, 44.3232, 0.525326
619.504, 60.683, 1.92754
593.895, 58.5705, 2.04943
618.27, 71.1791, -0.761332
623.708, -41.9826, 1.19025
647.193, 25.9481, -0.224169
631.967, -53.1405, 2.90395
614.563, -67.7552, 3.06868
576.401, 6.98142, -3.03139
561.834, 44.702, -3.03905
536.274, 69.386, 1.35198
555.352, 42.9541, -1.00302
559.403, -59.4764, 0.321557
555.919, -71.026, -2.93212
556.507, 79.9065, 1.9612
559.325, 74.0592, 1.33696
570.668, 48.6939, -1.91151
581.207, 42.36, -1.34846
581.648, 34.3281, 1.36864
597.103, 53.281, 2.94263
598.132, 70.8248, -1.68466
590.778, 39.0155, -2.86689
595.349, 36.2777, 0.27321
617.126, 58.5869, -1.15313
605.646, 49.663, 0.782562
638.846, 23.1332, -2.50816
595.789, 38.9181, 1.28085
594.883, 61.6106, 2.04614
642.064, 49.1638, 0.198099
588.294, 32.7421, -0.218824
607.77, 66.7017, 2.41331
522.169, -44.3276, 0.600249
556.902, -22.6009, -1.42457
553.187, -56.5653, -3.01854
577.216, 6.71643, -2.44863
575.71, 5.96926, -2.67669
576.313, 8.00956, -0.710841
576.42, 8.26911, 0.723462
633.195, 49.8001, -1.51105
611.436, 37.5928, -2.6207
591.427, 18.7815, 2.2815
601.411, 28.5102, -0.411511
621.281, 34.5561, 1.06424
637.057, 42.2654, -0.587431
557.11, 50.3848, -0.565154
539.439, 58.5434, 2.07158
534.287, 61.9754, -0.264508
553.639, 41.8317, -0.793698
553.877, 60.4068, -2.25024
576.468, 7.47153, 1.31261
617.291, -60.5778, -2.58565
603.686, -46.6921, 0.137081
644.304, -32.0729, 1.4031
612.209, -9.48933, 0.31171
632.075, -22.5919, 2.66186
626.383, -24.8128, -0.348998
624.629, -42.9306, 0.245803
509.279, 22.439, 2.47545
516.729, -18.5549, 1.52002
515.721, -7.94733, 1.37677
507.991, -21.8675, 2.89602
540.61, 14.8203, 3.03264
510.384, -10.9875, 2.782
563.129, 4.89983, -1.13883
544.092, 15.8124, 1.49128
526.072, 48.2745, -0.525081
558.783, 68.9027, -0.319426
568.657, 28.6651, 3.03399
572.38, 78.7919, -0.532545
566.928, 56.3084, -2.93227
528.13, 72.5048, -0.56297
575.179, 39.5183, -0.994339
599.727, 71.7557, 1.60352
558.671, 47.9032, -0.181008
533.482, 62.0134, 2.63457
552.758, 37.5197, -1.31512
572.029, 19.3451, -1.2652
572.004, 5.55147, 3.07271
564.453, -43.4435, -1.43719
559.107, -59.8901, -1.35721
569.327, -68.9509, -0.265576
573.877, -41.9309, -2.99232
536.019, 53.2278, -2.24525
572.187, 7.11838, -1.90613
532.293, 52.8488, -0.857713
572.294, 7.10777, 1.35557
572.189, 5.9538, -1.13345
572.206, 6.03512, -0.30792
572.534, 7.56242, -2.668
536.418, 77.0123, -1.65079
528.545, 72.7905, -2.70597
499.928, 30.5877, -0.741666
518.872, 59.9727, -0.544664
648.64, 19.6463, -0.203152
611.09, 9.72823, 2.09132
572.324, 6.73036, -1.17446
572.026, 7.63946, 1.00828
572.551, 6.86696, -1.65482
509.134, 16.0558, 0.428289
524.337, 6.67293, -2.35882
508.795, 6.09355, 2.06275
507.555, 6.35238, 1.47238
519.687, 4.32414, -2.95358
492.167, 3.91074, 1.1493
494.878, 0.484027, 2.72687
511.065, 6.53724, 0.508612
528.752, -5.72796, -0.480957
556.498, 2.40013, 2.95403
531.217, -0.379139, -1.30509
515.838, -2.73929, -2.51817
505.21, -2.52095, 1.12373
512.303, -2.52761, 0.914415
500.374, -2.90623, 1.8091
496.954, -9.82074, 2.83561
573.208, 5.87029, -0.810631
572.105, 7.05452, -3.02729
572.91, 6.09112, -1.55982
576.081, 5.43231, -0.661588
572.766, 5.76791, 1.13425
572.341, 6.68826, -0.799124
573.123, 6.09995, -2.74227
578.27, 3.21259, -0.64459
578.192, 3.94602, 1.29158
572.382, 5.4232, -1.34608
638.898, -16.3974, -2.25824
638.915, 8.96965, 2.52292
597.345, 9.2112, 1.90898
644.323, -11.5495, -1.08388
596.962, 12.1853, 2.75371
622.834, 42.7171, -1.75337
639.716, -0.605849, 0.212265
612.547, 58.5895, 2.06958
640.788, -1.76234, 1.74756
651.686, 14.8023, 0.091067
643.78, 38.5884, 3.07019
639.545, 47.6455, -1.91808
620.735, 26.7854, -2.44195
614.461, 12.7168, -2.26929
597.628, 12.5776, 2.52066
628.636, 29.3799, 1.21401
641.796, 20.9857, 1.05736
596.894, 10.1135, -3.02241
623.225, 16.5746, 0.527289
603.248, 11.3201, 2.40969
616.026, 55.4284, -0.256661
619.856, -55.1198, -0.797988
595.792, -21.4336, -2.76635
593.497, -24.3867, 1.38805
588.897, -66.0279, 1.59941
594.921, -71.7833, 2.71885
634.428, 44.54, -2.08342
601.068, -60.3778, 2.18252
600.638, -67.6367, -1.14515
577.684, 3.70828, 1.8413
577.139, 3.5821, 0.401134
508.53, -19.4818, -1.84189
578.403, 3.35174, 0.532706
576.993, 3.4364, -2.58228
513.14, 3.01346, -1.54404
527.451, -48.6784, 1.71686
577.768, 2.85042, -1.99738
555.357, -14.2396, -1.93221
520.697, -31.02, 3.13468
641.248, -6.39528, 1.46057
607.453, -48.7882, 1.17245
629.001, 5.3188, 1.86614
624.763, -55.0628, 1.29134
588.259, -17.5549, -0.16433
623.02, -55.3286, -1.31774
619.301, -47.0291, -3.08852
539.115, -3.98853, -1.43276
637.377, -34.7412, -1.70935
629.396, -25.5588, 1.99011
612.867, -31.5162, 0.845618
621.264, -29.7297, -0.06558
647.02, -24.695, -1.46057
514.994, -31.9471, -0.066337
546.874, -12.568, 0.803305
525.129, -16.1905, 0.623113
543.396, -9.90835, 0.422936
518.726, -8.53704, 2.65811
560.945, 0.490389, -1.07522
562.786, -0.164314, 2.6226
577.741, -3.32859, -3.07534
576.134, -0.922334, -2.22388
644.423, -45.4982, -0.35879
632.984, -37.708, -0.665372
575.621, -1.79934, 0.411792
577.079, -1.6515, -1.02001
576.726, -4.04857, 2.07253
576.563, -2.78181, -0.972175
577.126, -2.05959, 2.73789
575.475, -3.9212, 1.80808
576.611, -3.94592, -3.06604
576.838, -3.51242, -1.76365
575.414, -3.76406, -2.94281
575.77, -3.67454, -0.230098
575.938, -4.08132, -0.99271
576.451, -4.35503, 2.07024
575.921, -3.0091, 2.61533
575.819, -3.38945, 0.74318
574.605, -2.65598, 2.07701
582.781, 43.4281, -0.154108
586.204, 44.806, -0.828032
591.406, 64.4649, -1.044
602.198, 59.557, 2.40142
597.252, 70.5802, -0.018752
574.513, -2.81595, 0.667483
592.602, 44.8059, -0.019906
602.762, 64.5807, 1.124
573.826, -2.435, -2.28757
573.712, -2.49894, 2.9569
537.859, -41.5654, -0.381566
522.759, -60.0044, 2.33454
522.017, -58.6355, -1.82211
546.88, -34.7923, 2.18257
581.384, -60.8577, -1.71159
572.761, -3.62495, 2.20253
572.631, -3.15077, 2.55903
572.678, -3.4805, -0.609908
638.848, -47.8396, -2.27674
588.529, -9.72813, -0.234135
645.576, -12.429, 2.51692
569.288, -27.9756, 2.35642
555.793, -42.8249, -2.98888
562.029, -40.2128, 1.92179
540.558, -53.6672, 2.73617
530.422, -52.7504, -1.03393
539.742, -46.43, 1.25203
608.036, -72.4978, 0.835351
605.87, -77.744, -3.10356
598.713, -68.2087, 1.55838
620.539, 40.5286, 0.467313
616.981, 64.7855, 1.91621
599.408, 35.1684, 3.05929
609.194, 47.9943, 0.632629
612.292, 49.2907, 2.92482
604.563, 39.7574, -1.60811
619.515, 55.5111, 2.62703
506.136, -26.2147, -1.78461
551.635, -17.9366, -1.29535
513.362, -27.317, -3.05228
522.42, -38.5569, 1.97708
522.742, -29.2177, -1.74941
572.865, -2.66358, -0.062643
639.047, 33.5139, -1.9811
624.818, 16.3648, -1.91166
633.186, -12.3573, 1.02699
633.228, -17.2444, -0.486965
611.306, -5.81919, -1.88618
643.711, -17.2033, -2.32214
565.209, 51.7767, -0.741616
644.163, 28.272, 2.48222
579.41, -0.180473, -1.4705
576.594, -3.79143, -2.42115
576.285, -81.7554, 2.83079
575.131, -3.53919, 1.91964
629.276, 52.1904, 1.82627
606.819, 37.0708, -1.27262
630.934, 37.2243, -2.2797
577.92, -3.2768, -2.3047
629.938, 45.063, -1.20595
621.854, 41.975, -3.05014
576.076, -3.95054, 0.207393
614.971, 36.5122, 1.08609
578.912, -2.57336, -0.160303
576.307, -4.42878, -0.306806
578.505, -2.01704, -0.981782
578.047, -1.94195, -0.662542
576.044, -3.63577, -0.605576
576.823, -4.22249, 3.03361
579.267, -2.30686, 1.06383
575.991, -4.24078, 2.55332
576.656, -4.94545, 3.03878
576.641, -4.69905, 0.844377
535.87, -21.3453, -0.255838
520.67, -15.9774, -0.878847
575.078, -6.68738, 1.981
573.338, -7.5874, 1.97097
575.371, -5.79245, 3.03744
574.186, -6.46856, -0.833223
574.338, -6.33756, 1.36747
575.434, -6.1007, 2.02064
575.63, -5.92066, -0.108968
574.358, -7.10621, 3.09555
574.273, -7.95081, -0.358879
574.49, -6.35615, 0.325132
574.802, -7.28056, -1.94055
572.192, -6.88081, 2.50804
574.416, -9.85856, 1.68823
572.946, -7.68745, 2.49942
571.759, -6.28771, -0.750136
572.377, -6.57201, -2.04442
570.379, -5.19492, -1.17365
560.196, 0.786957, 0.307645
567.37, -2.57044, 1.80358
561.332, 59.0324, -0.489487
571.867, 65.873, -0.783566
564.723, -1.50963, 1.02999
568.43, -4.11714, 1.56066
560.822, -0.658564, 1.29049
560.214, -0.186001, -2.96959
569.495, -5.44318, 2.63305
568.394, -4.3664, 2.69793
559.126, -0.527661, 1.24685
560.006, -0.893206, -1.94141
569.735, -5.19755, 0.112356
568.201, -4.51354, 2.81756
564.732, -2.71228, 0.626883
568.821, -4.47186, 1.64342
560.787, -0.392303, 0.632409
568.222, -4.68744, 0.194427
568.297, -3.73716, -1.01479
563.785, -2.01023, 0.825737
568.86, -4.06817, -1.39329
568.267, -5.20976, -2.59305
561.49, -0.435942, 2.11423
566.651, -6.76723, -0.975255
562.197, -1.03739, 1.94427
563.505, -1.52319, 1.08182
565.919, -7.72058, 0.829866
563.824, -1.50311, -0.642005
562.094, -13.3216, -0.446933
561.912, -13.1105, 3.07703
559.442, 0.194435, 0.497707
566.792, -2.78684, -2.09405
561.33, -0.598905, 2.28684
565.015, -1.99551, -1.0367
565.725, -3.19116, 1.5244
565.019, -2.87854, -2.54883
566.847, -2.97895, 1.19052
566.135, -2.46384, -3.081
562.618, -1.54285, -0.805013
562.307, -1.40178, -1.65384
561.773, -0.76597, -0.946713
559.872, 0.719565, 0.390925
563.754, -1.36549, -2.78906
562.836, -1.52836, 1.5558
560.458, 0.490535, 1.90221
561.942, -0.50115, 3.00644
559.848, 1.12385, -0.825721
562.595, -0.587347, 1.32418
562.335, -0.6941, -2.70374
559.483, 0.970421, -1.29575
562.018, -0.538626, 0.965511
560.817, 0.710574, -1.94079
560.805, -0.444016, -2.41653
562.33, 0.382665, -1.00215
562.362, -0.411006, -0.007793
561.814, -0.057742, 1.90054
561.523, -1.03999, 1.29754
562.377, -0.288959, -2.03717
561.047, -0.273935, 2.33864
559.63, 0.671954, -0.060815
560.657, -0.129426, -2.22394
560.742, 0.681099, 2.05086
559.766, 0.85625, -2.88156
560.248, 1.30271, -1.93269
560.071, 1.38652, -2.8218
560.724, 0.326806, -2.684
559.414, 0.475182, 2.51202
559.732, 0.608603, 1.18561
560.21, 0.516899, 0.864426
548.172, 3.89552, 1.73303
548.341, 3.43967, -1.58058
553.533, -1.13001, -1.73226
550.795, 3.9289, 3.085
559.934, 0.385874, 0.768989
554.364, -0.228352, 2.27284
554.512, -0.408776, -2.89049
565.658, -2.51784, 0.471069
568.422, -4.89096, 2.71523
574.837, -7.35792, 0.593726
564.002, -2.83979, 1.17382
562.477, -1.13481, 2.80668
567.323, -4.50069, -0.551781
565.2, -4.02237, 1.97778
566.705, -6.24514, -1.73916
566.056, -4.70976, -1.01496
567.482, -6.33432, -2.90988
562.566, -0.514117, 1.29745
563.41, -2.55372, 0.169386
564.557, -2.89358, 2.95246
561.725, -1.4373, 1.41384
571.64, -10.9355, -0.528413
565.678, -4.47917, 2.36095
563.877, -3.01709, 0.654806
563.458, -2.63822, 3.05968
564.827, -2.98296, -0.731724
568.186, -7.19277, -1.66364
571.463, -10.0257, -0.186487
567.01, -4.70284, -2.70593
572.568, -11.0001, -0.915826
568.15, -6.74947, -2.32745
569.048, -6.46561, 1.16279
573.421, -12.1593, -0.807332
566.593, -4.38036, -2.84742
572.104, -9.88178, 0.787982
571.792, -10.0298, 0.667162
574.132, -11.1082, -2.20161
567.693, -4.99942, -2.74976
571.579, -9.1684, -3.01969
573.935, -12.1165, -1.44921
568.767, -6.05477, 1.41231
570.204, -8.76167, -0.392193
570.462, -8.57015, -2.14121
571.892, -10.4472, -0.558448
573.417, -11.7507, -0.965371
568.275, -5.81363, 3.09137
573.132, -12.3773, -2.3076
568.637, -6.27214, -0.965726
568.941, -6.95008, -1.28206
571.768, -10.717, 0.881819
569.057, -6.14533, -0.186367
559.363, -15.9012, -1.56341
571.436, -8.89413, -0.76592
563.663, -11.4896, -1.48513
562.406, -12.385, 1.46019
564.596, -9.50837, -2.74636
558.775, -14.4447, -1.51456
561.869, -12.1746, 1.73099
565.25, -9.39827, 0.771661
565.323, -9.35936, 0.693832
566.781, -7.56858, 2.37739
565.045, -8.95064, 1.43952
560.145, -15.0713, -0.258048
559.897, -15.7763, -2.18534
560.322, -14.3285, -2.44868
561.344, -13.8118, 0.062038
563.486, -11.6614, -2.24296
560.296, -13.7763, -1.68026
560.999, -14.3832, 1.57468
558.749, -15.1635, 0.66797
561.515, -13.3269, 1.88265
562.599, -12.9447, -1.32913
560.07, -15.5602, 1.26872
561.84, -12.9107, -0.08223
561.601, -13.5142, 1.67887
558.901, -14.8298, 2.8887
561.195, -14.0793, 2.81138
559.483, -14.238, 1.0242
562.644, -12.7513, -1.50731
562.875, -12.1084, -1.09774
559.282, -13.2579, 1.49294
559.412, -13.7411, -1.81589
561.325, -13.8079, 3.09721
560.373, -13.6215, 0.696306
559.998, -13.7716, 0.575928
561.76, -13.6019, -1.34091
556.947, -13.0478, 1.60527
558.152, -12.8869, 2.09111
559.695, -12.8644, 2.90075
559.259, -14.9083, 0.939841
561.09, -13.6285, -2.9558
559.166, -14.6656, -0.839971
560.926, -13.5608, 2.44877
560.719, -12.518, 0.552919
561.42, -12.65, 0.752191
559.125, -13.3195, -3.02159
560.954, -12.9439, -3.11114
561.137, -14.2721, 0.091041
557.416, -12.457, -1.16218
557.339, -12.4114, 0.928286
558.432, -13.2553, -1.56703
561.27, -13.5826, -0.850947
559.649, -14.9875, -2.79298
560.236, -14.4471, -0.070543
559.505, -14.9136, -2.53962
559.689, -15.9011, -1.39651
560.805, -14.106, -1.69238
559.771, -15.3014, -0.878219
560.047, -15.2755, -1.38638
560.502, -14.4191, 3.03164
560.373, -14.2414, 3.13889
562.194, -18.4484, 2.81201
579.087, -36.5345, -0.152878
559.938, -15.1121, -2.66256
575.286, -34.515, -0.733149
563.486, -20.031, -1.07095
576.595, -39.0129, 0.00915
568.801, -28.0811, -1.84957
576.257, -38.3801, -1.1829
577.55, -37.8116, -1.03413
573.002, -33.6095, 3.13863
569.708, -28.5496, -2.30066
570.395, -30.1503, -2.05019
563.233, -20.6891, -0.108814
562.809, -19.6302, 3.03002
569.754, -30.594, -1.64907
571.223, -33.6592, -0.366711
574.696, -39.6771, 2.47654
574.488, -39.8262, 1.18089
566.823, -26.3878, 2.90691
562.232, -19.5448, -1.76531
572.901, -37.5464, -1.81413
569.595, -31.3832, 0.838271
565.722, -25.1982, -1.97345
565.971, -25.0956, -0.710771
562.802, -19.9798, -0.793961
573.164, -38.6565, -2.42766
574.049, -39.3703, 0.866837
565.05, -23.9204, -2.92263
568.535, -29.8938, 2.08404
563.796, -21.4322, 2.38389
572.783, -38.0512, 3.01814
563.67, -21.32, 1.78227
572.005, -36.6414, -2.92762
570.708, -34.1387, 0.371605
570.266, -33.6775, 2.89714
572.536, -37.8543, 1.34082
571.447, -36.7074, 2.76595
570.993, -33.6718, -0.21684
566.862, -20.2811, -1.68806
575.168, -15.9423, -2.21341
573.533, -38.2793, 0.579201
565.633, -24.2294, 0.011003
565.102, -24.0598, -2.45077
574.606, -38.5322, 3.13857
567.41, -27.4173, -1.77142
564.907, -23.6161, 0.687718
570.829, -33.0673, -2.02971
569.936, -31.7564, -1.60563
565.218, -23.4845, -0.750016
565.325, -24.4397, 1.18902
568.605, -28.878, 0.373714
569.153, -30.6071, -3.03857
573.775, -37.4046, -3.10994
572.727, -36.3653, -0.55366
571.13, -32.2853, 2.8977
567.577, -27.7793, -2.90623
571.204, -33.2726, 1.44514
573.486, -36.8805, 2.7703
566.495, -25.5517, 0.731334
567.582, -28.1702, -1.91578
572.871, -36.5258, 3.0892
566.395, -27.7847, 1.72591
564.403, -29.8027, 0.77907
569.171, -29.8589, -2.64614
567.441, -28.102, 1.81751
567.714, -27.4678, -0.60398
572.349, -34.3819, -3.08913
565.227, -29.2829, -1.16768
574.068, -36.1377, -1.96311
575.579, -38.4263, -1.46026
571.823, -33.2789, 1.51858
575.346, -37.9905, -0.533646
572.131, -33.416, 0.351096
571.415, -32.5177, -0.858162
572.075, -33.6506, 1.75912
575.362, -37.3507, 2.82126
571.418, -32.4863, 1.79538
572.415, -33.7509, 0.645553
570.944, -31.9247, -1.74869
571.867, -33.0171, 0.864912
574.78, -36.1213, 1.10755
574.018, -35.8839, -0.314443
571.923, -33.1126, -2.13909
575.126, -37.0139, -3.07532
575.391, -37.8743, -0.342775
574.964, -35.6901, 1.72783
575.691, -36.5397, -1.30916
572.884, -34.0779, 0.824188
575.833, -38.2005, 0.355393
575.199, -37.7245, 1.96678
572.519, -33.5238, -1.50582
573.63, -34.9849, -0.019187
572.86, -32.8044, -1.34568
575.762, -35.3047, -0.06672
573.388, -33.4433, -2.77353
572.163, -33.4827, 1.20288
574.783, -35.7143, 1.48941
576.651, -36.3742, 2.09016
575.694, -32.9374, -0.944296
575.926, -37.5126, -0.541303
576.379, -36.2991, -2.01163
575.136, -33.2896, 1.02617
573.733, -34.9208, 2.86269
574.083, -35.3275, -0.357719
574.666, -35.8983, -2.48386
575.425, -35.3402, -0.878253
576.124, -35.3656, 1.50427
574.502, -36.0004, -1.72273
576.175, -36.4199, 0.552094
575.274, -35.6174, -1.55003
576.275, -37.0128, 0.769608
575.406, -33.1581, -1.86923
576.41, -31.3868, -2.40424
574.896, -31.1384, 1.30188
576.608, -28.9221, 1.25436
574.353, -31.4602, -2.64959
575.062, -30.0664, 2.91524
576.277, -35.2458, -0.722033
575.11, -32.7755, -0.462314
576.384, -33.9371, -1.34839
576.215, -32.8299, -0.650868
576.368, -29.4801, -0.011812
574.729, -30.5016, -2.44313
576.779, -30.8526, 0.845139
573.675, -32.1055, -1.60515
576.414, -32.5848, 1.97444
573.738, -31.5492, 0.879921
575.996, -29.7888, 1.90984
576.624, -32.897, 0.346138
575.449, -30.5991, -1.04561
573.462, -32.0729, 1.16643
576.847, -30.5856, -1.07736
575.323, -31.0984, -1.93809
572.688, -31.7581, 0.916968
576.381, -30.7901, 1.92187
576.963, -30.8365, 0.744531
575.67, -31.2023, 1.73366
575.976, -31.2123, -0.844018
584.137, -27.8652, 1.54939
582.933, -27.9411, 1.46564
584.685, -27.0558, -0.199672
583.681, -27.5496, 2.55532
582.601, -26.749, -1.75892
581.844, -26.7738, -1.23
581.872, -27.8531, -2.80156
582.253, -27.6755, -0.724756
583.877, -25.9831, -0.524203
582.652, -26.7956, 2.18117
580.447, -27.04, 1.02456
582.043, -26.0017, -0.715604
582.202, -27.8362, 3.01704
581.031, -28.2057, -2.36123
585.168, -26.2918, -3.07288
582.924, -25.8273, -2.6165
584.903, -26.0901, -1.61863
594.494, -34.3256, -2.37891
587.878, -30.5181, -0.517357
589.372, -32.0607, -0.476328
581.656, -27.3997, 2.14099
592.556, -32.5259, 0.946176
583.344, -29.484, 0.584452
582.694, -25.5884, 0.513977
584.052, -27.3499, -2.87588
591.282, -32.5056, 2.40088
583.965, -27.6676, -0.247525
582.18, -24.9797, -0.904509
642.59, -71.1469, -2.02602
584.456, -25.2041, 2.54731
583.574, -25.2635, 2.17769
583.214, -24.4751, -1.11455
644.941, -59.7723, -0.008101
617.704, -42.6859, 2.42161
585.571, -25.9463, -1.3905
584.881, -25.8304, -2.30858
618.545, -51.7506, 2.5068
621.205, -55.9496, -0.225557
636.703, -78.0023, 2.69509
616.158, -79.5122, -2.53114
587.344, -25.0623, 2.72248
587.296, -25.0921, -0.627669
586.687, -24.5496, 1.88725
586.6, -24.7524, 1.72755
621.681, -86.7775, -2.1543
584.212, -101.278, 1.34348
579.488, -103.349, -1.5619
613.173, -85.8848, 2.72851
603.49, -66.8473, 1.41675
568.666, -100.706, 0.554618
570.166, -82.457, -2.01597
566.38, -100.231, -2.47194
591.526, -84.0553, 1.02528
581.549, -95.666, 0.762307
590.646, -64.2393, -0.069447
588.581, -101.814, -1.46019
570.204, -79.9071, 0.58613
565.694, -62.8536, 1.70878
551.606, -87.8257, -1.39874
555.684, -65.6754, -0.147279
554.44, -48.7585, -0.433919
559.917, -73.5403, -2.3694
570.947, -67.9828, 2.98391
600.427, -100.488, 0.392341
555.868, -90.6988, -1.56407
589.965, -57.2641, 1.25811
589.842, -50.9286, -1.474
575.774, -87.9243, 2.02871
585.272, -35.3635, 2.96018
578.896, -59.1234, -1.57854
555.116, -55.9186, -1.07837
571.526, -42.1847, -2.08977
563.662, -46.1502, -0.621299
549.053, -69.7906, -0.820401
539.823, -58.0409, -3.13295
532.428, -50.6152, 2.59082
588.231, -29.9359, -2.29651
586.702, -29.4184, -0.534317
590.374, -29.9338, -2.10304
587.573, -29.034, 0.545202
524.458, -55.9157, -1.27914
604.723, -33.9886, 0.975528
590.685, -29.4196, 2.17907
596.299, -29.8795, -2.40817
596.648, -29.5281, -0.930415
591.95, -30.657, 2.44554
606.586, -31.1027, 1.12273
598.787, -30.2608, 2.63652
603.437, -31.1184, -2.76222
603.068, -31.2221, 0.472429
596.796, -30.6439, 0.162305
592.025, -29.6642, 2.26503
602.159, -30.5825, -0.359656
593.362, -30.0599, 0.051584
606.397, -32.5377, -1.72059
601.151, -31.8693, 1.74561
605.926, -31.4725, -1.32138
604.431, -31.3652, -0.197319
606.23, -30.0541, -1.50552
598.349, -29.7997, -2.36495
594.435, -32.653, 2.08765
599.418, -29.9371, 2.82101
596.791, -29.9238, 1.11705
606.401, -27.8691, 3.13729
595.323, -31.7466, -0.810326
603.738, -28.997, -2.44529
598.498, -29.5295, -2.86736
594.831, -29.4279, -2.64497
602.541, -30.2391, -0.174547
605.558, -29.9609, -0.025734
596.25, -29.4931, -1.21206
598.057, -30.1101, -0.032356
606.863, -29.616, -2.07499
598.281, -29.9899, -0.140731
596.449, -30.1961, -0.457464
604.139, -29.723, 1.75924
606.616, -29.2357, -2.45482
604.963, -29.8122, -2.90447
606.126, -29.4178, -0.494805
604.153, -29.7953, -1.57649
600.121, -29.3546, 2.3785
601.982, -29.458, -1.99604
600.16, -29.1561, 0.312252
603.539, -29.0077, -2.11804
604.537, -29.4178, -2.89155
602.034, -28.9673, 2.87413
603.216, -29.3535, 1.95706
602.434, -29.5077, 0.725252
605.75, -28.5907, 1.73652
652.934, 9.32719, 1.059
648.454, 7.28398, -0.021651
620.752, -12.9392, 1.05643
658.935, 23.6, -2.82507
637.049, 17.5276, 0.734713
621.616, 4.14359, 1.98067
646.342, 29.9093, -2.50211
625.808, 20.8947, 0.984351
628.465, 41.4924, -1.30892
633.591, 44.8923, -0.966044
619.195, 16.4575, 0.107037
606.295, -28.802, 0.595894
604.093, -28.8227, 0.478099
604.666, -29.7407, -0.093241
605.267, -29.2246, -2.82344
604.927, -28.6919, 0.055138
606.261, -29.8598, 2.68195
605.661, -28.9603, -3.06914
605.869, -29.4876, 0.570386
606.832, -28.7168, 1.0594
605.866, -29.662, -0.852781
607.111, -29.3931, 2.99852
605.713, -29.8046, 0.75149
607.34, -29.292, -1.30014
606.988, -29.1863, 2.9701
607.249, -29.1083, 0.651406
606.95, -29.4213, 0.523543
606.135, -29.2174, 0.064645
606.235, -29.2722, 1.41488
597.61, -32.3035, 1.70741
581.662, -36.6183, -3.10019
548.209, -46.5509, 1.34425
603.719, -30.5002, 1.29104
592.996, -29.0603, -2.31235
599.15, -27.9516, -2.22198
589.674, -27.7387, -1.97048
593.785, -27.9086, -1.51396
592.247, -27.4798, -2.36281
581.576, -27.3697, 2.22099
543.189, 18.6217, -2.29627
570.271, 10.2787, -0.455612
584.883, -4.52079, 1.33555
574.984, 28.189, -3.00309
594.473, -7.47788, -1.102
582.757, 36.6062, -2.36893
587.735, 47.3369, -1.90074
590.055, 47.4538, -0.426298
587.176, -24.666, 0.418418
598.795, -28.2439, -1.92075
596.537, -27.5977, -2.92818
594.217, -27.0753, -1.558
581.633, -23.1425, 1.57855
580.528, -23.9255, 0.091303
593.243, -27.1039, -2.64595
584.59, -25.0321, -0.610416
600.075, -27.9313, -1.95081
596.095, -26.958, -1.23482
584.832, -24.6866, -2.80567
590.015, -26.2326, -1.11678
599.854, -28.184, -2.23044
598.623, -27.679, 2.21224
588.768, -25.0497, 1.24174
595.479, -27.3734, -0.306656
583.836, -24.1602, 0.522999
594.222, -27.1139, -2.02382
582.731, -22.3009, 0.187466
560.693, -27.6811, 1.76732
586.742, -24.4503, -1.84451
539.462, -14.6327, 2.11229
586.557, -23.5229, 1.06165
582.947, -21.9048, -2.95558
595.538, -26.3175, 0.869119
589.095, -25.1801, 0.897273
589.155, -24.3914, -0.205709
584.609, -22.9161, -0.55508
583.239, -21.8393, 0.312284
585.222, -23.0935, 0.815882
585.564, -22.017, 2.46635
586.7, -22.4181, 1.72086
588.138, -24.047, 0.402094
591.187, -25.0847, -2.65784
591.907, -25.0308, -1.65946
581.609, -20.7634, 0.496334
590.043, -24.0734, 3.02749
585.558, -22.1956, 0.471151
585.505, -22.2808, -0.193726
583.513, -21.9848, -2.83015
582.909, -20.8879, -1.91475
585.094, -23.6078, -2.12134
589.55, -25.1239, 2.69555
582.921, -21.3127, -1.69245
584.333, -21.5755, -3.04563
586.644, -23.7619, 1.06521
586.196, -23.5115, -0.127421
550.043, 18.7606, 0.1476
585.225, -21.7333, 0.963533
530.697, -15.1497, -2.86042
586.561, -22.5753, 2.25223
536.686, 26.0837, 0.330634
587.488, -23.978, -2.54026
582.601, -20.4687, 2.05249
543.409, 36.476, -2.83507
583.023, 34.5802, 2.24914
560.96, 12.4383, 2.93848
555.958, 35.1046, 1.69264
583.325, -20.8226, -2.6949
586.915, -22.542, 0.753307
586.171, -19.7036, -3.04618
586.048, -22.7092, -2.76015
585.286, -21.8032, 1.73423
586.049, -21.2187, -2.41489
518.652, -31.4389, 1.34619
587.817, -18.8464, -1.62109
526.24, 8.01198, 0.647489
566.443, -13.3952, -2.39295
535.084, -36.2289, -2.92527
551.055, -6.66143, -2.63334
519.266, 8.73279, 0.627479
527.367, -17.4847, 1.34491
507.936, -11.3244, 1.55661
558.22, 1.30664, -0.258204
506.933, -36.6636, 2.50757
508.699, -25.3904, -0.740907
539.956, -29.8194, -2.71335
651.673, -2.3247, -1.25178
522.338, -27.9317, 0.9029
631.109, 22.7407, -0.126823
586.947, -20.8111, -0.94466
586.013, -19.9791, -1.65638
583.939, -20.5141, 2.20187
583.021, -20.0818, 3.07242
562.767, -61.579, 1.22124
567.258, -97.513, 0.997115
540.99, -83.7744, 1.10068
566.604, -49.7953, 2.77904
564.122, -73.8478, -2.39422
561.851, -96.2666, 0.705316
513.112, -61.9945, -0.54321
532.82, -66.0995, 2.04891
519.879, -67.3402, 3.10017
526.246, -75.4679, -1.55672
583.651, -19.7526, 1.02029
582.404, -20.051, 2.87736
581.928, -20.6613, 2.76984
555.96, -47.3743, 1.70216
576.828, -23.6876, -0.400712
575.087, -24.6013, 2.639
576.799, -23.7146, -0.510863
575.272, -24.8153, 1.03645
575.982, -24.1622, -2.68296
578.736, -22.8734, -2.15046
575.701, -24.7695, 0.966209
575.095, -24.2184, 2.26438
576.25, -23.8677, 1.22799
576.322, -24.5597, 1.78393
578.595, -24.6601, 0.245754
578.074, -23.4217, -2.03375
578.889, -23.8415, 1.7798
590.687, -47.2648, -1.43462
579.335, -96.8009, 0.684138
597.022, -61.7459, -2.50196
624.058, -82.4727, -2.73702
624.486, -79.3535, -0.620139
633.972, -81.6933, -1.14428
575.363, -25.976, 2.75034
578.131, -24.8938, -2.59572
575.078, -26.8072, -2.45275
578.768, -24.2287, 2.73587
575.602, -22.2741, 2.86726
576.767, -23.9892, 2.8775
574.667, -22.8185, -1.66659
576.658, -22.4069, 1.90765
577.792, -23.2386, -0.313971
577.401, -23.8312, -0.790361
578.783, -23.4644, 1.50689
575.479, -22.8395, -0.150852
577.809, -23.6386, -2.88086
576.108, -24.5121, -1.43607
575.817, -24.6878, 1.78645
575.661, -24.0539, -2.06135
574.871, -23.3984, 0.329857
575.736, -23.2435, -0.606582
574.77, -22.8331, 2.95955
574.713, -23.4727, 1.48424
560.505, -0.189603, 0.70792
569.173, -13.7733, -2.02856
562.18, -5.58071, -2.72234
564.504, -10.018, 2.4791
571.251, -19.4461, 2.51029
559.884, -3.95922, 0.459511
561.903, -6.15465, -2.12366
564.721, -9.48093, 2.03218
560.945, -3.89883, -1.85312
560.444, -3.71633, -1.14124
568.878, -15.9716, -2.0785
558.708, -0.693126, -1.3087
569.375, -16.163, -3.11449
570.274, -17.8775, 2.68279
568.017, -14.7483, -3.02815
569.5, -17.2975, 0.94824
569.338, -16.4975, 0.948266
563.579, -7.69654, 0.126702
566.693, -11.8242, -1.01036
562.468, -5.26583, 0.879168
565.304, -10.0327, -0.807068
560.328, -0.907785, 1.20554
565.026, -7.69961, -0.962752
560.692, -3.91282, 1.77473
560.122, -2.40726, 1.68051
566.173, -10.3615, -2.3884
569.358, -17.4466, -0.020342
567.708, -17.7671, 1.13097
563.305, -1.90298, -0.063087
568.32, -17.529, 2.28961
567.304, -17.7764, 0.489899
567.418, -18.2617, -0.055765
568.259, -18.4153, -2.27434
567.496, -18.3335, -1.55871
567.948, -18.7721, -2.3863
562.022, -19.702, -0.629832
562.047, -19.311, -2.4361
562.516, -18.9352, 2.31932
562.681, -19.6118, -2.64223
561.765, -18.8503, -2.64607
562.046, -18.1612, 2.13829
562.48, -18.4822, -1.52009
562.235, -19.9754, -2.37748
564.88, -19.0196, 1.82935
564.469, -19.0018, 2.15339
562.44, -20.0417, -0.499182
561.807, -19.2401, -2.85426
562.885, -19.7241, 2.28508
562.286, -19.0883, 0.633814
562.406, -18.8011, 0.84448
562.926, -19.5208, 2.02773
559.983, -16.1414, 1.5979
562.65, -19.9947, -2.60837
563.18, -20.5607, 1.44075
562.251, -20.5495, 2.67753
609.884, -72.6542, -2.7326
563.32, -20.589, -0.77647
562.376, -20.1971, 0.066818
562.474, -20.6413, 1.71633
563.291, -20.4046, 2.23693
562.108, -20.0183, 2.2689
563.169, -14.6388, -2.63993
562.46, -20.8231, -1.55306
561.923, -14.5572, 2.85711
562.288, -19.7083, -2.59638
561.376, -9.32732, -2.38688
561.266, -10.7779, -2.53856
561.218, -9.54824, -2.79462
562.968, -18.819, -2.1128
561.37, -13.6403, 0.812388
562.485, -14.6872, 2.27124
562.43, -15.4385, 0.183987
561.064, -10.4046, -0.590222
561.765, -13.9748, -0.604405
560.221, -9.57292, -0.827265
560.356, -9.80258, -0.505988
560.117, -10.3067, -2.54692
561.44, -10.0887, -1.89415
561.381, -16.0226, 2.56386
562.071, -17.0031, 2.34508
559.382, -10.0083, -1.29106
559.972, -10.5854, 2.81389
560.215, -11.445, -1.2022
557.744, -16.6579, 2.17416
561.027, -8.83896, -0.483698
561.713, -12.6503, 2.89735
559.196, -16.3689, -0.765415
559.324, -16.523, 1.19396
560.359, -16.3646, 0.35408
516.2, -73.3773, 1.38908
558.188, -16.2577, 2.06597
530.357, -59.58, -1.05531
547.169, -36.1035, 1.32084
557.79, -16.1235, 2.822
557.246, -15.6793, -2.10074
557.344, -15.6472, 1.43369
558.283, -15.9639, 2.73399
558.889, -16.452, 1.84039
556.72, -13.0907, -2.03246
557.415, -14.4212, -2.8388
556.862, -13.1837, 0.223059
555.266, -14.952, 2.65694
557.693, -15.8965, 0.162337
556.431, -15.5608, -1.30112
555.263, -15.4914, 1.08947
555.119, -15.1575, 1.31727
554.943, -15.2125, 2.82014
555.62, -15.0763, -2.94164
554.826, -15.8305, -2.45103
555.253, -15.7491, -1.04329
513.448, -63.9475, -0.834643
555.575, -13.6416, -0.082321
554.975, -15.5095, -2.96562
555.343, -13.1449, -0.260112
555.252, -15.5486, -2.11664
555.464, -16.0783, -0.805909
555.217, -15.6183, -2.77927
568.873, 39.5336, 1.20826
574.279, 46.7592, -0.874923
581.264, 61.3069, -2.91547
555.083, -14.9991, -2.05022
555.497, -13.941, 0.472295
555.501, -14.4421, -0.841948
555.564, -15.0064, 0.248772
555.473, -15.0984, 2.36985
580.697, 47.1595, 2.61009
556.902, -16.021, -0.314555
559.349, -16.7444, -0.52348
558.076, -16.3189, -1.21066
555.817, -15.287, -1.94584
556.609, -15.591, 2.49126
555.729, -15.2843, -1.22788
560.801, -15.5671, 1.99084
560.043, -15.8909, 1.88067
560.118, -15.8111, -1.27102
557.386, -15.5701, -2.20222
558.682, -15.9271, -0.890285
559.731, -16.2959, 2.675
562.487, -15.7691, 2.95124
562.265, -16.3594, -0.401186
560.747, -16.1875, -2.46341
562.176, -16.6392, 2.14877
557.969, -15.339, 1.28698
557.438, -12.9712, -2.07802
557.792, -13.8084, 0.633494
557.691, -13.2815, 0.517063
557.985, -12.8813, -0.94325
557.762, -13.1434, 0.38371
557.792, -13.3128, -1.55949
557.965, -13.2302, -1.89276
557.883, -13.1965, -0.56671
557.896, -11.8087, -1.67091
557.784, -11.5804, 0.759975
505.442, 26.2953, 0.618417
480.067, 4.9648, -0.68059
494.781, -14.2701, 3.04544
485.106, -8.41824, 2.95066
557.536, -11.4468, 2.01447
562.321, -10.2124, -0.418031
561.698, -11.4545, 0.308925
605.353, -54.7133, -0.114283
564.098, -11.1945, -0.129195
563.555, -11.0906, 3.00648
562.669, -11.1891, -0.400063
562.271, -10.6643, -0.562553
560.746, -10.8636, -1.63462
563.283, -9.55943, 2.21976
562.201, -10.4772, -0.171867
563.536, -10.4523, 0.865766
561.182, -10.5937, 2.78503
562.194, -10.2461, 0.551959
562.963, -11.2933, -2.11741
563.826, -12.099, 1.82052
561.693, -4.97715, -1.17042
562.294, -10.0104, 0.787967
564.156, -9.9936, -1.49832
563.406, -12.1834, 1.61772
540.104, -61.3464, 0.52367
525.204, -64.826, 1.1359
519.894, -72.8848, -1.92222
526.661, -48.1662, -2.69129
564.637, -21.5391, 1.01297
563.995, -15.8207, 0.526626
564.134, -16.8925, -2.73118
563.277, -13.1736, -2.73032
561.647, -13.6922, 1.40463
563.458, -12.2697, -2.56373
564.443, -18.2538, 2.24589
564.824, -20.9821, -1.15642
564.458, -15.8859, -0.827088
564.705, -15.9849, -1.41629
496.625, -51.3728, -0.039927
564.987, -15.9916, -1.45977
564.189, -14.8931, -2.75732
564.664, -18.1675, -2.96029
563.828, -14.9369, -2.24428
564.019, -17.5609, 0.674516
564.111, -17.9466, 1.12412
564.361, -19.0377, -2.49871
565.299, -19.0123, 0.930854
524.454, -82.2268, -1.3781
564.503, -18.8527, -1.65101
566.369, -19.6273, -2.18949
565.36, -20.4493, 2.57756
565.911, -19.6834, -1.54506
563.839, -16.648, 3.13249
564.709, -16.5784, -2.98956
564.195, -14.8151, -0.783484
563.472, -13.4495, -0.322633
605.259, 13.8055, -1.32418
605.395, 15.4855, -2.01053
594.389, -8.65713, -1.78224
562.53, -9.13693, -2.63742
564.496, -12.1664, -1.89335
596.66, 30.8619, -3.08006
605.386, 28.6597, -1.65122
592.564, 7.79392, 0.114728
637.242, 3.7004, 1.28922
632.273, 14.347, -2.27301
564.145, -9.31166, 0.295308
564.889, -10.2339, -2.14425
565.202, -10.4504, 0.101834
564.165, -13.4596, 3.12799
563.049, -9.12911, 1.08481
564.679, -10.5143, 1.93232
565.033, -11.1636, 1.93084
519.468, 26.8416, 1.0813
503.295, 42.0053, 2.05719
524.819, 14.2569, -0.505642
525.684, 7.45286, 1.46504
508.349, -5.20593, 2.51436
529.307, -10.1029, -2.86818
487.288, -36.0302, -1.78484
494.485, -29.8984, -2.97841
490.024, -36.3504, -1.4681
563.436, -4.61647, 1.00762
563.401, -6.42255, 0.136419
563.189, -3.31881, -2.71231
563.129, -4.11319, -2.67332
563.216, -5.15735, 2.12503
563.234, -2.13144, 0.532309
601.397, 59.3858, -1.41986
604.379, 57.1429, -1.34064
612.425, 48.7298, 1.85327
595.818, 29.9513, -1.86598
624.822, 31.5667, 2.34679
592.194, 0.680744, 1.4688
604.118, -6.95053, 1.26076
563.21, -1.45581, 1.46534
562.416, -4.61698, -1.03952
563.493, -4.10767, 1.72225
516.616, 10.8407, -0.479876
491.03, 8.88201, -3.10112
563.198, -5.4318, -2.42417
489.955, 4.72452, 1.8137
562.691, -3.0041, -1.10635
563.082, -4.71467, 0.873389
563.502, -1.28848, 2.54061
562.581, -4.06782, -2.63019
562.217, -3.10887, -0.623961
564.132, 0.131093, -1.67789
564.414, -0.873054, -2.30807
562.424, -3.1125, -0.107475
563.3, -2.65146, 2.35947
564.49, 0.176722, 2.87654
501.96, 35.9743, 2.96001
562.075, -2.51047, -0.318052
564.135, 0.145418, -0.862682
570.344, 77.1637, 2.16858
543.676, 49.8053, 2.69479
544.97, 19.211, 0.056225
504.909, 42.6648, -0.729548
524.54, 30.0937, -0.11267
525.684, 68.9569, 0.209339
534.004, 48.5136, 1.48872
525.333, 54.7011, 2.30929
516.163, 59.6563, 3.03033
563.742, -0.445562, -2.28477
565.696, 1.86863, 1.22494
567.666, 0.745317, -2.21756
620.371, -57.2452, 0.583572
569.459, 1.5578, 0.866106
567.51, 1.55777, -0.864602
568.774, 0.973574, -0.296182
564.254, -0.119411, 1.8677
570.469, 1.21675, 2.10083
565.368, 1.31972, 0.950608
567.144, 0.46666, 2.99287
573.269, 1.47473, 0.620683
567.512, 0.900639, 0.638357
520.649, 58.7176, -1.59994
573.264, 1.48692, 3.10313
572.829, 1.29293, -1.2835
571.854, 1.49945, 2.44553
565.581, 2.21499, 2.94708
562.24, 3.21352, 0.534273
564.928, 3.45404, -1.5286
564.649, 3.81832, -1.89493
562.234, 4.41345, -0.034298
563.896, 3.65222, 1.99086
563.221, 2.71822, -2.34217
562.693, 3.21291, -3.02931
563.463, 3.8207, 2.66643
564.917, 3.5445, 0.086684
564.418, 3.62981, 1.63463
562.397, 4.05816, 2.13824
562.046, 4.09708, 1.25487
524.053, 69.3968, -0.602626
531.352, 52.7148, -2.29443
562.515, 3.77423, -1.38837
557.62, 5.86986, -2.5742
512.74, -24.8611, 2.19075
562.371, 3.85056, -0.356669
562.554, 3.43603, -0.284527
496.543, -19.9226, 0.683484
489.02, -16.9185, 2.70606
567.365, -0.104174, 3.04262
563.181, 2.61783, 0.595701
566.447, 1.55948, 2.8352
569.999, 0.657462, -1.79171
568.589, 0.778927, -1.7196
568.718, 0.402136, 2.50045
563.342, 2.76516, -2.74077
567.517, 0.042356, -0.713294
564.71, 3.45537, 1.30557
582.803, -62.8901, -1.76229
571.11, -77.8233, 1.55833
547.124, -54.3353, 0.227741
545.197, -43.5421, -1.81392
564.827, 1.06584, 0.794191
564.479, 0.535584, 2.48891
566.437, -0.045807, 2.93271
565.248, 0.782236, 0.680807
568.501, 0.113078, -2.0642
566.678, 0.865858, -0.387456
567.057, -0.173443, -2.82881
572.899, -0.651831, 2.2178
569.586, -0.101367, 0.642113
569.039, -0.2675, 1.59295
568.23, -0.004055, 0.895226
570.001, -0.330262, 0.781707
571.833, -0.755174, 0.948584
567.146, 0.423303, -2.57024
573.03, -0.526363, -2.10302
566.934, -0.248262, 1.72634
571.312, -0.008813, 1.35487
570.34, -0.198774, 0.384101
569.384, 0.143033, -3.08294
573.29, -0.727378, -2.76302
570.798, -0.119568, -2.91942
570.726, -0.598867, 2.9064
569.106, -0.155824, -2.36467
569.408, -0.027603, -0.455666
571.187, -0.240417, 1.29302
573.347, -0.014894, -1.95303
572.645, -0.532808, 0.124641
571.18, -0.199928, 1.25511
569.322, -0.30026, 2.52031
570.56, -0.510139, 0.617719
569.677, 0.061828, -3.00037
571.148, -0.141287, -2.6734
573.623, -0.672878, -2.33741
570.583, -0.252434, -1.71992
573.298, -1.68464, -2.61793
573.474, -1.94207, -1.52086
571.087, -0.250574, -3.10481
571.964, -0.394649, -3.11969
576.491, -4.68639, 0.463477
574.134, -2.30093, -2.51488
575.395, -4.23678, 2.703
573.568, -1.83267, -1.84269
574.39, -2.8763, -0.842569
576.233, -5.20587, 2.76138
574.572, -3.4768, 2.65358
573.611, -1.05118, 1.0449
575.099, -5.24184, -2.52421
573.588, -1.10434, 0.662163
572.901, -0.652931, 1.7214
574.076, -2.63289, 2.2828
575.757, -4.81611, 0.06531
577.328, -5.28069, 0.302074
576.792, -4.85316, 2.50346
575.216, -5.31192, -0.490617
572.511, -12.2682, -1.17577
574.145, -3.36359, 1.60258
573.576, -10.2963, 3.12637
574.042, -5.78001, -0.804964
573.168, -22.9805, -0.51814
573.899, -28.2076, 2.03902
573.789, -9.05401, 1.07284
575.336, -25.5254, 2.81409
579.209, -5.1013, -0.522243
574.534, -5.39928, -0.069249
573.264, -27.7499, -1.15207
576.802, -5.07369, -2.97266
573.224, -25.9526, -0.51245
573.41, -12.3282, 1.51414
573.479, -23.2925, 0.187871
572.045, -17.2848, 2.44883
576.143, -3.58589, 0.926852
574.706, -3.16486, 0.136677
577.398, -5.12935, -1.04039
575.426, -2.78214, -0.559519
575.005, -4.57528, -0.330168
574.596, -3.80628, 0.774792
576.215, -4.40518, 0.963704
576.389, -3.08785, 0.487896
576.734, -4.63243, -2.06889
577.503, -6.04522, 0.405718
576.116, -4.90717, -1.7854
576.027, -4.00493, -0.068598
577.056, -6.07716, 0.466708
576.933, -5.03199, -2.95347
577.196, -4.09514, -1.48278
643.996, 24.3696, -0.296883
577.013, -5.86437, 1.16402
576.836, -5.30412, 3.1302
578.094, -5.82379, 0.16854
579.052, -6.0986, -1.48162
577.635, -5.42319, -1.18993
584.006, -5.27656, 1.06392
578.067, -5.97614, 0.968833
579.642, -5.75652, -1.95262
580.731, -5.44981, -0.025812
584.83, -5.90051, 2.13849
580.078, -5.68335, -1.76111
578.78, -5.86139, 1.70297
584.352, -6.30189, 1.70915
586.301, -6.10082, 0.404047
584.186, -5.90866, -0.358588
579.55, -5.74647, 1.55145
586.847, -6.27428, 1.46674
583.662, -6.13326, -0.824215
583.808, -5.77975, 1.35513
584.047, -6.00044, -1.60855
583.184, -5.79685, 0.940762
582.922, -5.71362, -0.664874
586.359, -5.58444, -2.42147
584.702, -5.53541, 1.16751
586.405, -4.92165, -1.04693
583.035, -5.86143, 1.3328
586.208, -5.55067, -2.5029
584.467, -5.68034, 2.27432
585.908, -5.57443, 0.009445
584.352, -5.83919, -2.9367
585.299, -5.52636, -2.96203
585.734, -5.91173, -2.64931
584.302, -5.73774, 2.1789
586.796, -5.66419, 1.24543
586.377, -4.79994, -1.47231
585.245, -5.49008, -1.08414
586.4, -4.7099, -1.67966
586.418, -6.20155, -3.1292
586.596, -4.07583, 2.6685
587.49, -13.8909, -0.353411
585.87, -10.9219, 1.61701
586, -8.64017, -0.115835
586.025, -8.29973, -2.62845
587.089, -12.6529, 2.1775
586.769, -9.16817, -0.26828
586.674, -8.3793, 2.12255
586.774, -9.85088, -2.43987
587.876, -12.6787, -1.84585
587.784, -12.3396, -1.77081
588.077, -12.3123, 1.15652
588.48, -11.8271, -2.60174
588.56, -11.8894, -0.69108
586.641, -9.73453, -1.35621
587.229, -9.43842, -0.041252
587.706, -13.6262, 1.67641
587.797, -13.4535, -3.09636
587.894, -12.8178, -0.406421
587.518, -11.6091, 1.59872
588.018, -12.9224, -0.704869
588.873, -11.5744, 2.38216
587.609, -12.306, 0.117809
588.042, -12.5414, 2.73791
587.768, -10.9775, -0.738428
587.708, -13.758, 0.427447
587.97, -12.4722, -2.45123
588.199, -12.9857, -2.63089
587.461, -14.1213, 1.534
587.172, -13.5597, -2.48228
584.804, -13.8638, -3.12462
584.993, -13.88, 2.99635
579.91, -15.4758, -2.96374
578.813, -16.0175, -1.71731
576.701, -16.6908, -2.21875
579.207, -16.2343, -1.36047
580.206, -16.1462, -1.78282
579.225, -16.8394, 0.398738
578.363, -17.7257, -2.1173
576.599, -18.2127, 0.752361
583.458, -15.4164, -0.845184
582.287, -15.4742, 0.188759
581.455, -15.8126, 2.83469
576.192, -18.6896, 2.26072
583.511, -15.5386, -2.02008
582.175, -15.515, 2.38977
581.869, -16.0983, 0.493221
579.156, -16.6704, 1.17149
580.268, -16.38, 1.18875
582.897, -15.2063, -1.11126
576.153, -17.822, -1.56076
579.705, -16.9953, -0.209534
577.616, -17.1895, -1.27237
579.753, -16.918, 1.95911
577.608, -17.7658, 2.88895
576.577, -17.7379, 2.87107
579.465, -16.6505, -2.72974
578.514, -17.135, -2.80963
577.056, -17.1372, -0.698267
576.413, -17.6532, -2.43886
578.527, -16.8258, -0.22939
576.44, -17.8844, -0.444358
580.038, -16.3575, 1.68537
578.084, -17.2556, 3.13494
577.557, -17.5688, 1.21914
578.863, -17.121, 0.593112
577.014, -17.5067, -0.400325
576.826, -17.3752, -2.8635
577.297, -17.5775, -0.961422
575.91, -18.1395, 2.92156
575.747, -17.7051, -0.972648
577.521, -16.9945, -1.57894
576.069, -18.7362, 1.00517
576.252, -18.0923, -0.059119
575.991, -17.7673, 1.27068
576.176, -17.5125, 2.63934
576.694, -17.858, -0.914493
576.469, -20.616, -1.99348
577.426, -24.4037, -3.09007
580.993, -32.5771, 1.50935
576.27, -19.4896, -1.09876
582.249, -37.2781, 3.03569
579.789, -29.4395, -1.28119
576.349, -18.9382, -1.99684
579.686, -37.4824, 2.90002
576.753, -20.847, 1.40492
576.821, -23.4101, -1.01521
576.84, -21.3627, -1.9418
577.491, -25.2461, -1.49194
578.991, -37.8899, -0.075459
576.373, -20.6026, 1.94096
579.161, -35.3255, -2.67094
577.792, -36.1553, -0.830313
575.981, -34.7034, 2.31883
575.581, -23.2544, -0.980634
575.087, -21.5084, -1.85891
565.158, -30.5447, 1.70207
580.456, -29.438, 2.48747
572.713, -8.79535, 1.56722
575.684, -18.0198, 0.035337
572.515, -10.0559, -1.65466
576.074, -18.9732, -0.491172
575.255, -13.0542, -1.46759
576.142, -17.2302, -1.82574
575.632, -6.05537, 1.39306
575.517, -7.24365, -1.91144
575.727, -8.50422, 0.584879
575.507, -4.68472, -0.761784
576.785, -5.80271, 1.37716
576.329, -16.7737, 0.397641
576.475, -18.0585, 2.66392
576.612, -8.90755, -0.453533
575.903, -12.241, 2.01416
582.652, -17.3961, -2.78953
576.338, -12.902, 2.61826
575.516, -10.5299, 0.646474
588.58, -15.2146, 2.79022
582.02, -16.3867, 1.99591
584.532, -15.9829, -0.246636
584.153, -15.5563, -1.2376
580.742, -16.3802, 1.67592
588.115, -14.0051, 1.62097
588.109, -14.1681, -2.92677
584.748, -14.785, 2.33335
580.379, -16.7286, -3.08838
582.065, -15.7469, -0.772756
588.023, -13.5683, 1.31402
584.451, -15.4655, -1.08345
586.194, -14.5656, 0.769594
586.168, -14.3927, 2.23224
585.298, -15.1267, -1.61184
586.152, -14.1765, 2.43536
587.106, -14.2651, -0.335898
582.792, -15.6841, -1.88901
586.75, -14.2481, -0.879313
589.027, -13.8698, 1.60218
582.145, -15.6714, 2.46265
586.564, -14.2033, -1.00403
585.533, -14.8577, 2.44813
586.635, -14.4862, 2.46701
588.744, -13.2514, 2.47851
585.564, -14.8617, -2.43746
586.599, -13.9215, 0.965193
586.249, -14.4113, 1.66652
585.972, -14.3315, 1.52159
586.878, -13.6789, -0.291735
585.404, -14.2366, -2.55496
587.407, -13.9248, 0.240558
586.005, -14.0583, -0.820753
588.493, -13.6808, -0.650966
588.254, -13.0196, -2.19204
587.418, -13.5982, 1.57816
588.581, -12.8477, 0.296595
587.225, -13.584, -0.123309
589.638, -10.0698, 0.28223
587.933, -13.4344, 0.107473
588.391, -13.5931, 1.35977
587.683, -11.5493, -0.319
588.379, -10.8435, 1.43834
586.989, -9.00068, 0.661716
584.482, -1.26228, 2.35944
585.121, -3.68487, 1.92266
588.259, -12.0608, -2.95107
584.927, -1.64783, -1.40467
582.081, 3.04338, 0.60957
589.902, -10.4999, 2.09281
583.93, -2.44494, 2.69679
594.704, -8.92779, 2.2455
590.362, -10.3667, -0.740703
589.793, -11.3102, -3.07895
591.711, -10.458, 3.03133
589.786, -11.1257, -2.60603
594.225, -7.86184, -3.11826
593.437, -8.07201, 0.942347
592.746, -8.89995, -2.99649
613.875, 58.8264, -2.97577
606.035, 47.1375, 2.07574
594.342, -7.1047, -0.852214
594.301, -8.55055, -1.11396
594.166, -6.29638, 0.796873
591.016, -7.61637, -1.70407
594.836, -6.37762, -0.013575
592.568, -6.06029, -0.271776
592.198, -9.38154, 2.52001
593.859, -8.04014, 2.79843
593.645, -7.15663, -1.17091
593.733, -7.24564, -1.1455
593.428, -7.41494, -1.42665
594.328, -6.15073, 0.748177
597.77, 0.610082, -0.582814
598.636, -10.6207, 2.19591
597.031, -10.0462, 2.49093
598.519, -10.9497, 2.7307
598.451, -10.179, -2.2428
600.5, -10.0937, 1.43633
598.747, -11.1115, 1.95312
653.809, -54.768, 2.0189
628.685, -34.9082, -1.74753
645.945, -50.6041, -2.19306
637.262, -41.8598, -2.88392
657.432, -59.2628, -1.11186
628.135, -35.3156, 1.10143
654.184, -59.4525, 2.18816
599.233, -9.79319, -3.14085
644.862, -49.6516, -2.03381
641.279, -47.6813, -1.35401
657.07, -60.423, 0.50096
655.115, -61.9643, -1.47037
635.235, -43.2287, -2.73315
653.318, -68.3572, 1.74513
643.826, -70.5637, 1.38874
600.833, -8.12245, 0.430247
599.641, -8.90033, -2.66189
600.043, -8.39361, -2.40181
599.779, -9.36463, -0.777342
598.928, -9.56607, 2.35361
600.565, -8.48758, -0.980973
600.41, -7.12465, 0.141192
600.435, -6.88009, 1.00002
600.481, -7.579, 2.13051
599.983, -7.49628, 2.68407
599.9, -6.7117, -1.89993
670.03, 7.09714, 0.530659
599.344, -6.37436, -2.18901
606.648, 71.854, 1.35288
599.839, 73.3329, 2.77999
609.591, 61.9461, 2.54017
607.01, 51.4167, 0.676616
603.525, 42.7651, 1.79703
624.495, 0.692692, 0.870658
657.496, 27.5184, -2.46524
600.413, -8.18841, -1.37204
600.381, -9.46019, -1.07013
599.051, -9.41772, 1.63314
598.881, -10.081, -1.07636
597.038, -10.8794, -1.14102
597.474, -11.4828, -2.61517
597.687, -11.7235, -1.14436
599.292, -9.95665, 1.45406
597.565, -11.7003, -2.41807
600.917, -9.01717, -2.75395
598.934, -11.0885, 1.79338
597.992, -9.77584, 0.772628
642.494, -67.2894, -0.347158
633.732, -76.9544, -1.7398
616.3, -68.6741, -0.757501
596, -6.97046, 2.89807
597.788, -10.4909, -2.5111
597.392, -9.29191, -2.36235
597.432, -9.8592, 2.00443
597.621, -9.47224, 1.52971
593.538, -8.12803, -0.438202
598.956, -10.2582, 0.92961
597.384, -10.187, -0.249884
598.106, -10.6907, 2.21579
595.213, -8.97312, -0.887647
596.072, -8.93637, 1.01816
597.407, -10.4138, 2.82347
598.38, -11.0037, 2.63378
598.179, -11.1421, 2.77207
625.614, -58.6501, -1.03747
621.424, -49.4761, -2.10081
643.121, -67.8461, -0.235215
620.018, -45.2154, -1.1685
637.489, -70.3499, 1.42272
625.019, -49.4894, -1.32539
631.075, -56.2629, -1.50774
622.492, -49.523, 1.09483
631.171, -59.5715, -0.819433
633.537, -55.169, 2.61702
637.427, -64.8121, -0.147585
633.735, -47.7712, -2.2224
638.925, -48.4851, -2.31849
637.913, -57.1705, 2.70548
623.177, -39.9374, -2.93621
631.079, -46.9512, 0.531137
632.275, -69.9738, 2.46352
605.921, -30.0108, 1.18722
611.896, -53.82, -1.08343
606.836, -80.5522, 1.13265
574.708, -80.9986, -1.16605
623.105, 56.0462, 1.7253
602.898, -42.2946, 2.29973
603.104, -15.056, 2.66069
666.99, -61.4177, 0.155142
649.37, -54.5648, -1.38761
602.54, -15.1737, -0.498397
630.626, -45.5683, -0.400017
649.561, -69.5445, 2.48661
624.593, -63.4822, -0.407577
618.648, -54.5039, -1.74118
618.817, -52.0257, -1.26983
614.955, -45.8307, 0.359385
626.261, -64.6551, -0.849905
627.365, -54.937, -0.653067
644.353, -76.6796, 0.704896
602.406, -16.4984, -1.73428
599.595, -13.5973, 0.399331
601.674, -14.8214, -3.05995
602.274, -14.6603, -1.89469
599.08, -13.2316, -1.80294
601.549, -14.7216, 1.89421
598.791, -13.54, 0.995705
601.435, -14.7183, 2.5157
598.448, -13.2995, 2.40528
598.758, -13.5958, 2.88137
538.055, -22.2877, 0.1948
559.148, -18.5436, 0.433196
527.448, -42.9186, 1.37458
549.156, -40.5027, -0.30302
597.638, -16.9467, 2.19134
546.491, -41.1688, 0.822035
601.961, 47.8642, -0.059806
553.463, -61.9526, 1.94263
567.445, -49.0021, -0.182419
541.834, -69.5274, 1.04509
595.08, -21.7453, 1.06483
624.157, 42.2254, -1.08517
598.245, -11.0958, -0.963364
597.7, -8.46049, 3.00532
599.089, -13.2567, -1.46628
598.14, -10.9808, -0.7695
598.273, -8.76291, -0.381077
598.346, -11.8053, 2.04942
598.649, -10.4731, 2.45903
599.03, -13.796, -2.27668
598.802, -10.4165, -2.67277
599.362, -8.62717, -1.75907
599.982, -8.49108, -0.039699
599.967, -11.8449, 0.262413
599.253, -11.2702, 1.85969
600.03, -9.35898, 2.22438
599.32, -12.8078, 0.914106
599.304, -10.5101, 2.7057
597.974, -9.07047, -1.92899
598.404, -10.3336, -2.00071
598.068, -8.19035, 0.122021
598.534, -8.50213, 2.64439
599.354, -11.7087, -1.37521
598.341, -10.7697, 2.01189
598.846, -10.5747, -0.087138
598.341, -10.6376, 2.58277
598.29, -11.8277, -0.132211
598.765, -11.5212, -2.61067
597.337, -6.76243, -2.23452
599.213, -9.5128, 1.14726
598.299, -7.67388, -2.21954
598.735, -11.0748, 3.11714
601.145, -9.68558, -1.42885
597.839, -8.12391, -0.941932
598.096, -7.68749, -2.49075
598.261, -7.88603, -2.12521
594.723, -2.9035, -2.38488
598.234, -8.13102, -0.72099
537.608, -8.81083, -0.678973
532.781, -10.7812, 1.24111
595.643, -2.95555, 1.83291
597.477, -6.26655, -0.904347
597.751, -6.81445, -1.6316
596.95, -5.49678, -2.36679
597.146, -5.70447, -2.1476
597.366, -6.94547, -1.59372
595.909, -3.70944, 0.834967
597.107, -6.1286, -2.54203
597.072, -5.34332, -2.23148
596.919, -2.83507, -2.52761
523.771, -7.07248, 1.75942
594.418, -5.5079, -2.38069
594.518, -5.01049, 0.893434
597.671, -4.91207, 1.8081
596.269, -5.05524, 1.31566
600.868, -1.10614, -0.266554
597.254, -4.28497, -3.06908
597.749, -2.63547, 0.818087
599.147, -3.28077, -2.17752
672.856, 26.7358, 2.45258
659.459, 14.638, 1.16657
646.354, 9.58921, -0.661117
651.466, -45.1647, -2.46908
663.596, -10.9939, 2.69321
671.752, -19.7567, -2.4393
618.337, -2.50738, 1.36141
623.888, -7.3406, -2.04703
650.735, -24.8873, 1.58829
673.01, 22.6313, -0.384247
648.123, 36.7046, -1.41043
529.212, 24.1486, -1.52402
558.836, 16.2922, -0.085812
535.675, 22.0947, 2.36922
556.644, 8.11135, -1.11584
520.854, -0.952372, 1.17284
647.645, 38.7594, 0.965078
641.284, 22.7458, -0.617925
662.047, 24.3164, 0.154217
648.12, 15.1475, -2.04489
651.056, 26.2757, 0.906261
645.988, 16.2408, -3.11478
649.13, 16.4257, 0.913403
673.484, 24.6224, 2.13816
635.755, 10.9625, 1.38215
622.334, 7.25808, 1.91039
663.267, 44.4053, 2.15496
607.965, 2.3289, -1.74025
645.463, 0.762194, -1.27777
587.37, -72.7255, 0.136912
623.714, -42.8236, 0.211538
594.97, -77.5227, -3.02875
611.939, -57.5086, 0.492372
597.601, -5.19773, -3.13991
597.876, -7.20931, -1.0182
598.663, -3.93099, -0.4202
663.253, -39.2987, -2.46496
673.797, -28.7933, 2.21635
669.693, -25.2184, -1.9952
561.378, -1.397, -0.626514
595.954, -23.9399, -0.916365
593.356, -45.1121, -2.87713
610.215, -72.5433, 2.54888
632.593, -64.9738, 2.87337
604.696, -56.8863, -2.68396
603.64, -34.673, -1.48175
534.027, -1.46168, 2.34667
595.99, -5.89292, -2.48075
533.746, -4.38302, 2.42031
540.932, -7.20522, -1.38294
595.909, -4.45195, 0.537635
564.618, -0.27704, 0.36635
557.915, 3.53255, -0.131042
559.814, 7.74035, -3.11787
526.434, -17.2598, 0.132097
675.009, -7.24868, 2.14975
596.768, -4.33974, 3.11029
598.602, -2.62028, 0.028196
597.558, -6.30714, 0.447375
666.512, -11.71, -0.427529
595.634, -6.67446, -1.17887
649.561, -7.81634, -2.76831
671.23, -10.2303, 2.80575
596.358, -6.03918, -0.529013
633.189, -7.64852, -0.90723
671.372, -12.0856, -2.90572
662.537, -11.5518, -3.05573
657.237, -10.3464, 2.71802
667.602, -12.0685, -0.906994
666.462, -11.7196, -0.544048
663.363, -11.6608, 2.45945
594.598, -7.94463, 0.672916
672.363, -12.2416, 0.390522
664.924, -11.7745, -2.13832
672.251, -12.7873, -0.667909
664.064, -11.7733, 0.014645
665.734, -11.5999, -0.057498
642.036, -8.53979, -1.39805
665.926, -10.917, 0.264147
673.619, -12.6408, -1.51943
596.176, -6.53487, 0.190817
678.077, -13.4501, 0.930014
674.787, -12.7337, 2.20983
673.318, -13.0201, -2.28743
662.45, -11.5826, 1.3006
646.677, -9.10041, -1.63998
644.589, -8.68176, 3.07815
654.039, -10.3113, 0.638988
672.995, -11.6331, -3.13959
647.097, -9.09452, -1.33451
663.65, -11.6296, -1.93385
630.5, -7.13497, -1.34321
677.85, -13.7645, 2.33834
643.093, -8.88421, 0.605736
669.401, -11.6081, -1.25224
637.156, -8.03059, -0.385484
643.701, -9.10831, 2.42607
677.033, -12.5716, 2.02077
662.468, -11.0849, 2.99693
595.875, -4.60184, 1.95062
643.292, -8.90423, -2.80618
658.252, -10.0086, 2.80905
649.91, -9.15005, 2.10312
669.368, -11.2035, -0.040502
644.893, -8.84121, 1.78736
660.272, -11.3868, 1.17912
637.662, -8.24213, 1.52692
659.069, -10.4571, -0.615181
671.24, -12.3025, -1.02718
677.999, -13.8553, -1.03425
659.681, -11.0834, 2.29598
660.922, -10.6091, 1.96485
642.607, -8.51823, 2.52316
668.176, -12.1728, -2.85813
595.564, -6.56864, 1.55713
674.679, -13.354, -2.72222
671.827, -12.2051, 2.72094
643.426, -8.58262, 2.77726
630.553, -7.10681, 1.94689
675.534, -12.6153, -1.04235
663.238, -11.7525, 0.987687
596.574, -3.8247, 2.91575
660.134, -10.4859, -1.34479
596.849, -2.86059, 1.62823
642.997, -8.62075, -1.92453
