0.17367
0.191057
0.188094
0.186613
0.195199
0.188349
0.18637
0.188386
0.187243
0.191788
0.187452
0.187047
0.18803
0.187647
0.189263
0.188876
0.188253
0.194106
0.18777
0.190143
0.187553
0.188413
0.194591
0.188115
0.19098
0.188991
0.188368
0.188221
0.189604
0.191297
0.192749
0.186969
0.187403
0.187221
0.190999
0.192982
0.187448
0.187544
0.186208
0.188102
0.189949
0.187113
0.187575
0.192918
0.186688
0.18988
0.18765
0.188056
0.194396
0.187523
0.189886
0.188483
0.187779
0.189415
0.187693
0.190219
0.187278
0.188563
0.188463
0.187279
0.19046
0.193654
0.189273
0.188927
0.188325
0.191594
0.192932
0.188882
0.18934
0.19006
0.19077
0.189574
0.188855
0.187816
0.190736
0.189574
0.190552
0.188583
0.188279
0.194121
0.187853
0.191338
0.188849
0.188497
0.194199
0.188317
0.192046
0.189866
0.188051
0.193303
0.186465
0.192461
0.189212
0.188797
0.193691
0.188608
0.19092
0.188169
0.189599
0.187636
0.189152
0.190979
0.195571
0.187597
0.188818
0.188206
0.192196
0.192421
0.188165
0.188712
0.188866
0.191507
0.188758
0.189218
0.189018
0.189875
0.190307
0.187771
0.188476
0.187668
0.19416
0.187717
0.188492
0.187744
0.18836
0.192755
0.187646
0.190787
0.188258
0.187569
0.187876
0.186303
0.190746
0.187384
0.187787
0.187933
0.187927
0.189843
0.193715
0.189429
0.188683
0.189575
0.190398
0.195175
0.188948
0.188769
0.189043
0.19126
0.189288
0.188308
0.187785
0.18906
0.191606
0.188695
0.188851
0.188864
0.193423
0.191264
0.187442
0.190257
0.187156
0.194101
0.186847
0.255139
0.187988
0.187358
0.19244
0.19
0.188363
0.186425
0.186175
0.19285
0.188252
0.190352
0.188272
0.188562
0.188225
0.187798
0.188319
0.18746
0.188365
0.188071
0.187388
0.188089
0.190149
0.18731
0.185205
0.188077
0.190971
0.193883
0.186299
0.18641
0.187978
0.189465
0.191193
0.186406
0.188067
0.186167
0.18748
0.193805
0.188365
0.187819
0.1875
0.188904
0.185364
0.185934
0.185514
0.186863
0.190071
0.1902
0.186854
0.18785
0.187564
0.190581
0.194383
0.188557
0.186588
0.186457
0.190196
0.193128
0.187397
0.18675
0.187395
0.189365
0.185074
0.188064
0.186578
0.188971
0.18933
0.18691
0.18811
0.18704
0.192002
0.189678
0.18623
0.186593
0.187356
0.191009
0.189295
0.186892
0.189241
0.188709
0.188325
0.189965
0.189406
0.193809
0.189155
0.188613
0.189214
0.190977
0.194127
0.187618
0.188786
0.188591
0.191221
0.192306
0.186266
0.187569
0.187734
0.190254
0.187206
0.186617
0.187577
0.190415
0.213255
0.186237
0.186656
0.184708
0.187519
0.189837
0.187242
0.186515
0.186992
0.192385
0.192102
0.188576
0.187312
0.187753
0.193653
0.188938
0.188872
0.215004
0.187899
0.193222
0.190063
0.187842
0.18943
0.189817
0.187992
0.190883
0.188175
0.192644
0.189026
0.18941
0.186686
0.191286
0.194662
0.187568
0.187989
0.188694
0.190674
0.194893
0.188967
0.187819
0.189462
0.191505
0.19432
0.188693
0.188675
0.189618
0.191991
0.18954
0.189903
0.188468
0.189117
0.19069
0.180045
0.187262
0.1883
0.172456
0.20265
0.18771
0.190541
0.189416
0.189551
0.192928
0.188074
0.19354
0.190479
0.190376
0.193674
0.190305
0.194298
0.187141
0.189727
0.191583
0.18794
0.195339
0.189989
0.188046
0.191443
0.189279
0.192559
0.190439
0.189824
0.191209
0.191636
0.194059
0.189932
0.19068
0.191655
0.193586
0.192245
0.189196
0.190509
0.19062
0.191631
0.188561
0.188042
0.190065
0.194004
0.190847
0.190421
0.189485
0.190724
0.194682
0.192738
0.190216
0.191254
0.187808
0.194692
0.192494
0.189772
0.192261
0.190572
0.192871
0.192921
0.190178
0.192104
0.189885
0.194956
0.191765
0.190464
0.192359
0.188969
0.191388
0.192346
0.190255
0.191871
0.190544
0.190288
0.192143
0.189941
0.192467
0.189891
0.190472
0.192613
0.18946
0.194946
0.190297
0.189749
0.194164
0.190034
0.194402
0.188486
0.187269
0.193852
0.188628
0.195233
0.188208
0.190533
0.19401
0.190556
0.192014
0.190462
0.19039
0.195254
0.189277
0.192047
0.190728
0.190685
0.194555
0.188844
0.190342
0.191465
0.189752
0.194858
0.190098
0.189281
0.191647
0.189694
0.195267
0.192481
0.190325
0.190663
0.189078
0.193279
0.192887
0.19017
0.191996
0.190396
0.191426
0.19299
0.189599
0.193087
0.190999
0.189885
0.194314
0.189409
0.195176
0.189743
0.190506
0.195777
0.190541
0.193414
0.190172
0.189094
0.19483
0.189279
0.194518
0.190416
0.190088
0.194742
0.18988
0.192354
0.190227
0.190856
0.19418
0.188978
0.189415
0.189008
0.190202
0.194107
0.189866
0.190642
0.190278
0.191118
0.197839
0.190581
0.189779
0.19128
0.19034
0.197605
0.188275
0.190118
0.191923
0.190484
0.194928
0.191192
0.190761
0.192367
0.189152
0.191741
0.192632
0.190548
0.19058
0.191019
0.190262
0.194553
0.201468
0.191606
0.190302
0.190275
0.194818
0.189714
0.192453
0.190203
0.189545
0.19428
0.191072
0.194986
0.188867
0.18987
0.194784
0.189728
0.195403
0.190391
0.189414
0.191896
0.190448
0.192346
0.190135
0.190506
0.193956
0.189856
0.190754
0.19046
0.189845
0.197405
0.189896
0.189125
0.19187
0.190118
0.196775
0.189578
0.190698
0.192131
0.190933
0.198138
0.190082
0.190697
0.192599
0.190478
0.194004
0.19058
0.190938
0.192792
0.189345
0.19086
0.192071
0.189094
0.193152
0.190003
0.190329
0.194222
0.190475
0.195042
0.188694
0.190377
0.194447
0.190666
0.194934
0.189613
0.19083
0.195018
0.190155
0.19536
0.190197
0.19074
0.194594
0.190164
0.192247
0.190532
0.190585
0.194459
0.190031
0.19019
0.192317
0.190177
0.198891
0.191037
0.190051
0.190137
0.190185
0.196669
0.189957
0.190754
0.19201
0.190432
0.197543
0.189438
0.189447
0.191341
0.189845
0.197616
0.190697
0.189545
0.192468
0.189808
0.196671
0.190592
0.19018
0.19209
0.189656
0.194034
0.189491
0.189655
0.192964
0.189811
0.19342
0.189922
0.189355
0.194987
0.190023
0.19181
0.187931
0.188397
0.192045
0.189926
0.189183
0.189998
0.188048
0.193874
0.189025
0.189962
0.192255
0.188555
0.189307
0.188586
0.186916
0.190662
0.18907
0.187467
0.188605
0.188121
0.196274
0.18896
0.189058
0.187068
0.188239
0.196964
0.187333
0.188202
0.189966
0.188574
0.191233
0.189176
0.18935
0.193408
0.189537
0.191905
0.188846
0.190193
0.194061
0.189206
0.189659
0.18932
0.189691
0.194754
0.188286
0.188084
0.19138
0.188618
0.189141
0.188232
0.188316
0.193392
0.188652
0.188197
0.188875
0.188422
0.196376
0.188709
0.188387
0.190086
0.189963
0.196877
0.190299
0.189999
0.188567
0.18902
0.191798
0.189222
0.189782
0.191363
0.18949
0.192075
0.18897
0.190155
0.195233
0.18947
0.191171
0.189275
0.188811
0.195713
0.188266
0.191275
0.188783
0.189289
0.188108
0.189046
0.190121
0.192301
0.188999
0.188075
0.188724
0.189835
0.195372
0.189352
0.189108
0.188188
0.1885
0.197023
0.189977
0.188945
0.18965
0.189935
0.192242
0.188389
0.187791
0.194193
0.189264
0.192418
0.189672
0.188857
0.194257
0.187947
0.192786
0.188743
0.189129
0.192776
0.188708
0.190453
0.18743
0.189854
0.189725
0.189457
0.192781
0.188428
0.188394
0.188524
0.190333
0.187382
0.196947
0.188727
0.188585
0.188444
0.188042
0.196279
0.188768
0.189253
0.189242
0.189277
0.196389
0.188143
0.190025
0.189011
0.189556
0.190803
0.187013
0.188257
0.194265
0.190149
0.192102
0.189745
0.188161
0.195056
0.189023
0.191692
0.187726
0.188521
0.193857
0.189303
0.191037
0.186459
0.187268
0.189149
0.188859
0.190484
0.187701
0.188006
0.188988
0.188743
0.191319
0.194631
0.188718
0.188505
0.188684
0.187511
0.195928
0.186333
0.185621
0.188035
0.188063
0.189954
0.187751
0.188734
0.194602
0.188693
0.191911
0.188523
0.18881
0.195406
0.189407
0.190026
0.189612
0.188141
0.194699
0.189405
0.191664
0.189438
0.189424
0.1895
0.188579
0.19171
0.188809
0.188166
0.188704
0.188778
0.191184
0.194368
0.188428
0.188351
0.18985
0.191435
0.195293
0.189452
0.189276
0.188847
0.189226
0.192724
0.190056
0.18985
0.189489
0.189146
0.190974
0.18973
0.187997
0.195077
0.188711
0.19058
0.188254
0.18789
0.195089
0.189542
0.191238
0.190007
0.188562
0.189922
0.187347
0.190629
0.188965
0.188354
0.189487
0.188268
0.191675
0.194109
0.188993
0.187988
0.188436
0.191412
0.194295
0.188997
0.188633
0.189165
0.192632
0.187987
0.188587
0.188888
0.18955
0.187814
0.190518
0.188957
0.188325
0.194141
0.188097
0.192254
0.188957
0.189192
0.194562
0.189489
0.192596
0.189945
0.189532
0.188859
0.18965
0.190597
0.1893
0.189016
0.187545
0.188237
0.191951
0.193754
0.187422
0.186876
0.187495
0.190811
0.192735
0.188486
0.188436
0.188391
0.190449
0.188112
0.189087
0.189322
0.193242
0.18862
0.191412
0.188247
0.190109
0.193536
0.18843
0.19093
0.189676
0.189757
0.195145
0.188691
0.190011
0.189211
0.188065
0.189457
0.188916
0.191165
0.194152
0.18917
0.189221
0.189592
0.191589
0.195403
0.189375
0.188873
0.189826
0.19069
0.193994
0.188478
0.189819
0.188187
0.191922
0.189321
0.188788
0.188465
0.188254
0.191445
0.187311
0.189832
0.188421
0.195145
0.19189
0.188984
0.190203
0.188869
0.195031
0.191078
0.188539
0.189456
0.188779
0.19589
0.18941
0.192107
0.187824
0.188786
0.188964
0.189758
0.191632
0.188418
0.188321
0.186863
0.187305
0.18984
0.194235
0.188601
0.1888
0.188736
0.188666
0.194047
0.188683
0.187449
0.188018
0.19185
0.188845
0.189003
0.189248
0.194987
0.19085
0.188846
0.189062
0.189278
0.194868
0.190509
0.189911
0.18939
0.189184
0.19579
0.191741
0.189683
0.189188
0.188541
0.189327
0.1875
0.190472
0.189019
0.189702
0.189796
0.188351
0.191405
0.194054
0.189782
0.189167
0.188719
0.190559
0.192524
0.186152
0.187076
0.189244
0.191283
0.188328
0.188447
0.187631
0.193947
0.193141
0.188929
0.189223
0.189362
0.195359
0.191875
0.187726
0.188336
0.188777
0.189974
0.19096
0.187676
0.189138
0.189524
0.188218
0.188448
0.190075
0.194593
0.189148
0.189366
0.189784
0.192353
0.193139
0.188706
0.188932
0.190257
0.191956
0.195224
0.189648
0.190124
0.189052
0.191969
0.189694
0.188824
0.188517
0.195
0.191791
0.188334
0.188708
0.188806
0.195175
0.191635
0.189566
0.186385
0.18794
0.19273
0.191628
0.189601
0.189474
0.188957
0.190304
0.191729
0.188753
0.190345
0.189297
0.188643
0.188425
0.190209
0.194223
0.189441
0.189151
0.188331
0.191476
0.194192
0.188785
0.190181
0.188301
0.191874
0.189816
0.188968
0.188902
0.195361
0.19278
0.188797
0.18942
0.187844
0.193311
0.192353
0.190122
0.189933
0.188847
0.192603
0.190844
0.188349
0.189362
0.189049
0.188847
0.191861
0.189305
0.189345
0.190023
0.189485
0.191045
0.18915
0.194529
0.189457
0.190008
0.193302
0.189599
0.193394
0.189568
0.189495
0.189685
0.191022
0.195363
0.190488
0.189874
0.189128
0.19263
0.189452
0.189913
0.189177
0.191266
0.192089
0.188342
0.190093
0.18763
0.19511
0.192035
0.189175
0.188861
0.188829
0.194724
0.192165
0.189322
0.188124
0.186531
0.193586
0.189365
0.189941
0.187105
0.187496
0.18784
0.191287
0.188351
0.186337
0.18948
0.188979
0.187316
0.188269
0.188547
0.189686
0.19096
0.192272
0.18999
0.189778
0.189607
0.195353
0.19184
0.189353
0.188983
0.189692
0.195201
0.191176
0.190079
0.190378
0.18976
0.194903
0.191731
0.189427
0.186275
0.189122
0.195523
0.191133
0.19028
0.188295
0.189386
0.193196
0.192145
0.185296
0.186495
0.187976
0.189078
0.191411
0.19015
0.189457
0.18889
0.188444
0.19247
0.189412
0.19326
0.190059
0.189943
0.191687
0.18896
0.194103
0.189917
0.189395
0.192306
0.188947
0.19001
0.18946
0.188713
0.192952
0.188824
0.188325
0.18809
0.18977
0.194385
0.19094
0.188372
0.189467
0.19056
0.194801
0.191041
0.188696
0.188456
0.189173
0.194932
0.191894
0.18884
0.190055
0.189593
0.189291
0.192359
0.189144
0.195271
0.188869
0.189535
0.191115
0.189716
0.194362
0.189341
0.189244
0.190561
0.187186
0.194252
0.188595
0.189522
0.191177
0.187872
0.189472
0.186438
0.188742
0.195314
0.189589
0.188806
0.189672
0.189098
0.196825
0.189679
0.18873
0.189572
0.187908
0.192899
0.191238
0.189767
0.189501
0.189499
0.189341
0.191874
0.18955
0.189645
0.189453
0.189117
0.192477
0.188529
0.195467
0.189245
0.189754
0.19044
0.186246
0.193975
0.190006
0.188785
0.191353
0.188434
0.187817
0.189095
0.189308
0.192681
0.188765
0.188715
0.188643
0.189724
0.196496
0.188384
0.186749
0.188491
0.187616
0.19533
0.189063
0.188499
0.189216
0.188512
0.197705
0.188728
0.190199
0.187232
0.189059
0.19663
0.188658
0.18897
0.189989
0.187958
0.19635
0.188941
0.188405
0.189309
0.186401
0.189903
0.192032
0.188515
0.19397
0.188393
0.189866
0.191089
0.189435
0.195631
0.188908
0.189082
0.191573
0.189936
0.194057
0.188773
0.188313
0.192292
0.188702
0.194332
0.188784
0.190054
0.192073
0.189184
0.188043
0.186471
0.189895
0.19213
0.189254
0.195935
0.188094
0.190275
0.190513
0.189925
0.189871
0.190191
0.189245
0.191307
0.188892
0.188256
0.189177
0.189142
0.19574
0.187881
0.189025
0.188806
0.189293
0.195816
0.188728
0.188492
0.190053
0.190081
0.192798
0.189236
0.18869
0.189915
0.188508
0.189013
0.196023
0.191938
0.196279
0.191489
0.191969
0.199919
0.192513
0.197992
0.191437
0.191865
0.199611
0.191401
0.19701
0.191526
0.191665
0.20034
0.191718
0.194221
0.191785
0.191848
0.19703
0.190827
0.196745
0.192236
0.191371
0.199663
0.191623
0.197162
0.192005
0.192207
0.201088
0.191597
0.197673
0.192538
0.191723
0.200917
0.192997
0.197594
0.19225
0.192733
0.201177
0.205468
0.197225
0.192195
0.195536
0.19792
0.191278
0.19623
0.191556
0.195288
0.198238
0.192222
0.197725
0.192328
0.195752
0.198498
0.191958
0.197637
0.191164
0.194925
0.197561
0.192042
0.197423
0.191932
0.194758
0.197654
0.192447
0.197605
0.19184
0.195484
0.198507
0.192742
0.197244
0.192101
0.19572
0.197824
0.188684
0.198036
0.190957
0.195826
0.198432
0.192318
0.196966
0.191304
0.194124
0.197549
0.192314
0.197029
0.191737
0.195212
0.197725
0.191858
0.197174
0.192101
0.195304
0.197268
0.192033
0.197875
0.191863
0.195436
0.197854
0.192129
0.196389
0.192187
0.195461
0.197984
0.191975
0.197231
0.191248
0.194769
0.198512
0.19153
0.197494
0.192367
0.194495
0.198856
0.192026
0.195074
0.19194
0.194957
0.197897
0.191368
0.19803
0.191808
0.194855
0.19889
0.192824
0.196524
0.191809
0.193786
0.197906
0.19234
0.197711
0.192439
0.195143
0.197708
0.192607
0.197983
0.192032
0.19434
0.195542
0.191957
0.197816
0.191734
0.194499
0.198262
0.191247
0.198224
0.191102
0.194927
0.197981
0.191373
0.197154
0.191919
0.194274
0.197501
0.191705
0.197797
0.191416
0.194496
0.197933
0.191756
0.197814
0.190662
0.194231
0.198413
0.192362
0.19847
0.191748
0.194337
0.197737
0.192226
0.198513
0.191425
0.194591
0.197208
0.191746
0.197852
0.191965
0.194307
0.197985
0.191114
0.197929
0.191973
0.193703
0.197559
0.192441
0.19818
0.192531
0.19471
0.197826
0.191742
0.197878
0.191732
0.194699
0.198471
0.192256
0.192007
0.190971
0.19395
0.19757
0.192136
0.19185
0.197329
0.194467
0.198535
0.191372
0.190863
0.196937
0.194125
0.196143
0.191965
0.19103
0.197681
0.193895
0.197071
0.19254
0.191714
0.195866
0.194856
0.197461
0.192289
0.191567
0.198093
0.194792
0.196987
0.192394
0.191959
0.197492
0.193675
0.197607
0.191634
0.191963
0.19794
0.194554
0.195656
0.191939
0.192122
0.197847
0.193007
0.196708
0.192214
0.191944
0.197582
0.194377
0.196934
0.192192
0.191672
0.198564
0.193425
0.196798
0.192505
0.192385
0.197833
0.193739
0.197152
0.191174
0.192305
0.197933
0.195029
0.197359
0.191813
0.191521
0.197633
0.195304
0.196003
0.192029
0.191939
0.198051
0.194653
0.19671
0.191387
0.191786
0.197151
0.194777
0.19747
0.191418
0.192164
0.19797
0.194701
0.197246
0.191863
0.191685
0.197848
0.194678
0.196863
0.191835
0.19106
0.197589
0.193903
0.197665
0.192459
0.191858
0.197623
0.194441
0.197585
0.191457
0.192088
0.198288
0.193456
0.197149
0.192351
0.192326
0.198185
0.194454
0.197026
0.19233
0.191514
0.197566
0.194161
0.198169
0.190968
0.191535
0.197979
0.194807
0.197726
0.19131
0.191709
0.197723
0.193629
0.197869
0.191776
0.191326
0.198129
0.194286
0.196329
0.192448
0.191961
0.19815
0.194829
0.195279
0.192275
0.19258
0.197138
0.194893
0.197481
0.188827
0.192301
0.197886
0.194015
0.197462
0.191807
0.191872
0.197911
0.195077
0.198055
0.1919
0.192077
0.197746
0.194279
0.197323
0.1921
0.192053
0.197424
0.194512
0.193594
0.19186
0.191512
0.198365
0.195891
0.198148
0.191949
0.192014
0.194955
0.195161
0.197113
0.192237
0.191811
0.198294
0.193976
0.198081
0.191509
0.191566
0.196589
0.193939
0.19779
0.191687
0.191875
0.195385
0.194082
0.197567
0.192249
0.191294
0.197368
0.194257
0.197581
0.190179
0.190241
0.196306
0.18925
0.185294
0.192129
0.190571
0.195545
0.191691
0.188262
0.19294
0.190288
0.195481
0.192509
0.19009
0.193101
0.190054
0.195235
0.192461
0.190364
0.192586
0.190289
0.196844
0.193334
0.189673
0.19331
0.190646
0.192905
0.190095
0.191077
0.193279
0.190014
0.192546
0.18897
0.189001
0.192076
0.188899
0.189328
0.187457
0.189201
0.193346
0.189483
0.189914
0.193036
0.192791
0.195512
0.191663
0.19041
0.193672
0.193472
0.195453
0.189021
0.188463
0.191029
0.192395
0.19133
0.188843
0.188482
0.191407
0.191825
0.188722
0.188796
0.188723
0.193768
0.190676
0.18869
0.190661
0.188338
0.195961
0.193018
0.189869
0.193417
0.190613
0.196091
0.19276
0.190403
0.193064
0.190629
0.195751
0.191988
0.189132
0.192888
0.190693
0.193059
0.192187
0.190291
0.192947
0.18962
0.190366
0.194272
0.191156
0.195301
0.190859
0.190783
0.191647
0.1934
0.194411
0.19071
0.18898
0.192344
0.19016
0.194448
0.190667
0.189803
0.192606
0.193635
0.195455
0.189819
0.190013
0.192099
0.190225
0.196063
0.188706
0.189857
0.192863
0.19199
0.192109
0.189468
0.189787
0.192068
0.191482
0.189023
0.191609
0.18913
0.194441
0.191329
0.190183
0.192518
0.190105
0.195068
0.191619
0.190689
0.191604
0.189427
0.196102
0.189555
0.189448
0.191708
0.18951
0.195565
0.192779
0.189589
0.192541
0.190067
0.190332
0.19042
0.190042
0.192295
0.191185
0.189941
0.195537
0.190135
0.194478
0.189402
0.190373
0.194282
0.190817
0.19636
0.190518
0.188911
0.196557
0.190372
0.196068
0.190673
0.190527
0.195727
0.189414
0.195989
0.190382
0.190353
0.193194
0.19195
0.193258
0.189245
0.189438
0.192776
0.19199
0.190361
0.191565
0.19021
0.195679
0.193376
0.190807
0.191012
0.190051
0.194469
0.191233
0.190631
0.192848
0.190029
0.195907
0.192644
0.189875
0.193111
0.190427
0.195479
0.193412
0.190862
0.192575
0.190651
0.192871
0.193253
0.190958
0.193017
0.189598
0.189802
0.192814
0.189794
0.195241
0.189874
0.187218
0.194159
0.189528
0.195446
0.190289
0.189412
0.196017
0.189309
0.196251
0.189699
0.190358
0.196203
0.189347
0.194237
0.189594
