0.0201248
0.21757
0.00103883
0.0166758
0.0202645
0.0107467
0.013567
0.0076542
0.0138061
0.001404
0.0376096
0.0076683
0.718618
0.0220935
0.0566521
0.0490818
0.0101692
0.0225594
0.330017
0.0308211
0.0852098
0.033956
0.848633
0.00890585
0.00816741
0.0494035
0.122594
0.0330172
0.133524
0.09591
0.0375988
0.0223913
0.00744227
0.0544964
0.0128559
0.00137497
0.873404
0.0281341
0.0374008
0.000594974
0.0012723
0.00223424
0.00508527
0.00267484
0.027485
0.00214857
0.00747893
0.0031461
0.00457761
0.0163474
0.000264085
0.0134809
0.000122496
0.0564226
0.00034914
0.00432349
0.00153299
0.00340746
0.00524998
0.00578794
0.009458
0.00188856
0.0139644
0.0170932
0.15315
0.00658874
0.00178975
0.00168808
0.00193828
0.00327851
0.00454675
0.00104241
0.000615479
0.00416832
0.00186195
0.00654283
0.0146742
0.147833
0.0101871
0.00417314
0.00100582
0.00532594
0.000582957
0.00902836
0.000786904
0.00107847
0.0331167
0.00355233
0.00468671
0.00363754
0.00238211
0.000251854
0.00350595
0.0095565
0.00148501
0.000958926
0.00296535
0.00024437
0.0054386
0.00239597
0.0262251
0.00277161
0.00889515
0.0055304
0.00179238
0.00475399
0.0108878
0.00237547
0.0196236
0.00153041
0.0076485
0.0134154
0.003046
0.0125047
0.011985
0.0754812
0.011165
0.00249729
0.0188263
0.0106694
0.00134914
0.0454428
0.0013699
0.00485615
0.175336
0.00972819
0.00277047
0.0140901
0.00289998
0.00419449
0.0862937
0.0781762
0.00379343
0.237813
0.0318596
0.0259089
0.0075054
0.110578
0.00230814
0.37735
0.0010802
0.116795
0.0915282
0.124157
0.00535831
0.00383686
0.0340882
0.0279467
0.130429
0.0384979
0.00108004
0.0108164
0.00420918
0.027312
0.0699362
0.00208745
0.0178347
0.0347827
0.0413736
0.00377142
0.31962
0.0130821
0.0250466
0.0270861
0.0506602
0.0289984
0.033862
0.0579527
0.000317078
0.00519278
0.0235769
0.0720153
0.298148
0.0597082
0.00456133
0.00377946
0.108254
0.0131847
0.0932671
0.0409469
0.0416246
0.132302
0.00720662
0.0354807
0.0169407
0.0023687
0.0303227
0.0970839
0.0024352
1.19239
0.000978225
0.0167469
0.0091275
0.0911077
0.00710308
0.0352413
0.192859
0.00755865
0.00797994
0.00489905
0.0235857
0.00544463
0.00103121
0.0597525
0.0894179
1.11126
0.000471853
0.0906795
0.0128815
0.00124256
0.157484
0.00148819
0.00497174
0.00147575
0.0715059
0.0174693
0.124256
0.00283711
0.00573667
0.297254
0.0691046
0.00373935
0.00652038
0.00280937
0.044353
0.134473
0.0217259
1.17383
0.426814
0.00502447
0.123887
0.00217758
0.00362061
0.0141022
0.00136293
0.000535339
0.426897
0.00247926
0.0534772
0.0353184
0.00540786
0.06098
0.212617
0.0107962
0.232938
0.00283777
0.045868
0.00216851
0.300777
0.00095865
0.0139312
0.118775
0.0279595
0.030925
0.0148102
0.0217909
0.0198968
0.000936332
0.0670445
0.00191864
0.00245512
0.173342
0.0426297
0.0117735
0.00192244
0.00141858
0.194188
0.0511279
0.0085354
1.96961
0.102274
0.00247637
0.100407
0.0446449
0.0360208
0.00275286
0.0831317
0.231066
0.0159896
0.104247
0.0408578
0.0289067
0.012587
0.0120719
0.102592
0.036163
0.019282
0.0217214
0.00185666
0.067108
0.318099
0.0180912
0.41519
0.225996
0.398056
0.0365564
1.44009
0.00142302
0.00316627
0.00290196
0.03222
0.0059574
0.00845156
0.0276696
0.00199116
0.00433583
0.00481966
0.00662017
0.0871066
0.031716
0.00181895
0.111079
0.241861
0.397504
0.00615807
0.000625521
0.0303085
0.000823084
0.00947368
0.00612237
0.0766705
0.00600599
0.00610898
0.00281686
0.00240252
0.000931924
0.0201685
0.0205956
0.0106457
0.23737
0.00275295
0.00305568
0.093604
1.58783
0.00625524
0.137789
0.0495029
0.132413
0.624201
0.00617926
0.00374746
0.00601436
0.00144566
0.00770155
0.0227881
0.00224684
0.0109483
0.0406006
0.00326925
0.00578349
0.0103555
0.0106827
0.0169249
0.00430493
0.261481
0.0762064
0.00101621
0.0115814
0.00210735
0.00422352
0.00175879
0.391038
0.0019902
0.0868783
0.0133528
0.00897404
0.081395
0.00758202
0.012595
0.182586
0.0247732
0.00767152
0.059821
0.0752154
0.0302925
0.0090736
0.0311926
0.00753592
0.108429
0.0166456
0.00418185
0.00097097
0.00368367
0.021919
0.141719
0.00474864
0.0419399
0.00243064
0.00927574
0.00499071
0.00284044
0.00524831
0.0353299
0.0742416
0.0485703
0.00259497
0.000802049
0.00949136
0.0208318
1.28958
0.00189343
0.0409589
0.0594454
0.00459554
0.000982073
0.0706402
0.00613539
0.00621987
0.0152651
0.0208798
0.0133182
0.00437037
0.00422728
0.00237143
0.0245286
0.199104
0.0520263
0.00126795
0.161246
0.00453294
0.000635483
0.0256475
0.00137363
0.00442238
0.00439378
0.00366565
0.0126399
0.0295164
0.00220074
0.0261869
0.179228
0.0538088
0.0287663
0.121435
0.0393803
0.108643
0.0149997
0.00431354
0.00188466
0.0266684
0.00702875
0.0142558
0.00497264
0.00392802
0.00775451
0.0315517
0.00578429
0.00323076
0.00702954
0.00664347
0.00662737
0.00451764
0.104905
0.0070118
0.000239655
0.0448799
2.43543
0.182719
0.127989
0.425033
0.0261831
0.00243784
0.00167554
0.000950838
0.00119961
0.00683774
0.0150641
0.00436923
0.00232823
0.00102846
0.0191596
0.0227461
0.00230273
0.00570663
0.0017404
0.00642941
0.0104796
0.00491666
0.00310125
0.0213598
0.0114201
0.00378607
0.00885809
0.0041903
0.00175816
0.00560559
0.00250197
0.00494628
0.0179837
0.00105612
0.00261563
0.0442074
0.0019145
0.00589903
0.00562711
0.002522
0.000361965
0.00745126
0.591724
0.767506
0.00578847
0.184614
0.0501139
0.0015507
0.00691217
0.140221
0.205606
0.0451698
0.020048
0.0074495
0.0722831
0.0229302
0.0690047
0.00452836
0.0579559
0.0178035
0.0210838
0.336689
0.0034332
0.0334604
0.011026
0.0726582
0.00464382
0.0572906
0.000887904
0.0330466
0.00908805
0.019331
0.0753119
0.00263535
0.0077414
0.00593659
0.00514604
0.0105822
0.00510909
0.037118
0.129788
0.570667
0.0309552
0.666544
0.00184374
0.00518179
0.0344055
0.0853697
0.0450772
0.430957
0.0905368
0.1943
0.0303153
0.000923012
0.000947403
0.00794048
0.262855
0.0206597
0.00118659
0.0380729
0.0236986
0.00328624
0.00693527
0.00836973
0.00503221
0.144932
0.0386468
0.00492467
0.0597554
0.0116572
0.0265495
0.0539419
0.0330402
0.0502102
0.061886
0.0518255
0.048605
0.131619
0.0222707
0.747054
0.0026515
0.00708859
0.00107076
0.219141
0.00254359
0.00522906
0.0388161
0.00503363
0.00152105
0.540277
0.135589
0.0500009
0.190775
0.0121245
0.342454
0.0635234
0.025389
0.165231
0.00953318
0.567292
0.002879
0.000502406
0.155971
0.0136598
0.0491296
0.00610274
0.476607
0.0462774
0.00242932
0.00500845
0.0663851
0.00328707
0.00966801
0.0215292
0.00562922
0.0138079
0.005851
0.0357445
0.00156867
0.662215
0.00588628
0.00448179
0.85024
0.00824197
0.116295
0.00712875
0.0669907
0.224558
0.0229487
0.542887
0.0040385
0.0201399
0.0414575
0.00582995
0.00301593
0.000389916
0.00298809
0.00115085
0.0114297
0.00286342
0.00750104
0.00367119
0.00140264
0.00126872
0.00188632
0.270918
0.0324332
0.00909277
0.100719
0.082673
0.515578
0.236659
0.213086
0.157317
0.0191786
0.0478327
0.039312
1.31455
0.0680268
0.0276986
0.746284
0.00742603
0.449339
0.462867
0.107624
0.00308193
0.00351183
0.0010907
0.0305564
0.0077901
0.00167172
0.00411656
0.00259165
0.121605
0.0539554
0.622757
0.726564
0.969278
0.00444853
0.00829178
0.0613128
0.000728938
0.00815275
0.0193904
0.116219
0.224805
0.140514
0.138042
0.000470707
0.676285
0.0871058
0.192911
0.795022
0.00204009
0.75216
0.225968
0.245914
0.0431913
0.0108669
0.00337454
0.0732544
0.00635493
0.00191199
0.184881
0.00918866
0.170451
0.0249824
0.00647818
0.00526365
0.0501866
0.0174803
0.00340332
0.00652002
0.0289721
0.00166319
0.00485628
0.00321397
0.0957482
0.0014163
0.00426088
0.0458224
0.476804
0.0716736
0.23
0.253531
0.079604
0.0776385
0.00743631
0.00235661
0.153802
0.350097
0.000510616
0.00443461
0.00293037
0.03652
0.00673417
0.00616844
0.0260701
0.00192579
0.0135235
0.00565059
0.00116123
0.00421553
0.00237919
0.005343
0.00241279
0.0137243
0.00989424
0.00514898
0.107436
0.00860882
0.0109467
0.00324484
0.286245
0.102735
0.107708
0.26643
0.0032042
0.00116014
0.00207386
0.00186779
0.0201226
0.00279301
0.00354866
0.00364813
0.00550875
0.0174745
0.00201799
0.00860017
0.00347601
0.0303102
0.101801
0.791032
0.00752382
0.0233244
0.0405245
0.106431
0.321511
0.00645476
0.034143
0.00123437
0.00782056
0.0201181
0.0237071
0.00325896
0.00302286
0.00676895
0.0012684
0.00279951
0.00191193
0.00267618
0.270501
0.00290887
0.000516576
0.159903
0.00161316
0.00252895
0.00560865
0.000778138
0.00198901
0.00482436
0.0145292
0.00432266
0.000211339
0.00151109
0.000975569
0.00595286
0.00228217
0.000654655
0.00535813
0.004531
0.00323842
0.00833228
0.00587515
0.00152329
0.00343532
0.00033915
0.00633438
0.00217885
0.000334274
0.00860482
0.00363435
0.017935
0.110987
0.163527
0.00513493
0.131484
0.104213
1.09495
0.129651
0.672415
0.260216
0.107511
0.179987
0.102948
0.00143208
0.0658772
0.126887
1.00912
0.139172
0.128019
0.00580732
0.116329
0.0325369
0.0193977
0.00211173
0.00244989
0.00276332
0.0150884
0.0274162
0.0180458
0.0927837
0.0322285
0.00136864
0.015662
0.00260321
0.0277768
0.00354788
0.00849623
0.0225514
0.0141418
0.00832293
0.000578075
0.00411937
0.0156766
0.00339062
0.0214717
0.00709052
0.00841563
0.00225095
0.00841214
0.00188684
0.00949407
0.0106159
0.00355329
0.000257676
0.00465773
0.00283869
0.0133439
0.00591489
0.0062322
0.00293382
0.0536356
0.0024536
0.183728
0.0341122
0.0250046
0.0942289
0.0982638
0.109776
0.134188
0.115361
0.573389
0.35605
0.0785617
0.00489656
0.00306723
0.00411761
0.0107455
0.0016571
0.00692824
0.0113142
0.0687086
0.0224455
0.00820514
0.00572688
0.00193682
0.030084
0.0483687
0.00615261
0.00982203
0.00373046
0.00355346
0.00687205
0.000206261
0.0302883
0.00283755
0.0714586
0.0115636
0.0744824
0.00133799
0.0510341
0.107613
0.0850875
0.182003
0.0719031
0.0171142
0.001771
1.15219
1.16735
0.190074
0.00138504
0.176124
0.0111079
0.072027
0.00146813
0.002059
0.00140391
0.00112358
0.00202236
0.313869
0.00886476
0.396372
0.35021
0.377802
0.0788397
0.126767
0.0273815
0.178349
0.240689
0.00395502
0.00660472
0.00197943
0.00246024
0.00578307
0.00651264
0.000632694
0.00246967
0.00727892
0.00715483
0.00313398
0.000200908
0.0183315
0.000468125
0.00165456
0.0171501
0.0132043
0.874467
0.0311631
0.0436793
0.37178
0.0123995
0.342215
0.451945
0.874212
0.270621
0.70482
0.194392
0.0932946
0.00398803
0.00308129
0.00137119
0.065385
0.00819626
0.00124862
0.000202553
0.0344813
0.0126605
0.049134
0.00346785
0.00480013
0.00192579
0.00759035
0.00289811
0.00244753
0.000585465
0.00320622
0.0062551
0.0197804
0.00160362
0.0109605
0.00201781
0.0034131
0.00773745
0.00199854
0.00165702
0.00235795
0.00430724
0.00694835
0.00166686
0.0110593
0.129458
0.00474907
0.00616793
0.00459002
0.00417789
0.0575994
0.00575756
0.00477055
0.00116612
0.0104225
0.00459548
0.00447205
0.00824405
0.031461
0.00178445
0.110758
0.0540585
0.0654822
0.227483
0.127907
0.00282607
0.0407239
0.00322304
0.372262
0.0345418
0.0040022
0.0418423
0.00568966
0.00249826
0.00314083
0.0130674
0.000338488
0.0146349
0.0251805
0.036527
0.0104545
0.00685443
0.00819438
0.0122819
0.00465188
0.00292565
0.00435829
0.000271112
0.091739
0.0201642
0.0022831
0.000460207
0.0122417
0.00351441
3.62454
0.0025336
0.00249382
0.00130974
0.0643755
0.00165976
0.00499527
0.00262048
0.000482088
0.00570368
0.0014565
0.00280851
0.00128097
0.0797105
0.0768179
0.463664
0.0225768
0.326565
0.101265
0.000818483
0.087182
0.00688596
0.000350505
0.00135032
0.1563
0.0237903
0.00100077
0.00127405
0.00134875
0.00576869
0.00141472
0.000803016
0.00200814
0.00285099
0.324137
0.175966
0.265828
0.042067
0.0674042
0.00663104
0.00122821
2.78592
0.00324811
0.0102165
0.0436402
0.000230629
0.00244968
0.00198868
0.0070445
0.0391877
0.00461873
0.0412159
0.0115543
0.034402
0.00291675
0.00612177
0.000404563
0.00489539
0.0773786
0.527477
0.00964551
0.0527715
0.00862295
0.230258
0.02161
0.0694941
2.49835
0.00114829
0.197919
0.0497846
0.0461526
0.189017
0.0944752
0.038605
0.0458161
0.147537
0.452612
0.0187566
0.114032
0.00191425
0.00470598
0.00648461
0.0193835
0.0707284
0.00185317
0.714807
0.0535766
0.00857817
0.00041763
2.10005
0.0232776
0.00717571
0.0160471
1.58591
0.472722
0.0159719
0.00804497
0.554387
0.0284674
0.00622586
0.01129
0.00606817
0.176146
0.0118703
0.00288444
0.00264089
0.0128649
0.0249226
1.00357
0.00846085
0.0256141
0.014654
0.0155413
0.0658244
0.00781084
1.42805
0.280865
0.050336
0.0128209
0.177692
0.355911
0.00167522
0.00236517
0.166126
0.625011
0.00914438
0.136628
1.75828
0.400146
0.0774957
0.453229
0.134559
0.925815
0.136005
0.0023385
0.00574415
2.80208
0.0196758
0.44102
1.86035
0.00627019
0.0067592
0.144207
0.148448
0.0210175
0.0406523
0.024343
0.192366
0.00456061
0.0163969
0.00455112
0.245958
0.143204
0.00892533
0.605713
0.178748
0.00119127
0.00261541
1.13338
0.0163301
0.108646
0.0208148
0.00248548
0.00196855
0.0201507
0.00521056
0.0159143
0.0291138
0.00240717
0.0396547
0.0038425
0.155501
0.049047
0.0262647
0.174291
0.0702119
0.0236194
0.0149192
0.0591808
0.108893
0.686313
0.161284
0.24041
0.0126249
0.000887725
0.00147833
0.00195439
0.000174376
0.015817
0.173291
0.00325802
0.02459
0.197715
0.00992646
0.00155413
0.00109924
0.00190197
0.000706772
0.516425
0.106133
0.00073843
0.00203039
0.00121869
0.00197321
0.00294145
0.0120049
0.0733774
0.0143813
0.000729728
0.00739453
0.0688858
0.0411324
0.0191102
0.00427943
0.00641601
0.00122547
0.0024164
0.11194
0.0371831
0.0271412
0.0389921
0.146728
0.00594121
0.0703203
0.0601868
0.0322758
0.00401076
0.00728487
0.0524292
0.00210236
0.00993067
0.00229164
0.024179
0.0327289
0.0753404
0.0288082
0.192493
0.0373937
0.00251212
0.0144942
0.00101861
0.00406483
0.0067161
0.00109528
0.106883
0.0062585
0.00234655
0.00866419
0.00313127
0.00239185
0.00741411
0.00488969
0.0177686
0.00919921
0.0054138
0.0682812
0.00313001
0.00590544
0.0106976
0.0278575
0.00753317
0.0015633
0.00270988
0.00195321
0.00895908
0.0014717
0.00467563
0.00556625
0.0142991
0.0157507
0.00370107
0.0201841
0.00544352
0.0123745
0.000767025
0.00290317
0.00326095
0.0517901
0.00887713
0.00377228
0.00614629
0.00383527
0.0404765
0.000457462
0.0131245
0.00694876
0.00420803
0.0113383
0.00917691
0.0022255
0.0049702
0.00632977
0.00494089
0.00673577
1.14452
0.0462878
0.0473586
0.0021737
0.143329
0.288313
0.0842072
0.00290701
0.0834265
0.192295
0.00329914
0.00439971
0.00894644
0.0127773
0.00388814
0.00501169
0.00546035
0.00303544
0.0130699
0.00235722
0.00830802
0.000458848
0.0850255
0.0101096
0.0475995
0.0108739
0.609787
0.702
0.123887
0.0428126
0.548194
0.643665
0.353787
0.00358986
0.0214824
0.00234035
0.00238294
0.00200982
0.0469155
0.602893
0.0341468
0.0549366
0.118703
1.16086
0.0051019
0.875298
0.163258
0.093808
0.682689
0.390496
0.0332224
0.00757295
0.891458
0.167677
0.821997
0.0759097
0.262457
0.813672
0.0180323
0.322963
0.0267104
0.0028061
0.00252918
0.00205462
0.0360702
0.0389038
0.279734
0.320611
0.0307535
0.0429381
0.128301
0.0072921
0.00931643
0.0140367
0.00334922
0.0166644
0.0766383
0.0280843
0.00208098
0.0934123
0.0347159
0.0256418
0.294665
0.830944
0.011164
0.0616062
0.0141213
0.029505
0.00111679
0.0959293
0.00227751
0.010251
0.0803398
0.127961
0.00549597
0.185817
0.0221997
0.253549
0.00932355
0.245548
0.00236201
0.0199061
1.16284
0.136254
0.228398
0.0722053
0.131567
0.010869
0.0254751
0.259923
0.585231
1.53333
1.31859
0.0297614
0.00931175
0.0201957
0.267438
0.0023478
0.0665044
0.00265826
0.0708934
0.00118861
0.00289737
0.0113131
0.00408393
0.00459869
0.0165196
0.00353367
0.0121338
0.0813013
0.22123
1.28378
0.0189721
0.00305692
0.0596032
0.0119612
0.1431
0.0211042
0.0196042
0.00691599
0.00364355
0.173889
0.31139
0.0926247
0.0140841
0.0281399
0.0317822
0.00284315
0.00265714
0.00139491
0.0204826
0.666334
0.0807125
0.0089255
0.0299489
0.126393
0.00270671
0.56288
0.0163824
0.00770645
0.0617239
0.080618
0.00115263
0.463942
0.00439186
0.00103887
0.00175341
0.0469524
0.00185672
0.00127643
0.405844
0.00163168
0.00291365
0.810502
0.000607337
0.0328864
0.0290857
0.254874
0.00393856
0.00463761
0.0839819
0.00156581
0.00148574
0.000736768
0.00378096
0.00166267
0.00269023
0.00158771
0.507596
0.0298662
0.00127879
0.240031
0.0249696
0.0605428
0.00462506
0.0400281
0.00511745
0.00520714
0.00567891
0.0026072
0.00500868
0.00443104
0.0145955
0.0014704
0.00480403
0.013979
0.00342117
0.00185736
0.00820976
0.00418586
0.000800168
0.00141703
0.00468214
0.00838572
0.0159974
0.132533
0.00114646
0.000214197
0.00159667
0.000551343
0.00124439
0.00371963
0.00193571
0.004356
0.00122871
0.00417104
0.00366293
0.010114
0.00223505
0.0970368
0.00652393
0.00676357
0.0127708
0.00241382
0.00674609
0.0327756
0.349985
0.0582266
0.0289889
0.260906
0.111679
0.195318
0.104912
0.0668213
0.00614565
0.125949
0.0102742
0.444251
0.614939
0.502011
0.00824576
0.0140504
0.14669
0.00023758
0.00499174
0.018113
0.0180477
0.00650354
0.0294552
0.00173941
0.00806122
0.00207223
0.00443772
0.00475748
0.000886193
0.0834129
0.00622555
0.0821038
0.05553
0.368091
0.0209851
0.0475333
0.0077519
0.208266
0.0380346
0.101375
0.13196
0.0590845
0.0261526
0.00408995
0.335304
0.0578401
0.0340492
0.0560264
0.00143607
0.0517501
0.145334
0.21291
0.0217701
0.00268949
0.0527874
0.0114624
0.0980053
0.806642
0.00885758
0.00968368
0.00137164
0.000374439
0.00408266
0.00391204
0.0323261
0.00233138
0.0143332
0.00443228
0.0015827
0.0026121
0.00474731
0.100368
0.00145276
0.000504097
0.0110529
0.0303268
0.0053246
0.0373763
0.00555286
0.00266061
0.0063731
0.00124427
0.00321006
0.00496851
0.00741961
0.00952201
0.00648016
0.010825
0.0242264
0.00277812
0.0163534
0.0107269
0.0783103
0.016828
0.0785091
0.0461517
0.00100625
0.000209588
0.137965
0.0064757
0.00281318
0.0223545
0.0523865
0.0550173
0.00400767
0.249455
0.00378127
0.0916236
0.53554
0.00420001
0.066837
0.0037478
0.0199668
0.282353
0.00166236
0.00322418
0.216068
0.0403429
0.00122505
0.0383943
0.2433
0.00327685
0.00147313
0.0409124
0.190689
0.149646
0.146489
0.333024
0.00879842
0.0776521
0.868939
0.0418997
0.0225959
0.00219388
0.000792052
0.0011726
1.84468
0.00204327
0.242566
0.0794957
0.220588
0.00599909
0.00206184
0.000931439
0.479825
0.0106237
0.00528975
0.00277857
0.00712448
0.0101558
0.00851598
0.0639742
0.00876849
0.00749616
0.00217806
0.000182022
0.00472848
0.00355583
0.000257888
0.00312521
0.00267273
0.0114736
0.00384536
0.00126096
0.00829531
1.87463
0.00224763
0.0279578
0.000685301
0.0008891
0.00171035
0.000829423
0.870536
0.00418865
0.00798479
0.0229123
0.00722071
0.212373
0.0173936
0.0090088
0.180565
0.350673
0.000473461
0.136348
1.94612
0.574507
0.539131
0.00507735
0.00634656
0.0185356
0.0493748
0.00170699
0.662424
0.102354
0.00146677
0.00216754
0.00839318
0.00141
0.510074
0.00806799
0.00632613
0.00334861
0.00115872
0.0098933
0.130773
0.000401587
0.246828
0.0638937
0.0277033
0.216577
0.0016784
0.025053
0.0197738
1.22149
0.000920376
0.388645
0.386252
0.00334015
0.0173064
1.37748
0.0234458
0.00795081
0.225664
0.0207921
0.00395764
0.3492
0.00825343
0.315877
0.0152328
0.0704888
0.0734439
0.0590515
0.215244
0.249719
0.405184
0.0050055
0.0607097
0.182273
0.3688
0.994557
0.79181
0.525981
0.283528
0.00446988
0.0357383
0.0251649
0.493257
0.150589
0.076561
0.0359193
0.141484
0.26428
0.113261
0.48997
0.113171
0.0455839
0.566988
0.0586566
0.313301
0.00348961
0.0511135
0.00586028
0.00203387
0.00405216
0.00907818
0.00250107
0.0049637
0.00849769
0.179638
0.000339989
0.0440507
0.356612
0.107544
0.00704659
0.00192251
0.171605
0.0208199
0.439214
0.00868343
0.00421761
0.0239359
0.0126311
0.00268634
0.00538125
0.0046959
0.00379784
0.0178445
0.00784606
0.00268829
0.00161389
0.00244916
0.00160042
0.00054775
0.00513491
0.00202024
0.00195845
0.00384671
0.0134575
0.00691606
0.0026923
0.00933708
0.00996081
0.00159923
0.0106633
0.474714
0.0344785
0.0452728
0.054724
0.0180841
0.00975212
0.00821507
0.00191829
0.0108586
0.00274639
0.0206946
0.00227276
0.002082
0.00726948
0.177143
0.00983471
0.00131288
0.00326215
0.00463259
0.00184362
0.00684621
0.000583102
0.00484495
0.0297217
0.651893
0.00551396
0.00191201
0.471925
0.00176145
0.042327
0.522902
0.598092
0.00192091
0.00255434
0.00400571
0.00375916
0.0600041
0.00834828
0.161307
0.10233
0.00140795
0.0389727
0.0202131
0.00187909
0.00531332
0.0676444
0.0663344
0.0143483
0.0555061
0.0165929
0.00461287
0.00446097
0.000562092
0.000872078
0.00101717
0.00931741
0.00715879
0.00505436
0.0042713
0.0529981
0.314031
0.00780048
0.272495
0.0280557
0.00272808
0.155021
0.00270916
0.018327
0.00294412
0.0486358
0.0274397
0.000647651
0.00182984
0.379345
0.0865202
0.0113084
0.0057627
0.00828427
0.0003978
0.477491
1.0987
0.00136495
0.0054928
0.154071
0.070776
0.00228675
0.0744269
0.00384493
0.00747621
0.00783977
0.00762006
0.00698015
0.0027971
0.00155932
0.116467
0.0100188
0.0584021
0.0143012
0.018135
0.0077888
0.00070356
0.00273425
0.0501171
0.00196811
0.00380398
0.105349
0.00606707
0.17591
0.0161032
0.00436097
0.0010327
0.210793
0.0145122
0.787516
0.00720393
1.062
0.0250295
0.00469605
0.127214
0.0218592
0.0690254
0.00148747
0.0865851
0.0566123
0.0214866
0.340331
0.00202533
0.693603
0.0193963
0.092491
0.0671218
0.042251
0.052611
0.0173609
0.00868307
0.0109091
1.01203
0.0704765
0.149354
1.8495
0.00439121
0.379835
0.000223005
1.35601
0.0355483
0.00142115
0.0573575
0.088866
0.0902648
0.00464016
0.00783439
0.0141181
0.130071
0.00516357
0.00454479
0.00144867
0.0122305
0.0034196
0.00383869
0.0067606
0.0156538
0.146542
0.112844
0.00673677
0.100144
0.0743708
0.631303
0.0549525
0.109047
0.228914
0.286307
0.0649138
0.00336598
0.000205189
0.0745311
0.18438
0.000727785
0.00125995
0.0305794
0.0021707
0.00337708
0.00584251
0.00414048
0.00314782
0.92984
0.0221261
0.00186438
0.00180789
0.0056793
0.211309
0.14589
0.0544628
0.0886703
0.0245462
0.00228522
0.101507
0.493603
0.186786
1.52328
0.0648617
0.0796973
0.00287794
0.00260919
0.265
0.017247
0.229903
0.0783583
0.0740948
2.40189
0.0320084
0.349566
0.00898325
0.175372
0.245635
0.19465
0.0404726
0.0284425
0.0620451
0.877697
0.0293005
0.034078
0.00218975
0.0125148
0.0108877
0.00492767
0.0180885
0.0106866
0.0587751
0.00589434
0.00610018
0.00349091
0.0588869
0.0433355
0.0611496
0.00157645
0.00222447
0.00233724
0.0070071
0.166795
0.0582389
0.000874205
0.0399925
0.00248382
0.00087235
0.00844655
0.00115749
0.00116202
0.00196838
0.00234216
0.0159424
0.00229494
0.00580184
0.00517765
0.0442333
0.16466
0.510748
0.00324107
0.00535038
0.00237413
0.0474847
0.00908218
0.048206
0.356391
0.061693
0.0149317
0.0181869
2.23406
0.00127907
0.0118875
0.114311
0.0150871
0.310833
0.271692
0.0587635
0.106858
0.00689593
0.0442477
0.111959
0.0712281
0.0876255
0.0330412
0.00116964
0.730065
0.442198
1.0285
0.00287865
0.0191981
0.0477588
0.0505477
0.187194
1.59206
0.253543
0.00693404
0.00596521
0.0978348
0.00951876
0.0952471
0.196832
0.30078
0.00045595
0.211155
0.0741553
0.0869109
0.855234
0.0700266
0.0640131
2.12191
0.150261
0.0162573
1.30166
0.00271678
1.29885
0.00941658
0.028538
0.0345122
0.00461112
0.0168377
0.0294923
0.0501154
0.025127
0.0438487
0.366621
0.0178853
0.17421
0.218365
0.00201751
0.00885327
0.0564038
0.0365712
0.0238042
0.803527
0.387733
0.0666426
0.010831
0.00815933
0.149385
0.0365358
0.00204687
0.0219842
0.104131
0.0506564
0.040004
0.00601767
0.00200497
0.0219286
0.00131568
0.12267
0.00231652
0.00298655
0.0072111
0.0033081
0.0181725
0.0712401
0.22223
0.00738816
0.0703766
0.514546
0.00847999
0.354782
0.00413546
0.00208053
0.00326121
0.00750693
0.00365793
0.00165316
0.0175913
0.000611134
0.0084581
0.005835
0.0248157
0.00501642
0.00667878
0.141072
0.0127321
0.0107406
0.00793737
0.00210561
0.106024
0.00897002
0.00198724
0.102178
0.0856611
0.0320666
0.00780452
0.0740222
0.0650079
0.0110816
0.0395926
0.159933
0.401672
0.0255825
0.0302074
0.045238
0.0249987
0.174686
0.00568048
0.0244596
0.00269638
0.228415
0.179292
0.671066
0.0160518
0.0935326
0.00131594
0.00443873
0.740311
0.0039097
0.371569
0.0675148
0.0493039
0.74856
0.141528
0.192699
0.0206436
0.00751968
0.0301835
4.14062
0.178974
0.00284131
0.000689649
0.00171416
0.000859344
0.00254282
0.0129349
0.0022793
0.186747
0.000351633
0.00539515
0.00929654
0.00560766
0.00600713
0.00494782
0.0114082
0.00998612
0.0110377
0.00133273
0.00265012
0.0142833
0.0107991
0.00119842
0.0580351
0.2371
0.025977
0.0100364
0.0302611
0.00344054
0.0390106
0.041154
0.0149357
0.528574
0.332683
0.00110861
0.196182
0.247564
1.54661
1.33354
0.313913
0.364328
0.0037
0.00592056
0.00552668
0.14957
0.0854047
0.255617
0.543021
0.0148869
0.0762282
0.343349
0.0270479
0.0394002
0.0290513
0.276308
1.20001
0.00377009
0.00267374
0.985814
0.064905
0.0446316
0.0492585
0.233436
0.0283709
1.4959
0.00674264
0.0261309
0.895241
0.91906
0.152685
0.0809448
0.290538
0.00339475
0.0316044
0.0282637
0.048302
0.0186558
0.339031
0.1465
0.00541408
0.680325
0.0178845
0.0222746
0.199219
0.094799
0.674305
0.096446
0.0920969
0.0705724
1.63047
0.103957
0.0972421
0.00142806
0.0577461
0.150959
0.160618
0.00117465
0.116726
0.00219344
0.0049485
0.0981852
0.0377081
0.00692724
0.00339446
0.0032351
0.0109945
0.0121571
0.00389287
0.0283512
0.389525
0.00739863
0.126553
0.00399776
0.00764812
0.0162836
0.00372543
0.00765278
0.0035765
0.00428559
0.00182156
0.00330226
0.00138967
0.0129893
0.00679228
0.0101578
0.248012
0.00352496
0.00200166
0.00174591
0.00133956
0.000774759
0.122078
0.00778281
0.00078661
0.00319968
0.00240952
0.00853282
0.00824187
0.00122987
0.0320715
0.000522566
0.00286118
0.0159248
0.00240313
0.0117245
0.00497821
0.00203562
0.0185666
0.00504754
0.0228845
0.00408306
0.0214926
0.0017773
0.0287652
0.000436505
0.00497738
0.00158116
0.0111736
0.00117382
0.00130282
0.00144919
0.0063222
0.00447772
0.00179648
0.141447
0.391776
0.360766
0.00444586
0.000433061
0.000858089
0.000487473
0.00442306
0.00282435
0.00291162
0.000841459
0.00130072
0.0177177
0.00896189
0.2371
0.034416
0.0794092
0.00200196
0.0175555
0.0015771
0.117369
0.031881
0.00496758
0.00213534
0.481738
0.0280299
0.412904
0.0451141
0.170069
0.00149206
0.00443351
0.213989
0.00556289
0.000294314
0.00124407
0.00138711
0.0264089
0.0119274
0.023331
0.0358788
0.00677874
0.00216716
0.0207086
0.0038122
0.080378
0.000511038
0.0252516
0.185723
0.00283076
0.00428581
0.00144478
0.00102735
0.0113432
0.00358062
0.00977392
0.00534435
0.178712
0.0329136
0.971909
0.0800453
0.081027
0.019553
0.00782659
0.000964005
0.00340783
0.00268532
0.00956
0.00485136
0.00378689
0.00274479
0.000705288
0.0124314
0.0241018
0.000389511
0.000156924
0.00254674
0.00178206
0.00264075
0.00171174
0.00221469
0.00270203
0.000430272
0.0118356
0.00634125
0.00505118
0.0111005
0.361387
0.00324737
0.000764096
0.0174606
0.00533404
0.00110246
0.0459744
0.00102648
0.00952979
0.103302
0.0247047
0.196999
0.187244
0.349459
0.220552
0.0392162
0.0238062
0.0152948
0.0305124
0.014672
0.00739934
0.00659402
0.0167361
0.0182356
0.62557
0.12929
0.324843
0.000544576
0.664575
0.00718505
0.00271442
0.00943735
1.0168
0.00730627
0.0411106
0.0550513
0.00876195
0.00946496
0.00430251
0.0064938
0.00641662
0.00732911
0.0100878
0.008339
0.00456991
0.00746061
0.00806087
0.0103711
0.00585795
0.239994
0.0115391
0.131133
0.0824966
0.121063
0.0212017
0.0378491
1.16934
0.0432936
0.184641
2.765
0.280533
0.0898742
0.0122012
0.0422365
0.0491222
0.0725522
1.70566
0.00919708
0.00121978
0.112799
0.0151408
0.0156994
0.580841
0.727245
0.0708846
0.00359728
0.00634637
0.0622969
0.0478726
0.295072
0.0136071
0.0062781
0.143886
0.022081
0.159679
0.021723
0.0834206
0.443139
0.00585646
0.0551878
0.358653
0.203142
0.0321413
0.00565901
0.00671834
0.00146679
0.0264309
0.0175921
1.44821
0.109705
0.0912908
0.208001
0.222911
0.146364
0.10913
0.00609702
0.627378
0.0217402
0.100233
0.00424888
0.000580195
0.00687224
0.00481414
0.00736025
0.00491064
0.00363884
0.0570837
0.254247
0.0300975
0.00500866
0.00107993
0.000463122
0.00204397
0.00182377
0.00852017
0.00315234
0.00779054
0.0318086
0.000706408
0.0074256
0.00706397
0.0729987
0.0421535
0.00375414
0.00211599
0.0100783
0.00302956
0.00639463
0.000515638
0.00367114
0.0042614
0.0111986
0.0058793
0.00475746
0.00274246
0.00742149
0.0406302
0.00160308
0.00815232
0.000680263
0.00296053
0.00131298
0.011594
0.00214888
0.0293761
0.00187458
0.00400004
0.00117827
0.00130113
0.00475365
0.00567565
0.000652382
0.0214262
0.000592518
0.00140646
0.00240184
0.00709252
0.0269352
0.0113604
0.010025
0.0388796
0.00492269
0.479469
1.82618
0.00611211
0.0190884
0.0715664
0.00120711
0.00849144
0.000240282
0.000485546
0.0384838
0.379731
0.0240384
0.00190682
0.000837759
0.0583898
0.00872871
0.0523953
0.00745276
0.0118569
0.0471613
0.02034
0.00637005
0.0133057
0.000163995
0.000127428
0.00811772
0.00549284
0.0303767
0.0301311
0.0841352
0.0714462
0.014121
0.0179406
0.0291522
1.40424
0.0235314
0.106868
0.0134576
0.00122876
0.0366707
0.120507
0.00654574
0.0124435
0.000932379
0.00212531
0.190388
0.101757
0.003092
0.00356128
1.18395
0.0015167
0.00216682
0.157333
0.00414515
0.0391876
0.0074566
0.00188191
0.00318889
0.292435
0.0791463
0.00505087
0.00536734
0.170072
0.127656
0.118219
0.00180418
0.0175174
0.0253374
0.0529387
0.0136185
0.00171426
0.000780607
0.256141
0.00595328
0.00459132
0.0113434
0.0174367
0.00727404
0.000683763
0.0566847
0.00382372
0.00175334
0.00164606
0.0214645
0.0180734
0.00468083
0.00177003
0.212513
0.0303131
0.0495506
0.00699138
0.00655319
0.492491
0.257735
1.0611
0.00635939
0.136466
0.00280018
0.0796893
0.00706759
0.0484745
0.150078
0.0215848
0.197663
0.0354793
0.00904163
0.228012
0.0200601
0.00862216
0.0482479
0.468318
0.00214967
0.00271649
0.000592747
0.00191444
0.000536728
0.163987
0.120336
0.154921
0.00419156
0.854905
1.09229
0.242874
0.000534797
0.00720148
0.00265309
0.0103589
0.000607503
0.00123688
0.00281698
0.0112
0.0578644
0.33563
0.00206954
0.00528308
0.0161885
0.0338677
0.254486
0.86586
0.0493809
0.0194821
0.428453
0.0561233
0.00779774
0.754779
0.492784
0.0170314
0.00864208
0.0018049
0.00264979
0.0320925
0.00611546
0.292189
1.26355
0.0716917
0.0103711
0.747268
0.113903
0.0384664
0.382339
0.437008
0.00119214
0.102744
0.756882
0.0295616
0.0802858
0.252587
0.222922
0.664947
0.00472257
0.0210881
0.00398298
0.0193031
0.176564
0.0168228
0.276368
0.115828
0.00463435
0.106309
0.388586
0.000789503
0.000845564
0.0741571
0.0810478
0.0806177
0.00516118
0.00454116
0.210934
0.209858
0.0081547
0.129444
0.0212909
0.0119598
0.0483989
0.000721053
0.00566555
0.00668822
0.0023837
0.0631566
0.0168955
0.0224366
0.226776
0.00371488
0.0108656
0.00255336
0.00998105
0.0767596
0.00144528
0.0238166
0.0501016
0.0437852
0.0751985
0.0235003
0.0250382
0.014756
0.0160731
0.00447707
0.00862983
0.028003
0.03194
0.00373994
0.225191
0.0156093
0.0156551
0.000102784
0.0489304
0.0122189
0.0511689
0.00799676
0.0262533
0.0320507
0.00278867
0.054287
0.00195533
0.500821
0.0132667
0.103922
0.00329502
0.00899986
0.00230783
0.0183265
0.0138468
0.0700544
0.00440101
0.275215
0.00700565
0.0263498
0.00220883
0.0215254
0.00630062
0.00634671
0.0192282
0.0377022
0.000957085
0.0085257
0.00107894
0.00950509
0.135149
0.00377903
0.0205909
0.00120001
0.004335
0.00691488
0.00332611
0.00294681
0.108407
0.00152016
0.0082534
0.00345389
0.00424223
0.00276071
0.0256866
0.00147707
0.00240721
0.00247235
0.00482517
0.00167153
0.059199
0.0067922
0.00355217
0.00337207
0.00808922
0.000556701
0.0260184
0.00257655
0.00507853
0.000579229
0.00270465
0.00136433
0.000666844
0.00313975
0.117053
0.00134699
0.00456555
0.00760597
0.0018792
0.00126899
0.00537574
0.216227
0.00234542
0.0072349
0.000785628
0.00237286
0.00783991
0.0118997
0.00163731
0.0117601
0.00209956
0.00160354
0.41286
0.00500061
0.0066417
0.0908089
0.000891735
0.0123354
0.00456376
0.0107901
0.194752
0.00376237
0.0058306
0.111073
0.00221543
0.0325539
0.00899586
0.00400988
0.00373634
0.000284337
0.00444886
0.00707359
0.00322627
0.00402958
0.00278504
0.00893355
0.00141323
0.000707837
0.00969417
0.00129263
0.00278562
0.00876328
0.00811779
0.00263539
0.000569929
0.00613111
0.0347554
0.0906772
0.044399
0.103181
0.00842447
0.383455
0.0296664
0.0132266
0.617044
0.098571
0.00918036
0.647558
0.0433677
0.349527
0.00868932
0.0314962
0.0311923
0.0215475
0.596288
0.614031
0.00230709
0.00389931
0.595549
0.0803823
0.0287734
2.59329
1.18587
0.0135638
0.0335831
0.120257
0.513541
0.00163844
0.00647514
0.00945143
0.000137003
0.0180094
0.612178
0.0064911
0.0450925
0.0337106
0.00102885
0.00277349
0.00104689
0.0169567
0.00143973
0.00344242
0.00226457
0.126289
0.000392636
0.00873874
0.00533749
0.00165118
0.00756384
0.00133077
0.003305
0.0112732
0.00144818
0.00130533
0.000621173
0.00398872
0.00186452
0.0088708
0.0258427
0.00339556
0.00197895
0.000743889
0.0112946
0.0014257
0.00424327
0.0563211
0.00158671
0.0044759
0.00717703
0.00717279
0.0074227
0.00976059
0.000766989
0.178355
0.0048598
0.0010426
0.350314
0.00318759
0.0570802
0.126323
0.00564088
0.208733
0.179193
0.014359
0.0296427
0.00297706
0.459443
0.0736538
0.0683715
0.00965572
0.0185726
0.19101
0.018997
0.0045323
0.00244005
0.0199531
0.0167672
0.0797669
0.0476225
0.0206164
0.0236011
0.00305591
0.157598
1.86007
0.0380115
0.0394914
1.02124
0.0858776
0.00275075
0.146036
0.00724863
0.00488191
0.0788618
0.0473994
0.0686815
0.00212868
0.00175944
0.00645647
0.00288316
0.0487305
0.0225551
1.84039
0.00283824
0.269728
0.0919775
0.00325853
0.00538301
0.00299154
0.00130744
0.00482689
0.0118509
0.00102988
0.00871996
0.00182014
0.00918762
0.00241613
0.0946979
0.0048564
0.00915231
0.00251793
0.00341617
0.000881856
0.0125813
0.00852456
0.00796871
0.00280416
0.0202224
0.00525593
0.0077183
0.00756129
0.00325028
0.00726336
0.0260514
0.000489547
0.0197008
0.010432
0.00607475
0.00146301
0.00936237
0.0760773
0.00368689
0.00166876
0.000871931
0.00138155
0.00691308
0.00493423
0.0148463
0.00810244
0.00521255
0.0253767
0.00355265
0.00640849
0.0253234
0.0862939
0.00844198
0.00255699
0.00402147
0.00528022
0.00831572
0.00196896
0.00356799
0.00204547
0.00792034
0.00430495
0.0138823
0.0166167
0.00491303
0.0133233
0.354795
0.0149281
0.00219515
0.0147661
0.00506051
0.00653165
0.000501402
0.346107
0.00102455
0.000393522
0.00557782
0.000523868
0.0136305
0.00477829
0.00985765
0.00312896
0.0062288
0.00787361
0.00289297
0.00467424
0.00206069
0.00400887
0.00214869
0.0114904
0.0010755
0.000859184
0.0196919
0.00248124
0.00461593
0.0030842
0.000904041
0.00171758
0.00470108
0.00169767
0.00354005
0.00920497
0.0377465
0.00213665
0.000196835
0.0022459
0.000670711
0.00356363
0.000841575
0.00137312
0.000813518
0.0220154
0.0029879
0.00303854
0.00382312
0.209711
0.0126271
0.000362723
0.00230358
0.00476197
0.0189156
0.0140992
0.944789
0.0768642
0.0813627
0.0322379
0.157788
0.193186
0.0714781
0.00377112
0.000893769
0.000433382
0.00192219
0.0411357
0.00193466
0.0109648
0.00534317
0.191683
0.00044749
0.00186611
0.00105399
0.0502251
0.037311
0.160296
0.000848701
0.00206043
0.0213402
0.258663
0.0136219
0.00193042
0.1446
0.00142034
0.00686617
0.010305
0.000973946
0.00268392
0.438778
0.00789333
0.000308822
0.00143125
0.00039899
0.00107166
0.0508077
0.0145607
0.00332876
0.00834024
0.000373487
0.0026006
0.00636046
0.00155643
0.00443294
0.00501583
0.0026488
0.00445649
0.00243175
0.0265846
0.00141562
0.000707966
0.0223488
0.00032235
0.0202882
0.0847472
0.00526149
0.00295249
0.00346289
0.0186516
0.00337234
0.00214502
0.00188137
0.000696861
0.0783671
0.000209306
0.00164103
0.00564112
0.00423415
0.0496821
0.000631179
0.138092
0.000687349
0.0856353
0.00189056
0.00233796
0.0163821
0.0171132
0.00111752
0.232378
0.00479727
0.00474602
0.000823843
0.220592
0.00689371
0.00690939
0.00974905
0.0033472
0.00609368
0.00329566
0.00342517
0.0184263
0.0969103
0.0641052
0.000970332
0.016238
0.00228465
0.0142969
0.00190125
0.0321523
0.00405898
0.00428654
0.00294411
0.00155865
0.116554
0.00592377
0.00810939
0.00939612
0.00427864
0.0031413
0.00439665
0.00176624
0.00429763
0.00514261
0.000863857
0.00821083
0.00897501
0.00402179
0.00176765
0.0136268
0.0223878
0.484193
0.205993
0.00254951
0.00150223
0.00355204
0.180674
0.0120309
0.00293053
0.085151
0.00209886
0.0129171
0.00610617
0.00212349
0.000282301
0.000754125
0.0382987
0.00495016
0.0202621
0.00276008
0.0115092
0.0011172
0.00381249
0.00189456
0.0011465
0.0100946
0.000226702
0.00168957
0.279487
0.121195
0.0194214
0.00834992
0.00409478
0.020719
0.199289
0.283948
0.00152614
0.00763758
0.00244524
0.00788239
0.00392474
0.0209658
0.00771879
0.468974
0.00614044
0.0115925
0.000252109
0.00659458
0.108737
0.00239761
0.000625058
0.00329179
0.00211725
0.000671923
0.000688632
0.00469101
0.000572924
0.0033882
0.00509626
0.134611
0.00446266
0.000759047
0.00810223
0.0861636
0.00417695
0.0049118
0.00402846
0.00718149
0.0314582
0.000380137
0.607962
0.0233239
0.110184
0.00150135
0.00955264
0.00524576
0.0213445
0.0235631
0.000759137
0.0028565
0.00506427
0.00833212
0.00582965
0.00941447
0.000290428
0.0017001
0.00136601
0.0241557
0.0055192
0.0135823
0.0333971
0.00137206
0.000767241
0.00164342
0.0029562
0.00290812
0.00142552
0.000466611
0.00770461
0.0117062
0.00269584
0.00170937
0.00674914
0.00452283
0.00909322
0.000730527
0.000225432
0.00331442
0.000595127
0.000932603
0.00245279
0.00301611
0.00603545
0.00177962
0.00954358
0.00362505
0.000511135
0.00428613
0.00750006
0.00290403
0.00501518
0.000164679
0.00321821
0.000931978
0.00171534
0.00467287
0.00430898
0.00580279
0.00360594
0.00771557
0.00703332
0.00822686
0.00236073
0.00452842
0.00137679
0.00397453
0.00612134
0.00217379
0.165377
0.000264869
0.00415723
0.0150874
0.00200984
0.0065754
0.0407117
0.00283188
0.00214233
0.000333967
0.0029736
0.0105893
0.0029539
0.0011653
0.0566837
0.00461946
0.00295209
0.00325686
0.00332391
0.369233
0.00222636
0.0808698
0.0895387
0.0865283
0.31209
0.13995
0.015794
0.0361868
0.0951723
0.060223
0.0485966
0.442123
0.0185648
0.000896256
0.0299386
0.181535
0.531659
0.119592
0.537928
3.24969e-05
0.0412192
0.0937706
0.0820468
0.141675
0.0368264
0.0956554
0.610141
0.00280528
0.0059189
0.194345
0.013672
0.0025564
0.0676329
0.099494
0.0184322
0.140669
0.0025675
0.00560728
0.00174714
0.014601
0.0290581
0.00347015
0.00474196
0.0117036
0.00403067
0.173441
0.00906082
0.164265
0.03904
0.0281184
0.0382873
0.00198067
0.00260181
0.0128131
0.0923292
0.00204918
0.0243575
0.0256378
0.0354226
0.0158802
0.007812
0.0419546
0.00138041
0.00747077
0.109253
0.104771
0.00418453
0.0956245
0.00142988
0.0212832
0.00458739
0.00218889
0.00760168
0.0180235
0.0255804
0.0264772
0.00291032
0.0223361
0.00469836
0.040002
0.0934301
0.00322623
0.0847039
0.0538194
0.000765278
0.0791984
0.0257992
0.00553402
0.00251341
0.00408168
0.00482006
0.00151796
0.0771119
0.00575642
0.128268
0.267503
0.00826824
0.240247
0.00722542
0.00261031
0.00616529
0.0141662
0.0033339
0.000690969
0.0269403
0.00134366
0.0136691
0.00354772
0.00263411
0.00648788
0.00842981
0.00160662
0.00340956
0.0794264
0.00282187
0.0120966
0.00371044
0.000934648
0.0135656
0.00105136
0.00494599
0.00166115
0.00416795
0.00132058
0.0286407
0.00954422
0.000435842
0.0557773
0.0031301
0.0105539
0.000728723
0.00767632
0.00250234
0.00861975
0.00439771
0.00256206
0.0014192
0.00848409
0.00276673
0.00415185
0.00860135
0.420875
0.0983363
0.160951
0.00489558
0.00324369
0.0381141
0.0103426
0.226442
0.920123
0.306951
0.00930466
0.0104562
0.151985
0.281629
0.208954
0.596574
0.0163284
0.725192
0.262787
0.186227
0.0268248
0.0190613
0.00139394
2.93499
0.0211799
0.0670873
0.0548922
0.00298287
0.0741312
0.450641
1.39242
0.0254879
0.0343204
0.00266797
0.279592
0.261419
0.721837
0.171948
0.0174248
0.00232154
0.129257
0.00304849
0.00662536
0.224552
0.468355
0.00550296
0.00699441
0.00532963
0.00189951
0.000880974
0.0029608
0.0176797
0.00117538
0.0122042
0.00318955
0.00204407
0.00367582
0.00604528
0.0041476
0.000520552
0.00409578
0.00123892
0.00573484
0.0034085
0.00292943
0.00704334
0.000736072
0.00455442
0.00490378
0.00527706
0.00137619
0.00137432
0.00325284
0.00298667
0.00153687
0.00242321
0.00301642
0.00401478
0.00492041
0.00488177
0.00414105
0.0161006
0.0259864
0.00410992
0.0588923
0.0239844
0.00258518
0.00346714
0.0262074
0.00954478
0.0114696
0.00612087
0.00489592
0.00214164
0.0121403
0.0470979
0.0231611
0.00898766
0.0111339
0.0722548
0.00440305
0.030135
0.00149792
0.00118168
0.001709
0.00817801
0.00364821
0.00138069
0.00590864
0.000932355
0.00651729
0.000520568
0.0115085
0.00198303
0.00254787
0.0077437
0.0146362
0.00135907
0.00687898
0.00708832
0.0111609
0.0017234
0.023137
0.010262
0.00163975
0.00896124
0.0061475
0.000717543
0.00660996
0.0294865
0.00560143
0.00984169
0.199249
0.0177878
0.00235726
0.00923924
0.00397392
0.015958
0.00362507
0.00540967
0.00411255
0.00834736
0.00176561
0.0117985
0.00287119
0.00142514
0.0029585
0.0179039
0.00199086
0.00293066
0.00103847
0.00308741
0.00448927
0.241432
0.00203064
0.00596636
0.00156865
0.00744248
0.00284755
0.00352768
0.798126
0.0633827
0.0035004
0.010456
0.0203465
0.02912
0.00395767
0.0100332
0.00347738
0.0655812
0.0126457
0.00215803
0.00209947
0.00332606
0.215372
0.0600987
0.0169085
0.018292
0.00111807
0.136837
0.0061066
0.0346945
0.00134589
0.000876758
0.071002
1.02695
0.00579645
0.0306421
0.0473912
0.175651
0.107459
0.0114589
0.0260545
1.45687
0.010499
0.0195516
0.0515415
0.00654366
0.00523304
0.0155691
0.00358945
0.000986026
0.00256335
0.000859916
0.00653356
0.00185234
0.00429516
0.197243
0.00221458
0.0535375
0.0230085
0.00133577
0.00543719
0.00782636
0.00713974
0.0007216
0.0342835
0.00665212
0.000686627
0.0563153
0.0102084
0.0322681
0.00332721
0.327322
0.0105446
0.00314187
0.00942346
0.00144847
0.00152228
0.00133769
0.0275088
0.00211426
0.0120968
0.0258082
0.0368836
0.0111309
0.00313313
0.00469391
0.00322631
0.00550111
0.0452318
0.00808531
0.310781
0.0113188
0.0144818
0.00226805
0.00331348
0.010434
0.00102692
0.0089045
0.0550176
0.0112768
0.0361146
0.00343584
0.00335171
0.00397365
0.0240365
0.00391191
0.00447422
0.000498244
0.00190617
0.00972839
0.00682581
0.00590425
0.000939707
0.000858129
0.0019037
0.00432782
0.0326489
0.00388629
0.0174217
0.00101951
0.00216356
0.0103375
0.00485851
0.00124403
0.0125385
0.00263424
0.0317722
0.0434643
0.00871018
0.0492647
0.0622959
0.00258917
0.0227259
0.000234847
0.00656732
0.00968022
0.00468835
0.0173739
0.187146
0.0606398
0.00251859
0.00189578
0.0410754
0.00276034
0.0728883
0.00375284
0.0353718
0.0497946
0.0117736
0.0139919
0.0143533
0.0523842
0.00168947
0.00378131
0.0278157
0.00515752
0.0259148
0.007694
0.0216301
0.31513
0.00231574
0.00742534
0.00164354
0.0191812
0.00491825
0.00464664
0.00444388
0.000602557
0.000881878
0.0145925
0.00247484
0.0123025
0.00144186
0.00616892
0.00364158
0.00785241
0.0784046
0.0147016
0.00609677
0.013514
0.0339384
0.0359512
0.0130166
0.0474992
0.00255476
0.000411066
0.0704174
0.00894059
0.0242715
0.00316399
0.0361693
0.00657033
0.00557005
0.00233601
0.00304797
0.00693641
0.00359488
0.00241086
0.00165965
0.00333475
0.00133513
0.000845246
0.00647093
0.0801978
0.00146825
0.00477308
0.00559306
0.140743
0.00298715
0.0169302
0.0029782
0.00190432
0.00355983
0.00579332
0.00319447
0.0484139
0.00387074
0.00404792
0.000834069
0.004749
0.00171469
0.00377919
0.00180937
0.00251901
0.00449101
0.493171
0.042835
0.074102
0.0492272
0.0581026
0.500836
0.206356
0.00266205
0.225263
0.0196996
0.00862384
0.00363543
0.00248444
0.00684719
0.00110789
0.505106
0.00483455
0.00730239
0.00957818
0.00329606
0.00305782
0.00348079
0.0737426
0.0972618
0.0498543
0.0268187
0.0399628
0.0104534
0.414952
0.0667976
0.0453185
0.167939
0.0836406
0.00316987
1.34255
0.0246188
0.00636744
0.000649381
0.0115203
0.0318415
0.0231219
0.0254856
0.013048
0.457118
0.00538017
0.00669764
0.00119761
0.00113277
0.00505927
0.00142075
0.000998265
0.13229
0.00281924
0.0011876
0.861243
0.122526
0.000534686
0.00253041
0.00605794
0.00433816
0.0868643
0.00451662
0.00268675
0.0254038
0.00433192
0.000659634
0.00427399
0.0271941
0.00258774
0.102273
2.13479
0.00179006
0.00321614
0.0133961
0.0010508
0.00263094
0.00235974
0.0128158
0.00138605
0.108556
0.00210525
0.44874
0.00323097
0.00507162
0.00634412
0.0226727
0.00228547
0.00748884
0.000980461
0.000977066
0.00668686
0.0105452
0.00439387
0.0150763
0.212689
0.20989
0.311726
0.00493883
0.174937
0.257606
0.349952
1.25091
0.222412
0.0132027
0.0172334
0.182801
0.009037
0.00217907
0.000571543
0.328675
0.189044
0.243406
0.282415
0.306105
0.132972
1.03918
0.0562961
0.921373
0.0824465
0.2678
0.13546
0.00254198
0.00423135
0.857856
0.0220798
0.0279247
0.0554627
0.00241378
0.0625547
0.289152
0.00217874
0.001367
0.0963969
0.0491463
0.00921405
0.0146339
0.0138268
0.00134922
0.00631294
0.00425536
0.00676287
0.00167593
0.00236967
0.00438142
0.00296298
0.00271131
0.0383989
0.00579022
0.00142271
0.00471312
0.369824
0.00769688
0.00283005
0.202161
0.000535832
0.00475243
0.00781185
0.0053395
0.00171428
0.00226292
0.00708199
0.00173857
0.00322827
0.000412208
0.0021144
0.000489525
0.175762
0.00693251
0.00351811
0.000324245
0.0212292
0.00111078
0.00354071
0.0061185
0.00151799
0.00229426
0.00692252
0.132019
0.00340739
0.091383
0.379167
0.197874
0.00120361
1.35683
0.0492177
0.136037
0.00755342
1.39688
0.00399733
0.00343539
0.00119666
0.112702
0.00406126
0.000745996
0.00221183
0.0106154
0.0418801
0.00179231
0.0230572
0.242998
0.219515
1.09097
0.902532
0.151649
0.00990945
0.00123695
0.0738529
0.0344721
0.0053336
0.000854407
0.00063246
0.00318878
0.139688
0.0520139
0.000949507
0.00120127
0.184436
0.13721
0.171586
3.203
0.0346324
0.233065
0.00331743
0.0253121
0.188669
0.184932
0.026438
0.059185
0.375967
0.00648474
0.439712
0.00685667
0.0160126
0.0128201
0.0148051
0.000885487
0.0260632
0.00121532
0.00200329
0.0050863
0.429835
0.0812875
0.0125476
0.00263012
2.37855
0.00311285
0.131109
0.0116024
0.136141
1.68462
0.523074
0.0403948
0.000821842
0.0138026
0.0531286
0.0250031
0.00659063
0.0158313
0.0261033
0.0532176
0.0121042
0.00601541
0.0092893
0.00633244
0.371376
0.10803
0.00538528
0.407033
0.00697451
0.6177
0.0650974
0.12434
0.0611911
0.0151482
0.00389117
0.0133506
0.00555343
0.00117221
0.00803755
0.00809246
0.00225845
0.00605131
0.00391318
0.0142712
0.0013329
0.0424915
0.00373143
0.00677119
0.0166976
0.00292203
0.0023871
0.00527609
0.0245545
0.00369334
0.0100234
0.020385
0.00865702
0.00349531
0.00438982
0.0141016
0.004672
0.00834992
0.000345184
0.00104438
0.0861125
0.113507
0.00076074
0.00631232
0.00409063
0.00154632
0.362982
0.0410837
0.00667226
0.0105351
1.07395
0.0195334
0.170773
0.159899
0.611119
0.00297889
0.0596223
0.186854
0.0177467
0.804698
0.248582
0.0289575
0.039416
0.0438367
0.00251563
0.00156851
0.0208783
0.699264
0.0280442
0.102351
0.109762
0.577418
0.0365366
0.000395861
0.00965859
0.0163705
0.00155724
0.00309289
0.00436488
0.00458686
0.00389572
0.00417443
0.00478745
0.0125598
0.0333188
0.00453925
0.00197316
1.91658
0.379
0.000609385
0.00103133
0.00331941
0.00448451
0.0646533
0.0263569
0.00266897
0.00231517
0.0041902
0.00293145
0.0087209
0.0028458
0.00100115
0.00947683
0.407358
0.00535283
0.00383965
0.0143728
0.049961
0.00509094
0.0028571
0.117026
0.232051
0.00211565
0.00741524
0.00115008
0.00595416
0.0137473
0.00445345
0.0154526
0.00127169
0.0767513
0.0062069
0.0116137
0.00414425
0.00578243
0.0106378
0.00880519
0.00315961
0.00476327
0.00203862
0.237217
0.0401578
0.00252298
0.00193514
0.36568
0.00114903
0.00426436
0.000390536
0.0072172
0.00101141
0.00151911
0.0126254
0.00876694
0.00437678
0.00892786
0.0888226
0.00240477
0.109622
0.00528177
0.00451043
0.00151687
0.00776974
0.000417532
0.00279861
0.00552654
0.00986544
0.0061328
0.0113152
0.00275291
0.00623659
0.0132451
0.00817757
0.00687967
0.00518547
0.00439899
0.000408755
0.00693589
0.00995471
0.00541581
0.00419779
0.00121021
0.00983522
0.015883
0.00246902
0.00763051
0.0075521
0.00164543
0.0108559
0.00159287
0.1948
0.00126024
0.0717749
0.112547
0.000135018
0.00557414
0.00696851
0.146489
0.00630572
0.0137089
0.00209452
0.00206435
0.00468709
0.00712879
0.000575935
0.00566918
0.00183862
0.16624
0.00413743
0.00662536
0.00378727
0.179081
0.199947
0.00190951
0.645283
0.118041
0.00513507
0.0901836
0.0976015
0.0906869
0.00804686
0.00732296
0.0106017
0.00627502
0.127145
0.168871
0.0174217
0.0021197
0.00219732
0.00710464
0.00231324
0.00305075
0.00585606
0.0219625
0.0024179
0.00314816
0.00696292
0.00207313
0.00221085
0.00381886
0.00079911
0.00121432
0.00128267
0.00585537
0.00217589
0.000408098
0.00124387
0.0010905
0.00165664
0.00249881
0.000576494
0.000966493
0.0558013
0.00377979
0.00293192
0.00142172
0.00327287
0.000834574
0.00129227
0.00311097
0.00342378
0.000672794
0.000630423
0.000855696
0.0105601
0.00399318
0.000608437
0.0045355
0.000715311
0.00102959
0.00259829
0.00116677
0.00356749
0.0110157
0.00145568
0.00429117
0.00394828
0.00909812
0.00303829
0.00123306
0.00450839
0.00556528
0.00930506
0.00446457
0.00310399
0.0017952
0.00421231
0.00470449
0.00828485
0.00911175
0.00188534
0.00502587
0.00318658
0.0115998
0.00712441
0.0105095
0.00640962
0.0110921
0.00575807
0.0149394
0.00244162
0.011677
0.00653013
0.00178819
0.00580447
0.00762896
0.00242111
0.00276736
0.0129773
0.0212765
0.00166004
0.00241583
0.0070243
0.00289941
0.000977952
0.00431431
0.00852787
0.0118084
0.00322951
0.00289783
0.0235204
0.00173131
0.00615971
0.000680897
0.0105553
0.00563587
0.0112889
0.00241762
0.0061664
0.00399422
0.003369
0.00201974
0.00362134
0.00538442
0.0017988
0.103255
0.0650657
0.000993119
0.00280032
0.00322193
0.00535585
0.0029872
0.0142976
0.083064
0.0115958
0.00364986
0.00120799
0.000529443
1.40966
1.97056e-05
0.0065792
0.0392289
0.0641441
0.744105
0.000620883
0.00680437
0.176312
0.00626987
0.122548
0.0118204
0.399033
0.199144
0.00455434
0.392711
0.878145
0.0196829
0.00186486
0.00386059
0.00142821
0.0249639
0.00177626
0.00289588
0.00215009
0.000346561
0.00803279
0.00885666
0.000136686
0.00581534
0.0132319
0.0451157
0.00215684
0.00162075
0.00367869
0.365517
0.0033659
0.00557391
0.0108427
0.00951851
0.00144931
0.00396307
0.0003887
0.0791543
0.0217809
0.000963875
0.00107874
0.0402888
0.000941933
0.00337585
0.00371995
0.00659193
0.00332162
0.00258904
0.00617559
0.00149733
0.00353542
0.00285351
0.00142032
0.00307173
0.016381
0.00132088
0.00102467
0.00583642
0.0485495
0.00361472
0.0109968
0.0259557
0.159521
0.00673706
0.0536828
0.669816
1.3416
1.53132
0.0701726
0.00128739
0.0571549
0.106814
0.0132476
0.00367761
0.0365887
0.0177782
0.00385264
0.64601
0.00133289
0.0224412
0.335595
0.00258711
0.323007
0.00685277
0.0548912
0.000926239
0.140152
0.226378
0.0798346
0.0168516
0.0146714
0.0400582
0.0452628
0.442482
0.589634
0.102283
0.109807
0.0286498
0.00586696
0.00706161
0.0159744
0.0981791
0.00315716
0.00281865
0.00230559
0.0154142
0.0043801
0.00373058
0.00203167
0.147637
0.0496264
0.0147372
0.00629888
0.00675
0.0266794
0.134047
0.0456724
0.0122605
0.855481
0.0755522
0.08111
0.0651653
0.0109237
0.00171394
0.00929282
0.0165938
0.00152686
0.000881867
0.20521
0.068302
0.0127489
0.0268594
0.00755209
0.0397775
0.292927
0.0347976
0.0745667
0.00513836
0.0148031
0.0148921
0.175594
0.134026
0.0114103
0.00635141
0.000814587
0.0608548
0.0105478
0.125935
0.0274751
0.255095
0.0182941
0.0044339
0.503117
0.0811754
0.96958
0.0218693
0.0693146
0.00576254
0.00526764
0.00716978
0.0178283
0.0125644
0.884191
0.00489653
0.030362
0.162448
0.138273
0.171118
1.91214
0.206511
0.600883
0.156461
0.00365791
0.00500498
0.0343121
0.0423773
0.00527555
0.101238
0.0012999
0.0217417
0.453432
0.50445
0.010291
0.0588847
0.00558147
0.01176
0.000860126
0.0264467
0.0436954
0.2262
0.0192892
0.00936898
0.0153255
0.0811549
0.167061
0.3134
0.0301107
0.180072
0.0506563
0.215431
0.00047521
0.00825485
0.048066
0.0196563
0.000993868
0.0222978
