0.176819
0.203393
0.189637
0.196574
0.190325
0.189943
0.198863
0.190347
0.19585
0.190447
0.19001
0.198546
0.190693
0.195832
0.189551
0.189388
0.199438
0.189951
0.196023
0.190719
0.190784
0.199044
0.190848
0.190383
0.195078
0.190272
0.199288
0.191246
0.189945
0.195462
0.190105
0.199513
0.190267
0.190983
0.195711
0.190152
0.199695
0.18972
0.190182
0.196606
0.190593
0.199166
0.191267
0.191635
0.197127
0.189829
0.198571
0.189479
0.189679
0.196513
0.19073
0.19804
0.190231
0.189585
0.197506
0.189477
0.198409
0.191526
0.189794
0.196411
0.190893
0.199735
0.190258
0.192334
0.196165
0.191383
0.193297
0.197074
0.192008
0.195945
0.191118
0.193288
0.196091
0.190148
0.196179
0.190801
0.193638
0.195935
0.19148
0.196139
0.190412
0.192958
0.197317
0.1902
0.196167
0.191666
0.1941
0.197586
0.191853
0.196051
0.190072
0.194526
0.198398
0.190522
0.195989
0.190771
0.194117
0.194793
0.192295
0.196454
0.191293
0.193714
0.197442
0.189666
0.196107
0.189883
0.190947
0.196538
0.189996
0.197513
0.190353
0.192102
0.194088
0.190285
0.198681
0.190747
0.191252
0.201612
0.190835
0.190311
0.192038
0.191004
0.198863
0.189927
0.191736
0.195087
0.190422
0.199755
0.191245
0.190803
0.195867
0.189021
0.196533
0.190576
0.190016
0.196138
0.191062
0.198711
0.190958
0.188893
0.19574
0.191968
0.199434
0.191082
0.190367
0.1948
0.191542
0.24758
0.188794
0.186801
0.188098
0.187753
0.195539
0.189304
0.187396
0.189234
0.19005
0.196305
0.189203
0.1858
0.189179
0.186772
0.19013
0.187944
0.189387
0.187809
0.188168
0.191454
0.187547
0.18777
0.191342
0.187109
0.189568
0.18742
0.187091
0.192912
0.188978
0.189657
0.187133
0.187091
0.187023
0.187945
0.189016
0.193587
0.185187
0.187017
0.184986
0.1887
0.19491
0.187162
0.186923
0.189945
0.186426
0.19678
0.186641
0.187519
0.186876
0.191726
0.189254
0.189547
0.189949
0.186546
0.190475
0.189709
0.185736
0.188514
0.188744
0.190547
0.188228
0.188773
0.188479
0.188447
0.19029
0.191922
0.188512
0.188956
0.187868
0.188141
0.197284
0.186365
0.188122
0.18722
0.187349
0.189688
0.189781
0.189072
0.193989
0.186525
0.189965
0.189055
0.18837
0.193519
0.18688
0.19113
0.189142
0.18733
0.193731
0.187184
0.188154
0.185184
0.187186
0.187873
0.187732
0.190751
0.191589
0.187712
0.188033
0.18904
0.19179
0.194148
0.189038
0.189556
0.188168
0.190442
0.192142
0.187133
0.187927
0.188695
0.188716
0.191238
0.187776
0.188773
0.19395
0.188255
0.192154
0.188655
0.193753
0.191181
0.187961
0.190234
0.188605
0.186298
0.191278
0.190271
0.190889
0.18803
0.189187
0.194067
0.190189
0.190119
0.187747
0.186567
0.18879
0.187694
0.190944
0.189154
0.18773
0.18755
0.187732
0.192142
0.192277
0.187621
0.18496
0.187438
0.190619
0.192195
0.188497
0.188922
0.186872
0.19106
0.18894
0.1881
0.1886
0.193964
0.191531
0.191912
0.196546
0.190027
0.196613
0.190964
0.191697
0.188481
0.191478
0.197561
0.195304
0.191514
0.185965
0.191771
0.196928
0.171208
0.178011
0.191961
0.191379
0.191014
0.186739
0.190782
0.193396
0.192414
0.190504
0.18857
0.188897
0.19441
0.192762
0.188074
0.190359
0.189624
0.193
0.188801
0.192853
0.193143
0.190716
0.196599
0.18693
0.191601
0.192259
0.187489
0.195606
0.190693
0.191627
0.193142
0.189341
0.191822
0.186863
0.192351
0.193508
0.188071
0.18651
0.189806
0.190898
0.194981
0.188437
0.189722
0.193769
0.192813
0.194816
0.188368
0.189458
0.192903
0.191073
0.19449
0.189897
0.190371
0.193759
0.193313
0.195601
0.189974
0.190851
0.193438
0.194511
0.192963
0.18928
0.191076
0.192694
0.192718
0.1919
0.188778
0.190265
0.19403
0.19368
0.188883
0.192211
0.190772
0.19441
0.191836
0.190763
0.193504
0.189599
0.194088
0.193169
0.189755
0.192584
0.189778
0.19641
0.193128
0.190589
0.191917
0.190783
0.193641
0.190673
0.189116
0.193461
0.191243
0.192681
0.189609
0.191992
0.193084
0.190056
0.19093
0.190557
0.1934
0.194503
0.1901
0.189225
0.191145
0.193087
0.194934
0.190952
0.190273
0.192407
0.192308
0.195502
0.190134
0.190278
0.191463
0.192573
0.195194
0.189048
0.190209
0.192498
0.192737
0.191705
0.190266
0.189351
0.192786
0.191691
0.190602
0.191254
0.189437
0.194995
0.192543
0.190193
0.193341
0.188367
0.196107
0.19295
0.189745
0.191874
0.189609
0.19497
0.191724
0.188534
0.194389
0.18943
0.192094
0.19226
0.19015
0.193065
0.19074
0.19114
0.19568
0.188673
0.190472
0.190429
0.190132
0.193941
0.190675
0.191256
0.189058
0.190378
0.193519
0.190299
0.195903
0.19002
0.190212
0.193415
0.191307
0.194874
0.190279
0.189459
0.191033
0.192585
0.194565
0.1897
0.18937
0.192852
0.19173
0.192823
0.189682
0.190007
0.191839
0.192646
0.190217
0.191321
0.189723
0.196003
0.192373
0.190126
0.192741
0.189617
0.194612
0.191491
0.190141
0.193799
0.190979
0.194011
0.192272
0.186709
0.193959
0.187554
0.191942
0.193562
0.189966
0.190607
0.189804
0.188986
0.19442
0.188922
0.195817
0.190144
0.190208
0.194129
0.190265
0.195135
0.187701
0.190468
0.19575
0.19015
0.196038
0.189915
0.18943
0.19148
0.189919
0.195506
0.189014
0.189564
0.193707
0.191863
0.191759
0.190622
0.189087
0.193373
0.191916
0.190364
0.191671
0.189734
0.195666
0.190916
0.18916
0.19358
0.190401
0.194911
0.193129
0.191032
0.193454
0.189904
0.195112
0.19258
0.190705
0.192109
0.189922
0.19467
0.193397
0.189741
0.193711
0.18961
0.191427
0.191984
0.190307
0.193347
0.190752
0.188273
0.195592
0.190059
0.196086
0.190135
0.19047
0.195173
0.190461
0.196008
0.190298
0.190798
0.196087
0.190367
0.195236
0.189161
0.190483
0.195667
0.1891
0.194061
0.188916
0.190268
0.195091
0.189474
0.192521
0.190338
0.19017
0.194356
0.190778
0.188769
0.190859
0.190077
0.19745
0.191057
0.189405
0.192853
0.190166
0.195388
0.188811
0.190537
0.192402
0.190533
0.19655
0.192055
0.189772
0.193199
0.189643
0.195934
0.191636
0.190532
0.192678
0.191019
0.196
0.192269
0.190301
0.193552
0.189656
0.192779
0.193365
0.190143
0.192383
0.189435
0.190286
0.194364
0.190595
0.192098
0.189669
0.190433
0.194728
0.1903
0.194568
0.189186
0.190572
0.195307
0.189397
0.194491
0.188558
0.190534
0.195101
0.189285
0.190807
0.189658
0.188451
0.193788
0.18833
0.189119
0.192344
0.188909
0.197707
0.189895
0.190151
0.19226
0.188617
0.199036
0.19031
0.190951
0.193186
0.18788
0.194082
0.190844
0.187865
0.193255
0.188355
0.191372
0.190044
0.188024
0.194344
0.188946
0.188435
0.194201
0.189593
0.196699
0.188973
0.189764
0.19686
0.191094
0.195269
0.188698
0.191261
0.19542
0.188489
0.195692
0.189929
0.189935
0.196188
0.18879
0.193284
0.187629
0.189171
0.195592
0.188589
0.190324
0.193369
0.190315
0.197165
0.189746
0.189447
0.191773
0.189938
0.198058
0.189622
0.19054
0.192286
0.190247
0.197274
0.191199
0.189844
0.191828
0.190285
0.196125
0.190626
0.189489
0.193357
0.18931
0.188804
0.194303
0.189091
0.19517
0.190209
0.190725
0.194061
0.186501
0.1963
0.19072
0.189531
0.195516
0.189351
0.196522
0.189341
0.189585
0.193055
0.189896
0.195313
0.188646
0.18985
0.195864
0.189882
0.192182
0.190245
0.189955
0.195387
0.190966
0.190546
0.187888
0.189099
0.194039
0.188587
0.190673
0.187124
0.188656
0.195659
0.189354
0.188817
0.192838
0.190693
0.199832
0.189169
0.189537
0.190455
0.188732
0.195921
0.189986
0.188493
0.193304
0.188709
0.196453
0.189248
0.1907
0.192636
0.187834
0.193968
0.188308
0.187427
0.191071
0.189052
0.191395
0.191622
0.189496
0.195999
0.18845
0.189762
0.193429
0.190117
0.194656
0.190367
0.188149
0.194353
0.189275
0.193534
0.186933
0.1901
0.196139
0.189641
0.191553
0.190292
0.189578
0.195068
0.189104
0.18898
0.189352
0.189301
0.198621
0.190115
0.19074
0.191143
0.188877
0.19738
0.189568
0.18872
0.192327
0.191236
0.197092
0.188709
0.189183
0.193603
0.189343
0.194205
0.188456
0.189542
0.193604
0.188842
0.191646
0.192582
0.18992
0.196442
0.189837
0.194055
0.192116
0.190012
0.195816
0.188814
0.192873
0.191121
0.190424
0.193579
0.188418
0.190336
0.192718
0.188823
0.191921
0.187972
0.190269
0.196475
0.190645
0.19037
0.192878
0.190114
0.198099
0.190922
0.190658
0.191684
0.190698
0.198844
0.190231
0.19054
0.193329
0.190168
0.199396
0.190523
0.191794
0.193304
0.189632
0.198468
0.191059
0.190384
0.192358
0.189964
0.197658
0.191209
0.19031
0.193252
0.189528
0.19374
0.188801
0.188429
0.191465
0.188747
0.192871
0.192195
0.18873
0.195636
0.188012
0.191471
0.191746
0.190132
0.196549
0.189143
0.191837
0.192714
0.189986
0.19628
0.187102
0.192263
0.192501
0.189217
0.191959
0.188469
0.192662
0.192892
0.188932
0.190008
0.193055
0.189574
0.197328
0.190029
0.190866
0.193473
0.190346
0.197319
0.188327
0.190806
0.193546
0.190057
0.196824
0.188293
0.190336
0.19365
0.188649
0.191963
0.187976
0.189173
0.193513
0.189121
0.19195
0.188115
0.189954
0.196224
0.188306
0.192109
0.193255
0.190113
0.195154
0.190061
0.193139
0.191655
0.187397
0.195205
0.187899
0.192904
0.192908
0.189438
0.195911
0.190257
0.19275
0.192104
0.189633
0.1927
0.188013
0.191822
0.192095
0.18911
0.189976
0.18894
0.191075
0.193421
0.190075
0.190518
0.191879
0.191183
0.193991
0.19
0.190256
0.193095
0.193258
0.195959
0.187239
0.189178
0.190731
0.191033
0.196333
0.190477
0.18997
0.193514
0.190418
0.195439
0.189463
0.190458
0.190823
0.187903
0.191683
0.192831
0.188135
0.19614
0.187722
0.192775
0.191179
0.190126
0.196522
0.189269
0.192274
0.192196
0.188437
0.194191
0.187786
0.192159
0.191703
0.188981
0.193131
0.187865
0.191756
0.191582
0.188034
0.190686
0.191157
0.193093
0.194318
0.188499
0.190394
0.193117
0.191332
0.195577
0.189532
0.188829
0.191898
0.192416
0.195098
0.190498
0.189703
0.19165
0.192503
0.191969
0.189852
0.189182
0.192298
0.190486
0.192831
0.189586
0.190637
0.194916
0.191042
0.194097
0.195974
0.190935
0.197971
0.191404
0.19493
0.196702
0.191173
0.195597
0.191687
0.195055
0.198318
0.191352
0.195502
0.192435
0.193227
0.197123
0.189889
0.196612
0.191948
0.194578
0.196185
0.190863
0.196339
0.190891
0.195078
0.197548
0.191363
0.196092
0.191371
0.192957
0.197109
0.19156
0.197071
0.190941
0.193793
0.198631
0.190743
0.198398
0.191718
0.195547
0.197012
0.188367
0.188522
0.189375
0.19091
0.191733
0.187713
0.188385
0.188147
0.191973
0.193987
0.187716
0.188519
0.188725
0.191269
0.194887
0.189623
0.188327
0.189335
0.191881
0.188689
0.190197
0.187674
0.191167
0.19304
0.189774
0.188722
0.187715
0.193774
0.188495
0.189937
0.186914
0.189139
0.194422
0.18672
0.190088
0.188116
0.188814
0.188638
0.189278
0.190527
0.187877
0.18766
0.189441
0.189058
0.191211
0.191622
0.189174
0.189268
0.189073
0.191556
0.192206
0.188769
0.18751
0.189527
0.189648
0.190823
0.187396
0.187606
0.189774
0.191521
0.194608
0.189017
0.188618
0.186296
0.191488
0.191946
0.187071
0.18877
0.189728
0.192172
0.193736
0.189551
0.188719
0.189519
0.190592
0.192566
0.189627
0.188922
0.188256
0.191199
0.188553
0.188874
0.187494
0.194629
0.190728
0.188413
0.190283
0.18742
0.1942
0.191101
0.187217
0.188404
0.188291
0.186602
0.190544
0.170003
0.194531
0.189487
0.187865
0.1869
0.189245
0.189637
0.188578
0.190348
0.193456
0.188873
0.188064
0.18961
0.190111
0.192992
0.189975
0.18983
0.189276
0.191546
0.189388
0.18779
0.189236
0.188197
0.189073
0.189739
0.18968
0.189284
0.193691
0.19189
0.187859
0.187806
0.189122
0.19338
0.192213
0.187941
0.189051
0.187847
0.190927
0.191818
0.188341
0.187551
0.187835
0.187953
0.189001
0.191487
0.193869
0.188456
0.188657
0.188989
0.191414
0.191704
0.188963
0.188976
0.188061
0.191162
0.18911
0.186532
0.18684
0.192154
0.189251
0.187682
0.186911
0.188097
0.193689
0.189495
0.186391
0.18639
0.188336
0.187361
0.191041
0.188011
0.1899
0.189041
0.188893
0.192103
0.189525
0.192958
0.188191
0.188908
0.18815
0.192041
0.193334
0.188855
0.187456
0.187337
0.19027
0.187925
0.187797
0.1863
0.188807
0.190836
0.188159
0.188601
0.186508
0.190868
0.189768
0.188431
0.189809
0.189171
0.192281
0.189573
0.188331
0.1894
0.188468
0.194236
0.191788
0.188683
0.187936
0.188193
0.186733
0.191735
0.186963
0.188661
0.188995
0.189786
0.190617
0.188735
0.190986
0.186871
0.188897
0.192155
0.187269
0.192865
0.189538
0.188375
0.189963
0.189224
0.191606
0.189718
0.18817
0.187639
0.191234
0.18811
0.187892
0.18826
0.193492
0.190972
0.187008
0.187752
0.190127
0.194007
0.191435
0.188658
0.187574
0.187269
0.193004
0.192457
0.188743
0.187622
0.188344
0.188824
0.191039
0.188877
0.189445
0.188114
0.189418
0.193466
0.187413
0.193188
0.186618
0.189785
0.191783
0.188173
0.192947
0.186952
0.188571
0.191716
0.187721
0.194157
0.188388
0.188946
0.192078
0.189433
0.187396
0.188183
0.187723
0.187852
0.191541
0.187352
0.188161
0.188907
0.191375
0.190869
0.189543
0.188982
0.188452
0.193242
0.19028
0.187566
0.190221
0.188561
0.188806
0.19111
0.188712
0.189661
0.186668
0.187888
0.18978
0.187511
0.192317
0.186655
0.18608
0.19031
0.188418
0.18814
0.189281
0.189186
0.191085
0.189464
0.187999
0.188718
0.189094
0.193563
0.190013
0.187764
0.188384
0.188397
0.193683
0.188791
0.186716
0.187583
0.186614
0.187682
0.191964
0.188092
0.192279
0.186037
0.188454
0.191566
0.188937
0.19191
0.187715
0.188326
0.192172
0.18806
0.188359
0.188538
0.190121
0.190561
0.186764
0.188871
0.1882
0.188343
0.196097
0.187715
0.189133
0.187587
0.187407
0.191705
0.191125
0.189225
0.188578
0.187946
0.188915
0.191878
0.187835
0.190415
0.189444
0.187759
0.191785
0.187032
0.19207
0.187817
0.18776
0.191405
0.189216
0.193574
0.188505
0.188638
0.191665
0.190076
0.189801
0.189044
0.187901
0.189571
0.185979
0.187711
0.187261
0.1885
0.196444
0.18783
0.187831
0.187932
0.189418
0.192401
0.19053
0.187885
0.187513
0.188409
0.189797
0.191726
0.18878
0.193447
0.188475
0.188961
0.203247
0.189329
0.194063
0.187784
0.188666
0.19256
0.190346
0.193288
0.188441
0.187957
0.19013
0.189784
0.188538
0.187223
0.189027
0.191676
0.190311
0.189658
0.188788
0.189293
0.194942
0.188267
0.188393
0.188334
0.189076
0.196583
0.189996
0.18924
0.187471
0.187484
0.190913
0.189231
0.18909
0.190343
0.189517
0.18806
0.190234
0.187499
0.192848
0.189326
0.188009
0.190015
0.189076
0.19283
0.187195
0.188687
0.192622
0.189001
0.189366
0.188588
0.18797
0.189932
0.18832
0.187466
0.188097
0.188311
0.205887
0.189169
0.187934
0.186747
0.188667
0.196308
0.18792
0.188583
0.187492
0.186639
0.19547
0.188873
0.18897
0.189177
0.187569
0.193043
0.189418
0.192593
0.1887
0.18993
0.190575
0.187214
0.189062
0.192919
0.188324
0.187595
0.191551
0.189313
0.192912
0.187486
0.188989
0.19049
0.188247
0.18786
0.190588
0.188846
0.191461
0.189036
0.187881
0.187551
0.187309
0.196598
0.188766
0.188798
0.188925
0.188529
0.196042
0.188173
0.18945
0.190158
0.1882
0.192111
0.187935
0.188589
0.193021
0.187539
0.190714
0.189582
0.189149
0.193308
0.189648
0.189504
0.189663
0.187986
0.19449
0.18805
0.188913
0.189751
0.187505
0.188527
0.188132
0.188493
0.195907
0.187717
0.190735
0.188149
0.189798
0.194127
0.189511
0.189293
0.189754
0.188452
0.194976
0.188727
0.188635
0.188138
0.187248
0.191873
0.189297
0.188537
0.194006
0.188927
0.192622
0.188323
0.188337
0.193227
0.188209
0.19119
0.189205
0.185335
0.194033
0.187985
0.191221
0.189453
0.189153
0.189247
0.187147
0.188826
0.190986
0.187796
0.187667
0.18887
0.188976
0.194194
0.189974
0.188995
0.188171
0.189451
0.196319
0.188753
0.189285
0.188336
0.189725
0.191732
0.188746
0.189263
0.188291
0.18601
0.191894
0.18803
0.187122
0.190766
0.188261
0.190425
0.187112
0.188194
0.193336
0.18707
0.19161
0.189244
0.18871
0.191249
0.188885
0.190043
0.188855
0.187393
0.18821
0.188209
0.189872
0.189834
0.188245
0.189287
0.187329
0.188448
0.196337
0.18684
0.186898
0.188231
0.187949
0.196388
0.188354
0.189176
0.188004
0.187033
0.188896
0.18902
0.187253
0.194337
0.18778
0.189641
0.189267
0.186319
0.195392
0.189505
0.190727
0.18984
0.188377
0.193245
0.187512
0.191919
0.18782
0.189494
0.194172
0.189325
0.190816
0.189454
0.188584
0.192609
0.188797
0.191926
0.188925
0.188456
0.189247
0.189271
0.188852
0.187158
0.189093
0.187679
0.188248
0.191965
0.193256
0.187964
0.18738
0.187946
0.188306
0.19381
0.187675
0.189474
0.189163
0.189472
0.191628
0.187085
0.189689
0.190224
0.188097
0.191127
0.187751
0.187178
0.191226
0.187308
0.192066
0.187235
0.186516
0.189359
0.187376
0.190657
0.18817
0.184422
0.187456
0.18661
0.189634
0.192993
0.187514
0.188677
0.188367
0.188794
0.19242
0.188784
0.187012
0.187723
0.188658
0.190815
0.189306
0.188458
0.187433
0.188463
0.191022
0.186637
0.18872
0.193563
0.18785
0.191366
0.189566
0.186702
0.186875
0.189686
0.191836
0.188948
0.1868
0.192675
0.18588
0.189274
0.185607
0.186712
0.190874
0.187071
0.189744
0.188364
0.188032
0.188957
0.189497
0.190588
0.19085
0.188329
0.189051
0.189072
0.191423
0.194271
0.188426
0.187685
0.189008
0.187859
0.188953
0.187887
0.188926
0.18909
0.189542
0.189683
0.188484
0.186372
0.192995
0.187565
0.19029
0.188748
0.188481
0.192564
0.187012
0.1913
0.188051
0.189512
0.188334
0.187988
0.191198
0.191494
0.188746
0.188352
0.188989
0.191463
0.192923
0.188482
0.187598
0.187835
0.19035
0.19253
0.18772
0.188306
0.188727
0.191645
0.186714
0.187586
0.187682
0.192362
0.188176
0.186378
0.187838
0.189711
0.192616
0.186948
0.189653
0.187623
0.186364
0.188458
0.188631
0.189661
0.187502
0.189796
0.188762
0.188811
0.188834
0.193071
0.18924
0.187879
0.187872
0.189919
0.194296
0.186938
0.188191
0.186732
0.190238
0.188884
0.187087
0.188352
0.189402
0.190399
0.189965
0.190113
0.189365
0.194191
0.190721
0.18942
0.188166
0.186361
0.19173
0.187687
0.19116
0.188389
0.188499
0.189375
0.189358
0.191594
0.187932
0.189179
0.188284
0.189728
0.191169
0.193708
0.188826
0.186717
0.187353
0.18934
0.19388
0.188381
0.187574
0.188315
0.191056
0.189427
0.188171
0.188253
0.19295
0.190263
0.18874
0.187809
0.18795
0.192667
0.1917
0.190368
0.189445
0.187763
0.192315
0.187766
0.188058
0.18898
0.189261
0.187499
0.188668
0.189961
0.192921
0.188013
0.188258
0.187503
0.190701
0.193112
0.187241
0.189387
0.189063
0.189746
0.193053
0.188003
0.189955
0.188644
0.190884
0.187697
0.187707
0.188016
0.19169
0.190259
0.186402
0.188109
0.188085
0.192606
0.190038
0.189248
0.188774
0.187284
0.189406
0.189615
0.189356
0.189626
0.187675
0.188321
0.18708
0.190367
0.192298
0.188481
0.188593
0.188733
0.19155
0.192878
0.189425
0.188756
