0.017879
0.00160842
0.0270921
0.275467
0.21354
0.0156985
0.00161409
0.0378458
0.691422
0.00945159
0.0018216
0.0153122
0.0986751
0.00417697
0.020989
0.0118872
0.0207604
0.00639642
0.00571874
0.0693543
0.00830012
0.00696187
0.00943844
0.300081
0.0159804
0.0830435
0.068512
0.0152576
0.0059695
0.0822697
0.0158515
0.0181764
0.096149
0.0110775
0.00417514
0.131182
0.00775499
0.159263
0.171595
0.0609544
0.00257826
0.141535
0.0546917
0.0156106
0.0845095
0.00149482
0.00721114
0.00126861
0.0101966
0.0159291
0.178873
0.0243158
0.00468861
0.0555961
0.0461056
0.0408709
0.00465373
0.212312
0.00996456
0.0618305
0.0680962
0.0238447
0.0501645
0.0862205
0.0417644
0.0226265
0.044222
0.105569
0.0454434
0.0032875
0.00785047
0.00688745
0.00911794
0.089061
0.0248471
0.0914106
0.00245639
0.0138421
0.204945
0.00681869
0.0636521
0.00889282
0.0134217
0.0437179
0.506641
0.0147775
0.0900911
0.0806907
0.00418624
0.408135
0.0697959
0.0159375
0.0228305
0.10211
0.00439483
0.00553889
0.0156633
0.00132341
0.0100805
0.00713638
0.0701143
0.00536038
0.00442092
0.467839
0.108096
0.011823
0.0147067
0.0155866
0.0123084
0.0328402
0.00761815
0.0235302
0.174687
0.00333758
0.0941924
0.00538132
0.063201
0.0103741
0.0080463
0.121128
0.0122483
0.0526705
0.138322
0.0672876
0.0132598
0.277788
0.0223167
0.0104109
0.0233268
0.00903045
0.238735
0.0383061
0.0522935
0.0116448
0.0034328
0.134122
0.0423331
0.0315718
0.163752
0.00575112
0.0745744
0.0157997
0.048055
0.0528267
0.0151966
0.0119662
0.0327747
0.00787315
0.0357235
0.0149433
0.00269632
0.0120711
0.0375245
0.00494653
0.0149011
0.0137666
0.0226225
0.143453
0.145724
0.0118423
0.0301791
0.0892645
0.0123908
0.0121573
0.016925
0.0183586
0.166717
0.0146776
0.00500598
0.0317382
0.00534383
0.431591
0.104841
0.0135684
0.00300708
0.00574105
0.107037
0.0544892
0.0168568
0.011081
0.0454862
0.0843926
0.0154175
0.134843
0.0453962
0.0116888
0.00868753
0.0205605
0.10148
0.0849402
0.0542024
0.245731
0.0828827
0.0815387
0.0100261
0.0920459
0.00467713
0.00384263
0.0247906
0.165482
0.143038
0.0688162
0.0428917
0.00795949
0.0614934
0.0232136
0.0249182
0.0404944
0.082755
0.0181783
0.0446545
0.00207699
0.0239183
0.00371837
0.0218687
0.00667351
0.231204
0.00149726
0.0139077
0.0333794
0.00455796
0.000682902
0.00623074
0.263033
0.0267585
0.0520406
0.0101569
0.0123316
0.0840008
0.00846688
0.0115418
0.172501
0.0493276
0.163372
0.065282
0.0191842
0.00217602
0.126498
0.0136269
0.0161985
0.0139649
0.00825952
0.00284727
0.0427611
0.00782309
0.0126088
0.00638558
0.0248624
0.00571266
0.00755102
0.0145835
0.0116888
0.00834835
0.0111367
0.0105232
0.0119667
0.0167355
0.020319
0.0118274
0.0911574
0.0127905
0.00507569
0.00996026
0.0115527
0.00968786
0.0119257
0.0184813
0.00896633
0.0132238
0.00834947
0.0084181
0.00707621
0.013152
0.0242213
0.00702009
0.00629725
0.0104532
0.0138118
0.00839079
0.00555715
0.00247555
0.139536
0.280945
0.0692202
0.00487121
0.0829156
0.0631197
0.0562436
0.131232
0.03564
0.243844
0.147554
0.51335
0.00978214
0.047825
0.0460838
0.2063
0.00278158
0.00247222
0.00246493
0.0137959
0.0104508
0.0114345
0.0232913
0.0402341
0.0602178
0.00451936
0.114609
0.00498664
0.0379361
0.133059
0.0367542
0.0430481
0.0450496
0.025692
0.00377259
0.233823
0.00722259
0.0239465
0.0528478
0.0212979
0.149742
0.390901
0.0549705
0.0282183
0.216944
0.0164694
0.00385594
0.0292042
0.00160703
0.292066
0.0323491
0.696443
0.0228279
0.098095
0.00887721
0.057856
0.0158135
0.100794
0.176791
0.00552897
0.0510364
0.201736
0.0548575
0.00603003
0.101312
0.246115
0.00747872
0.00983424
0.00415738
0.0277287
0.00455125
0.278671
0.0166903
0.0101597
0.00853602
0.0459653
0.094215
0.0288637
0.0841863
0.0312611
0.0114666
0.0376533
0.00223602
0.00640616
0.0883654
0.00552872
0.019204
0.010562
0.034843
0.372564
0.0373352
0.00673355
0.134017
0.00330194
0.0173473
0.305316
0.0308379
0.052249
0.0417022
0.00374961
0.0037492
0.0214329
0.0598315
0.0339452
0.0332503
0.163776
0.0615495
0.142961
0.0187546
0.138789
0.0106923
0.00475711
0.0525401
0.0201168
0.00900782
0.0349585
0.00503807
0.0271435
0.0264859
0.0217954
0.0423529
0.0243294
0.0189917
0.018867
0.137472
0.157612
0.00814059
0.229203
0.659877
0.021882
0.191156
0.0225037
0.0116181
0.0218044
0.0826248
0.0283214
0.0316155
0.280174
0.070256
0.0170805
0.0609219
0.142102
0.100668
0.0134622
0.245028
0.00484155
0.0506847
0.110771
0.0386107
0.00953057
0.00359189
0.00913086
0.561219
0.208656
0.416754
0.116571
0.174709
0.0247747
0.0129763
0.00679178
0.191584
0.0136516
0.0202834
0.129968
0.000793994
0.0100688
0.0534723
0.0145904
0.0354213
0.00969896
0.0607941
0.0118329
0.103096
0.11076
0.207148
0.00350547
0.00442389
0.0180361
0.136016
0.00416996
0.019102
0.0191185
0.0211572
0.0285815
0.0110619
0.0258988
0.0100803
0.0120715
0.0154483
0.0109871
0.0369592
0.0313387
0.00658303
0.0475725
0.00782022
0.00537997
0.0112704
0.00921831
0.0220927
0.00878711
0.0693124
0.00494069
0.0153865
0.0215399
0.0479583
0.0092538
0.0167406
0.0318099
0.109258
0.0356354
0.0301278
0.113563
0.0412372
0.0279926
0.00799527
0.00857782
0.0240764
0.00628976
0.0213873
0.00643709
0.0103581
0.00667606
0.00628117
0.0391527
0.0143979
0.0545527
0.0294216
0.00399417
0.0465511
0.0160477
0.0112272
0.0136881
0.017061
0.00933898
0.0351316
0.0201306
0.0978192
0.0144973
0.0542786
0.00380058
0.021704
0.0256702
0.00952505
0.0206411
0.0279855
0.00778052
0.00978128
0.00277573
0.0121341
0.00549361
0.0189251
0.00282146
0.101909
0.00484609
0.00623547
0.00381467
0.0198875
0.0475153
0.00519974
0.00960317
0.014497
0.00617353
0.0452962
0.0216532
0.0072665
0.00871357
0.00198034
0.0253981
0.00985658
0.00908231
0.0022889
0.0210422
0.0033625
0.00177114
0.00726712
0.00164651
0.0134562
0.00762457
0.0180189
0.019311
0.0294383
0.0196946
0.0494343
0.0012064
0.0301672
0.008934
0.0258072
0.0232731
0.021935
0.010748
0.0101912
0.0020398
0.0799704
0.014188
0.0403863
0.0086393
0.00767995
0.00170089
0.0165895
0.00631532
0.00455911
0.0245458
0.00923614
0.00416181
0.0244534
0.00875922
0.0198511
0.00938494
0.0112317
0.00448634
0.0137296
0.0634861
0.0135569
0.0114902
0.0286314
0.0142413
0.00763648
0.0126176
0.0171941
0.0101182
0.0172985
0.00222124
0.00346805
0.0184459
0.0229168
0.0102968
0.0181746
0.0124674
0.00840276
0.00468258
0.00821611
0.00810536
0.00284733
0.00103325
0.00296668
0.00374128
0.015202
0.00649097
0.00603864
0.0139505
0.0148152
0.000527478
0.00502843
0.0171466
0.00244039
0.00702338
0.0188205
0.00525082
0.012488
0.0136414
0.000909656
0.00584643
0.0101259
0.00479048
0.00340948
0.00369534
0.0112755
0.00649646
0.0103161
0.0104189
0.0281793
0.00623424
0.00539302
0.00533883
0.00649881
0.0180355
0.00527097
0.0038237
0.0116147
0.0213565
0.0045913
0.00792633
0.0285295
0.0182541
0.00861514
0.0163528
0.00854429
0.00264624
0.00810595
0.0037485
0.00591791
0.00726428
0.0210803
0.00849615
0.108666
0.196398
0.00441089
0.00578988
0.0225135
0.206906
0.0041245
0.00988524
0.182829
0.0120373
0.00448593
0.00352863
0.000931128
0.00185999
0.378242
0.0108205
0.15404
0.0918259
0.0152341
0.00768734
0.0629445
0.267804
0.00732253
0.0105846
0.287724
0.0141989
0.034931
0.00413084
0.165676
0.00616148
0.0405286
0.0548078
0.0865558
0.0120991
0.00730918
0.112719
0.0755732
0.364296
0.0644945
0.00964478
0.094254
0.00771596
0.00123725
0.0289001
0.00264304
0.0266614
0.00459052
0.0132428
0.0353225
0.20353
0.0610847
0.0101292
0.00784053
0.00707212
0.136534
0.0479677
0.0697549
0.199141
0.0069876
0.031531
0.00626802
0.00754295
0.036543
0.0783289
0.00615497
0.23434
0.00873367
0.046893
0.0171098
0.0163438
0.127865
0.00657507
0.00109209
0.0924069
0.00369729
0.00352378
0.180844
0.0399169
0.0433954
0.0449263
0.0024125
0.000818993
0.112664
0.031894
0.00640003
0.0329719
0.0977979
0.00254921
0.0433969
0.0273517
0.0050731
0.00488919
0.0453937
0.0168061
0.0374591
0.013215
0.166893
0.00230166
0.0116462
0.00543994
0.161225
0.134701
0.0187016
0.161618
0.181815
0.0156467
0.0110751
0.00234826
0.0193583
0.00342221
0.0105125
0.0122437
0.0267175
0.00906463
0.00680402
0.0257017
0.00917974
0.0211282
0.0571321
0.0346358
0.0341515
0.325217
0.0308603
0.128275
0.261753
0.0217736
0.00661411
0.169238
0.00842579
0.00931436
0.0209785
0.0292533
0.206268
0.0288476
0.0651676
0.0596071
0.00311672
0.0110413
0.134111
0.196176
0.00912568
0.0156769
0.0117755
0.0640385
0.0031618
0.143841
0.0203685
0.00388479
0.0179006
0.00220383
0.0113857
0.0300413
0.0481094
0.0196129
0.0335025
0.010618
0.00776866
0.00635006
0.000452211
0.00287283
0.0155624
0.0104309
0.0631056
0.0215366
0.0129883
0.0304989
0.00577139
0.00753208
0.00628663
0.0733087
0.0372909
0.000642514
0.17493
0.0124238
0.0083807
0.0269577
0.0415028
0.0212816
0.0818699
0.00103484
0.010298
0.225016
0.00809262
0.0976588
0.0460833
0.00422339
0.0185096
0.0123833
0.000963217
0.018636
0.00450659
0.185182
0.187874
0.0072828
0.0081245
0.00736844
0.00838554
0.216821
0.0282894
0.00703133
0.015432
0.00230769
0.0113462
0.00935439
0.263445
0.0114188
0.00685322
0.00375729
0.00541862
0.0124389
0.0570823
0.237415
0.0122241
0.00555075
0.0289796
0.114481
0.0888459
0.0047622
0.00168139
0.0064688
0.228488
0.00636029
0.205325
0.0483641
0.0177595
0.235968
0.0037041
0.00133635
0.15467
0.0215021
0.0273237
0.0651904
0.0151375
0.00382844
0.0219404
0.0219795
0.00160609
0.111262
0.0289377
0.00560035
0.39315
0.0081106
0.00496112
0.0772667
0.088192
0.0189035
0.0135094
0.00397292
0.0182194
0.0135192
0.00892465
0.0146251
0.000707106
0.0140568
0.0286138
0.0031977
0.282966
0.0108409
0.215577
0.00366792
0.0147219
0.00607929
0.00890163
0.00454194
0.00462111
0.0349343
0.272685
0.0687382
0.0376755
0.0215553
0.0300549
0.0385133
0.00342967
0.00378551
0.0177367
0.0472534
0.00615185
0.062722
0.00324956
0.0430568
0.185699
0.00849953
0.144874
0.157297
0.039713
0.369225
0.0337675
0.0265734
0.0033293
0.00872546
0.116779
0.00505389
0.0310047
0.0717084
0.0147768
0.0311033
0.00681396
0.0193609
0.0161837
0.073973
0.0025144
0.00794117
0.0282796
0.0345156
0.0177994
0.0291662
0.00360717
0.145658
0.00814074
0.113085
0.0135188
0.0485018
0.0458792
0.00935874
0.00951762
0.040445
0.016939
0.0923531
0.0834308
0.0103678
0.105262
0.00467078
0.0443312
0.124067
0.00840228
0.00629973
0.0110607
0.0807582
0.055117
0.0375957
0.0552229
0.0151468
0.00185119
0.00817309
0.0362223
0.178113
0.0137999
0.0261477
0.156531
0.243556
0.0660804
0.0286431
0.00420624
0.0140811
0.0885083
0.00997188
0.043419
0.0736801
0.0679606
0.00453532
0.008385
0.0242358
0.250737
0.0158143
0.0178042
0.0952875
0.0399731
0.020755
0.0298812
0.0110965
0.00377389
0.000572539
0.0420688
0.00397209
0.00596806
0.012735
0.0233602
0.0128885
0.0537007
0.175326
0.0108743
0.0171065
0.0188171
0.0111682
0.0165692
0.0298809
0.00797744
0.0154187
0.0130626
0.00277886
0.0151188
0.00154012
0.00644266
0.031806
0.00199506
0.0201465
0.0128647
0.0174853
0.00546553
0.0129341
0.0094796
0.0177956
0.0103815
0.00596869
0.0324465
0.00387031
0.0726849
0.0451033
0.0119974
0.00641236
0.00593484
0.0309762
0.0125519
0.0315136
0.0220123
0.0558467
0.00953979
0.0078594
0.0135733
0.00638603
0.0066499
0.0044762
0.00950047
0.00514873
0.0074643
0.0418167
0.0171558
0.00913527
0.0212143
0.0122444
0.00825377
0.00804573
0.0366437
0.0066692
0.0094204
0.00842065
0.0164334
0.0104171
0.0027628
0.0296795
0.0462052
0.0103641
0.00501537
0.00374556
0.016716
0.021095
0.00048661
0.0218585
0.0111728
0.0102749
0.0175007
0.00451663
0.0105975
0.0106265
0.0175948
0.0168022
0.0227187
0.0100683
0.039561
0.00452879
0.0511702
0.0342938
0.0161556
0.0106395
0.0618809
0.0105906
0.0108516
0.00855859
0.0191042
0.00944264
0.00754197
0.00590277
0.0144452
0.0161643
0.00457838
0.00949569
0.0162114
0.0158741
0.004638
0.0149071
0.00254071
0.0125548
0.00127255
0.0283432
0.0062829
0.00626655
0.220116
0.00242868
0.0231859
0.0914685
0.0150603
0.00792144
0.0628954
0.0118881
0.0869795
0.00616481
0.01873
0.0184296
0.0107162
0.0603422
0.00484336
0.00493097
0.0307386
0.029006
0.00610571
0.273946
0.0265151
0.0130091
0.00570252
0.110431
0.040172
0.00275624
0.00940014
0.0595793
0.00516608
0.00345446
0.0730432
0.0279761
0.00943517
0.0133334
0.0176183
0.0625947
0.021424
0.0052557
0.00374184
0.117504
0.00728751
0.100911
0.123289
0.0788687
0.00835307
0.0136697
0.143754
0.0563677
0.0395489
0.0148015
0.114388
0.0155268
0.144846
0.0082867
0.0108481
0.00369615
0.0629445
0.0121543
0.00796036
0.00739347
0.0680712
0.0164902
0.0136764
0.0364792
0.00871088
0.0534357
0.00658926
0.0219032
0.00956521
0.00365685
0.0637363
0.0310491
0.0431249
0.0119976
0.0376839
0.00424899
0.000899807
0.020813
0.0321015
0.303869
0.00756241
0.000556957
0.00678658
0.00830714
0.0140593
0.0396027
0.0221746
0.0821121
0.00396382
0.0139596
0.00992035
0.0326457
0.0376595
0.00793689
0.00279142
0.0085935
0.216586
0.00771048
0.302503
0.105078
0.00284145
0.0426207
0.043405
0.247033
0.321994
0.0198484
0.135742
0.00450164
0.101517
0.241931
0.0101549
0.116537
0.00472199
0.301431
0.00930264
0.0236863
0.240788
0.089316
0.19454
0.354749
0.0773964
0.112229
0.010965
0.10537
0.000265081
0.0324226
0.00770106
0.083708
0.240011
0.00286451
0.00529748
0.00984069
0.114748
0.0107115
0.0120973
0.00332492
0.0111422
0.0105042
0.0750897
0.147005
0.00881146
0.00742401
0.0614056
0.240481
0.0964476
0.34795
0.0118874
0.0632766
0.324212
0.0494215
0.146041
0.127372
0.847798
0.0066065
0.00646553
0.030947
0.0276782
0.0168736
0.0242628
0.0021912
0.0654794
0.199125
0.0586689
0.189666
0.280788
0.00365714
0.0404952
0.432197
0.0340206
0.146376
0.178426
0.0154284
0.0905887
0.263213
0.330091
0.101477
0.210974
0.10631
0.0186467
0.0208603
0.0108518
0.00670543
0.210304
0.00171579
0.00821099
0.0126119
0.00542934
0.0947071
0.0226963
0.111268
0.00664924
0.00943022
0.0125494
0.0309419
0.155295
0.0857668
0.0082776
0.00721566
0.0432927
0.0513859
0.36675
0.099587
0.0262654
0.0792545
0.0643061
0.019461
0.168921
0.207904
0.00109186
0.135
0.0934939
0.161261
0.0846544
0.0569289
0.090538
0.014256
0.00805768
0.184762
0.107778
0.137259
0.0889497
0.0484222
0.160215
0.0022128
0.0958299
0.192977
0.0157436
0.140136
0.159762
0.010999
0.0423505
0.00940985
0.00459432
0.0522375
0.0215678
0.321562
0.153479
0.120922
0.00961779
0.0617522
0.0512256
0.0207526
0.00763115
0.00524657
0.0537136
0.0176013
0.00798938
0.0396652
0.016348
0.312366
0.0588657
0.0706489
0.211004
0.180275
0.22952
0.165712
0.173713
0.00138394
0.0298344
0.332522
0.0136857
0.11353
0.00767288
0.248561
0.403145
0.0405252
0.0302762
0.0597993
0.429784
0.00655296
0.00746624
0.0758119
0.0187748
0.00558527
0.1455
0.13877
0.0301431
0.0982877
0.0116235
0.140376
0.147209
0.103161
0.0140967
0.0666098
0.136202
0.239609
0.157563
0.231681
0.0297857
0.0541388
0.0109635
0.0695814
0.0110707
0.0107011
0.0420588
0.112852
0.00591961
0.0134471
0.112259
0.377598
0.0199781
0.136494
0.145075
0.112799
0.372971
0.0843047
0.238744
0.00675861
0.605485
0.0682292
0.0229994
0.0220802
0.00854426
0.0159517
0.0302154
0.115826
0.00895211
0.0104836
0.0297604
0.018499
0.358934
0.00347072
0.0150627
0.00748032
0.646611
0.111743
0.00107739
0.119175
0.00451699
0.019007
0.0132595
0.0161429
0.120635
0.0109904
0.114753
0.221517
0.015203
0.0329253
0.00719554
0.0224143
0.0174335
0.339374
0.0418212
0.017424
0.00796622
0.00608792
0.0143579
0.0132986
0.0128657
0.0128366
0.00393423
0.00139418
0.00287945
0.0106966
0.00934051
0.0077536
0.00907003
0.0032782
0.00373499
0.00654448
0.0209779
0.0310967
0.00213494
0.011725
0.0215839
0.00737813
0.00267044
0.0134105
0.00451995
0.0111311
0.00567456
0.00920629
0.423353
0.29569
0.0502659
0.0896631
0.0762232
0.00930677
0.00601622
0.0553904
0.111705
0.0718209
0.0502899
0.0207898
0.0268434
0.0108941
0.00448628
0.0415012
0.0589877
0.0309323
0.0218905
0.00988582
0.010284
0.0821524
0.0595701
0.00368091
0.0220533
0.0802955
0.00970569
0.020302
0.0381359
0.104848
0.0313262
0.0114315
0.0107267
0.132504
0.00273264
0.00553869
0.0427156
0.0304161
0.0010312
0.0428121
0.0182183
0.00677
0.00626637
0.00598074
0.0109464
0.0127124
0.0240738
0.00466439
0.10291
0.00268967
0.00394924
0.0432854
0.236504
0.0295869
0.111744
0.0177933
0.0129183
0.155425
0.00609174
0.00421224
0.00923977
0.0186713
0.00736311
0.0267062
0.0177857
0.0126909
0.00679095
0.00277561
0.0269348
0.00126662
0.227245
0.014827
0.00503739
0.0532942
0.0212953
0.0335689
0.0274633
0.0183511
0.070855
0.0784327
0.00190087
0.154532
0.0122618
0.0124226
0.0147759
0.0182135
0.0215252
0.00418894
0.00527265
0.0280471
0.00502319
0.00651112
0.00381655
0.0805993
0.00910374
0.0375443
0.0507515
0.00297535
0.00280952
0.0187958
0.00169012
0.0331022
0.00638258
0.0155093
0.00525582
0.0218299
0.0193144
0.0136373
0.0266171
0.0217515
0.00393331
0.0155812
0.00413975
0.0288341
0.00713471
0.00784136
0.0275021
0.018213
0.0221721
0.0063752
0.00822868
0.0360326
0.00429563
0.00853892
0.0209841
0.017553
0.0903514
0.00963202
0.0073009
0.00265057
0.0125454
0.0020081
0.00789329
0.010377
0.125272
0.005132
0.0202321
0.00843619
0.0145822
0.0274035
0.0307694
0.0083368
0.00938299
0.0111517
0.00344921
0.045473
0.0185701
0.0175877
0.00631425
0.0245237
0.0128729
0.015015
0.126342
0.0109849
0.00488804
0.00345832
0.00521858
0.225182
0.0126832
0.0230473
0.017568
0.0197971
0.0114926
0.021531
0.0256178
0.0119292
0.0066009
0.0389869
0.0184138
0.0134484
0.00544768
0.0144743
0.0101317
0.00862009
0.00456396
0.00917473
0.00730946
0.00726153
0.0080391
0.00910698
0.00311026
0.0209276
0.00991428
0.00219313
0.013714
0.00393071
0.0135819
0.0416379
0.00194187
0.00581649
0.0869899
0.00346096
0.00763262
0.00669122
0.0197478
0.0032162
0.0138692
0.0296571
0.00288047
0.0222427
0.0173949
0.0122297
0.0366038
0.027352
0.0207695
0.00440371
0.029047
0.00434571
0.0114009
0.0183132
0.00430114
0.022659
0.0011454
0.0101724
0.0509859
0.0493563
0.0230646
0.0123649
0.00984832
0.0128497
0.00385185
0.0107829
0.00579275
0.0112499
0.00753966
0.0223152
0.0394103
0.0128348
0.00267837
0.0215071
0.00178922
0.00819751
0.00336331
0.00704806
0.0145538
0.026767
0.00130102
0.0084472
0.00621297
0.0067012
0.00471987
0.00932027
0.00652147
0.0055053
0.00193654
0.00301716
0.00290951
0.00412387
0.0089853
0.00342737
0.00981235
0.00824104
0.00842039
0.00664665
0.00965957
0.0146373
0.00822597
0.0385675
0.00969054
0.00709998
0.00196579
0.0139579
0.0155618
0.00688961
0.00627616
0.00719862
0.0171457
0.00904372
0.00814347
0.00256071
0.00908112
0.0130864
0.0285788
0.0235745
0.0123448
0.0111892
0.00218951
0.0163091
0.00270108
0.00956984
0.00576811
0.00587717
0.0210561
0.00923666
0.0072896
0.00340923
0.00101546
0.0247348
0.00770481
0.00719791
0.010537
0.00567689
0.00981293
0.0220345
0.00907358
0.00774485
0.0173427
0.0146227
0.0238679
0.0112091
0.00345571
0.00979331
0.00347636
0.00460889
0.00402808
0.00577028
0.00403533
0.00281186
0.00670923
0.0089645
0.00360287
0.0105875
0.015395
0.00882061
0.0111793
0.0184072
0.015841
0.01157
0.005303
0.0107376
0.0107207
0.0060194
0.00347142
0.025962
0.0034438
0.00707946
0.0150691
0.00150983
0.00748138
0.000602058
0.00134749
0.00526229
0.0110573
0.0108933
0.00649677
0.0289948
0.00257392
0.0041338
0.0137512
0.00800747
0.0113029
0.00330656
0.0198896
0.034411
0.0800827
0.00359426
0.00798956
0.00882233
0.0205142
0.00744628
0.00290486
0.0170497
0.00480126
0.0116139
0.00474145
0.0111498
0.00607618
0.0106736
0.00390302
0.0124195
0.328007
0.0292863
0.0031558
0.00594872
0.172865
0.0292081
0.004402
0.0428894
0.0140153
0.00905174
0.0242014
0.0114372
0.160827
0.0189242
0.00512973
0.0277899
0.028699
0.0302713
0.00574562
0.0765902
0.015659
0.0181138
0.0141554
0.00357655
0.100553
0.0800613
0.00520424
0.0110178
0.00233263
0.00182701
0.0092182
0.0328892
0.0128641
0.0407058
0.0532006
0.00861007
0.11106
0.0100961
0.0119954
0.00199877
0.0303324
0.0154884
0.0030617
0.00496837
0.0124006
0.00484745
0.00252165
0.0981795
0.00359251
0.00913032
0.000946723
0.00166533
0.013812
0.0066133
0.00551073
0.00669687
0.0354922
0.00858479
0.0264462
0.00753422
0.0278804
0.171887
0.00440958
0.0146125
0.00283032
0.00530833
0.0196427
0.00207569
0.00316649
0.00706746
0.0148949
0.0010281
0.00554249
0.00415417
0.0101801
0.0108564
0.0214712
0.0140576
0.0109161
0.0462918
0.0021699
0.00285476
0.00650977
0.0897628
0.00677131
0.0693079
0.000957406
0.0532948
0.00641919
0.00986762
0.0134736
0.0625964
0.00470495
0.00855249
0.00332755
0.0209319
0.0271662
0.0204372
0.00438501
0.00509846
0.0599932
0.00497354
0.00529915
0.0170384
0.0565046
0.0140075
0.0188676
0.00865134
0.0158164
0.0112389
0.0204005
0.0423177
0.00121398
0.0074682
0.00391256
0.0030482
0.0179033
0.0046955
0.0215577
0.0191971
0.0374442
0.0244198
0.00737006
0.106771
0.00907865
0.0221307
0.00348791
0.0282833
0.00856931
0.0223405
0.01509
0.00905525
0.0751742
0.0238976
0.00399673
0.00541309
0.12439
0.00889867
0.0167305
0.00975084
0.0194523
0.000751552
0.0158241
0.0229721
0.0991368
0.00250321
0.0105331
0.00282327
0.0101589
0.00427562
0.00441023
0.371719
0.0058963
0.00866118
0.0165315
0.216257
0.00544791
0.00955972
0.00406593
0.00259602
0.052345
0.0153094
0.00329651
0.00287934
0.0237731
0.161499
0.01854
0.00910103
0.0250085
0.00228198
0.128786
0.0402047
0.0518605
0.00364677
0.0063345
0.0017362
0.0103616
0.00509019
0.00317719
0.0263336
0.0091307
0.00194429
0.009047
0.0327806
0.00614333
0.0107068
0.0137969
0.0183051
0.0591563
0.00675915
0.00828603
0.0104464
0.0108637
0.0255533
0.00720248
0.0102128
0.0121745
0.0100703
0.00526342
0.00392461
0.0230249
0.0287662
0.00535601
0.00193471
0.00413528
0.00306161
0.012342
0.0169919
0.0380084
0.00431242
0.011314
0.0072499
0.0219572
0.0119954
0.00710166
0.00291021
0.00781851
0.00341125
0.0231245
0.010856
0.00490851
0.00477282
0.00750718
0.0207802
0.0559521
0.0240059
0.0113097
0.577923
0.05193
0.101433
0.0141931
0.0106209
0.00516239
0.0383825
0.0915925
0.297266
0.221894
0.114124
0.0472524
0.0154963
0.132432
0.058444
0.0334576
0.0400604
0.00835811
0.00823339
0.0122177
0.0589997
0.324228
0.0231113
0.00960168
0.0233209
0.0167061
0.0166826
0.218828
0.0419022
0.00714167
0.00879143
0.215958
0.269834
0.00563824
0.00701083
0.00217341
0.00886483
0.0941111
0.00772316
0.00214498
0.280255
0.00210893
0.0113977
0.0148243
0.0125086
0.0174231
0.00485525
0.0556153
0.00209082
0.0554794
0.0536412
0.00695108
0.163814
0.00889591
0.0663279
0.0131859
0.0393112
0.0442819
0.0534879
0.33884
0.00762834
0.0456627
0.0538694
0.015768
0.117316
0.00831438
0.180718
0.0957561
0.028114
0.0364091
0.0163108
0.0566482
0.0831606
0.00939657
0.0190957
0.00980466
0.0108498
0.0109121
0.166459
0.0127319
0.11175
0.0257918
0.00323106
0.0902081
0.015921
0.00316875
0.445898
0.0183118
0.0112164
0.0883512
0.0326223
0.081247
0.0311709
0.00624138
0.0192989
0.00926252
0.0994818
0.0286114
0.116454
0.0294105
0.0326211
0.118832
0.00732979
0.0207731
0.00621277
0.00907367
0.00290399
0.00545277
0.0123507
0.0110508
0.0131426
0.00399364
0.00177509
0.0035057
0.00613396
0.205144
0.012934
0.00739309
0.0422504
0.0211688
0.0391146
0.00714078
0.172497
0.0063627
0.0165817
0.0152398
0.180742
0.0175127
0.12436
0.0156019
0.0358968
0.0526399
0.00790416
0.0982868
0.00842743
0.0312866
0.00701611
0.02053
0.0133535
0.115501
0.0370569
0.0289093
0.00266466
0.00349947
0.0271277
0.00729403
0.0110391
0.00961938
0.00736777
0.022148
0.0468374
0.00781982
0.00575328
0.00441618
0.153429
0.012736
0.00971585
0.200552
0.00785423
0.00257608
0.00255328
0.00648542
0.00142371
0.0267794
0.00773228
0.0185425
0.00984508
0.00387817
0.084788
0.14422
0.0248601
0.0567832
0.0131962
0.0206084
0.0126147
0.0854648
0.00434593
0.0305436
0.034911
0.0132588
0.230986
0.00172483
0.0335615
0.00116348
0.0355847
0.0691119
0.0661649
0.181227
0.0573016
0.707411
0.0657984
0.00710857
0.0172373
0.499027
0.280717
0.397895
0.0365261
0.0652204
0.0281354
0.0494346
0.155949
0.0839709
0.0114529
0.00352231
0.0100191
0.00707729
0.0806205
0.0446574
0.204586
0.0160209
0.102042
0.115929
0.0346571
0.3746
0.225097
0.00284761
0.006109
0.0121458
0.0125107
0.00262708
0.00464329
0.0155081
0.0169348
0.00688695
0.0244658
0.0017427
0.00556582
0.00292365
0.0135351
0.00907113
0.00683694
0.00159965
0.0119052
0.0120179
0.0087337
0.0135718
0.0828418
0.0145199
0.0173441
0.00570312
0.00309022
0.015042
0.00434338
0.0133638
0.0217943
0.0165994
0.00464659
0.0204059
0.107384
0.00659019
0.0111596
0.00592934
0.010372
0.00739528
0.00469008
0.00597158
0.0215046
0.376073
0.024647
0.0550148
0.0103991
0.0707537
0.0567735
0.0383534
0.0324632
0.00451572
0.0945569
0.0361704
0.0150812
0.0535193
0.00705717
0.0163585
0.0657963
0.00319662
0.00752783
0.0534362
0.206155
0.0796595
0.00466638
0.0170237
0.116648
0.0443875
0.0402576
0.0214876
0.036
0.00318302
0.00598349
0.0190393
0.00623613
0.165098
0.00497251
0.00660312
0.00715802
0.012215
0.0034321
0.00160571
0.00321556
0.00867964
0.0261233
0.0138138
0.00619219
0.0183576
0.0128283
0.04896
0.00985874
0.00062564
0.0280141
0.019662
0.00624912
0.00976903
0.014571
0.194478
0.010635
0.00159181
0.0209017
0.00904675
0.0169457
0.00787804
0.0130431
0.011574
0.0108461
0.00543852
0.011288
0.00686726
0.00959336
0.0075813
0.013995
0.0054962
0.00566144
0.029242
0.0124119
0.020797
0.00255552
0.154949
0.00809339
0.0105834
0.0942487
0.0299211
0.108036
0.00421523
0.00295929
0.00634647
0.0097516
0.00913667
0.011553
0.0112141
0.00488454
0.0169199
0.0135955
0.00918998
0.0452258
0.490957
0.0161722
0.0134812
0.0115834
0.00313724
0.00971939
0.0106435
0.0105111
0.00422922
0.00331936
0.0211215
0.0260778
0.00873485
0.00701082
0.00605197
0.0441546
0.00844725
0.00926035
0.00634688
0.113319
0.0133291
0.00158283
0.182178
0.0157331
0.0427591
0.00465499
0.0814692
0.00688274
0.00911346
0.0321226
0.076298
0.0137515
0.0366103
0.0494658
0.0226512
0.0899368
0.0292023
0.00809585
0.118236
0.0590549
0.00240711
0.00956828
0.00262468
0.00730902
0.114344
0.00351654
0.00513884
0.00441144
0.118854
0.0402479
0.00863324
0.144814
0.00945164
0.348393
0.00931093
0.00602027
0.0124517
0.0335401
0.0488015
0.00774316
0.0065219
0.00275239
0.0198546
0.140627
0.0099557
0.000403423
0.0208169
0.0149024
0.00193379
0.0305985
0.0605827
0.0632631
0.00614409
0.0479016
0.0106528
0.0148964
0.0394547
0.00845826
0.0077658
0.100837
0.00889365
0.0321398
0.0210685
0.0100577
0.0267723
0.0168622
0.0178175
0.0227488
0.0159822
0.0338616
0.00399349
0.00788735
0.193493
0.00693763
0.00447582
0.0654843
0.0235352
0.172227
0.00138455
0.00501878
0.045301
0.0132472
0.0298053
0.0713371
0.00736169
0.00492643
0.0100999
0.0281162
0.0251092
0.00294382
0.0214462
0.0410316
0.0152721
0.0158338
0.0305988
0.0164381
0.0117389
0.0300372
0.00796738
0.00600697
0.0351545
0.0204684
0.152269
0.00213502
0.0525415
0.00676519
0.00624865
0.00447253
0.0222792
0.0141085
0.0287244
0.00595988
0.0124652
0.00485163
0.0273056
0.00707446
0.000658817
0.034559
0.141882
0.00747294
0.026363
0.00519804
0.0334663
0.0195263
0.00596538
0.0508628
0.0288161
0.0232276
0.0229886
0.00914053
0.0650042
0.00534779
0.00547334
0.00891743
0.0288728
0.0158745
0.00313239
0.0117405
0.00527026
0.00343235
0.00603124
0.0444644
0.0572277
0.0226405
0.00332652
0.00804355
0.00767918
0.0138073
0.0107381
0.0594492
0.0287675
0.0160534
0.00666652
0.0105458
0.0074159
0.0252124
0.0234083
0.0186631
0.0195896
0.0256046
0.0189118
0.0139166
0.0148649
0.0203446
0.0256045
0.0223306
0.0272927
0.0197214
0.026661
0.0048679
0.0228185
0.00928891
0.0111378
0.00645431
0.0123696
0.0209301
0.0306459
0.00412082
0.0181016
0.00994394
0.0344948
0.02217
0.0188941
0.018842
0.00812687
0.0189237
0.0095751
0.00908095
0.00949495
0.0170093
0.00182562
0.0242199
0.00195555
0.00194947
0.00775268
0.00680424
0.00758866
0.00434596
0.0140279
0.00841842
0.0120935
0.0158346
0.0110311
0.0182316
0.00828722
0.0126099
0.00511123
0.00473222
0.0131124
0.0211889
0.00567289
0.0136276
0.00431086
0.0203527
0.0175275
0.0142623
0.0417547
0.00385576
0.0184939
0.00433068
0.0106673
0.0113224
0.00910694
0.00612483
0.0114274
0.0295518
0.00652518
0.00851396
0.0158999
0.0073436
0.00456013
0.0407274
0.0141461
0.00395306
0.0322963
0.0026926
0.0247957
0.00663729
0.0170804
0.0119711
0.0144867
0.018999
0.000705887
0.00243274
0.0136573
0.0159092
0.00473458
0.010437
0.0213738
0.00654236
0.0249992
0.0237349
0.008938
0.0102907
0.00601642
0.000290651
0.00894071
0.00306879
0.00215449
0.00354557
0.0107212
0.00488775
0.00642881
0.00844427
0.00620309
0.00281759
0.0133761
0.00723929
0.00847452
0.0197982
0.0231272
0.0160842
0.0095796
0.00956263
0.0169636
0.00798743
0.00467115
0.00954439
0.00454659
0.00394006
0.0088941
0.00240192
0.00952807
0.00499331
0.00816961
0.0033694
0.00421158
0.0166284
0.00988461
0.000464066
0.00653907
0.0297835
0.0102295
0.0121199
0.00922677
0.00468874
0.0173608
0.0199182
0.189243
0.00879971
0.0111153
0.162917
0.008616
0.0028301
0.00380668
0.00125131
0.00392246
0.0079709
0.00218368
0.00672921
0.0121033
0.0137767
0.00604833
0.00804101
0.0163096
0.0045996
0.00507522
0.0163571
0.0316199
0.0229943
0.0150987
0.0250697
0.014526
0.00289652
0.0192182
0.0312883
0.0243041
0.0185632
0.0135587
0.0226736
0.0132574
0.0186656
0.0165685
0.0221786
0.00925038
0.0235914
0.00530945
0.00282759
0.0200773
0.0243913
0.0192022
0.00229525
0.0113478
0.0153263
0.015297
0.00293358
0.0150375
0.0110291
0.0111514
0.0121393
0.00935009
0.0144209
0.0122779
0.0275135
0.0149796
0.0202485
0.0167375
0.00596572
0.0189642
0.0103601
0.0167027
0.00586516
0.00619655
0.0186994
0.0144052
0.0093516
0.0153886
0.0191777
0.0165745
0.0150786
0.0105722
0.0157379
0.0101383
0.0196951
0.0228942
0.0194501
0.0367188
0.020487
0.016578
0.0086054
0.0177972
0.017337
0.0111975
0.0129771
0.0183623
0.0123101
0.0195341
0.00759014
0.00714031
0.0157713
0.0117042
0.0123435
0.00908449
0.0197834
0.00858044
0.0206856
0.0131919
0.0174835
0.00548829
0.0144512
0.0110069
0.00343071
0.0212052
0.0177064
0.0175109
0.00893435
0.0147583
0.00597399
0.000998118
0.0112522
0.0104378
0.0139838
0.00742234
0.0125126
0.0071699
0.017986
0.0165716
0.0109498
0.0258593
0.0103317
0.0158583
0.0105563
0.0125859
0.0116532
0.0144239
0.0114247
0.0168057
0.0115549
0.00516593
0.0079713
0.0109214
0.0107547
0.00859808
0.0179718
0.0137113
0.0217358
0.0151405
0.0145326
0.0061934
0.00976815
0.0208306
0.0115665
0.00892507
0.0115579
0.0141557
0.0198124
0.0079657
0.0166168
0.00928557
0.0173368
0.00528405
0.0145026
0.0106611
0.0197342
0.00147344
0.00768814
0.00972829
0.00207649
0.00668712
0.0189242
0.0130998
0.00951781
0.00506272
0.0290423
0.0253592
0.0101324
0.00882619
0.00561632
0.00449552
0.00969321
0.00297992
0.00973106
0.0391178
0.00656035
0.107659
0.00405628
0.0105752
0.00902877
0.085528
0.174555
0.054186
0.163132
0.132813
0.00528051
0.121488
0.0357665
0.00233041
0.00065209
0.0257909
0.091458
0.0325086
0.00184366
0.0016724
0.0120158
0.0095641
0.0260316
0.0290519
0.0302557
0.00652592
0.0225062
0.135455
0.125239
0.279216
0.263911
0.0134638
0.111127
0.00739032
0.0283969
0.00309335
0.0142751
0.00141314
0.06352
0.0170723
0.00962722
0.00602786
0.0175733
0.0420735
0.0157676
0.0103501
0.00290746
0.130261
0.0241615
0.0489143
0.00385396
0.0430006
0.00687383
0.0109795
0.109415
0.0131526
0.133924
0.00376022
0.00415853
0.192669
0.125151
0.0181787
0.00254768
0.0114173
0.0565582
0.00292714
0.0263222
0.0390213
0.176865
0.14386
0.247751
0.0104325
0.00571149
0.0134632
0.0755958
0.00818826
0.00387117
0.00119265
0.00188867
0.0351176
0.00617278
0.0023321
0.042652
0.0340321
0.0780626
0.00135682
0.00564715
0.0073711
0.0489823
0.241558
0.0168845
0.112348
0.0882867
0.067298
0.0447372
0.00815143
0.0133735
0.0347789
0.00650216
0.069474
0.0411802
0.00731872
0.00727422
0.00369676
0.0314913
0.033359
0.0645998
0.00418694
0.0220886
0.0116304
0.0718576
0.0391753
0.00821055
0.00589847
0.00972046
0.0159747
0.0331219
0.026079
0.18423
0.0155575
0.0583407
0.0298951
0.0201681
0.0184615
0.0115038
0.00791865
0.00775348
0.0256219
0.0278543
0.00401687
0.00434033
0.0106908
0.00723429
0.0181383
0.0265182
0.00302212
0.0086063
0.0206038
0.00964639
0.0213613
0.0110038
0.0116322
0.00622894
0.192938
0.0317596
0.0121378
0.0276067
0.0374708
0.014223
0.345324
0.00692842
0.127487
0.0193317
0.0116277
0.0153929
0.01549
0.00855077
0.0125021
0.00735974
0.0199691
0.0396812
0.00949673
0.0181149
0.0179531
0.00557465
0.0257537
0.0248633
0.0128293
0.0105435
0.0108954
0.041137
0.085124
0.0184702
0.00583669
0.0263715
0.032667
0.0127775
0.00683942
0.0158719
0.0132005
0.0339531
0.0111286
0.0196244
0.0151959
0.00628078
0.0120487
0.0217588
0.00210456
0.272387
0.0137754
0.0212717
0.191448
0.180979
0.0157947
0.0264153
0.352003
0.0114675
0.133729
0.107682
0.11555
0.294329
0.215858
0.120582
0.0146839
0.0044266
0.0163787
0.00990521
0.0417715
0.129519
0.0149984
0.00351056
0.00929941
0.266054
0.00570938
0.0175252
0.0159126
0.00523655
0.00394674
0.00615775
0.0124237
0.144823
0.118666
0.0329886
0.0183052
0.00381368
0.00925369
0.0044318
0.00321752
0.003679
0.163141
0.00818829
0.177879
0.00556849
0.00772477
0.0282643
0.012364
0.0126655
0.0643034
0.0121946
0.0440828
0.00711013
0.0112441
0.00352489
0.142343
0.00871344
0.0363441
0.151639
0.0122438
0.104978
0.179127
0.00184682
0.0512524
0.00453024
0.000601084
0.0175661
0.00746394
0.232388
0.0516885
0.00864267
0.0723454
0.00764129
0.00385177
0.0057528
0.0103567
0.0344361
0.0840026
0.00876879
0.105529
0.0308579
0.00258514
0.0422607
0.0070509
0.234291
0.094821
0.0146759
0.312492
0.00427983
0.125683
0.014085
0.0326835
0.00385819
0.128924
0.00424314
0.038818
0.139048
0.557692
0.0438627
0.00449788
0.18214
0.00654223
0.00126034
0.0535286
0.00127124
0.189355
0.0715758
0.379298
0.112558
0.111938
0.207411
0.0314174
0.0631752
0.00302609
0.207868
0.175662
0.0417992
0.00308797
0.00537105
0.0189721
0.0288936
0.00570757
0.0326941
0.00128384
0.008239
0.00720355
0.136607
0.00884857
0.0178574
0.00732555
0.0171877
0.00461719
0.00824616
0.00407465
0.00827052
0.00422404
0.00752363
0.00578986
0.00501182
0.00285064
0.0168013
0.00328317
0.305776
0.015563
0.0091127
0.131875
0.00467237
0.00783814
0.0096489
0.00188859
0.00994402
0.00963357
0.0107956
0.0132876
0.0141138
0.135302
0.0130021
0.0185951
0.00211953
0.0188986
0.177751
0.0654018
0.0108639
0.0607151
0.00331091
0.00875092
0.000800818
0.0904402
0.331274
0.0905693
0.14754
0.209091
0.0863425
0.0221392
0.0269094
0.142556
0.011379
0.0858478
0.088789
0.00603769
0.0164555
0.17812
0.0102013
0.0585014
0.0338851
0.222315
0.60181
0.0306505
0.0623406
0.065183
0.00374405
0.449848
0.128358
0.0122453
0.05262
0.437887
0.00420647
0.0785133
0.0050664
0.0144612
0.0105865
0.00211513
0.218648
0.00574531
0.0157154
0.00804647
0.0172765
0.153705
0.0364805
0.0078058
0.0126475
0.00603913
0.00812129
0.0056868
0.169015
0.313015
0.00383615
0.00882338
0.0185812
0.00803341
0.0258434
0.173804
0.0103983
0.00875743
0.00302476
0.079755
0.306583
0.014273
0.0055031
0.031078
0.00694659
0.0077695
0.185859
0.4154
0.00574324
0.00898597
0.00479551
0.005961
0.0129063
0.200877
0.00177016
0.0133273
0.00599213
0.678347
0.0890188
0.00802882
0.0972423
0.00907777
0.00361858
0.011134
0.00568009
0.00318973
0.00740497
0.00634518
0.00066866
0.205279
0.099616
0.0122154
0.0165982
0.0336346
0.13649
0.100232
0.00520809
0.00578118
0.0113465
0.00665806
0.0661142
0.0111808
0.00768237
0.0095003
0.0129595
0.0074848
0.00315846
0.0975945
0.11338
0.0210344
0.00221228
0.0901612
0.00580636
0.0190953
0.0166949
0.00802011
0.0603441
0.00471767
0.24772
0.0419742
0.00282922
0.0127941
0.00169827
0.0105314
0.00958461
0.00189074
0.0153386
0.0040074
0.00570462
0.0909431
0.0174447
0.291792
0.302474
0.00113504
0.0018183
0.00952766
0.144638
0.00824752
0.0659023
0.0866326
0.227743
0.00191918
0.147175
0.0126601
0.00634908
0.00821769
0.00495485
0.123563
0.353844
0.00207552
0.00676741
0.0405156
0.16057
0.00459552
0.151469
0.161638
0.0261837
0.163479
0.0229417
0.00746217
0.0273932
0.00230031
0.0211114
0.0845676
0.000675302
0.00703667
0.0144673
0.00685393
0.158871
0.00631339
0.00415414
0.0946072
0.0394096
0.063995
0.00363593
0.0250409
0.00541759
0.0230542
0.185171
0.013447
0.0270103
0.0158403
0.0210054
0.0121178
0.00643155
0.0499124
0.216412
0.0294423
0.00568193
0.0123709
0.0216495
0.0567318
0.0351532
0.00315629
0.0762448
0.0143167
0.14554
0.0141594
0.0493852
0.0431221
0.00526775
0.0345077
0.183338
0.0964455
0.0786591
0.0732955
0.054173
0.00450554
0.0252677
0.0159899
0.0517829
0.0386655
0.00873984
0.0193115
0.0109589
0.0298468
0.00239856
0.0384009
0.00376616
0.162747
0.0198959
0.00566056
0.0173972
0.208861
0.018187
0.00624268
0.0925198
0.0299388
0.0115504
0.00754619
0.124303
0.0317241
0.0290201
0.0199967
0.0121675
0.0286146
0.0532946
0.0116146
0.00850469
0.00942275
0.00986225
0.154617
0.00554621
0.0159812
0.00780615
0.00909699
0.0415111
0.0392443
0.0016018
0.0112268
0.00465153
0.0297261
0.0139328
0.022416
0.00445314
0.010973
0.00265829
0.0556968
0.00537537
0.00193748
0.0245701
0.00919496
0.0265961
0.00933136
0.0238464
0.00435782
0.170392
0.00165671
0.00666386
0.028187
0.0201015
0.0429232
0.0126088
0.00558651
0.0248415
0.0101106
0.00615819
0.0011893
0.00691371
0.00284691
0.0180841
0.00938612
0.0262635
0.0150535
0.00589646
0.00197242
0.0090863
0.0110804
0.0106647
0.0120868
0.00434618
0.00822104
0.00445829
0.0184517
0.00794677
0.0158085
0.00690843
0.0114023
0.0164803
0.0139868
0.0163103
0.00239741
0.0250098
0.00782474
0.0177315
0.00948571
0.0315249
0.0132712
0.0196725
0.00684318
0.016277
0.0138564
0.0392706
0.0132907
0.00996735
0.000380472
0.0059624
0.00311072
0.00938952
0.0050848
0.0137085
0.0497195
0.00877944
0.0175531
0.0100875
0.0252697
0.015054
0.0104201
0.0195941
0.0102827
0.00936502
0.00317684
0.00589423
0.00886171
0.0159813
0.0090608
0.0065522
0.00904008
0.0106415
0.00638867
0.00691389
0.00518085
0.0151802
0.0131477
0.00233517
0.012119
0.00351509
0.00549238
0.00888085
0.0102836
0.0105286
0.0221627
0.00537805
0.00427574
0.0106163
0.00561225
0.00498552
0.00301524
0.00229927
0.0109179
0.0101758
0.00615163
0.0140714
0.00190446
0.0110973
0.00818732
0.0202202
0.00437409
0.00217619
0.0272306
0.00172929
0.00173368
0.0089357
0.0106323
0.269465
0.00388229
0.00950517
0.00773944
0.00992819
0.0186708
0.0113746
0.00626759
0.011978
0.00390511
0.0108871
0.00505884
0.00786361
0.0104679
0.0181809
0.00638921
0.00626659
0.00357006
0.00695412
0.0140418
0.00192073
0.00102298
0.0050995
0.00671226
0.00564657
0.0145545
0.0166667
0.00907561
0.00837487
0.0110709
0.00580835
0.00988807
0.00957356
0.00973428
0.0139333
0.0193547
0.0103935
0.0640622
0.0134747
0.00197754
0.0094772
0.00784229
0.00654408
0.0119943
0.0134538
0.079682
0.153263
0.00516409
0.120205
0.00709909
0.318783
0.00874458
0.0108046
0.306532
0.252942
0.00552152
0.00276041
0.130153
0.245367
0.212306
0.344198
0.0584094
0.168583
0.167131
0.571845
0.0272684
0.0531386
0.0684043
0.0423145
0.00497475
0.0430747
0.0417839
0.00436563
0.0184796
0.113023
0.0267726
0.150432
0.111753
0.0254705
0.0335791
0.0284401
0.00472006
0.0466753
0.0138245
0.00257545
0.256136
0.0357474
0.00965848
0.12275
0.0128111
0.00584718
0.0107542
0.0125584
0.00455457
0.00845055
0.0051965
0.00396839
0.00148693
0.0111331
0.0047763
0.00558529
0.00811993
0.112417
0.00307269
0.174327
0.0429453
0.00821384
0.0252946
0.0131519
0.0210357
0.0067977
0.205339
0.0774849
0.01118
0.00651723
0.0178582
0.00915875
0.0135524
0.0112352
0.0113419
0.416957
0.0196766
0.00874439
0.00603232
0.00739296
0.0326624
0.0126569
0.00722545
0.118555
0.0111221
0.00953362
0.0046715
0.016493
0.0520039
0.0174191
0.00664721
0.257628
0.00867134
0.0223292
0.0546524
0.0131004
0.0108983
0.0217885
0.00505804
0.0157696
0.34477
0.0084105
0.00315534
0.00555044
0.00916516
0.0156459
0.0204914
0.0257854
0.0118046
0.0224597
0.00871192
0.00476813
0.00295252
0.00869219
0.171316
0.00411614
0.00403096
0.0140467
0.00378773
0.00164909
0.0446525
0.0074232
0.0101614
0.00325227
0.339385
0.00987446
0.0374322
0.00202997
0.00642873
0.00907923
0.00426325
0.0240841
0.0306076
0.00250553
0.108406
0.0202322
0.220287
0.00750098
0.0435853
0.00242612
0.100443
0.0376503
0.00792721
0.0120713
0.0518023
0.143228
0.00801639
0.00220541
0.0214246
0.0460313
0.146508
0.00571324
0.0139971
0.163858
0.0600827
0.10715
0.0227926
0.0291516
0.0591786
0.0134759
0.191676
0.0122793
0.0541367
0.264465
0.361321
0.0386218
0.327027
0.00417626
0.104735
0.0868767
0.0158339
0.00839589
0.00331793
0.270905
0.123303
0.130076
0.0190751
0.187777
0.0191974
0.15593
0.318483
0.0108781
0.162284
0.00115745
0.140136
0.0111812
0.0183646
0.0540243
0.0144805
0.290656
0.618258
0.0323364
0.11516
0.0515379
0.371412
0.0153043
0.00968346
0.149702
0.058282
0.00537976
0.0509644
0.0448984
0.0024611
0.0127507
0.0250308
0.187882
0.0145945
0.215107
0.16518
0.00342298
0.027867
0.00534516
0.0336779
0.180247
0.00634248
0.0723094
0.0155184
0.182956
0.0149459
0.0633935
0.099845
0.0368061
0.0783739
0.0111998
0.0144384
0.0296023
0.00990679
0.200782
0.00937305
0.00416996
0.0112231
0.0107504
0.0285631
0.0117148
0.398468
0.00357617
0.0371969
0.0889806
0.234482
0.175993
0.0294235
0.0522073
0.0390092
0.0167727
0.0847586
0.303292
0.0956822
0.00819777
0.195193
0.0893132
0.00981064
0.0925591
0.0116608
0.0181725
0.00650468
0.00723972
0.024164
0.0282945
0.016547
0.00847732
0.206074
0.0201571
0.0158659
0.00376811
0.0143579
0.0376103
0.0476137
0.0258094
0.0216248
0.0125983
0.00591153
0.00600656
0.0225278
0.00257059
0.035058
0.00617324
0.0148047
0.0113394
0.37147
0.139521
0.0263991
0.0307003
0.0170096
0.00955557
0.00775247
0.0136169
0.0204887
0.149729
0.0232118
0.00189096
0.178123
0.00881594
0.234829
0.0900091
0.00428364
0.0898415
0.170298
0.175658
0.019449
0.0254332
0.00896958
0.0956149
0.104352
0.119814
0.0214053
0.00561787
0.00671557
0.0546457
0.00503997
0.0940598
0.00922912
0.00484425
0.0489407
0.0095999
0.212714
0.00910365
0.0363956
0.0090403
0.00449259
0.0107892
0.301964
0.0245879
0.135933
0.00608498
0.191359
0.00778825
0.00689846
0.431082
0.10979
0.0421632
0.0144034
0.0399985
0.154698
0.00271498
0.459729
0.00449873
0.0110407
0.00945871
0.00329006
0.00680708
0.0111267
0.00485073
0.0056121
0.202097
0.00462262
0.0511701
0.015305
0.0210569
0.00464066
0.0828467
0.00116274
0.0291363
0.00834384
0.00637541
0.00571828
0.0244663
0.150693
0.0689453
0.0822761
0.180468
0.378784
0.442366
0.284343
0.00557546
0.361548
0.00415339
0.0469893
0.0673042
0.136884
0.391263
0.0103139
0.0219523
0.185966
0.0220498
0.00635624
0.0676004
0.244782
0.0422167
0.00652675
0.0100553
0.0494231
0.0469028
0.125337
0.00715668
0.0525831
0.00493529
0.236904
0.0174974
0.00601029
0.0802537
0.0396606
0.0548436
0.0121318
0.00446118
0.0201709
0.0643309
0.0326289
0.0195057
0.0734126
0.0717972
0.492522
0.101746
0.0136823
0.0206272
0.0050954
0.00396924
0.0393658
0.031551
0.0366455
0.0485247
0.0927316
0.0333005
0.0804273
0.125562
0.132637
0.0172486
0.0549437
0.0202613
0.00755188
0.0332006
0.00238093
0.0114983
0.0378932
0.61299
0.288748
0.107717
0.00928736
0.00440541
0.0232303
0.191959
0.0824218
0.16391
0.0336654
0.100805
0.0301505
0.0428255
0.107905
0.0534735
0.0316198
0.180837
0.124021
0.0389619
0.0249766
0.0167703
0.0200792
0.480237
0.116686
0.0020622
0.0067313
0.00475899
0.0160513
0.189339
0.00152808
0.0118899
0.00382955
0.0356947
0.155783
0.314811
0.352389
0.0116337
0.026587
0.0274933
0.0441208
0.047668
0.107371
0.00514635
0.0264619
0.0535001
0.0938636
0.0134458
0.068577
0.0204871
0.0216819
0.166319
0.00388968
0.351289
0.000787964
0.0271513
0.0531577
0.111723
0.23457
0.17428
0.0069419
0.041126
0.00625935
0.127092
0.00185983
0.00748535
0.00285525
0.00472883
0.00288208
0.00948063
0.0127698
0.00174995
0.0113146
0.0134439
0.0109072
0.013312
0.0217309
0.00108346
0.0201973
0.00916222
0.110194
0.0673922
0.0102658
0.0164231
0.395659
0.0167694
0.0296243
0.0475719
0.366157
0.00947015
0.185331
0.282229
0.32509
0.350066
0.00421172
0.00202225
0.00258095
0.011006
0.00987063
0.107649
0.00660866
0.0231651
0.0156358
0.0223818
0.0867814
0.231026
0.0765958
0.0293934
0.0199117
0.135734
0.0124421
0.00865749
0.228873
0.0492075
0.0454787
0.0243849
0.00740474
0.0201905
0.241106
0.0071342
0.0137162
0.118989
0.0335565
0.00319108
0.00962037
0.00416532
0.323353
0.252531
0.0172364
0.00576332
0.00933415
0.115667
0.0289385
0.242031
0.103327
0.100823
0.162414
0.131437
0.0062915
0.0164351
0.0496715
0.0892073
0.00790428
0.0106213
0.00288481
0.0155234
0.244911
0.19628
0.353148
0.0080153
0.0025754
0.139897
0.195897
0.00766031
0.0429309
0.0741161
0.0161739
0.171975
0.0639214
0.229826
0.0499545
0.0176036
0.0328569
0.0065917
0.0381878
0.00309527
0.0361098
0.125345
0.0298146
0.116588
0.0086915
0.00758852
0.0576543
0.0120187
0.00792181
0.023676
0.00480203
0.0342889
0.0277169
0.0254577
0.0135522
0.0477802
0.130379
0.015741
0.00959518
0.140531
0.035023
0.0121634
0.0387872
0.430377
0.0112971
0.0855438
0.00255792
0.109977
0.161856
0.399316
0.144927
0.0219436
0.117088
0.0340143
0.0894963
0.0052765
0.00249395
0.0274955
0.0249739
0.0154177
0.00336625
0.00899315
0.0129889
0.181541
0.0785053
0.0716718
0.146681
0.017314
0.0362496
0.0229085
0.149137
0.00977887
0.195029
0.432573
0.0938424
0.0424914
0.00571109
0.0870799
0.0238962
0.0232579
0.0131782
0.073324
0.133832
0.0177571
0.0040324
0.0213273
0.130324
0.224753
0.0201196
0.19096
0.261343
0.0885188
0.00796144
0.0112356
0.00643072
0.0204818
0.088584
0.0305594
0.00659662
0.0588287
0.129484
0.0312454
0.107783
0.441954
0.0865081
0.00798373
0.00797412
0.0330871
0.00408638
0.266059
0.00894686
0.0809961
0.00899463
0.302752
0.0307566
0.166052
0.146327
0.0130566
0.117302
0.26871
0.0701629
0.0637156
0.220887
0.0193507
0.0110746
0.00404541
0.167476
0.394342
0.0131286
0.105125
0.0178078
0.0724786
0.0090377
0.141025
0.00995093
0.00428517
0.00204829
0.154882
0.0417746
0.00643155
0.210268
0.00677325
0.00909721
0.00439643
0.00674337
0.0239321
0.0121275
0.214629
0.152185
0.00112868
0.00373038
0.0179418
0.0961502
0.00276939
0.031026
0.016697
0.0838347
0.0108573
0.0123616
0.0195775
0.271315
0.0365627
0.00751349
0.01475
0.00377786
0.0260884
0.0478113
0.0038852
0.0151567
0.00745744
0.00694456
0.00405432
0.0459011
0.0100922
0.018059
0.0606452
0.0251265
0.0135912
0.00819877
0.0228046
0.0316567
0.00344182
0.00641045
0.0413841
0.0515896
0.0938466
0.0163308
0.0343385
0.0131393
0.0178881
0.00550174
0.0192134
0.0755337
0.00590392
0.0567469
0.00806006
0.0426197
0.0272952
0.0171651
0.159662
0.167061
0.043979
0.160775
0.00766078
0.0228855
0.0150338
0.0222657
0.0264869
0.0259765
0.00624822
0.0093958
0.0244006
0.00620617
0.0129676
0.0160951
0.0186857
0.0115664
0.156385
0.0117112
0.042566
0.154465
0.00151384
0.00346117
0.00655274
0.0452451
0.0656286
0.0591977
0.00544164
0.0108149
0.0265429
0.122764
0.0064033
0.033432
0.00225948
0.0235907
0.0420153
0.00450634
0.0085642
0.0138268
0.0207839
0.00148375
0.0216794
0.0247954
0.0318704
0.00372833
0.0123119
0.0132248
0.00762664
0.00770356
0.0108596
0.0200209
0.00248673
0.0875346
0.0211306
0.242347
0.204564
0.00947538
0.0971559
0.00740003
0.00710969
0.0102831
0.0248109
0.0421894
0.0851289
0.00770233
0.0491945
0.0145621
0.0269108
0.0641279
0.0173744
0.0352147
0.0089711
0.00583337
0.00557541
0.0196751
0.353786
0.0590265
0.0106924
0.0123049
0.0150858
0.00462138
0.00367966
0.0247102
0.00258239
0.00591602
0.0167293
0.00517345
0.00774632
0.00700566
0.00441034
0.0150313
0.005573
0.00103002
0.00803141
0.0458053
0.0188232
0.0123458
0.00492493
0.0103568
0.00788154
0.0154007
0.00964755
0.00199479
0.00798574
0.0130788
0.006534
0.00973288
0.010566
0.00857355
0.00752288
0.00802703
0.00557019
0.00984911
0.00356582
0.00246061
0.0100304
0.0105598
0.00763938
0.00383348
0.00409569
0.00622266
0.00897783
0.00698899
0.0125318
0.0409246
0.0105175
0.0233154
0.328349
0.00789449
0.0104404
0.00879034
0.0154611
0.0063804
0.0339348
0.00484338
0.00426241
0.311813
0.00407819
0.00932565
0.0341635
0.009311
0.00903538
0.00542553
0.00425066
0.0108708
0.00563015
0.00194301
0.00744543
0.0052211
0.00580794
0.269933
0.00758667
0.0782733
0.0556679
0.00888039
0.0103409
0.00364022
0.0245395
0.138915
0.0413257
0.00797577
0.0103793
0.0411945
0.00767565
0.00454777
0.29648
0.0397495
0.226236
0.0118924
0.0174175
0.0613214
0.00809323
0.0308268
0.0783579
0.0115922
0.0113831
0.259264
0.0425575
0.0106052
0.00420118
0.00826468
0.287994
0.00156458
0.285579
0.15347
0.207328
0.322326
0.00770724
0.0090684
0.0588475
0.00804701
0.227558
0.00639464
0.071159
0.00409431
0.136932
0.103237
0.00702987
0.474942
0.0132624
0.184533
0.0171761
0.0367448
0.00906471
0.0627271
0.0190329
0.0204806
0.221577
0.220075
0.0211387
0.008909
0.0124648
0.00735169
0.0144211
0.000350373
0.0153645
0.00385909
0.0564984
0.0517868
0.0249743
0.017104
0.015684
0.00719585
0.103628
0.0105721
0.156791
0.00217497
0.135093
0.014069
0.0126883
0.251264
0.0693248
0.0653673
0.0171881
0.0837798
0.0266238
0.00540016
0.00710452
0.0204009
0.0308375
0.0129897
0.0213588
0.00671346
0.00676432
0.00809576
0.00346365
0.00773664
0.0131644
0.050848
0.0733259
0.0929607
0.00483804
0.293879
0.0522001
0.162982
0.0725591
0.0484436
0.0246171
0.222701
0.0209401
0.0592557
0.124379
0.0114714
0.0162314
0.00269773
0.00805538
0.0959475
0.0173548
0.00165206
0.0285455
0.00682075
0.0133811
0.0215297
0.00305374
0.0533789
0.0631194
0.0577642
0.121751
0.0563553
0.0162245
0.0107407
0.329266
0.00459056
0.000843085
0.183115
0.255355
0.0174424
0.00539715
0.0181983
0.0474272
0.0304088
0.27135
0.0541481
0.0058192
0.00399344
0.00627833
0.0186884
0.00273555
0.0131935
0.00246693
0.0122905
0.00546057
0.0454489
0.0841574
0.0136479
0.109574
0.00559054
0.0258491
0.0240871
0.0458092
0.025237
0.00588029
0.0173201
0.0102583
0.0556356
0.013932
0.124774
0.405973
0.03579
0.0214623
0.00328405
0.0518005
0.00428247
0.140537
0.0460928
0.0120051
0.134106
0.030879
0.0362692
0.0452925
0.313116
0.0188376
0.0118127
0.039646
0.0678977
0.0453784
0.0931168
0.122154
0.00367942
0.0798084
0.0401317
0.0263259
0.00946482
0.231195
0.0188509
0.0138533
0.0236778
0.0169497
0.0203755
0.018821
0.0155575
0.00159043
0.0255258
0.0266809
0.0183752
0.00987904
0.0148751
0.0156106
0.0115002
0.0163092
0.00481262
0.022419
0.0383331
0.0193659
0.0104625
0.00635465
0.00299476
0.0110391
0.0269415
0.023424
0.0105165
0.0215177
0.0125291
0.00505597
0.00950153
0.0158053
0.00532547
0.00186169
0.00219797
0.00489755
0.000880514
0.0201695
0.00805983
0.015292
0.00531239
0.0163476
0.00581604
0.0117943
0.0138433
0.00540637
0.0180686
0.00816519
0.0123501
0.00751877
0.00687802
0.0102251
0.0149099
0.0172499
0.0206931
0.010266
0.00948131
0.00623982
0.0123706
0.0048448
0.00375196
0.0132089
0.00311623
0.0129705
0.00912467
0.00697227
0.00494654
0.0237974
0.0121235
0.00545796
0.00510071
0.334762
0.00468453
0.0144329
0.453946
0.0405034
0.0086702
0.0121131
0.0147874
0.00807016
0.00421624
0.00563642
0.00866947
0.00913858
0.00820369
0.00749491
0.00326646
0.00834026
0.00777523
0.0034099
0.00751807
0.0187656
0.00838083
0.00683396
0.00409282
0.00659941
0.0143169
0.00813975
0.00676168
0.00888283
0.00710809
0.147668
0.00505977
0.00539966
0.00790503
0.00610532
0.00581928
0.00732014
0.00840329
0.000828572
0.00446532
0.00329271
0.00368394
0.0388509
0.00390911
0.00405086
0.011672
0.00442479
0.0225984
0.20362
0.0101208
0.00893973
0.00737111
0.0415221
0.00862407
0.0542869
0.0293201
0.1407
0.0108919
0.0177533
0.00897183
0.00708513
0.250588
0.00341523
0.00140893
0.00173808
0.0667782
0.00404892
0.00763643
0.00448993
0.0136105
0.0148522
0.0120533
0.0172877
0.00436592
0.0115314
0.0115609
0.006395
0.00975331
0.00941283
0.0120535
0.00416375
0.0123373
0.00481768
0.019549
0.0107621
0.0124877
0.0084742
0.00720232
0.00906387
0.294734
0.0172657
0.00738935
0.0751078
0.00549314
0.00908961
0.0303188
0.00856864
0.00161767
0.00665067
0.00435674
0.0139767
0.00456684
0.004889
0.00396587
0.0263964
0.00430745
0.00376445
0.00825916
0.0578207
0.00834424
0.00573749
0.00810068
0.0095365
0.00558828
0.00654246
0.00459234
0.078215
0.00528333
0.183089
0.0123244
0.00354101
0.0048262
0.041199
0.00669676
0.0110845
0.00143533
0.00132007
0.00590099
0.00821074
0.0172351
0.00521186
0.0056421
0.0203818
0.00174834
0.0159674
0.156026
0.00385775
0.00785484
0.00214127
0.00936795
0.0093536
0.0369576
0.0195773
0.00954876
0.0112013
0.0131011
0.104479
0.212219
0.00838362
0.0158643
0.0123615
0.0160629
0.0127644
0.00840286
0.00375347
0.0139133
0.0259281
0.0892839
0.179957
0.0328377
0.00311169
0.0877959
0.0052544
0.0345097
0.200169
0.0436506
0.0204053
0.0137836
0.110822
0.0114909
0.0490086
0.0259443
0.0618863
0.00323868
0.0156246
0.0161046
0.0453085
0.170767
0.0383871
0.0217245
0.00352787
0.0849769
0.0273783
0.0070173
0.0537039
0.0303309
0.0108027
0.00149838
0.0506518
0.754744
0.180406
0.0371815
0.0255878
0.255647
0.0748046
0.00244614
0.0183073
0.16627
0.0141616
0.245097
0.00816274
0.166236
0.00532699
0.0136618
0.0180209
0.0145698
0.17529
0.00341332
0.00417319
0.504556
0.00168752
0.0945007
0.133779
0.280975
0.0109765
0.0241489
0.0504322
0.010745
0.0710455
0.152427
0.176756
0.107417
0.501592
0.0289871
0.0246647
0.00844571
0.0937267
0.0221535
0.00716822
0.0387477
0.0331119
0.0986968
0.00314579
0.0184839
0.0866477
0.0309862
0.00532789
0.0826487
0.0888241
0.00732962
0.0908327
0.00363831
0.00274444
0.0341913
0.10591
0.00388298
0.0436616
0.0277282
0.0212158
0.0151146
0.00947506
0.0320477
0.0178449
0.00938187
0.073322
0.0264883
0.022962
0.0252154
0.0357862
0.0194589
0.0857218
0.259917
0.0678579
0.155811
0.0619545
0.0165575
0.0102901
0.0687164
0.00756799
0.0568015
0.0132299
0.0118289
0.00586056
0.0087133
0.0358146
0.00737467
0.0055092
0.0498023
0.0196926
0.0245316
0.00189659
0.00981842
0.0277854
0.238983
0.0276395
0.0115088
0.0129028
0.00612638
0.00705116
0.0140634
0.00771596
0.00969049
0.00863361
0.260788
0.0137907
0.0194133
0.00594655
0.204809
0.01016
0.00950208
0.0251782
0.0135387
0.00953822
0.0047656
0.0125945
0.0055104
0.0233854
0.0189938
0.00209843
0.00973227
0.00558363
0.00689456
0.00683741
0.00719925
0.0323985
0.0137762
0.0579615
0.0510239
0.0164696
0.049315
0.0104079
0.00465127
0.00379773
0.00905145
0.0501374
0.177803
0.00241477
0.128269
0.00389357
0.0272344
0.0075563
0.041313
0.0535089
0.00875352
0.0844623
0.0976424
0.0372502
0.0471559
0.0113609
0.0218966
0.00396077
0.00658861
0.00487438
0.011642
0.0083097
0.00677783
0.0869907
0.00562725
0.00640427
0.0235682
0.0127496
0.0140204
0.00840967
0.0102751
0.0108661
0.00511773
0.034554
0.0234767
0.0061002
0.0167052
0.00955682
0.00124301
0.00820827
0.013287
0.00745717
0.00851139
0.00355704
0.0148974
0.00640082
0.013327
0.025108
0.0120531
0.0338398
0.187737
0.00943064
0.0144822
0.00716836
0.0146167
0.00938021
0.00234025
0.00261712
0.00595262
0.000661113
0.00611682
0.00745666
0.00970473
0.0262123
0.00815216
0.0237222
0.0102342
0.00669112
0.0182461
0.00860398
0.0161687
0.0105686
0.477596
0.0140722
0.0578636
0.00642438
0.00590706
0.013448
0.0613791
0.00649103
0.0100566
0.337182
0.00854411
0.0503633
0.00688963
0.0190943
0.0166904
0.0139781
0.00584209
0.0140841
0.0211483
0.00589432
0.0112116
0.0115198
0.00150609
0.00555555
0.000891026
0.00118923
0.0154402
0.00396521
0.00496904
0.0135945
0.0113448
0.0058093
0.00339784
0.0189556
0.0108736
0.00588659
0.298808
0.0113927
0.0055486
0.0039747
0.0466694
0.252857
0.00430945
0.0168947
0.00608623
0.00420983
0.0239204
0.0108874
0.0100498
0.0155787
0.0286096
0.0143005
0.0126925
0.0216971
0.008064
0.00722136
0.176037
0.00700114
0.00707089
0.198354
0.024555
0.110469
0.033653
0.00652123
0.0138812
0.047295
0.171312
0.0143414
0.0100604
0.0127812
0.0312808
0.198552
0.00546776
0.0153145
0.00992961
0.855257
0.0332966
0.353535
0.0108323
0.00888178
0.078357
0.00873586
0.0133404
0.00886549
0.118931
0.0814297
0.00609281
0.0123606
0.242837
0.0123844
0.00224267
0.313462
0.0201493
0.0015433
0.0136214
0.00861916
0.12559
0.0113937
0.0126301
0.166853
0.0363927
0.00875811
0.0107533
0.284138
0.0191589
0.0101188
0.0153606
0.0113509
0.00698619
0.0475097
0.0131823
0.208463
0.23741
0.0988629
0.0127486
0.0148187
0.0052226
0.046662
0.00920764
0.0230804
0.0219538
0.00399393
0.00299468
0.0568558
0.0194706
0.153531
0.0767211
0.00748788
0.147092
0.0204323
0.00368569
0.0148134
0.127119
0.00853037
0.0351079
0.00965062
0.0186771
0.00485044
0.0266113
0.009626
0.0184586
0.0441935
0.0120633
0.00784893
0.0108741
0.00704796
0.00663938
0.00602411
0.00104949
0.0100741
0.00827594
0.00299455
0.059652
0.00538033
0.00445264
0.00515479
0.0840805
0.078164
0.0156784
0.284777
0.00773263
0.0601071
0.01335
0.161944
0.0172092
0.050834
0.00539436
0.0229804
0.128816
0.0141203
0.0273068
0.0146063
0.0842942
0.00524464
0.00291002
0.226114
0.0707034
0.0043908
0.0109153
0.00764909
0.0464978
0.00620246
0.207642
0.0142168
0.0870219
0.00683979
0.00712006
0.0349213
0.0313704
0.131542
0.175642
0.00288463
0.00437368
0.00228767
0.0736048
0.00629287
0.00838827
0.108259
0.00910212
0.00513868
0.0151783
0.0145068
0.119703
0.00944219
0.00481224
0.00280919
0.0244048
0.0114422
0.010042
0.0312798
0.140832
0.0214048
0.00576334
0.0557031
0.00639988
0.0176892
0.0211704
0.0723424
0.0058787
0.000446702
0.00784526
0.400316
0.0291945
0.0168222
0.00621834
0.0519769
0.0326308
0.00388085
0.0219539
0.0334968
0.176238
0.00507528
0.0234194
0.277907
0.00727372
0.0559478
0.0287426
0.0290933
0.0168653
0.016419
0.00605509
0.0108642
0.0215744
0.0182797
0.00414176
0.0256006
0.000689164
0.0143801
0.00946727
0.0213664
0.0191267
0.00565198
0.0133881
0.0231882
0.0109746
0.292671
0.0110708
0.0106577
0.0366355
0.0550363
0.00734565
0.0134498
0.211017
0.00690845
0.0269706
0.0161426
0.0113355
0.0021028
0.00858932
0.00447327
0.191536
0.0361845
0.0144944
0.342155
0.0310921
0.00493464
0.00275972
0.0116681
0.0113393
0.0387829
0.00294754
0.0192411
0.0175022
0.0649552
0.0573577
0.0180032
0.0416779
0.00593689
0.0317704
0.383314
0.00590845
0.00633134
0.00472568
0.0321699
0.0659733
0.00595087
0.00598394
0.00810687
0.0146949
0.055397
0.0144206
0.00968757
0.0110932
0.00616894
0.00667621
0.337512
0.00686179
0.00844256
0.026966
0.0209277
0.0287869
0.0106179
0.0728404
0.0177565
0.00506532
0.048645
0.0245861
0.0050794
0.0208972
0.0120259
0.00284628
0.00958117
0.0139488
0.00741262
0.00178243
0.0512655
0.0397865
0.0208668
0.00399447
0.0079205
0.0063748
0.00460069
0.00675412
0.645027
0.0074008
0.0180654
0.0292197
0.0142284
0.00852019
0.00281821
0.0147259
0.0247533
0.026444
0.0293916
0.00517934
0.00937692
0.00712266
0.00124906
0.00656311
0.039783
0.00485043
0.0496662
0.0087472
0.00759905
0.01136
0.00239461
0.0192421
0.0406971
0.0117019
0.0263601
0.00781565
0.00747213
0.0298815
0.0429573
0.00978799
0.0133537
0.0150275
0.00483148
0.0040695
0.0105025
0.0194173
0.0117212
0.0229243
0.0150162
0.0139786
0.00100308
0.0115557
0.019262
0.0147423
0.000861733
0.00629048
0.0130211
0.00874331
0.0146979
0.00905583
0.0155115
0.0176706
0.00625805
0.000729176
0.0117612
0.0034668
0.00601703
0.00610425
0.0132242
0.0102437
0.00522838
0.0110449
0.0101467
0.00269954
0.00799269
0.00198511
0.0242101
0.00937317
0.0134384
0.0254708
0.00417957
0.00962982
0.0013081
0.0121579
0.00532103
0.0137407
0.0155206
0.00186324
0.0298037
0.013513
0.0106464
0.00466408
0.00868243
0.00210422
0.00351497
0.0137677
0.0146478
0.0322303
0.00423324
0.00784176
0.0067681
0.00426377
0.0136309
0.00233626
0.00373055
0.00367739
0.00100458
0.0118175
0.0106242
0.00465057
0.0114223
0.0030841
0.00456301
0.00665745
0.00433718
0.0118073
0.00586708
0.00989985
0.00534048
0.0119746
0.0137248
0.00670862
0.00788378
0.00205235
0.0169589
0.0821892
0.0316261
0.00708612
0.00549097
0.120182
0.00855127
0.120932
0.0125509
0.00633782
0.00303468
0.0878206
0.140489
0.00723921
0.00352699
0.00700783
0.473223
0.0878939
0.0444833
0.11648
0.167003
0.0294269
0.0449197
0.136047
0.0231087
0.0251047
0.146097
0.106951
0.226453
0.0119248
0.167978
0.231487
0.230582
0.0117471
0.00288525
0.232257
0.0152792
0.224585
0.00384226
0.0161061
0.251959
0.0117164
0.124005
0.429336
0.0625088
0.00891136
0.540486
0.175542
0.0310624
0.195562
0.222649
0.0304697
0.0470261
0.21891
0.057182
0.251966
0.0166552
0.0964488
0.00664985
0.062068
0.00397843
0.0051964
0.247301
0.108461
0.0378546
0.0119251
0.107676
0.0997649
0.217849
0.0287796
0.102301
0.00566088
0.0807047
0.0842088
0.29449
0.0149327
0.009986
0.0165609
0.23895
0.0279709
0.19196
0.00475644
0.0796529
0.0767096
0.0133141
0.0827039
0.0124728
0.0160288
0.0325335
0.00654217
0.0906209
0.0208138
0.141289
0.154456
0.100583
0.0174081
0.0148935
0.0819243
0.110419
0.0802334
0.123728
0.0208695
0.14019
0.129895
0.0241928
0.00669244
0.0112469
0.0122595
0.46092
0.0284495
0.130548
0.0443735
0.0477269
0.0310352
0.0179822
0.00273779
0.183079
0.152932
0.00213496
0.00243721
0.165785
0.166723
0.0185442
0.00820683
0.0104665
0.217765
0.042894
0.00590503
0.177323
0.166836
0.0355401
0.0516664
0.131978
0.0174005
0.0465581
0.0527027
0.00998348
0.179487
0.206777
0.0287891
0.0429058
0.212437
0.00952786
0.180735
0.117682
0.0538219
0.185684
0.0223959
0.00674747
0.0160348
0.0161825
0.202728
0.112499
0.012838
0.20952
0.062227
0.00136317
0.0557621
0.031361
0.0329246
0.101232
0.00598252
0.00596708
0.0901554
0.00515418
0.0766622
0.00563799
0.00504794
0.111436
0.0112989
0.150244
0.191259
0.1035
0.0606868
0.00415573
0.00825045
0.0884281
0.00845113
0.10608
0.0239967
0.0169158
0.0901283
0.0075147
0.131109
0.00226199
0.0085638
0.0266983
0.289868
0.207111
0.0864814
0.140203
0.0102162
0.0720925
0.0651263
0.0100174
0.0488629
0.00519828
0.020238
0.037001
0.0203572
0.0875179
0.305767
0.14273
0.0830714
0.00963911
0.302765
0.240278
0.00534035
0.018861
0.00191281
0.215591
0.0149035
0.085098
0.0169509
0.0596596
0.00620194
0.0497063
0.00997103
0.0136132
0.00481788
0.00444227
0.00441029
0.00516169
0.0382983
0.195575
0.187483
0.0691448
0.0234618
0.128709
0.00299775
0.0508123
0.442627
0.00545992
0.15571
0.0412079
0.00825931
0.0211738
0.0411031
0.189037
0.151156
0.0332861
0.000461802
0.014904
0.0406582
0.175801
0.0111631
0.3523
0.0145773
0.00628915
0.0159883
0.0612558
0.0223811
0.310838
0.0693969
0.0267638
0.00391089
0.0292079
0.172422
0.0270789
0.0176953
0.2478
0.0687581
0.0808227
0.00992867
0.00634286
0.025029
0.00188267
0.00982431
0.00449374
0.0188177
0.0095713
0.185042
0.0182549
0.00797164
0.0138603
0.0145614
0.0352209
0.0128233
0.0198075
0.24606
0.0882459
0.234197
0.00568692
0.0355075
0.0324534
0.0700617
0.00620744
0.00752105
0.00290041
0.0220193
0.01985
0.00782275
0.262224
0.0281706
0.0169978
0.0321316
0.130021
0.0111291
0.00177587
0.0535277
0.0216582
0.0288267
0.0284651
0.00378248
0.0122723
0.00107507
0.0142192
0.264102
0.215828
0.00928233
0.522309
0.0142243
0.0129695
0.0584022
0.0519124
0.0174365
0.224042
0.0134995
0.00984561
0.0146717
0.0770688
0.0153269
0.0108857
0.0119014
0.0199172
0.00987716
0.0190159
0.00620862
0.24579
0.179543
0.0166935
0.00706183
0.070998
0.0085139
0.0020314
0.0190609
0.189318
0.111516
0.0206109
0.00530879
0.00481892
0.0181959
0.00352824
0.00564656
0.0171059
0.0287821
0.00328049
0.233502
0.0129595
0.0108732
0.0246494
0.0097499
0.0458836
0.000988927
0.0109537
0.00696224
0.00796865
0.00917319
0.0163752
0.0181574
0.305504
0.499868
0.313336
0.0675584
0.0139267
0.0111779
0.00297099
0.136139
0.106342
0.00322362
0.223433
0.0110302
0.00379646
0.0611478
0.00567728
0.126051
0.0509575
0.0083599
0.0130455
0.00200148
0.00289999
0.0195973
0.0484706
0.0149149
0.0115509
0.00880314
0.00557399
0.0195614
0.0135022
0.00709231
0.00788978
0.0226611
0.00785005
0.00354242
0.0082755
0.0381937
0.00494919
0.0035821
0.0184199
0.00383031
0.00844219
0.0209111
0.00383735
0.35106
0.00188146
0.163896
0.131417
0.0163588
0.0178279
0.00353313
0.0154508
0.00687792
0.0123266
0.0311788
0.095104
0.0222525
0.00673146
0.0167438
0.0431672
0.0396536
0.00916265
0.0132137
0.681719
0.0109539
0.0233126
0.0421967
0.00888325
0.00826364
0.0164999
0.0296614
0.00801252
0.0194769
0.196486
0.00177321
0.10442
0.0791064
0.00118022
0.032496
0.0282238
0.194159
0.0104868
0.00301539
0.0071658
0.0197287
0.0121842
0.00336989
0.426318
0.00373187
0.0134327
0.00821072
0.00821064
0.00576185
0.0815618
0.0218632
0.0027076
0.00971989
0.125866
0.0776737
0.00637054
0.0189743
0.0194088
0.212184
0.0124303
0.00119833
0.309987
0.0180589
0.195125
0.00401433
0.0108612
0.00818695
0.0181963
0.192558
0.00545608
0.328184
0.00341848
0.0111356
0.0304147
0.0165123
0.00336033
0.00815612
0.0187855
0.0059869
0.015936
0.00738632
0.0106381
0.0132552
0.0114467
0.0306754
0.00573266
0.0152618
0.00883743
0.225609
0.0609662
0.0154846
0.011248
0.00979137
0.0148971
0.00718305
0.202102
0.0415736
0.00167286
0.170848
0.0319001
0.010089
0.0232503
0.133299
0.112942
0.0041982
0.0922682
0.013234
0.220384
0.0109273
0.00716282
0.0111446
0.0135803
0.00841525
0.0149836
0.338265
0.0103676
0.0650236
0.01556
0.0164296
0.005276
0.0157709
0.00687733
0.00942526
0.167065
0.0128085
0.083047
0.0157695
0.0105341
0.00773972
0.0152858
0.0243675
0.00926104
0.178177
0.00600224
0.00415513
0.400334
0.0185131
0.00508318
0.0106665
0.153306
0.0359231
0.0216461
0.026124
0.330588
0.187349
0.0424356
0.00168033
0.0065752
0.0870235
0.336136
0.0305774
0.0341077
0.0548121
0.00496351
0.00682686
0.00254287
0.00874776
0.00769272
0.0117553
0.0170904
0.0736701
0.0267071
0.358528
0.0191972
0.0618339
0.0189461
0.00326111
0.0741525
0.00802937
0.0229852
0.0021808
0.00149803
0.00380888
0.00112765
0.0279431
0.00441061
0.0190454
0.00784026
0.0406027
0.0181148
0.0173806
0.0240617
0.341331
0.00508023
0.024771
0.0109578
0.0216503
0.00150102
0.0151421
0.0110019
0.0432366
0.0139669
0.00468129
0.0581975
0.0157416
0.00216231
0.00208436
0.0654809
0.0387371
0.00521234
0.038961
0.328188
0.318614
0.0138681
0.0167867
0.0187806
0.235339
0.0670118
0.0262601
0.00207079
1.9008
0.00641583
0.378487
0.0394982
0.192001
0.0875886
0.052924
0.5405
0.00521398
0.00726008
0.00929083
0.0251199
0.0133375
0.00925315
0.0242527
0.640602
0.300915
0.00329799
0.0186247
0.0206622
0.00612976
0.0282024
0.0136462
0.00730794
0.000634984
0.0117294
0.0626018
0.085619
0.00414833
0.0236634
0.0205922
0.224244
0.0295771
0.00878191
0.496854
0.016062
0.156806
0.309324
0.0653284
0.00650915
0.00949716
0.0131232
0.00218066
0.0528891
0.0281774
0.0409295
0.0112391
0.00751598
0.00536703
0.00650753
0.00681759
0.0367742
0.00301218
0.0194811
0.0743547
0.400656
0.0196338
0.0521837
0.0175081
0.00921693
0.0843157
0.0404953
0.00579447
0.00936993
0.0136916
0.171175
0.00443374
0.0653836
0.0151043
0.0564524
0.0424795
0.0376545
0.00398087
0.0274983
0.0089676
0.00897274
0.0317308
0.0241398
0.00284933
0.0246663
0.0616685
0.0427456
0.0226879
0.0499573
0.00678537
0.00419461
0.0169385
0.0245879
0.0463817
0.00503248
0.0157715
0.00540895
0.00572099
0.180366
0.00518814
0.00217475
0.0471726
0.00542028
0.00717119
0.0028057
0.267116
0.0238619
0.0403877
0.00210434
0.0214575
0.0475415
0.0159496
0.0208594
0.318994
0.00217078
0.10123
0.0116562
0.0205252
0.0914257
0.0127035
0.0223325
0.0430128
0.0179835
0.0176204
0.0130302
0.00139088
0.0575055
0.00203244
0.0218387
0.274845
0.0751953
0.243858
0.0275947
0.0326482
0.00129461
0.0111392
0.0261408
0.00801394
0.00674035
0.0192756
0.00745015
0.0191769
0.00515195
0.00683703
0.00464046
0.00789961
0.00733135
0.00929529
0.0118172
0.207351
0.00677918
0.00790816
0.0235437
0.0268234
0.0644897
0.0506889
0.0212578
0.0322013
0.00697824
0.00247578
0.0202984
0.0567406
0.0252496
0.0115029
0.0171408
0.0118237
0.0378837
0.0552402
0.00630175
0.0106893
0.00973557
0.00322318
0.0134088
0.0100628
0.00254254
0.0662052
0.0047758
0.00932195
0.0249569
0.00379672
0.0217983
0.0131524
0.00811622
0.0328875
0.0905715
0.0332116
0.0177959
0.0160216
0.00998535
0.0379413
0.0257849
0.00131188
0.011816
0.0335518
0.0337139
0.0390769
0.00685577
0.00978034
0.00528582
0.0111789
0.0179339
0.160849
0.0260728
0.00985847
0.0297979
0.00123964
0.0144331
0.0176327
0.00598187
0.0140354
0.0111744
0.0258324
0.0230995
0.00262528
0.000765802
0.00781952
0.0358337
0.00385337
0.00914288
0.0213329
0.0504152
0.00127598
0.0212306
0.00367206
0.0122739
0.00706134
0.00461447
0.00699996
0.0205007
0.0423781
0.0281434
0.00585249
0.00762505
0.00832677
0.00329634
0.00490528
0.00779547
0.00959597
0.00926611
0.0482223
0.00323604
0.00453121
0.00623709
0.00513356
0.0149292
0.011326
0.00253444
0.015367
0.00336941
0.0101946
0.00906377
0.00790945
0.00425511
0.00807714
0.00420753
0.00904407
0.0138477
0.0040972
0.0137754
0.00372333
0.0108141
0.00138009
0.00940402
0.00887077
0.0111776
0.0194297
0.0067698
0.01214
0.0351847
0.0375229
0.116497
0.00553338
0.0229203
0.00458795
0.00277993
0.011967
0.00717412
0.00566
0.00560681
0.0111585
0.0384275
0.013954
0.0101732
0.00231212
0.013847
0.00448634
0.0137778
0.0115176
0.00557297
0.0296097
0.00660939
0.0140966
0.0148092
0.00418448
0.00656004
0.0024801
0.00425701
0.00604719
0.012218
0.00597434
0.000844443
0.00460093
0.00280687
0.00547803
0.00384066
0.00500288
0.0162486
0.012012
0.00321857
0.00116476
0.00279141
0.0103184
0.00885872
0.018216
0.0078444
0.0108466
0.00700571
0.00227401
0.00924252
0.0038213
0.0145726
0.00505907
0.00288644
0.00930797
0.0089544
0.0148443
0.00463866
0.00701095
0.0029785
0.0151626
0.0053835
0.0127837
0.0227923
0.0149862
0.0110871
0.00166382
0.0111124
0.00578414
0.00434575
0.00375198
0.00852121
0.0097689
0.00966528
0.009974
0.0081047
0.00878077
0.00986108
0.00276273
0.00588897
0.0167654
0.00857364
0.00779967
0.00888755
0.011578
0.00476006
0.006643
0.00433696
0.00783517
0.00376803
0.00287504
0.00474422
0.00412392
0.0159927
0.00611949
0.011057
0.00670025
0.00475632
0.00337596
0.00507754
0.0129391
0.00976709
0.00973059
0.00610762
0.00777827
0.0048714
0.00848062
0.00473285
0.0116481
0.00337438
0.00580028
0.00283694
0.00502159
0.0532704
0.0111328
0.0159569
0.0204624
0.0365466
0.0815355
0.0111051
0.0580735
0.0135372
0.018928
0.0838477
0.0283919
0.0502649
0.0457441
0.0117123
0.0088887
0.114647
0.200628
0.0399298
0.0238841
0.0802433
0.0713696
0.107952
0.0170194
0.0608913
0.112599
0.0986287
0.0671478
0.00555552
0.0717505
0.107365
0.00092248
0.0105254
0.00461159
0.00775478
0.0282246
0.00252244
0.0758905
0.0460717
0.0476646
0.040546
0.0128107
0.0210866
0.00509048
0.0653651
0.0425925
0.014342
0.0473038
0.0411096
0.0115678
0.24567
0.00238136
0.0204632
0.151122
0.0063148
0.0457601
0.0915203
0.00219151
0.0649895
0.00623526
0.0017017
0.0147598
0.0236942
0.0167174
0.00902213
0.071889
0.339911
0.00705605
0.0135806
0.00762172
0.0864556
0.00358999
0.127634
0.205619
0.00848434
0.0157865
0.00835396
0.0686875
0.00878381
0.00706458
0.00414571
0.0806953
0.00127704
0.108289
0.0213681
0.155661
0.126358
0.0167736
0.00681234
0.00495671
0.0195048
0.00802108
0.151465
0.0148972
0.0148299
0.238127
0.315293
0.0471943
0.0266806
0.0233772
0.00602778
0.127086
0.00728271
0.00734452
0.022273
0.00596216
0.0740825
0.00944155
0.00749008
0.219655
0.519959
0.0886251
0.182072
0.0140696
0.00639464
0.104466
0.00619554
0.0192615
0.00774117
0.00639719
0.152522
0.02236
0.132228
0.0700637
0.00822946
0.380613
0.0319483
0.134715
0.00411306
0.0219128
0.117638
0.0127977
0.00451635
0.0768595
0.0035251
0.0108714
0.0196784
0.00758394
0.0199622
0.0683598
0.00707466
0.112583
0.0165557
0.0119142
0.120169
0.0109261
0.0190035
0.0017693
0.0159186
0.00369918
0.0367345
0.0051735
0.00964396
0.0332199
0.0171918
0.00472105
0.00640315
0.0116817
0.191506
0.00256492
0.0175168
0.00313606
0.100159
0.00474372
0.011902
0.00691276
0.179817
0.0899051
0.0200042
0.0145465
0.0223688
0.0728302
0.0205591
0.0661475
0.00604114
0.0364418
0.0447207
0.0612771
0.117555
0.00497529
0.00978975
0.00874554
0.0538375
0.00604504
0.00637962
0.00045
0.0478086
0.01368
0.00190247
0.044547
0.00832839
0.0789784
0.00753823
0.0404313
0.0178884
0.0174373
0.00813664
0.201538
0.0138281
0.187721
0.128778
0.0155608
0.0126762
0.16004
0.00525604
0.010917
0.0065724
0.00271875
0.0331712
0.0180079
0.0316372
0.00679216
0.0343553
0.00405039
0.0317143
0.00480313
0.1335
0.116692
0.0167056
0.185299
0.0193294
0.0908384
0.029681
0.0197566
0.101609
0.0585328
0.0114213
0.00210091
0.00749039
0.0486357
0.321348
0.168104
0.0135786
0.0314572
0.0601958
0.190422
0.00592738
0.017965
0.0285088
0.0116714
0.218376
0.0454602
0.225883
0.00612772
0.141099
0.286906
0.000896834
0.132641
0.0670652
0.0107548
0.0274531
0.185925
0.165151
0.0479013
0.0591818
0.00471955
0.0316446
0.0374056
0.0211332
0.0621578
0.105774
0.0148255
0.0023427
0.00569036
0.430456
0.0242918
0.00230415
0.0326738
0.00473872
0.0961706
0.146135
0.0252257
0.0203979
0.135213
0.00783835
0.0421724
0.0619181
0.50807
0.00628945
0.152029
0.0114512
0.000679809
0.418554
0.231395
0.0476317
0.252213
0.224712
0.0604209
0.0336381
0.0389967
0.0168995
0.0511832
0.315395
0.0426652
0.0258188
0.0990289
0.305304
0.044363
0.0786014
0.0360904
0.0225737
0.0752522
0.023128
0.0191082
0.0150696
0.0726095
0.023308
0.259792
0.0502561
0.00144042
0.0128922
0.107228
0.0209519
0.0288913
0.00494831
0.225769
0.0148684
0.012766
0.0396351
0.00241278
0.00524029
0.242197
0.00477085
0.0417137
0.00414244
0.0874528
0.0488429
0.0319778
0.0670801
0.0114521
0.0101469
0.00805792
0.0291103
0.0997848
0.251826
0.0315754
0.00819693
0.0942319
0.00921358
0.0229121
0.472942
0.0615529
0.0398279
0.00693075
0.0551517
0.0776973
0.00810277
0.00583409
0.429931
0.00747153
0.0141636
0.00769332
0.269971
0.0249563
0.132707
0.0303277
0.279
0.00968595
0.127823
0.0121575
0.00707321
0.191456
0.00577546
0.0925778
0.352954
0.0730899
0.0730884
0.0339131
0.00683932
0.00338777
0.0252582
0.00962611
0.00377074
0.00269569
0.00221345
0.0047142
0.00779349
0.165735
0.0680087
0.0106603
0.00884342
0.00989384
0.0320072
0.00555656
0.101899
0.0754842
0.0167556
0.010435
0.0113581
0.0024227
0.00454632
0.00668251
0.0264321
0.00117084
0.0155497
0.0061157
0.0521348
0.0824978
0.263951
0.298811
0.0259314
0.0309801
0.0243563
0.00489164
0.00721835
0.173852
0.0101611
0.0981136
0.0368457
0.192762
0.012775
0.0226691
0.0444691
0.0132621
0.0222462
0.00333557
0.056061
0.122965
0.0122441
0.00700907
0.00531521
0.0178079
0.0155355
0.00622599
0.0206315
0.0150191
0.0353602
0.0600806
0.00449283
0.0349262
0.0111199
0.00663097
0.0175754
0.00384663
0.258527
0.00903205
0.0683423
0.011947
0.0372313
0.00188101
0.0757716
0.0287049
0.0236238
0.162907
0.00721645
0.00686585
0.00173657
0.132754
0.00531273
0.059781
0.526732
0.00992289
0.304436
0.00904437
0.158316
0.00337135
0.035163
0.00526867
0.0400711
0.0605808
0.0187413
0.00617271
0.00941287
0.0378729
0.0164399
0.216243
0.010633
0.00107315
0.0149781
0.0104542
0.00472008
0.0109328
0.0343023
0.00610825
0.0188641
0.00992517
0.0284006
0.0134122
0.00311686
0.00501162
0.00469951
0.00543551
0.00617472
0.0223929
0.00790485
0.00519379
0.00288352
0.00624177
0.00617485
0.248128
0.00996243
0.0060371
0.00823237
0.0124417
0.00332851
0.00666139
0.015985
0.0466411
0.021667
0.0167014
0.0997473
0.179873
0.00897746
0.0132291
0.0233613
0.00296008
0.00781013
0.0105967
0.0147173
0.0277882
0.0167031
0.0114262
0.0546406
0.0087665
0.014607
0.0248861
0.0268882
0.00328146
0.0327436
0.0138034
0.0271853
0.0436746
0.00466494
0.0114802
0.00807767
0.00496205
0.00282528
0.0155437
0.00444001
0.00557728
0.0981923
0.0124551
0.0106678
0.159602
0.220524
0.0525021
0.0326123
0.00879772
0.0211657
0.014429
0.0142882
0.00435984
0.0389591
0.00441867
0.0793695
0.0192477
0.0460489
0.0137168
0.27889
0.0972471
0.00900933
0.0143044
0.00783003
0.0409439
0.116546
0.0610352
0.00181246
0.0027751
0.0642987
0.0199134
0.0120062
0.0281134
0.00431247
0.0609563
0.00711105
0.00215532
0.0457746
0.012306
0.0286911
0.00436836
0.0124918
0.246732
0.0136392
0.133471
0.00719803
0.0448516
0.0185707
0.11238
0.00369593
0.0178427
0.0179687
0.0107095
0.00412895
0.0322575
0.00930493
0.0166641
0.00599726
0.0334183
0.00392679
0.00688375
0.0262845
0.137416
0.0257395
0.00454578
0.00391095
0.00263112
0.199088
0.0205621
0.0311146
0.00824863
0.319765
0.0143802
0.0105105
0.0161334
0.0170041
0.0118881
0.00389372
0.186913
0.00711327
0.10643
0.0792401
0.121145
0.0102942
0.00840904
0.00659976
0.0200573
0.00962808
0.00944401
0.0133787
0.00443376
0.0197099
0.0172346
0.00216354
0.0516965
0.00585522
0.0260024
0.0165471
0.00240299
0.170289
0.197892
0.224531
0.00764334
0.0176876
0.0165849
0.0082377
0.0313392
0.018763
0.084124
0.0635569
