0.0156998
0.00943742
0.0236639
0.00501515
0.0178448
0.0110597
0.0175396
0.00850916
0.00299188
0.0529462
0.026087
0.0115715
0.0147858
0.0132761
0.0246195
0.0174234
0.528254
0.0519597
0.0418263
0.0362164
0.0194513
0.0216237
0.0242178
0.00435528
0.122604
0.0171748
0.0153626
0.00530534
0.0164612
0.0125437
0.0251438
0.0165844
0.00650958
0.0235602
0.00846672
0.0243202
0.00621694
0.0140252
0.0152776
0.0151986
0.0639364
0.00405276
0.0150012
0.021294
0.00840588
0.014233
0.00907115
0.0106343
0.0285496
0.0319339
0.00679834
0.052173
0.0144777
0.00868351
0.0095492
0.0421235
0.0130803
0.00340534
0.0358004
0.00363947
0.016347
0.0551361
0.0115241
0.178396
0.00518256
0.0163038
0.00689625
0.0191583
0.00393616
0.00827778
0.00842523
0.0105493
0.0356926
0.019187
0.010435
0.013593
0.00911597
0.0403369
0.015459
0.00522265
0.0145404
0.00548948
0.00300841
0.0176266
0.0028232
0.0155769
0.0114654
0.00424344
0.0163511
0.00956131
0.235053
0.0253332
0.00394452
0.293582
0.276139
0.0144804
0.0301596
0.00978576
0.0255213
0.0149704
0.0118066
0.00645193
0.0295711
0.00575656
0.0124153
0.0150634
0.00946757
0.00947715
0.0085254
0.0154139
0.0116132
0.0131126
0.0169944
0.030333
0.0046001
0.0142456
0.0198097
0.0318347
0.00318562
0.00411008
0.00982665
0.00743767
0.0138871
0.0140998
0.0233017
0.00791011
0.0155038
0.0398584
0.00427686
0.00545758
0.165434
0.0118916
0.12241
0.00948927
0.00651443
0.215487
0.0156524
0.200425
0.0480651
0.0761007
0.0119762
0.270119
0.134625
0.0130046
0.180713
0.00707705
0.259013
0.0109902
0.00972619
0.0160916
0.00647222
0.0934225
0.00246768
0.0583453
0.0191914
0.00595934
0.0267735
0.00293442
0.308935
0.191478
0.0074285
0.0109527
0.0897284
0.0242897
0.0106041
0.0189332
0.320476
0.0387234
0.0318348
0.0151545
0.0142927
0.0650408
0.0800211
0.00472566
0.0122596
0.0265099
0.0265937
0.0500975
0.180145
0.0110727
0.023858
0.0161944
0.0696877
0.0890853
0.00305638
0.0463986
0.0203745
0.0122103
0.443245
0.00883635
0.0166995
0.02016
0.00762913
0.0044083
0.0187926
0.0561509
0.0249213
0.00793686
0.0480577
0.152569
0.00658339
0.00978751
0.00859567
0.0150012
0.00405656
0.0286429
0.0227154
0.00770085
0.021122
0.0140984
0.0299709
0.0150191
0.0239949
0.0165478
0.0264385
0.0273226
0.00649486
0.0213211
0.00983323
0.123049
0.0212215
0.0255655
0.324387
0.0129353
0.017859
0.00326804
0.013231
0.00900155
0.00932538
0.00891025
0.160066
0.0592847
0.346375
0.00434171
0.047585
0.00751079
0.0204172
0.0233429
0.0259324
0.0173532
0.180196
0.0019377
0.00796543
0.00517962
0.0114683
0.00407906
0.00488951
0.0133619
0.0124047
0.017728
0.00321926
0.00410302
0.00488102
0.00450087
0.0272563
0.0123471
0.00237673
0.00914673
0.0222204
0.00417816
0.00650978
0.0113233
0.061095
0.0775971
0.0226313
0.00938988
0.00840543
0.0305299
0.0213456
0.0847711
0.0149863
0.110678
0.131565
0.00542349
0.0376144
0.019896
0.00239072
0.00668425
0.0199793
0.0303414
0.0203137
0.0146464
0.0689549
0.00878104
0.016237
0.0235921
0.245443
0.0751365
0.0168421
0.425662
0.00765733
0.0176112
0.00523028
0.151349
0.00945464
0.0223638
0.00557837
0.0246025
0.0326885
0.0156907
0.0472136
0.00348551
0.00847848
0.0178358
0.0173803
0.0070329
0.0567097
0.0127907
0.0451458
0.00649266
0.00618821
0.0261011
0.0912269
0.12724
0.00860896
0.258233
0.00978162
0.0260524
0.012666
0.0057596
0.103557
0.0127728
0.105215
0.0168751
0.107069
0.0263021
0.0147393
0.087305
0.0251566
0.0228339
0.00924667
0.0126263
0.032966
0.0104725
0.348379
0.0067813
0.0181971
0.0062751
0.0505025
0.016895
0.0962599
0.0178565
0.0536954
0.0141938
0.0498418
0.0206577
0.0140993
0.00592457
0.016065
0.00600829
0.00243233
0.0433209
0.0275588
0.032447
0.10746
0.450776
0.00811078
0.006467
0.00633958
0.0631071
0.0344249
0.0125894
0.0554808
0.0133399
0.0292568
0.00795747
0.00782343
0.0193851
0.0312106
0.00899912
0.0152705
0.00810537
0.0112759
0.0153761
0.0253584
0.0154718
0.0272698
0.00566809
0.350395
0.0233411
0.01795
0.013014
0.00870891
0.0275751
0.00944239
0.0215951
0.817363
0.0104198
0.00868169
0.0191956
0.0227919
0.00815304
0.0349292
0.024397
0.020725
0.00761747
0.0121263
0.0117966
0.0142492
0.00761348
0.00568036
0.0407217
0.00894195
0.00172062
0.0288633
0.0122588
0.00223161
0.495104
0.0106146
0.00740237
0.00312097
0.0221866
0.0100259
0.0432715
0.330846
0.0142385
0.00475038
0.101476
0.00427218
0.0280234
0.00979532
0.00529551
0.0117899
0.00811253
0.012615
0.0150731
0.0124061
0.00666539
0.00517635
0.0101501
0.0174234
0.0176298
0.0137492
0.00812431
0.00810306
0.0120414
0.0614431
0.00136657
0.00429293
0.0103927
0.00319432
0.00258779
0.00551898
0.00462211
0.00533276
0.0169202
0.00973142
0.0111874
0.022284
0.00304548
0.00779885
0.00837356
0.0162808
0.00720808
0.0103184
0.764982
0.0150071
0.0367893
0.00632293
0.0439906
0.326401
0.00765314
0.0132051
0.0198772
0.00806924
0.0115071
0.0123997
0.43702
0.00330802
0.00482913
0.0221908
0.0108773
0.009561
0.0371829
0.000958894
0.0172635
0.00665295
0.0137298
0.00400585
0.0113464
0.0120007
0.0108562
0.036512
0.0129727
0.00780367
0.0144307
0.00181598
0.00168294
0.00312484
0.0293442
0.010648
0.0131607
0.0211671
0.00749081
0.0116104
0.011765
0.00364924
0.00684138
0.131593
0.0649415
0.0488355
0.159258
0.0259657
0.0154459
0.0251796
0.0108155
0.07835
0.0199949
0.16568
0.127113
0.0136988
0.223432
0.0285246
0.029125
0.00722546
0.0190383
0.111248
0.211859
0.013998
0.00981116
0.222478
0.042726
0.00510766
0.00563145
0.321129
0.256236
0.0419261
0.153726
0.0124417
0.010539
0.333293
0.0253125
0.0295768
0.13236
0.0154559
0.0562834
0.00630166
0.0148966
0.0273521
0.00742292
0.0735944
0.00768778
0.180899
0.022745
0.362318
0.00564497
0.0118887
0.571107
0.0920557
0.320063
0.196457
0.284273
0.0233775
0.0108608
0.18829
0.00716526
0.0148349
0.0173179
0.0100318
0.01633
0.0146545
0.00348168
0.0110191
0.00498249
0.0131624
0.173848
0.0205083
0.132376
0.0263517
0.0909653
0.0354799
0.0251814
0.219716
0.00842022
0.00869802
0.00658802
0.00886374
0.0185247
0.0355335
0.0220688
0.0289191
0.116798
0.0146251
0.0049234
0.00703727
0.00935954
0.0192929
0.00982798
0.00867515
0.00378253
0.0412188
0.0366071
0.00688929
0.00532115
0.0198038
0.0134603
0.0174335
0.0337882
0.087158
0.0395931
0.0129548
0.0132638
0.00212451
0.0116575
0.525018
0.00660008
0.0120315
0.0059209
0.0050143
0.0120856
0.0620624
0.161893
0.122815
0.0251944
0.175651
0.0102334
0.0378129
0.259486
0.0392371
0.028502
0.00882797
0.00750168
0.118563
0.0368507
0.152472
0.00308546
0.158918
0.0184935
0.0836356
0.00420427
0.0150974
0.0107135
0.0145182
0.00905748
0.0244475
0.0206167
0.010066
0.019044
0.00486382
0.0032261
0.00816153
0.00396457
0.363917
0.135116
0.0934993
0.212482
0.347706
0.336555
0.340816
0.170641
0.132122
0.187087
0.136292
0.248479
0.0237709
0.262473
0.0410885
0.161098
0.00739102
0.02932
0.0434548
0.00788665
0.0169543
0.0108262
0.316965
0.243782
0.0146768
0.0178132
0.0101717
0.271744
0.0963657
0.149078
0.33351
0.0195328
0.819921
0.0180144
0.0045465
0.0163061
0.011736
0.255148
0.0125001
0.27677
0.0647607
0.145831
0.0616368
0.450887
0.018913
0.0397327
0.552432
0.486143
0.338432
0.367731
0.138546
0.015319
0.16654
0.00558353
0.132185
0.0131249
0.167652
0.110115
0.11387
0.254005
0.010637
0.0308731
0.15842
0.0105969
0.0109106
0.00737638
0.253147
0.012251
0.0798787
0.00814765
0.00619589
0.0027346
0.00492589
0.00686957
0.218098
0.167413
0.00924105
0.0661514
0.329193
0.0245635
0.140331
0.25152
0.0103355
0.160164
0.155351
0.0366231
0.00714442
0.014248
0.0185204
0.0156428
0.0220387
0.00353101
0.00741393
0.0063078
0.00517194
0.016616
0.00246528
0.0124244
0.00765614
0.00513971
0.0102061
0.0302753
0.00828501
0.0180171
0.00865855
0.00929707
0.00552048
0.0141939
0.114245
0.191234
0.290856
0.00891169
0.00851931
0.00953615
0.0351027
0.0102164
0.00423493
0.0111975
0.00278428
0.00492341
0.0197672
0.0325518
0.0165462
0.0104019
0.403932
0.00237181
0.0644307
0.15545
0.249321
0.0203804
0.222247
0.111416
0.00681529
0.408209
0.024523
0.0116161
0.00988973
0.0179357
0.00434007
0.0127148
0.0035381
0.00859156
0.0135706
0.0106655
0.0136418
0.0259057
0.0158947
0.114553
0.00712859
0.0162748
0.410022
0.0160289
0.0140547
0.0193816
0.00459598
0.00846748
0.0178431
0.0190952
0.00977618
0.0126479
0.00626163
0.0249275
0.0107006
0.0117244
0.0169744
0.0154226
0.00598698
0.00221415
0.0328935
0.00770191
0.0292696
0.00925469
0.0411339
0.00464995
0.00618696
0.0272745
0.273393
0.145688
0.92383
1.15419
0.0163097
0.0586178
0.00960122
0.46011
0.0469384
0.21689
0.0229979
0.028394
0.0830302
0.0270778
0.0121346
0.800657
0.657902
0.148103
0.109345
0.441602
0.0179158
0.00740276
0.0130986
0.0759221
0.013864
0.00856394
0.0598115
0.0140085
0.0133052
0.522852
0.203053
0.0318859
0.553939
0.300501
0.0772984
0.0868395
0.0268905
0.184905
0.031815
0.0204703
0.00681077
0.00384539
0.00813631
0.016754
0.0139707
0.0157963
0.0184626
0.00620967
0.00719798
0.0180272
0.00362708
0.0132029
0.00311807
0.00450553
0.0292327
0.00565008
0.0041819
0.00911504
0.00743446
0.0108409
0.0445135
0.0374203
0.534814
0.0467979
0.252152
0.0434998
0.184854
0.00795736
0.305507
0.00853203
0.0843248
0.0482401
0.346794
0.00828486
0.0124634
0.00746413
0.0110968
0.0300937
0.0157757
0.0161575
0.0103872
0.00797081
0.030532
0.00844052
0.0126805
0.00332739
0.00356804
0.00986918
0.00622547
0.036667
0.00751124
0.240203
0.0134165
0.0165124
0.0098132
0.197536
0.0571913
0.150378
0.0696924
0.0033411
0.0065139
0.0621047
0.131441
0.0141347
0.0133812
0.412747
0.0128725
0.00723399
0.013972
0.034793
0.305124
0.0245938
0.0269395
0.0176149
0.0187505
0.013958
0.00992439
0.00698271
0.0109373
0.276321
0.0777046
0.348
0.00795959
0.0628147
0.436501
0.0127221
0.5384
0.0552876
0.00680728
0.0354819
0.0195117
0.00535589
0.00438968
0.00691985
0.00601999
0.015076
0.00641808
0.00312809
0.0118575
0.00397892
0.0107638
0.0145936
0.0219851
0.0154094
0.0114983
0.0185608
0.00577045
0.00186215
0.0159801
0.0459553
4.28288
0.0305009
0.178423
0.227883
0.521513
0.112833
0.0476076
0.0111784
0.0151371
0.00680546
0.0072108
0.0118972
0.0144112
0.0670831
0.0662223
0.367767
0.0170507
0.0140606
0.0163216
0.032103
0.00639828
0.015104
0.00881968
0.0137151
0.0121379
0.015349
0.407221
0.00875491
0.0183755
0.00448847
0.00909436
0.00226803
0.399042
0.00356033
0.00787232
0.0388812
0.0140088
0.00878361
0.0149895
0.0128028
0.0215658
0.0104118
0.0108279
0.033253
0.249537
0.00311275
0.00634641
0.00623121
0.0119861
0.0184283
0.0184393
0.0158904
0.0234925
0.0291149
0.0164881
0.0708096
0.00599007
0.00567378
0.0594573
0.0208773
0.0172438
0.01328
0.0137027
0.00376429
0.00890931
0.042401
0.00734219
0.0169788
0.0213818
0.00610011
0.00309535
0.00978535
0.0232188
0.00874647
0.0233144
0.00641642
0.0133599
0.00811947
0.00757288
0.0117807
0.0110446
0.0143615
0.00266488
0.0112846
0.0137639
0.0156912
0.00614485
0.0639563
0.0115293
0.0224577
0.0178585
0.00402702
0.0121337
0.00875189
0.00553715
0.0104552
0.0133736
0.00520676
0.00946878
0.116519
0.0119546
0.0377578
0.0220902
0.0340544
0.00826762
0.0838866
0.00536425
0.0602405
0.0244534
0.0043194
0.305217
0.0169673
0.00351306
0.0170517
0.0198669
0.00890954
0.00543075
0.0102097
0.00220031
0.0141479
0.0185798
0.0109359
0.0197102
0.0583345
0.0055859
0.129689
0.152331
0.01171
0.00785969
0.00760436
0.0107009
0.15459
0.00582994
0.00901393
0.00474297
0.0285316
0.00815068
0.00970579
0.00529946
0.00532461
0.00811926
0.0117947
0.00401052
0.0106855
0.00508031
0.0147694
0.0306689
0.0209362
0.0104116
0.0577635
0.0618434
0.0356248
0.310663
0.0176817
0.157299
0.029694
0.362422
0.282864
0.0362892
0.0263536
0.395007
0.157499
0.0071053
0.126718
0.0050127
0.0173272
0.00405549
0.0197195
0.00350586
0.00481887
0.0097728
0.00800565
0.00735659
0.200566
0.0475926
0.00519539
0.0150654
0.276693
0.00402289
0.207212
0.0328559
0.0175916
0.345503
0.00333828
0.0172426
0.00141249
0.159566
0.115219
0.135847
0.0707359
0.031965
0.0110104
0.00873751
0.0100257
0.00627702
0.0143423
0.0140061
0.0941175
0.106316
0.150674
0.0165658
0.0150819
0.0140965
0.0741539
0.0228311
0.00483556
0.00698436
0.0586366
0.114658
0.0158224
0.00848844
0.0774429
0.258158
0.405272
0.175505
0.00519144
0.00716154
0.401418
0.0759089
0.158868
0.20394
0.190131
0.0531085
0.470464
0.718074
0.292541
0.747105
0.0180276
0.00965351
0.0411401
0.00573957
0.0732145
0.232709
0.0353265
0.0110154
0.117636
0.429896
0.0110369
0.0154035
0.140073
0.030574
0.00738349
0.516749
0.0820366
0.171208
0.00974276
0.0608523
0.147945
0.0256035
0.00817658
0.0250617
0.0104233
0.013142
0.0241263
0.00470331
0.0104088
0.00498241
0.31751
0.00978478
0.116654
0.0147763
0.217881
0.0139064
0.280481
0.271261
0.0283828
0.0619435
0.115891
0.0205914
0.088697
0.668878
0.233947
0.00556206
0.0189391
0.00891995
0.0121109
0.0245829
0.264419
0.105673
0.0436539
0.16667
0.0166618
0.00336782
0.0177065
0.00370447
0.0184567
0.0298017
0.0183447
0.00544302
0.00398156
0.00608341
0.00411123
0.00754314
0.0135975
0.0525693
0.174044
0.034474
0.015628
0.0129521
0.00422845
0.0074446
0.028786
0.012967
0.00745623
0.00806228
0.0191967
0.00721577
0.00987125
0.00681311
0.0523797
0.0145063
0.0268618
0.00985401
0.0386717
0.0811005
0.157542
0.030909
0.0108584
0.014679
0.00158116
0.311161
0.00730497
0.012395
0.0183569
0.00269478
0.0075702
0.0110624
0.282816
0.00665277
0.0110237
0.00371837
0.00689861
0.00998024
0.0109186
0.0480048
0.0100471
0.0150922
0.0127727
0.00293546
0.00832146
0.0104431
0.0314716
0.0144297
0.00662364
0.0288231
0.0127994
0.00630181
0.0159453
0.0125555
0.0122952
0.00977565
0.0223739
0.0242323
0.0345774
0.00406282
0.0133929
0.016315
0.0315941
0.0238775
0.0137076
0.00313866
0.00910577
0.0174833
0.00816819
0.0216882
0.013921
0.00987582
0.168558
0.0150706
0.0123127
0.00695972
0.00487876
0.00917162
0.00673908
0.0116489
0.0180597
0.028107
0.0267889
0.00983682
0.0106339
0.0274497
0.0247957
0.0628888
0.0798484
0.12763
0.01751
0.116166
0.011535
0.0100371
0.0150063
0.0053058
0.0556814
0.0131117
0.104337
0.0724154
0.163853
0.0071924
0.0249862
0.0244716
0.0139151
0.0128345
0.0173784
0.00663325
0.0216779
0.485103
0.492205
0.591857
0.0424124
0.0637927
0.148226
0.123441
0.226145
0.0270899
0.198999
0.151334
0.0526606
0.014925
0.0086135
0.015428
0.209311
0.102696
0.0136353
0.128652
0.114758
3.67747
0.109805
0.0043437
0.0913559
0.0470987
0.21982
0.174532
0.421245
0.297044
0.024021
0.00864405
0.353372
0.032881
0.595115
0.00409365
0.0372548
0.0571869
0.0375045
0.0134169
0.217028
0.0403936
0.162439
0.06846
0.0933923
0.00915343
0.135608
0.00390321
0.567943
0.0959968
0.0143228
0.00909365
0.0186927
0.0135668
0.0234844
0.112914
0.174325
0.0652673
0.0136198
0.0753538
0.0293978
0.00696123
0.251801
0.801531
0.0172046
0.00422753
0.0529995
0.627823
0.0763806
0.0365873
0.295359
0.0102183
0.0784141
0.00754259
0.0109423
0.0124989
0.00908364
0.0686357
0.0214268
0.673916
0.00359101
0.00722676
0.342582
0.0952279
0.103977
0.312513
0.0677559
0.301879
0.0687374
0.0181564
0.0055771
0.116173
0.376657
0.00715498
0.0392819
0.00779789
0.217977
0.0131416
0.0359988
0.00483309
0.0499549
0.0136561
0.0219699
0.059052
0.0189129
0.0129425
0.0263359
0.126816
0.0156469
0.024175
0.00505405
0.0798109
0.0111679
0.0166267
0.0644805
0.0351497
0.0251806
0.0219651
0.0169673
0.00582833
0.259792
0.0247088
0.0067674
0.00655239
0.0456738
0.135424
0.212046
0.245838
0.102185
0.0300645
0.231743
0.113326
0.0428728
0.0262558
0.0038508
0.010443
0.143793
0.0109323
0.149255
0.0121721
0.380238
0.055019
0.0563424
0.0933553
0.0378544
0.0234356
0.0720755
0.503137
0.0978526
0.00934579
0.0535091
0.00378724
0.00428768
0.0440473
0.00302313
0.00676888
0.00589858
0.0218429
0.0171557
0.00352888
0.0311506
1.22045
0.00441965
0.00815335
0.0565321
0.0770668
0.0247598
0.0191145
0.044412
0.0235891
0.234028
0.206644
0.0201369
0.0259052
0.388091
0.0835079
0.00786206
0.0064439
0.00927695
0.0122405
0.0347081
0.0128504
0.00783534
0.00133006
0.00597496
0.0192557
0.0165038
0.0159962
0.0167445
0.00490864
0.031194
0.00599495
0.00573828
0.0039666
0.00833898
0.0121972
0.0154965
0.0204329
0.0113154
0.0243561
0.0107968
0.00810768
0.00960085
0.0097001
0.00905039
0.00712202
0.0125118
0.00265254
0.0212531
0.00223456
0.00912982
0.00476242
0.00279064
0.0106495
0.0114934
0.00441011
0.0148005
0.0504422
0.215515
0.0101774
0.0106522
0.0280731
0.00906872
0.301557
0.566149
0.37013
0.72131
0.205238
0.0244123
1.20323
0.0342439
0.0358793
0.0115561
0.0115631
0.0201703
0.396264
0.00240274
0.013006
0.0105496
0.0221039
0.00975676
0.00760551
0.0168435
0.0122229
0.0306102
0.0134432
0.163186
0.0936717
0.15246
0.213269
0.0500508
0.548851
0.00726701
0.276066
0.124219
0.230251
0.0509735
0.288321
0.242201
0.145772
0.102592
0.224388
0.13885
0.190162
0.00985843
0.00370495
0.0266251
0.131532
0.00987314
0.999779
0.0850748
0.0406044
1.40761
0.0557323
0.0218639
0.0329865
0.0171503
0.454578
0.0146247
0.00785985
0.00802103
0.0276695
0.023999
0.0157847
0.0182044
0.00611726
0.0143687
0.00251275
0.0281657
0.0135896
0.00602835
0.0147028
0.0137189
0.0112082
0.0144269
0.00481873
0.00297032
0.00783995
0.010083
0.00247878
0.0172604
0.013117
0.0173669
0.0083679
0.0324888
0.00219445
0.00462844
0.00611542
0.0921082
0.0758697
0.27199
0.00853365
0.0193245
0.105559
0.0037529
0.00774487
0.0064341
0.00654188
0.70222
0.389918
0.0753164
0.0279583
0.0393339
0.0161445
0.00197849
0.0154727
0.087548
0.170525
0.0224474
0.119369
0.0400032
0.00285261
0.00801676
0.181494
0.0494869
0.22555
0.0162332
0.190993
0.0029663
0.00931541
0.00466023
0.0649226
0.112583
0.105701
0.0118269
0.327863
0.0530751
0.0831108
0.156869
0.0635925
0.015063
0.0166072
0.348294
0.0296068
0.00172971
0.0159589
0.00440378
0.05736
0.0245291
0.0307466
0.00286285
0.0180119
0.00705116
0.0260724
0.00573393
0.0137033
0.00694865
0.0121957
0.00629922
0.0116122
0.0120556
0.00479655
0.0130263
0.0187301
0.0180583
0.0177576
0.0144534
0.00918549
0.0152766
0.0130861
0.0122063
0.0064621
0.0279822
0.0175303
0.00237958
0.00945133
0.0126987
0.0234977
0.28036
0.0339987
0.490335
0.0280986
0.00816389
0.386027
0.0103289
1.40946
0.640106
0.0133863
0.390827
0.118836
0.0472934
0.115891
0.015056
0.186383
2.37405
0.0554379
0.398643
0.25175
0.159387
0.0559136
0.0151735
0.0274373
0.0150019
0.0261828
0.209313
0.00564386
0.698922
0.00650581
0.00607277
0.209621
0.0789979
0.0270616
0.295555
0.15721
0.233377
0.0214228
0.00814074
0.147444
0.0575866
0.0562625
0.118086
0.115199
0.0469702
0.0303984
0.575064
0.00504129
0.011436
0.023834
0.0899589
0.002811
0.234336
0.0111789
0.0336133
0.0224824
0.0534214
0.0737606
0.0554272
0.0720228
0.0171748
0.0551986
0.0695225
0.024775
0.0148156
0.0342755
0.020489
0.168142
0.0167623
0.0146592
0.142065
0.0233411
0.216862
0.0116635
0.138669
0.0123419
0.135094
0.0228978
0.145698
0.0660927
0.20042
0.83713
0.0360471
0.0256671
0.020646
0.327492
0.0209229
0.0857879
0.00897847
0.0194238
0.0123128
0.00463977
0.0264449
0.00969165
0.0126345
0.121677
0.00395575
0.257299
0.00787165
0.0414046
0.0949948
0.125659
0.199844
0.0106986
0.383211
0.121466
0.00904227
0.0278269
0.0116542
0.0125509
0.0385718
0.0155308
0.0101242
0.0110286
0.0147833
0.00500286
0.0142205
0.0164762
0.0138776
0.0101751
0.0281419
0.00766293
0.0779494
0.00692149
0.00623644
0.01242
0.00344375
0.00600668
0.00523171
0.00696752
0.193643
0.0101318
0.00441464
0.0201769
0.002844
0.221826
0.00688181
0.0226845
0.0165766
0.0185135
0.0122958
0.0187778
0.0188721
0.0143743
0.00901935
0.0186556
0.0094842
0.00982796
0.0344343
0.0073898
0.0244854
0.0273029
0.2894
0.0339773
0.0253999
0.00889883
0.0424605
0.00171962
0.00451463
0.0164186
0.0609988
0.155442
0.0254049
0.0168982
0.0155007
0.0283667
0.0567046
0.0110731
0.0128454
0.0238364
0.00497582
0.0114713
0.0272159
0.0117068
0.0130203
0.00769574
0.0343285
0.0101222
0.0254616
0.00468718
0.00837816
0.0252487
0.0139541
0.0126045
0.103774
0.0321181
0.0134286
0.0671799
0.0117989
0.0233526
0.0137916
0.0265364
0.0336085
0.0130522
0.0362417
0.0151577
0.0260765
0.0155926
0.00954468
0.00854082
0.0485728
0.0739734
0.16579
0.356952
0.0592982
0.00927258
0.00828558
0.328071
0.0340968
0.0222124
0.0256221
0.00849261
0.00729639
0.0132514
0.0187368
0.0064825
0.00381489
0.0345354
0.325285
0.0291145
0.00588439
0.00373784
0.00613391
0.00602989
0.0204675
0.0122584
0.00285264
0.00965068
0.0201652
0.00371995
0.0111176
0.0272609
0.0727661
0.0119828
0.0434383
0.0153608
0.00933632
0.00475522
0.0191281
0.00633792
0.00753165
0.0214454
0.00842252
0.00556274
0.0150656
0.0340842
0.0704743
0.015496
0.0192428
0.0273201
0.0858382
0.0206488
0.0701674
0.00562272
0.0075261
0.0185242
0.0258599
0.0291374
0.181519
0.0907164
0.0148285
0.00634341
0.00307304
0.0262074
0.255336
0.780549
0.156588
0.0132923
0.018215
0.0106142
0.257327
0.0404056
0.13184
0.00992926
0.0432953
0.0127482
0.013989
0.00485635
0.0143616
0.239856
0.00559104
0.022377
0.0165927
0.314985
0.0131127
0.00729594
0.0100984
0.0102577
0.0117463
0.0113003
0.0124986
0.0131115
0.283468
0.150945
0.0317919
0.69781
0.510377
0.196343
0.0405128
0.0360983
0.194863
0.00620143
0.271685
0.399962
0.00961895
0.0103792
0.183544
0.0472609
0.00377728
0.516531
0.252888
0.0121608
0.00754193
0.00729426
0.00997907
0.257856
0.00788561
0.00789137
0.0104689
0.103806
0.0281026
0.20917
0.134758
0.133377
0.402352
0.00795504
0.00571997
0.133042
0.156459
0.30967
0.282827
0.0080183
0.0233514
0.163072
0.0160583
0.0145047
0.015292
0.175952
0.0509817
0.0140096
0.199617
0.0675463
0.0202707
0.00413075
0.0307463
0.00580898
0.0353719
0.180816
0.00336252
0.277996
0.0250067
0.0427726
0.0108565
0.00444638
0.020788
0.0139673
0.0169875
0.0085681
0.0313776
0.310157
0.0075001
0.00695978
0.0245227
0.0278384
0.0178594
0.0418089
0.0298279
0.0113457
0.0106073
0.250953
0.213287
0.00926595
0.331341
0.423806
0.00993416
0.00538034
0.00575124
0.00299942
0.00716766
0.00123871
0.0335192
0.00788743
0.00887002
0.0180415
0.00739727
0.0904325
0.00304676
0.0143247
0.009277
0.0102717
0.0283891
0.0116413
0.0247637
0.0251354
0.0580361
0.00694417
0.00563858
0.00758254
0.010935
0.037613
0.0171307
0.393462
0.114129
0.0410682
0.0567123
0.0212927
0.0169986
0.0600448
0.0913398
0.0559885
0.0104091
0.00663397
0.0386598
0.0789577
0.0366865
0.0264084
0.0947916
0.0293517
0.0125824
0.0260702
0.00661867
0.00771368
0.0443342
0.0301665
0.0176562
0.0396728
0.0288822
0.00520773
0.266296
0.0284017
0.0323783
0.00561367
0.118108
0.0252348
0.0879488
0.0103979
0.0975775
0.0681894
0.507727
0.015241
0.0286273
0.0144296
0.338202
0.000827099
0.0312608
0.035562
0.0127873
0.102538
0.0128959
0.020502
0.0390868
0.0377551
0.0059462
0.0292608
0.00847357
0.175319
0.0470106
0.00841502
0.0479445
0.00649728
0.00972997
0.010606
0.0468445
0.0121679
0.0308699
0.019771
0.0055459
0.0225869
0.0378134
0.00546664
0.0816284
0.0131717
0.197375
0.0748209
0.0301028
0.00210457
0.0285274
0.023064
0.0335948
0.0167049
0.00782033
0.0143842
0.0100178
0.018965
0.0144922
0.020272
0.0229761
0.00721746
0.00936292
0.0406873
0.0180925
0.0313473
0.00972031
0.0117592
0.0132584
0.00610694
0.0156878
0.00894459
0.0105987
0.0171238
0.00970611
0.0124912
0.0199826
0.0182688
0.510874
0.0300288
0.0190839
0.0150243
0.013509
0.00648911
0.0130184
0.0117092
0.0331504
0.325221
0.225319
0.00517954
0.013914
0.134066
0.0311324
0.0205443
0.036717
0.0508911
0.116721
0.00666892
0.00936873
0.0736793
0.0186373
0.0237866
0.157752
0.349857
0.188818
0.00282071
0.124878
0.0810279
0.0804484
0.0373254
0.486766
0.0158172
0.46266
0.0146958
0.227332
0.0575914
0.0115011
0.0495866
0.00747762
0.183797
0.144363
0.0675038
0.366824
0.291059
0.01597
0.0122932
0.0114398
0.0039937
0.00687302
0.0217078
0.0124661
0.00908113
0.0034126
0.00759457
0.0390486
0.00293826
0.0101109
0.00581465
0.00475773
0.0139121
0.0265312
0.00472708
0.00486922
0.0203824
0.00204001
0.197762
0.00588476
0.0553466
0.159647
0.271775
0.00503909
0.143621
0.0968983
0.110393
0.0705813
0.103707
0.252779
0.0445599
0.0563291
0.176812
0.0213321
0.024233
0.0098045
0.298327
0.1107
0.148641
0.0642412
0.185655
0.0465276
0.0895544
0.267531
0.146263
0.169686
0.0501436
0.0319667
0.232979
0.0146953
0.109294
0.00786437
0.197336
0.383006
0.00758948
0.0237511
0.107013
0.105956
0.130904
0.0651465
0.204782
0.133572
0.354199
0.236986
0.292239
0.0457245
0.0977305
0.00477854
0.0448186
0.0153713
0.041004
0.0201056
0.00378584
0.0518388
0.142952
0.00588114
0.0899602
0.149551
0.0259538
0.007753
0.121376
0.185311
0.131038
1.06811
0.206983
0.224378
0.0417904
0.24143
0.233724
0.0666719
0.272025
0.0168867
0.40333
0.280592
0.00451415
0.246301
0.00215839
0.0322561
0.0102443
0.00604969
0.00954395
0.00980078
0.36448
0.56351
0.315339
0.0213292
0.0217352
0.0117811
0.0377962
0.00434654
0.00260337
0.0177609
0.246646
0.00684182
0.0238373
0.00916751
0.0078236
0.0386669
0.0142505
0.0107977
0.00525813
0.00758348
0.00396426
0.00534475
0.00876591
0.0160176
0.126026
0.00356994
0.0151156
0.0180248
0.00782586
0.00837512
0.0153838
0.00755034
0.0147286
0.00334418
0.0173896
0.00599896
0.032985
0.00624233
0.0222251
0.0336748
0.00463383
0.00403074
0.00803942
0.0050318
0.0194292
0.00611944
0.0103664
0.0680487
0.00901882
0.00899413
0.0157566
0.0250086
0.00627244
0.00462001
0.0124431
0.0111652
0.00922931
0.0171662
0.109477
0.00332099
0.00865547
0.0214305
0.00227265
0.0121593
0.00270334
0.0052146
0.0156835
0.00667008
0.0114326
0.023419
0.0119759
0.122167
0.0167306
0.453135
0.023042
0.00679244
0.00597942
0.032601
0.0212896
0.0056178
0.0113216
0.0190567
0.0134484
0.00990432
0.0154717
0.0163652
0.0134342
0.0432507
0.241919
0.00849932
0.036795
0.0339617
0.0882022
0.00431217
0.393773
0.072556
0.00887196
0.0111644
0.0117233
0.0073504
0.0189018
0.0479808
0.0176617
0.011361
0.0156016
0.0532178
0.0072741
0.0171327
0.00413457
0.00101699
0.00302236
0.0205365
0.0168555
0.175465
0.00631621
0.00765686
0.00910263
0.0271726
0.0122898
0.0128649
0.00922864
0.00980999
0.0125353
0.0180506
0.0339057
0.0126891
0.0186287
0.0194959
0.0102282
0.00682634
0.0146307
0.0446022
0.00518183
0.0110886
0.00575457
0.0124126
0.0146057
0.00859845
0.00849706
0.0109224
0.0213533
0.0133098
0.00205304
0.0407022
0.0124494
0.0048472
0.0165567
0.265402
0.00656005
0.0114357
0.017488
0.0150405
0.0175477
0.119257
0.00885359
0.0692634
0.504267
0.0837263
0.0210954
0.023133
0.0185924
0.0173354
0.0206905
0.00924445
0.0149935
0.00653677
0.226521
0.0395432
0.0166597
0.208079
0.011519
0.0320826
0.00721143
0.737378
0.249852
0.00818944
0.146871
0.0175336
0.455079
0.00744276
0.0126466
0.0244973
0.0104132
0.0071662
0.0118713
0.0135211
0.0297956
0.02372
0.00347706
0.0145453
0.0141887
0.0134117
0.304121
0.02444
0.0299419
0.484921
0.307087
0.103379
0.00743746
0.16162
0.194612
0.356482
0.0156918
0.277904
0.255906
0.38795
0.0701996
0.0157801
0.060032
0.0446192
0.159287
0.0419699
0.103179
0.00392858
0.0895684
0.148672
0.784751
0.67889
0.013408
0.049475
0.0202696
0.0732077
0.0136891
0.10487
0.429471
0.172439
0.00542364
0.15858
0.0195508
0.0283868
0.059132
0.0140368
0.0187687
0.0203834
0.0156249
0.415426
0.13267
0.00501284
0.00438527
0.00871747
0.0230891
0.0483404
0.292677
0.0026189
0.349278
0.128205
0.0563087
1.12585
0.161189
0.481144
0.933895
0.153943
0.0376441
0.00623675
0.0103657
0.0238484
0.029201
2.09865
0.0114684
0.0755085
0.0359207
0.059015
0.00721668
0.546463
0.00491549
0.00773159
0.00559951
0.00417184
0.241915
0.00462122
0.0135404
0.0123849
0.00367559
0.00893022
0.00982638
0.004271
0.0112915
0.0138509
0.00663687
0.0172371
0.0159416
0.0175828
0.00854355
0.010095
0.00635697
0.0091958
0.00364662
0.00456133
0.00454609
0.01459
0.00789361
0.0126384
0.0278931
0.00487281
0.0193096
0.00953748
0.00710382
0.00892571
0.013866
0.0119008
0.0179773
0.0197109
0.013424
0.0168106
0.00924385
0.0163297
0.0127642
0.0147572
0.00337124
0.0124684
0.00745766
0.0217505
0.0227621
0.0174963
0.00947509
0.0341786
0.0206178
0.0105318
0.0187188
0.0332943
0.00576682
0.0200453
0.0222307
0.00624788
0.0300407
0.0138849
0.366684
0.00697107
0.0496355
0.00913124
0.0371471
0.0469332
0.0207795
0.157379
0.13913
0.00367855
0.0152052
0.00876323
0.0123635
0.00334516
0.00269254
0.0324943
0.00962504
0.0195254
0.0286232
0.186736
0.0230206
0.152448
0.014298
0.0167938
0.0313075
0.00539225
0.00954743
0.0437289
0.0160713
0.0194972
0.542002
0.0053841
0.0454193
0.0112272
0.403868
0.00602329
0.0266668
0.0173326
0.0134596
0.389479
0.01358
0.00848833
0.0240613
0.00792954
0.187101
0.0318801
0.0231348
0.0057266
0.0028869
0.0301793
0.297637
0.00765574
0.00677052
0.0144133
0.0104653
0.00780375
0.0425579
0.0183323
0.0129267
0.0230542
0.00242941
0.00630196
0.0396838
0.00487073
0.00632749
0.0872153
0.360549
0.00959253
0.0191269
0.00659994
0.010553
0.00487164
0.000721629
0.00603375
0.0108301
0.259555
0.244325
0.00474258
0.0898195
0.302549
0.125906
0.0062118
0.00627286
0.0482874
0.0891761
0.24373
0.276488
0.0305738
0.0475759
0.297535
0.132142
0.0136405
0.015657
0.342962
0.0137962
0.107537
0.281053
0.149087
0.014111
0.0384661
0.0187874
0.0280878
0.0194879
0.0131581
0.00711542
0.0109338
0.447315
0.0620259
0.0665614
0.0642024
2.41094
0.329977
0.00393859
0.0269381
0.0170511
0.0285408
0.0112852
0.0126204
0.0202314
0.0108376
0.141657
0.0745274
0.0386641
0.00282456
0.444932
0.482886
0.0165003
0.0127629
0.00454763
2.74639
0.120482
0.0161368
0.0803385
0.0921156
0.0137499
0.161146
0.0110003
0.0102686
0.200031
0.00826897
0.0131325
0.179506
0.416525
0.104563
0.0322716
0.330063
0.0083077
0.0074621
0.225101
0.0187422
0.107719
0.214415
0.0403801
0.136321
0.0282433
0.219722
0.131146
0.207183
0.0612422
0.130231
0.0307701
0.0226415
0.0350694
0.115697
0.0190805
0.0199077
0.259342
0.121824
0.138715
0.0258152
0.00472241
0.419561
0.00782518
0.199486
0.227658
0.00620931
0.153997
0.00852825
0.106764
0.0487705
0.005624
0.00633199
0.00929847
0.00753028
0.0085339
0.0140274
0.00174261
0.0230485
0.0561637
0.583562
0.325532
0.0440339
0.011559
0.015934
0.00840103
0.0168032
0.0485105
0.0643097
0.0125485
0.0104786
0.00298987
0.0216267
0.00471066
0.0138957
0.0109584
0.0202382
0.0188948
0.0285413
0.007874
0.0475048
0.0706767
0.0190387
0.00693143
0.0109817
0.00354027
0.00717145
0.0110684
0.025926
0.0305635
0.016853
0.0125114
0.420491
0.156114
0.0162157
0.0193836
0.0059108
0.00595265
0.29225
0.0072635
0.0182153
0.00327986
0.111005
0.0104147
0.0148695
0.00397441
0.0102387
0.0141296
0.00613867
0.00922873
0.0108831
0.00977012
0.00532444
0.0100489
0.0130803
0.00629228
0.026119
0.0101183
0.00866888
0.00594776
0.00663825
0.326807
0.0175097
0.0113626
0.0102371
0.00489798
0.0251355
0.205205
0.0112905
0.0382232
0.00914069
0.0267159
0.0143737
0.00730466
0.00719793
0.0182391
0.0326537
0.0162149
0.0113112
0.00619896
0.00396745
0.00585924
0.00348195
0.0189643
0.0149408
0.0138254
0.0124834
0.0101623
0.00811776
0.0206045
0.0143511
0.00913259
0.0091796
0.00583125
0.00467325
0.00533606
0.0193838
0.00114964
0.0196303
0.176579
0.0196587
0.0181025
0.0406069
0.0085792
0.00517106
0.0130086
0.00814553
0.0173622
0.0102711
0.0143892
0.00817069
0.0125206
0.00603688
0.00322607
0.0130988
0.0430301
0.0140625
0.0129865
0.00973584
0.035633
0.00348911
0.00962673
0.0209514
0.305734
0.0185445
0.0117144
0.00404074
0.0071159
0.00389345
0.0113822
0.00606325
0.00965255
0.00559685
0.0340332
0.00972977
0.00673835
0.0153781
0.00671134
0.00452211
0.0124449
0.00287541
0.00668368
0.00820568
0.00338719
0.538024
0.104897
0.00310256
0.114812
0.134367
0.00808845
0.00548781
0.304227
0.0164388
0.0128724
0.120869
0.418839
0.0710534
0.00774792
0.235492
0.0687561
0.0233846
0.150408
0.128224
0.0116049
0.00562085
0.0638852
0.15073
0.0856948
0.0347898
0.0548242
0.00698325
0.0220961
0.00639803
0.0764244
0.0165628
0.0146907
0.182823
0.0083618
0.00830694
0.0169303
0.0144315
0.00613378
0.00991332
0.00107753
0.0103983
0.00509535
0.010922
0.0124026
0.0236371
0.23805
0.0221217
0.00632154
0.0113679
0.0100227
0.0127066
0.012293
0.00903611
0.00657052
0.345189
0.00438515
0.00921718
0.0034318
0.0131268
0.00717418
0.0208353
0.00360057
0.0209205
0.00248495
0.00662311
0.0130859
0.0122238
0.0126525
0.0576325
0.016853
0.00553975
0.0030588
0.00983943
0.00977796
0.00801926
0.0161149
0.012652
0.00933309
0.0210416
0.00711507
0.00804544
0.0217226
0.0363045
0.0081612
0.0258488
0.0229736
0.0744305
0.011363
0.0857199
0.0075026
0.0074034
0.0119547
0.0499149
0.041072
0.0651298
0.0128971
0.0077657
0.0145649
0.0219639
0.0458016
0.0338481
0.225976
0.0793071
0.136825
0.0319754
0.0113866
0.0212938
0.295224
0.0148384
0.16428
0.146129
0.014784
0.0480321
0.0808417
0.0926979
0.013781
0.0114244
0.0132984
0.0054966
0.0049659
0.0094844
0.0206512
0.00790787
0.0115625
0.0144473
0.0104943
0.00851604
0.00962262
0.0067714
0.00706119
0.0118356
0.00696835
0.00258224
0.00457541
0.0068084
0.0220773
0.00652668
0.0157352
0.00782805
0.107472
0.00156246
0.0128811
0.00934147
0.00883784
0.00379933
0.004553
0.0106232
0.00825846
0.01327
0.00872706
0.0297327
0.0239514
0.00891744
0.0162994
0.019195
0.0087179
0.0145907
0.00248825
0.320106
0.00613774
0.0157516
0.0153849
0.00551817
0.00421927
0.0128386
0.016383
0.0103798
0.00564744
0.00576313
0.00286234
0.00574911
0.0110719
0.0231054
0.229816
0.00406543
0.00814683
0.0329169
0.000743931
0.00259905
0.00749118
0.0292441
0.0205028
0.00233947
0.0171582
0.011691
0.00780751
0.0035155
0.0271434
0.00855486
0.0104425
0.0581895
1.24025
0.121057
0.0108073
0.00505594
0.00942048
0.0213648
0.0097859
0.136006
0.0667502
0.037101
0.0125055
0.0224741
0.0241829
0.00854405
0.0131337
1.11315
0.0135495
0.00599668
0.00551742
0.00769773
0.15195
0.00691107
0.00348616
0.0140701
0.0125194
0.00732512
0.00319095
0.0196411
0.00725231
0.00446684
0.0174612
0.00845546
0.0329687
0.00753437
0.00460998
0.0142493
0.00866314
0.00769757
0.00546188
0.0077086
0.0146135
0.0295426
0.00550644
0.00436031
0.00521914
0.00595455
0.00687222
0.00609687
0.0199619
0.0579068
0.0142771
0.0152616
0.00154673
0.00498761
0.0100376
0.0168353
0.442722
0.426305
0.0648531
0.00594462
0.128058
0.00451925
0.0946308
0.018101
0.0118927
0.00894561
0.0173271
0.00775335
0.0159486
0.0112059
0.0218704
0.00480225
0.00586093
0.00465715
0.0201853
0.239495
0.00428711
0.0308377
0.00995283
0.00876899
0.0431299
0.0122445
0.00323297
0.0117526
0.0068171
0.00960529
0.0120328
0.0308522
0.0135114
0.0164611
0.0713773
0.0606909
0.00722286
0.00469877
0.00652508
0.0013707
0.0200026
0.381338
0.00957936
0.00895122
0.0251643
0.0135155
0.0102452
0.0183706
0.0125646
0.0307725
0.033344
0.015306
0.00677863
0.0216692
0.00327413
0.0086163
0.00652165
0.0029771
0.0116657
0.00397975
0.00401271
0.0138349
0.024629
0.045721
0.0142999
0.0344673
0.012353
0.0226932
0.0117043
0.0123319
0.00761457
0.0276863
0.0138298
0.0102485
0.0304659
0.121692
0.0100751
0.0285783
0.00659051
0.0267173
0.010372
0.287775
0.0119722
0.0886769
0.0110023
0.0325715
0.00792048
0.155439
0.0225021
0.0120646
0.00580452
0.00509556
0.0100927
0.0102353
0.0169726
0.00975059
0.285255
0.0105405
0.0141494
0.00785173
0.00306714
0.00349631
0.0110781
0.302994
0.00620138
0.0169609
0.032229
0.0134441
0.22188
0.0730788
0.00705443
0.0148931
0.00186759
0.00268531
0.0117322
0.0103759
0.00680077
0.0271831
0.00763781
0.0102783
0.0173849
0.00730331
0.00828457
0.605835
0.466654
0.00613942
0.0474143
0.0290895
0.00804655
0.0124327
0.0471215
0.00342697
0.444022
0.00979272
0.0188092
0.0127872
0.0109404
0.00526154
0.0104998
0.0147212
0.242305
0.0375118
0.00686313
0.00916047
0.0127226
0.00661344
0.0160637
0.00811194
0.00998088
0.00806897
0.00893599
0.00447832
0.197953
0.468422
0.0157549
0.0044626
0.0137378
0.0173779
0.00655438
0.00861945
0.00453762
0.0118226
0.00796522
0.00775222
0.0325993
0.0165413
0.00277166
0.528948
0.00273276
0.0077057
0.00957502
0.00751858
0.0917657
0.0048342
0.0127893
0.0144764
0.0282126
0.0055793
0.0106564
0.0019603
0.00762043
0.0111331
0.00593025
0.0099482
0.00272744
0.00573569
0.0877158
0.265848
0.0049655
0.00442031
0.0084386
0.00873298
0.00602244
0.01333
0.00329046
0.109937
0.0180325
0.00737778
0.0137615
0.00774011
0.00557056
0.318921
0.00277051
0.00426902
0.00696253
0.015243
0.00668908
0.02412
0.00788222
0.010276
0.0819107
0.000719162
0.0534857
0.0104812
0.00873975
0.0146373
0.0148025
0.0177816
0.018287
0.00418144
0.00941678
0.00333416
0.00695358
0.0117407
0.00801523
0.0110137
0.0109097
0.00311027
0.00916782
0.00266406
0.0117943
0.00751029
0.0110969
0.00856825
0.0070291
0.00732177
0.0104423
0.0109595
0.00533155
0.0105334
0.00832528
0.014584
0.0200647
0.016785
0.0141024
0.00995968
0.00587027
0.00827266
0.00778897
0.00948543
0.00626749
0.0073598
0.00582537
0.00525203
0.0296923
0.00312361
0.144622
0.207468
0.0123845
0.00289545
0.00684379
0.0081594
0.0240124
0.0134871
0.0181933
0.00875968
0.0235619
0.00540602
0.0123963
0.00863149
0.00905762
0.0033865
0.0132606
0.0134322
0.00587857
0.00603599
0.016928
0.00658136
0.00413677
0.00457226
0.0050309
0.0185507
0.00459206
0.00674551
0.0709547
0.0311328
0.0596145
0.012893
0.0153284
0.331495
0.140213
0.0257047
0.0161729
0.0128762
0.0137557
0.0294187
0.0604413
0.0441405
0.0216651
0.0464564
0.00820817
0.00994951
0.24931
0.0434708
0.00498983
0.0386441
0.0333677
0.0901998
0.144526
0.0638162
0.0207232
0.0181524
0.0076131
0.0103594
0.0356661
0.0140879
0.0439862
0.0317336
0.0161572
0.00640183
0.0337971
0.0309795
0.00802093
0.0143502
0.199657
0.313934
0.022219
0.0273755
0.00889252
0.00569927
0.0301497
0.00916511
0.0141015
0.0498086
0.00955177
0.0912454
0.0194261
0.00713077
0.00713125
0.0747741
0.0151933
0.0351792
0.00655012
0.0276572
0.0068574
0.171759
0.00976251
0.0326071
0.304095
0.0386537
0.149256
0.0506948
0.0334073
0.00859538
0.0482363
0.0239796
0.0188467
0.598906
0.0649875
0.00658857
1.13459
0.00219296
0.154928
0.0967842
0.36637
0.0423464
0.113999
0.0343738
0.0905474
0.00958614
0.0236385
0.00732444
0.0185965
0.00437206
0.114357
0.00574284
0.00371222
0.0106431
0.0147025
0.0263239
0.00898867
0.0101171
0.00451363
0.019408
0.0265253
0.0100008
0.0132977
0.0146759
0.0193693
0.0153676
0.0123549
0.0103713
0.0100331
0.0192138
0.0144497
0.00620018
0.0132253
0.00756003
0.00542362
0.00723225
0.0121692
0.0603802
0.00727458
0.00651207
0.0195914
0.00395732
0.0145261
0.00980943
0.0156213
0.00522144
0.00428472
0.00436906
0.00875729
0.00381191
0.00502445
0.00393
0.0120861
0.0239417
0.00966024
0.00465662
0.00858511
0.0140853
0.00415078
0.34449
0.207294
0.161826
0.0389507
0.213834
0.212459
0.23783
0.366288
0.207015
0.00470473
0.0523718
0.090937
0.0108663
0.0107313
0.0647579
0.170334
0.0143864
0.0210584
0.0556925
0.0475724
0.0134129
0.191384
0.0141074
0.211828
0.202797
0.0334823
0.0242344
0.014911
0.0975313
0.0359494
0.113428
0.0105018
0.204032
0.0416688
0.0615133
0.205534
0.12358
0.0114387
0.167248
0.0704156
0.115459
0.0366512
0.00598516
0.0309357
0.0254264
0.0142645
0.00812385
0.0134312
0.019558
0.0247425
0.00906275
0.0631179
0.0581937
0.0196721
0.00597888
0.0327124
0.0320896
0.104275
0.023105
0.0130265
0.0152418
0.0170569
0.00649624
0.0121139
0.0198475
0.0318743
0.0150966
0.0226756
0.0509728
0.0203567
0.0296483
0.0699192
0.0384613
0.0323633
0.0118081
0.0381014
0.0261143
0.0598476
0.033904
0.0299524
0.0112529
0.00984238
0.00445091
0.0133777
0.0154018
0.0235591
0.0113048
0.0136633
0.018834
0.0122867
0.0564961
0.0287996
0.00494861
0.00892438
0.0148575
0.00735804
0.0789775
0.0081401
0.157181
0.00524644
0.00411876
0.368771
0.0206565
0.0134471
0.0106897
0.00889899
0.0105753
0.011681
0.406885
0.0176376
0.0142555
0.00776035
0.00387473
0.00189933
0.0195304
0.0103047
0.00912442
0.00948579
0.00926479
0.0101162
0.0113913
0.00363283
0.017119
0.00945566
0.00253189
0.0398814
0.14694
0.00620793
0.00990715
0.012854
0.0190606
0.018158
0.572662
0.00688182
0.0422322
0.0134931
0.021129
0.0352427
0.0104273
0.0173813
0.00932751
0.0686669
0.0278695
0.0106209
0.0094214
0.0346737
0.00619404
0.00309364
0.00838162
0.00446548
0.00377847
0.0183058
0.00849244
0.00661821
0.00404615
0.013022
0.0124748
0.00747219
0.00561362
0.0140246
0.0178744
0.0213206
0.0050614
0.0186693
0.0223542
0.00644132
0.0341577
0.0353264
0.0080144
0.0117146
0.0126379
0.0145458
0.141672
0.0717389
0.170007
0.00437148
0.00380481
0.00661661
0.0188815
0.0059519
0.095293
0.0103567
0.212027
0.0292138
0.0543819
0.0320992
0.0079469
0.00368411
0.0311024
0.0154038
0.0296788
0.0294395
0.0464684
0.0159558
0.00842621
0.00773135
0.0496949
0.0624325
0.00544098
0.00828501
0.00720733
0.0237756
0.00799287
0.0292159
0.0183645
0.00984859
0.00056516
0.00843251
0.0245745
1.57261
0.00649934
0.026865
0.00532471
0.166203
0.00550913
0.0236553
0.0109468
0.0305486
0.0170652
0.0184102
0.0103352
0.146943
0.0155218
0.00397116
0.218998
0.0273927
0.00606507
0.00845235
0.00836397
0.0215775
0.0201749
0.00320783
0.00575473
0.0172058
0.00764981
0.00431206
0.00734315
0.0200089
0.00596846
0.0103193
0.00958462
0.00588956
0.009298
0.0040404
0.00853031
0.0333079
0.0282804
0.0124819
0.409733
0.0123235
0.357665
0.0113328
0.0290433
0.226301
0.139745
0.0062125
0.0121048
0.0106204
0.015581
0.0135403
0.00679034
0.0150371
0.0141581
0.00609815
0.00200914
0.0094389
0.00775554
0.00592288
0.0024457
0.00952852
0.00410058
0.0096921
0.0157417
0.0096535
0.00338132
0.023019
0.0420157
0.00453838
0.403354
0.0826238
0.00249014
0.0231678
0.0223281
0.25201
0.0300011
0.0142043
0.00893386
0.0122486
0.0103363
0.0111174
0.00974628
0.0110787
0.00305348
0.016673
0.0847135
0.00644787
0.0738233
0.0215503
0.0258557
0.0788752
0.0210828
0.018248
0.134625
0.0618847
0.011809
0.00232132
0.0177836
0.0137869
0.0126273
0.0308663
0.00596696
0.00817468
0.0163117
0.0218447
0.0297493
0.0230092
0.0369808
0.00947759
0.00929599
0.0142151
0.0174935
0.0207214
0.245296
0.00972978
0.00742013
0.0296199
0.00330969
0.00609299
0.0154404
0.457123
0.0104939
0.00686665
0.00801283
0.00624394
0.0163734
0.0175879
0.0112333
0.011906
0.00149839
0.0230903
0.0117046
0.0244385
0.00609258
0.01056
0.0195554
0.0198947
0.0140234
0.014167
0.00644362
0.00619053
0.0272442
0.0449839
0.0038666
0.015781
0.0167138
0.00572864
0.0182766
0.0127595
0.0152698
0.0203347
0.00569117
0.00463753
0.00610909
0.0128895
0.0303373
0.00600481
0.0245631
0.0291061
0.00696261
0.01157
0.0105752
0.0026637
0.00519219
0.0110987
0.00357748
0.0172634
0.166168
0.101779
0.0693036
0.524057
0.193915
0.125634
0.0332886
0.102664
0.24476
0.0571044
0.282617
0.0119491
0.00250455
0.00731995
0.011104
0.00779846
0.201784
0.00939387
0.00613216
0.0138328
0.00919159
0.0071413
0.0111679
0.127953
0.0800687
0.0041592
0.0598343
0.328483
1.00615
0.0126325
0.138044
0.241687
0.245459
0.0077055
0.0808892
0.148009
0.169491
0.00635277
0.147051
0.0685942
0.0640989
0.0706475
0.205041
0.0630051
0.00497997
0.0402148
0.0124999
0.0206751
0.010854
0.0107615
0.0365889
0.00316874
0.00326413
0.0047291
0.00486329
0.411076
0.235888
0.0107209
0.0103879
0.00708865
0.0166542
0.00962034
0.0104328
0.00901315
0.0286635
0.0148052
0.00231012
0.0147123
0.0123312
0.0106344
0.00450068
0.00646361
0.0145145
0.0176504
0.00971243
0.189674
0.00317299
0.014118
0.0213222
0.0012724
0.37032
0.286468
0.0169152
0.0174725
0.0253106
0.302788
0.0223635
0.00802937
0.0100984
0.0207014
0.0113611
0.0101172
0.0320586
0.00512125
0.0162837
0.0734854
0.00153754
0.283581
0.285385
0.0380874
0.00693692
0.0132867
0.392431
0.0067267
0.181058
0.134845
0.163021
0.00896983
0.0163285
0.0772342
0.128416
0.34237
0.0509171
0.0996469
0.00375959
0.00734568
0.015013
0.00959933
0.00418226
0.0932706
0.0163051
0.120349
0.145243
0.0795916
0.11216
0.045695
0.0383361
0.354335
0.0210571
0.385291
0.264198
0.0163734
0.0637098
0.0100497
0.209702
0.0601206
0.00607119
0.00802854
0.00343631
0.0131959
0.00528734
0.010482
0.0024992
0.0191035
0.0223208
0.0253871
0.0129201
0.0230312
0.00991241
0.00638609
0.0044491
0.261761
0.0199504
0.0682238
0.0536183
0.019103
0.00645405
0.00115539
0.00798988
0.00997748
0.0115436
0.0128577
0.0112024
0.0124062
0.00536034
0.00442352
0.00429855
0.0390937
0.00973185
0.00933866
0.0126228
0.0077741
0.0167425
0.00768827
0.0151142
0.00772803
0.239719
0.0150145
0.0580045
0.00493515
0.312225
0.0881778
0.00781063
0.106306
0.0192587
0.378533
0.144426
0.00632487
0.016351
0.00244172
0.0175303
0.00843874
0.004662
0.0102482
0.0150381
0.0142889
0.0129623
0.0087842
0.0107213
0.118601
0.166196
0.00419533
0.0198196
0.0325522
0.108133
0.0135153
0.00458215
0.28301
0.0640086
0.00923487
0.00338631
0.0077007
0.157219
0.0313296
0.132557
0.209121
0.0217094
0.00661056
0.108119
0.129478
0.209495
1.88381
0.445447
0.0409417
0.0141728
0.0130147
0.582313
0.173152
0.100828
0.0141501
0.0625514
0.127791
0.0122991
0.00952977
0.0175207
0.0223299
0.0515446
0.0117893
0.0245219
0.0223043
0.0223036
0.00598247
0.0921014
0.249396
0.0988373
0.0615669
0.0217462
0.0216858
0.192145
0.0104202
0.100515
0.0358815
0.43279
0.13448
0.0618522
0.233855
0.0109145
0.008901
0.232236
0.145531
0.161262
0.213511
0.0759043
0.0246726
0.0275441
0.0298466
0.0296774
0.145006
0.0663005
0.0104384
0.0944114
0.080655
0.0462816
0.0566318
0.277005
0.00578051
0.204089
0.0160181
0.0147015
0.00485026
0.0204544
0.00943908
0.0183606
0.0117052
0.0101726
0.0139919
0.0274131
0.0206588
0.00808195
0.00988224
0.00765015
0.0161893
0.00847409
0.0386945
0.3382
0.00759331
0.00425542
0.00935068
0.0160032
0.00754892
0.00715664
0.0171791
0.014712
0.0219925
0.00427
0.0134803
0.285844
0.0146162
0.00652389
0.018822
0.0202069
0.0271554
0.0122727
0.0124793
0.016187
0.0226756
0.00367905
0.0146954
0.0611084
0.00297911
0.229766
0.647387
0.134332
0.339253
0.0797115
0.00807111
0.124735
0.105972
0.0729011
0.0134586
0.00409938
0.0223842
0.02273
0.263233
0.376745
0.00927735
0.249665
0.0427963
0.026854
0.0771637
0.0156793
0.00734649
0.0127891
0.0160073
0.00298841
0.0434627
0.00628388
0.00660038
0.0195925
0.00752748
0.0232685
0.00949789
0.0427401
0.0125902
0.0103115
0.0292744
0.00288208
0.00362162
0.00819543
0.00496729
0.0186675
0.00976893
0.0100045
0.0152592
0.007303
0.0102003
0.00808207
0.00520142
0.0213174
0.0102711
0.00384109
0.0342123
0.302293
0.0115028
0.0099566
0.184862
0.00372949
0.003208
0.00878065
0.0829573
0.23416
0.0257696
0.0175919
0.00856825
0.0195047
0.0110576
0.0147875
0.0523475
0.0151628
0.0095966
0.00692234
0.00924243
0.00962836
0.00549163
0.00967939
0.336001
0.252261
0.00332806
0.0203216
0.0675399
0.00112931
0.0067151
0.021756
0.0108736
0.00906476
0.00846601
0.0016385
0.375961
0.0254876
0.0112314
0.0321393
0.031063
0.0103053
0.0114874
0.0131824
0.00917298
0.0126542
0.00803031
0.0389224
0.0100795
0.0110553
0.00670187
0.00534908
0.0069997
0.0102549
0.0238691
0.0189951
0.0418247
0.0442646
0.00614953
0.0501558
0.0158427
0.0115327
0.00596167
0.0146346
0.0116017
0.00860812
0.00428618
0.0116897
0.320525
0.0122342
0.0144337
0.00657239
0.200511
0.012519
0.24489
0.545734
0.0112235
0.00575251
0.00707405
0.0118163
0.24653
0.0127667
0.0112805
0.00407479
0.0033297
0.00967402
0.00708483
0.0159381
0.0117174
0.0113669
0.22008
0.0200795
0.0136506
0.171452
0.0108119
0.0304784
0.136876
0.148993
0.0159631
0.209404
0.146772
0.00458797
0.0937038
0.0218071
0.00763034
0.0205543
0.00821202
0.0070819
0.00565989
0.00699882
0.00498285
0.00853676
0.019694
0.00814092
0.00341449
0.00551956
0.00968082
0.00693629
0.00961652
0.0139758
0.0664338
0.0116535
0.00702571
0.0114515
0.00404459
0.00979396
0.0116218
0.01343
0.0249794
0.00430808
0.00323982
0.00898938
0.00750596
0.0060619
0.0125672
0.00366609
0.00604728
0.00451666
0.00606106
0.0100583
0.00433925
0.015392
0.0106432
0.00222172
0.0200803
0.00775328
0.00573612
0.0111717
0.0104522
0.00781537
0.00468159
0.0133206
0.00567275
0.0102963
0.0233936
0.00330559
0.0178853
0.0114199
0.0147613
0.00588477
0.0131228
0.0135284
0.0114968
0.0101847
0.0233206
0.0117152
0.00693725
0.014423
0.0064378
0.0173013
0.00727926
0.0117031
0.016006
0.012689
0.0216015
0.0166448
0.00325333
0.0142679
0.00579779
0.0149392
0.00712693
0.0123104
0.19675
0.0194835
0.0216945
0.00994766
0.00703133
0.230983
0.0179311
0.0114145
0.0121715
0.00394003
0.00954267
0.0107227
0.00348152
0.00455598
0.0106677
0.0137424
0.0161177
0.0204972
0.00502009
0.00990998
0.00790537
0.0144442
0.0201845
0.0110149
0.00565425
0.0160834
0.00472417
0.00325066
0.00755567
0.0162771
0.0175559
0.0167616
0.0201468
0.0057706
0.00431919
0.00560224
0.15104
0.0145952
0.00988172
0.00839077
0.00698739
0.0212271
0.00900016
0.343359
0.251501
0.00479403
0.00795123
0.0345653
0.00371382
0.0146302
0.632064
0.00862339
0.168147
0.0154542
0.0686254
0.303548
0.0169579
0.00820208
0.0766032
0.0212527
0.0729699
0.211752
0.399032
0.07231
0.022441
0.0124752
0.00199343
0.00951628
0.0115012
0.0132324
0.0104687
0.00488389
0.0169716
0.0163674
0.00355079
0.0114556
0.00540927
0.00858608
0.00186559
0.332722
0.00960075
0.00539269
0.00471718
0.0085425
0.00714023
0.0163824
0.00636552
0.00663137
0.00901838
0.026711
0.0141849
0.0125336
0.0213828
0.00211623
0.00651218
0.00599733
0.00494555
0.0148391
0.0091931
0.0032524
0.0162479
0.00320537
0.016949
0.0156543
0.00386266
0.00698805
0.00571891
0.00559853
0.0224829
0.0114552
0.0146839
0.00800601
0.0133666
0.41452
0.146692
0.252786
0.0186049
0.0249413
0.0243768
0.00676951
0.00305031
0.0310815
0.223941
0.0123674
0.096881
0.0340697
0.346631
0.14247
0.0355707
0.0477317
0.0234943
0.0163034
0.0152484
0.28507
0.00670266
0.568843
0.268734
0.0193948
0.0059904
0.243105
0.0110122
0.0942254
0.0773619
0.00145827
0.184759
0.313302
0.131605
0.0122347
0.00789449
0.00529177
0.457181
0.0512131
0.00840419
0.0302614
0.00374909
0.0463425
0.0409047
0.00558462
0.00463565
0.00407217
0.0130402
0.0171991
0.0159753
0.431544
0.0150788
0.00481419
0.0214097
0.264206
0.0887092
0.00250778
0.0102211
0.0103107
0.0100689
0.00494517
0.174637
0.00551111
0.285759
0.0146498
0.00735331
0.0190728
0.00588488
0.0147638
0.64131
0.0223594
0.0343865
0.0452021
0.00767211
0.00742622
0.0260687
0.0848737
0.0053442
0.0139732
0.0403446
0.0662655
0.00324438
0.0869718
0.618477
0.101057
0.00440741
0.0380665
0.215194
0.00633209
0.156921
0.303607
0.0363586
0.0149375
0.0593973
0.0535951
0.167322
0.036507
0.046307
0.0801229
0.168882
0.0122849
0.0194601
0.00434352
0.0257007
0.0142037
0.0220565
0.088857
0.0735723
1.12347
0.0228481
0.0520616
0.0480105
0.322861
0.0315172
0.137956
0.015647
0.0603551
0.110704
0.00705644
0.0409444
0.0105529
0.00608103
0.0156795
0.0382124
0.0138755
0.0205368
0.00567538
0.0143649
0.319942
0.128943
0.00994156
0.0164502
0.0658072
0.15673
0.10581
0.0806291
0.168191
0.451558
0.0680512
0.0235424
0.558659
0.153828
0.0120205
0.0311754
0.0832344
0.00780966
0.0592792
0.0328128
