0.0303816
0.0229162
0.00467605
0.237628
0.014909
0.0100605
0.170094
0.222831
0.00936346
0.0231867
0.0805057
0.0795051
0.0411923
0.307024
0.0845997
0.410009
0.17504
0.0038733
0.028423
0.0847814
0.0192817
0.00548401
0.0133184
0.0329314
0.110254
0.0835893
0.0124285
0.180151
0.303036
0.158563
0.155567
0.0396967
0.0240369
0.0111858
0.0576165
0.0906877
0.153672
0.0675237
0.00851621
0.00561561
0.114249
0.0212152
0.0102829
0.0324952
0.0141894
0.0609596
0.0138312
0.133374
0.0711416
0.06333
0.0223867
0.0246037
0.178633
0.0696876
0.0182039
0.0212067
0.00794278
0.00891082
0.00574941
0.0160744
0.0407642
0.0269651
0.0303474
0.0200939
0.0360507
0.0112565
0.0605285
0.00676305
0.163562
0.0619854
0.0100035
0.0110854
0.00932554
0.041558
0.00478962
0.00620976
0.010192
0.00561123
0.00540329
0.00772105
0.01245
0.280231
0.0107642
0.0166769
0.0259135
0.00829667
0.0334869
0.0194404
0.0028887
0.013827
0.00716777
0.0431185
0.00827936
0.079025
0.0567527
0.0829589
0.0417551
0.057574
0.208038
0.0389667
0.00608702
0.259591
0.177444
0.00860304
0.00356481
0.0127767
0.0138372
0.00881956
0.0277315
0.0177705
0.0119803
0.01013
0.0653053
0.0546329
0.259414
0.0934019
0.0940932
0.00468319
0.04298
0.0416078
0.0133028
0.124652
0.0328149
0.0111771
0.0285674
0.00760995
0.0128332
0.0645734
0.0131547
0.0671982
0.0126425
0.00805277
0.118495
0.0742526
0.25756
0.00510575
0.0054644
0.0475326
0.351154
0.0268948
0.084641
0.00913782
0.0246828
0.12459
0.014313
0.0098177
0.00369636
0.0549552
0.0409512
0.0049049
0.153901
0.0498245
0.0623425
0.0497097
0.0240175
0.00644686
0.00993618
0.443505
0.279201
0.0455068
0.00855817
0.0178333
0.00846246
0.0088544
0.0253559
0.0832254
0.0691004
0.0923078
0.0330156
0.0403327
0.21288
0.33383
0.071587
0.0885327
0.00577641
0.0268546
0.136715
0.00180622
0.0111572
0.0539849
0.0287671
0.0601591
0.01409
0.0201378
0.112401
0.0124665
0.0329815
0.0390997
0.0986247
0.0299374
0.0218895
0.014248
0.00552789
0.0146548
0.0174204
0.100658
0.0876708
0.0242524
0.00579499
0.0257959
0.0660873
0.201506
0.0123739
0.0926315
0.0189421
0.28339
0.0401772
0.242807
0.00591338
0.0546951
0.00798616
0.055056
0.152747
0.0485688
0.0244587
0.0734114
0.144548
0.0239947
0.110841
0.00776784
0.0728935
0.0576781
0.0784141
0.00412017
0.0307812
0.0200597
0.168856
0.0932704
0.262485
0.0118796
0.080356
0.174678
0.0473961
0.0208216
0.188227
0.0232287
0.00470792
0.01166
0.00620311
0.118813
0.0735056
0.016646
0.0104967
0.0296257
0.0152264
0.00644309
0.00647726
0.0114213
0.0111053
0.0138929
0.00708933
0.00906107
0.00685134
0.005917
0.00565212
0.0211472
0.0208139
0.00932208
0.00208031
0.0148571
0.00626994
0.0173939
0.0195891
0.0223057
0.0161571
0.0680067
0.0109152
0.0197413
0.0306837
0.0101222
0.00712654
0.0137923
0.00394777
0.00636684
0.0130276
0.0353335
0.0152561
0.0127709
0.0234808
0.013818
0.0100834
0.0212316
0.124429
0.00692304
0.0451858
0.0213865
0.053209
0.0138252
0.0749424
0.0276212
0.0465641
0.0284207
0.0151384
0.0820928
0.185313
0.0338206
0.0887981
0.00164363
0.191777
0.0372433
0.101686
0.12605
0.145825
0.349231
0.0609849
0.0261205
0.0430793
0.0738883
0.171983
0.0761832
0.0289684
0.210321
0.00851092
0.0288614
0.0430044
0.0504332
0.00771296
0.0233356
0.0925372
0.060722
0.0215912
0.334457
0.00900493
0.255479
0.0108819
0.0145238
0.0168313
0.0343022
0.0263346
0.133578
0.032579
0.128073
0.0292585
0.0140181
0.166027
0.00505905
0.102695
0.00627645
0.157617
0.190316
0.053241
0.340537
0.00974943
0.0664617
0.0805233
0.0259298
0.14313
0.0249339
0.0746178
0.148482
0.058892
0.0362081
0.0249592
0.00790818
0.0267821
0.00142602
0.00729565
0.216574
0.171711
0.148977
0.0104984
0.134134
0.0122264
0.223127
0.0450072
0.139634
0.0999003
0.0168736
0.00753882
0.0186936
0.00737834
0.0680217
0.00417695
0.0468285
0.00836136
0.227106
0.022456
0.0131835
0.0303884
0.165821
0.0484813
0.27047
0.0438304
0.135903
0.082605
0.203612
0.0197782
0.0129843
0.0302246
0.0458269
0.0513707
0.00657815
0.0322461
0.103868
0.00899318
0.129468
0.0673006
0.113486
0.0525797
0.0370407
0.00921266
0.00392037
0.159213
0.0175089
0.083787
0.00588644
0.236158
0.074749
0.00950727
0.00559369
0.0308656
0.00844318
0.251537
0.145101
0.0748098
0.0418184
0.138298
0.00929899
0.0428405
0.0200262
0.0320444
0.0561636
0.0193776
0.0269899
0.00882531
0.00487063
0.00376911
0.0690163
0.0464301
0.0060565
0.0274353
0.0292452
0.0125703
0.0773714
0.00959637
0.0164036
0.00854881
0.0408978
0.0436435
0.161291
0.0321311
0.152708
0.190543
0.160119
0.331352
0.0384328
0.0585813
0.0636568
0.106161
0.00326106
0.0987663
0.00621417
0.0412277
0.0166779
0.0451048
0.153719
0.0489157
0.0295624
0.00941028
0.00854687
0.0215248
0.00656289
0.0402688
0.0861559
0.183022
0.0465802
0.022852
0.0778662
0.0536796
0.0132066
0.0791173
0.0926889
0.0768797
0.0300437
0.0563515
0.032105
0.159984
0.0282804
0.017985
0.0428045
0.0225073
0.0623539
0.00890251
0.120369
0.0238772
0.0537161
0.0454502
0.0155871
0.0203861
0.0296766
0.0157781
0.0537772
0.25158
0.0310217
0.0387523
0.0356937
0.089841
0.0930294
0.0341232
0.20197
0.0383972
0.0231898
0.0630835
0.0462322
0.0825774
0.0104612
0.0650105
0.0494501
0.0202498
0.0439811
0.0213343
0.0136937
0.0403605
0.0415086
0.0768373
0.0621074
0.00698693
0.0187752
0.0264933
0.00914559
0.0300801
0.0208892
0.0365588
0.0191075
0.0140091
0.014443
0.0409316
0.0420334
0.0383841
0.0323889
0.0142056
0.0492723
0.00963451
0.0232597
0.00933185
0.047981
0.0018772
0.0574887
0.0207227
0.0169535
0.0432986
0.0112332
0.0304119
0.0398308
0.0195086
0.00525753
0.0269951
0.00874783
0.0948281
0.00941171
0.028384
0.0175036
0.0118356
0.0103824
0.0469441
0.00415283
0.00448306
0.0176818
0.021027
0.0329675
0.0236396
0.02738
0.00262436
0.0317984
0.0221164
0.0152366
0.0230515
0.0363303
0.036921
0.0274292
0.00500763
0.0145126
0.0125156
0.00816269
0.00659464
0.0264295
0.0383579
0.0104259
0.0245607
0.00961757
0.0108171
0.0216065
0.0211783
0.0243032
0.0100074
0.0197116
0.0205898
0.0408996
0.00453386
0.0168327
0.0363142
0.00371214
0.0191962
0.0199876
0.0163644
0.0279061
0.00870411
0.00213671
0.00808447
0.00608856
0.0160662
0.0163356
0.0327374
0.00871381
0.0153477
0.007803
0.0233353
0.0164348
0.00651279
0.0184353
0.0252436
0.00557521
0.0263056
0.00903882
0.0111178
0.0149015
0.01064
0.0073497
0.016076
0.0328277
0.00702723
0.0119917
0.00589967
0.0144334
0.00725614
0.0235525
0.0207795
0.0131473
0.0214992
0.0130446
0.014055
0.00494443
0.00910089
0.0141553
0.0197975
0.00889211
0.0476687
0.00961075
0.0240338
0.0165387
0.00502176
0.0109469
0.00813166
0.0120044
0.00976762
0.00596364
0.0329151
0.0136053
0.0202424
0.0115633
0.0193882
0.0232268
0.00579046
0.0217609
0.014594
0.0267997
0.0196584
0.0228424
0.0278682
0.00615983
0.0131722
0.0116775
0.00638579
0.112319
0.0509045
0.0495827
0.0262811
0.00901127
0.0133221
0.118894
0.0119065
0.0518978
0.216062
0.0325817
0.0190818
0.169593
0.0106106
0.0294248
0.353765
0.0154771
0.00840684
0.015719
0.0102587
0.128419
0.0202989
0.0210706
0.0207605
0.0127411
0.0139973
0.121024
0.107885
0.00469424
0.0158491
0.0126715
0.0255266
0.00529431
0.0183652
0.00633319
0.020846
0.061651
0.0397908
0.192423
0.0246504
0.0481436
0.0291955
0.0240201
0.163152
0.116985
0.00563833
0.0920271
0.0150882
0.00756288
0.00761109
0.0116318
0.011268
0.0138756
0.161943
0.0110376
0.155322
0.00864358
0.0111679
0.0984153
0.0297983
0.190871
0.108466
0.00763834
0.0261052
0.228686
0.00859337
0.203949
0.0975045
0.0126797
0.0114575
0.00590712
0.0070631
0.00767667
0.00832702
0.0503995
0.0228191
0.0162907
0.0301686
0.0626698
0.0202943
0.295706
0.0198233
0.0103315
0.029184
0.00791457
0.00619982
0.145643
0.0441022
0.0390306
0.0315534
0.097626
0.164314
0.0237197
0.0346098
0.00844115
0.0260714
0.00603695
0.0354765
0.0976689
0.0497312
0.109929
0.167415
0.0773887
0.0243623
0.0603637
0.0381181
0.0321848
0.0233744
0.208172
0.0480578
0.136653
0.016204
0.041438
0.00980183
0.00928672
0.008192
0.0190317
0.0187458
0.148345
0.0321231
0.0202165
0.0774213
0.0128754
0.0101727
0.00442315
0.0104107
0.0676033
0.0618999
0.281285
0.0182383
0.0158786
0.11644
0.142777
0.310036
0.0467094
0.0568029
0.0873558
0.0207467
0.0406255
0.0186735
0.0525205
0.147344
0.0238331
0.00600207
0.0569159
0.0279086
0.00626901
0.130527
0.101979
0.0173674
0.0141843
0.170347
0.0329056
0.00820246
0.00952986
0.232814
0.00979052
0.182857
0.00976624
0.0143483
0.221484
0.00631298
0.0384088
0.248833
0.0792363
0.250721
0.0146459
0.00174748
0.0185044
0.0335751
0.109456
0.158414
0.0183912
0.0105986
0.0284905
0.0644103
0.266941
0.0150689
0.0166068
0.0618357
0.00739569
0.119331
0.0383187
0.0106712
0.0167081
0.0150344
0.185151
0.102489
0.060936
0.0424068
0.00324661
0.0249077
0.0103939
0.0145603
0.0155828
0.0092139
0.0320046
0.022284
0.0486964
0.0275569
0.0199783
0.267273
0.0320133
0.180253
0.0160942
0.0172715
0.0236081
0.00696375
0.0107202
0.316138
0.0446635
0.119651
0.016106
0.00772945
0.104592
0.0066899
0.0146176
0.0126831
0.147035
0.058642
0.0201381
0.0190732
0.128334
0.00591935
0.0166616
0.0244196
0.0350808
0.0113095
0.0235065
0.0169936
0.0147226
0.0112536
0.00352415
0.059209
0.00583891
0.156924
0.00323205
0.0133666
0.186209
0.0362441
0.0730092
0.216252
0.0282622
0.0440763
0.0650156
0.0198071
0.136001
0.0211177
0.00666479
0.0138085
0.0116753
0.0109872
0.0195168
0.0878651
0.0185749
0.0661817
0.01257
0.00680677
0.20872
0.0605011
0.00710936
0.0386417
0.0103376
0.012561
0.00942184
0.0635688
0.0141445
0.0365845
0.0158473
0.288528
0.0352991
0.224285
0.0526451
0.0450885
0.0138845
0.0159081
0.0449339
0.0221776
0.0173618
0.0136286
0.0226638
0.106262
0.00569809
0.0431714
0.224833
0.0589899
0.0150522
0.0602639
0.077443
0.00490028
0.0309668
0.0371475
0.0236149
0.194862
0.252218
0.0259495
0.00453499
0.100579
0.0157611
0.00407991
0.00272414
0.0238242
0.0326719
0.0289234
0.127879
0.0753954
0.0367455
0.0261546
0.00706375
0.110315
0.0039673
0.010673
0.129902
0.0959318
0.109857
0.201498
0.00411767
0.0187241
0.0350714
0.168289
0.147759
0.0377098
0.00622377
0.0514382
0.0511886
0.039995
0.115131
0.0257463
0.0145751
0.0414046
0.1085
0.039375
0.032622
0.0173603
0.045748
0.0799843
0.026888
0.0243188
0.031715
0.104981
0.0327432
0.0426948
0.0192219
0.0213295
0.0213704
0.0277048
0.0260323
0.0435797
0.00575125
0.0414668
0.00910935
0.0665878
0.0315936
0.0118339
0.0162819
0.130999
0.0311487
0.125146
0.119083
0.0538839
0.0257932
0.0254017
0.0329544
0.11512
0.031347
0.00160206
0.00749015
0.025793
0.0631164
0.0098497
0.00991898
0.0409806
0.0470903
0.0120142
0.0149332
0.0624458
0.0135404
0.0109296
0.00800385
0.00620898
0.0229326
0.0094877
0.00807498
0.0220073
0.00822807
0.00851098
0.0071687
0.0296351
0.0222928
0.0320991
0.0506377
0.0207455
0.00466361
0.00652773
0.0719508
0.0289087
0.00873713
0.0354161
0.0214274
0.00483275
0.0150175
0.0314728
0.0130654
0.0207551
0.0342954
0.0115772
0.157215
0.0318425
0.0195963
0.0404842
0.0092509
0.00682688
0.0189369
0.00248402
0.00766441
0.0213226
0.0166197
0.0360464
0.0622935
0.00293231
0.0125537
0.0264616
0.0504898
0.0225793
0.0682185
0.0311931
0.0162561
0.0103602
0.00606465
0.0842212
0.0458482
0.022114
0.0161371
0.0154054
0.0136343
0.0346306
0.00913927
0.0971364
0.0181064
0.0141382
0.00847503
0.0145516
0.011455
0.0131283
0.157229
0.00939707
0.0162683
0.0430182
0.0178949
0.0143804
0.00341772
0.00534704
0.009171
0.0478122
0.00805814
0.0246214
0.017541
0.0131874
0.00444764
0.0354159
0.0101147
0.00640195
0.0159578
0.00506543
0.0542671
0.034316
0.0124884
0.00781551
0.00613255
0.0185707
0.00985109
0.00530279
0.0121681
0.00690051
0.00858909
0.145012
0.186311
0.0244246
0.0182686
0.0803315
0.00386928
0.0131796
0.00615549
0.136686
0.0332791
0.00951153
0.00475588
0.00646163
0.0223858
0.0580195
0.0721747
0.0311392
0.0160997
0.0296291
0.0348726
0.0110093
0.0195082
0.121787
0.00512436
0.0538929
0.0214561
0.0186245
0.0230579
0.140061
0.0934953
0.0489167
0.0635643
0.00497448
0.0580444
0.114438
0.0452788
0.0321031
0.0104177
0.0803007
0.0615401
0.029597
0.00656719
0.0720633
0.00795763
0.0113278
0.0191277
0.0359275
0.00246296
0.0171932
0.024575
0.0493668
0.0565244
0.00876205
0.0415443
0.0662492
0.0123116
0.0331319
0.00565649
0.0275662
0.0144528
0.0207496
0.0243956
0.00912611
0.0066862
0.025723
0.0139749
0.0280545
0.10188
0.0505555
0.0134767
0.0244124
0.0281164
0.0122161
0.00742124
0.0515957
0.00313514
0.00883199
0.0111024
0.0591563
0.0105034
0.052013
0.0346955
0.172235
0.0167232
0.111803
0.0561819
0.0105537
0.00681073
0.0129173
0.0456439
0.00543283
0.0589283
0.0157561
0.0371953
0.0175592
0.0290314
0.0978915
0.0375912
0.154886
0.0372671
0.0851547
0.095866
0.0943968
0.208133
0.163039
0.184543
0.11992
0.0814128
0.0289391
0.0117631
0.0564172
0.01142
0.0381327
0.056672
0.376685
0.029586
0.0318146
0.108802
0.00490085
0.178883
0.132095
0.0211516
0.0450693
0.00329169
0.0136279
0.0017077
0.247878
0.0379754
0.0164972
0.231874
0.20461
0.193315
0.109789
0.0689334
0.135194
0.130443
0.22312
0.0293496
0.0471167
0.0188461
0.124051
0.00491298
0.0382256
0.00429378
0.077199
0.0162492
0.215473
0.00711569
0.0224345
0.0598601
0.106817
0.224836
0.0109688
0.0809547
0.0528331
0.165579
0.187434
0.0132923
0.162824
0.121643
0.470675
0.0656386
0.354962
0.1005
0.0217976
0.0640084
0.0190978
0.027372
0.0219098
0.0161158
0.140723
0.00339211
0.0219593
0.0466522
0.0939571
0.0677916
0.235522
0.150706
0.024373
0.0655764
0.0470408
0.00560333
0.0145594
0.0284322
0.155941
0.107381
0.0191861
0.067982
0.0097285
0.181712
0.00222079
0.0529093
0.0105693
0.00302884
0.014626
0.0141003
0.07959
0.00980389
0.0120053
0.0365795
0.104635
0.0210535
0.0152855
0.0935612
0.121725
0.131106
0.0054714
0.0244871
0.0928765
0.187994
0.0930008
0.0391412
0.153706
0.0138132
0.0293801
0.199624
0.00826302
0.00491393
0.0505149
0.0183228
0.0124368
0.00395633
0.0627613
0.0489553
0.100388
0.121188
0.0110659
0.639442
0.0145463
0.0641613
0.0132767
0.324247
0.26544
0.00456659
0.0359262
0.0821745
0.0647152
0.029602
0.0188466
0.112204
0.0210338
0.360067
0.005173
0.0261602
0.0834725
0.312274
0.0151609
0.238389
0.406579
0.0540716
0.00643153
0.0159722
0.0240199
0.291916
0.0318589
0.192027
0.0833319
0.012709
0.0087079
0.473523
0.186112
0.0263888
0.227663
0.150917
0.20042
0.00865402
0.00364335
0.242613
0.0558472
0.00731365
0.250148
0.0331526
0.14299
0.0628307
0.0356804
0.0376352
0.0425327
0.0391602
0.137558
0.00739986
0.0830028
0.0324763
0.0257162
0.0996565
0.0945242
0.244545
0.249598
0.161321
0.00992664
0.0167851
0.0309056
0.0411593
0.30601
0.0706964
0.0107413
0.106016
0.0430681
0.153599
0.0116349
0.180208
0.00562872
0.196733
0.0206534
0.0563316
0.057492
0.0444363
0.051971
0.005538
0.113738
0.115203
0.022258
0.0504546
0.100842
0.00759755
0.170174
0.0153431
0.0416859
0.0100217
0.0249276
0.00944298
0.0438662
0.127117
0.0888703
0.30841
0.204608
0.230274
0.00985825
0.00664645
0.0100922
0.235187
0.174748
0.0389508
0.233561
0.130099
0.23031
0.0491353
0.207851
0.0415889
0.031074
0.125041
0.0653167
0.082754
0.487313
0.0161618
0.0688493
0.382401
0.00363762
0.0353848
0.0135303
0.0268594
0.0136743
0.0108933
0.0179194
0.00827037
0.00720114
0.0142883
0.0123031
0.0277405
0.0186062
0.00642169
0.0299265
0.021916
0.0139428
0.039196
0.0301245
0.00798892
0.023139
0.00564388
0.057459
0.00919329
0.00467654
0.0069514
0.0176798
0.0169929
0.0209703
0.0152328
0.0687317
0.124853
0.192363
0.14673
0.0294961
0.0382322
0.176066
0.0201515
0.210875
0.129097
0.0100259
0.00723378
0.00926783
0.131
0.0191492
0.024069
0.299434
0.0842052
0.0353158
0.0294983
0.0729607
0.0215988
0.0100902
0.010294
0.029705
0.00672744
0.0130271
0.0306346
0.00367307
0.029833
0.0334667
0.0340016
0.0175876
0.0142823
0.0128259
0.0337744
0.00518794
0.0647193
0.0142624
0.0594699
0.0108293
0.0164677
0.0338826
0.00674268
0.0362413
0.0240349
0.0140175
0.0802222
0.0320312
0.187327
0.00639977
0.0137621
0.00402678
0.0155376
0.0073683
0.052047
0.143553
0.0507515
0.0119668
0.110955
0.0122213
0.0682797
0.0681331
0.00514782
0.0111891
0.0164002
0.00304829
0.00524462
0.00379629
0.0465138
0.101398
0.0254371
0.0135035
0.0906652
0.00780064
0.022263
0.0179551
0.039015
0.0158683
0.0211499
0.0281496
0.101217
0.00609002
0.0448508
0.0417616
0.0283729
0.0297747
0.0454646
0.0135455
0.00608544
0.0100983
0.0278485
0.0391441
0.0241075
0.00876403
0.00570503
0.0867338
0.0205896
0.0694705
0.0120589
0.0160007
0.0602796
0.00606734
0.0214
0.0100722
0.0759593
0.00441833
0.100668
0.0146281
0.046487
0.0234276
0.0182603
0.012314
0.0187816
0.00870237
0.0353284
0.0302569
0.0130898
0.036128
0.00764639
0.0355616
0.0106964
0.00925109
0.0164224
0.0311781
0.0148646
0.0106516
0.00545265
0.0188359
0.0179307
0.0334528
0.0354395
0.0801911
0.0105659
0.00287954
0.0110024
0.013712
0.0181723
0.0233147
0.0106085
0.0455833
0.0248576
0.0413864
0.0117647
0.0166665
0.0418307
0.00831938
0.0128691
0.0270607
0.0145554
0.0148993
0.0193994
0.0112548
0.0499811
0.0348119
0.0128415
0.0155591
0.0110974
0.0083845
0.040245
0.00358905
0.02318
0.0423462
0.00826025
0.00755106
0.00928583
0.0115227
0.00752527
0.025635
0.0195042
0.0229565
0.0161092
0.0165767
0.0143777
0.0611033
0.00641768
0.0214038
0.0156774
0.0135933
0.0411607
0.0142806
0.0279664
0.00357695
0.0120859
0.0086658
0.0426517
0.0849889
0.0162146
0.0120729
0.0127002
0.0386189
0.0239951
0.0295713
0.0180136
0.0199066
0.00155866
0.00982443
0.0123245
0.100205
0.103418
0.0155402
0.0141716
0.0177898
0.017605
0.0341125
0.0314978
0.00572817
0.00353475
0.0239323
0.0370822
0.0222768
0.0169564
0.0233914
0.00930245
0.00155533
0.00941789
0.0445814
0.00603805
0.00882269
0.0130296
0.0300371
0.00725282
0.0172557
0.0108795
0.0385351
0.0653452
0.0100263
0.0163292
0.0114044
0.024894
0.0164139
0.0121348
0.0193614
0.0120873
0.00861314
0.00631105
0.0282129
0.00647138
0.00225379
0.00750003
0.0134809
0.0167408
0.00666044
0.0122112
0.0136327
0.0210224
0.00771918
0.0268523
0.0193207
0.0141364
0.0112252
0.00623874
0.0267637
0.012544
0.00841203
0.0156212
0.0131033
0.0270672
0.0328986
0.0131116
0.00235134
0.0175185
0.0282729
0.0256448
0.0179292
0.0247215
0.0108313
0.0123948
0.00471927
0.0176108
0.00569066
0.0221856
0.00669281
0.0185975
0.0307189
0.0705421
0.0252621
0.0100196
0.0224558
0.0116066
0.00856991
0.0193118
0.0169443
0.018436
0.0220619
0.00248499
0.0103335
0.0112449
0.0146983
0.00486669
0.0131143
0.00584781
0.0197456
0.0154075
0.00395318
0.00721152
0.0177555
0.0138832
0.0028558
0.0146164
0.00829194
0.00718098
0.00885661
0.017249
0.00696624
0.00203619
0.014402
0.0162803
0.0116362
0.0112203
0.0162755
0.0176156
0.00830287
0.0357167
0.00942762
0.0287901
0.00432172
0.00998939
0.0317071
0.0264426
0.0151847
0.00958271
0.0177159
0.00922849
0.0110523
0.025052
0.0217277
0.00855325
0.0246555
0.0327924
0.0530147
0.00641072
0.0136011
0.00307758
0.0331505
0.0364771
0.0152207
0.0030577
0.0112254
0.014488
0.0175495
0.0154811
0.0126316
0.0125856
0.0850379
0.0191861
0.0133289
0.00417986
0.0501719
0.0220882
0.0126752
0.00948307
0.00611215
0.00827098
0.0117094
0.0377089
0.0512522
0.0228876
0.00845275
0.014432
0.0212441
0.00794692
0.0390638
0.00822762
0.0102579
0.00814354
0.0120021
0.0234657
0.0461959
0.0162719
0.126326
0.0135335
0.0095112
0.0103149
0.0318456
0.00621708
0.0274087
0.0176703
0.169015
0.0271976
0.0146856
0.0265384
0.00922746
0.0122471
0.0105597
0.0261869
0.00882349
0.0152232
0.0117806
0.0281963
0.0119986
0.00451228
0.0222882
0.010585
0.0237712
0.00850448
0.0230927
0.00903801
0.00821557
0.015311
0.0210375
0.0561905
0.00582337
0.0234049
0.00600652
0.078198
0.00591035
0.0040515
0.0241319
0.00951893
0.0120574
0.0130041
0.0140263
0.013925
0.0111655
0.00457947
0.00797894
0.0313539
0.0104333
0.0072365
0.0111601
0.0175223
0.0169641
0.171614
0.00434194
0.0208231
0.0218573
0.0101513
0.0157797
0.0215563
0.0254582
0.0194675
0.137808
0.0557114
0.0119551
0.0736868
0.00797036
0.0407284
0.00762068
0.0633119
0.0658986
0.0391642
0.0264106
0.0421677
0.0889446
0.0151234
0.0279441
0.0167072
0.141661
0.0477999
0.136606
0.0402936
0.0456542
0.0201013
0.0565548
0.0128606
0.0235871
0.0291708
0.0188271
0.0323384
0.0839373
0.0225438
0.0124997
0.0641555
0.0105751
0.0164061
0.0960826
0.106249
0.0403581
0.00579902
0.00191124
0.0731014
0.0142522
0.026647
0.0110765
0.101391
0.0134637
0.00808814
0.0524849
0.0377246
0.0273315
0.117266
0.101447
0.00315833
0.283634
0.0125318
0.0104021
0.0369244
0.0104823
0.026766
0.167931
0.0159899
0.0513174
0.0151153
0.0668373
0.0026872
0.0130313
0.0156874
0.00701405
0.00860958
0.00719386
0.0177479
0.00430389
0.0829035
0.0838394
0.00784837
0.0208566
0.0230162
0.0225659
0.0133822
0.0568173
0.0166162
0.0173168
0.00928343
0.0227021
0.222769
0.0138454
0.0113425
0.0122318
0.0154598
0.0308633
0.0209846
0.0371431
0.00670828
0.0373426
0.0137655
0.0769817
0.0703064
0.020288
0.05553
0.0475604
0.0289305
0.0089324
0.0615817
0.0133173
0.12407
0.0118435
0.0141508
0.0399507
0.00953607
0.0323175
0.0203586
0.0149205
0.0235244
0.00602737
0.0214272
0.0193775
0.0194288
0.00609224
0.00744403
0.0415896
0.00826387
0.0412935
0.0196732
0.0209156
0.0114567
0.0112545
0.024946
0.0458014
0.0129055
0.0102036
0.0122973
0.0259098
0.0133018
0.0378239
0.0207036
0.0272128
0.012638
0.0114201
0.125989
0.0187591
0.0166445
0.054827
0.029646
0.00970478
0.0407304
0.0196199
0.00703616
0.00553282
0.0153519
0.193017
0.123024
0.0577848
0.00425188
0.00218373
0.0646386
0.00482703
0.0123859
0.11808
0.0290518
0.282598
0.0360844
0.182425
0.355181
0.0479727
0.0250807
0.0123321
0.324113
0.0415391
0.0765782
0.0157435
0.00487469
0.387157
0.0306565
0.00967256
0.0239555
0.0488212
0.0167885
0.010195
0.383177
0.0375086
0.0192328
0.0186697
0.12109
0.0395632
0.0218524
0.0753528
0.0275282
0.167725
0.00859584
0.0109727
0.208606
0.0348434
0.0334247
0.0135015
0.304624
0.0323429
0.0154601
0.316313
0.116472
0.037026
0.0404881
0.011012
0.00624159
0.0294272
0.0196296
0.0170882
0.0166154
0.119657
0.11588
0.14229
0.143889
0.00978798
0.00841977
0.00934741
0.0143352
0.0202817
0.380601
0.00175775
0.0252866
0.0156678
0.0536564
0.00571125
0.0343291
0.215867
0.0379526
0.0154114
0.0120266
0.0376947
0.00607296
0.0422973
0.0192619
0.02361
0.013638
0.115036
0.00950212
0.0142972
0.0712395
0.0497737
0.00700964
0.0104059
0.0159769
0.0111734
0.0464962
0.0216772
0.126725
0.0495379
0.0179715
0.131658
0.00522442
0.0185008
0.0375385
0.00856155
0.0185469
0.0125895
0.0548181
0.0130957
0.0255253
0.0123501
0.00576566
0.0386827
0.0297361
0.00531476
0.00464624
0.0208444
0.0371102
0.012257
0.0261499
0.00892021
0.0209824
0.0135644
0.174946
0.0100533
0.0161857
0.0147598
0.0128346
0.0599821
0.015996
0.0130683
0.0572394
0.00868376
0.00639244
0.0306076
0.0247806
0.158924
0.00776202
0.0538537
0.0191869
0.0522594
0.0612615
0.0334442
0.00903386
0.0209592
0.0547919
0.00727256
0.0342617
0.0049429
0.00648968
0.129558
0.0112802
0.0104592
0.014981
0.0194879
0.0162819
0.0128046
0.0400093
0.0397626
0.093103
0.0178863
0.010466
0.0122102
0.0110683
0.0307154
0.0277026
0.0141019
0.00923297
0.029083
0.00639315
0.0179628
0.0246163
0.0174998
0.00968854
0.0631983
0.013671
0.0128441
0.0985662
0.0114915
0.0206708
0.00976409
0.0026714
0.0161695
0.187853
0.0254014
0.0311442
0.00976542
0.0542004
0.278438
0.168212
0.0681311
0.00547223
0.0169025
0.211312
0.293908
0.00955739
0.00967855
0.00354982
0.00500098
0.188821
0.00932448
0.0134574
0.602329
0.0195353
0.064952
0.0659114
0.085515
0.00291784
0.138568
0.0855791
0.108877
0.0318807
0.11724
0.0449105
0.0387926
0.0132536
0.100333
0.0226375
0.119615
0.46626
0.00611055
0.0248887
0.0837515
0.015576
0.100164
0.0525142
0.0155345
0.0330944
0.0160868
0.0148147
0.00577461
0.00531145
0.0100258
0.00586897
0.052482
0.00455977
0.0177012
0.0101399
0.00797288
0.00301089
0.0179422
0.0281995
0.0212101
0.0190877
0.0140373
0.0178448
0.0380143
0.00758713
0.0215869
0.0292258
0.0182054
0.0164696
0.0269081
0.0109405
0.0215295
0.291942
0.00496196
0.010348
0.0145652
0.00527049
0.0159307
0.0209179
0.248925
0.0128491
0.0144455
0.178852
0.141795
0.218502
0.0393229
0.0667115
0.0135103
0.00819493
0.0849666
0.029059
0.127773
0.0705161
0.0373202
0.00807843
0.0192773
0.0651657
0.0229747
0.0842265
0.0201031
0.0123972
0.0136715
0.0351807
0.00255371
0.0261819
0.0853435
0.0318793
0.0361426
0.00680459
0.0191502
0.00398338
0.00833174
0.0119319
0.0138684
0.00662398
0.0040808
0.0586741
0.0114569
0.0216916
0.0270772
0.0164011
0.00900725
0.00604773
0.00929927
0.0380121
0.015641
0.0871205
0.0226816
0.0624879
0.0113853
0.0333658
0.0222561
0.0125282
0.0162516
0.0087198
0.0115503
0.0115553
0.032014
0.0843493
0.00883292
0.0153535
0.0125541
0.00415045
0.00844136
0.00407428
0.0165446
0.0079867
0.00971058
0.0131482
0.00466479
0.0102001
0.0148961
0.00652934
0.0105279
0.0141537
0.0252106
0.00695307
0.00641333
0.0151533
0.00846723
0.0195977
0.034864
0.00704032
0.00790731
0.0200588
0.0186891
0.0108253
0.0107493
0.0102646
0.0231409
0.00858162
0.0189036
0.00613689
0.0462055
0.00746237
0.0194949
0.00943158
0.136139
0.0146633
0.0157273
0.00523901
0.00831318
0.00727063
0.00367965
0.0156003
0.0156737
0.0108166
0.0201921
0.0575002
0.0179212
0.0108556
0.0132008
0.00938115
0.0210977
0.00883398
0.103189
0.0263845
0.012432
0.0190201
0.00958069
0.00774215
0.0109688
0.0152564
0.00337962
0.00940112
0.0371482
0.00986058
0.0128563
0.0860991
0.0422261
0.0292081
0.0499713
0.0211719
0.00557984
0.0445788
0.00946031
0.00993393
0.0135958
0.00984612
0.00678219
0.00784235
0.0315513
0.00706065
0.0149517
0.00524992
0.00796256
0.149906
0.0118745
0.0161409
0.00312579
0.0367193
0.00643807
0.0133981
0.0950831
0.00781895
0.0224941
0.025082
0.00867121
0.0615683
0.0110358
0.00663422
0.0290943
0.0279445
0.216033
0.0124413
0.00658815
0.0350231
0.21983
0.0198929
0.0115316
0.133552
0.0198085
0.0297951
0.0059605
0.0579326
0.0119501
0.0813051
0.00433943
0.125072
0.0199675
0.0353535
0.00952803
0.081879
0.00968969
0.0526518
0.0222027
0.0208668
0.122439
0.00731737
0.00814597
0.0439687
0.0126131
0.00598047
0.0529351
0.00949881
0.02117
0.058378
0.0222723
0.0546622
0.0126371
0.00554793
0.0335827
0.0814086
0.0277537
0.00625822
0.0098756
0.0353188
0.00429055
0.00414834
0.0125234
0.00735389
0.0160962
0.0261534
0.00681699
0.13286
0.0671706
0.00611837
0.0536651
0.0464037
0.00974018
0.0554406
0.0108683
0.0109071
0.00640074
0.0152755
0.00288473
0.0282168
0.0212637
0.0119015
0.0351572
0.0472094
0.0385571
0.0113693
0.0128975
0.0870219
0.0179412
0.0219144
0.0983577
0.0118763
0.0487794
0.0149799
0.0282359
0.0121619
0.00628116
0.018469
0.0326886
0.0160535
0.0225667
0.0338279
0.004368
0.0135175
0.0248443
0.0202545
0.00319481
0.00676086
0.00827726
0.0044014
0.162044
0.00287448
0.0420811
0.0133047
0.0159474
0.0361899
0.115088
0.0214931
0.00413686
0.01652
0.0373434
0.0358053
0.0161439
0.0358232
0.00656612
0.00948008
0.0294289
0.00472074
0.0306899
0.0363065
0.0188422
0.0106537
0.0685852
0.018573
0.00103891
0.00628068
0.00472955
0.0478098
0.0246516
0.011694
0.0293187
0.0114124
0.0112556
0.0189987
0.0070219
0.0508961
0.0056543
0.0516881
0.0275513
0.00507403
0.0160388
0.013362
0.0244602
0.0380589
0.0263897
0.0242415
0.0143244
0.0107718
0.0441287
0.0933757
0.0297412
0.0250635
0.0180726
0.00796143
0.0438487
0.0634846
0.010122
0.0170412
0.0102701
0.00936231
0.00531608
0.00966121
0.0335921
0.0110607
0.00979383
0.018686
0.0216514
0.0192462
0.00819872
0.00317743
0.0163976
0.00489806
0.0108846
0.011751
0.0171007
0.0172796
0.030804
0.0357247
0.00642535
0.0390864
0.0285701
0.0137321
0.0146225
0.00412889
0.0107848
0.0128246
0.0144585
0.0167061
0.0209271
0.0128711
0.0120908
0.0171671
0.00375242
0.0137071
0.0276494
0.0153445
0.013818
0.0151026
0.0100522
0.0145583
0.0107051
0.0122836
0.0162663
0.0302008
0.011699
0.0304092
0.0172029
0.0211352
0.00890858
0.00967307
0.0127087
0.00814077
0.0350149
0.00756475
0.0137946
0.00192669
0.0231839
0.0043817
0.01073
0.0201978
0.00987499
0.0131049
0.0162342
0.0108727
0.0115277
0.0140193
0.00953305
0.0253263
0.0208892
0.00637866
0.0112603
0.0121466
0.00479641
0.00934173
0.0153767
0.0134466
0.0159401
0.0240665
0.0177417
0.0217051
0.0100369
0.00698945
0.01574
0.0176588
0.0090259
0.00705976
0.0183878
0.0184555
0.0273956
0.0172097
0.0364597
0.0158473
0.0168802
0.0136953
0.0308984
0.00672829
0.00866304
0.0220221
0.0127895
0.391937
0.0301466
0.0188221
0.0230607
0.0168451
0.0188632
0.0169174
0.0218892
0.0411555
0.0233932
0.0146797
0.0249813
0.0339501
0.020016
0.00850031
0.0229794
0.006117
0.0201544
0.0029219
0.0124676
0.0110101
0.0210732
0.0173447
0.00603623
0.0157836
0.00933899
0.0172843
0.0232514
0.0160885
0.00759794
0.0146096
0.0201203
0.00642413
0.00490916
0.0098805
0.00863355
0.00298794
0.0234147
0.0253105
0.0305557
0.00746437
0.0288584
0.0049871
0.003538
0.010947
0.0157547
0.014976
0.0153337
0.0189959
0.00384749
0.0125551
0.0142559
0.0221778
0.0245661
0.00941925
0.0196357
0.0204389
0.0182503
0.014029
0.0107737
0.0186449
0.00897652
0.00676248
0.0292854
0.0181282
0.0153333
0.016315
0.00302713
0.0135037
0.0130349
0.0167195
0.0313402
0.0177853
0.0129906
0.00815805
0.0200902
0.0132865
0.0224919
0.0395205
0.0108804
0.0181611
0.0268311
0.0222386
0.0270406
0.0102771
0.0129408
0.0307348
0.00824368
0.0141109
0.00875487
0.00674927
0.0037074
0.00429699
0.00949598
0.0116527
0.0192982
0.0147943
0.00748709
0.0106133
0.0101672
0.0148112
0.00590884
0.0143031
0.00475159
0.0253678
0.030237
0.0113565
0.00910125
0.0102595
0.00718654
0.012209
0.00807988
0.0118732
0.0118725
0.00641539
0.00343169
0.0179427
0.0268764
0.0238764
0.0241196
0.0208907
0.0177758
0.0233331
0.00667192
0.0195989
0.0124731
0.0202542
0.0165049
0.0121084
0.0171828
0.00937715
0.0282824
0.00999342
0.0174335
0.0188002
0.00663759
0.0121092
0.0139414
0.0111419
0.017985
0.0226796
0.0136496
0.012679
0.0145878
0.0186901
0.00591722
0.0158456
0.0105987
0.0162023
0.0122234
0.0154594
0.00410682
0.0100507
0.00945117
0.00535157
0.0129093
0.00981838
0.0179965
0.0125589
0.0299901
0.00503838
0.0211428
0.0369632
0.0168862
0.00940006
0.0251911
0.0102437
0.0226197
0.0267465
0.020173
0.00413658
0.00865839
0.0544824
0.0220041
0.0752977
0.243598
0.154438
0.011919
0.210995
0.106831
0.0555981
0.0888604
0.0101427
0.0835895
0.037781
0.0277024
0.00557437
0.0118383
0.107532
0.0136395
0.00434447
0.0157596
0.01819
0.0614554
0.0146236
0.0212932
0.151517
0.0119452
0.00702932
0.0280547
0.0174007
0.0331352
0.0731062
0.0226521
0.00729427
0.0259704
0.00850631
0.047447
0.0118819
0.0734569
0.0155545
0.0446969
0.057748
0.00918912
0.0593571
0.0374982
0.0459494
0.00444426
0.0584144
0.00729026
0.0608683
0.0289451
0.0177109
0.0203239
0.0447387
0.00617126
0.0186471
0.027016
0.0189583
0.0546185
0.0151475
0.0257306
0.00416318
0.00670307
0.0202815
0.00367198
0.0154613
0.00640222
0.00261686
0.0950744
0.00372524
0.0113359
0.0255668
0.0194926
0.0355859
0.137445
0.0113577
0.0068255
0.0282538
0.0244326
0.0585691
0.00977305
0.230122
0.0321154
0.00782339
0.00874142
0.0881213
0.0318164
0.0199532
0.022779
0.0348881
0.0861408
0.010538
0.0128704
0.0474888
0.0179151
0.00181721
0.0782628
0.014547
0.0502804
0.0295312
0.0370783
0.107423
0.195445
0.0870827
0.0579383
0.0458462
0.0145816
0.0375546
0.0152979
0.0563184
0.0893267
0.0132881
0.0166793
0.00681516
0.174652
0.0246367
0.00667609
0.0809216
0.054558
0.0184971
0.0103271
0.0209715
0.00913283
0.00897124
0.00859326
0.0195273
0.0471298
0.0124542
0.0229326
0.0402764
0.0449963
0.0102265
0.0136033
0.0342535
0.0349902
0.00802214
0.220167
0.0286127
0.0124236
0.0505968
0.0175475
0.0346752
0.0263825
0.0360994
0.0344312
0.0244213
0.00953675
0.00594892
0.0191903
0.0138209
0.0280991
0.00936595
0.0340113
0.009313
0.0128147
0.0139073
0.037494
0.0029621
0.0327825
0.0158324
0.0155682
0.0267244
0.0785472
0.00750538
0.0106777
0.0249941
0.00597814
0.00624274
0.0978724
0.0429681
0.181664
0.00394814
0.252696
0.00585471
0.118062
0.00214888
0.0401607
0.0173009
0.0232774
0.0104444
0.0127759
0.0847346
0.0628813
0.118901
0.014894
0.0214121
0.036215
0.00764643
0.00998498
0.00598905
0.00276805
0.00281315
0.00495599
0.022152
0.0272
0.0774049
0.15888
0.00955129
0.0160461
0.0962019
0.0218535
0.0355748
0.0580609
0.0242843
0.192769
0.170344
0.00685031
0.00666548
0.0275612
0.00689331
0.0156288
0.00495261
0.0110449
0.00360662
0.172046
0.0085759
0.0552263
0.0122404
0.0107387
0.0216723
0.113776
0.0209137
0.264166
0.0164468
0.0135714
0.0170133
0.021831
0.00226039
0.0884195
0.0265532
0.0135486
0.0125354
0.0448635
0.00828906
0.00678154
0.00318661
0.0205735
0.0656037
0.0256443
0.041454
0.213095
0.0313949
0.016222
0.0899015
0.00653693
0.00664281
0.16137
0.0398913
0.0826615
0.00842477
0.200696
0.00943923
0.0710131
0.155427
0.027686
0.012402
0.0971053
0.0604379
0.0232528
0.0522249
0.120103
0.105831
0.0744781
0.0333454
0.00565364
0.00648752
0.109147
0.00767663
0.0155876
0.0154688
0.0545953
0.246384
0.0259835
0.027857
0.0432338
0.00284431
0.0194306
0.176414
0.0886558
0.221365
0.0559809
0.0236446
0.141959
0.068234
0.00752806
0.228018
0.134928
0.0593922
0.352274
0.204303
0.0640012
0.104185
0.0701745
0.00854234
0.0506141
0.242291
0.172576
0.00360631
0.045013
0.213735
0.00405405
0.0689469
0.0137432
0.0544909
0.165314
0.059959
0.170326
0.163823
0.0467741
0.0672184
0.0800751
0.0277139
0.0961106
0.0570881
0.00899718
0.00301143
0.0404426
0.0167542
0.0991035
0.00876821
0.00883581
0.0160527
0.00464842
0.00509308
0.0678308
0.0141983
0.0127289
0.00765905
0.00692372
0.00371762
0.0181784
0.0107621
0.0258884
0.00469201
0.0154049
0.100998
0.0231057
0.00634068
0.0149642
0.0117408
0.0194491
0.00940968
0.0074118
0.0122943
0.0256631
0.0111926
0.0247603
0.0149033
0.021098
0.023599
0.00796205
0.488351
0.206756
0.216766
0.0357206
0.0682948
0.0540204
0.0987977
0.108327
0.0982803
0.02298
0.166829
0.338083
0.0236589
0.0149998
0.0058011
0.0791713
0.320609
0.0134719
0.0664457
0.00426161
0.0344494
0.0343389
0.00905925
0.0941691
0.00725611
0.0092855
0.0967377
0.0905353
0.00404755
0.135901
0.0180346
0.0324135
0.00897662
0.0737837
0.0149357
0.0296859
0.00844889
0.0214897
0.0096286
0.056531
0.0226688
0.0140656
0.0173764
0.0167109
0.0134462
0.180299
0.205293
0.012681
0.00248176
0.0113929
0.0113726
0.00568692
0.036398
0.0234375
0.0178789
0.0387186
0.0159206
0.154303
0.0129231
0.0502159
0.0215749
0.0243075
0.0100103
0.00497519
0.164284
0.0278389
0.0134767
0.0391928
0.0256306
0.0123639
0.00539065
0.130698
0.00743022
0.0231673
0.0110338
0.00933659
0.0157535
0.0225585
0.0141642
0.0079448
0.0116097
0.0130037
0.0166453
0.0843261
0.0149293
0.0353381
0.0096767
0.0150357
0.0114093
0.0160226
0.00869333
0.026188
0.153521
0.0354676
0.0226461
0.00804313
0.00416161
0.0177411
0.0117133
0.0229612
0.0781816
0.02079
0.00912789
0.0084355
0.0151483
0.00906312
0.0125013
0.0174564
0.0195501
0.0206576
0.0165936
0.0114738
0.0142724
0.0197091
0.0618836
0.0135697
0.0111691
0.0115916
0.247215
0.0141744
0.0283459
0.00562299
0.00788423
0.0416662
0.037627
0.00961162
0.0190732
0.00359228
0.0180397
0.00476265
0.00803007
0.270448
0.0410343
0.00390625
0.0062969
0.0478783
0.0150611
0.115728
0.161972
0.144063
0.322051
0.0558196
0.0250037
0.0366473
0.0461698
0.0319042
0.185247
0.0410705
0.012385
0.176595
0.0263074
0.0371361
0.0080966
0.00498832
0.0295271
0.0158997
0.162792
0.010078
0.0846022
0.0183015
0.0462581
0.0217716
0.10341
0.0460766
0.00981678
0.0149496
0.00570488
0.0067597
0.0201285
0.0378354
0.0453181
0.0221706
0.0117559
0.0136202
0.0865022
0.128863
0.0051583
0.0652632
0.00664251
0.245172
0.00177106
0.0522121
0.0181603
0.0602576
0.31973
0.164642
0.0221426
0.00472188
0.0184209
0.166537
0.0678139
0.00284378
0.0827899
0.0166109
0.00804141
0.0612382
0.0911423
0.0923197
0.039274
0.0171918
0.0648522
0.0330726
0.0488451
0.0409345
0.0619748
0.166082
0.0364639
0.0223869
0.021303
0.0274931
0.110811
0.00624366
0.0307144
0.028672
0.0174366
0.350237
0.231397
0.0352829
0.0951975
0.0211536
0.0284209
0.0552694
0.0655277
0.0321204
0.0056108
0.0124014
0.0131363
0.0244039
0.0330007
0.0149602
0.0192364
0.0307541
0.123809
0.0102716
0.0209248
0.00371428
0.0120011
0.0389364
0.023027
0.038961
0.0254832
0.0317397
0.011707
0.0208826
0.0246704
0.0368489
0.00310535
0.036817
0.00608675
0.0787128
0.00806171
0.0566152
0.00518813
0.0124723
0.0197319
0.0910766
0.0210003
0.0112593
0.0156102
0.0188826
0.0464755
0.0084168
0.0213833
0.0373851
0.00630394
0.0184504
0.0327883
0.0159481
0.00895165
0.0224281
0.0175553
0.0183549
0.00491311
0.0113005
0.0336516
0.0291868
0.0111852
0.0152309
0.0104392
0.00939415
0.00826048
0.0136983
0.0124893
0.0221649
0.00661295
0.00640572
0.0210946
0.00811475
0.0103618
0.0292229
0.0190551
0.00881489
0.0333387
0.00454114
0.012193
0.0154211
0.0243049
0.0142951
0.0101185
0.0412673
0.00650731
0.0024349
0.0112457
0.0128622
0.011362
0.0308983
0.0304613
0.0105192
0.0130336
0.011882
0.0216219
0.0114311
0.0383783
0.0126731
0.0578916
0.0154464
0.0224619
0.0565304
0.0263316
0.00661239
0.0311023
0.0528954
0.0288821
0.0234534
0.0089733
0.0144278
0.0205618
0.00784779
0.0199404
0.010752
0.00859393
0.00895817
0.00676201
0.016116
0.0311374
0.0101491
0.0288837
0.0113895
0.00501861
0.0217709
0.0159601
0.0168285
0.00564332
0.0237497
0.012127
0.0179847
0.00704664
0.0105364
0.031852
0.00726742
0.0193556
0.0107827
0.0304409
0.00670761
0.0123425
0.0243979
0.00899324
0.00553223
0.0115957
0.016202
0.00489946
0.0130183
0.00399508
0.0185757
0.0299247
0.0122235
0.0125444
0.0125006
0.0125966
0.00985526
0.0231304
0.0150703
0.00612627
0.0178413
0.00927985
0.0367166
0.0321902
0.0273208
0.00874222
0.139235
0.187722
0.00525124
0.00870729
0.0495656
0.0187643
0.0264684
0.0302691
0.0157189
0.00958996
0.0090129
0.0129374
0.00448612
0.00392775
0.00757682
0.0261313
0.0117875
0.0147503
0.00901376
0.0268274
0.0657185
0.0177282
0.00813246
0.00231439
0.0160717
0.0122914
0.00938044
0.0103844
0.00895341
0.00501332
0.0109173
0.0195305
0.019142
0.0134003
0.00505631
0.015155
0.00964666
0.025005
0.0106564
0.0120614
0.0111545
0.0152706
0.0039723
0.0077513
0.0214226
0.146161
0.0176583
0.219437
0.152866
0.1404
0.00777934
0.237772
0.0960964
0.0111367
0.203979
0.00417914
0.194435
0.0129906
0.0613918
0.0271636
0.0445802
0.0495296
0.157595
0.24948
0.294955
0.170999
0.0305021
0.0338061
0.0116762
0.166
0.043678
0.114525
0.00574636
0.107868
0.076446
0.126421
0.0787927
0.0113467
0.0292822
0.24951
0.417699
0.0253712
0.0731805
0.00916592
0.0981199
0.136105
0.0731534
0.084534
0.0149674
0.2422
0.0202707
0.00679321
0.00563371
0.0120002
0.0148221
0.0210725
0.00477449
0.00773805
0.00391994
0.00625558
0.0104451
0.0389138
0.0172045
0.00968263
0.0148286
0.0349886
0.046742
0.0420052
0.22576
0.0440955
0.00981371
0.0260727
0.00559204
0.0183647
0.0145773
0.00403589
0.0013801
0.0141822
0.00563991
0.00429791
0.0670363
0.0729576
0.0064601
0.0180786
0.0137248
0.0525977
0.0104749
0.0696696
0.00554005
0.00581849
0.017202
0.0114861
0.0123207
0.0124426
0.017771
0.0072554
0.279088
0.00746002
0.0171066
0.241833
0.00957426
0.0971371
0.0229321
0.0169737
0.00743625
0.00389687
0.00128711
0.0056119
0.0119982
0.0201601
0.0209628
0.0456996
0.00875991
0.0350355
0.0175882
0.0123441
0.0134172
0.0685515
0.0267856
0.100688
0.0260184
0.0140841
0.00183017
0.211426
0.00724893
0.0182082
0.0185298
0.00705814
0.0199119
0.0308749
0.00858023
0.0392632
0.00953341
0.0253356
0.100472
0.022109
0.00797329
0.0194032
0.00663225
0.0080365
0.368994
0.0596781
0.309758
0.00851739
0.019929
0.104805
0.0703264
0.0458804
0.269962
0.17842
0.102391
0.0307058
0.121452
0.0169042
0.0202288
0.00956833
0.046736
0.0470517
0.00264481
0.0293401
0.0245093
0.0140644
0.00764781
0.353685
0.141496
0.158753
0.0464956
0.147153
0.0217427
0.0267165
0.203631
0.0168704
0.0532358
0.0591297
0.0562781
0.113212
0.0181799
0.103702
0.00732184
0.00865643
0.206155
0.0105314
0.0559301
0.119141
0.103668
0.0516111
0.0574593
0.0154542
0.0724644
0.373877
0.104975
0.0878055
0.105469
0.00353544
0.0308957
0.00291852
0.046966
0.0530741
0.348508
0.16633
0.0797254
0.127402
0.190122
0.112232
0.00829915
0.00502571
0.0347402
0.00904563
0.00629685
0.0191093
0.0862833
0.117587
0.0165817
0.176634
0.0374122
0.0348707
0.111211
0.0109608
0.00926423
0.0615278
0.00533286
0.00871291
0.0879572
0.0418579
0.0982213
0.0461914
0.235156
0.00822998
0.0935742
0.0512767
0.0707595
0.117968
0.325966
0.197225
0.110239
0.0151877
0.319905
0.223685
0.0135954
0.0237499
0.0451995
0.021772
0.0376334
0.052104
0.087552
0.0915117
0.0554626
0.228012
0.178483
0.136198
0.109966
0.0125861
0.0804922
0.0177666
0.00364921
0.164841
0.0397219
0.0273739
0.0723032
0.0131189
0.0135627
0.0374168
0.0301448
0.0411059
0.0119302
0.0223245
0.012752
0.0183448
0.0021633
0.00461889
0.017809
0.00849061
0.00780661
0.0196123
0.0164487
0.0454885
0.0257257
0.00388711
0.0088619
0.0870677
0.0501094
0.00642455
0.140601
0.00234061
0.110808
0.0488668
0.0122392
0.0226189
0.0513624
0.0249425
0.0648948
0.020714
0.00377185
0.142273
0.0171846
0.0355092
0.17954
0.0290018
0.0152146
0.00832741
0.103478
0.012438
0.11586
0.00738783
0.0536046
0.0383688
0.112577
0.0389193
0.220146
0.0337016
0.117939
0.0101749
0.00633455
0.0106096
0.148406
0.0812681
0.00948531
0.00814161
0.289555
0.136674
0.154867
0.0593376
0.0674021
0.384672
0.00292102
0.145303
0.0114893
0.179229
0.220008
0.0369821
0.0969291
0.0716321
0.010616
0.055431
0.157066
0.004013
0.0160977
0.0056463
0.0101438
0.00259146
0.0130375
0.0195164
0.00884041
0.00603018
0.00583036
0.0317147
0.021209
0.0174008
0.0610858
0.0199171
0.142717
0.190844
0.0312759
0.00182429
0.00783423
0.0693543
0.0301837
0.00812282
0.00712392
0.149914
0.161445
0.0328428
0.00629269
0.171691
0.0492059
0.149994
0.0509257
0.00711637
0.00651279
0.044282
0.0096318
0.0669309
0.0467183
0.235434
0.0278138
0.077257
0.0658719
0.0553077
0.0128072
0.00672604
0.00256206
0.100089
0.00844984
0.142367
0.0699518
0.00850355
0.0142182
0.0256259
0.104125
0.0279981
0.0119759
0.287333
0.0070844
0.0103632
0.163977
0.0146218
0.0177998
0.00213975
0.0772771
0.0172836
0.0209952
0.00749385
0.0831738
0.0219533
0.00452917
0.118716
0.155635
0.0896017
0.0182608
0.0731585
0.114346
0.084849
0.101064
0.0661745
0.0490304
0.142034
0.0224374
0.0740461
0.0608642
0.0521115
0.128353
0.0187453
0.018252
0.00921687
0.03459
0.0811736
0.191245
0.0105039
0.105834
0.017117
0.0134118
0.0667469
0.119783
0.0315712
0.0363758
0.027178
0.211516
0.0617003
0.0268184
0.13972
0.0156452
0.00605466
0.0111044
0.34366
0.0252908
0.0260924
0.00342588
0.0110251
0.0130742
0.106555
0.0565027
0.177729
0.00987678
0.0296739
0.0146855
0.452807
0.158204
0.1851
0.0114995
0.027382
0.0483246
0.0318407
0.073574
0.127009
0.0336309
0.0124404
0.0333012
0.142024
0.108036
0.0450727
0.0766084
0.00452856
0.0240642
0.0237857
0.0134623
0.210801
0.00802331
0.0373412
0.54472
0.0618167
0.0536918
0.0978865
0.178807
0.00582914
0.0297591
0.124362
0.0224287
0.027932
0.0180951
0.0323177
0.0238552
0.0636613
0.0200961
0.00614817
0.0125021
0.0218035
0.025736
0.0188342
0.016001
0.0128595
0.0111343
0.0182973
0.0183088
0.0213268
0.0197846
0.00973234
0.0116373
0.0159694
0.115167
0.00885215
0.15021
0.0229997
0.0144522
0.0120924
0.016544
0.0586355
0.00710057
0.147928
0.0101853
0.00534468
0.0451993
0.119149
0.0909952
0.0235447
0.0912961
0.113846
0.00737333
0.383578
0.0680368
0.0154578
0.0150393
0.0125563
0.123499
0.011941
0.0354462
0.0120363
0.0142479
0.146505
0.0800622
0.0709338
0.0214827
0.00892891
0.0449408
0.0441445
0.0795582
0.0296855
0.00546366
0.0293233
0.0112822
0.0361963
0.0915196
0.0185442
0.00875189
0.0190598
0.0911121
0.107913
0.0068026
0.127753
0.0111208
0.0235853
0.0522142
0.0180851
0.00952025
0.0120779
0.00573501
0.0208356
0.108719
0.00733198
0.0991007
0.336359
0.102594
0.0463065
0.0156402
0.0500021
0.0055821
0.00485219
0.121433
0.00401295
0.00747575
0.0518581
0.0556355
0.187129
0.00773021
0.180345
0.075836
0.029521
0.041091
0.0736542
0.0183079
0.0163881
0.0200212
0.0400806
0.00338758
0.183881
0.00638657
0.0499987
0.00755981
0.211173
0.0661225
0.0575992
0.0278845
0.017373
0.0317315
0.0193006
0.0241406
0.0671303
0.0842906
0.177632
0.00984631
0.0326159
0.172046
0.0392697
0.0885952
0.0106151
0.0456388
0.00588844
0.012651
0.130378
0.026159
0.0167815
0.0063716
0.0798461
0.0290268
0.0191961
0.298233
0.020952
0.0365693
0.00974239
0.081798
0.0500429
0.0122825
0.0299737
0.299608
0.0913982
0.0124419
0.0941344
0.116622
0.173788
0.269645
0.00876916
0.0229361
0.0909872
0.158397
0.0239614
0.0857958
0.00746524
0.024069
0.106609
0.00383496
0.0288375
0.0078437
0.107488
0.05791
0.307875
0.0301736
0.202289
0.238876
0.00894164
0.022622
0.0196928
0.0486232
0.00690945
0.0213003
0.220943
0.213105
0.0269414
0.0298772
0.106657
0.0380811
0.0914942
0.0468347
0.0162582
0.00927309
0.076017
0.0329701
0.0245671
0.0544807
0.327643
0.031175
0.0111054
0.0209007
0.119037
0.258366
0.0546965
0.128197
0.202103
0.108938
0.252848
0.00451302
0.0733793
0.0213462
0.0398318
0.0172325
0.0278558
0.223999
0.020129
0.0139433
0.0179881
0.0240335
0.00373216
0.0444943
0.0461475
0.1174
0.0110357
0.052233
0.0144988
0.00454493
0.0378036
0.0239433
0.0302744
0.0377389
0.0125168
0.0697459
0.0298849
0.0385643
0.0180296
0.0533297
0.030992
0.246658
0.0188099
0.0738289
0.101544
0.120377
0.00490132
0.0356662
0.0257089
0.0834808
0.2162
0.0288477
0.074284
0.0111589
0.0224285
0.0206116
0.183916
0.0235493
0.0463172
0.00412088
0.00737396
0.0156096
0.0673738
0.00622069
0.0678751
0.0297712
0.225729
0.0401761
0.0217251
0.01077
0.0470856
0.0168148
0.287677
0.033571
0.0155689
0.0386298
0.0811507
0.0642497
0.122291
0.10123
0.161633
0.114553
0.0349907
0.0651224
0.00569143
0.0847287
0.0137428
0.0060707
0.0851436
0.0331888
0.00667682
0.153406
0.0758178
0.0115965
0.0751897
0.0192068
0.0240575
0.192933
0.0301113
0.0102065
0.0538921
0.00541073
0.013495
0.0978074
0.0297741
0.0668854
0.019508
0.0329045
0.0959602
0.0463765
0.0192337
0.00615423
0.0248871
0.0048392
0.108649
0.0463697
0.0175588
0.069261
0.00914944
0.0154542
0.0157017
0.00954721
0.014287
0.030878
0.0173783
0.0257509
0.0184873
0.0209878
0.0188608
0.167835
0.0863115
0.0493247
0.0563569
0.0296747
0.00193151
0.0393633
0.00937924
0.0200117
0.0624692
0.154589
0.0099455
0.151791
0.00844115
0.114929
0.0476701
0.0492869
0.0128572
0.00821586
0.00900211
0.0127615
0.0242131
0.0288186
0.0820145
0.0165357
0.0158473
0.0107003
0.0177119
0.020041
0.00993734
0.00715188
0.0102372
0.00512424
0.023632
0.00548624
0.0100752
0.01815
0.0239265
0.0137181
0.0114562
0.0137067
0.065252
0.0101657
0.0755441
0.0986298
0.00533799
0.0167154
0.00995326
0.0110339
0.0215151
0.0197206
0.00548597
0.0126977
0.01415
0.0422498
0.0123351
0.00321497
0.00911369
0.00528432
0.0127424
0.00756253
0.01612
0.0147295
0.0207066
0.00554141
0.0113293
0.0100494
0.0140378
0.0115513
0.0280412
0.0135133
0.0142652
0.00795116
0.0105321
0.0108331
0.00876375
0.0074682
0.0172929
0.00712837
0.0270748
0.0145056
0.0152841
0.0150416
0.00953027
0.020812
0.0123619
0.0137978
0.0086459
0.000947812
0.0111807
0.0149549
0.272373
0.00842973
0.268016
0.00976952
0.0175999
0.02419
0.0634571
0.0140137
0.00722194
0.0150394
0.0873304
0.0232374
0.210584
0.00953526
0.00578677
0.0206055
0.0125696
0.0212078
0.0248583
0.00710394
0.00848834
0.0163925
0.0166194
0.00582552
0.115197
0.0264383
0.0206551
0.0351261
0.0285744
0.0106318
0.00809046
0.00550669
0.0530408
0.0156349
0.0111382
0.0471845
0.0363142
0.0417894
0.0312793
0.0221311
0.0335554
0.0204169
0.0121391
0.0162054
0.0193685
0.0127634
0.0289207
0.00582464
0.0121941
0.0156994
0.0126745
0.0188579
0.0430275
0.127855
0.0233159
0.0182537
0.094463
0.0225033
0.011138
0.0120231
0.0116874
0.0162328
0.00741443
0.00519588
0.166517
0.00903684
0.0868934
0.022383
0.022894
0.0189539
0.0273217
0.00635473
0.00940026
0.0245041
0.00361876
0.0181761
0.0225347
0.053979
0.0249885
0.019891
0.0178907
0.36098
0.0279524
0.0241413
0.0389171
0.022193
0.0126769
0.0164912
0.00534358
0.0527465
0.0219325
0.186319
0.0165423
0.0214972
0.210678
0.0729341
0.0131497
0.357576
0.0192342
0.020349
0.0311485
0.0238307
0.0990041
0.134073
0.0117195
0.114797
0.00678074
0.0058075
0.0273184
0.0494011
0.0135122
0.0827464
0.0156326
0.0131077
0.0536883
0.0321857
0.01285
0.00344646
0.0190668
0.0110737
0.0428709
0.140064
0.178952
0.087032
0.013984
0.0203369
0.0127741
0.0148749
0.0207558
0.00550506
0.015392
0.0836033
0.00824599
0.0298972
0.0197878
0.145494
0.00734407
0.0900269
0.0693334
0.013044
0.023487
0.00496449
0.0331757
0.0107423
0.0100152
0.0199425
0.0798784
0.0985617
0.0270445
0.044698
0.00904511
0.0231074
0.117872
0.0298452
0.0399704
0.132169
0.0430173
0.0210119
0.0696942
0.0207567
0.0274327
0.020199
0.0211315
0.0368965
0.0203485
0.0309647
0.0598063
0.0381646
0.0135753
0.0403166
0.162881
0.0669307
0.044341
0.153729
0.0374911
0.0231897
0.0228109
0.268053
0.014343
0.0149603
0.0634387
0.0176285
0.0140249
0.0285222
0.0344714
0.000703792
0.0205009
0.0284951
0.0275131
0.0143733
0.0171154
0.0381098
0.0224971
0.0973653
0.01813
0.0710121
0.0432104
0.0199155
0.0278715
0.00811505
0.0191955
0.147893
0.01436
0.00782973
0.0244065
0.176606
0.0223314
0.0196541
0.00720434
0.0756422
0.0165882
0.0105944
0.0218353
0.0131835
0.0223829
0.0748328
0.0205205
0.0243759
0.00815971
0.0320182
0.0293269
0.0423395
0.043777
0.00950478
0.0283872
0.0107417
0.0341769
0.0234785
0.00414145
0.0107437
0.136169
0.0184117
0.00851278
0.00323341
0.015302
0.0248371
0.00759917
0.0744725
0.0219935
0.0644003
0.00887391
0.00757862
0.0219944
0.0163723
0.0236661
0.0215904
0.0140096
0.0308685
0.00326676
0.0104262
0.0188249
0.0137838
0.00869181
0.0308116
0.0154697
0.0254501
0.0047546
0.0102143
0.0193007
0.0214523
0.0137552
0.0268587
0.004039
0.0183258
0.0285379
0.0112001
0.00966452
0.022992
0.0176071
0.00536076
0.0038605
0.0246489
0.0106573
0.0193532
0.00897046
0.0202983
0.00851512
0.0598282
0.0125837
0.00569231
0.0233816
0.00969941
0.0242342
0.0211995
0.00405748
0.00737141
0.00528581
0.00554859
0.0179863
0.0122954
0.00697602
0.00777274
0.09863
0.0185838
0.0238603
0.0165927
0.0100306
0.115017
0.0138455
0.0146946
0.0284079
0.0159675
0.0118915
0.00492684
0.0129449
0.195616
0.0363186
0.0108734
0.0116847
0.0210299
0.0106941
0.0204081
0.0274131
0.0702335
0.0614025
0.0231771
0.00943604
0.0144674
0.0201714
0.016066
0.0624827
0.00497481
0.0108446
0.0141884
0.0192376
0.00976494
0.0384161
0.00614081
0.0112915
0.015221
0.00831445
0.00983001
0.00467762
0.00803525
0.0178464
0.146081
0.0657163
0.0104889
0.0198182
0.0115222
0.23461
0.0162626
0.00968336
0.0198305
0.0212865
0.137712
0.0347927
0.00888636
0.00263833
0.0160226
0.00965082
0.0119184
0.0038414
0.0641831
0.0204566
0.0208417
0.0146239
0.186227
0.0468156
0.00626231
0.00475178
0.0867189
0.0190668
0.039659
0.0102523
0.0135325
0.168615
0.00887598
0.0164519
0.00823131
0.0197206
0.0143432
0.014028
0.00749075
0.0604002
0.019348
0.0143138
0.0310112
0.138892
0.0345864
0.00772446
0.0362663
0.0477106
0.00350343
0.0144538
0.00761013
0.0151644
0.00430529
0.00911849
0.011408
0.0187342
0.0205735
0.0254715
0.0121149
0.0112963
0.0138348
0.017559
0.0048645
0.0159309
0.0341681
0.244203
0.0257081
0.0162316
0.0117214
0.0063528
0.0136967
0.0147095
0.0179971
0.0109568
0.0135132
0.0124411
0.00953343
0.011244
0.0063395
0.00852439
0.0266279
0.00916878
0.00698563
0.0110058
0.187823
0.0262525
0.041803
0.0133687
0.0294884
0.0128609
0.0137888
0.0132637
0.014952
0.0127939
0.00971645
0.00441292
0.0124483
0.003928
0.0163487
0.0325319
0.00561406
0.00457571
0.0211461
0.00909387
0.0386151
0.17515
0.00858039
0.0332204
0.0146497
0.00843881
0.00979942
0.00927158
0.108059
0.0205465
0.013958
0.0116673
0.0418438
0.0102511
0.00921705
0.0999704
0.0114664
0.354776
0.0177796
0.0927986
0.00903758
0.0808165
0.178285
0.322145
0.0223676
0.0886917
0.0666773
0.012747
0.0340403
0.0233608
0.00846512
0.019768
0.0336199
0.10508
0.0437613
0.0375535
0.16534
0.283354
0.0473265
0.0107609
0.0137378
0.0644061
0.324524
0.251131
0.0148929
0.0103134
0.00849099
0.0550426
0.142581
0.0382185
0.0207029
0.0475227
0.109272
0.00659583
0.117811
0.100006
0.0293478
0.0464172
0.0667086
0.0798354
0.0637603
0.0856299
0.00940191
0.00989847
0.0217527
0.119035
0.031294
0.0421763
0.00942549
0.270735
0.24424
0.05233
0.0148168
0.00372478
0.207104
0.076323
0.0128282
0.0192529
0.0828675
0.020748
0.0106667
0.0707914
0.0038751
0.0214428
0.0456183
0.0171728
0.0206396
0.0650681
0.0105866
0.0813685
0.0669073
0.0213074
0.0499166
0.169074
0.023841
0.010493
0.182922
0.049555
0.0144058
0.0462376
0.0506889
0.0458553
0.0127443
0.0257943
0.080654
0.0512796
0.151513
0.0201289
0.0623115
0.00785851
0.0158648
0.026593
0.0255881
0.0503042
0.0200235
0.028942
0.0713437
0.00783572
0.0193646
0.0235804
0.0192193
0.0209209
0.0125686
0.0457967
0.0565309
0.101988
0.0424293
0.0372663
0.0119691
0.0420165
0.0555287
0.0445318
0.0119593
0.0839735
0.0142769
0.0248815
0.0440337
0.0480319
0.0272326
0.0377643
0.00608253
0.109714
0.0549225
0.0419072
0.0392648
0.0145347
0.0460452
0.0158641
0.041515
0.152037
0.0100132
0.0154946
0.017482
0.0394949
0.00796888
0.00890364
0.0941432
0.0169098
0.0179338
0.0136098
0.0233202
0.0113263
0.0094177
0.18533
0.0179058
0.0110665
0.0167847
0.0186147
0.0223585
0.0123504
0.0132268
0.0530138
0.0276332
0.0160329
0.0241358
0.0150429
0.0114522
0.00696206
0.141698
0.0845243
0.00247817
0.0199641
0.0296448
0.0360154
0.0165007
0.0149484
0.00960756
0.0575302
0.00779572
0.0155763
0.0176758
0.0161488
0.0189641
0.0238534
0.00382264
0.0490675
0.00835789
0.0101046
0.0485612
0.11594
0.0197123
0.0236203
0.0127959
0.00250811
0.0219631
0.00500425
0.0488772
0.061124
0.0171539
0.141747
0.0254419
0.035187
0.00281666
0.0188854
0.0219846
0.00948004
0.0349758
0.090482
0.0236435
0.0091898
0.00639411
0.0596545
0.00791853
0.0550368
0.102268
0.0876269
0.0218732
0.114626
0.0107494
0.00900222
0.0115738
0.00625596
0.00725062
0.00676541
0.0196852
0.00719779
0.00340708
0.0134861
0.00667983
0.0187487
0.0220571
0.0262116
0.0117567
0.0620602
0.0309556
0.0235868
0.0283683
0.00628984
0.0215239
0.00923965
0.0137676
0.0835986
0.148524
0.159872
0.0517513
0.0182575
0.0199368
0.012105
0.0320204
0.00633058
0.00875753
0.00886691
0.0126683
0.0219684
0.0443907
0.0183306
0.0606114
0.0127238
0.0701064
0.00444567
0.0187283
0.00700488
0.0107076
0.0087617
0.00673141
0.00841312
0.0206595
0.0174831
0.0129601
0.0231215
0.0128661
0.0100504
0.0240639
0.00620366
0.00688127
0.0193799
0.0295862
0.00590118
0.0535051
0.0176925
0.00837259
0.0306551
0.0234658
0.00902881
0.116295
0.137494
0.0433132
0.00678187
0.0198194
0.030984
0.00313175
0.00581928
0.0242548
0.0661448
0.0138497
0.0156261
0.0158254
0.0169373
0.0168526
0.00704526
0.0103123
0.010403
0.0615097
0.0221748
0.0177026
0.00568329
0.0214836
0.00922916
0.00980113
0.0104084
0.0494456
0.0940751
0.0173063
0.0107843
0.00908654
0.00955299
0.012993
0.167932
0.0835877
0.0179653
0.0705699
0.211857
0.0171362
0.0335559
0.0122229
0.010745
0.0126142
0.0142869
0.202666
0.00830986
0.0793994
0.04302
0.0167319
0.0213847
0.0241464
0.00385217
0.0243489
0.375001
0.149121
0.184476
0.173037
0.0204873
0.0963375
0.0608202
0.00906137
0.0658461
0.0142258
0.0195227
0.175405
0.0113278
0.0258748
0.0165438
0.0240955
0.0214664
0.0200603
0.00596203
0.228015
0.0400676
0.0233151
0.0126382
0.0347946
0.00803914
0.00841531
0.0998498
0.00878867
0.0154932
0.161064
0.057021
0.00882431
0.0145425
0.0667383
0.042395
0.0102455
0.076759
0.0316956
0.106491
0.0627784
0.0548086
0.0102872
0.00551364
0.0476096
0.00412209
0.013757
0.0815988
0.0115348
0.0155057
0.0203277
0.0602905
0.304792
0.0137322
0.0106224
0.0216245
0.0123512
0.00765835
0.0134279
0.666166
0.0111221
0.00424095
0.00730611
0.0172316
0.0247037
0.00920631
0.0205283
0.0119372
0.0283625
0.0125005
0.0819582
0.00954405
0.0107772
0.015591
0.0108587
0.0253111
0.0166454
0.0132944
0.0147632
0.0175011
0.0255643
0.0452849
0.0502935
0.0418112
0.014827
0.0455368
0.151498
0.0117358
0.00672359
0.0217522
0.0400524
0.089024
0.0176307
0.0578758
0.00772209
0.034756
0.0326467
0.0123433
0.0609952
0.0140942
0.0649457
0.159023
0.0058719
0.057523
0.0162377
0.0190603
0.00705821
0.0363254
0.00346321
0.0507198
0.0142312
0.111365
0.0108302
0.160848
0.0339287
0.189903
0.0336909
0.0100639
0.0242777
0.00410303
0.016092
0.02187
0.0188013
0.0147006
0.0522801
0.0244901
0.00938116
0.0304292
0.219288
0.0125625
0.00457572
0.00641952
0.0100079
0.0215336
0.0139272
0.00612936
0.0127049
0.0665261
0.0493274
0.00980222
0.0129191
0.0113644
0.0100331
0.0440095
0.0332246
0.0137794
0.0199072
0.00561548
0.0100715
0.0255791
0.0402674
0.0181796
0.0234148
0.00675551
0.0159586
0.00609264
0.0477127
0.0224358
0.0070114
0.0186046
0.198674
0.00394395
0.0203168
0.0336812
0.0688602
0.00502563
0.0344488
0.0614188
0.0302579
0.00281543
0.0043663
0.153832
0.0150616
0.051754
0.00930319
0.0103708
0.126118
0.0195624
0.0350608
0.0338536
0.00529628
0.0375997
0.00323456
0.0330053
0.0187013
0.0285804
0.0347137
0.0154219
0.0204107
0.0347718
0.030266
0.00441293
0.0518087
0.0177621
0.00887074
0.00252241
0.0113941
0.00308843
0.0117877
0.0600579
0.0272211
0.018403
0.0112144
0.0384982
0.106341
0.00914256
0.00868665
0.0137445
0.00489419
0.0355818
0.0331826
0.00498536
0.00603222
0.0129022
0.0306332
0.00704622
0.0255593
0.0327871
0.00519329
0.03652
0.0192461
0.0229925
0.01065
0.00157394
0.0244451
0.0240036
0.0356338
0.076818
0.00663815
0.0241037
0.00497406
0.0319127
0.00808649
0.0398703
0.020965
0.0141145
0.0330803
0.0124806
0.0021212
0.0240116
0.0190332
0.0182113
0.00373766
0.0165257
0.0101617
0.00708278
0.00512891
0.0264158
0.00499217
0.02494
0.0174406
0.0292895
0.0110777
0.00787805
0.0219171
0.0308414
0.0124443
0.014801
0.0366253
0.0392239
0.00759272
0.0134007
0.0185422
0.0196591
0.0470515
0.0353531
0.0446028
0.0426748
0.0224276
0.00683125
0.0166666
0.0117974
0.0177914
0.0732259
0.00411469
0.0107737
0.0467088
0.0114571
0.0160643
0.00953447
0.0135265
0.0245756
0.00688988
0.00514834
0.0160596
0.0152755
0.014477
0.0241664
0.0162602
0.04626
0.0556636
0.0260316
0.00655063
0.0366683
0.0233634
0.0205175
0.0402064
0.0135056
0.0151855
0.0251906
0.00820323
0.00213831
0.00439935
0.0120529
0.00785164
0.0106442
0.0156575
0.021568
0.00288197
0.0199002
0.0150458
0.0244424
0.0355969
0.0132022
0.0108883
0.00691028
0.0154929
0.0327802
0.0229244
0.0151793
0.0193358
0.0157695
0.0131882
0.00772873
0.00727699
0.00852155
0.00666063
0.00937999
0.0116481
0.0187863
0.00842518
0.0011764
0.00971901
0.00499194
0.0093352
0.00285553
0.0132329
0.0209938
0.0259835
0.0161193
0.00882349
0.00330886
0.0163869
0.0189764
0.0314062
0.0144967
0.00724959
0.013883
0.00929468
0.007399
0.0187674
0.0313014
0.257526
0.027736
0.0190205
0.0121018
0.0218662
0.00539562
0.0250375
0.0173536
0.0734861
0.0371497
0.0185188
0.154474
0.0777955
0.0128264
0.0499756
0.0146472
0.0176769
0.0148838
0.0410588
0.00823042
0.0126631
0.0171117
0.102909
0.0144365
0.0270589
0.00996196
0.0101516
0.039531
0.024263
0.0126839
0.0137187
0.021063
0.0289997
0.18685
0.0219691
0.0141186
0.0929386
0.0134505
0.105163
0.232958
0.0150088
0.0158632
0.040058
0.0117069
0.0420731
0.151163
0.0499164
0.114183
0.0603239
0.281623
0.271155
0.01171
0.174326
0.106323
0.0141225
0.356609
0.00737774
0.0736891
0.25655
0.0216217
0.0161573
0.0490519
0.0157523
0.104803
0.0459289
0.0154169
0.0129208
0.0109274
0.176669
0.0162738
0.138492
0.00845585
0.0926564
0.0344336
0.0118454
0.253927
0.0402656
0.122693
0.15434
0.0260597
0.00815186
0.0281613
0.294402
0.0053907
0.0707686
0.00556917
0.225315
0.0054265
0.0565925
0.154617
0.225628
0.00602501
0.062125
0.0693551
0.0240415
0.0290289
0.0709141
0.0156384
0.400982
0.0129541
0.00632709
0.099698
0.179856
0.0237224
0.0152595
0.026086
0.0150769
0.0847793
0.0896436
0.212155
0.00760141
0.0280752
0.0361555
0.0147414
0.187086
0.311607
0.114477
0.0449103
0.0467211
0.0268622
0.210503
0.0175698
0.0130342
0.219395
0.00416194
0.011776
0.00812967
0.0467083
0.022091
0.248554
0.332851
0.00804736
0.017992
0.0271606
0.0450114
0.171288
0.0145641
0.041481
0.0404034
0.158933
0.0091943
0.00642704
0.0408851
0.0688995
0.0183493
0.0440661
0.0766831
0.379924
0.0678725
0.0121276
0.0413536
0.0509035
0.0405926
0.423701
0.0116768
0.0175959
0.00406257
0.0507395
0.0103754
0.0518365
0.011462
0.0421863
0.0118035
0.120981
0.0425323
0.218498
0.223504
0.0918919
0.0109146
0.00972347
0.00218336
0.258749
0.0565552
0.0148988
0.0158034
0.0203863
0.00268834
0.142379
0.0618116
0.00413194
0.0374738
0.0255342
0.0154325
0.179321
0.207783
0.051877
0.0973724
0.257493
0.0666854
0.157405
0.0125995
0.0112977
0.168955
0.134397
0.0458299
0.0687328
0.0511431
0.00716316
0.0848708
0.0149798
0.18148
0.123342
0.309472
0.240513
0.38063
0.0124782
0.0859441
0.0362181
0.0132265
0.0270577
0.0330773
0.107502
0.0179505
0.0145216
0.0502699
0.034417
0.200912
0.0223922
0.0136755
0.0186006
0.157046
0.131583
0.0650446
0.0313796
0.0485413
0.283925
0.014061
0.0952293
0.126943
0.0172506
0.00604128
0.0566523
0.100335
0.0118276
0.0140738
0.0180999
0.0439661
0.0386548
0.0679493
0.00986078
0.00569876
0.0192553
0.0171052
0.0442712
0.0244429
0.236169
0.0185796
0.026429
0.044943
0.0314942
0.00727647
0.293402
0.0846745
0.225859
0.0123419
0.0190222
0.0201988
0.0260604
0.00497001
0.170277
0.00905868
0.0938344
0.0932231
0.0244993
0.0273503
0.187315
0.0315716
0.0920282
0.0550733
0.0493431
0.261253
0.137522
0.0576543
0.0385221
0.0491542
0.0068889
0.123038
0.0123488
0.100987
0.390013
0.0700703
0.0140552
0.0305564
0.0694052
0.289393
0.0214733
0.0243209
0.00632981
0.0479255
0.0419132
0.030178
0.0518566
0.0796524
0.0760954
0.0132037
0.00722018
0.0155838
0.0959873
0.0771426
0.0488369
0.0735197
0.146329
0.00632458
0.164306
0.0354075
0.213612
0.0130844
0.0161507
0.155037
0.00829495
0.0762917
0.0554954
0.0757111
0.00822753
0.035685
0.00860193
0.00659765
0.0354337
0.095847
0.0300329
0.0452476
0.0287636
0.137445
0.0227878
0.0706711
0.037181
0.00888212
0.00552914
0.0875935
0.256623
0.0511989
0.0170195
0.0131109
0.0238724
0.0204233
0.00782218
0.0342072
0.0277232
0.064572
0.151013
0.0519494
0.25472
0.0116096
0.0204119
0.0138904
0.0260473
0.0505623
0.00571998
0.0105535
0.0161284
0.00902325
0.132428
0.0426994
0.0307711
0.00486786
0.0311699
0.0214992
0.076618
0.02515
0.147438
0.123688
0.0249674
0.035977
0.0263891
0.0758086
0.0301686
0.00847068
0.0140386
0.281333
0.00731567
0.0126098
0.196895
0.0127253
0.00759496
0.00784796
0.0172167
0.315465
0.0237922
0.00818627
0.0121014
0.00690099
0.0109745
0.0065958
0.00993128
0.0161098
0.0196269
0.0232275
0.00989078
0.00963402
0.0154064
0.00835204
0.274846
0.159397
0.015617
0.0127807
0.277942
0.0191107
0.0123507
0.0138195
0.058923
0.00301674
0.110511
0.0072243
0.0136867
0.0225223
0.0111218
0.00352894
0.0058146
0.0439652
0.0163184
0.0719794
0.00705748
0.0182657
0.00652375
0.00828268
0.0171336
0.00365278
0.149143
0.00559112
0.00878813
0.0306592
0.0140724
0.00943928
0.0118891
0.0111023
0.00461026
0.00647541
0.0312407
0.0494237
0.00190108
0.0147595
0.0133258
0.241012
0.0151285
0.0538163
0.0220935
0.00525566
0.0034344
0.0520075
0.0368595
0.207955
0.357644
0.00876123
0.019806
0.0588566
0.0743417
0.00757926
0.00960355
0.0405222
0.192564
0.00820967
0.0174048
0.0337236
0.00690374
0.0036019
0.00838485
0.137479
0.0138071
0.0188887
0.00656347
0.00993915
0.0134627
0.0422183
0.0485346
0.0646449
0.0106342
0.0195186
0.174377
0.00721349
0.00890123
0.0102237
0.0290662
0.00555261
0.0083778
0.0294811
0.0110708
0.0241439
0.0185016
0.0296849
0.0150992
0.0116892
0.0147385
0.0134805
0.0164033
0.157283
0.12797
0.228588
0.056537
0.182691
0.00736469
0.0221293
0.0158919
0.00879982
0.0101275
0.00634863
0.0149665
0.0212252
0.00724431
0.00914906
0.0183867
0.015041
0.00424828
0.0105549
0.0106723
0.00991568
0.18605
0.0125078
0.0233684
0.00986373
0.0236817
0.0108242
0.0120067
0.00560012
0.024576
0.0643035
0.00490077
0.0252889
0.0914349
0.0501549
0.00287765
0.00395099
0.0745599
0.0363447
0.0126475
0.0197251
0.0241631
0.0845875
0.0102533
0.0143376
0.0207192
0.0120273
0.229792
0.0132779
0.0808542
0.00936225
0.0153121
0.0193098
0.0110838
0.257664
0.0348553
0.0182144
0.0100286
0.0385322
0.188106
0.0178257
0.00553228
0.0973427
0.0831931
0.0231272
0.102864
0.0302725
0.0700215
0.00876315
0.0127249
0.0152571
0.0260185
0.0100723
0.0637422
0.012579
0.0669259
0.0196712
0.0225751
0.00882062
0.098106
0.0688617
0.0669439
0.00843846
0.0427365
0.0307136
0.0356677
0.0372273
0.153228
0.158728
0.0101977
0.197788
0.187436
0.0594703
0.145621
0.0198508
0.0193346
0.202537
0.0169388
0.0134244
0.0206658
0.0304511
0.00772522
0.0136937
0.0297871
0.0202195
0.0381812
0.0222918
0.266644
0.0153237
0.0342519
0.0439699
0.00293932
0.0113828
0.318862
0.0172899
0.0529548
0.0276828
0.0185096
0.0825568
0.0192516
0.164892
0.0781858
0.0587552
0.0841492
0.0113686
0.0176606
0.0213891
0.015293
0.290787
0.0612863
0.063864
0.0131112
0.00859072
0.0297051
0.0282365
0.0916188
0.00713742
0.0784235
0.185055
0.0379074
0.0891668
0.0194054
0.10578
0.102023
0.0160481
0.0108094
0.0773418
0.0307034
0.0922132
0.03147
0.00986799
0.0829421
0.0229962
0.00616783
0.00789966
0.203125
0.0599379
0.0752488
0.0571817
0.00613011
0.0202222
0.0718723
0.00553182
0.0656444
0.0223746
0.0652014
0.035363
0.0626545
0.0271978
0.0179899
0.00706026
0.0101219
0.0180492
0.00418326
0.00802186
0.0213833
0.00675376
0.246679
0.0163727
0.190369
0.0279025
0.260333
0.0277931
0.104078
0.0296586
0.187225
0.00311302
0.0688213
0.0446398
0.0033483
0.0782839
0.0434548
0.0231785
0.0336452
0.0567375
0.124198
0.00658583
0.143836
0.0809929
0.0546997
0.16048
0.00475714
0.0395308
0.0665501
0.538326
0.0100838
0.0666356
0.252421
0.0766083
0.0347151
0.0790195
0.0110719
0.0184454
0.040169
0.0202161
0.0112438
0.056266
0.0144739
0.0376486
0.0164007
0.0309388
0.0627123
0.0214164
0.0403267
0.0228922
0.0691037
0.0240497
0.00432574
0.0588251
0.0632407
0.00504298
0.0391387
0.0323828
0.238439
0.0193765
0.0240834
0.109306
0.0397028
0.0194192
0.0253145
0.0166603
0.0136821
0.0351876
0.0465055
0.0115818
0.0236353
0.00745609
0.00589207
0.0428822
0.0260953
0.0390294
0.00894319
0.0256254
0.047316
0.0127297
0.00551201
0.032877
0.0411866
0.0308545
0.0159522
0.0451343
0.0375596
0.0168757
0.00817724
0.0231908
0.017465
0.0407305
0.0154521
0.00580469
0.0550124
0.0213668
0.00300287
0.0549159
0.0708081
0.00915702
0.0345894
0.0181461
0.0272933
0.0624779
0.024272
0.0339268
0.0301747
0.0105008
0.0326937
0.0230156
0.0189598
0.00425668
0.0160992
0.0146679
0.0236396
0.0380096
0.0160402
0.0123461
0.00432882
0.036237
0.00613919
0.0188754
0.0145605
0.0410742
0.0309891
0.012846
0.0276648
0.0291571
0.0221733
0.0102667
0.0766442
0.0613867
0.0231716
0.0281563
0.00799336
0.0275389
0.0224076
0.00622459
0.0424207
0.00687191
0.0381131
0.00670959
0.00328231
0.0138208
0.0393392
0.0145443
0.0128412
0.0278183
0.0102141
0.014749
0.0167127
0.0175654
0.0190224
0.0480523
0.0132987
0.0133498
0.0224392
0.0380738
0.0305471
0.00731946
0.0210892
0.00593812
0.0117544
0.0396561
0.00618832
0.0133556
0.0275767
0.017927
0.0358971
0.0356041
0.0159132
0.00259806
0.00146121
0.0202777
0.00476711
0.0139469
0.0170424
0.0323948
0.00425808
0.0195205
0.0385843
0.0035981
0.0210464
0.0111475
0.0296333
0.0114396
0.0163771
0.00494762
0.00799226
0.00941094
0.0299666
0.0140254
0.00521029
0.00611564
0.012403
0.00904265
0.00606651
0.0249646
0.00935014
0.0223352
0.00990468
0.0142494
0.0453532
0.0176096
0.0179506
0.00779674
0.00699731
0.0237029
0.0129524
0.030437
0.0104066
0.0199556
0.0102649
0.00419544
0.0230449
0.00712577
0.00810016
0.0194127
0.0111402
0.00784104
0.00873155
0.0195222
0.0104007
0.00596532
0.0331202
0.0149153
0.0225156
0.0523736
0.0190474
0.0243691
0.00680489
0.0145722
0.0184479
0.00557641
0.0083664
0.0162554
0.00600152
0.010623
0.0144479
0.015598
0.0162973
0.00806969
0.0147739
0.0112176
0.0282637
0.0102476
0.00886996
0.00885838
0.0118624
0.00550835
0.0203408
0.00862755
0.0138006
0.00962953
0.0175272
0.0148725
0.0189974
0.0064703
0.0132864
0.020867
0.0110001
0.00708732
0.00776165
0.00675577
0.0323914
0.00684277
0.00123092
0.0160436
0.008541
0.00660187
0.0248865
0.0135628
0.0152646
0.0208884
0.00599003
0.0274938
0.00663419
0.00643588
0.00409785
0.0266489
0.0225447
0.00278814
0.00901357
0.0143374
0.00847195
0.0147294
0.0104853
0.014612
0.0137388
0.0105063
0.00628702
0.0120998
0.0193781
0.00660508
0.0102123
0.0288112
0.0123981
0.0219374
0.0111109
0.0124788
0.00349038
0.00356025
0.00680496
0.0151978
0.0126069
0.00851881
0.0064438
0.0125026
0.00894371
0.0291151
0.00802425
0.0118391
0.00920937
0.0127972
0.0172936
0.00852052
0.0107101
0.00903245
0.00687153
0.010689
0.0201094
0.0127223
0.00474099
0.00987134
0.0167818
0.0110381
0.0159522
0.010775
0.0134257
0.0108218
0.00995198
0.0168435
0.0139732
0.106335
0.0300763
0.00833198
0.0154974
0.00718235
0.0888201
0.0033293
0.0159084
0.0308568
0.0595232
0.00645796
0.0300298
0.0232311
0.0481605
0.00929999
0.173662
0.0549719
0.0576484
0.00872284
0.04317
0.0738715
0.0401956
0.0706971
0.0226976
0.065031
0.00432607
0.0922333
0.0861986
0.00697755
0.0288058
0.200743
0.0112151
0.0197728
0.0105145
0.00865484
0.0504047
0.0273679
0.0258597
0.0101726
0.0193203
0.0166994
0.0814299
0.0454045
0.0672613
0.0285091
0.0260139
0.0224948
0.0293791
0.121176
0.00561838
0.00848293
0.069064
0.0162809
0.0218974
0.013192
0.00408541
0.017731
0.0108964
0.157454
0.014497
0.00498482
0.0823838
0.0273711
0.00757896
0.0271809
0.205822
0.057011
0.056237
0.00651247
0.0898528
0.015233
0.0150717
0.0363351
0.0767784
0.18054
0.0110844
0.0209849
0.00815585
0.0413191
0.0688106
0.187247
0.0800792
0.013065
0.0145358
0.012461
0.00565286
0.00680437
0.0110798
0.0173924
0.0142449
0.00732232
0.0382926
0.0272861
0.0641253
0.223459
0.00502988
0.0135714
0.0123669
0.184783
0.0151334
0.00768129
0.0348556
0.0124862
0.110609
0.0904129
0.170315
0.0307145
0.0168663
0.0378821
0.0797051
0.0433982
0.00474232
0.0341796
0.058918
0.0540648
0.00560056
0.021645
0.0333132
0.0124932
0.0358075
0.00630684
0.00640714
0.0122508
0.00703819
0.00805101
0.0181
0.066614
0.0681392
0.00552701
0.0312943
0.00503092
0.0594555
0.0157622
0.00861007
0.0276528
0.0782279
0.00983786
0.0385368
0.0255261
0.00732231
0.00232209
0.01746
0.0301978
0.0113081
0.00461609
0.0389963
0.085037
0.0629743
0.00410443
0.149919
0.0129603
0.0658827
0.0319209
0.0140464
0.0174276
0.0034771
0.22044
0.0143712
0.00625099
0.0264054
0.0112698
0.0158346
0.0135173
0.161066
0.145638
0.0142593
0.0412032
0.197601
0.00190134
0.0984028
0.0350383
0.112722
0.0152258
0.0509203
0.026369
0.18449
0.0209698
0.0253037
0.0156919
0.0137207
0.0468892
0.0633519
0.120494
0.0141474
0.00949105
0.0198807
0.0426034
0.0271359
0.241297
0.0487586
0.12268
0.027088
0.00555282
0.0110079
0.0200071
0.220267
0.147617
0.270497
0.0753996
0.0917408
0.0437861
0.0056711
0.0689711
0.00804464
0.0741221
0.0635036
0.0086841
0.00592305
0.0132757
0.165356
0.0123023
0.0214303
0.00590255
0.0476193
0.220557
0.0877735
0.00489947
0.162245
0.330417
0.0419291
0.115037
0.0315755
0.0549981
0.0834972
0.123693
0.048442
0.0470163
0.0689357
0.184433
0.0128005
0.0127678
0.323642
0.0805308
0.0280921
0.0710828
0.0152425
0.0486455
0.109429
0.119507
0.201664
0.00285445
0.0133227
0.010624
0.161398
0.0195356
0.205057
0.0170633
0.285907
0.0418456
0.0046518
0.0851407
0.0110421
0.0308123
0.00834689
0.0975568
0.0526628
0.038426
0.00798371
0.00988608
0.00613641
0.159066
0.0216502
0.0129986
0.0258747
0.0315803
0.0206397
0.0145412
0.0601111
0.0533227
0.0126289
0.049618
0.110752
0.00847692
0.0632983
0.110374
0.0121359
0.0108905
0.0183913
0.0163131
0.133003
0.0838395
0.30808
0.174994
0.00541148
0.247903
0.00755772
0.0227536
0.0709428
0.078228
0.187069
0.0442405
0.011361
0.12128
0.014721
0.129806
0.150889
0.0298673
0.0202399
0.0155812
0.0146819
0.204397
0.0738585
0.0867375
0.0165108
0.186927
0.00724472
0.032444
0.0860351
0.0100292
0.124424
0.0173196
0.0105148
0.0784086
0.00773898
0.0161493
0.0800705
0.0120803
0.140273
0.00345053
0.0108628
0.0134061
0.017434
0.0309422
0.0419427
0.0724555
0.0452697
0.190097
0.0731888
0.0543676
0.00501699
0.0112645
0.00880807
0.272554
0.0720562
0.0886626
0.099408
0.0163605
0.0109588
0.0266007
0.0218597
0.0377647
0.0244039
0.0363093
0.025776
0.0121455
0.0468024
0.0147608
0.0346686
0.0305895
0.00677288
0.0172935
0.01412
0.039997
0.0328521
0.0941482
0.00385913
0.0206416
0.126665
0.0667738
0.0590561
0.0258565
0.00928158
0.0480684
0.0319145
0.079314
0.0375692
0.0658491
0.172714
0.0260363
0.00549711
0.0250175
0.0373448
0.0419393
0.0197573
0.0229514
0.0214423
0.0170933
0.0310352
0.134894
0.021876
0.00927728
0.0150818
0.0298325
0.0367483
0.0356116
0.00701923
0.0137358
0.0223893
0.0602278
0.0211883
0.0107932
0.0955675
0.0124538
0.0638911
0.0332502
0.0489683
0.295908
0.00302495
0.0197841
0.00757751
0.023416
0.0109461
0.0550937
0.0327184
0.00464221
0.0130124
0.0471806
0.0180584
0.0272538
0.0196884
0.0215891
0.0300866
0.0140972
0.00973184
0.0112485
0.00753993
0.00308092
0.0453052
0.0132032
0.0229454
0.0327972
0.105904
0.0594135
0.03113
0.128041
0.00835774
0.0291598
0.0240387
0.0305838
0.0219073
0.257486
0.0297287
0.0145086
0.0206196
0.0410017
0.00748128
0.00916945
0.00553745
0.00472256
0.0153234
0.0975074
0.0138822
0.00391082
0.48556
0.00627248
0.00920561
0.00940711
0.0110723
0.0139702
0.0218255
0.0130114
0.0221455
0.00813343
0.0260782
0.00599162
0.0283124
0.0104278
0.156608
0.0386885
0.00255427
0.0159153
0.0306475
0.0552495
0.0187526
0.0222244
0.0295136
0.0243064
0.00803682
0.0128725
0.0107813
0.0429166
0.00196534
0.0220331
0.0520462
0.0113145
0.155503
0.0373892
0.0365965
0.0325369
0.0291178
0.0235913
0.0302069
0.105794
0.0878087
0.0241048
0.00905205
0.138366
0.00732658
0.00653697
0.0510618
0.103919
0.00659432
0.0167648
0.0404849
0.00585438
0.0500999
0.0491757
0.0088134
0.293546
0.0226373
0.00626984
0.0412899
0.013921
0.0631244
0.0132271
0.0182902
0.0132182
0.00706356
0.168503
0.0194285
0.00380149
0.124716
0.148298
0.01527
0.0306887
0.0202634
0.00156028
0.0117652
0.143581
0.0984916
0.00823965
0.0299498
0.0278923
0.00862492
0.00826498
0.113528
0.105471
0.266162
0.0207869
0.0366915
0.015879
0.0142662
0.0191148
0.0065959
0.0135793
0.017031
0.0355848
0.0104022
0.153012
0.0451621
0.341675
0.0202867
0.126232
0.0133563
0.0682813
0.0072295
0.0253531
0.194832
0.00523897
0.0151006
0.0150624
0.00887571
0.0146482
0.0383127
0.0844282
0.00392917
0.0385328
0.00790412
0.00554221
0.0292746
0.0317352
0.00621315
0.0143181
0.0215894
0.0127359
0.0227344
0.0251011
0.0415613
0.0249546
0.0135635
0.128173
0.014238
0.0267641
0.014668
0.00335767
0.0181187
0.00698188
0.104962
0.0200281
0.287816
0.00438103
0.0552323
0.00534065
0.00432566
0.0272459
0.026485
0.0464767
0.0162681
0.012331
0.0059949
0.00825983
0.0094765
0.0136409
0.00340669
0.0211984
0.027976
0.0112545
0.0253453
0.0222897
0.0391328
0.0198328
0.197424
0.0179718
0.00811673
0.0278994
0.00804496
0.0133406
0.0140391
0.0522747
0.0130343
0.0242476
0.166228
0.0122261
0.044782
0.0100723
0.0593208
0.0215719
0.0339553
0.0585466
0.00983244
0.00941899
0.00872107
0.153408
0.0169536
0.026547
0.0688786
0.0198915
0.01492
0.0444981
0.0134848
0.012047
0.0236604
0.120023
0.00804002
0.0519842
