0.0303471
0.0215774
0.00427392
0.237601
0.0146058
0.0100321
0.170082
0.222823
0.00907778
0.0228408
0.0804241
0.0795048
0.041029
0.306955
0.0844548
0.409907
0.17504
0.00249513
0.0284221
0.0847337
0.0188908
0.0053144
0.0130517
0.0327912
0.110195
0.083576
0.0117546
0.18012
0.303035
0.15855
0.155559
0.0396669
0.0240367
0.0111423
0.0576121
0.090682
0.153672
0.0675162
0.00850758
0.00559501
0.114187
0.0211543
0.00885273
0.0324529
0.0126578
0.0607774
0.0137184
0.133287
0.0711294
0.0632945
0.0223405
0.0246033
0.178633
0.069679
0.0177434
0.0209243
0.00786782
0.00821344
0.00208345
0.0158509
0.0407642
0.0268649
0.0301873
0.0199581
0.0360001
0.0106249
0.0603818
0.00150417
0.163561
0.0617576
0.00879988
0.0108956
0.00878559
0.0415526
0.00261751
0.0029981
0.00738023
0.00549225
0.00468163
0.00769856
0.0124479
0.280229
0.0107631
0.0151366
0.0257971
0.007935
0.033473
0.0194362
0.00288503
0.0137516
0.00697883
0.043117
0.00644642
0.0790203
0.0567489
0.0829588
0.0417529
0.0574648
0.208011
0.0385329
0.00602191
0.259583
0.177423
0.00844709
0.00109232
0.0121466
0.0116578
0.00853991
0.0277206
0.0176603
0.0107591
0.00969078
0.0652998
0.0544225
0.259399
0.0934003
0.0940932
0.0042591
0.0426478
0.041542
0.0130056
0.124648
0.0328078
0.0110002
0.0284936
0.00757679
0.01219
0.0645433
0.0130262
0.0671802
0.0125651
0.00711907
0.118461
0.0742168
0.257531
0.0037377
0.00537742
0.0474368
0.351082
0.0268281
0.0844533
0.0085109
0.0246397
0.12459
0.0143126
0.00960883
0.00366649
0.0549095
0.0398791
0.00209957
0.153882
0.0498111
0.0623054
0.0493764
0.0240132
0.00600578
0.00993582
0.443504
0.279176
0.0454613
0.00827894
0.0157857
0.00838053
0.00792679
0.0253305
0.0832243
0.0690999
0.0922489
0.0329263
0.0402787
0.212879
0.33383
0.0714972
0.0885202
0.00564365
0.0268447
0.136624
0.00180615
0.0111512
0.0539287
0.0286822
0.0601523
0.014022
0.019913
0.112337
0.0124545
0.0327001
0.0389903
0.0986214
0.0297048
0.0214906
0.0136032
0.00469865
0.0136203
0.016994
0.100657
0.0876708
0.0239086
0.00532547
0.0254899
0.0660493
0.201506
0.0122815
0.0925374
0.0189421
0.28333
0.0401753
0.242763
0.00501665
0.0546183
0.00781795
0.0550526
0.152714
0.048107
0.0240432
0.0732936
0.144546
0.0236746
0.110827
0.00743383
0.0728512
0.0576118
0.0783261
0.00358864
0.0307597
0.0200472
0.16873
0.09327
0.26248
0.011486
0.0801566
0.174674
0.047389
0.0204548
0.188201
0.0231927
0.00401808
0.0088272
0.00528693
0.118784
0.0734983
0.0166194
0.0104404
0.0296184
0.0113478
0.00632192
0.00496122
0.0104372
0.00990475
0.0138301
0.00682895
0.00881645
0.00684196
0.00566594
0.00562046
0.0165674
0.0195396
0.00904054
0.00207021
0.0135822
0.00516509
0.0173281
0.0193079
0.0209676
0.0151759
0.0679841
0.0101671
0.0195882
0.0306717
0.0097877
0.00652404
0.0137877
0.00361439
0.0061411
0.0128556
0.0350329
0.0151226
0.0119983
0.0222191
0.0131821
0.00984249
0.021222
0.124429
0.00256074
0.044949
0.0213758
0.0529216
0.0136672
0.0749299
0.0274741
0.0465585
0.0283974
0.0150916
0.0820541
0.185278
0.0337856
0.0887978
0.00159876
0.191751
0.0370113
0.101631
0.126044
0.14566
0.349227
0.060916
0.0261203
0.0430207
0.0738768
0.171914
0.0761827
0.0280134
0.210315
0.00820316
0.028853
0.0429916
0.0495432
0.00552829
0.0217589
0.0925299
0.0606745
0.021035
0.334456
0.00701737
0.255442
0.0104636
0.0141644
0.0167768
0.0342796
0.0250667
0.133578
0.0325442
0.128036
0.0292439
0.0130779
0.165956
0.00502069
0.102692
0.00463685
0.157607
0.1903
0.0532409
0.340533
0.00927778
0.0664142
0.0805155
0.0255904
0.143084
0.0246375
0.0745897
0.148455
0.0587277
0.0359476
0.024943
0.00604464
0.0267721
0.000913279
0.00710512
0.216561
0.171703
0.148972
0.00996982
0.134129
0.0122264
0.223112
0.0450041
0.139625
0.0998951
0.0163008
0.00729423
0.0184354
0.00629749
0.0679969
0.00259785
0.0467306
0.00791139
0.227087
0.0219875
0.0130459
0.0303685
0.165805
0.0483726
0.270403
0.0437217
0.135858
0.0824965
0.203521
0.019732
0.0129705
0.0302161
0.0453474
0.0513062
0.00550563
0.0322376
0.103792
0.00755855
0.12941
0.0669937
0.113472
0.0525773
0.0370246
0.00913812
0.00319487
0.159166
0.0169827
0.0837372
0.00586707
0.236104
0.0746472
0.00928991
0.00403688
0.0308653
0.00820264
0.251519
0.145038
0.0747085
0.0417523
0.138231
0.00824463
0.0427859
0.0197704
0.0319654
0.0561636
0.0190212
0.0253225
0.0088008
0.00419194
0.00251819
0.0690149
0.0464218
0.00346686
0.0274278
0.0291431
0.0124937
0.0773532
0.00952284
0.0163753
0.00853745
0.0405418
0.0436319
0.16129
0.0318907
0.152684
0.190519
0.160093
0.33135
0.0384211
0.0584742
0.0636564
0.106158
0.00159237
0.0987003
0.0061539
0.0412264
0.0166742
0.0451019
0.153716
0.0489149
0.0295095
0.00930029
0.00838623
0.0211442
0.00653668
0.0396766
0.0860932
0.183018
0.0463206
0.0216827
0.077785
0.053004
0.0129894
0.0790772
0.0925457
0.0768103
0.0298947
0.0562743
0.0320315
0.159882
0.0281234
0.0179019
0.04156
0.0222163
0.0623491
0.00863885
0.120197
0.0234987
0.0537152
0.0454312
0.01533
0.0196923
0.0296685
0.0146248
0.0536694
0.2515
0.0306668
0.0380252
0.0355659
0.0898408
0.0929836
0.0341155
0.201966
0.0383956
0.0216844
0.0630821
0.0461213
0.0825727
0.0101946
0.0649782
0.0494426
0.0201764
0.0439404
0.021135
0.012245
0.0403604
0.0415083
0.0767051
0.0617732
0.00687007
0.0187164
0.0264624
0.0091369
0.0297842
0.0207992
0.0365346
0.0179337
0.0137756
0.0122732
0.0409222
0.0419948
0.0377419
0.0323346
0.0142055
0.04913
0.0095894
0.0232574
0.00916669
0.0479652
0.00186558
0.0574481
0.0203031
0.0168829
0.0432944
0.00909784
0.0304101
0.0397296
0.0190649
0.00409755
0.0269125
0.00773051
0.0948011
0.00914786
0.0280553
0.0173514
0.0117638
0.00985764
0.0466708
0.00380817
0.00427885
0.0176599
0.0210213
0.0329226
0.0235015
0.0272506
0.00126479
0.0315197
0.0220874
0.0152043
0.0230489
0.0362987
0.036783
0.0274037
0.00380473
0.0141784
0.0122961
0.00745385
0.0042869
0.0262023
0.0381497
0.0103588
0.0227578
0.00948118
0.00615418
0.0215658
0.0208032
0.0229592
0.00829152
0.0196306
0.0203314
0.0407706
0.00382865
0.0160807
0.0362434
0.00208679
0.0184063
0.0199255
0.0155027
0.0239058
0.00760334
0.00076896
0.00730867
0.00578784
0.0160644
0.0154656
0.0322973
0.00849112
0.0153193
0.00772526
0.0231758
0.0161607
0.00314591
0.0184249
0.0251433
0.00557073
0.0263053
0.00848704
0.0104663
0.0145336
0.0105578
0.00734824
0.0149776
0.0328121
0.00615129
0.0119488
0.00451954
0.0144294
0.00703968
0.0234223
0.0207642
0.0120859
0.021434
0.0122417
0.0140475
0.00491128
0.00788451
0.0138177
0.0197767
0.00739797
0.0475825
0.00956086
0.0214815
0.0164605
0.00501639
0.00997605
0.00689859
0.0104704
0.00923192
0.00452177
0.032846
0.0135853
0.0199941
0.0112562
0.0181342
0.0229043
0.00406174
0.0216452
0.0145769
0.0267988
0.0194104
0.0220764
0.0278632
0.00601801
0.0128114
0.0109623
0.00638057
0.112314
0.0506789
0.0493229
0.0261551
0.00861544
0.0128205
0.118755
0.011885
0.0516811
0.216021
0.032549
0.0189981
0.169566
0.0101437
0.0294241
0.353727
0.0147559
0.00838597
0.0153165
0.0102472
0.128216
0.0186321
0.0210665
0.0207493
0.0127379
0.012322
0.120943
0.107828
0.00397227
0.014667
0.0124024
0.0221643
0.0030458
0.0183652
0.00632259
0.0206369
0.0614975
0.0397629
0.192362
0.0244901
0.0481376
0.0291785
0.0238817
0.163151
0.116963
0.00452274
0.092009
0.0142076
0.00705036
0.00714663
0.0115862
0.0107541
0.0138588
0.161941
0.0100723
0.15531
0.00826059
0.011092
0.098392
0.0283395
0.190788
0.108437
0.00664015
0.0260858
0.228665
0.00738638
0.203948
0.0974642
0.0121842
0.0113684
0.00578895
0.00329657
0.00493056
0.00737944
0.0502739
0.0223957
0.0156755
0.0299696
0.062651
0.0202889
0.295706
0.0198119
0.00994375
0.0291626
0.00708965
0.00602601
0.145629
0.0440629
0.0389117
0.0314375
0.0976211
0.164298
0.0235901
0.0325387
0.00792019
0.0259831
0.00597231
0.0354385
0.0976662
0.0497312
0.109916
0.167413
0.077373
0.0239233
0.0603601
0.0373177
0.0321813
0.0231809
0.208139
0.0478402
0.136653
0.0159266
0.0412879
0.00973041
0.00923994
0.00818633
0.0164036
0.0172129
0.148324
0.0320192
0.0201709
0.0772348
0.0120285
0.0101048
0.0021667
0.0100539
0.0675866
0.0618938
0.281277
0.0182253
0.015071
0.116314
0.142687
0.310029
0.0466131
0.0566657
0.0873519
0.0191873
0.0406082
0.0186697
0.0525028
0.147322
0.0237498
0.00599705
0.0569081
0.0277663
0.00500584
0.130524
0.101978
0.0168697
0.0133841
0.170256
0.0328167
0.00694542
0.00619695
0.23281
0.00923085
0.182852
0.00712512
0.0133366
0.22148
0.00623952
0.0382677
0.248833
0.0792349
0.250707
0.0143827
0.00118497
0.017789
0.0335355
0.109441
0.158412
0.0170681
0.0105986
0.0282117
0.0643852
0.266934
0.0150428
0.0158174
0.0617394
0.0073564
0.119327
0.0374254
0.010517
0.0155572
0.0150341
0.185065
0.102477
0.0609192
0.0423998
0.00320951
0.0248469
0.0100165
0.014472
0.0142343
0.00917543
0.0319475
0.0222796
0.0486627
0.0274003
0.0199629
0.267267
0.032013
0.180252
0.0160581
0.0171502
0.0232429
0.00684634
0.0106833
0.316133
0.0444674
0.119521
0.0160658
0.00748719
0.104459
0.00619413
0.0145902
0.01268
0.147035
0.0586346
0.0200884
0.0177806
0.128329
0.00166352
0.0166597
0.0243486
0.0345416
0.0112909
0.0234622
0.0169935
0.0146555
0.0112022
0.00350532
0.059205
0.00582641
0.156911
0.00316458
0.013355
0.186199
0.0362319
0.0729205
0.2162
0.0282619
0.0440333
0.0647637
0.0192218
0.136
0.0207365
0.00638544
0.0135232
0.0116652
0.0106857
0.0183646
0.0878415
0.0183899
0.0659689
0.012445
0.00596219
0.208714
0.06049
0.00574964
0.0380794
0.0103071
0.0119786
0.00882901
0.0635633
0.0140825
0.0365422
0.015031
0.288519
0.0351882
0.224279
0.0525127
0.0450013
0.0138216
0.0156246
0.0448957
0.0221129
0.017227
0.0124209
0.0195428
0.106259
0.00550163
0.0431556
0.224785
0.0589596
0.0147535
0.0598923
0.0772941
0.00433106
0.0309261
0.0371256
0.0235214
0.194861
0.25218
0.0259253
0.00379784
0.100579
0.0156096
0.00387482
0.00106177
0.0223539
0.0326573
0.0288835
0.127842
0.0753947
0.0367283
0.0258058
0.00682895
0.110214
0.00378269
0.0104218
0.129894
0.0958355
0.109853
0.201495
0.00255055
0.018649
0.035044
0.168275
0.147663
0.0375918
0.00563784
0.0513956
0.0509496
0.0399805
0.115115
0.0216603
0.0135103
0.0413423
0.108497
0.0393182
0.0326064
0.0173581
0.0457167
0.0799815
0.0268744
0.0240696
0.031715
0.10496
0.031446
0.0424049
0.0192191
0.0206198
0.0208928
0.0271896
0.0228545
0.0433182
0.00419247
0.0412994
0.00895492
0.0665878
0.031497
0.0113782
0.0161843
0.130988
0.031135
0.125106
0.119074
0.0537935
0.0246911
0.0254011
0.0328334
0.115115
0.0308681
0.000969857
0.00747732
0.0255507
0.0629098
0.00863452
0.00942091
0.0406075
0.0469179
0.0118557
0.0129518
0.0624145
0.0123939
0.00977449
0.00590688
0.00602568
0.0228765
0.00891056
0.00806056
0.0219717
0.008028
0.00762174
0.00675967
0.0295699
0.0222439
0.031793
0.0506375
0.0205429
0.0042027
0.0053327
0.0719274
0.0276802
0.00818592
0.0351663
0.0208112
0.0047709
0.0148037
0.0312969
0.0122827
0.0176772
0.0339801
0.0106707
0.157212
0.0314771
0.018398
0.0400525
0.00860377
0.00678782
0.0189369
0.00216816
0.00705832
0.0213122
0.0165874
0.0360464
0.0622254
0.00239711
0.0123903
0.0262588
0.0504811
0.0207953
0.0680702
0.0302328
0.0162333
0.00962626
0.00535673
0.0838028
0.0458287
0.0212281
0.0157758
0.0154054
0.0135401
0.0345747
0.00912391
0.0971289
0.0178423
0.0140724
0.00589525
0.00782363
0.0105395
0.0123387
0.157218
0.00435153
0.0134318
0.0430087
0.0177822
0.0137112
0.0019243
0.00532536
0.00916493
0.0475447
0.00734422
0.0231402
0.0174985
0.0108556
0.00378602
0.0351982
0.00731707
0.00631409
0.0159262
0.00489292
0.0541828
0.0340486
0.0110996
0.0073151
0.00593449
0.0183129
0.00984507
0.00528967
0.0118914
0.00689488
0.00789024
0.145012
0.186221
0.0244246
0.0180162
0.0803178
0.00385777
0.00419813
0.0053919
0.136685
0.033233
0.00932037
0.00471416
0.00496561
0.0222965
0.0577971
0.0721747
0.0311384
0.015802
0.0296266
0.0340212
0.0109078
0.0195038
0.121785
0.00469882
0.0536106
0.021156
0.0185601
0.0229773
0.14002
0.0934951
0.0489044
0.0635129
0.00490322
0.0580386
0.114432
0.0450598
0.0320835
0.0103801
0.0802608
0.0615391
0.0291399
0.0051807
0.0719773
0.00758725
0.0112997
0.0190638
0.0358742
0.00241426
0.0171728
0.0241269
0.0493232
0.0561771
0.00806414
0.0409352
0.0661007
0.00984181
0.0326063
0.00546946
0.0273056
0.0128394
0.0203777
0.0242236
0.00858053
0.00646404
0.0255305
0.0117859
0.027961
0.101793
0.050065
0.00984088
0.0243732
0.0281164
0.0122091
0.00370635
0.0515781
0.00236819
0.00882383
0.00948819
0.0591553
0.0104458
0.0520096
0.0340135
0.172235
0.0167047
0.111785
0.0561528
0.0105223
0.0052822
0.012891
0.0455384
0.00400696
0.0588468
0.0127708
0.037114
0.0172751
0.0289658
0.0978899
0.0374184
0.154886
0.0362423
0.0850063
0.0958121
0.0943852
0.208102
0.163035
0.184543
0.119904
0.0814019
0.0289189
0.0115363
0.0564059
0.0111208
0.0381189
0.0566343
0.376636
0.0295516
0.0318136
0.108771
0.00460154
0.17887
0.132082
0.0211406
0.0450294
0.00269591
0.0136224
0.00153296
0.247876
0.0379666
0.0160465
0.231873
0.20461
0.193231
0.109757
0.0687849
0.135134
0.130408
0.22309
0.0292146
0.0468281
0.0166133
0.124047
0.00490279
0.0382256
0.00429124
0.0771476
0.0162009
0.215437
0.00593238
0.0222414
0.0598416
0.106778
0.224798
0.0109635
0.0809441
0.0526808
0.16554
0.18743
0.0128512
0.162819
0.121642
0.470672
0.0656023
0.354962
0.100383
0.0215788
0.0639338
0.0185119
0.0273653
0.0218825
0.015777
0.140722
0.00222968
0.0219268
0.0462914
0.093941
0.0676736
0.235522
0.15065
0.0243545
0.0655302
0.046983
0.00401208
0.0142969
0.0284311
0.155941
0.107369
0.0185063
0.0679709
0.00972653
0.181678
0.00217199
0.0528256
0.0104579
0.00302864
0.0111773
0.0132171
0.0794549
0.00979924
0.0116141
0.0365608
0.104614
0.0205277
0.0147189
0.0935446
0.121706
0.131036
0.00542994
0.024331
0.0928762
0.187968
0.0929767
0.0391412
0.153691
0.0137126
0.0293614
0.199624
0.00805208
0.00447828
0.0504974
0.0182524
0.0113656
0.00269205
0.0626412
0.0483136
0.100364
0.121186
0.0109643
0.639441
0.0144984
0.063963
0.0112677
0.324233
0.265434
0.00392909
0.0358527
0.0821725
0.0646501
0.0291136
0.0166614
0.1122
0.0209199
0.360067
0.00473418
0.0261261
0.0833765
0.31221
0.0151601
0.238375
0.406514
0.0535912
0.00524565
0.0157544
0.0238388
0.291876
0.0317978
0.191982
0.0833023
0.0116407
0.00820301
0.473523
0.186108
0.026372
0.227662
0.150858
0.200419
0.0085975
0.00364334
0.242596
0.0557576
0.00700735
0.250147
0.0328945
0.142989
0.0627992
0.0356499
0.0376332
0.0424493
0.0391602
0.13755
0.007325
0.0829736
0.0324461
0.0254828
0.0996562
0.0945242
0.244545
0.249592
0.161318
0.00949314
0.0166967
0.0297738
0.0411593
0.305962
0.0706938
0.00677629
0.105986
0.0422884
0.153598
0.0114287
0.180202
0.00417747
0.196719
0.0201739
0.0562675
0.0574103
0.0444286
0.0519708
0.00510533
0.113686
0.115203
0.0221092
0.0504415
0.100682
0.00711306
0.17017
0.0153253
0.0416828
0.00950487
0.0249241
0.00888677
0.0437797
0.126777
0.0887433
0.308379
0.204599
0.230267
0.00905617
0.00657131
0.00983203
0.235154
0.174722
0.0387943
0.233557
0.130099
0.230291
0.0491123
0.207825
0.0415889
0.0303461
0.125017
0.0651773
0.0826971
0.487298
0.0161517
0.0687884
0.382391
0.00286523
0.035377
0.0117144
0.0229033
0.0136029
0.00875542
0.0153827
0.00522898
0.00700536
0.0141249
0.0113847
0.0226428
0.0170066
0.00583275
0.029241
0.0217298
0.00924283
0.0391627
0.0299472
0.00796751
0.0231272
0.00529369
0.0574552
0.00881446
0.00276153
0.00685791
0.0159255
0.0114553
0.0196802
0.0150406
0.0687102
0.124832
0.192311
0.146702
0.0294775
0.0382305
0.176016
0.0201515
0.210859
0.129073
0.00990451
0.00701796
0.00807886
0.130999
0.0191195
0.0238302
0.299433
0.0841161
0.0351447
0.0284447
0.0729349
0.0207983
0.00983263
0.0102523
0.0295668
0.00672565
0.012983
0.0300333
0.0036035
0.0298315
0.0333076
0.0334839
0.0170409
0.0142811
0.0127811
0.0337284
0.00474058
0.064703
0.0142473
0.0588911
0.0104535
0.015849
0.0337312
0.00673382
0.0360026
0.0240001
0.0138665
0.0801732
0.0316992
0.187326
0.00632458
0.0136754
0.00215704
0.0148371
0.00735808
0.0520343
0.143553
0.0507336
0.0117694
0.110952
0.0119792
0.068247
0.0680849
0.00509978
0.0111048
0.0163415
0.00211973
0.00383664
0.00339146
0.046484
0.101391
0.024643
0.0134869
0.0906228
0.00637427
0.0209212
0.0178204
0.0389805
0.0158047
0.0200659
0.0272432
0.101192
0.00537311
0.0447121
0.0417607
0.0283101
0.0297689
0.045175
0.0134759
0.00196427
0.00983281
0.0278114
0.0391268
0.0239477
0.00842686
0.00554395
0.086507
0.0205896
0.0693814
0.0118272
0.0157796
0.0602754
0.00597632
0.020988
0.0100243
0.0759586
0.0036738
0.100661
0.0141589
0.0463678
0.0234267
0.0182578
0.0123106
0.0182873
0.00813449
0.03526
0.0298979
0.0127492
0.0360693
0.00734853
0.0351395
0.0105822
0.0084614
0.0164187
0.0310453
0.0142981
0.010561
0.00534206
0.0187928
0.0178712
0.0333574
0.0351527
0.080191
0.00942798
0.00211568
0.0109312
0.013503
0.0180695
0.0205296
0.0104914
0.0455781
0.024355
0.0407398
0.0109932
0.0158846
0.0416143
0.00797272
0.012396
0.0269242
0.0141162
0.0148655
0.019319
0.0111104
0.0499549
0.0328414
0.0127334
0.0149866
0.00992384
0.00562631
0.0401485
0.00303578
0.0213023
0.0418886
0.00783963
0.00633278
0.00912795
0.010739
0.00718057
0.0255213
0.0189379
0.0228818
0.016096
0.0164239
0.0131852
0.0610819
0.00602374
0.021378
0.0152726
0.0135483
0.0407871
0.0142358
0.0272006
0.0033419
0.0120249
0.00773868
0.0425196
0.0849884
0.0161587
0.0120669
0.0116302
0.0385566
0.0238729
0.0295536
0.0174845
0.0176812
0.00145469
0.00902586
0.0120532
0.100125
0.103403
0.0155396
0.0141143
0.0177898
0.0169486
0.0339412
0.031489
0.00553034
0.00330334
0.0232893
0.0370671
0.0220848
0.0164627
0.0208181
0.00906811
0.00148753
0.008495
0.0444476
0.00518771
0.00861769
0.0120373
0.0300345
0.00396591
0.01499
0.00949023
0.0384902
0.0650597
0.00990191
0.013693
0.0106041
0.0236177
0.0163972
0.0121337
0.0184464
0.0120218
0.00860343
0.00422138
0.0279992
0.00501469
0.00224438
0.00740414
0.00996045
0.0167151
0.00307274
0.0114335
0.0131332
0.0204458
0.00755594
0.0266509
0.01729
0.0141277
0.00927967
0.00620657
0.0262483
0.00450395
0.00839921
0.0153782
0.0121231
0.0270659
0.0328237
0.00896419
0.00202371
0.0165477
0.0282726
0.0252758
0.0178796
0.024706
0.0101984
0.0114932
0.00293987
0.0160953
0.00557231
0.0218685
0.00669048
0.0182962
0.030357
0.0705376
0.0173536
0.0100194
0.0223179
0.00893307
0.00835361
0.0191074
0.0167927
0.0153279
0.0220562
0.00243142
0.00955583
0.0111139
0.0146907
0.00468116
0.00958505
0.00568609
0.0181374
0.0153644
0.00350875
0.00685014
0.0175091
0.011599
0.00282995
0.0142263
0.00653329
0.00717909
0.0088291
0.0170257
0.00696281
0.00173857
0.0134547
0.0160582
0.01095
0.0106743
0.01605
0.0170581
0.00623673
0.0353062
0.00942617
0.0287192
0.00190017
0.0099485
0.0311975
0.0263965
0.0146534
0.00868323
0.0129698
0.00658871
0.0103976
0.0249812
0.0217184
0.00595121
0.023503
0.0327117
0.0530139
0.00640158
0.0135892
0.00307502
0.032164
0.0364656
0.0140666
0.00245002
0.0112181
0.0143081
0.0171552
0.0150785
0.0113181
0.0125784
0.0850349
0.018842
0.00958345
0.0038912
0.0501718
0.0219848
0.0103608
0.00845382
0.00592637
0.00738364
0.0116297
0.0377041
0.0510963
0.0228635
0.00626284
0.0144137
0.0211645
0.00794687
0.0390292
0.00738251
0.00947851
0.00790668
0.0114549
0.0232709
0.046178
0.0134977
0.126321
0.0133239
0.0092485
0.0102951
0.0318431
0.00605392
0.027408
0.0107151
0.16901
0.0260058
0.0143641
0.0264008
0.00875766
0.0121873
0.00934268
0.0261858
0.00880917
0.0136685
0.0115913
0.0277353
0.0119356
0.00451159
0.0222613
0.0105537
0.0234632
0.00744469
0.0225215
0.00900918
0.00642823
0.012504
0.0165441
0.0559035
0.00559437
0.0231457
0.0053246
0.0781979
0.00513323
0.00380453
0.0241148
0.00906807
0.0113992
0.0107434
0.0113994
0.0138498
0.0103788
0.00171587
0.00729012
0.0313508
0.00891366
0.00699187
0.0109289
0.0166403
0.0155162
0.171552
0.00382162
0.0199123
0.0218079
0.0101312
0.0144782
0.0212973
0.0245593
0.0179911
0.137797
0.0556079
0.0119258
0.0736682
0.00475126
0.0406774
0.00762057
0.0633076
0.0658888
0.0388525
0.0262567
0.0419646
0.0885756
0.0145232
0.0278686
0.0166619
0.141661
0.0477999
0.136597
0.0402371
0.0456509
0.0200446
0.0565546
0.0125133
0.0234529
0.0291324
0.0187491
0.0323363
0.0839329
0.0222169
0.011961
0.0639123
0.0105591
0.0155395
0.0960792
0.106248
0.0403576
0.00506485
0.00147092
0.073091
0.0139437
0.0263641
0.0104513
0.101327
0.0134392
0.00788115
0.0523048
0.0372478
0.0272623
0.117264
0.101444
0.00145119
0.283143
0.0122914
0.0096432
0.0368501
0.0103043
0.026758
0.167911
0.0159691
0.0509335
0.0143851
0.0666914
0.00227316
0.0116405
0.0155416
0.00639296
0.0081945
0.00718774
0.0171661
0.00410789
0.082878
0.0837915
0.00733082
0.0208552
0.0229131
0.0222369
0.0131243
0.0566178
0.0154189
0.0172197
0.00365611
0.0187909
0.222489
0.0138173
0.0102583
0.0122093
0.0153835
0.0308283
0.020983
0.0363792
0.00644067
0.0372924
0.0136653
0.0769307
0.0702977
0.0197043
0.0555231
0.0475485
0.0284998
0.00872688
0.0607638
0.0133143
0.123864
0.0109731
0.00842269
0.0398177
0.00857864
0.0269134
0.0201039
0.0118778
0.0231309
0.0051328
0.0213733
0.0188309
0.0193764
0.00510386
0.00741013
0.0415847
0.00208536
0.0412744
0.0193341
0.0208562
0.0114131
0.0112507
0.024746
0.0457968
0.0127933
0.00801199
0.0119084
0.0259097
0.013147
0.0378217
0.0206994
0.0267965
0.00951796
0.00876137
0.125976
0.0186727
0.0166332
0.0547569
0.0293017
0.00896356
0.040506
0.0186775
0.00684301
0.00404908
0.0151637
0.193015
0.12299
0.0577532
0.00414325
0.00170742
0.064579
0.00442192
0.0120578
0.11808
0.0290283
0.282571
0.0354544
0.182421
0.35518
0.0479556
0.0249745
0.0119584
0.324109
0.0414604
0.0765781
0.015679
0.00469053
0.387155
0.0303256
0.0096003
0.0239531
0.0488208
0.0166769
0.0101572
0.383169
0.0370619
0.0190583
0.0185611
0.121017
0.0392867
0.021596
0.0752669
0.0272852
0.167546
0.00776399
0.0103465
0.208599
0.0347619
0.0333794
0.0135002
0.304583
0.0322101
0.0145788
0.316306
0.11643
0.0369912
0.0404501
0.0104564
0.00561864
0.029202
0.01932
0.0170671
0.0161894
0.119656
0.115879
0.142285
0.143826
0.00977919
0.00744638
0.00925121
0.0139475
0.0200912
0.380595
0.00171074
0.02433
0.0156492
0.0536342
0.00402681
0.034155
0.215864
0.037524
0.0134899
0.00872772
0.0376668
0.0054562
0.0422902
0.019259
0.0236066
0.0136246
0.115036
0.00840884
0.0141252
0.071128
0.0496957
0.00572712
0.0103937
0.015285
0.00674798
0.0464821
0.0210955
0.126688
0.0495348
0.0173418
0.131651
0.00492276
0.0172055
0.0374373
0.00680269
0.016651
0.0122076
0.0548022
0.00982852
0.0254077
0.0122513
0.00443972
0.0383081
0.0295437
0.00451813
0.00329049
0.0208435
0.0371094
0.0120951
0.0261486
0.00753372
0.0208176
0.0133567
0.174944
0.00999298
0.0161332
0.0144022
0.0122955
0.059979
0.0156768
0.0130572
0.0572257
0.00862494
0.00557798
0.0305863
0.0247658
0.158917
0.00578738
0.0538432
0.0186004
0.0522592
0.0611038
0.0333903
0.00672409
0.0209381
0.0547459
0.0071052
0.0341395
0.00444746
0.00630578
0.129532
0.00384022
0.010086
0.0147417
0.0190936
0.0162795
0.0127676
0.0398979
0.0397474
0.0931007
0.0177518
0.00973395
0.00932358
0.0105332
0.0307044
0.0275958
0.0139744
0.00910963
0.0290821
0.00633709
0.0179627
0.0246144
0.0170292
0.00923253
0.0631752
0.0125002
0.0120866
0.0985339
0.011484
0.0206073
0.00974595
0.00263521
0.0152568
0.187803
0.0254005
0.0308171
0.00952542
0.0541829
0.278429
0.168149
0.0681126
0.00500436
0.0168521
0.21131
0.293884
0.00949745
0.00865002
0.00354981
0.00355781
0.188708
0.00931344
0.0134542
0.60232
0.019036
0.0649465
0.0658696
0.0855148
0.0026803
0.138567
0.085579
0.10874
0.0311748
0.117035
0.0449103
0.0387433
0.0128554
0.100329
0.022517
0.119566
0.466258
0.00509923
0.0248545
0.0836869
0.0141478
0.100074
0.0525096
0.0153947
0.0328436
0.014787
0.00965969
0.00556403
0.00450062
0.00916002
0.00525071
0.0524713
0.00454889
0.017662
0.0101397
0.00766549
0.0029036
0.0176853
0.0281955
0.0211493
0.0190715
0.0137468
0.0170173
0.0376332
0.00727053
0.021579
0.0287725
0.0179231
0.0164655
0.0208939
0.0108803
0.0214778
0.291942
0.00345183
0.0102732
0.0124202
0.00371845
0.0156591
0.0197859
0.248925
0.0112291
0.0142859
0.178846
0.141715
0.218473
0.0391536
0.0666945
0.0133975
0.00681379
0.0849572
0.0290398
0.127698
0.0703344
0.0366047
0.0067823
0.0192043
0.0651612
0.0228353
0.0842249
0.0201031
0.0123927
0.0135565
0.0351039
0.00165018
0.0260711
0.0853033
0.0318135
0.0359855
0.00680198
0.0127456
0.00395203
0.00796557
0.0119061
0.0138011
0.00662397
0.00332959
0.0574481
0.00835949
0.02168
0.0265763
0.0125415
0.00645641
0.00593215
0.00923634
0.0379817
0.0154607
0.087113
0.022593
0.0624268
0.011131
0.0325875
0.0222047
0.0122221
0.0160698
0.00620446
0.0114992
0.0115551
0.0320046
0.0841659
0.0062424
0.013329
0.0125541
0.00309442
0.00827002
0.00407404
0.0163143
0.0060628
0.00960058
0.0119294
0.00457555
0.0101452
0.0143726
0.0059763
0.00960654
0.0133731
0.0216215
0.00672247
0.00632233
0.0114029
0.00532774
0.0187765
0.0348355
0.0070361
0.00790571
0.0198235
0.0175654
0.0102392
0.00998992
0.00870001
0.0221196
0.00739993
0.0186773
0.00599923
0.046192
0.00687512
0.0191472
0.00943153
0.136134
0.0123744
0.0152342
0.00523649
0.00748925
0.00710348
0.00147633
0.0149881
0.0148148
0.0105562
0.0200409
0.0480101
0.0173192
0.00986416
0.0131229
0.00917345
0.0186602
0.00801871
0.0782695
0.0263036
0.0117423
0.0188684
0.00950258
0.00658265
0.0109415
0.0136724
0.00336688
0.00898203
0.0369343
0.00984807
0.0128545
0.0860946
0.042106
0.0292078
0.0499039
0.0201651
0.0034651
0.0443843
0.00918528
0.0098541
0.0125426
0.00972715
0.00634804
0.00759107
0.0315006
0.00683272
0.0142212
0.00489155
0.00688819
0.149869
0.0114895
0.0130882
0.00296378
0.036491
0.00642613
0.0126769
0.0950305
0.00774523
0.0221351
0.0229031
0.00669415
0.0614891
0.0106995
0.00663217
0.0286386
0.0247868
0.21603
0.0115295
0.00476836
0.0348222
0.219813
0.0194467
0.0115205
0.133551
0.0197789
0.0297023
0.00544687
0.0576556
0.0116423
0.0813002
0.00387555
0.125068
0.0199614
0.0352404
0.00632163
0.0818766
0.00952333
0.0526518
0.0214512
0.0208487
0.122426
0.00695938
0.00790863
0.0439529
0.0116669
0.00559269
0.0524394
0.00917284
0.0208516
0.0583588
0.021528
0.0545633
0.0109068
0.00552598
0.0333567
0.0813311
0.0277537
0.00418647
0.00959882
0.0353187
0.00402578
0.00414057
0.0111931
0.00713797
0.015799
0.0254501
0.00667052
0.13283
0.0671068
0.0061179
0.0535262
0.0461501
0.00905408
0.0554373
0.00915456
0.0108677
0.00566541
0.01519
0.00176307
0.0280916
0.0211726
0.0116926
0.0351494
0.0471848
0.0383074
0.0109336
0.0121711
0.0870194
0.0173213
0.0218734
0.0981391
0.0112377
0.0486967
0.0145334
0.0282359
0.0121358
0.00587486
0.0184326
0.032589
0.0147227
0.0223559
0.0334491
0.00369968
0.0134027
0.0248235
0.0201952
0.00310388
0.00624014
0.00285123
0.00430661
0.162037
0.00232611
0.0420798
0.0122756
0.0159472
0.0361557
0.115034
0.0213707
0.00359081
0.0152771
0.0372382
0.0357926
0.0127464
0.0357478
0.00547913
0.00946819
0.0289861
0.00395905
0.0305498
0.0360919
0.0183447
0.00862028
0.068463
0.0185558
0.000447701
0.00625294
0.00467036
0.0477091
0.0239439
0.0114102
0.0287903
0.0088459
0.0110736
0.0189878
0.00666925
0.0506382
0.00508388
0.0516827
0.0273169
0.00227919
0.0159661
0.012015
0.0243639
0.0380447
0.0261296
0.0241105
0.013702
0.00948557
0.0441273
0.0932633
0.0297407
0.0246585
0.0178261
0.00705899
0.0438473
0.063462
0.0101219
0.0169105
0.00980055
0.0070071
0.0052893
0.00366194
0.03359
0.0110182
0.00907906
0.0185539
0.0211585
0.0167154
0.00760274
0.00317443
0.0163975
0.00428162
0.0102589
0.0116364
0.0162142
0.0172134
0.029672
0.0349148
0.00629216
0.0390431
0.0285516
0.0132742
0.0142159
0.00218457
0.00885771
0.0126439
0.0144408
0.0159401
0.0209163
0.0118756
0.0120171
0.0163732
0.00375208
0.0136773
0.0276472
0.0148611
0.0138066
0.0147922
0.0088106
0.0145576
0.00783499
0.011527
0.0147929
0.0290224
0.00742108
0.0304027
0.0170234
0.0211157
0.00867157
0.00870557
0.0122257
0.00426763
0.0344588
0.00756005
0.0130133
0.00192496
0.0229563
0.00398482
0.00758531
0.0195295
0.00919773
0.0128374
0.0161506
0.0104833
0.00731024
0.0140024
0.00952839
0.0237842
0.0208543
0.00137838
0.010948
0.0120828
0.00354587
0.00934051
0.0141414
0.0130075
0.0104283
0.0232664
0.0172395
0.0160535
0.00958666
0.00675921
0.0145273
0.0176554
0.00881079
0.00335304
0.0179992
0.0174146
0.0266803
0.0165452
0.0363961
0.0155372
0.015941
0.0136808
0.0308911
0.00663128
0.00700571
0.0217749
0.00644662
0.391927
0.0301457
0.0185246
0.0225482
0.00824648
0.0171772
0.0153103
0.0206251
0.034299
0.0205342
0.00399741
0.0187984
0.01377
0.0183012
0.00844155
0.0224978
0.00578138
0.0185484
0.00260527
0.0123729
0.0104215
0.0208343
0.0172131
0.00587499
0.0143142
0.00869993
0.0165633
0.0231234
0.0148869
0.0074559
0.00321606
0.0201094
0.00581985
0.00464069
0.0068335
0.00747217
0.00235406
0.0224041
0.0229455
0.0302846
0.00389105
0.0282642
0.0030148
0.0019923
0.0106092
0.0149891
0.0147873
0.0151786
0.0189846
0.00313677
0.00892526
0.0131285
0.0193233
0.0243983
0.00763293
0.0193972
0.020287
0.0117212
0.0117649
0.0098637
0.0149197
0.00850304
0.00404614
0.0292384
0.014071
0.0151496
0.0115245
0.00265057
0.0127299
0.00989985
0.0160267
0.0294738
0.0176983
0.0125047
0.00792977
0.0200734
0.0130938
0.0223891
0.0380639
0.00993643
0.0180894
0.0260324
0.021765
0.0267407
0.00927311
0.0114285
0.0305317
0.0062624
0.0140557
0.00707755
0.00471394
0.00342835
0.0038406
0.00880876
0.0113418
0.0192979
0.0147601
0.00608455
0.0105718
0.00757397
0.0148107
0.00509543
0.00356339
0.00439721
0.0229611
0.0262371
0.0113299
0.00883555
0.00852772
0.00612927
0.0114063
0.00578033
0.011717
0.0113364
0.00593944
0.00311901
0.0164207
0.0267646
0.0217884
0.0241138
0.0208885
0.0176926
0.0229329
0.00527729
0.0178963
0.00233196
0.0160479
0.010124
0.0119916
0.0164162
0.00884759
0.0282728
0.0096865
0.0173101
0.0182737
0.00638697
0.0109107
0.0113076
0.0110478
0.0129823
0.0214216
0.0117197
0.0126777
0.0144466
0.0167035
0.00582437
0.0158337
0.0094055
0.0143121
0.00969445
0.0153159
0.00246626
0.00717128
0.00737723
0.00472139
0.0115926
0.00866039
0.0177606
0.0125589
0.0297325
0.00486057
0.0196592
0.036908
0.0162275
0.00771884
0.0250965
0.00759701
0.0219896
0.0267072
0.0165605
0.00389379
0.00844692
0.05448
0.0219653
0.0752669
0.243594
0.154411
0.0115992
0.210968
0.106822
0.0554605
0.0887913
0.00888438
0.0835555
0.0377809
0.0276834
0.00555854
0.0115281
0.107522
0.010172
0.00391576
0.0154992
0.0179883
0.0613606
0.0143903
0.0194905
0.151505
0.00952702
0.00655067
0.0280346
0.0171675
0.0329331
0.0730733
0.0223657
0.00222519
0.0259026
0.0078267
0.0474467
0.00964721
0.0734033
0.014518
0.0443779
0.0577177
0.0082952
0.0592876
0.0374981
0.0458975
0.00443886
0.0584091
0.00719436
0.0608155
0.0286865
0.0169195
0.0203188
0.0447375
0.00487069
0.0186279
0.0269789
0.0189307
0.0545722
0.0133676
0.0256704
0.00413114
0.00570481
0.0201793
0.00098411
0.0153706
0.00633477
0.000453802
0.0950696
0.0037205
0.010842
0.0255665
0.0190123
0.0353945
0.137408
0.011222
0.00664666
0.0280788
0.0222107
0.0585611
0.00817996
0.230119
0.0318291
0.00759485
0.00849864
0.0880915
0.0317751
0.0199351
0.0217501
0.0343182
0.086106
0.00692993
0.0124095
0.0474841
0.0177949
0.00143828
0.0778755
0.0144984
0.0501949
0.0295311
0.0370738
0.107309
0.195445
0.0870749
0.0578954
0.0455782
0.0140174
0.0374294
0.0152888
0.0563156
0.0893266
0.012864
0.0166788
0.00321688
0.174634
0.0243509
0.00605099
0.0809192
0.0540732
0.0172333
0.00872233
0.0209545
0.00887003
0.00896968
0.00834722
0.0192319
0.047125
0.0124521
0.0223967
0.0401231
0.0448763
0.00996963
0.0134376
0.0337374
0.0349072
0.00689186
0.220129
0.0278962
0.0123428
0.0503059
0.0171403
0.0338164
0.026364
0.035818
0.0344118
0.0240052
0.00932105
0.00594849
0.0191073
0.0106113
0.0280978
0.00933988
0.0339235
0.00879108
0.0122981
0.0135469
0.0374029
0.00141675
0.0324809
0.0158236
0.0152211
0.0248381
0.0785136
0.00291218
0.00898213
0.0246973
0.00401177
0.000753971
0.0978671
0.0427072
0.181615
0.00394602
0.252664
0.00585271
0.118016
0.00211392
0.0401522
0.0172086
0.0221456
0.0103077
0.0127757
0.0847336
0.06288
0.1189
0.0130847
0.0210058
0.0361507
0.00499626
0.00772845
0.00598069
0.00259339
0.00129181
0.00355141
0.0220478
0.0271749
0.0773561
0.158873
0.00924161
0.0138141
0.0961739
0.0216714
0.0355733
0.0580487
0.0238771
0.192709
0.170333
0.00583211
0.00665819
0.0275608
0.00613255
0.0150405
0.00491256
0.0109128
0.00221709
0.172008
0.00770371
0.0552255
0.00841873
0.010481
0.0201508
0.113747
0.0208207
0.26415
0.0164464
0.013249
0.0169282
0.0217886
0.000558847
0.0884016
0.0264025
0.0134505
0.0124849
0.0448634
0.00648858
0.00657454
0.00207678
0.0202225
0.0655905
0.0253717
0.0414395
0.213077
0.0292461
0.014484
0.0898509
0.00643651
0.00362581
0.16137
0.0396347
0.0824077
0.00830744
0.200633
0.00936668
0.0709639
0.155425
0.0273855
0.0116549
0.0970535
0.0600779
0.0231368
0.0522149
0.120093
0.105783
0.0741628
0.0328489
0.00528206
0.00636206
0.109105
0.00399183
0.0150869
0.0153992
0.0545656
0.246383
0.0256092
0.0277816
0.0430694
0.00254659
0.019252
0.176341
0.0886556
0.221365
0.0558071
0.0236404
0.141947
0.0681883
0.00334866
0.228017
0.134918
0.0593898
0.352274
0.204265
0.0639926
0.104159
0.069939
0.0085263
0.0506072
0.24229
0.172574
0.00345999
0.0450018
0.213691
0.00214734
0.0689264
0.0136511
0.0544784
0.165248
0.0599214
0.170271
0.163823
0.046774
0.067193
0.0800444
0.0265186
0.0961074
0.0568735
0.00711249
0.00213886
0.0381886
0.0167462
0.0990772
0.00445815
0.00882761
0.015997
0.00370358
0.00508962
0.067534
0.0111609
0.0123723
0.00765862
0.00556955
0.00358889
0.0161475
0.00691639
0.0252364
0.00333711
0.0125582
0.100985
0.0225581
0.00621427
0.0141999
0.0114866
0.0174788
0.00737184
0.00729915
0.0113836
0.0254692
0.0100247
0.0232501
0.014157
0.0209639
0.0232419
0.00765294
0.48835
0.206717
0.216754
0.0356276
0.0682701
0.0539033
0.0987059
0.108261
0.0982803
0.0229524
0.16679
0.338083
0.0235874
0.0145448
0.00445532
0.0791632
0.320609
0.0133869
0.0663843
0.00343483
0.0344463
0.0343358
0.00905639
0.0940025
0.00558098
0.00820644
0.0964877
0.0905317
0.00361894
0.13589
0.0180103
0.0322201
0.0082749
0.0737822
0.0146527
0.0296584
0.00842747
0.0213149
0.00953383
0.0564089
0.0193298
0.0140646
0.0169285
0.0162292
0.0134462
0.180177
0.205258
0.0104288
0.00109926
0.010264
0.0107043
0.00567484
0.0362241
0.0147969
0.0158581
0.0335342
0.015914
0.154302
0.0127536
0.0501819
0.020895
0.0232827
0.00986836
0.00400794
0.164284
0.0252045
0.0114331
0.0391828
0.0255732
0.00203214
0.00149532
0.130696
0.00652553
0.0231414
0.011016
0.0081151
0.0151189
0.0215369
0.0138513
0.0032524
0.0109336
0.0129892
0.0152826
0.0842611
0.014826
0.034864
0.00865037
0.0150261
0.0111217
0.0160226
0.00676808
0.0238421
0.153388
0.0299941
0.0217876
0.007664
0.00388935
0.0165745
0.00183579
0.0224406
0.077917
0.0203486
0.00593148
0.00817384
0.0147784
0.00896203
0.0111903
0.0170417
0.0130766
0.0193045
0.0139656
0.0109164
0.0140306
0.019701
0.0618779
0.0107858
0.010102
0.00788169
0.247106
0.0126875
0.0280084
0.00540505
0.00788353
0.0416385
0.0376016
0.00809476
0.0164228
0.00323203
0.017774
0.0043235
0.0079729
0.270445
0.0410303
0.00376144
0.00615322
0.0474009
0.0150321
0.11564
0.161967
0.144063
0.322039
0.0556341
0.0250028
0.0366319
0.0460345
0.0318734
0.185235
0.0410457
0.0119255
0.176517
0.0263002
0.0368778
0.0080965
0.00485274
0.0289766
0.0155035
0.162768
0.0100753
0.0845707
0.0182139
0.0460691
0.0215874
0.103395
0.0460758
0.00722034
0.0144993
0.00559964
0.00675906
0.0200153
0.0378349
0.0453181
0.0215287
0.0116352
0.0129628
0.086449
0.128836
0.00460709
0.0647855
0.00662072
0.245146
0.00170005
0.0521405
0.0180433
0.0602446
0.319726
0.164633
0.0217533
0.00472086
0.0180827
0.16652
0.0676867
0.00282159
0.0826977
0.0166051
0.00720451
0.0610481
0.0911098
0.0923189
0.0391781
0.0170393
0.0648267
0.0330716
0.0486522
0.040803
0.061972
0.165943
0.0364524
0.0223734
0.0212094
0.0274094
0.110811
0.00592111
0.0305013
0.0286177
0.0147796
0.350233
0.23137
0.0352828
0.0950855
0.0207692
0.0281142
0.0551202
0.0654899
0.0320896
0.00493549
0.012345
0.0121502
0.0237394
0.0329985
0.0149549
0.0190535
0.0307151
0.123795
0.0100312
0.0208362
0.00326114
0.0119492
0.0380882
0.0229181
0.0389122
0.025427
0.0316898
0.0116421
0.0208468
0.0246365
0.036679
0.00179873
0.036364
0.0054709
0.0786863
0.00793168
0.0565177
0.00475665
0.0120394
0.0196858
0.0910698
0.0203373
0.0107773
0.01539
0.0185459
0.0464162
0.00841598
0.021231
0.0373849
0.00399366
0.0184022
0.0327529
0.0158275
0.00530324
0.0215509
0.0168419
0.0180244
0.00343182
0.0112588
0.0336512
0.0287256
0.010985
0.0152281
0.0104288
0.00737128
0.00825993
0.00563255
0.0111597
0.0221602
0.00489434
0.00632652
0.0209949
0.00797276
0.0102399
0.0290982
0.0184231
0.00835221
0.0332236
0.00454088
0.0121446
0.0153772
0.0240957
0.0140873
0.0101108
0.0410627
0.00648929
0.000440628
0.0111554
0.0122635
0.0113261
0.030772
0.0303436
0.0105149
0.0124887
0.00635717
0.0215708
0.0113466
0.0383746
0.0126453
0.0578722
0.0153202
0.0212069
0.056525
0.0254785
0.00625024
0.0299067
0.052823
0.0287567
0.0224031
0.00703381
0.0141766
0.0205482
0.00737029
0.0151263
0.0106209
0.00858248
0.00863199
0.00579125
0.0158016
0.0311073
0.00672642
0.0288802
0.0113548
0.00436096
0.0212468
0.0159219
0.0167138
0.00563831
0.0232031
0.00664706
0.00942529
0.00659628
0.0105362
0.0317029
0.00601131
0.0191236
0.0105639
0.02934
0.00669625
0.0120688
0.0243267
0.00773352
0.00524918
0.0115883
0.0160261
0.00442389
0.0130173
0.00171428
0.018484
0.0297899
0.0111568
0.012473
0.01198
0.0123299
0.00934643
0.0227667
0.0143403
0.00536029
0.0178144
0.00873843
0.0365801
0.0321816
0.027317
0.00816522
0.139226
0.187713
0.00520532
0.00514504
0.0491884
0.0166101
0.0260243
0.0302551
0.0148612
0.00917831
0.00675661
0.0128748
0.00448609
0.00391582
0.00743482
0.0213338
0.0117837
0.0124625
0.00901282
0.025644
0.0657102
0.0176676
0.00547729
0.000977675
0.0143858
0.012035
0.00684713
0.00938485
0.00862479
0.00348372
0.0108433
0.0191837
0.0191336
0.0124848
0.00504558
0.0150322
0.00899169
0.02408
0.010178
0.0100473
0.0109239
0.0151949
0.00397068
0.00638465
0.021293
0.146058
0.017635
0.219398
0.152862
0.14039
0.00777857
0.237729
0.0960858
0.0102235
0.203883
0.00410443
0.194366
0.0128914
0.061294
0.0269395
0.0445613
0.0494618
0.157595
0.249282
0.294948
0.170999
0.0300357
0.033748
0.0116121
0.165966
0.0436753
0.114506
0.00420597
0.107824
0.0764279
0.12642
0.078768
0.0105345
0.0292345
0.24951
0.417679
0.0252107
0.0731792
0.00905759
0.0980968
0.136097
0.0731186
0.0843629
0.0146747
0.242194
0.0200325
0.00678299
0.00550045
0.0119173
0.0146388
0.0164066
0.0046119
0.00683791
0.00391974
0.00625468
0.00992413
0.0388898
0.0172024
0.00968163
0.0147117
0.0345661
0.0465611
0.0420051
0.22572
0.0440609
0.00930141
0.0254112
0.00235141
0.0156471
0.0119901
0.00403588
0.00137717
0.0137559
0.00554324
0.0041697
0.0670077
0.0729384
0.00567344
0.0180684
0.013341
0.0525891
0.010337
0.0689145
0.0050838
0.00371158
0.0171176
0.0112933
0.0120108
0.0113584
0.0172679
0.00654698
0.279061
0.00730293
0.0168742
0.24183
0.00956799
0.0969752
0.0222859
0.016714
0.0056846
0.00350992
0.00110197
0.00170539
0.0117139
0.0178968
0.020644
0.045673
0.00872489
0.0347858
0.0175369
0.0120991
0.0133791
0.0685494
0.0256161
0.100622
0.0254482
0.0129624
0.00158553
0.211376
0.00674986
0.01706
0.0144738
0.00593897
0.0194697
0.0308292
0.00854078
0.0392612
0.00899887
0.0252313
0.100324
0.0217726
0.00615807
0.0193973
0.00656762
0.00800791
0.368953
0.0595852
0.309757
0.00238474
0.0187819
0.104782
0.0703249
0.0452568
0.269956
0.178412
0.102368
0.0306813
0.121452
0.0168947
0.0193632
0.00916247
0.0467337
0.0470497
0.00144976
0.029294
0.0243325
0.0140574
0.00469609
0.353647
0.141468
0.158726
0.0463293
0.147068
0.0206905
0.0267145
0.203628
0.0168167
0.0532356
0.0590347
0.0560568
0.113212
0.0146011
0.103679
0.00615229
0.0084243
0.206155
0.0103739
0.0559218
0.119112
0.103621
0.051456
0.0574151
0.0151582
0.0724045
0.373865
0.104959
0.0877873
0.105431
0.0031728
0.0308028
0.00188683
0.0469534
0.0529464
0.348403
0.166216
0.0796544
0.127394
0.190084
0.112193
0.00700221
0.00492235
0.0347401
0.00811329
0.0030519
0.0185343
0.0862679
0.117586
0.0162183
0.176578
0.0369672
0.0348016
0.11121
0.00999083
0.00896655
0.0613369
0.00354039
0.00863239
0.0879353
0.0418368
0.0981071
0.0460852
0.23514
0.00819143
0.0935724
0.0511988
0.0704668
0.117965
0.325942
0.196974
0.110216
0.0151627
0.3199
0.223647
0.0133073
0.0237493
0.0451464
0.0216189
0.0374989
0.052068
0.0875275
0.0914278
0.0553841
0.227982
0.178483
0.13618
0.109922
0.0122531
0.0804793
0.0175778
0.00364773
0.164808
0.0397034
0.027177
0.0721201
0.0128477
0.0128251
0.0366695
0.0301335
0.0407861
0.0119243
0.0223205
0.011638
0.0173421
0.00189546
0.00318562
0.0173371
0.00848463
0.00677625
0.019611
0.0164479
0.0451707
0.025634
0.00195384
0.00561474
0.0866427
0.0501064
0.000304952
0.140559
0.0021695
0.110803
0.048856
0.0121828
0.0223056
0.0513613
0.0240841
0.0647739
0.0206329
0.00356347
0.142235
0.0171584
0.0355075
0.179482
0.028833
0.0147633
0.00825887
0.103424
0.0112183
0.11578
0.00656261
0.0535592
0.0382787
0.112572
0.0387787
0.220108
0.0337016
0.117894
0.00903347
0.00564729
0.0090311
0.148404
0.0812511
0.00933521
0.00794807
0.289553
0.136642
0.154786
0.0592832
0.0673745
0.384669
0.00290695
0.14527
0.00888279
0.179221
0.219957
0.0369747
0.0968653
0.0712884
0.00774593
0.0549927
0.157066
0.00222954
0.0160773
0.00453263
0.00975221
0.00222618
0.0122208
0.0193388
0.00387737
0.00598064
0.00562862
0.0316238
0.0204983
0.0173998
0.0610188
0.0195775
0.142572
0.190801
0.0309886
0.00172766
0.00732138
0.0693435
0.0299263
0.0074409
0.00709006
0.149878
0.161388
0.0327952
0.00527888
0.171686
0.0487644
0.149968
0.0508886
0.00642131
0.00609034
0.0442234
0.00963119
0.0669278
0.04655
0.23543
0.0278135
0.0771466
0.0658706
0.0551497
0.0124338
0.00590683
0.000967224
0.100088
0.00742526
0.142346
0.0699254
0.00823467
0.0142139
0.0255517
0.10412
0.0278622
0.0118835
0.287333
0.00692382
0.0103511
0.163907
0.0144598
0.0176159
0.00121622
0.0772655
0.0169625
0.0206901
0.00736354
0.0831025
0.0219052
0.0041411
0.118689
0.155613
0.0894996
0.017871
0.0731038
0.114344
0.0848119
0.101059
0.0661584
0.0488726
0.142034
0.0223378
0.0740088
0.0607398
0.0520938
0.12834
0.0185353
0.0161872
0.00902676
0.0343719
0.0811559
0.191238
0.00839695
0.105639
0.0170721
0.0134018
0.0667409
0.119737
0.0315627
0.0362621
0.0271388
0.211511
0.0616275
0.0263438
0.139719
0.0152097
0.0059869
0.0100916
0.343651
0.0250246
0.0231096
0.00342334
0.0109603
0.0126369
0.106493
0.0564978
0.177728
0.00772984
0.0296543
0.0145848
0.452798
0.158152
0.1851
0.0113516
0.0265541
0.0482828
0.0317415
0.0735662
0.126997
0.0335201
0.0121911
0.0331708
0.141932
0.108035
0.0450526
0.0766075
0.00406334
0.0239487
0.023612
0.0133107
0.210744
0.00796646
0.0373213
0.54472
0.0617692
0.0536843
0.0978503
0.178807
0.00339202
0.0297112
0.124361
0.0223456
0.0278365
0.0180019
0.0316152
0.0238455
0.0636139
0.0195475
0.00328594
0.0111242
0.0217794
0.0256514
0.0181757
0.0159985
0.0120803
0.0111298
0.0182166
0.0173291
0.0212069
0.0196443
0.00924277
0.0109084
0.0157012
0.115163
0.00733111
0.150197
0.0225376
0.0143596
0.011548
0.0165136
0.0586161
0.00706144
0.14792
0.0100532
0.00519435
0.0451934
0.119146
0.0908945
0.0234337
0.0912944
0.113714
0.00682781
0.383577
0.0680144
0.0127727
0.014714
0.0124164
0.123472
0.00843674
0.035385
0.00951517
0.0123417
0.146459
0.0800105
0.070933
0.0203155
0.00586161
0.0448325
0.0441416
0.0795474
0.0272923
0.00532938
0.0293115
0.0111291
0.0360373
0.0914147
0.0185244
0.00834153
0.0187927
0.0910596
0.107913
0.00548138
0.127751
0.0104353
0.0229316
0.0521385
0.0174168
0.00940108
0.0114945
0.00560761
0.0200061
0.108585
0.00541331
0.0987557
0.336346
0.102592
0.0462949
0.0155944
0.0416878
0.00527689
0.00440501
0.121432
0.00372415
0.00623339
0.0516772
0.0555738
0.187045
0.00713985
0.180301
0.0757784
0.0295007
0.0410789
0.0736484
0.0182846
0.0151703
0.0196456
0.0400798
0.00337995
0.183881
0.00593682
0.0492461
0.00519648
0.211173
0.0661219
0.0575948
0.0277253
0.0173726
0.0312148
0.0192428
0.0239316
0.0669911
0.0842629
0.177598
0.00904598
0.0325934
0.17204
0.0392468
0.0885869
0.00860421
0.0456221
0.00444734
0.0109656
0.130321
0.0258397
0.0156711
0.00590425
0.0798289
0.0290249
0.0182306
0.298229
0.020733
0.036568
0.00713659
0.0817929
0.0499612
0.0109615
0.0299473
0.299607
0.0913823
0.0124277
0.0940709
0.116533
0.173737
0.269604
0.00671387
0.0226801
0.090972
0.158391
0.0237993
0.0856303
0.00681821
0.0236488
0.106587
0.00373237
0.0287071
0.00606921
0.107485
0.057864
0.307875
0.0295451
0.202278
0.238875
0.00728619
0.0224245
0.0196839
0.0485957
0.00549382
0.0210712
0.220943
0.213063
0.0258884
0.029877
0.106656
0.0380444
0.091489
0.0468069
0.0158197
0.00925153
0.0760055
0.0329656
0.0242911
0.0544678
0.327584
0.030985
0.0110455
0.0204224
0.119023
0.258301
0.0545846
0.128137
0.202023
0.108811
0.252845
0.00224034
0.0733586
0.0202298
0.0395672
0.0170644
0.0278089
0.223967
0.0200976
0.0138968
0.0178357
0.0238009
0.00371125
0.0444888
0.0461414
0.1174
0.0107313
0.0521054
0.0127103
0.00398832
0.0377961
0.0234675
0.0302596
0.0375943
0.012432
0.0697431
0.0297826
0.0385403
0.0179647
0.0533139
0.0309919
0.246636
0.018764
0.0737309
0.101537
0.120336
0.00411122
0.03521
0.0256538
0.083466
0.216154
0.0288324
0.0742654
0.0111489
0.0224149
0.0203068
0.183821
0.0220918
0.0463153
0.00370346
0.00685379
0.0148172
0.0673668
0.00491047
0.06776
0.0297512
0.225728
0.0401009
0.021696
0.0107628
0.0469745
0.0161517
0.287677
0.0335137
0.0154032
0.0385352
0.0811104
0.064212
0.122285
0.101188
0.161611
0.114538
0.0349907
0.0651213
0.00568231
0.0846629
0.0134102
0.00605876
0.085143
0.0329304
0.00586093
0.153369
0.075815
0.011588
0.0751312
0.0191596
0.0240226
0.192891
0.0299098
0.0101808
0.0538268
0.00510612
0.0125944
0.0977507
0.029586
0.0668385
0.0194994
0.0329041
0.0959242
0.0460727
0.019017
0.00533046
0.0242125
0.0016021
0.108609
0.0463696
0.0175563
0.0692535
0.00668943
0.0146951
0.015476
0.00872711
0.0142451
0.0308646
0.0173082
0.0257161
0.0184633
0.0206421
0.0132631
0.167824
0.0861703
0.0491936
0.056353
0.0296629
0.00101011
0.0393023
0.00865061
0.0197848
0.062387
0.154582
0.00955693
0.15175
0.00767993
0.114812
0.04767
0.0490569
0.0128526
0.00615284
0.00891539
0.0127528
0.0241798
0.0285277
0.0819204
0.0163181
0.0155778
0.0105293
0.0177106
0.0196367
0.00945674
0.00416169
0.00886021
0.00512376
0.0234895
0.0054702
0.00995176
0.0176087
0.0239008
0.0137072
0.0114525
0.0137067
0.0652515
0.0100093
0.0752895
0.0986009
0.00530814
0.0157963
0.00913866
0.0108661
0.0212738
0.0190514
0.00499957
0.0116262
0.0138566
0.0421468
0.0123284
0.00279923
0.00911368
0.00514335
0.0124734
0.0075395
0.0145413
0.0126983
0.0187417
0.00418993
0.0107186
0.0100175
0.0140237
0.0112607
0.0275721
0.0126534
0.0132436
0.0063876
0.00930053
0.00958809
0.00869799
0.00741495
0.0153567
0.006878
0.0231171
0.0128889
0.0151976
0.0112155
0.00952382
0.0202389
0.0122744
0.0137359
0.00857269
0.000154626
0.0109633
0.0131301
0.272372
0.008232
0.268
0.00973959
0.0171011
0.021441
0.0633924
0.013925
0.00722105
0.0149189
0.0873038
0.0230608
0.210584
0.00930696
0.005743
0.0205421
0.0124449
0.0192766
0.0247065
0.0070301
0.0075888
0.0162304
0.0164189
0.00550168
0.115197
0.0263423
0.0206167
0.033612
0.028569
0.0103134
0.00798796
0.00492573
0.0529799
0.0155015
0.0109554
0.0471326
0.0362909
0.0417889
0.0295323
0.0208017
0.0332576
0.0204163
0.0119282
0.0161986
0.0190956
0.0104761
0.0288461
0.00562365
0.0093689
0.0150336
0.0126744
0.0186169
0.0430175
0.12785
0.0228119
0.0180681
0.0944261
0.0218117
0.0108018
0.0117546
0.0115215
0.0149156
0.00709891
0.00452327
0.1665
0.00902574
0.0868933
0.0208694
0.0228932
0.018012
0.0205662
0.00606867
0.00854509
0.023973
0.00241553
0.018148
0.0165085
0.0539633
0.0246881
0.0197712
0.016066
0.360979
0.0276132
0.0241154
0.0387815
0.0218509
0.0124546
0.0150827
0.00532166
0.051229
0.0219132
0.186236
0.0165245
0.0206095
0.210675
0.0729319
0.0131091
0.357571
0.0179137
0.0139265
0.0311446
0.020155
0.0988482
0.133998
0.0105814
0.114787
0.00620812
0.00496081
0.027289
0.0494008
0.013479
0.0827005
0.0156093
0.0128021
0.0536151
0.0321136
0.0127664
0.0032773
0.019063
0.00611637
0.0428534
0.140062
0.178907
0.0870291
0.0139746
0.0201832
0.0126933
0.0148137
0.0194103
0.00516457
0.0149686
0.082088
0.00779697
0.0288193
0.0163507
0.145442
0.00668388
0.0900267
0.0691557
0.0120209
0.0231631
0.00293838
0.0331675
0.0106218
0.00880282
0.0197637
0.075968
0.0978209
0.0270307
0.0443813
0.00892191
0.0230613
0.117856
0.0258233
0.0398833
0.127085
0.0429502
0.020991
0.069656
0.0207537
0.0254692
0.0181689
0.0210251
0.0366692
0.0203304
0.0309139
0.0597916
0.0381633
0.0113865
0.0402007
0.162802
0.0665078
0.0442093
0.15369
0.0374467
0.0228924
0.0227708
0.268002
0.0143397
0.0147342
0.0634378
0.0174293
0.0140247
0.0285187
0.0342997
0.000421173
0.0204157
0.0284833
0.027377
0.0135137
0.0157628
0.0369847
0.0224819
0.0973432
0.0181241
0.0709832
0.0432038
0.0180804
0.0275995
0.0073518
0.0191944
0.147893
0.014286
0.00781991
0.019073
0.176584
0.0220267
0.0195002
0.00703904
0.07562
0.0165881
0.0104874
0.0192644
0.0126326
0.0210568
0.074831
0.0204403
0.0242847
0.00555689
0.0319841
0.0289794
0.0414002
0.0437763
0.00811841
0.028324
0.0107235
0.0341764
0.0234778
0.00366132
0.0105158
0.13599
0.0179193
0.00833538
0.00269577
0.0150164
0.0212967
0.00591804
0.0744725
0.0219934
0.0643044
0.00839511
0.00748263
0.0218904
0.0163279
0.0236647
0.0213874
0.0138058
0.0308608
0.00324856
0.00929537
0.0183251
0.0135117
0.00868722
0.0308111
0.0148337
0.025437
0.00462138
0.010105
0.0192846
0.0203639
0.013622
0.0268225
0.00403824
0.0183104
0.0285207
0.0109539
0.00856377
0.0228713
0.0176056
0.00485279
0.000693855
0.0245404
0.0102893
0.0193495
0.00872477
0.0202566
0.00636713
0.0596712
0.0120899
0.00478304
0.0228576
0.00745247
0.0241886
0.021159
0.00404022
0.00736197
0.00391738
0.00513745
0.0177485
0.0118156
0.00682482
0.00760219
0.0986266
0.0184621
0.0237611
0.0164245
0.0100305
0.115014
0.0134544
0.0146942
0.0269829
0.0157708
0.0113451
0.00458657
0.0129432
0.195569
0.0363184
0.01005
0.0112527
0.0208827
0.0101525
0.0196703
0.0274129
0.0701658
0.0609938
0.0217645
0.00942863
0.0143855
0.0199221
0.0160352
0.0624302
0.00412044
0.00732789
0.0119919
0.0190079
0.00926118
0.0382685
0.00391333
0.0108304
0.0140824
0.00755717
0.00972075
0.00467758
0.00691105
0.017704
0.146065
0.0656389
0.0103371
0.0197772
0.0112391
0.234509
0.0153741
0.00962522
0.0198052
0.0211848
0.137704
0.034792
0.00788059
0.00091295
0.0082966
0.00906026
0.0109781
0.00268977
0.0641782
0.0203373
0.0200557
0.0145569
0.186152
0.0464546
0.00621097
0.00217303
0.0867171
0.0183916
0.0396476
0.00885869
0.0101755
0.168587
0.00736368
0.0164347
0.00466366
0.0196366
0.013965
0.0132067
0.0053835
0.0603213
0.0189425
0.0130189
0.030286
0.138878
0.034577
0.00721865
0.0360209
0.0475817
0.00156664
0.0141366
0.00657212
0.0146819
0.00223077
0.00651937
0.0114031
0.0155736
0.0203872
0.0212442
0.0103087
0.0112963
0.0138021
0.0175005
0.00210526
0.015721
0.0341289
0.244185
0.0256308
0.0162216
0.0117131
0.00635218
0.0134818
0.0147006
0.0173383
0.0108266
0.0134976
0.011251
0.00946171
0.0108651
0.00399664
0.00847846
0.0265467
0.00868681
0.00640476
0.010936
0.187732
0.0262
0.0417798
0.0121605
0.0291128
0.0122994
0.0137617
0.0131792
0.0142245
0.0127652
0.00953111
0.00441209
0.0116363
0.00371985
0.015428
0.0325282
0.00559161
0.00278681
0.0211443
0.0090902
0.0382771
0.175146
0.00725609
0.0332154
0.0134161
0.00769475
0.00362981
0.00621133
0.108021
0.0199424
0.0138951
0.0115033
0.0418209
0.00723573
0.00859583
0.0999034
0.011448
0.354776
0.0155989
0.0927936
0.0084319
0.0808165
0.178273
0.322112
0.0222096
0.088678
0.0666311
0.012576
0.0331583
0.0233207
0.00844607
0.019552
0.0334968
0.105067
0.043737
0.0375532
0.165337
0.283347
0.0473196
0.0106715
0.0094278
0.0642908
0.324503
0.251123
0.0142849
0.00966778
0.00843003
0.0549443
0.142574
0.0382182
0.0207008
0.0475184
0.1092
0.00652098
0.117807
0.100001
0.0292495
0.0463595
0.0663457
0.0797791
0.0637255
0.0855421
0.00308727
0.00961052
0.021737
0.119015
0.0307941
0.0420392
0.00934144
0.270733
0.244228
0.0518925
0.0148068
0.00372473
0.207104
0.0761454
0.0104344
0.019177
0.0828471
0.0202336
0.00921432
0.0707911
0.00377461
0.0214045
0.0456056
0.0154798
0.0206109
0.0650106
0.00951401
0.0813188
0.0668858
0.0210535
0.0499071
0.169071
0.0231461
0.0102883
0.182922
0.0495539
0.0139094
0.0462366
0.0504856
0.0455866
0.0115664
0.025632
0.0802333
0.0512439
0.151513
0.0201216
0.0623081
0.00784916
0.0154455
0.0264283
0.0253449
0.0502744
0.0198761
0.0289393
0.0713074
0.00768377
0.0191151
0.0230868
0.0186977
0.0198033
0.0125641
0.0457838
0.056445
0.10192
0.0422783
0.0371082
0.0115642
0.0419727
0.055491
0.0444552
0.0119458
0.0839649
0.0125247
0.0248763
0.0439311
0.0476768
0.0271703
0.0377563
0.00273956
0.109634
0.0548268
0.0416748
0.0392646
0.0139678
0.0459845
0.0154979
0.0414653
0.152035
0.00992623
0.015255
0.0166682
0.0394528
0.00791095
0.00816253
0.0940944
0.015993
0.0179272
0.0135949
0.0233194
0.00806945
0.00930733
0.18533
0.0173548
0.0108084
0.0161964
0.0185981
0.0215326
0.00970422
0.01298
0.0529384
0.0276292
0.0155867
0.0239085
0.014279
0.0049684
0.00695537
0.141698
0.0845235
0.00212983
0.0199641
0.0296331
0.0359932
0.0164067
0.0148946
0.00960397
0.0574619
0.00739604
0.0154954
0.017213
0.0159881
0.0189149
0.0228482
0.00271548
0.0484487
0.00771467
0.0101039
0.0484012
0.115881
0.0195668
0.0233227
0.0127867
0.00178731
0.0219582
0.00497646
0.0488355
0.0611209
0.0161913
0.141739
0.0253513
0.0327903
0.00164779
0.0187046
0.0219207
0.0093768
0.0345615
0.0904557
0.0236429
0.00754194
0.00635967
0.0596515
0.00735315
0.0550347
0.102163
0.0875654
0.0218624
0.114401
0.0103964
0.00895483
0.0104055
0.00546239
0.00656748
0.00668946
0.0177013
0.00710755
0.00340183
0.0134685
0.00621844
0.0179065
0.0220187
0.0261631
0.0117539
0.0619834
0.0295528
0.0235416
0.0275886
0.0062898
0.0214557
0.00914259
0.0137672
0.0835911
0.148487
0.15984
0.0517171
0.0182495
0.019932
0.0118314
0.0319191
0.00632311
0.00844993
0.00883496
0.0120846
0.0218082
0.0443632
0.0182562
0.060611
0.012582
0.0700021
0.00443151
0.0187244
0.00633269
0.0105218
0.00651849
0.00607326
0.00803372
0.0196626
0.0165675
0.0129156
0.0228821
0.0127474
0.00997199
0.0238957
0.00595289
0.00507548
0.0184724
0.0293313
0.00493721
0.0533332
0.0172891
0.00615615
0.0287098
0.0222536
0.00895556
0.116292
0.137494
0.0432616
0.00667295
0.0197542
0.0289252
0.00283096
0.00581444
0.0236066
0.0660132
0.0138496
0.0156234
0.0150005
0.0159819
0.0168519
0.0070086
0.00930326
0.00732757
0.0614597
0.0206962
0.0176937
0.00541008
0.021357
0.00876337
0.00979466
0.0103668
0.049442
0.0938436
0.0152324
0.0106893
0.00881042
0.0094987
0.0117448
0.167919
0.0833561
0.0178259
0.070507
0.211856
0.0171283
0.0335427
0.0122051
0.0103668
0.0125896
0.0142646
0.202666
0.00829226
0.0793491
0.0427126
0.0160062
0.0209277
0.0241447
0.00382964
0.0243369
0.374998
0.149118
0.184081
0.173036
0.0204871
0.096302
0.0607832
0.00792419
0.0658394
0.013513
0.0187399
0.175391
0.0103471
0.0258601
0.0125592
0.0239344
0.0214563
0.01917
0.00509592
0.228005
0.0397795
0.0193933
0.0126314
0.0347606
0.00800476
0.00403525
0.0998245
0.00854668
0.0154612
0.161034
0.0567266
0.00324156
0.0144986
0.0664662
0.0422064
0.0092506
0.0767215
0.0316239
0.106459
0.0626306
0.0502307
0.0102758
0.00478747
0.0475546
0.00338858
0.0135586
0.0814999
0.0115155
0.0154541
0.0203129
0.0602735
0.30477
0.0134817
0.00914906
0.0204695
0.0122141
0.00763997
0.0133123
0.666112
0.00937748
0.00354548
0.00624974
0.0171948
0.0234168
0.007569
0.0201375
0.0114289
0.0283616
0.0119914
0.0819502
0.00950567
0.0107262
0.0155518
0.00818866
0.0246508
0.0166212
0.0132779
0.0147624
0.0174022
0.0252828
0.044338
0.0488266
0.0418085
0.0144679
0.0454994
0.151471
0.0116149
0.00383084
0.0217427
0.0400523
0.088895
0.0176276
0.0578658
0.00743424
0.0347539
0.0324746
0.00830117
0.060958
0.0138541
0.0647949
0.158972
0.00552324
0.0573789
0.0154026
0.0186764
0.00705751
0.0363248
0.00333019
0.0507195
0.0140682
0.111345
0.00790695
0.160833
0.033863
0.189888
0.0335607
0.00986005
0.0242327
0.00369318
0.0160435
0.0217012
0.0183064
0.0139955
0.0522146
0.0221703
0.00934424
0.0303871
0.219288
0.0123553
0.00375368
0.00630714
0.00979981
0.0210513
0.013663
0.002818
0.0124593
0.0665164
0.049216
0.00847743
0.0127772
0.0104476
0.00992688
0.0440026
0.0331933
0.0137674
0.0198289
0.00558346
0.0100187
0.0255457
0.0402659
0.0181442
0.0233722
0.00569931
0.0153821
0.00608885
0.0476707
0.0222673
0.0070112
0.0185934
0.198674
0.00382824
0.0200162
0.0335352
0.0688101
0.00423222
0.0344141
0.0613955
0.0301606
0.00179509
0.00320195
0.153832
0.0131357
0.0516914
0.00922929
0.010277
0.126106
0.0176076
0.0350424
0.0336244
0.00465722
0.037594
0.00276417
0.0327868
0.0173272
0.0279963
0.0346549
0.0140714
0.0197518
0.034688
0.0300777
0.00328582
0.0517693
0.0175802
0.00723894
0.00252044
0.00979318
0.00289476
0.00619809
0.0599708
0.0270066
0.0179207
0.0111443
0.0379346
0.106326
0.00914223
0.00868659
0.0105385
0.00123948
0.0355091
0.0331333
0.000184486
0.00281426
0.0128981
0.0306273
0.0070462
0.0255517
0.0327867
0.00516978
0.0351887
0.0192204
0.0228755
0.00849103
0.00128106
0.0243953
0.0238299
0.0355881
0.0768158
0.00601082
0.0239663
0.00300169
0.0318507
0.00803747
0.0398528
0.0209096
0.0138366
0.0330179
0.0124668
0.00174856
0.0238356
0.0187275
0.0179433
0.00188251
0.0157856
0.0100128
0.0067228
0.00465276
0.0262751
0.00433594
0.0248912
0.0155272
0.0292483
0.00751048
0.00732003
0.0216057
0.0307128
0.0124435
0.0143314
0.0364829
0.0391351
0.00748276
0.0132809
0.0183707
0.0173968
0.0470037
0.0352999
0.0443915
0.0425829
0.0208154
0.0053469
0.016115
0.0117465
0.012245
0.0732242
0.00266768
0.0107733
0.0467013
0.0111232
0.0160484
0.00942515
0.0134959
0.0245482
0.00562038
0.00419529
0.0160487
0.0152732
0.0141823
0.0233284
0.0146584
0.0462387
0.0554926
0.0259972
0.00374773
0.036626
0.0232567
0.0205167
0.0402027
0.0134928
0.0148368
0.0251897
0.00641278
0.0020856
0.00315964
0.0116897
0.00784903
0.0104808
0.0152521
0.0215043
0.00181842
0.0195905
0.0144614
0.0237787
0.0353931
0.0125986
0.0103274
0.00673623
0.014926
0.0327771
0.0216176
0.0145722
0.0138254
0.0157192
0.0131877
0.0074611
0.00701002
0.00807205
0.00608914
0.00716165
0.0116431
0.0186815
0.00753561
0.00117493
0.00902136
0.00384717
0.00857367
0.00279542
0.0131938
0.0206813
0.0221818
0.0158866
0.00839691
0.000952634
0.0160196
0.0127116
0.0313245
0.0133627
0.00519342
0.0129345
0.00925589
0.00715946
0.0182034
0.0311193
0.257521
0.0251557
0.0184815
0.0120996
0.0218269
0.00305598
0.0236679
0.013857
0.0734718
0.0369771
0.0180729
0.154422
0.0777868
0.0113395
0.0498789
0.0146326
0.0171267
0.0123313
0.0410105
0.00823008
0.010947
0.0171061
0.102908
0.012719
0.0266113
0.00995326
0.00816003
0.0257681
0.0242221
0.0126445
0.0126101
0.0207662
0.0289994
0.186806
0.0219429
0.0140463
0.0929328
0.0131792
0.105134
0.232947
0.0113941
0.0158397
0.0400501
0.0113373
0.0418402
0.151162
0.049907
0.114177
0.0602908
0.281588
0.27111
0.011545
0.174326
0.106229
0.0137957
0.356598
0.00638278
0.0736591
0.256543
0.0206403
0.015833
0.0490518
0.0157382
0.104787
0.045604
0.0154167
0.0126752
0.0105847
0.176463
0.0162728
0.13849
0.00813091
0.0926403
0.0344175
0.0109501
0.253925
0.0402488
0.122676
0.154338
0.0259965
0.00780974
0.0281609
0.294402
0.00455099
0.0706324
0.00556831
0.225308
0.00494207
0.0565256
0.154589
0.225626
0.00553302
0.0621213
0.0692897
0.024039
0.0283376
0.0708949
0.0156244
0.400969
0.0129538
0.00464923
0.0996766
0.179856
0.023713
0.0151712
0.0227351
0.0150485
0.0847475
0.0896416
0.212139
0.00111965
0.0239275
0.036143
0.012551
0.187071
0.311601
0.114409
0.0448724
0.0463562
0.0268566
0.210501
0.0174775
0.0129116
0.219392
0.00340876
0.0117674
0.00718104
0.0462607
0.0218562
0.248534
0.332851
0.00802412
0.0173273
0.0270862
0.0450006
0.171249
0.0145051
0.041303
0.0403165
0.158908
0.00841193
0.00626901
0.0408108
0.0688957
0.0183425
0.0436439
0.0766709
0.37991
0.0678543
0.0121269
0.0413508
0.0508795
0.0405836
0.423691
0.0116074
0.0172766
0.00404437
0.050648
0.01006
0.0518097
0.0110601
0.0414932
0.01179
0.12098
0.0425242
0.218467
0.223486
0.0918249
0.010427
0.00904566
0.0013924
0.258749
0.0564635
0.0148983
0.0158028
0.0194009
0.00239779
0.142357
0.0617727
0.0035125
0.0374247
0.025483
0.0137048
0.179289
0.207782
0.0518736
0.0973721
0.257484
0.0666789
0.157401
0.0117995
0.011249
0.168933
0.13439
0.0458187
0.0687185
0.0511414
0.00645741
0.0848705
0.0149646
0.181475
0.123333
0.309468
0.240498
0.380621
0.0124451
0.085902
0.0357357
0.0129897
0.0267717
0.0323935
0.107492
0.0178734
0.0144648
0.0502444
0.0343262
0.200902
0.0221683
0.00994527
0.0184776
0.157042
0.131581
0.0650211
0.0313508
0.0483585
0.283919
0.013898
0.0951959
0.126918
0.0169584
0.00559502
0.0566267
0.100315
0.0108498
0.0140541
0.0179636
0.043966
0.0386527
0.0678919
0.00985146
0.00517142
0.0191968
0.0168617
0.0442707
0.0244396
0.236129
0.0178029
0.0257818
0.0445185
0.0314635
0.0069107
0.293402
0.0845944
0.225854
0.0106706
0.018891
0.0201891
0.0258789
0.00469418
0.170251
0.00730992
0.0937911
0.0931874
0.0244822
0.0272276
0.187312
0.0315242
0.0920205
0.055062
0.0493138
0.261246
0.137522
0.0576278
0.0385218
0.049114
0.00682495
0.123005
0.0119852
0.100965
0.389985
0.0700511
0.0107862
0.0303976
0.0691753
0.289391
0.0214625
0.0242585
0.00187287
0.0478478
0.0418988
0.0298061
0.0517534
0.0796135
0.0760571
0.0131956
0.00491455
0.0148463
0.0957141
0.0771334
0.048821
0.0734714
0.146321
0.00231956
0.164277
0.0353885
0.213597
0.0130494
0.0160122
0.15503
0.00730687
0.0762526
0.0554896
0.0756324
0.00822503
0.0356403
0.00838447
0.00652467
0.0350827
0.0958469
0.0299838
0.0452217
0.0284149
0.137444
0.0227878
0.0706287
0.0371718
0.00879658
0.00552669
0.0875934
0.256622
0.0510672
0.0169258
0.013035
0.0235972
0.0201294
0.00782213
0.0336231
0.0275372
0.0645091
0.150971
0.0519136
0.25472
0.0111329
0.0204016
0.0134308
0.0256676
0.050519
0.00510272
0.0105444
0.0158411
0.00890574
0.132323
0.0426881
0.030742
0.00446514
0.0311009
0.0214691
0.0764678
0.0249296
0.147371
0.123684
0.0249671
0.0359643
0.0262613
0.0756271
0.0300697
0.00841223
0.0132957
0.281332
0.00698118
0.00987067
0.196743
0.0120722
0.00739437
0.00763752
0.016678
0.315452
0.0235186
0.00812339
0.0118393
0.00502788
0.0109325
0.00642124
0.00813286
0.0159749
0.019501
0.0229151
0.00863382
0.00842469
0.0153656
0.0083172
0.274831
0.159295
0.0156104
0.0125643
0.277829
0.0191063
0.0105817
0.0126017
0.0586076
0.00297472
0.110487
0.00722298
0.012746
0.0225222
0.0107067
0.00351823
0.00581428
0.0439314
0.0159817
0.0719794
0.00705273
0.0181329
0.00607425
0.00657522
0.016915
0.00351106
0.14914
0.00558577
0.00789819
0.0306579
0.0140318
0.00881203
0.0118885
0.00997826
0.00460022
0.00606137
0.0312119
0.0493924
0.00184284
0.0146476
0.0131571
0.240982
0.0151279
0.053814
0.0210188
0.00403423
0.00338137
0.0520073
0.0365722
0.207953
0.357644
0.00875668
0.0197612
0.0587849
0.0743257
0.00682585
0.00800602
0.0402004
0.192411
0.00820155
0.0173296
0.03366
0.00605534
0.00355532
0.00338756
0.137473
0.0114498
0.0188887
0.00565307
0.00993463
0.0133662
0.041467
0.0479825
0.06464
0.0101726
0.0194148
0.174376
0.00631361
0.00870753
0.0102189
0.0290554
0.00152766
0.0072822
0.0291251
0.0101611
0.0241439
0.017918
0.0294185
0.0130194
0.011442
0.0128202
0.0130212
0.0163985
0.157275
0.127969
0.228587
0.0564271
0.182683
0.00722723
0.0220834
0.015058
0.00866795
0.00994517
0.00205642
0.0146049
0.0212037
0.00689496
0.00909853
0.0182781
0.0148853
0.00358308
0.00958503
0.0106473
0.00950004
0.18605
0.0118186
0.0233675
0.00974172
0.023464
0.00876825
0.0118253
0.00507813
0.0243953
0.0642542
0.00461875
0.0245039
0.091398
0.0501504
0.00265964
0.00363629
0.074549
0.0362094
0.0125599
0.0190008
0.0241594
0.084587
0.0101669
0.0141963
0.0199894
0.0117518
0.229778
0.0126081
0.080854
0.00933275
0.0152799
0.0191695
0.0110779
0.25763
0.0346056
0.0181959
0.00999778
0.0385268
0.188022
0.0175834
0.0035494
0.0973004
0.0727714
0.0229701
0.102864
0.0302596
0.0699514
0.00868738
0.00649248
0.0152543
0.0255089
0.00869803
0.0637422
0.0124558
0.0669234
0.0196698
0.0225711
0.00874768
0.0981048
0.0687725
0.0669431
0.00843662
0.0423832
0.0306308
0.0356053
0.0370774
0.153225
0.158678
0.00991289
0.19778
0.187435
0.0593384
0.145585
0.0170596
0.0193289
0.202537
0.0167702
0.0122743
0.0205876
0.0302707
0.00752471
0.0136572
0.0297752
0.0200442
0.0380345
0.0222387
0.266641
0.0153227
0.0342302
0.0436058
0.00243881
0.0104923
0.318836
0.0162048
0.0529078
0.027129
0.018083
0.0825397
0.0190868
0.164892
0.0781841
0.0587272
0.0841169
0.0110697
0.0171431
0.0209209
0.0152178
0.290787
0.0612045
0.0636947
0.0127956
0.00858932
0.0297014
0.0282199
0.0916113
0.00705344
0.0783944
0.18504
0.0377621
0.0891612
0.0194012
0.105779
0.101993
0.0156782
0.0106142
0.0773183
0.0306981
0.0921613
0.0313416
0.00667003
0.0829418
0.0227996
0.00357904
0.00706506
0.20309
0.0599113
0.0752488
0.0570442
0.00468051
0.0202215
0.0718299
0.00531021
0.065609
0.0223712
0.0651993
0.0352075
0.0626478
0.0271211
0.0177477
0.00560625
0.0101206
0.0179287
0.00400006
0.00731259
0.0207166
0.00627892
0.246674
0.0159739
0.190292
0.0269965
0.260325
0.0277485
0.104072
0.029651
0.187165
0.00281561
0.0688205
0.0445637
0.00318819
0.0782356
0.043294
0.0231785
0.033464
0.0566952
0.124126
0.00649198
0.143676
0.0809648
0.0546976
0.160451
0.00377642
0.0395308
0.0665327
0.538312
0.00799463
0.0666117
0.252421
0.0765105
0.034323
0.0790184
0.0108719
0.0170045
0.0396413
0.0202098
0.0112237
0.0562367
0.0144274
0.0375998
0.0154022
0.02907
0.0625888
0.0209126
0.0403256
0.0225398
0.0690888
0.0237831
0.00429394
0.0587636
0.063237
0.00483759
0.0391167
0.0323807
0.238427
0.019311
0.0240625
0.109287
0.039567
0.0185971
0.0253023
0.0162913
0.0135461
0.0350232
0.0463025
0.0109026
0.0235153
0.00690459
0.00535626
0.042794
0.0260623
0.0390186
0.00642458
0.0255906
0.0473154
0.012668
0.00500076
0.0328535
0.0408331
0.0308117
0.0157081
0.0451276
0.037393
0.0141423
0.00774956
0.0227122
0.0171218
0.0405011
0.015447
0.00486684
0.0550044
0.0212731
0.00288064
0.0549159
0.0707313
0.00871118
0.033915
0.0180402
0.0272808
0.0624747
0.0241616
0.0339093
0.0300518
0.0101766
0.032693
0.0227532
0.0189587
0.00392529
0.0160825
0.0146345
0.023499
0.0378877
0.0160139
0.0102021
0.00430752
0.0362318
0.00425869
0.0175798
0.0142348
0.041074
0.0300565
0.0127042
0.0275106
0.0291436
0.021843
0.0102231
0.076644
0.0613843
0.0225208
0.0278647
0.00796057
0.0275018
0.0221756
0.00595201
0.0424149
0.00612068
0.0379525
0.0063411
0.00324761
0.0128497
0.0387464
0.014496
0.0111839
0.027347
0.0100385
0.0146619
0.0158114
0.017565
0.0172536
0.0480432
0.0123588
0.0133493
0.0218859
0.0378775
0.0299319
0.0057889
0.0210523
0.00554341
0.0116595
0.0392467
0.00459161
0.0126158
0.0273071
0.0173631
0.0358674
0.0355766
0.0158998
0.00159788
0.00144268
0.0152658
0.00371304
0.0139305
0.0169584
0.0323944
0.00397132
0.0195197
0.0385829
0.00240252
0.0201423
0.010434
0.0296257
0.011429
0.0162824
0.00493936
0.00754247
0.00936705
0.0299282
0.0140118
0.00502622
0.00611545
0.012386
0.00904115
0.00492777
0.0246682
0.00785954
0.0223065
0.00821669
0.0142492
0.0453277
0.0175614
0.0178853
0.00623897
0.00642046
0.0232465
0.012596
0.0300282
0.00918008
0.0198775
0.0102509
0.00339894
0.0229777
0.00599423
0.00732803
0.019081
0.0055116
0.00783821
0.00744216
0.0180597
0.00894369
0.0059372
0.0171764
0.0145985
0.0224792
0.0521794
0.0188459
0.024169
0.00540985
0.0141938
0.0184449
0.00543827
0.00816777
0.0162509
0.00588035
0.0103117
0.014428
0.0144135
0.0159744
0.00803319
0.0138609
0.00933132
0.0281192
0.00796084
0.0081658
0.00803507
0.0108647
0.00529905
0.0199359
0.00848019
0.0130079
0.00932107
0.0151695
0.0148723
0.0188693
0.00633727
0.0129223
0.0206935
0.010899
0.00579917
0.00692193
0.003821
0.0316029
0.00583241
0.00104596
0.00812702
0.00850808
0.00524242
0.0248673
0.0133207
0.01526
0.0200364
0.00586056
0.0268992
0.00662078
0.00567332
0.00230872
0.0264004
0.0203128
0.00143963
0.00809998
0.0120507
0.00812231
0.0145274
0.00980146
0.0144777
0.013578
0.0104226
0.00575883
0.0120535
0.0185665
0.00567475
0.00930608
0.0285475
0.0114865
0.0218095
0.0109908
0.0113283
0.00273192
0.00349348
0.00177193
0.0146223
0.0111932
0.00851074
0.00536952
0.0124182
0.00880003
0.027058
0.00639152
0.0118247
0.00691108
0.0112111
0.0155291
0.00769178
0.00958836
0.00900596
0.00461599
0.0106529
0.0186325
0.0109278
0.00287186
0.00872946
0.0167794
0.0108756
0.0118918
0.010023
0.0126477
0.0107539
0.00975758
0.0167434
0.0137833
0.106331
0.030031
0.0083046
0.0129143
0.00659771
0.0886356
0.00327061
0.0159079
0.030816
0.0594867
0.00618434
0.0295561
0.022928
0.0480995
0.0081285
0.173623
0.0547629
0.0575945
0.00826721
0.0431385
0.0738704
0.0400211
0.0706959
0.0221152
0.0650294
0.00387406
0.0917937
0.0860878
0.00682157
0.0287814
0.200679
0.0075927
0.0189304
0.009907
0.00747451
0.0503161
0.0273667
0.0253659
0.00808386
0.0186791
0.0166991
0.0814295
0.0450576
0.0672432
0.0282811
0.0257601
0.0223325
0.0291087
0.121067
0.00523198
0.00694751
0.0690465
0.0161208
0.0218568
0.0124109
0.00387274
0.0177227
0.00873149
0.157439
0.0144818
0.0049776
0.0823525
0.0273531
0.0059213
0.0260987
0.205822
0.0570108
0.0562155
0.00650852
0.0898527
0.0139124
0.0144252
0.0358371
0.076731
0.180514
0.0110089
0.0207983
0.00691549
0.0412592
0.0686865
0.187239
0.0800687
0.0122691
0.0131969
0.0115744
0.00521801
0.00676836
0.0110793
0.0172428
0.014244
0.00700788
0.0382852
0.0271658
0.0639166
0.223449
0.00396414
0.0126363
0.0122675
0.184751
0.0146801
0.00746995
0.034681
0.00927698
0.110533
0.0902588
0.170217
0.0304517
0.0164785
0.0375582
0.0797043
0.0432493
0.00468124
0.033951
0.0589171
0.0540616
0.00444696
0.0216449
0.0327656
0.0124718
0.0356356
0.0061203
0.00485317
0.0121636
0.00698358
0.00795156
0.0180999
0.0664203
0.0678762
0.00360768
0.0312588
0.00383339
0.0593562
0.0117488
0.00855468
0.0268045
0.0782038
0.00865321
0.0384348
0.0253908
0.00728101
0.00230541
0.0173005
0.0296381
0.0112538
0.00317832
0.0389712
0.0849981
0.0629671
0.00398485
0.149913
0.0128027
0.0658323
0.0318774
0.0140356
0.0169589
0.00100034
0.22044
0.0143345
0.00216665
0.0262762
0.0112638
0.0153499
0.0135156
0.161065
0.145593
0.0139255
0.0411932
0.197592
0.00188619
0.0983797
0.0350246
0.112456
0.0151627
0.0509042
0.0259954
0.184409
0.0208415
0.0252809
0.0155654
0.0135044
0.0468439
0.0630793
0.12048
0.014145
0.00937306
0.0190115
0.0425994
0.0245472
0.241238
0.048726
0.122663
0.0269136
0.00555262
0.0110078
0.0200064
0.220263
0.147586
0.27048
0.0753983
0.0916899
0.0437449
0.00554157
0.0689402
0.00795297
0.074122
0.063453
0.00799425
0.00582384
0.0132753
0.165313
0.0114211
0.0199792
0.00478751
0.0474745
0.220555
0.0875232
0.00472158
0.162218
0.330417
0.0418622
0.115031
0.0313251
0.0549889
0.0834964
0.123664
0.0484023
0.046961
0.0689259
0.18441
0.0115557
0.0111335
0.323641
0.0804561
0.0280284
0.0708983
0.0149823
0.0485762
0.109426
0.119483
0.201642
0.002574
0.0132723
0.0105796
0.16133
0.0190935
0.205056
0.016117
0.285907
0.0414796
0.00226654
0.0851317
0.0110266
0.0306384
0.00790414
0.0974681
0.0526626
0.0384024
0.00760674
0.00983862
0.00580194
0.158997
0.0215782
0.0129731
0.0258692
0.0314722
0.0206392
0.0144963
0.0601052
0.0531477
0.0125752
0.0491795
0.110747
0.00828914
0.0632941
0.110252
0.0116053
0.0105442
0.0183878
0.0152555
0.132952
0.0837817
0.308064
0.174964
0.00521066
0.2479
0.00608378
0.0226662
0.0708649
0.0782123
0.187064
0.0442148
0.0112515
0.121261
0.0146265
0.129662
0.150886
0.0296949
0.0201389
0.0154392
0.0146413
0.204386
0.0738296
0.0866989
0.0151926
0.186854
0.00701461
0.0323434
0.0859678
0.00970577
0.1244
0.0168797
0.00998853
0.0782852
0.00772553
0.0161456
0.0800541
0.0118429
0.140257
0.00343754
0.0108499
0.00865364
0.0173314
0.0308724
0.0418926
0.0723166
0.0452275
0.190095
0.0730913
0.0542259
0.00473539
0.0111877
0.00839034
0.272538
0.0720522
0.0885806
0.0993793
0.0163459
0.010849
0.0263066
0.0216743
0.0377642
0.0242065
0.0359396
0.0257742
0.0121324
0.0460451
0.0147142
0.0346522
0.0305528
0.00675179
0.0163803
0.0139983
0.0399863
0.032824
0.0941482
0.00365608
0.0176189
0.126657
0.0665149
0.0590535
0.0258114
0.00713089
0.0480683
0.031906
0.0791317
0.0374559
0.0658383
0.172698
0.0260132
0.00543494
0.0250171
0.0371647
0.0416689
0.019717
0.0228609
0.0210964
0.0167387
0.0310311
0.134893
0.0216645
0.00842704
0.0150795
0.0292687
0.0366591
0.035604
0.00677658
0.0136376
0.0222867
0.0601778
0.0177699
0.00703513
0.0954984
0.0113182
0.0638257
0.0332063
0.0489274
0.295896
0.00301914
0.0193332
0.00752611
0.0234158
0.0100355
0.0550433
0.0324692
0.00431956
0.0128993
0.0471786
0.0180448
0.0272334
0.0191098
0.0215879
0.0300604
0.0139383
0.00927139
0.0111571
0.00737719
0.00231308
0.04481
0.0122278
0.0229357
0.0325489
0.105903
0.0593275
0.0311287
0.128036
0.00792538
0.0291361
0.023988
0.0304596
0.0218706
0.257486
0.0297195
0.0137521
0.0201623
0.040965
0.00688311
0.00907023
0.00462765
0.00416028
0.0152984
0.0974431
0.0137546
0.00249717
0.485557
0.00625089
0.00919042
0.00940698
0.0110517
0.0123536
0.0218255
0.0127439
0.0215898
0.00666777
0.0259431
0.00577592
0.0280548
0.0103156
0.156605
0.0386584
0.00175963
0.0105181
0.0304763
0.0552495
0.0186756
0.0220537
0.0294989
0.0243005
0.00797951
0.0128082
0.0106583
0.0426823
0.00196527
0.0220098
0.051968
0.010786
0.155503
0.0367964
0.0360603
0.0322751
0.025989
0.0235877
0.030095
0.105759
0.0877938
0.0237764
0.00805578
0.138342
0.00728443
0.00653369
0.0510521
0.103911
0.00649817
0.0146072
0.0403892
0.00584107
0.0500881
0.049163
0.00881133
0.293538
0.0224817
0.00360717
0.0410905
0.0137796
0.0631216
0.0126249
0.0182118
0.0130339
0.0069107
0.168496
0.0191599
0.00374066
0.124715
0.148298
0.0149906
0.0305935
0.0194355
0.00150188
0.00867153
0.143517
0.0984657
0.00759969
0.0299168
0.027892
0.00860316
0.00824388
0.113526
0.10547
0.266144
0.0207496
0.0361706
0.0152876
0.0127767
0.0182198
0.00654574
0.0129957
0.0142429
0.0355379
0.00822461
0.152925
0.0451217
0.34166
0.020256
0.126185
0.0133227
0.068153
0.00696902
0.0253167
0.194831
0.00491699
0.0134007
0.0149257
0.00804893
0.0145554
0.0382475
0.0844102
0.0038079
0.0385054
0.00790014
0.00550965
0.0290954
0.0317134
0.00189326
0.0142875
0.0215287
0.0106889
0.0217519
0.0247795
0.0415592
0.0247795
0.013468
0.128158
0.0140811
0.0267203
0.0146281
0.00287251
0.0177719
0.00695911
0.104944
0.019992
0.28781
0.00409134
0.0548826
0.00130329
0.00432557
0.0271026
0.0264174
0.0462438
0.0159571
0.0122165
0.00599307
0.0078005
0.00906445
0.0136402
0.00340059
0.0205412
0.0278297
0.0111333
0.0253021
0.0222505
0.0390963
0.0198322
0.197415
0.0179305
0.00800992
0.0270126
0.00765427
0.0132797
0.0137617
0.0522495
0.0128536
0.0242137
0.166227
0.00711334
0.04475
0.0089255
0.0592218
0.0214222
0.0338321
0.0585298
0.00970719
0.00812943
0.00807075
0.153401
0.0169505
0.0264962
0.0688711
0.0198784
0.0146875
0.042837
0.0119195
0.0101771
0.0236567
0.119995
0.00717701
0.0519384
