0.00869156
0.000198853
0.000353047
0.688808
0.00532754
0.741249
0.00942406
0.00106616
0.02797
0.398513
0.00229521
0.000151792
0.0070188
0.00238768
0.00319391
0.000637005
0.748591
0.014869
0.000991688
0.0368566
0.733017
0.000742725
0.00759252
0.714929
0.00219293
0.000225892
0.755549
0.751205
0.606178
0.0384
0.00384201
0.00807807
0.616463
0.00306071
0.000279111
0.0254217
0.00413485
0.00192289
0.00187922
0.54725
0.0399677
0.00219784
0.0125535
0.00167949
0.66561
0.0051292
0.0393651
0.00301992
0.00221578
0.0130669
0.00822356
0.00273336
0.572505
0.507257
0.0024352
0.00156983
0.00207942
0.00437059
0.674186
0.552181
0.00163848
0.0300784
0.00319825
0.000528772
0.015248
0.0106361
0.00709126
0.00978083
0.00294252
0.000823336
0.00172501
0.00180931
0.00577029
0.00170487
0.00549063
0.000906529
0.00380547
0.000315196
0.00348722
0.00324802
0.320435
0.00101746
0.0153956
0.00183221
0.00210423
0.00170606
0.00503917
0.00127341
0.000665794
0.00164354
0.0514928
0.008847
0.00346613
0.00964899
0.00522181
0.43767
0.000999833
0.00669524
0.00155458
0.000150735
0.0112832
0.000295127
0.00102386
0.0128915
0.000458863
0.00485171
0.00263603
0.0134656
0.0282751
0.0513944
0.64061
0.00680162
0.0561306
0.00212522
0.15938
0.00222037
0.00614004
0.000586513
0.0166444
0.740342
0.00900241
0.00274811
0.000919664
0.000880318
0.00682276
0.802354
0.501101
0.00802134
0.413331
0.00485993
0.00425367
0.00881859
0.00642827
0.615356
0.00661217
0.382437
0.0032882
8.03118e-06
0.00103904
0.000870443
0.750652
0.000802914
0.00237254
0.0168031
0.000194448
0.103893
0.015197
0.00177267
0.00187932
0.00212266
0.00013008
0.0188954
0.00585539
0.00329654
0.00216735
0.000583253
0.000703793
0.767854
0.000499516
0.00587619
0.00286
0.0108747
0.22918
0.00377547
0.000474305
0.000945757
0.582093
0.0505426
0.0410815
0.00974371
0.417713
0.00720019
0.754768
0.000645595
0.0144617
0.00166192
0.00144383
0.0036792
0.0149742
0.000979446
0.00539992
0.000288502
0.506488
0.00469928
0.00668819
0.0364495
0.0073791
0.00596376
0.0016125
0.199408
0.000733869
0.801536
0.00763566
0.0223593
0.518333
0.0216115
0.00625628
0.639709
0.00134933
0.00439298
0.00656234
0.000139215
0.00465606
0.00264684
0.27279
0.00134827
0.00377482
0.00377359
0.000640019
0.00310805
0.0141618
0.00114008
0.000763452
0.000429316
0.000110714
0.0237281
0.0136978
0.632011
0.0148277
0.00176089
0.00177537
0.00731801
0.000880831
0.00564466
0.000448648
0.00331555
0.00183694
0.00170112
0.477327
0.00501728
0.00370789
0.00118352
0.00265338
0.000847264
0.00164051
0.00215597
0.000433296
0.0141222
0.0350513
0.116931
0.00306545
0.00131186
0.00069394
0.476489
0.00193019
0.0541461
0.00218548
0.252838
0.0497902
0.634768
0.000906502
0.00387053
0.00559162
0.562905
0.000787362
0.00431113
0.0015135
0.609486
0.00195909
0.00207371
0.00232273
0.224377
0.605505
0.0131653
0.00122656
0.00243503
0.0130775
0.000607694
0.00223573
0.00631388
0.780492
0.00323497
0.0143465
0.00988897
0.00316037
0.0195726
0.00532309
0.00155595
0.026643
0.0264836
0.000674836
0.0031997
0.717748
0.00420092
0.000693505
0.00143089
0.00137511
0.0465965
0.0884206
0.169321
0.000322369
0.0062553
0.0068772
0.536304
0.0117678
0.00828354
0.000792523
0.00526495
0.0168883
8.34704e-05
0.00830216
0.00520609
0.00449376
0.0131399
0.483633
0.00563387
0.0122377
0.00445878
0.25814
0.00564741
0.508142
0.00883245
0.0029142
0.00116365
0.00057264
0.00149986
0.0189095
0.000928252
0.00431621
0.00768289
0.324958
0.00102701
0.00154057
0.0358985
0.00313106
0.00144543
0.527759
0.00109013
0.711424
0.000516719
0.498377
0.0036214
0.000936736
0.0171518
0.00156255
0.00519675
0.459583
0.000796736
0.0048862
0.00337896
0.0125385
0.00758519
0.0270582
0.748093
0.0022737
0.00756189
0.0101895
0.0517304
0.001496
0.00359685
0.00108127
0.12117
0.00928227
0.00470292
0.00440188
0.740184
0.00381866
0.000221179
0.735609
0.564548
0.00267541
0.000835683
0.0040939
0.0874379
0.0187744
0.0002407
0.000645822
0.000823277
0.00546898
0.000968259
0.270783
0.000640153
0.479002
8.02505e-05
0.00614943
0.000594391
0.00689053
0.0513531
0.0205392
0.00271431
0.000995521
0.0114024
0.00243155
0.0148033
0.000311954
0.00479937
0.00153086
0.00345495
0.00197944
0.0038546
0.365115
0.00288555
0.000347686
0.0026888
0.00482267
0.00199705
0.00437605
0.66402
0.466935
0.00307865
0.647164
0.00120495
0.641115
0.0042804
0.00142729
0.00165677
0.000746777
0.0343263
0.00181403
0.000463369
0.248305
0.00592345
0.00612877
0.00835127
0.00759909
0.00325219
0.00186048
0.00490014
0.0022837
0.566679
0.00826898
0.00382051
0.000886473
0.00489777
0.00584827
0.00336386
0.0582269
0.0254631
0.00143432
0.004253
0.00700409
0.0133183
0.0264181
0.00227779
0.00176689
0.00027596
0.00110967
0.00875746
0.00120564
0.0124712
0.00198831
0.0154633
0.0288684
0.00134501
0.587851
0.0215103
0.00253315
0.076908
0.410043
0.000877956
0.0166739
0.00571071
0.0147489
0.523861
0.000629345
0.00242843
0.00210899
0.011589
0.00294026
0.014418
0.00869195
0.0027773
0.00148059
0.00345869
0.00046306
0.0127483
0.644986
1.40678e-05
0.0142088
0.0180352
0.574695
0.00136397
0.000526576
0.417094
0.00125068
0.0328233
0.0527051
0.00210044
0.000254559
0.00191915
0.00307174
0.00227782
0.0125329
0.000977229
0.00373058
0.219106
0.640032
0.00437628
0.00136551
0.0106146
0.00353087
0.0023662
0.0235322
0.00362215
0.62395
0.00106248
0.0204379
0.56599
0.00546538
0.450388
0.0163233
0.000585095
0.000522567
0.0606807
0.00801095
0.00177943
0.00614868
0.512378
0.692215
0.000272392
0.00127222
0.00255971
0.00362165
0.00472714
0.000287898
0.00325447
0.0481738
0.00302517
0.014422
0.0060953
0.770226
0.00245294
0.00199727
0.0035635
0.0020496
0.026888
0.139135
2.99002e-05
0.00108253
0.00044921
0.0312682
0.0143455
0.0068058
0.00173071
0.0204393
0.00322028
0.775016
0.00190392
0.00361507
0.0123289
0.767802
0.610326
0.731188
0.00611709
0.0324476
0.00470835
3.76509e-06
0.0556172
0.739674
0.00444526
0.00215044
0.00220066
0.00582436
0.00113034
0.000282854
0.00409134
0.0345602
0.00198999
0.0117949
0.0430208
0.00284102
0.00526472
0.00696562
0.00558857
0.00388248
0.000739673
0.000772446
0.556734
0.0481893
0.0563844
0.0603935
0.0144117
0.00146025
0.112158
0.472832
0.385665
0.0033637
0.00140932
0.00178599
0.000200267
0.00777525
0.289202
0.00049867
0.000691312
0.659117
0.00126035
0.00159819
0.000742822
0.763884
0.00285554
0.0124741
0.00127299
0.000794425
0.00135642
0.00553249
3.97004e-05
0.0022916
0.0010331
0.00120742
0.00360148
0.000176988
0.0017035
0.00100694
0.00818466
0.00188503
0.00242664
0.000927779
0.6398
0.000270263
0.0060385
0.00603042
0.00123103
0.0141861
0.00304705
0.00306214
0.627184
0.0011563
0.000943142
0.00152576
0.00264914
0.00735422
3.15751e-05
0.00675872
0.00396567
0.00015493
0.000253177
0.00338867
0.00148279
0.0558083
0.00044562
0.00330092
0.00184607
0.00529156
0.00703696
0.0234421
0.0185695
0.515611
0.00386807
0.00462399
0.652154
0.012812
0.00397172
0.000619672
0.00142317
0.00116753
0.000723053
0.784299
0.0341956
0.012922
0.00384427
0.0048707
0.0105022
0.00811909
0.000670868
0.0233098
0.000555495
0.00135923
0.00869776
0.00117109
0.00413044
0.0144227
0.897213
0.724719
0.00139227
0.0068564
0.746948
0.000579779
0.00113766
0.0137046
0.408357
0.00511207
0.010301
0.00107516
0.1476
0.382103
0.000732785
0.448927
0.772952
0.687657
2.85728e-05
0.435538
0.524719
0.00199962
0.00595101
0.594649
0.00826841
0.00210748
0.000247994
0.588487
0.00100317
0.00454522
0.000503315
0.00512757
0.0042237
0.0230044
0.00378544
0.747942
0.392482
0.000163927
0.697958
0.0027848
0.0250704
0.00883872
1.27808e-05
0.00567255
0.00278406
0.220693
0.0291531
0.0514258
0.370907
0.00132173
0.000478459
0.00325624
0.485528
0.60037
0.655095
0.0150545
0.00633926
0.32121
0.00117676
0.00131898
0.654555
0.00821138
0.000740984
0.70128
0.0669242
0.00205809
0.105093
0.587517
0.0137755
0.112304
0.00517399
0.0585435
0.666941
0.0102658
0.006908
0.0144758
0.00102448
0.0366248
0.000139439
0.00161193
7.51481e-05
0.568585
0.00776736
0.0186285
0.00367086
0.000103463
0.00701282
0.00179194
0.703923
0.00226903
0.000214316
0.00933091
0.0020849
0.000848466
0.00384217
0.000227323
0.00023682
0.00110935
0.00163177
0.00314683
0.00382348
0.0111192
0.671776
0.00331576
0.00209192
0.00111379
0.772143
0.00445514
0.0166878
0.00837879
1.70305e-05
0.00115377
0.00259506
0.00288247
0.00272349
0.000624759
0.0285496
0.00461753
0.00192777
0.00149882
0.00423658
0.00284073
0.00508165
0.00159898
0.00225818
0.0142465
0.0146832
0.00653177
0.00741146
0.0041818
0.00430659
0.342035
0.000132602
0.00231995
0.000270485
0.310601
0.00325378
0.65103
0.707262
0.0155498
0.00440782
0.00212671
0.0259134
0.001331
0.0166062
0.000169773
0.00173057
6.07771e-05
0.413124
0.00224566
0.0406365
0.739546
0.00240974
0.000894867
0.00282917
0.00262628
0.00322904
0.00019203
0.00387512
0.000410113
0.0235601
0.00066556
0.00310343
0.00037624
0.721543
0.015279
0.0133604
0.00293266
0.490928
0.00308694
0.00424217
0.0358305
0.000422668
0.00374068
0.00263923
0.019082
0.00895218
0.00175992
0.0320999
0.358993
0.000139635
0.00511974
0.00226355
0.000282439
0.000790181
0.0285945
0.347698
0.00626683
0.00851408
0.00159079
0.00439772
0.00469731
0.309863
0.01186
0.000621088
0.0056416
0.00151091
0.47066
0.0233971
0.0021052
2.20875e-05
0.00610611
0.00688049
0.0120972
0.00153906
0.000268547
0.00247858
0.0011807
0.00840049
0.00283523
0.0035335
0.0078033
0.0270768
0.0950085
0.00502254
0.00932576
0.000555315
0.4538
0.00192925
0.000906068
0.0124064
0.000984051
0.000116879
0.002093
0.00952042
0.682345
0.000483349
0.483052
0.00114434
0.000381259
0.000395919
0.00202948
0.112547
0.509374
0.00412063
0.00113669
0.00140533
0.0026135
0.21916
0.0206745
0.725153
0.0410003
0.00158877
0.000375743
0.00129065
0.752434
0.00169953
0.685072
0.00216097
0.00403041
0.0200161
0.00251271
0.00181076
0.0132097
0.00416463
0.00638105
0.00670156
0.000691616
0.000526564
0.000748547
0.00138419
1.59116
0.00519846
0.105324
0.002917
0.000481873
0.00203209
0.0276459
0.00166568
0.000326661
0.00170681
0.408739
0.00253742
0.00417566
0.00518041
1.26466
0.0019353
0.00446167
0.000674144
0.374641
0.00382309
0.0061933
0.00590709
0.000672461
0.000391701
0.00330112
0.00274402
0.673932
0.00113455
0.700324
0.0021407
0.000588668
0.00140962
0.00424647
0.728274
0.294176
0.00233033
0.551327
0.00572625
0.41959
0.645705
0.00786537
0.000436104
0.681469
0.00153366
0.00242964
0.00228804
0.0051562
0.00275221
0.00311214
0.00709415
0.000811755
0.582815
0.000808008
0.00941
0.00149161
0.00401165
0.0926846
0.676892
0.00287027
0.00270169
0.00348808
0.0086975
0.00303887
0.00314608
0.0141347
0.00243832
0.0411075
0.00723163
0.00156609
0.00256992
0.00593408
0.00272266
1.14992e-05
0.000675107
0.0153371
0.0289911
0.0113184
0.00171257
0.0122522
0.776702
0.00188428
0.00181104
0.506238
0.00277851
0.00260392
0.00902541
0.747028
0.00086755
0.0764218
0.5953
0.660587
0.00134855
0.00145583
0.00357797
0.0016832
0.00249183
0.00162776
0.620441
0.0010475
0.00210225
0.31045
0.710708
0.00149643
0.00195648
0.264973
0.566269
0.199137
0.00195637
0.00363008
0.00521179
0.000436138
0.00115728
0.00378558
0.00985697
0.709406
0.013487
0.0174977
0.00224345
0.000945511
0.673239
0.00479266
0.000395385
0.00505433
0.000723833
0.00214336
0.00469634
0.0020628
0.0175408
0.00166834
0.390443
0.00271747
0.00629565
0.00186762
4.44964e-05
0.0158994
0.00180321
0.00656538
0.00342821
0.00551331
0.00122708
0.0310006
0.57593
0.367669
0.0437323
0.0647522
0.00740736
0.000823366
0.0621091
0.00334761
0.00451238
0.00257175
0.698927
0.0768192
0.5984
0.00157089
0.0068887
0.000731478
0.0026635
0.00175068
0.00354779
0.576624
0.137981
0.001705
0.00176366
0.0014
0.00264277
6.7061e-05
0.000491468
0.0018341
0.707383
0.00214635
0.00345349
0.00138034
0.00787629
0.396302
0.000752699
0.000365189
0.641804
0.00545145
0.00496291
0.011914
0.00394581
0.520579
0.00263368
0.59624
0.63598
0.0101104
0.0335002
0.00259997
0.144774
0.0303723
0.00232971
0.000485081
0.00470736
0.00480872
0.503178
0.000119298
0.584682
0.011467
0.00565363
0.000396304
0.000808287
0.00695516
0.00402377
0.794526
0.000410958
0.786471
0.000577644
0.0132213
0.0078394
0.00780119
0.00880873
0.0023568
0.0266524
0.00229347
0.00259894
0.00392217
0.0036192
0.175418
0.00753783
0.00534946
0.00619563
0.010222
0.662522
0.64871
0.0119756
0.770584
0.547786
0.414024
0.0037542
0.0208749
0.00113839
0.50427
0.0045786
0.00131103
0.754752
0.00246421
0.00370973
0.00258026
0.00122336
0.0206149
0.405058
0.022283
0.000373954
0.00692601
0.609753
0.00298238
0.00130363
0.00618443
0.00840589
0.00225021
0.578436
0.00366348
0.00338245
0.00159433
0.000774458
0.0240985
0.00817747
0.00403854
0.00202449
0.00183924
0.0100147
0.000239793
0.00128032
0.501803
0.00757143
0.599732
2.25419e-05
0.330829
0.00169837
0.00119632
0.00426219
0.42134
0.691664
0.00152721
0.611538
0.00707139
0.00404166
0.625828
0.000329913
0.657173
0.0729874
0.019709
0.00474741
0.0384892
0.494031
0.00555426
0.00107119
0.00253918
0.000610514
0.0215982
0.00167471
0.0278211
0.220185
0.00849449
0.00480115
0.716563
0.000824121
0.000458797
0.0219695
0.00416177
0.0222318
0.00407825
5.63746e-05
0.497199
0.00175685
0.000852828
0.00377835
0.704423
0.00214204
0.63081
0.00444836
0.00094596
0.00525336
0.00494715
0.0110419
0.0805506
0.00270236
0.0263326
0.00042458
0.000489886
0.000496079
0.00524851
0.474289
0.0204945
0.00196812
0.0325196
0.00348513
0.00115161
0.573856
0.409153
0.00525349
0.302035
0.00714836
0.3544
0.297071
0.0024638
0.00385712
0.0153304
0.000735838
0.010456
0.601036
0.00680302
0.00823304
0.000431438
0.000389075
0.000832225
0.0521049
0.0128078
0.6447
0.000480965
0.0132556
0.00149996
0.00208778
0.00143507
0.735843
0.020167
0.00590512
0.0145791
0.0045694
0.548843
0.00205012
0.00356046
0.00861049
0.00229778
0.00158219
9.52506e-05
0.00228283
0.0127874
0.0047156
0.00252932
0.000742356
0.00090613
0.0107441
0.708263
0.00263324
0.00679357
0.00017733
0.735061
0.707736
0.0103633
0.00511689
0.00115214
0.000125409
0.00388201
0.00449865
0.00311737
0.488635
0.00490796
0.00327121
0.00405759
0.220836
0.000722309
0.000105009
0.00592604
0.000323873
0.504078
0.647904
0.00137886
0.00163367
0.00128499
0.0121577
0.0270218
0.00521977
0.00182132
0.758389
0.0406459
0.640419
0.00380305
0.0087458
0.00980684
2.26104e-05
0.0322277
0.536353
1.19651
0.0520718
0.00420199
0.0132866
0.0173299
0.703626
0.00677712
0.28609
0.00768953
0.00644899
0.0358513
0.000717828
0.0100854
0.00833482
0.0176455
0.00154598
0.00511512
0.0582555
0.00577644
0.000530555
0.00698017
0.00109763
0.00383107
0.00267487
0.0207817
0.00242025
0.0126325
0.0103984
0.00177899
0.000916129
0.00583234
0.00651613
0.354333
0.440285
0.544301
0.647514
0.548399
0.00533138
0.683366
0.00185573
0.00375532
0.000602463
0.00713098
0.00234382
0.000408192
0.00247924
0.326553
0.0106828
0.000598056
0.559829
0.00427849
0.00111253
0.523869
0.00209552
0.00144923
0.00179839
0.00255778
0.00463926
0.000790964
0.000783431
0.512378
0.385388
0.00252451
0.763149
0.0793289
0.00409793
0.00458756
0.00326878
0.338879
0.603486
0.737177
0.223739
0.00213581
0.000851407
0.00338683
0.00288091
0.00652177
0.0023901
0.000586841
0.00768721
0.0120194
0.00226696
0.786568
0.359357
0.00130274
0.0168784
0.00137591
0.00116077
0.00103175
0.0025614
0.00781737
0.00294122
0.714955
0.00628195
0.681846
0.00105824
0.731317
0.00125665
0.501027
0.829235
0.315774
0.731639
0.0904984
0.483403
0.581006
0.664413
0.0025475
0.0031957
0.571943
0.0212065
0.23196
0.0094619
0.0107411
0.0050491
0.00252865
0.0156367
0.000380113
0.00137222
0.0950853
0.00131278
0.0281561
0.00045012
0.000104954
0.00531716
0.00123971
0.0141167
0.00221193
0.00698725
0.00722563
0.00275042
0.645951
0.00442062
0.011769
0.00121372
0.000351877
0.0038945
0.0300141
0.0325127
0.00452265
0.0156428
0.00469799
0.000857771
0.00109615
0.700645
0.751138
0.000494933
0.0100641
0.00263715
0.00354099
0.0211859
0.655167
0.0011327
0.00254192
0.559349
0.696363
0.0132961
0.000565073
0.0135835
0.000853081
0.00121693
0.00595488
0.534894
0.000545918
0.00474916
0.719281
0.00455753
0.680382
0.000123055
0.00188184
0.0128424
0.00552139
0.000277305
0.00175723
0.00101669
0.00204613
0.0280477
0.493542
0.719461
0.365073
0.00249906
0.0734923
0.00204295
0.0164149
0.000558764
0.000815875
0.00211107
0.001166
0.0019926
0.00299165
0.0371757
0.000136298
0.0372772
9.37853e-06
0.0121196
0.00275479
0.00189005
0.00388591
0.00286595
0.599956
0.00088431
0.00152742
0.13314
0.0107556
0.00648298
0.00271028
0.00212854
0.00635893
0.0012932
0.680452
0.0158854
0.0010662
0.00322178
0.0620412
0.013224
0.0158685
1.03757
0.00514993
0.0010492
0.00171504
0.00481655
0.00965734
0.00737934
0.10732
0.0047008
0.0052665
0.00858868
0.00664968
0.0275104
0.0053418
0.00271425
0.000100783
0.000210674
0.000131521
0.00102275
0.163815
0.0530577
0.00850273
0.0101415
0.000140205
0.00222208
0.00162231
0.00757562
0.00358037
0.00575188
0.00098548
0.773732
0.00392059
0.00942559
0.00353319
0.0205164
0.00901285
0.000382778
0.00269168
0.0020974
0.0037044
0.000314243
0.249353
0.00519456
0.0012369
0.00909918
0.00913653
0.00885193
0.0185628
0.0402276
0.00152867
8.41154e-05
0.434621
0.0120245
0.00837863
0.00717908
0.00317816
0.00198103
0.00120764
0.00363249
0.0205377
0.0428365
0.00712423
0.00826291
0.0102061
0.0184868
0.000213923
0.607991
0.00163524
0.000809478
0.0183718
0.00283341
0.00631705
0.0270158
0.00098566
0.00563286
0.00529494
0.019714
3.52255e-05
0.00354343
0.000719766
0.00403791
0.000773344
0.00151084
0.0125383
0.0167734
0.715238
0.00418996
0.0117125
0.0013037
0.00543822
0.0015212
0.0344358
0.0043779
0.00250453
0.0006607
0.00947835
0.00575793
0.00467836
0.00206145
0.000654513
0.00235893
0.00509678
0.00140383
0.649215
0.179135
0.00162535
0.677423
0.00846454
0.00147633
0.00569743
0.000714688
0.000369843
0.000807357
0.00358237
0.000312779
0.000432866
0.00124899
0.00307001
0.621581
0.00249576
0.482698
0.00301387
0.00188154
0.0238729
0.00367515
0.00358933
0.00216675
0.719179
0.000369042
0.00152625
0.00833474
0.0034078
0.00264678
0.6812
0.741126
0.00113817
0.00290118
0.000631082
0.0228507
0.00157146
0.000535449
0.00172976
0.00492694
0.00136239
0.00204087
0.0606771
0.000336197
0.0465951
0.0373389
0.00427325
0.00655078
0.406401
0.756613
0.00606055
0.00517685
0.534576
0.0117035
0.00577318
0.00967523
0.748088
2.02601e-05
0.0103006
0.000249835
0.0815221
0.141453
0.00222747
0.000209224
0.342656
0.00649007
0.553171
0.00164284
0.0654561
0.507797
0.00331236
0.00761755
0.629306
0.00428243
0.542724
0.119425
0.00497679
0.0060065
0.00257187
0.0227308
0.00337562
0.00234452
0.000608412
0.752045
0.00140295
0.00437315
0.0106922
0.0445697
0.0121496
0.00416871
0.479841
0.00212492
0.71963
0.0242622
0.00329362
0.00578698
0.00511667
0.673883
0.588244
0.00309307
0.0104471
0.579223
0.0123891
0.0123673
0.00876489
0.646235
0.540047
0.00320107
0.000182485
0.666526
0.0469158
0.0151963
0.0076212
0.00334922
0.00160912
0.00100447
0.00945813
0.0489839
0.00866817
0.00332176
0.00251933
0.00216033
0.0011315
0.00427255
0.00414603
0.0078291
0.107812
0.00608574
0.00493897
0.118803
0.00113182
0.00669588
0.016479
0.0215088
0.00976227
0.0160474
0.00589128
0.00248227
0.00850202
0.00824415
0.00157992
0.72875
0.00230848
0.0392247
0.00496954
0.0192083
0.00534561
0.0055061
0.00169961
0.00105267
0.00351345
0.440886
0.0251442
0.00363189
0.00323988
0.00619746
0.00952215
0.0019241
0.583197
0.629906
0.00259146
0.000999363
0.000447448
0.00361528
0.00236874
0.712725
0.113155
0.00131499
0.627513
0.00230621
0.00368087
0.00352891
0.731539
0.00592678
0.000200501
0.00272568
0.00697834
0.000668277
0.00341097
0.0108352
0.756044
0.0112223
0.00582593
0.00423034
0.0316379
0.751808
0.00407306
0.00351443
0.00571415
0.401672
0.00291504
0.555119
0.00356416
0.011039
0.742333
0.0048839
0.00955928
0.00171976
0.00365188
0.0134239
0.00407749
0.00224272
0.594716
0.0345909
0.013789
0.0290799
0.0152025
0.0121468
0.0732211
0.0141398
0.0123897
0.0318743
0.749689
0.000559236
0.572314
0.00868788
0.000755085
0.722839
0.0104372
0.00197034
0.656223
0.00151515
0.00944976
0.0220048
0.020881
0.0059927
0.00393655
0.000771092
0.0182937
0.0163489
0.00497636
0.00069441
0.0095463
0.00329711
0.011426
0.00381713
0.00220662
0.00102458
0.00822377
0.00283028
0.000155763
0.700677
0.00494873
0.869353
0.00470156
0.00536846
0.000568501
0.0028786
0.00378918
0.00243258
0.00291072
0.00279391
0.00270962
0.00245966
0.00433656
0.0093601
0.000685135
1.56205
3.91297e-05
0.00470481
0.000188304
0.020441
0.00279355
0.0117005
0.0354699
0.310929
0.00373697
0.00635806
0.00939997
0.0255295
0.002323
0.556756
0.000668996
0.00103904
0.00150044
0.0078534
0.00318241
0.00159553
0.000283316
0.480109
0.00718838
0.7609
0.135496
0.004085
0.00428876
0.00116211
0.00169739
0.00190402
0.00382721
0.00830047
0.0009677
0.00467305
0.00670056
0.533959
0.00340924
0.00136444
0.00191288
0.749857
0.437063
0.0211929
0.00126753
0.00752635
5.89918e-05
0.000341744
0.00312086
0.0148122
0.00171413
0.000329638
0.00211752
0.754678
0.00542165
0.00290875
0.00231689
0.0292097
0.00198771
0.00464979
0.00151744
0.00507896
0.00376826
0.00275868
0.0114452
0.000133074
0.000768627
0.488104
0.000437684
0.00102007
0.000668255
0.00767672
0.0145273
0.0237089
0.00329155
0.00531607
0.0175989
