0.711793
0.221482
0.0187837
0.872064
0.202835
0.972559
0.0110207
0.275
0.135564
0.407851
0.133803
0.0181906
0.105469
0.063444
0.0546034
0.0166381
1.17734
0.0229494
0.155463
0.207302
0.843208
0.0860218
0.0576305
0.778485
0.0756606
0.165302
0.799754
1.26633
1.1516
0.0597054
0.0480743
0.639668
0.754934
0.0846503
0.0251927
1.48814
0.00615186
0.0791381
0.0266213
0.680419
0.0412882
1.06292
0.729697
0.0292459
1.53585
0.210934
0.167197
0.322435
0.644754
0.0525465
0.0154463
0.0794
0.803722
1.42948
0.142402
0.494875
0.0772106
0.0271497
0.766397
0.640046
0.00720285
0.474786
0.0394932
0.0286028
0.466061
0.400165
0.258996
0.0909138
0.360495
0.11219
0.13094
0.238402
0.0372004
0.397292
0.0266558
0.0177205
0.0842702
0.00973131
0.0748236
1.03101
0.482738
0.0120693
0.253649
0.110757
0.00947595
0.0046425
0.0336046
0.0268981
0.165276
0.844852
0.561546
0.198161
0.00845849
0.571052
0.851088
0.500341
0.0271871
0.035684
0.163774
0.0252804
0.455412
0.0317258
0.222161
0.148228
0.0998648
0.130493
0.713889
0.6151
0.574916
0.0856262
1.08835
0.260692
0.124464
0.0177068
0.447448
0.323944
0.03194
0.00445308
0.0408225
1.45572
1.78615
0.462727
1.75717
0.110385
0.0253296
0.82311
0.756292
0.152331
0.895632
0.649557
0.189904
0.0447552
0.39876
2.0623
0.0684375
1.05653
0.0624833
0.00758038
0.454311
0.38226
0.939618
0.0245972
0.261901
0.0265506
0.27288
0.15634
0.0320505
0.0111813
0.0251993
0.266701
0.0628061
2.32274
0.0138696
0.0180729
0.331091
0.186466
0.124667
0.83153
0.0378198
0.64108
0.217434
1.20221
0.285567
0.910791
0.0872081
0.0617977
0.589752
0.352984
0.568705
0.628923
1.74778
0.0162807
0.81636
0.0791524
0.279765
0.17433
0.247473
0.013342
0.0853771
0.0861129
0.59115
0.344253
1.09543
0.0358991
0.856859
0.654193
0.0111036
0.730644
0.478517
0.246664
0.181304
6.54497
0.0090476
0.0484497
0.562357
0.0316644
0.0206312
0.677837
0.240288
0.225134
0.0421857
0.174151
0.0776848
0.250233
0.312048
0.0174958
0.00484731
0.245396
0.0744985
0.425144
0.598207
0.0116339
0.0565215
0.0470505
0.0175003
0.0800328
0.166265
0.964615
0.411513
0.27953
0.0854186
0.0648557
0.0242938
0.0132748
0.55862
0.00438204
0.00752844
0.00355858
0.477689
0.014704
0.00829731
0.0156995
0.036035
0.0340217
0.189629
0.0798998
0.657077
1.65608
0.299434
0.641299
0.0146161
0.0535876
0.0737078
0.638731
0.0398975
0.233998
0.0509108
0.86151
0.431969
0.726618
0.0186987
0.0917571
0.0524049
1.49022
0.0176957
0.0345284
0.96581
1.11861
0.013285
0.0179986
0.00668372
0.230925
1.34974
0.0368467
0.106204
0.134669
0.0374396
0.0409234
0.290735
0.126217
1.20889
1.42893
0.282785
0.557147
0.371582
0.409662
0.65744
0.0422518
0.087249
0.086905
0.0891327
0.438723
0.741016
0.0838524
0.352398
0.192828
0.0198401
0.0679077
0.261105
0.288073
0.040101
0.120711
0.0236543
0.793583
0.0510971
0.0155621
0.0195602
0.494808
0.0352123
0.0158787
0.0206841
0.0285061
0.0105666
0.0147967
0.624376
0.131807
0.0307038
0.00631977
0.292186
0.0249404
0.634316
0.135066
0.134842
0.0502799
0.311621
0.187163
0.01988
0.351582
0.629905
0.019067
0.341939
0.468084
0.0656101
1.09336
0.0204093
0.20553
0.571604
0.00595927
0.761359
0.0067131
0.515367
0.406465
0.537833
1.01686
0.172604
1.04326
2.00941
0.0227668
0.00763553
0.0195417
0.0148548
0.0507291
0.435687
0.767744
0.37999
0.301384
1.28076
0.0857952
0.00391364
0.0423466
0.173509
0.140922
0.153967
0.0056054
0.0886666
0.796458
0.0104352
0.286617
0.841507
0.632205
0.137977
0.0162754
0.0558071
0.0905077
0.021247
0.199023
0.434813
0.0218285
0.0150689
0.0254291
0.272392
0.243403
3.05886
0.00485416
0.00795161
0.0522668
0.121492
0.0579554
0.0506002
0.0258714
0.0110358
0.0246918
0.0453418
0.0218577
0.187127
0.234158
0.0127428
0.0163036
0.0196332
0.0279172
1.09659
0.052656
0.0022099
0.0482948
0.0199345
0.0234731
0.0100751
1.60637
0.632911
0.013538
0.778648
0.00228144
0.6608
0.0607337
0.0261315
0.023363
0.141608
0.158956
0.0330707
0.00339238
0.295746
0.0205787
0.0345245
0.0238145
0.0163498
0.0198544
0.273719
0.0118977
0.256802
0.783108
0.149138
0.0223516
0.0384319
0.0194981
0.0295927
0.0311727
0.287721
0.0274898
0.0149559
0.137163
0.0535383
0.72433
1.04472
0.108639
0.00926311
0.00676621
0.00638452
0.0144872
0.0024692
0.0273413
0.298286
0.0375374
0.0298506
0.0118673
1.65026
0.353517
0.0084031
0.103478
0.450861
0.00338368
0.0382646
0.276158
0.816298
0.622479
0.0421641
0.0108268
0.00463596
0.0188951
0.0285444
0.0260433
0.0205379
0.0253693
0.0200232
0.0173809
0.0132215
0.0197295
0.674878
0.0002174
0.0178102
0.0217496
1.00669
0.0100002
0.0774388
0.466784
0.021376
0.0532637
0.0527423
0.00261013
0.0762619
0.0024583
0.0289505
0.0108044
0.0526659
0.00381259
0.118471
0.296817
0.693602
0.00830445
0.0186283
0.511454
0.0100331
0.044241
0.243033
0.0161457
2.61957
0.0174247
0.0525665
0.783669
0.119906
0.610635
0.0226015
0.0157001
0.0192867
0.0721698
0.0408585
0.0602737
0.218433
0.524578
0.747135
0.0818083
0.00532318
0.0446812
0.0201663
0.00983955
0.134516
0.0228191
0.131584
0.0167258
0.0712874
0.0656279
1.13048
0.00494515
0.131507
0.00601012
0.00867056
0.0447528
0.643357
0.0200903
0.113551
0.087084
0.238782
0.128082
0.201777
0.0557125
0.0505346
0.0152027
0.805568
0.00998352
0.322081
0.0280242
2.97885
0.642436
0.733608
0.0130056
1.20828
0.0435075
0.00940431
0.115056
0.816044
0.00742127
0.0128996
0.00504071
0.23903
0.019301
0.0105657
0.00720982
0.068672
0.0104836
0.0760891
0.0792805
0.00744789
0.00644378
0.011549
0.00828822
0.0178844
0.00882
0.0324051
0.683984
0.121792
0.0605023
0.46631
0.0517788
0.0117587
0.141854
0.67931
0.593736
0.0207863
0.0134274
0.00590278
0.00789209
0.100299
0.403877
0.0297457
0.00674788
0.675371
0.240755
0.00596081
0.0427761
0.800766
0.00344538
0.531318
0.18322
0.0550299
0.0612529
0.251164
0.208982
0.111728
0.0166162
0.0628008
0.0788142
0.0229165
0.0217496
0.158782
0.301274
0.314893
0.111537
0.00489479
0.829348
0.3059
0.211
0.0769037
0.0695842
0.0563714
0.142069
0.0691263
1.95117
0.0231883
0.0126863
0.0192132
0.00818582
0.0248815
0.0492311
0.271696
0.0280105
0.386889
0.0260455
0.303661
0.00789521
0.0569689
0.00112352
0.615862
0.00741246
0.0201445
0.0254924
0.0576555
0.391955
0.709845
0.0257098
0.0636002
1.05295
0.10455
0.00788441
0.0142641
0.00263704
0.00567145
0.00318979
2.94887
0.459243
0.0782104
0.00649091
0.011616
0.0179934
0.450018
0.388133
0.0594158
0.56921
0.371833
0.094504
0.0141719
0.0280311
0.254303
0.954156
2.24508
0.301084
0.0654779
3.34229
0.0139593
0.0141515
0.0214643
0.43564
0.038565
0.016043
0.00785238
0.361063
0.493642
0.00429884
0.495119
1.70263
5.37757
0.00800191
0.611636
0.600046
0.00695888
0.0195123
0.873954
0.0161531
0.0339811
0.0115736
3.51039
0.00757168
0.0249645
0.00878723
0.0319018
0.017027
0.0497225
0.00736483
0.86454
1.08359
0.00582785
0.73881
0.0100808
0.0453446
0.0111067
0.00961044
0.0156843
0.00287014
0.266693
0.0386885
0.126345
0.522903
0.00934283
0.0208938
0.00732595
0.889641
0.856557
0.851864
0.0458363
0.0194309
0.531824
0.0330603
0.0431652
0.781033
0.115544
0.00933568
1.71927
0.0851291
0.026417
0.17775
1.11639
0.0530629
0.243484
0.0203788
0.205354
0.799806
0.0229982
0.0212671
0.0295378
0.010401
0.104722
0.00557164
0.00758366
0.00886717
1.48763
0.0136202
0.348662
0.00768065
0.00385288
0.0298221
0.272748
0.712738
0.0132067
0.062075
0.00966617
0.158828
0.0819309
0.0272174
0.00416195
0.00577707
0.0836356
0.0103604
0.0191795
0.0440053
0.0165777
1.01825
0.00389963
0.452153
0.0155063
1.3082
0.357577
0.495441
0.377936
0.169961
0.0488935
0.109847
0.220629
0.149793
0.433542
0.176417
0.0341544
0.0437346
0.193228
0.54716
0.0669536
0.0515215
0.039544
0.0124534
0.267146
0.845484
0.0264452
0.383783
0.330171
0.0154427
0.345889
0.209155
0.0395973
0.0917525
0.357051
0.0172971
2.09353
0.825233
0.0806983
0.00946161
0.00659955
0.123681
0.430813
0.0462549
0.017713
0.0276493
0.029247
3.05233
0.56614
0.077414
0.871201
0.0176904
0.0483055
0.0421379
0.0459587
0.0126803
0.333553
0.318899
0.0245846
0.0482948
0.0153116
0.00344399
0.00597765
0.795117
0.0333524
0.107867
0.154934
0.498398
0.0409995
0.00461118
1.33706
0.00967692
0.00787495
0.0321549
0.0378406
0.0796273
0.154183
0.0946459
2.52028
0.0186624
0.020741
0.0164239
0.0206263
0.0131435
0.781194
1.01799
0.00858105
0.0505471
0.0807827
0.356693
0.0430266
0.469378
0.35303
0.0133952
0.694595
0.036958
0.667944
0.194301
0.0892979
0.027918
0.0159068
0.013299
0.029937
0.00740418
0.0127034
0.0211457
0.00491602
0.0157544
0.00744485
0.0226118
0.011224
0.0333556
0.127045
0.00725826
0.0117678
0.00366585
0.518349
0.0564335
0.0467274
0.0198949
0.00504915
0.24152
0.0911056
0.0745917
4.33571
0.517863
0.881253
0.0374021
0.0781592
0.00883017
0.0426326
0.197029
0.603353
0.0132178
0.274037
0.0166707
0.0145334
0.381736
0.676733
0.789151
0.729869
0.506414
0.109931
0.114399
0.90107
0.0893274
0.753042
0.239502
0.0938878
0.302927
0.00911769
0.0054849
1.09289
0.0444527
0.0880542
0.0409665
0.080595
0.0153689
0.126827
0.0108852
2.24459
0.00982989
0.109613
0.0258212
0.026215
0.00679216
0.0448292
0.0717551
0.0172609
0.0351183
1.06424
0.0178175
0.00891843
0.0289555
2.32775
0.128286
0.015997
0.00376546
0.421922
0.00722325
0.0158995
0.0184752
0.164733
0.0291512
0.0224704
0.0129745
0.750299
0.0405295
0.769293
0.30478
0.0136953
0.183856
0.0353884
0.755895
0.324893
0.00255492
0.64497
0.0200397
0.525274
0.648549
0.31096
0.190256
0.702896
0.323859
0.163937
0.162489
0.272157
0.0125617
0.0282937
0.205762
0.0869491
0.83822
0.420763
0.481452
0.395016
0.0497055
0.159123
1.63683
0.0234744
0.0699089
0.0441904
0.0940483
0.159163
0.337345
0.333474
0.159678
0.300565
0.502856
0.152011
0.0122223
0.011527
0.0722993
0.0162858
0.00354115
0.255163
0.0386701
0.0128339
0.00527488
0.0166885
0.788251
0.00685446
0.00677037
0.554532
0.00442935
0.012881
0.155495
0.935722
0.193028
0.516293
0.617491
0.808263
0.0624755
0.0231682
0.0141571
0.0225843
0.00823234
0.0870684
1.06826
0.0338463
0.00558069
0.865585
0.750405
0.00276808
0.0183896
0.410289
0.699811
0.276646
0.005881
0.00517258
0.103214
0.0804829
0.390247
0.148146
0.557064
1.14098
0.428443
0.538311
0.0956581
0.127088
0.744387
0.0668127
0.0047269
0.0499524
0.0206617
0.0289243
0.0323346
0.0356812
0.489241
0.151081
2.30715
0.19116
0.100406
0.0162423
0.0139311
0.0371452
0.0104256
0.137404
0.00883462
0.346822
0.00481532
0.862583
0.581397
1.1096
0.0740696
0.0749666
0.015104
0.00672029
0.590548
0.0178948
0.00602963
0.0103018
0.741921
0.111009
2.85117
0.00287302
0.00732129
0.0111597
0.00314693
0.00917606
0.00955894
1.07143
0.18762
0.00242803
0.00607874
0.0106493
0.0197982
8.29927e-05
0.0270745
0.00704243
0.854237
0.00467784
0.0139205
0.00602489
0.0454907
0.422403
0.0108131
0.00720724
0.93238
0.052875
0.0626859
0.071263
0.052283
1.38855
0.0114827
0.601245
0.67688
0.0176805
0.118901
0.00420084
0.161422
0.24727
0.0226175
0.0145826
0.0149336
0.0133013
0.943115
0.00541927
1.21279
0.0148639
0.0302382
0.01738
0.0828043
0.190063
0.0519923
0.835836
0.0126294
0.81871
0.0164284
0.0199178
0.0113802
0.144879
0.0357959
0.0213784
0.0404589
0.0067092
0.00986726
0.00815322
0.00852122
0.185906
0.011823
0.0162431
0.0128446
0.093959
0.987465
0.760941
0.0222686
1.50406
0.589927
0.441717
0.0973086
0.817187
0.139038
0.584357
0.00846116
0.0830688
1.01147
0.0155096
0.0197954
0.00284988
0.00554864
0.0209685
0.464551
0.0270442
0.00839429
0.014861
1.97284
0.00388318
0.0187719
0.00929235
0.0199307
0.00606357
0.595208
0.0218945
0.0302657
0.00397906
0.0113404
0.024796
0.0109206
0.0138635
0.00298579
0.00436033
0.0645697
0.00732258
0.00744609
0.505692
0.398425
0.615481
0.163289
0.367955
0.0197558
0.00791207
0.123734
0.425805
0.887148
0.0033545
1.32712
0.0187521
0.00408605
0.635093
0.0113676
0.693042
0.101715
0.0325167
0.00943603
0.093371
1.03962
0.0195701
0.00789888
0.047604
0.180931
0.10586
0.0191904
0.205617
0.248369
0.0148406
0.0404768
1.15501
0.0104047
0.0155735
0.0265178
0.0169307
0.134513
0.00537458
0.0538497
0.604787
0.0128043
0.00420095
0.0224291
0.758887
0.0140231
0.769514
0.00808259
0.0498963
0.101292
0.0896971
0.0153305
0.0901901
0.0115509
0.0357716
0.0642853
0.000859754
0.0068818
0.0513612
0.626442
0.0258927
0.00321936
0.650962
0.0145236
0.0147643
0.657658
0.427203
0.0120218
0.665466
0.0192
0.393219
0.339937
0.00486317
0.00890255
0.0468253
0.0407222
0.0770696
0.719143
0.541416
0.149578
0.0402592
0.00891525
0.102104
0.0709899
0.0311076
0.70761
0.0125307
0.0262358
0.0182591
0.0848122
0.00575546
0.789732
0.330692
0.124274
0.43907
0.0329593
0.634367
0.0210599
0.00782187
0.110548
0.0366618
0.0127866
0.169795
0.012487
0.0185092
0.0125538
0.0151205
0.00527756
0.00432646
0.0283468
0.842537
0.00351013
0.0182935
0.0954543
0.931059
0.851398
2.37592
0.564942
0.119314
0.0407276
0.0529813
0.216438
0.00471525
0.501945
0.00976385
0.147848
0.0107243
0.31221
0.00639194
0.00517969
0.129302
0.0097069
1.56436
0.853135
0.00485886
0.0128822
0.0137206
0.0233698
0.0618115
0.0210292
0.0175653
3.34671
0.587983
1.57495
0.0281527
0.0238609
0.0311134
0.0140081
0.0559147
0.564141
2.00006
0.0650984
0.0136592
0.0398752
0.0295926
0.810388
0.12766
0.806332
0.0258603
0.0328061
0.0369304
0.486572
0.0487139
0.286876
0.0255695
0.00814324
0.0120803
0.0610027
0.0798666
0.0109025
0.0359162
0.0971338
0.00542017
0.0245872
1.24058
0.0287145
0.425932
0.0109263
0.028921
0.0012871
0.00657025
0.0699709
0.399366
0.823762
1.13939
0.841573
0.821075
0.0187154
0.918545
0.0381308
0.00393564
0.00772339
0.0143283
0.0127587
0.0213429
0.00536814
0.344142
0.0178971
0.010666
0.799211
0.00811069
0.00387544
0.606076
0.0290243
0.00157701
0.0123827
0.0290873
0.00590771
0.0167063
0.0069879
0.779437
1.03228
0.00977348
1.00466
0.11354
0.0321812
0.0589005
0.00746121
0.70382
0.696108
0.759984
0.258234
0.0109735
0.00821505
0.00665676
0.0116281
0.0170278
0.0729559
0.00887695
0.0142358
0.596461
0.0152866
0.922654
0.444524
0.34942
0.453924
0.41265
0.0107921
0.040289
0.0188502
0.0288636
0.0105548
0.866905
0.0239844
0.734403
0.00469193
1.27519
0.00841094
0.635862
1.00853
1.23184
0.777558
0.123784
0.787854
0.763323
0.810545
0.00750954
0.0110295
0.842823
0.0226092
0.386547
0.0108095
0.014466
0.0054389
0.0136456
0.0440342
0.0148271
0.0115556
0.255444
0.0694608
0.0600803
0.0180759
0.0124657
0.0223546
0.0186554
0.027794
0.00370561
0.113838
0.021537
0.15937
0.905117
0.0193555
0.0408551
0.00483013
0.00758589
0.0206982
0.479167
0.0360387
0.0161989
0.0423096
0.0111376
0.0134918
0.00709275
0.780598
0.810441
0.00482947
0.0118561
0.0110499
0.00556091
0.0552529
0.742091
0.0258924
0.015375
1.11498
1.09909
0.0404953
0.00674503
0.130825
0.0323157
0.00636296
0.112115
0.778481
0.070142
0.02005
0.981453
0.412082
0.754109
0.0197514
0.012576
0.017487
0.0102554
0.00639287
0.00819813
0.00920364
0.0300771
0.0526128
0.665021
0.779881
0.380749
0.00545958
0.122292
0.0674601
0.0181303
0.017987
0.0239039
0.0281289
0.0140209
0.257321
0.0108664
0.187394
0.00273076
0.0405681
0.0450137
0.0278699
0.00620547
0.028334
0.117946
0.011051
0.626805
0.0191324
0.00990841
0.705934
1.47035
0.0132146
0.00813429
0.270865
0.13875
0.0458335
1.19584
0.017223
0.00836693
0.0199549
0.0732335
0.0281186
0.213146
2.52432
0.0126079
0.0121688
0.0056768
0.04484
0.0211908
0.0235883
0.164603
0.0146141
0.0302354
0.0173432
0.0104748
0.0321896
0.508638
0.0193613
0.275492
0.0243979
0.0100284
0.108388
0.248295
0.447305
0.036109
0.0558394
0.00991312
0.192577
0.00782961
0.277323
0.101064
0.173756
0.0171216
0.872505
0.0434603
0.0138985
0.286073
0.229185
0.0728829
0.0449315
0.221364
0.0462816
0.00941911
0.284361
0.482165
0.109972
0.272386
0.108938
0.15997
0.374053
0.0190361
0.239573
0.0151411
0.00218848
0.541911
0.0210098
0.0947452
0.00835898
0.698933
0.341626
0.0207502
0.304167
0.0212515
0.351467
0.0206613
0.013616
0.0225276
0.0186375
0.0387451
0.613439
0.0133561
0.0329665
0.0449335
0.00812636
0.145585
0.039505
0.0215701
0.0132001
0.00921671
0.0380545
0.0118089
0.0126033
0.0097759
0.0559844
0.0329758
0.00173653
0.0268715
0.0649044
0.798997
0.00970999
0.0193153
0.00697458
0.0270169
0.0514295
0.069874
0.00512915
0.00561152
0.221681
0.118027
0.021391
0.0196811
0.00622167
0.0576088
0.0601831
0.0502213
0.0132662
0.699895
0.27862
0.00361914
1.37903
0.0714341
0.0266748
0.0111646
0.950285
0.00583616
0.00802483
0.0300849
0.0127908
0.0172436
0.00394296
0.0484315
5.82031
0.0109096
0.537352
0.0135632
0.00926854
0.0334726
0.0126231
0.05874
0.00538725
1.19472
0.221689
0.0283345
0.274938
0.416726
0.375704
0.685523
0.759326
0.107989
0.177495
0.582458
0.0459753
0.00642635
0.0291373
0.167135
0.28005
0.11123
0.284198
0.214318
0.00565843
0.0655222
0.0387644
0.0126745
0.0283859
0.504802
0.894832
0.0142238
0.00697095
0.749784
0.0158301
0.0713972
0.0982883
0.956589
0.214949
0.020186
0.0467687
0.208881
4.61597
0.0569578
0.00162529
0.775028
0.021239
0.66099
0.00541166
0.0807047
1.33056
0.00907142
0.018046
1.11262
0.00548417
1.78705
0.145402
0.0143817
0.0612175
0.113583
0.0276027
0.372197
0.00858893
0.00786268
0.774085
0.00993891
0.0130403
0.0740196
0.115542
0.0499305
0.0136812
0.578314
0.00591057
0.754994
0.0285132
0.323312
0.0136575
0.290959
0.767164
0.603479
0.123269
0.358106
0.594493
0.0404125
0.427723
0.160878
0.731605
0.565083
0.0742079
0.0264309
0.673371
0.519651
0.75892
1.41788
0.0104339
0.0110763
0.00991354
0.00951437
0.103159
0.253367
0.0140408
0.0719477
0.00463857
0.159738
0.0205082
0.0526211
0.529641
2.99015
0.285654
0.185566
0.789484
0.00970783
0.00800493
0.0212057
0.047752
0.013371
0.315729
0.026627
0.0185151
0.0337494
0.613706
0.137885
0.77754
0.125325
0.816679
0.014915
0.147652
0.282758
0.0330009
0.158364
0.18913
0.287233
0.553724
0.122331
0.0125344
0.0123988
0.00733496
0.0136188
0.0129512
0.910419
0.661555
0.00915478
0.00884681
0.0065003
0.0515679
0.0242399
0.783952
0.283636
0.00332003
3.33949
0.012259
0.0408032
0.013042
0.780799
0.0175121
0.00563497
0.00432771
0.395812
0.00882086
0.00796137
1.08708
0.892184
0.0211537
0.0418258
0.00940071
0.0517418
1.6698
0.0249548
0.00653256
0.128641
0.596017
0.0167467
2.0859
0.00849804
0.033917
3.49778
0.00546225
0.0163225
0.00689161
0.0112148
0.885477
0.457976
0.00744645
3.01553
0.0573353
0.0619263
0.0361281
0.0194815
0.545799
0.382032
0.0281266
0.353535
0.839081
0.84811
0.575845
1.39017
0.054498
0.0130676
1.28483
0.0464018
0.0520968
0.852086
0.00323286
0.273513
0.0420846
0.473181
0.417942
0.172174
0.674607
0.0235097
0.0583613
0.222439
0.0574605
0.545407
0.0356643
1.06107
0.0352179
0.392722
0.167215
0.0283087
0.0272423
0.288313
1.09741
0.0160154
0.988455
0.0377601
0.21431
0.00401152
0.346954
0.0418818
0.154904
0.0496033
0.0687291
1.10949
0.199863
0.0309927
0.0917237
0.00445581
1.6595
0.0383759
0.01047
0.0233845
0.631996
0.0824183
0.0802141
0.0464382
0.324747
0.00484781
0.186341
0.0630055
0.0470556
0.277398
0.712116
0.158785
0.038344
0.0781841
0.0134803
0.0627161
0.0305107
0.00542892
0.505087
0.157108
1.22909
0.334091
0.00554551
0.188327
0.206205
0.0259751
0.0569209
0.0666476
0.103149
0.0206961
0.535327
0.0410572
0.648528
0.00858087
0.385229
0.00725278
0.862793
0.65628
0.114649
0.106221
0.290968
0.155919
0.0726079
0.190403
0.050293
0.00904649
0.0597298
0.0859738
0.798542
0.145193
0.0493708
0.16404
0.125612
0.0486159
0.0309991
0.424661
0.0754037
0.0600472
0.186093
0.528139
0.196611
0.00537116
1.06223
0.00759114
0.0680808
0.653061
0.018975
0.072838
0.119994
0.174396
0.342258
0.0449091
