0.02046
0.0595679
0.0134742
0.87071
0.0227679
0.0255765
0.02867
0.0395862
0.0237893
0.825836
0.0279507
0.172621
0.148296
0.00821041
0.027956
0.00908186
0.180053
0.0473363
0.0905312
0.0144878
0.0249072
0.00480516
0.355115
0.826386
0.0194302
0.0219121
0.0230475
0.934103
0.110934
1.03068
0.173049
0.0179544
0.0633705
0.116567
0.034778
0.0309881
0.690606
0.363119
0.00877609
0.364491
0.202514
3.13857
0.0383169
0.0277879
0.0324421
0.0597373
0.0373059
0.0655183
0.0121883
0.0682489
0.196779
0.0089442
0.0169184
0.0257693
0.0305374
0.859471
1.02606
0.0210342
1.27831
0.0240987
0.0172205
0.0435853
0.948009
0.0350543
0.0416025
0.372333
0.0406447
0.0532063
0.0177546
0.0250478
0.0226868
0.00831847
0.02212
0.0286037
0.06209
0.0121636
0.0268584
0.0443607
0.0433133
0.0779329
0.0128814
0.314634
0.00267127
0.0394633
0.722844
0.57132
0.519533
0.0541394
0.00760066
0.0322812
0.00857099
0.012924
0.0115523
0.026573
0.0303387
0.823604
0.621863
0.0111164
0.00156168
0.0154051
0.0122295
0.102875
0.0284336
0.0244304
0.952611
0.0242825
0.0146957
0.99131
0.0485466
0.48989
0.00781615
0.172626
0.0202342
0.0188402
0.0257387
0.619557
0.196619
0.143217
0.754429
0.00796806
0.00379421
0.025917
0.0199817
0.0200343
0.0147508
0.0133253
0.0249428
0.0526782
0.698498
0.0177001
0.0271373
0.026827
0.0122531
1.31643
0.0902873
0.0276292
0.566568
0.00950184
0.0769192
0.0204055
0.0349722
0.0388904
0.0170207
0.154391
0.0512026
0.669862
0.653226
0.926617
0.0109986
0.0151115
0.675188
0.0325464
0.134292
0.029494
0.0954893
0.201191
0.509096
0.0221842
0.126792
0.0370522
0.0242174
0.0290329
0.245064
0.059564
0.773304
0.0241819
0.0349366
0.0704026
0.0347429
0.00872158
0.237631
0.120462
0.0612433
0.0149908
0.662408
0.04597
0.0277527
0.0701435
0.0805374
0.0154625
0.04527
1.08951
0.0369865
0.128518
0.0301677
0.024499
0.0563733
0.0710518
0.0741455
0.706129
0.00706998
0.401188
0.0230476
0.0915187
0.0314746
0.0133653
0.0110837
0.00742618
0.0164327
0.184226
0.79348
0.108995
0.207235
0.0840341
0.218859
0.0830908
0.0022562
0.0194112
0.00669897
0.0144329
0.0721703
0.018735
0.0280522
0.0176635
2.26795
0.326272
0.00862051
0.139359
0.382048
0.339074
0.125467
0.544479
0.144071
0.0709321
0.053857
0.0318229
0.534517
0.0144553
0.0596175
0.0130902
0.0168068
0.00846874
0.0100757
0.0821275
0.0457384
0.733063
0.0733773
0.00759389
0.0310702
0.0515303
0.0156482
0.0100604
0.0652067
0.0130374
0.0206405
0.115002
0.328822
0.00286202
0.0273497
0.0284873
0.429862
0.16173
0.00324193
0.206867
0.353812
0.0667252
0.0698979
0.117574
0.350032
0.0454099
2.66046
0.106053
0.0394089
0.0286112
0.0371133
0.0497438
0.180847
0.0776615
0.010685
0.00679249
0.598764
0.264204
0.0157177
0.0046665
0.0420284
0.378226
0.0220743
0.763091
0.156339
0.100985
0.0390524
0.0848574
0.413611
0.0356559
0.0301829
0.00856637
0.0218713
0.654063
0.0288217
0.904393
0.349547
0.0963881
0.0107828
0.118875
0.0154548
0.0212002
0.134109
0.0202235
0.0360976
0.0563413
0.0174049
0.0221633
0.572587
0.069436
0.100162
0.0289351
0.0825565
0.00772474
0.0547928
0.0125724
0.0484416
0.0552541
2.19923
0.177141
0.0720877
0.64192
0.0582489
0.14244
0.264019
0.00656042
0.0134699
0.0215736
0.312042
0.0718356
0.637861
0.0623306
2.21371
0.0349431
0.0226974
0.0168207
0.0250752
0.0736224
0.00958909
0.0391272
0.0718966
0.371296
0.041663
0.0441219
0.0494683
0.0362057
0.0574249
0.34914
0.00818597
0.0162036
0.00936324
0.822594
0.0017283
0.00784328
0.00602026
0.0638245
0.0630162
0.0365292
0.0127609
0.00537947
0.0960447
0.918757
0.00810326
0.014464
0.0186476
0.473578
0.447934
0.00963134
0.04364
0.793829
0.0336192
3.19648
0.0320691
0.0272628
0.0250756
0.0363474
0.0354943
0.366053
0.0484017
0.0329165
0.0259251
0.0224284
0.0294497
0.0171099
0.793975
0.0376849
0.00457902
0.989046
0.00798935
0.0314262
0.0806282
0.00678792
0.00763664
0.0225896
0.0142695
0.0353242
0.0146472
0.0103735
0.0161873
0.0291797
0.0141506
0.681678
0.0127172
2.10606
0.0359367
0.016419
0.058784
0.76537
0.00933855
1.68445
0.128674
0.00367047
0.0112311
0.0363872
0.0908451
0.760803
0.0205545
0.031022
0.00928167
0.487269
0.0299551
0.0138391
0.0140252
0.297559
0.264998
0.0844299
0.0125275
0.0218992
1.15776
0.0106689
0.0167475
0.0163173
0.100442
0.0278756
0.0432028
0.0349901
0.0104207
0.0317242
0.00205774
0.0289448
0.0326636
0.138245
0.118148
0.00576484
0.0121906
0.0202606
0.0175564
0.027835
0.0544037
0.0156342
0.0506489
0.0168993
0.0340515
0.0390241
0.0104427
0.00367572
0.630359
0.0135419
0.749606
0.00301548
0.0123085
0.0141304
0.854367
0.0843244
0.585861
0.821758
0.0502262
0.0115064
0.0176602
0.011161
0.00665235
0.0266709
0.00859685
0.0181033
0.0266712
0.0111905
0.084224
0.594053
0.00910294
0.00847177
0.0110532
0.0108559
0.0149019
0.514304
0.0314527
0.0166146
0.0307555
0.0286442
0.0272198
0.0218604
0.0467801
0.0128013
0.00339571
0.0311804
0.0283921
0.0315346
0.0179966
0.00640251
0.0198308
0.0265946
0.0389147
0.00925668
0.0190199
0.0173666
3.08387
0.0663874
0.0678804
0.170932
2.14905
0.0519569
0.0257949
0.113313
0.0944335
0.00985755
0.0732434
0.00774566
0.0395977
0.360726
0.0289251
0.0372604
0.0170084
0.0415069
0.0515154
0.0496035
0.0954306
0.163405
0.0214758
0.251703
0.354637
0.114157
0.739844
0.423115
0.211047
0.0968523
0.0650635
0.856536
1.02155
0.193538
0.145357
1.09301
0.0541388
1.0412
0.0171914
0.0277824
0.0338597
0.113276
0.426006
0.0324479
0.801603
0.504249
0.103518
0.0125373
0.0193704
0.603863
0.324577
0.0842446
0.0576565
0.203531
0.0355736
0.0529796
0.0305876
2.32257
0.281016
0.0108128
0.0878388
0.0323695
0.814222
0.124576
0.726843
0.968147
0.0175084
0.00981832
0.0112276
0.0270462
0.740149
0.00710899
0.0718251
0.00981156
0.563367
0.00745268
0.0886576
0.0130372
0.0730382
1.02574
0.0715437
0.398929
0.0289878
0.0651536
0.050799
0.628746
0.289619
0.0106805
0.273627
0.896089
0.121866
0.73831
0.219658
0.053426
0.0364125
0.0888983
0.0253411
0.408726
0.049455
0.0792594
0.144077
0.42858
0.0166172
0.0198086
0.00859555
0.0500824
0.00886061
0.0313385
0.0894701
0.550451
0.83009
0.287228
0.514735
0.102936
0.261588
0.706972
0.00793693
0.00875296
0.0296357
0.679851
0.0115853
0.122471
0.0145571
0.057009
0.162859
0.77491
0.145384
0.112836
0.00323424
0.0195832
0.0813311
0.163753
1.30889
0.00733808
0.0515426
0.0157022
0.0278194
0.0985767
0.0940991
0.0400774
0.0466217
0.0245317
0.0169917
0.0565619
0.441602
0.0835281
0.100057
0.343495
0.119064
0.0316138
0.104857
0.0790848
0.0579381
0.331989
0.273777
0.0417509
0.528816
0.0436886
0.172184
0.967453
0.0159387
0.326026
0.432007
0.00476016
0.0217443
0.0160629
0.0176613
0.796329
0.0281527
0.0219315
0.0188692
0.222449
0.38911
0.136952
0.254543
0.851547
0.0822171
0.0194076
0.2035
1.20031
0.382101
0.526339
0.0742335
0.0102847
0.0359436
0.0215525
0.0389125
0.068998
0.167697
0.0208876
0.413371
0.50849
0.0910572
0.113045
0.289179
0.0846347
0.0509598
0.620292
0.0122932
0.44508
0.296222
0.615182
0.495828
0.348933
0.00836038
0.014601
0.0223747
0.00726436
0.0172435
0.0179133
0.734198
0.0420594
0.0546761
0.651736
0.0371939
0.0218454
0.00683919
0.00661593
0.264321
0.2622
0.0524031
0.510914
0.0697659
0.355769
0.154826
0.0085037
0.244536
0.89984
0.231481
0.00618499
0.0206819
0.0599206
0.0463273
0.0109765
0.0264366
0.895593
1.09255
2.57427
0.69978
0.0159494
0.00862838
0.0101937
0.0162556
0.0200285
0.00772967
0.0453452
0.121079
0.00745493
0.0197575
0.0150104
0.0471047
0.275615
0.113163
0.100659
0.133077
0.0161257
0.0336589
0.0180227
0.0149953
0.934919
0.00926787
0.461488
0.0178421
0.0119628
0.0138391
0.0535704
0.972595
0.0361015
0.182268
0.0118043
0.134424
0.078295
0.0286074
0.0782358
0.0283108
0.034466
0.0577751
0.0952603
0.10763
0.00947085
0.00525071
0.0471684
0.0959059
0.0402482
0.0173754
0.0399361
0.0201448
0.00809373
0.0209148
0.0999112
0.0251916
0.095794
0.0762317
0.0204091
0.023487
0.537533
0.0110637
0.0248474
0.0235491
0.00510038
0.0119134
1.11488
0.0621089
0.0628353
0.0161123
0.0290728
0.0262629
0.0296679
0.0289914
0.0170534
0.0245116
0.0225047
0.0120774
0.278075
0.845259
0.0273296
0.00841458
0.0514203
0.0414422
0.352533
0.202767
0.100643
0.590489
2.59423
0.290528
0.132779
0.540068
0.11363
0.888614
1.06489
0.0136217
0.739595
0.868402
0.137273
0.971089
0.0774757
0.365022
2.55855
0.0429052
0.0808768
0.0222388
0.87564
0.0120447
0.344282
0.012285
0.669442
0.38751
0.763686
0.00873147
0.587246
0.0322502
0.202464
1.12258
0.0313638
0.526073
0.294889
0.184016
0.875762
0.00470343
0.459462
0.020134
0.0200794
0.0184331
0.0218544
0.0276698
0.0314017
0.0285415
0.0509556
0.0102946
0.912575
0.0313282
0.0121993
0.0218146
0.014931
0.0112366
0.0140089
0.0202299
0.0110997
0.0487905
0.0926463
0.0694924
0.325612
1.48713
0.628374
0.210697
0.017547
0.866569
0.77235
0.908695
0.100887
0.0634943
0.0202697
0.309587
0.0108135
0.0217712
0.355447
0.0107175
0.0193337
0.0410604
0.0175317
0.0751839
0.0130588
0.360455
0.0550546
0.0119025
0.0183686
0.0743706
0.0551755
0.0499984
0.0196023
0.613037
0.0228707
0.0185474
0.00743887
0.0105056
0.104466
0.260895
0.0507841
0.037319
0.0780685
0.319635
0.308257
0.0995096
0.380819
0.359258
0.225573
0.239944
0.269586
0.10421
0.107923
0.695446
0.236135
0.66692
2.42919
0.023966
0.077079
1.46922
0.730925
0.370248
0.048914
0.0429726
0.12539
1.19774
0.260071
0.0087758
0.510191
0.277141
0.0428866
0.0212502
0.00807495
0.0129757
0.626264
0.00480639
0.0348589
0.0436339
0.852648
0.0138157
0.453883
0.787943
0.53083
0.0349856
0.00367627
0.0520656
0.0222415
0.0882401
0.839894
0.11754
0.4016
0.301194
0.403692
0.014033
0.0102678
0.0315398
0.0962373
0.229388
0.236756
0.0164103
0.0354526
0.0365857
0.0190598
0.608194
0.887166
0.0878262
0.017777
0.0258494
1.34907
0.0614213
0.931845
0.00496773
0.739444
1.01822
0.005655
0.0193393
0.0202161
0.0401186
0.0218615
0.0132553
0.00432758
0.0180575
0.510738
0.0764988
0.00617793
0.00358532
0.0258895
0.0104683
0.98387
0.015166
0.0186309
0.00318765
0.0460472
0.0514519
0.064387
0.0207029
0.00915762
0.174628
0.017622
0.151992
0.0119484
1.29676
0.0387369
0.387041
0.00787782
0.0220152
0.0426897
0.0722202
0.0193582
0.0109019
0.00707016
0.465738
0.121871
0.0197
0.66146
0.0194987
0.0369995
0.0517106
0.039528
0.0189649
0.479892
0.0237508
0.0113365
0.0126152
0.0418254
0.142529
0.0324844
0.0385332
1.61312
0.0267623
0.194701
0.00547925
0.112043
0.038824
0.0257945
0.10615
0.201579
0.0189542
0.0199264
0.0184951
0.00965284
0.663374
0.0426487
1.03148
0.679958
0.0157166
0.776102
0.145572
0.0565391
0.213774
0.0331999
0.0134923
0.011246
0.00650382
0.0204861
0.952571
0.0689461
0.285692
0.393134
1.17316
0.034812
0.102907
0.00710955
0.0235806
0.230843
0.00880927
1.83095
0.0131585
0.0235708
0.0165057
0.307426
0.0342793
0.0257785
0.0097291
0.0466095
0.0207177
0.0362803
0.0256283
0.0381064
0.241755
0.00953664
0.0205296
0.0289365
0.0260536
0.00744547
0.0329112
0.00798729
0.0123702
0.0247341
0.0348847
0.00882433
0.0179297
0.0198384
0.0320082
0.05468
0.0208161
0.00415087
0.0811213
0.352911
0.00619748
0.196527
0.028379
0.107468
0.0572887
0.240696
0.0975478
0.0174518
0.176263
0.0928903
0.0103027
0.0180313
0.091747
0.0529347
0.0778022
0.0379341
0.301
0.545249
0.392821
0.788938
0.205486
0.0209083
1.86691
0.0329122
0.0197285
0.0377169
0.0174118
0.0295475
0.294741
0.026876
0.0305933
0.894109
0.0218919
0.0190799
0.0769806
0.126436
0.0127653
0.391512
0.221495
0.509138
0.0320173
1.04437
0.661494
0.150839
0.299532
0.92017
0.0336108
0.878135
0.0656362
0.022759
0.00976368
1.19221
0.861427
0.157106
0.295311
0.37657
0.0159216
0.287432
0.779319
0.04436
0.775967
0.0406061
1.11619
0.0177486
0.0247269
1.23011
0.682055
0.869623
0.0172281
0.148705
0.516303
0.157856
0.191305
0.115945
0.15214
0.0881373
0.075288
0.156095
0.356975
0.0503421
0.0158694
0.165912
0.0851304
0.0232797
0.0464418
0.0407904
0.0404459
0.8598
0.126855
3.12167
0.036963
0.117755
0.0620508
1.31471
0.0705731
0.0201027
0.475736
0.0975055
0.0290421
0.243409
0.276473
0.0244215
0.060031
0.0351354
0.00965738
0.436095
0.182652
0.0249456
0.00544248
0.0144477
0.0906211
0.463116
0.893262
0.0169199
0.0395794
0.0853791
0.0395547
0.805342
0.157425
0.0204818
1.74053
1.83325
0.384863
0.0465102
0.00999834
0.271502
0.0284986
0.018182
0.0327259
0.0212449
0.0190846
0.0673709
0.116164
0.0108891
0.190538
0.014596
2.08736
0.00620315
0.0627195
0.0221561
0.0122481
0.020277
0.010291
0.165755
0.0159855
0.00189403
0.0414297
0.0221408
0.0844305
0.0185258
0.0447077
0.0179935
0.618923
0.0498536
0.014217
0.00499565
0.0143653
0.0379592
0.0237149
0.00946305
0.00476851
0.658966
0.0188231
0.0163528
0.0896856
0.0381744
0.0346987
0.104173
0.0200681
0.0493475
0.0493506
0.318831
0.0639386
0.0142387
0.0118801
0.892717
0.0487776
0.0713743
0.0138384
0.0941491
0.0298006
0.439677
0.0143941
0.0355784
0.146044
0.035297
0.0103192
0.0566704
0.520376
0.00687091
0.0300014
0.00923043
0.0235516
0.0233482
0.845403
0.0144614
0.0107513
0.444669
0.888032
0.0371556
0.00840872
0.0218562
0.00998409
0.440652
0.016174
0.0156838
0.688766
0.017157
0.431187
0.0370372
0.0320257
0.0109383
0.0817455
0.0068278
0.0213915
0.0242631
0.159253
0.742972
0.0146637
0.0431265
0.0142499
0.0183869
0.0154361
0.730174
0.0123341
0.0177618
0.0178535
0.0334348
0.1103
0.0630281
0.451178
0.022978
0.0747483
0.00421566
0.0173806
0.380974
0.0268359
0.259333
0.134181
0.0189195
0.526164
0.038173
0.111111
0.281629
0.0452236
0.0647141
0.0214927
0.00743643
0.332906
0.390814
0.0174126
0.0137086
0.621833
0.00738604
0.547864
0.016685
0.0159526
0.459244
0.0247827
0.0193627
0.0319995
0.186896
0.225981
0.0139087
0.0112471
0.0185482
0.0425797
0.0330187
0.0462459
0.329858
0.0443633
0.963584
0.0129556
0.0532501
0.0512575
0.198334
0.298729
0.0617195
0.302324
0.883016
0.138676
1.61178
0.0906206
0.430695
1.38385
0.502637
1.99181
0.458679
0.804283
1.26464
0.048114
0.805379
0.274313
2.87586
0.813221
0.208612
0.0606901
1.5745
0.30118
0.0331184
0.0133293
0.243996
0.539675
0.025999
0.0239205
0.410083
0.277203
0.0145675
0.575576
0.771251
0.0140937
0.0100926
0.0803863
0.0509793
0.111514
0.109063
0.0719238
0.0313862
0.121309
0.086091
0.0958988
0.0185187
1.56281
0.00453656
0.070055
1.47573
0.0630353
0.0677102
0.123913
0.0784328
0.0062294
0.157505
0.412005
0.414116
0.826308
0.0869162
0.0448803
0.0159172
0.0865563
0.168182
0.55594
1.51098
0.0455294
0.733963
0.124928
0.0280848
0.0156107
0.0734649
0.0742989
0.0257073
0.119635
0.0104213
1.07401
0.115064
0.964235
0.0935621
0.564032
0.0283615
0.0126979
0.00883489
0.0367607
0.290525
0.0273383
0.0943154
0.0633289
0.150879
0.0956104
0.0114072
0.140174
0.0557976
0.157099
0.09212
0.492695
0.00588667
0.0721803
0.121386
0.0135142
0.0217114
0.0114343
0.00874844
0.748866
0.542565
0.389134
0.0410283
0.515403
0.453701
0.452798
0.358368
0.0785703
0.644244
0.402234
0.035544
0.350632
0.102636
0.0264586
0.356828
0.0382325
0.00643199
0.671306
0.548518
0.0115509
0.0334931
0.0524673
0.0194369
2.81577
0.178596
0.622736
0.882119
0.0217651
0.020635
0.0276866
0.0640242
0.0807318
0.0294897
0.0396116
0.212791
0.0312783
0.015077
0.643137
0.0204423
0.00707193
0.618537
0.00914103
0.582368
0.0132306
0.0207364
0.0588973
0.0434732
0.018576
0.0350422
0.939913
0.0957772
0.0166184
0.0284582
0.00731112
0.0667071
0.00504052
0.0137507
0.0154459
0.00802416
0.743278
0.0678849
0.0204612
0.0340733
0.143476
0.00977528
0.00618266
0.668864
0.679516
0.0165941
0.013396
0.234072
0.0115405
0.00746423
0.628103
0.00995051
0.0273884
0.0113004
0.667946
0.0131544
0.779879
0.0218535
0.00934286
0.00633993
0.865956
0.0618532
0.0107237
0.0748531
0.0117613
0.0126822
0.0101181
0.0613064
0.320193
0.0893769
0.0116798
0.233484
0.223912
0.360978
0.335511
0.342082
0.0323167
0.254456
0.0455637
0.833976
0.124423
0.0171319
0.27482
1.0861
0.133539
1.05533
0.0416479
0.652687
1.25651
0.0408762
0.0199732
0.0365472
0.016726
0.024832
0.00563404
0.0176429
0.0329921
0.158789
0.00705007
0.308847
0.242337
0.00714799
0.0346907
0.106943
0.283312
0.195623
0.460178
0.140292
0.0118187
0.00667212
0.26957
0.108391
0.293977
0.30425
0.27896
0.70265
0.119069
0.0191688
0.649403
0.0104387
0.0991379
0.116419
0.762096
0.157326
0.507199
0.874813
0.14255
0.030597
0.0201596
0.0404754
0.0902316
0.0169564
0.0141374
0.0164344
0.0024941
0.0180376
0.0105819
0.0100926
0.0371273
0.0192354
0.0126493
0.00873961
0.0209152
0.0111596
0.0243343
0.0280089
0.00568578
0.0215365
0.0322925
0.0080021
0.0641972
0.0193178
0.00626803
0.00499594
0.0544016
2.0742
0.0160537
0.959346
0.016012
0.0320703
0.0140083
0.0317928
0.0584437
0.0732902
0.00599368
0.0656278
0.296215
0.0778526
0.0462733
0.116866
0.264084
0.149543
0.0178815
0.76638
0.00903411
0.214003
2.31417
0.0423314
0.0489068
0.0254614
0.0111516
0.0314578
0.966463
0.0118791
0.0185887
0.014921
0.0639169
0.013317
0.0605005
0.547112
0.813085
0.0280112
0.0843187
0.00596868
0.0179964
0.328442
0.0429953
0.765516
0.0854895
0.378571
0.150783
0.0803852
0.017642
0.171271
0.085978
0.00792887
1.07705
0.0543476
0.00172761
0.083542
0.0719326
0.0110653
0.0178125
3.17632
0.0189308
0.017839
0.0593429
0.079752
0.0420177
0.0339211
0.0399092
0.00644967
0.0376813
0.0269831
0.0526082
0.0111967
0.0120173
0.112298
0.038326
1.22694
0.0219356
0.461794
0.0385272
0.0239595
0.623162
0.0273907
0.0231542
0.0278053
0.689009
0.0364502
0.0404521
0.151041
0.382118
0.220988
0.860364
0.0629993
0.0145617
0.190642
0.0163894
0.147177
0.024716
0.00431501
0.0366481
0.204943
0.0135976
0.0654067
0.0125574
0.108375
0.163797
0.0135799
0.05961
0.129961
0.0384379
0.700495
1.08538
0.055703
0.0980495
0.0166674
0.0163506
0.00443959
0.00963722
0.0100449
0.360299
0.162537
0.506349
0.373872
0.00583906
0.017383
0.0289662
0.0471532
0.179069
0.759674
0.0318529
0.137324
0.0294631
0.07255
0.859514
0.84937
0.0219921
0.283717
0.0260229
0.406257
0.0061098
0.309734
0.0187221
0.913944
0.034954
0.625543
0.139028
0.685334
1.16873
0.302286
0.0483345
0.00258915
0.189719
0.02089
0.217001
0.504433
0.0261707
0.832573
0.586596
0.416659
0.222799
0.10291
0.0471292
0.0262189
0.360984
0.0208022
0.0646654
0.0406456
0.130055
0.0577939
0.0223422
0.322211
0.1472
0.0214851
0.0941671
0.193976
0.47378
0.601089
0.0445001
0.0248538
0.0174621
0.704552
0.00671621
0.0225061
0.150704
1.01984
0.0485482
0.131212
0.00994121
0.720294
0.133875
0.191196
0.0392924
0.650183
0.00940034
0.0118066
0.0184513
0.033977
0.0293053
0.0464096
0.00712918
0.0251358
0.0176592
0.0421104
0.038733
0.00368306
0.00799505
0.0227083
0.0352273
0.0217373
0.0279387
0.021282
0.0115395
0.0230086
0.00972378
0.0183341
0.0326133
0.0282657
0.0153448
0.0284482
0.0443159
0.139475
0.98575
0.022252
0.0273133
0.0916043
0.0210024
0.0170162
0.0127343
0.0384222
0.873968
0.0188705
0.0227947
0.137748
2.03896
0.0370759
0.157424
0.0440961
0.0361165
0.0690783
0.0311817
0.132473
0.036005
0.0105569
0.00477058
0.00758099
0.0370511
0.0126982
0.0159887
0.549408
0.811271
0.0126577
0.0592003
0.774685
0.0131414
0.0257703
0.00607288
0.0202379
0.0645215
0.199693
0.028499
0.977353
0.0854061
0.0192571
0.0437998
0.0407135
0.0144252
0.0131918
0.0389873
0.0357294
0.00492017
0.0257009
0.0279373
0.141976
0.0764058
0.0197285
0.0205941
0.150349
0.0084042
0.0124767
0.868428
0.0326074
0.0291491
0.00657254
0.0261003
0.0259998
0.800937
0.0168909
0.0121387
0.0252352
0.0151606
0.0158447
0.01592
0.0430057
0.0231864
0.00580923
1.20823
0.234014
0.0375808
0.0129464
0.0177401
0.0368685
0.246783
0.071009
0.0147698
0.0706646
0.0201534
0.0313414
0.019321
0.0718903
0.0156749
0.699247
0.0152565
0.0906446
0.0168183
0.625164
0.0532772
0.0198808
0.0137673
0.0169912
0.0340682
0.0208925
0.0103246
0.0165424
0.020087
0.140388
0.88911
0.0332719
0.148418
0.0284644
0.0513473
0.0157545
0.0831182
0.5714
0.00999358
0.0152951
0.0283792
0.033947
0.00562754
0.0110442
0.418375
0.98236
0.117975
0.00894501
0.0256202
0.520239
0.916855
0.0284017
0.0752936
0.0225265
0.298965
0.0967962
0.188698
0.218423
0.822149
0.0475273
0.00920824
0.0638491
0.0318321
0.185739
0.0197173
0.0221819
0.00886174
0.0453308
0.0538639
0.0592269
0.0351328
0.0719968
0.0845573
0.297226
0.0396537
0.11965
0.0163076
0.0250248
0.0126945
0.0104518
0.123163
0.487978
0.0194271
0.0231738
0.00950419
0.0302076
0.0297442
0.185874
0.122972
0.596745
0.93649
0.0247931
0.207124
0.654691
0.108271
0.0783185
0.03743
0.0674354
0.0213825
0.0168589
0.0233046
0.0124076
0.00310632
0.169983
0.0158784
0.0227767
0.30681
0.0255643
0.137987
0.013084
0.127779
0.00967055
0.00586131
0.0769732
0.693299
0.127411
0.154745
0.0113022
0.0315909
0.233767
0.03378
0.0484346
1.35914
0.0830425
0.242133
0.403548
0.560602
0.30379
0.103211
0.138681
0.00787752
0.189083
0.179648
0.218502
0.468305
0.093437
0.145858
0.356964
0.0446756
0.0233492
0.134329
0.234023
0.648838
0.064819
0.214799
0.00679391
0.80871
0.00811716
0.00242898
0.00665707
0.00551241
0.0161319
0.0201815
0.0195521
0.00987686
0.0139343
0.0143892
0.64966
0.00911929
0.472664
0.0143732
0.0216508
0.0272756
0.0341965
0.00943624
0.0417009
0.0147523
0.787487
0.00409765
0.0036226
0.0291728
0.026994
0.0473985
0.00878205
0.0454226
0.0296293
0.778809
0.093796
0.0175617
0.0168525
0.035555
0.927407
0.244295
0.109179
0.0118
0.0173829
0.0131123
0.0335425
0.231829
0.0304144
0.999456
0.0169991
0.0267061
0.0615694
0.0447877
0.139409
0.0636611
0.571391
2.74234
0.171438
0.0247255
0.164039
0.855356
0.0449917
0.00296129
0.389093
0.0254788
0.0128
0.0464682
0.0773917
0.0616719
0.0372556
0.399018
0.170638
0.155284
0.0504568
0.21045
0.0194718
0.00662052
0.49307
0.243342
0.00581539
0.412638
0.0123219
0.0299752
0.275011
0.010102
0.0166766
1.08952
3.24762
0.304373
1.58785
0.0628604
0.72554
0.00701898
0.0276377
1.57579
0.0139775
0.028447
0.0269416
0.0302454
0.0890805
0.0976299
0.0209324
0.0406675
0.184166
1.30241
0.0363932
0.104905
0.391816
0.101726
0.0185902
0.0143093
0.0158087
0.0227434
0.311141
0.0121267
0.128686
0.00986444
0.0240018
0.0575095
0.0089396
0.811615
0.0212551
0.00806854
0.00578603
0.571503
0.0661192
0.0124895
0.0343192
0.0177703
0.0582583
0.596637
0.00506035
0.449322
0.00950328
0.0189192
0.0408125
0.572468
0.134633
0.724276
0.365334
1.15369
0.642273
0.0356903
0.829602
0.0187313
0.035058
0.358684
0.0240347
0.00653417
0.617522
1.7531
0.0110669
0.0316827
0.0234056
0.0242379
0.0248901
0.0489606
0.0103457
0.0246861
0.0212825
0.320052
0.00920712
0.68849
0.247268
0.141075
0.336777
0.420184
0.0248346
0.0277531
0.0594445
0.0789319
0.147388
0.0391264
0.214943
0.261933
0.757876
0.0308603
0.0916098
0.61077
0.175199
0.428072
0.731255
0.0424309
0.127493
0.0125831
0.144304
0.0159144
0.210779
0.201354
0.119759
0.527269
0.471316
0.0820932
0.147846
0.234461
0.0239478
0.0240649
0.32325
0.10037
0.0318134
0.841999
0.0219712
0.644504
0.0173962
0.0336734
0.0183566
0.747303
0.441104
0.721035
0.893863
0.0232224
0.0234789
0.0182298
0.0147897
0.0249471
0.00979799
0.0119032
0.00982263
0.017733
0.00898577
0.0168269
0.0411006
0.266168
0.156539
0.602867
0.141786
0.0280974
0.678701
0.164289
0.692305
0.035426
0.0175347
0.0127413
0.270826
0.016312
0.32512
2.61652
0.0253384
0.0962755
0.0848063
0.103288
0.537384
1.1785
0.190994
0.00790494
0.062158
0.14982
0.311943
0.0114289
0.036016
0.64167
0.345783
0.0636373
0.0314858
0.00966582
0.248674
0.351627
0.119153
0.320793
0.445598
0.0200362
0.150184
0.1144
0.328994
0.391172
0.424728
1.23768
0.337927
0.0353103
0.102374
0.208063
0.0646847
0.0989841
0.0484668
0.0437634
0.74848
0.369541
0.332758
0.169079
0.10346
0.600021
0.340045
0.189431
0.14065
0.412151
0.195688
1.2698
0.0853151
0.0731272
0.272566
0.094455
0.177376
0.658195
0.318246
0.213633
0.0109507
0.0370467
0.196802
0.135886
0.146012
0.477214
0.561309
0.0231977
0.00290312
0.0686617
1.19391
0.720738
0.00641912
0.806358
1.68055
0.166756
2.08244
0.010045
0.685231
0.0300622
0.0216496
0.73228
0.0302789
0.0577413
0.0219043
0.116099
0.00696872
0.0233256
0.0151869
0.0181369
0.00749228
0.74476
0.0212421
0.00609483
0.0204832
0.181382
0.907965
0.0195802
0.0497895
0.332849
0.0452068
0.0214498
0.0144169
0.0211101
0.0233226
0.0135253
0.821818
0.690699
0.00402323
0.0197301
0.651611
0.0137677
0.035929
0.00668322
0.00735099
0.00750674
0.0243648
0.00508592
0.0128573
0.755365
0.0426009
0.708535
0.0078965
0.0235489
0.0490852
0.110924
0.0460611
0.0159111
0.210294
0.142325
0.0116226
0.0214424
0.0756532
0.0239106
0.0191846
0.0256999
0.0563418
0.0377577
1.11687
0.647529
0.027604
0.0107982
0.599868
0.0405586
0.461465
0.0655875
0.0088425
0.0638397
0.0367958
0.0263464
0.226969
0.00166333
0.0112997
1.28054
0.0151748
0.107328
0.458221
0.139691
0.0295147
0.0334892
0.105337
0.0482467
0.0330665
0.00571091
0.0863175
0.135568
0.0732179
0.102511
0.0222331
1.45724
0.00807427
0.341878
0.0146979
0.00976246
0.0522455
0.0145014
0.0335949
0.0290492
0.883495
0.0172395
0.0149197
0.168191
0.0146418
0.0147821
0.141949
0.634972
0.0220121
0.00378463
0.0169703
0.0505511
1.7982
0.00816906
0.0196522
0.0298634
1.28608
0.0131745
0.030416
0.0346977
0.0283702
0.0151159
0.0102864
0.0138976
0.0262496
0.0171618
0.14433
0.0111748
1.61793
0.00982865
0.0545079
0.00494354
0.00879323
0.040176
0.0209046
0.0369554
2.56508
0.0221178
0.0093817
0.0192681
0.0158987
0.698169
0.0181922
0.00908309
0.100404
0.811744
0.141361
0.372664
0.549207
0.170878
0.0266802
0.041774
0.00860618
0.00905279
0.0233044
0.00634168
0.0113352
0.381005
0.298172
0.0535945
0.0413548
0.0404382
3.15045
0.520711
0.0754814
0.0936678
0.302265
1.30055
0.0923753
0.0678145
0.070665
0.265364
0.0222048
0.0219959
0.0205571
0.0193218
0.0110388
2.03212
0.0339807
0.0220493
2.21066
0.0152222
0.0377642
0.0231958
0.00853344
0.0993604
0.0219195
0.0442572
0.0164724
0.461376
0.515705
0.340972
0.030043
0.29279
0.160237
0.120964
0.820202
0.0226642
0.0134761
0.0251091
0.0141618
0.0854999
0.0285574
0.104823
0.568778
0.507563
1.72519
0.0515097
0.622505
0.0368108
0.023958
0.0376852
0.0847123
0.155992
1.04484
0.249394
0.469817
0.12544
0.609563
0.315676
0.360768
0.0851714
0.0307276
0.0202695
0.022294
0.297501
1.33415
0.536849
0.452569
0.256057
0.0756544
0.0187689
0.0163778
0.298497
0.213949
0.170822
0.710069
0.768906
0.181953
0.403952
0.0904024
0.217756
0.0104591
0.501804
0.159956
0.0205922
0.459422
0.0141014
2.04714
2.50913
0.00732816
1.57915
0.737266
0.00406614
0.00575466
1.37919
0.0188311
0.587211
0.0262695
0.0558156
0.0223279
0.0416535
0.0118611
0.652892
0.0400699
0.0677201
0.00975536
0.0226472
0.0156542
0.00790615
0.0477395
0.0533098
0.0159157
0.0448112
0.0591251
0.027344
0.0431807
0.0148525
0.010406
0.0018196
0.0197783
0.0355836
0.0195501
0.0337134
0.0440515
0.0218296
0.068529
0.0804438
0.0204595
0.0149414
0.00520415
0.616853
0.0275306
0.0202118
0.0219168
0.0182374
0.0174173
0.0275715
0.022315
0.0514725
0.0158417
0.0285612
0.728465
0.0404758
0.00361569
0.179477
0.0142942
0.0600933
0.0187977
0.0170359
0.273438
0.0208493
0.0674405
0.028156
0.0140102
0.149853
0.231432
0.16131
0.0922423
0.065299
0.0209636
0.144047
0.837165
0.011297
0.347127
0.0918188
0.399752
0.14468
0.0298611
0.00658814
0.00306047
0.242809
0.0242134
0.0263799
0.0321459
0.911148
0.0126076
0.343483
0.00943997
0.128366
0.0169428
0.114063
0.109248
0.0204384
0.0112004
0.00504806
0.0206219
0.0103217
0.027523
0.999614
1.01603
0.0771096
0.0148626
0.0165727
0.023687
0.0471905
0.755454
0.0115454
0.524139
0.0576392
0.0130013
0.0204587
0.207607
0.0135045
0.34898
0.0354903
0.720672
0.00497362
0.0396706
0.0305561
0.0327179
0.0342147
0.01228
0.0187215
0.076978
0.0127539
0.00892651
1.9166
0.0657241
0.0151088
0.0195102
0.112378
0.0463418
0.0560777
0.00980867
0.0113685
0.0216268
0.00740497
0.0164535
0.0271849
0.0256057
0.0335348
0.0246753
0.0208004
0.375356
0.0507607
0.126838
0.0461322
0.273937
0.39032
0.0246228
0.0677895
0.297653
0.00752338
0.133983
0.288041
0.350602
0.182393
0.0641359
0.603771
0.06715
0.12854
0.187619
0.500774
0.0441983
0.249311
0.0354552
0.655895
0.146399
0.433153
0.0410735
0.0571767
0.0852092
0.0350084
0.332542
0.245312
0.132344
0.37583
1.4309
0.964835
0.0274556
0.0233919
0.0287337
0.02186
0.0242776
0.0192313
0.0235233
0.797511
0.0141962
0.0332077
0.157799
0.108313
0.237709
0.0477625
0.585842
0.149633
0.18418
0.0780172
1.00129
0.116818
0.0772221
0.142034
0.399269
0.0240002
0.0322552
0.0329708
0.0114741
0.00981248
0.0678779
0.217678
0.891444
0.184415
0.12983
0.0173828
0.0239877
0.0216377
0.165352
0.544621
0.0687778
0.0524226
0.331991
0.441974
0.0623807
0.154382
0.337931
0.0502535
0.0781837
0.157921
0.280078
0.225088
5.63633
0.017903
0.313801
0.306614
0.054306
0.333746
0.0247232
0.177275
0.0161308
0.0514697
0.580287
0.527923
0.078824
0.181934
0.195857
0.0780996
0.0373222
0.917495
1.48544
0.004215
0.012447
0.0151826
0.033235
0.018873
0.0126304
0.0120109
0.00349672
1.4031
1.32001
0.0451019
0.0147578
0.0141857
0.0536477
0.0414073
0.00515284
0.0190161
1.23481
0.0121727
0.0352349
0.0300346
0.129417
0.104454
0.0111559
0.0351869
0.0202384
0.720414
0.0200533
0.00725535
0.0799059
0.0189845
0.0379942
0.646221
0.0141185
0.96997
0.18533
0.0143068
0.285593
0.0500234
0.0300034
0.0167273
0.0272229
0.0451824
0.0118587
0.0195458
0.0149768
0.0135897
0.589658
0.0729302
0.00878226
0.0446114
0.0478945
1.30642
0.00370709
0.0139448
0.00598703
0.076372
0.0160482
0.0463511
0.125097
0.0181688
0.00881491
0.0170665
0.813558
0.462714
0.0105824
0.0134068
0.702243
0.816402
0.586153
0.0306345
0.0100885
0.029334
0.0722449
1.56579
0.0147904
0.0225384
0.00918635
0.0363039
0.035307
0.0188993
0.0160583
0.0144999
0.017813
0.867883
0.0153178
0.0183873
0.744614
0.00635583
0.0164525
0.019466
0.00709877
0.00700205
0.00535024
0.0110699
0.00906465
0.0106841
0.0107192
0.0188968
0.00579439
0.0153979
0.00974373
0.00693897
2.04177
0.0127562
0.0701899
0.0154598
0.00817998
0.00620505
0.21245
0.467788
0.565353
0.0161006
0.0441701
0.117614
0.0122701
0.485081
0.0107872
0.0146971
0.0383488
0.01164
0.0202532
0.0172233
0.0792479
0.0303157
0.732709
0.0207011
0.0077736
0.770842
0.0364076
0.0801053
0.0864187
1.26895
0.0665823
0.0176724
0.0189702
0.0368995
0.0243342
0.0440266
0.638813
1.0493
0.0676039
0.0172829
0.569408
0.0143713
0.0208545
0.0208128
0.0520568
0.748522
0.0516321
0.0799237
0.00720991
0.199747
0.25418
0.118882
0.159942
0.610552
0.0296163
0.0479828
0.290103
0.142109
0.436493
0.113139
0.205428
0.136226
0.187803
0.0332379
0.430208
0.564254
1.06867
0.114164
0.410893
0.0528561
0.0336429
0.148694
0.0220393
0.762303
0.252307
0.0147719
0.163207
0.0764395
0.0487349
0.0306542
0.0288615
0.0103423
0.0085375
0.00836562
0.0107278
0.0317406
0.0117401
1.20533
0.0197453
0.00954282
0.0246032
0.0172793
0.278045
0.0109358
0.0204507
0.0244637
0.975258
0.0316033
0.0109959
0.0201969
0.530975
0.0105621
0.0476262
0.0127163
0.00842283
0.0197434
0.722128
0.0183223
0.0796539
0.0118262
0.678379
0.0764218
0.0190978
0.0243586
0.0146135
0.00983898
0.0168819
0.0131775
0.0353762
0.0289908
0.761448
0.00656474
0.643676
0.0226523
1.15676
0.485045
0.0396521
0.0127411
0.0065169
2.53463
0.0526239
0.0285138
0.189565
0.709133
0.0108778
0.953034
0.169985
0.162212
0.0861759
0.141179
0.500671
0.834865
0.405707
0.00735918
0.00933217
0.0504837
0.00999507
0.0356477
0.166247
0.0344095
0.0255892
0.0148444
0.0374618
0.0310351
0.0166428
0.133804
0.337641
0.030978
0.0257042
0.0819617
0.0220621
0.0567652
0.275438
0.0234652
0.0128545
1.11629
0.0142099
0.0148702
0.0127689
0.0155701
0.00902806
0.0351054
0.0154655
0.0363347
0.0582813
0.0170594
0.0161107
0.282882
0.0273403
0.0159218
0.00636102
0.0158909
0.0117009
1.35774
0.671352
0.0523544
1.35342
0.0147236
0.0596427
0.201572
0.036132
0.0146592
0.0163323
0.0137555
2.08614
0.0214928
0.0285219
0.00847062
0.0407522
0.0605526
0.021345
0.079401
0.00988412
0.0115176
0.048766
0.0360469
0.0272165
0.703717
0.0148077
0.0224229
0.0177802
0.0382392
0.0207945
0.0285285
0.0282052
0.00701646
0.019708
0.0200893
0.012743
0.0212774
0.0107611
0.0114961
0.00681248
0.0354173
0.0309362
0.0151274
0.0113054
0.037679
0.50489
0.0404587
0.0361814
0.705179
0.0162652
0.669867
0.0264919
0.0184864
0.00434381
0.149565
0.314938
0.0608317
0.575287
0.102058
0.0949356
0.0367031
0.0242794
0.844228
0.853664
0.0258279
0.308101
0.0205673
0.0632289
0.019737
0.00721172
0.0578651
0.0268521
0.0106308
0.0629163
0.0276767
0.00936849
0.0386514
0.0377925
0.0170942
0.00763559
0.0371249
0.875249
0.644387
0.0129613
0.0219811
0.837056
0.884426
0.00725534
1.65399
0.045889
0.00954835
0.0131503
0.0337742
0.0150974
0.0106536
0.0130914
0.0220176
0.0131285
0.0213899
0.0310254
0.121975
0.020276
0.0207668
0.0124908
0.0253184
0.0135173
0.00819702
0.25147
0.00967238
0.026177
0.0538654
0.00671972
0.00861113
0.00619519
0.337781
0.0198
0.768946
0.0289686
0.0954024
0.0594883
0.634656
0.0214119
0.0145767
0.982767
0.603041
0.020992
0.0356981
0.00502781
0.010679
0.0122957
0.587227
0.00402369
0.00642534
0.0408749
0.883303
0.0116636
0.0219552
0.0115072
0.00332344
0.0308878
1.12034
0.0226995
0.02156
0.0738362
1.40903
0.0211889
0.496782
0.0580588
0.083504
0.0525399
0.0804301
0.0108064
0.0283902
0.00948792
0.677397
0.0185523
0.478024
0.0353354
0.167297
0.0152203
0.0286925
0.0318945
0.031009
0.0123263
0.0411689
0.0260457
0.0310469
0.009825
0.508612
0.0199577
0.879087
0.591382
0.0331539
0.0134714
0.0136499
0.0224311
0.00409285
0.0320679
0.0329246
0.0189071
0.0148095
0.00622289
0.0192334
0.0118126
0.5231
0.014376
0.0211449
0.0380682
0.495539
0.105663
0.036086
0.0381166
0.0097299
0.00510742
0.00830918
0.0409817
0.0167966
0.721954
1.15725
1.49105
0.0164565
0.217955
0.0278709
0.621911
0.0361709
0.945737
0.0107486
0.0255192
0.00419045
0.0247317
0.186528
0.376584
0.00613853
0.0347661
0.00231089
0.0205201
0.0147126
0.345386
0.00881089
0.0234252
0.0119384
0.0689002
0.00887735
0.0114862
0.0237884
0.00846183
0.0143858
0.0160501
0.0600653
0.00990661
0.0625807
0.0600447
0.0228592
0.010182
0.0229015
0.027585
0.0283512
0.0774218
0.0254202
0.0301663
0.002409
0.0110078
0.0100604
0.0147366
0.103415
0.154717
0.388371
0.133245
0.0338358
1.68929
0.689022
0.0234424
0.0538062
1.05601
0.00919653
0.0261869
0.0256874
0.306217
0.00463779
0.0264105
0.0146003
0.0388994
0.931636
0.0250522
0.0174029
0.807509
0.00724231
0.331107
0.685184
0.0298468
0.0358559
0.0368732
0.485573
0.0362079
0.0127092
0.0506748
0.0616824
1.12655
0.0107124
0.0157965
0.00509268
0.146598
0.0142097
0.0293526
0.013301
0.0115354
0.0717565
0.461492
0.0611208
0.0072931
0.0167088
0.0539325
0.0339595
0.00652621
0.0130577
0.0141414
0.0536928
0.0239865
0.0113475
0.0186283
0.0478109
0.900444
0.0218063
0.0440994
1.42976
0.764312
0.00946609
0.0347393
0.2561
0.226375
0.103453
0.02544
0.00654503
1.46324
0.00446676
0.0193677
1.089
0.0113555
0.441092
0.0121838
0.0161191
0.0175995
0.156347
0.461611
0.00944262
0.00680387
0.0199673
0.0306379
0.00478514
0.00952422
0.0212265
0.00527465
0.0264797
0.0196811
0.262602
0.371821
0.0123245
0.0128928
0.0117596
0.0411004
0.00807582
0.516522
0.00511808
0.023187
0.0379558
0.0438429
0.00942043
0.0161815
0.0318021
0.0223565
0.0102037
0.0325613
0.620263
0.0163609
0.026521
0.0176457
0.0225818
0.00860603
0.0275724
0.0290709
0.0218057
0.0157507
0.0222377
0.0114875
0.026039
0.0112039
0.0217659
0.0250573
0.00945441
0.0191577
0.0104584
0.761742
1.20736
0.0369276
0.0211427
0.00649075
0.0115283
0.033869
0.010593
0.0191798
0.0103132
0.711152
0.182912
0.0287204
0.065022
0.0180051
0.0262735
0.796336
0.00794852
1.33603
0.015944
0.0402148
0.012067
0.0420766
0.0286327
0.113175
1.03459
0.359992
0.0598104
0.566708
0.0133741
0.198238
0.012377
0.0584943
0.0505034
0.0276398
0.00668506
0.084589
0.0179352
0.0333049
0.582079
0.351241
0.0396369
0.130218
0.0454356
0.135022
0.0214513
0.112579
0.45614
0.0842574
0.267956
0.0188185
0.199966
1.82116
0.00802914
0.0100247
0.0327708
0.0217507
0.0572746
0.0515762
0.0258947
0.025379
0.436065
0.0212646
0.123447
0.00258206
0.0484303
0.015801
0.0265376
0.031992
0.0120677
0.0157007
0.0105119
0.0244217
0.0541526
0.20866
0.00824254
0.329618
0.0209025
0.803973
0.0191528
0.0182319
0.531088
0.130285
0.00905313
0.00357868
0.0184898
0.0405552
0.00653528
0.0405091
0.0045114
0.876521
0.0365167
0.00377672
0.12397
0.856879
0.86399
0.460198
0.0256826
0.898034
0.84345
0.0672423
0.108353
0.00681138
0.0088306
0.156043
0.225752
0.124173
0.0734724
0.120047
0.301589
0.416734
0.16327
0.037245
0.190242
0.0787537
0.116078
0.208297
0.363486
0.0273283
0.0093728
0.0221845
0.0419726
0.189225
0.0364343
0.0531691
1.86325
0.0103368
0.0137675
0.474444
0.0754127
0.0908968
0.806093
0.714006
0.0024981
0.0248596
0.011307
0.0239101
0.0151317
0.00954223
0.00763657
0.0146663
0.88836
0.0097539
0.0227463
0.016004
0.0180475
0.0168448
0.0993985
0.0176241
0.00403786
0.00750243
0.0045903
0.256017
0.0809501
0.0433016
0.00716927
0.136323
0.102898
0.0157489
0.0121263
0.010383
0.0172993
0.0287001
0.0156521
0.0162238
0.00338181
0.194726
0.202842
0.018044
0.240636
0.795988
0.224409
0.0465826
0.0767675
0.143598
0.0559389
0.493487
0.00948871
0.00914157
0.203196
0.697789
0.375226
0.261503
0.195255
0.175759
0.240799
0.0174609
0.0143361
0.318022
0.440937
0.230587
0.0433181
0.0649017
0.0864251
0.0556646
0.280253
0.404165
0.173679
0.0433975
0.157734
0.0791148
0.334663
0.183621
0.523369
0.660267
0.93302
0.627675
0.179631
0.00778907
0.0415397
0.188005
0.0200463
0.0216868
0.0375238
0.0283488
0.0445768
0.058249
0.0980857
0.00770701
0.0299689
0.146351
0.0453604
0.0331886
0.135316
0.250851
0.0189975
0.0407067
0.0244948
0.0590123
0.0502368
0.0174237
0.0203874
0.180845
0.0238114
0.068626
0.0513667
0.0658875
0.0313641
0.0284693
0.0393574
0.0465365
0.0189871
0.0398545
0.0585427
0.05269
0.0358011
0.028328
0.659139
0.035083
0.016442
0.227647
0.0125912
0.0339699
0.0371969
0.0236058
0.0454988
0.739227
0.0309716
1.51161
0.161355
0.0211136
0.695836
1.44234
0.0186002
0.0226467
0.0422529
0.0389945
0.0288039
0.0197319
0.0208924
0.0178177
0.0168927
0.0322283
0.00971567
0.0361856
0.0116002
0.0121607
0.0337776
0.262329
0.00521274
0.00961705
0.00553992
0.0248766
0.817707
0.0303725
0.0216579
0.0122297
0.0148816
0.0224079
0.0174112
0.0306824
0.0140052
0.840823
0.00789253
0.00565355
0.0151274
0.0409307
0.0422047
0.158313
0.133046
0.0071101
0.0237017
0.0368451
0.0156013
0.868169
0.0227511
0.0235703
0.0253569
0.0218299
0.0445557
0.0203498
0.0163727
0.020671
0.84467
0.0105587
0.00644121
0.014861
0.0233873
0.679719
0.524328
0.0217379
2.07744
0.0142571
0.0198633
0.00767424
0.0236655
0.00936197
0.0455886
0.0560199
0.00326679
0.0218682
0.00869308
0.0072573
0.667126
0.0293745
0.0127336
0.0638281
0.050347
0.234279
0.0191615
0.266046
0.0168521
0.0798198
1.41203
0.0207239
0.089982
0.00738825
0.00991007
0.0352013
0.917737
0.343981
0.0182352
0.058722
0.00587156
0.00374937
0.0285765
0.393952
0.365876
0.0924208
0.0665669
0.0115564
0.0205754
0.0315491
0.0123449
0.0143295
0.0105448
0.839354
0.631855
0.0372052
0.0305025
0.00910266
0.0484272
0.008498
0.0338148
0.0146578
0.013911
0.027466
0.0221208
0.00793411
0.235651
0.771695
0.0498439
1.07274
0.00522809
0.100203
0.0142959
0.226499
0.0176003
0.52184
1.02196
0.762023
0.126719
0.0148153
0.777194
0.00785404
0.727529
0.0281445
0.0543232
0.038251
0.0405359
0.896432
0.721045
0.035753
0.136522
0.264998
0.00881666
0.0493804
0.0687482
0.899048
1.45455
0.241605
0.0116514
0.802039
0.639886
0.00587276
0.0134629
0.0386054
0.44762
1.06087
0.0225501
1.08914
0.0707904
0.0113333
0.0113808
0.0215837
0.014444
0.557274
0.0142908
0.0193891
0.678302
0.00825455
0.0207105
2.09878
0.0235701
0.011087
1.34651
0.0103293
0.0203986
0.0201692
1.08505
0.0451185
0.242201
0.0176122
0.0104437
0.00715292
0.0107872
0.546873
0.31906
0.0357518
0.0118209
0.0521441
0.00524918
0.0123512
0.293597
0.0154729
0.0664289
0.0947786
0.0213663
0.028626
0.704853
0.775631
0.0252332
0.228256
0.0227078
0.0437208
0.823991
0.0462115
0.0172158
0.00545425
0.00535131
0.00680682
0.00778747
0.0618498
0.145
0.952384
0.0295967
0.00563982
0.267997
0.0152103
0.117462
0.0536325
0.0630445
0.0909615
0.00609708
0.0186388
0.0206731
0.0299951
0.0362288
0.740359
0.0131727
0.00530265
0.00991985
0.0253832
0.0532172
0.0365171
0.0281314
0.241406
0.182614
0.0145315
0.0279838
0.0392884
0.0186597
0.674031
0.0149505
0.666428
0.0900356
0.0167044
0.00401324
0.0471021
0.742857
0.891023
0.105972
0.0120347
0.0777144
0.0289359
0.0366735
0.0295556
0.734873
0.0162656
0.0151388
1.06947
0.178175
0.0100255
0.0384268
0.0271429
0.00440666
1.0239
0.0210367
0.00871687
0.0523279
0.00123221
0.008496
0.895548
1.5834
0.0283799
0.0148562
0.0151107
0.0290201
0.0294718
0.0238418
0.6396
0.65479
0.372692
0.297027
0.556599
0.287449
0.218296
0.488383
0.0173379
0.107604
0.429944
0.240927
0.0512586
0.0169909
0.0110158
0.0214372
0.00326179
0.0385086
0.113166
0.0165028
0.659104
1.79503
0.00664292
0.692681
0.0546335
0.0172073
0.103327
0.0326582
0.130071
0.340509
0.356934
0.360008
0.10309
0.24151
0.115317
0.739522
0.658174
0.0311919
0.121997
0.23322
0.0499554
0.237576
0.0159124
0.0304961
0.611537
0.0100847
0.391463
0.0140413
0.0112829
0.0385492
0.0150583
0.0296106
0.00663606
0.0248677
0.0145763
0.0108903
0.835982
0.230862
0.0945305
0.00634134
1.43138
0.0276568
1.32356
0.0106104
0.00661276
0.0154845
0.0151896
0.0230835
0.037524
0.0328216
0.532553
0.888829
0.0136925
0.617279
0.0309748
0.0353013
0.474886
0.0107046
1.2014
0.0491458
0.107602
0.0261057
0.00832819
0.0104189
0.164034
0.0327027
0.0738199
0.26159
0.00878078
0.098671
0.025023
0.0506886
0.779522
0.0223752
0.0162368
0.00784798
0.0323676
0.0160181
0.313892
0.723342
0.181683
0.253662
0.125174
0.363785
0.384312
0.00901568
0.0180948
0.197159
0.0377624
0.0408301
0.0228141
0.131565
0.0267922
0.0243536
0.0213571
0.0967602
0.460613
0.0104333
0.24203
0.588495
0.341672
0.0201014
0.0818465
0.0151731
0.0316509
0.0371158
0.0932839
0.119037
0.213375
0.0209772
0.431707
0.148132
0.273817
0.0211594
0.326592
0.651562
0.184337
0.00794403
0.0145319
0.00582994
0.00265104
0.658562
0.0162063
0.0240581
0.0147493
0.0286904
0.0202111
0.0133723
0.0307053
0.0179328
0.606511
0.310603
0.0222816
0.191778
0.160578
0.195405
0.0656336
0.0234102
0.0254261
0.018199
0.0260624
0.0223772
0.00882163
0.0275349
0.43347
0.685027
0.0161077
0.0232279
0.0106239
0.0131676
0.0022304
0.013974
0.00813546
0.0602863
0.0155374
0.545895
0.00859138
0.0186769
0.0127316
0.0178892
0.408124
0.376454
0.682981
0.00334678
0.29566
0.25202
0.00930348
0.318596
0.682804
0.0266282
0.0404576
0.045681
0.0134283
0.0381141
0.123396
0.0407092
0.0643995
0.0194594
1.92674
0.0230891
0.0267903
0.0110486
0.178248
0.257972
0.224975
0.040144
0.0475906
0.0254235
0.00568444
0.192114
0.00865366
1.53311
0.830629
0.0262673
0.247778
0.0236426
0.0912813
0.0109822
0.749389
0.0197609
0.130999
0.613131
0.100072
0.183768
0.762166
0.447283
0.247682
0.611735
0.696335
0.732622
0.0211067
0.0402805
0.146076
0.141474
0.033019
0.0120026
0.755416
0.0312734
0.0410694
0.0231246
0.019527
0.0905144
0.325331
0.157931
0.500684
0.0499342
0.117703
0.0140009
0.304423
0.172142
0.716051
0.135969
0.293052
0.109363
0.255011
0.0479502
0.19023
0.23802
0.592164
0.046049
0.048737
0.0439636
0.140938
0.713899
0.294993
0.760384
0.190234
0.22971
0.203325
0.119664
0.841215
0.1872
0.0405563
0.0389629
0.245935
0.035536
0.645667
0.0389574
0.954093
0.0567993
1.21022
0.0147492
0.0172387
0.773149
1.11586
0.0292053
0.0456665
0.670947
0.209784
0.0205934
0.0207681
0.015197
0.0159525
0.0302912
0.909621
0.0243505
0.0152844
0.0181319
0.0635799
0.275952
0.0875533
0.012778
0.0252163
0.00750971
0.0204065
0.0106034
0.0300739
0.598301
0.348063
0.223531
0.019589
0.0487997
0.0346273
0.0337902
0.36133
0.0334249
0.0164223
0.0327095
0.0286606
0.153457
0.0443082
0.213968
0.0497359
0.755169
0.264252
0.027237
0.0764117
0.036075
0.0675001
0.112475
0.173017
0.00897005
0.0570165
0.0177792
0.177896
0.308841
0.303115
0.286644
0.0801328
0.0328529
0.725166
0.0104908
0.0580938
0.0183724
0.895032
0.0227467
0.103656
0.0219422
0.0302003
0.77776
0.00465809
0.0135898
0.0811212
0.0322427
0.329694
0.211131
0.0135361
0.0210957
0.0246901
0.0229466
0.0167421
0.0159516
0.00452031
0.00543984
0.0118712
0.0170588
0.743572
0.00671016
1.29209
0.0118838
0.0199462
0.0205619
0.112378
0.0172444
0.964418
0.639188
0.0337775
0.296286
0.0142059
0.0171483
0.0158741
0.0367507
0.0197943
0.00901911
0.0106993
0.058274
0.4834
0.184511
0.0132913
0.0133051
0.464246
0.0191662
0.704561
0.0106151
0.0285349
0.0647748
0.0093408
0.15326
0.0132456
0.0527872
0.027563
0.285849
0.863656
0.0117261
0.0250423
0.732201
1.12825
0.0216178
0.0748217
0.660666
0.214933
0.0157189
0.164639
0.00702587
0.00941214
0.0332617
0.0995022
0.547125
0.0108349
0.00811743
0.0129327
0.761463
0.00961887
0.0126715
0.0134898
0.0560448
0.0337768
0.675922
0.733804
0.0195788
0.0396023
0.0525451
0.0766836
0.727688
0.00429503
0.621273
0.00542958
0.840428
0.0112171
0.723223
0.260841
0.131574
0.0189804
0.589591
0.569622
0.25444
0.223132
0.442879
0.060789
0.465939
0.0892437
0.0503444
0.00729915
0.209139
0.0130849
0.0340987
0.0187248
0.00806303
0.0337994
0.499227
0.0342965
0.0171963
0.00489099
0.0121474
0.0106528
0.00554144
0.0335187
0.16006
0.14798
0.186008
0.0547931
0.439004
0.363175
0.287862
0.257077
0.130935
0.00729045
0.0554167
0.708732
0.0120592
0.0699544
0.591426
0.0108602
0.0104783
0.919692
0.0444855
0.0377373
0.0891291
0.178054
0.0305524
0.0181936
0.0192439
0.0107897
0.0908398
0.0542414
0.0186848
0.0109595
0.0395514
0.0274876
0.0215701
0.00486384
0.0393916
0.0118465
0.0336529
0.016301
0.680866
0.0414652
0.0152522
0.0104757
0.037837
0.036605
0.0177992
0.0590207
0.00937457
0.00975297
0.00865973
0.011367
0.0167059
0.026818
0.00921097
0.0301903
0.0131059
0.00708711
0.853344
0.0121735
0.0147027
0.773327
0.987008
0.0227595
0.0344511
0.0300227
0.0223805
0.072675
0.0181466
0.021039
1.35312
0.0210052
0.0389842
0.0273494
0.396975
0.0163135
0.0378275
0.00421127
0.0219011
0.0430394
0.792332
0.0188208
0.0138769
0.0212201
0.0272212
0.0266709
0.0103365
0.0445847
0.0250761
0.0341803
0.0421139
0.00798416
0.0180205
0.0164698
0.0532136
0.0208972
0.0100058
0.0113002
0.0151149
0.0128575
0.0488988
0.0185963
0.652829
0.40136
0.00979178
0.0149978
0.604743
0.0135592
0.0217515
0.0212634
0.0188885
0.017712
0.0116285
0.0322145
0.00678662
0.0155773
0.474173
0.00303664
0.00885073
0.00804379
0.0548593
0.0216398
0.702048
0.0179986
0.00772035
0.0165692
0.264026
0.0462674
0.0206751
0.0145469
0.0326904
0.00673636
0.0120719
0.00844509
0.278411
0.0392191
0.0113638
1.05247
0.0175163
0.249193
0.121685
0.0823265
0.0600085
0.0160716
0.579026
0.0230028
0.800247
0.935833
2.37581
0.267184
0.289889
0.00232969
0.442014
0.616779
0.036992
0.0159503
0.0172355
0.00758479
0.00939872
0.0441151
0.0489171
0.772092
0.466236
0.0529195
0.0772289
0.0737651
0.0156782
0.00716057
0.00632472
0.0629722
0.0255402
0.0283191
0.501249
1.72126
0.0233882
0.0113682
0.617062
0.0920078
0.0242195
0.00841759
0.0145715
0.0430619
0.226183
0.00546865
0.0271061
1.93919
0.0138745
0.0209853
0.0242955
2.49105
0.790946
0.0194552
0.0232986
0.118224
2.65847
0.00461127
0.012323
0.555659
0.0554645
0.0466946
0.00854133
0.0378945
0.345524
0.468231
2.49327
0.0582925
0.102579
0.273164
0.0991567
0.820356
0.0446209
0.0306828
0.0111713
0.0252325
0.479048
0.0212
0.397295
0.027081
0.178042
0.119135
0.381511
0.0437894
0.084891
0.0469535
0.123761
0.00570023
0.203909
0.0238603
1.28302
0.00808453
0.012763
0.0784524
0.0774407
0.242167
0.00559006
0.0344722
0.0418732
0.0336097
0.115251
0.00467811
0.0326566
0.0212925
0.077941
0.0200101
0.0786314
1.38073
0.101144
0.0357216
0.0143644
0.0502681
0.576766
0.0797212
0.07645
0.665876
0.0290105
0.294301
0.0751833
0.47657
0.975279
0.00704945
0.0378413
0.00956769
0.0392193
1.16807
0.753195
0.506096
0.0278061
0.0133991
0.215851
0.41232
0.0216368
0.0115981
0.0360329
0.0582896
0.0288448
0.575751
0.00564739
0.00682002
0.094613
0.0168649
0.0250772
0.623252
1.54828
0.155577
0.0190569
0.190481
0.292312
0.55292
0.0314118
0.568858
0.145705
0.0489422
0.0166028
0.224052
0.667441
1.19777
0.0288528
0.0945702
0.0105082
0.114909
0.0900647
0.0222035
0.141756
0.0818636
0.41031
0.030678
0.0282496
0.0101967
0.437801
0.228961
0.0853144
0.0137975
0.153558
0.0412715
2.54505
0.660639
0.0191643
0.0356376
0.071823
0.293588
0.0405215
0.0420857
0.0258647
0.0816558
0.515659
0.0744949
0.114556
0.0292677
0.1178
0.0492515
0.0392656
0.116864
0.661306
0.0191719
0.0265632
0.110176
0.0370313
0.0431689
0.0553117
0.0926523
0.0175929
0.00667235
0.160566
0.074194
0.366733
0.0959722
0.023911
0.0552519
0.102923
0.110284
0.0777208
