0.0191444
0.0476904
0.0127951
0.490485
0.0224007
0.0255384
0.0283287
0.0264358
0.00742015
0.776753
0.0227679
0.172414
0.129092
0.00803753
0.0277775
0.00786436
0.179579
0.0472921
0.0835784
0.0132406
0.0248292
0.0048047
0.35506
0.62415
0.0193132
0.0209889
0.0209409
0.622448
0.110842
0.793611
0.17264
0.0179155
0.0633173
0.116023
0.0333353
0.0309288
0.128568
0.359484
0.00479642
0.360971
0.202482
3.06916
0.0354124
0.0273576
0.0304608
0.0595746
0.034447
0.0654143
0.0119132
0.0664155
0.196567
0.00890476
0.0159766
0.0256842
0.028896
0.656109
0.930194
0.0185094
1.11904
0.0230903
0.0167143
0.0435797
0.754874
0.0350439
0.0351719
0.173433
0.0373241
0.0529034
0.0133886
0.0248323
0.0226267
0.00759594
0.0218643
0.0270082
0.0542997
0.0113256
0.0234542
0.0208677
0.0420671
0.0767747
0.0128811
0.273168
0.00177303
0.0236857
0.322963
0.0831065
0.161505
0.0509032
0.00756087
0.0243509
0.00438211
0.0121399
0.00937385
0.0198535
0.0301462
0.673808
0.258371
0.0104162
0.000657155
0.0090202
0.00801171
0.0639585
0.0189166
0.0232678
0.558085
0.0190961
0.0146774
0.85965
0.046223
0.264584
0.00418067
0.147084
0.0179777
0.0186272
0.0248073
0.105334
0.191917
0.0480352
0.105869
0.00635003
0.00367384
0.0252896
0.0175137
0.0192028
0.0105505
0.0132809
0.0219236
0.0525386
0.697836
0.0176278
0.0266242
0.0267561
0.0121885
1.0759
0.0895374
0.0274923
0.074415
0.00950168
0.076917
0.0201776
0.0347215
0.0388392
0.0155824
0.153815
0.0511769
0.197127
0.298552
0.926343
0.0109986
0.0131971
0.675172
0.032362
0.134282
0.029489
0.0949758
0.201118
0.508191
0.0145909
0.126761
0.0370458
0.0233272
0.0290255
0.244772
0.0588967
0.292383
0.02417
0.0348994
0.0701931
0.0346297
0.00865818
0.223834
0.116723
0.0611709
0.0148189
0.661578
0.0459691
0.0187231
0.0654346
0.0805319
0.0137448
0.0451852
1.08937
0.0369664
0.128479
0.0301419
0.0243233
0.0563727
0.0709046
0.074072
0.258314
0.00633806
0.401187
0.0190883
0.0914968
0.0314572
0.0130719
0.0109641
0.00710938
0.0164271
0.184034
0.241414
0.108973
0.203513
0.0838524
0.218401
0.0402571
0.000631588
0.0193902
0.00430948
0.0129469
0.0709163
0.0165457
0.0280436
0.0176207
2.25242
0.326167
0.00736607
0.139332
0.382004
0.339059
0.125348
0.544478
0.14024
0.0703136
0.0538476
0.0249495
0.382324
0.014452
0.0577756
0.0129894
0.0148002
0.00846853
0.00817267
0.0821272
0.0456057
0.28078
0.0733257
0.00730785
0.0310664
0.0510642
0.0156474
0.0100174
0.0644033
0.01278
0.0198833
0.114926
0.328815
0.00272054
0.0272594
0.0284852
0.429787
0.0872077
0.0032387
0.206835
0.160284
0.0665043
0.069382
0.112872
0.350032
0.0453271
2.54293
0.0491753
0.0392632
0.0285823
0.0342321
0.0493916
0.180452
0.0776584
0.00851146
0.00659781
0.598482
0.264196
0.0156005
0.00127403
0.0358222
0.37623
0.021534
0.205717
0.156312
0.100984
0.0385256
0.084828
0.413607
0.0355143
0.0297429
0.00448733
0.0216734
0.141746
0.0264914
0.679504
0.349415
0.090966
0.0103266
0.118865
0.0144622
0.0211195
0.133948
0.0162328
0.0360968
0.053137
0.017119
0.0219427
0.572516
0.0693669
0.100162
0.0286899
0.0647487
0.00682389
0.0545461
0.00855216
0.0484415
0.0540244
2.11122
0.176356
0.0715772
0.301192
0.0582336
0.142283
0.26401
0.00610598
0.0134688
0.0214793
0.312038
0.0715532
0.318361
0.0621596
2.20442
0.034413
0.016925
0.0167737
0.0250472
0.0725931
0.00958902
0.0388442
0.0602197
0.371172
0.0415554
0.0441006
0.0494681
0.0353981
0.0573937
0.137528
0.00765196
0.0161521
0.00935297
0.742311
0.00172796
0.00783926
0.00473772
0.0496176
0.0622106
0.0364853
0.00681115
0.00501426
0.0952327
0.602015
0.00809819
0.0144033
0.0103831
0.303314
0.320731
0.00952132
0.043328
0.566686
0.033479
0.617596
0.0319057
0.0272327
0.0233329
0.0356711
0.0348358
0.362419
0.0483978
0.0326736
0.0253869
0.0201395
0.0281512
0.0148716
0.324976
0.0374035
0.00443286
0.677187
0.00415406
0.0260198
0.067111
0.00317679
0.00654785
0.0221836
0.0129501
0.0353136
0.0122064
0.00354376
0.0160921
0.0291402
0.0102439
0.450826
0.0122684
1.93658
0.0356389
0.0164173
0.0542442
0.420351
0.00816419
1.58978
0.128151
0.00296875
0.0103373
0.0344293
0.0879087
0.157698
0.0199782
0.030196
0.00928035
0.161847
0.0298665
0.0136784
0.0121606
0.297558
0.264906
0.0768968
0.0124521
0.0214805
1.03036
0.0102226
0.0163792
0.0153975
0.0995638
0.0174472
0.0427826
0.0317103
0.010329
0.0317061
0.00169204
0.0245086
0.0323946
0.137935
0.118141
0.00230431
0.0112466
0.016892
0.0153668
0.0278225
0.0511365
0.0121276
0.048754
0.0161192
0.028098
0.0323254
0.0104186
0.00168098
0.29906
0.0122323
0.510226
0.000749283
0.011898
0.0139353
0.467708
0.0841801
0.585849
0.413483
0.0500343
0.0110612
0.0163315
0.00534688
0.00519179
0.0195831
0.00841841
0.013379
0.0199801
0.00922607
0.0642449
0.343762
0.00874216
0.0084672
0.00772598
0.00367139
0.0144238
0.251194
0.0287191
0.0141415
0.0301438
0.0284111
0.000598347
0.0170391
0.03562
0.0110278
0.00174685
0.0089089
0.0147507
0.0185221
0.0149765
0.00495649
0.0133752
0.0263691
0.0323142
0.00787962
0.0181636
0.0110181
0.33636
0.0647216
0.0678783
0.170919
2.03324
0.0514325
0.0255914
0.113313
0.0941246
0.00819368
0.0731223
0.00774293
0.0390236
0.360691
0.0288018
0.0192047
0.0170013
0.0414508
0.0514318
0.0492839
0.0954306
0.1634
0.0213269
0.251692
0.354621
0.114118
0.515697
0.422963
0.211047
0.0968453
0.0649842
0.57741
0.917673
0.193529
0.14421
0.789819
0.0541244
0.916798
0.0168714
0.0276028
0.0338573
0.113262
0.425912
0.0321409
0.801494
0.504241
0.103171
0.0124621
0.0191792
0.603243
0.324546
0.0841891
0.0576378
0.203521
0.0353915
0.0494692
0.0301117
2.20686
0.280931
0.00596984
0.0873588
0.031338
0.234086
0.124498
0.563037
0.72034
0.0138157
0.00933206
0.0111017
0.0270462
0.151286
0.00702514
0.0710936
0.0098015
0.116538
0.0061906
0.0884743
0.0130269
0.0726137
0.747626
0.0715249
0.393702
0.0286936
0.0650463
0.050771
0.310834
0.289595
0.0103827
0.273586
0.71777
0.121849
0.719963
0.219051
0.0529174
0.0345005
0.0468308
0.0252743
0.408698
0.0492408
0.0792533
0.143961
0.428221
0.0157297
0.0194918
0.00857549
0.0498287
0.00762075
0.0313384
0.0892016
0.274512
0.481368
0.287217
0.207355
0.102436
0.26152
0.288731
0.00774249
0.00784043
0.029634
0.317825
0.0112999
0.122469
0.0118986
0.056978
0.162463
0.395398
0.145383
0.112822
0.00147043
0.019416
0.0813269
0.163633
1.09941
0.00611694
0.0515204
0.0156338
0.0277664
0.0965097
0.0918556
0.0382855
0.0452167
0.0243746
0.0167133
0.0514713
0.441599
0.083443
0.0999853
0.343491
0.119005
0.0315161
0.104753
0.0790824
0.0579375
0.331902
0.273769
0.0415989
0.528745
0.0436093
0.172138
0.96744
0.0115254
0.326025
0.172162
0.00443698
0.0197438
0.0135326
0.0170234
0.526452
0.0202729
0.0184139
0.0169372
0.222445
0.389087
0.136888
0.254533
0.737385
0.0822095
0.0192244
0.203496
1.2003
0.38205
0.526323
0.0742288
0.00391483
0.0341696
0.0211828
0.038885
0.068355
0.167421
0.0201651
0.41336
0.508489
0.0909466
0.112211
0.286449
0.079135
0.0507685
0.247131
0.0122095
0.445028
0.296214
0.157889
0.495808
0.348885
0.00790569
0.014379
0.0218612
0.0062124
0.0172434
0.0175766
0.243639
0.0318241
0.0534836
0.124416
0.0363525
0.0170467
0.00488735
0.00419563
0.264301
0.262084
0.0523878
0.510596
0.069652
0.355768
0.154801
0.00755087
0.228549
0.899682
0.231419
0.00571164
0.0173924
0.0587142
0.0280752
0.0100749
0.0156006
0.658678
0.591581
2.43291
0.207981
0.00888038
0.00852909
0.00561491
0.0159469
0.0200067
0.00771951
0.0361624
0.120125
0.00707736
0.0195414
0.014506
0.047015
0.275606
0.113162
0.100592
0.133033
0.0152582
0.0275604
0.0176707
0.0101801
0.580506
0.00727198
0.228934
0.0170611
0.00836053
0.012874
0.0529362
0.541244
0.0302377
0.182264
0.010575
0.134419
0.0782894
0.0259341
0.0781739
0.028244
0.0338565
0.0577083
0.0951471
0.107626
0.00896329
0.00411267
0.0237753
0.0174408
0.0402355
0.00764831
0.0397028
0.0108563
0.00766574
0.0195759
0.087803
0.0247725
0.0948623
0.0762242
0.0152185
0.0206806
0.283985
0.00837181
0.018984
0.0221807
0.000835537
0.0093028
0.973295
0.0611576
0.0611703
0.0132483
0.023077
0.0258943
0.0256991
0.0289239
0.0101704
0.0188829
0.0102805
0.0116038
0.273447
0.714005
0.026498
0.00424987
0.0356225
0.0327844
0.124294
0.20276
0.0937386
0.590436
2.56583
0.290509
0.132738
0.181662
0.0834189
0.715231
0.828657
0.012663
0.487315
0.514435
0.137269
0.609918
0.0771904
0.364926
2.55845
0.0427501
0.0769472
0.0215025
0.66737
0.0119851
0.0995321
0.00971911
0.347145
0.387473
0.129418
0.00814125
0.587107
0.0322452
0.202396
0.86774
0.0265073
0.526072
0.293941
0.18399
0.875071
0.00341714
0.459372
0.0170644
0.0118456
0.010297
0.0073847
0.0170578
0.02943
0.0225475
0.0362692
0.0060812
0.466645
0.0285255
0.0121828
0.0167916
0.014263
0.0111575
0.013836
0.0186237
0.0104415
0.0482294
0.0899048
0.069477
0.32561
1.48632
0.628366
0.194336
0.0171164
0.866284
0.767837
0.90862
0.100074
0.0530991
0.0197543
0.309586
0.007712
0.0193236
0.153785
0.0107161
0.0192581
0.0360043
0.0175295
0.0747183
0.0104914
0.360448
0.0503877
0.0113525
0.0150136
0.0488864
0.0243814
0.0457765
0.0192933
0.222903
0.022042
0.013553
0.00115263
0.00994882
0.104412
0.260861
0.0496706
0.0373
0.0778041
0.319624
0.308257
0.0549636
0.380818
0.359257
0.223787
0.239931
0.269537
0.104208
0.10781
0.695433
0.235999
0.666553
0.258203
0.0227714
0.0492432
1.33672
0.257221
0.370198
0.0432704
0.0429069
0.125155
0.954877
0.260042
0.00877564
0.51015
0.27702
0.0427809
0.010961
0.00703547
0.0127319
0.321933
0.00421687
0.0277591
0.0360562
0.477058
0.0138015
0.277075
0.659766
0.101837
0.0322325
0.00367546
0.0518246
0.0220223
0.0747309
0.839839
0.117514
0.401532
0.301194
0.403691
0.0139325
0.0102028
0.0311708
0.0961211
0.229371
0.236743
0.0162114
0.0319027
0.0361851
0.0186571
0.312092
0.501912
0.0871222
0.0177617
0.0258135
1.34897
0.0570413
0.557526
0.0037013
0.408147
0.775277
0.00565419
0.0193097
0.0153871
0.031594
0.0218533
0.00147306
0.00401098
0.0178778
0.114755
0.0762837
0.00613632
0.00184064
0.0238071
0.0104
0.742384
0.0143043
0.0180472
0.0029753
0.0457566
0.0454841
0.0606496
0.0178123
0.0089621
0.174607
0.0168063
0.140185
0.00622789
1.12446
0.0377479
0.386822
0.00786507
0.0210272
0.0422208
0.0717754
0.0191675
0.0103032
0.0070567
0.459755
0.121568
0.0196468
0.225519
0.0176515
0.0369819
0.0469102
0.0294222
0.0189647
0.301242
0.0237127
0.0112634
0.0116984
0.0417852
0.137907
0.0321942
0.0307005
1.48872
0.0267332
0.194644
0.00498707
0.112041
0.0377126
0.0239101
0.105752
0.172409
0.0113948
0.0178207
0.0179162
0.00965225
0.314439
0.0426412
0.823349
0.0876545
0.0156712
0.528324
0.145167
0.0554184
0.192528
0.0300884
0.0129594
0.0074847
0.0060215
0.0203474
0.461113
0.0475048
0.285592
0.199951
0.947432
0.0342755
0.0916813
0.0067974
0.0215484
0.177712
0.00804352
1.78732
0.0111662
0.0223476
0.0164048
0.172471
0.0315798
0.0253114
0.00837925
0.0380628
0.0192707
0.0362777
0.025432
0.038102
0.241712
0.00842043
0.0204104
0.0283482
0.0258026
0.00702109
0.0296626
0.00790955
0.0119905
0.0245761
0.0328343
0.00846169
0.017498
0.0195683
0.0320013
0.0428755
0.0203266
0.00236013
0.0774161
0.152639
0.00482314
0.196523
0.0273007
0.107462
0.0572734
0.240668
0.09743
0.0173232
0.176262
0.0928717
0.00909197
0.0179668
0.0917434
0.0511045
0.0776274
0.0375537
0.300999
0.544982
0.392815
0.788899
0.205484
0.0196976
1.73607
0.0302762
0.019642
0.0371799
0.0164891
0.0292642
0.294736
0.00654805
0.0261504
0.381847
0.0189897
0.0190058
0.0768182
0.126219
0.0125823
0.391503
0.22124
0.509135
0.0316214
1.01792
0.0599946
0.150839
0.299452
0.533747
0.0256588
0.768901
0.052674
0.0205827
0.00897284
1.1921
0.403124
0.155017
0.295306
0.376551
0.0159151
0.287389
0.317011
0.0442892
0.269447
0.0405389
0.911329
0.0166444
0.020036
1.05484
0.0913191
0.86958
0.0115061
0.148521
0.337428
0.157824
0.190899
0.115926
0.151889
0.0881284
0.0752045
0.156079
0.213043
0.050287
0.0154922
0.162711
0.0701607
0.0232528
0.0463295
0.0402379
0.0394595
0.467941
0.126825
3.00342
0.0369229
0.116727
0.0619303
1.31468
0.0692591
0.0200595
0.475616
0.0974406
0.0286308
0.24334
0.275727
0.024107
0.0599726
0.0336862
0.0091846
0.163774
0.182616
0.0248084
0.00524643
0.0137242
0.0906211
0.463102
0.594431
0.0126137
0.0395636
0.0852585
0.0385599
0.515321
0.157412
0.0157782
1.74051
1.67108
0.384684
0.0452431
0.00758212
0.271494
0.0283306
0.0162457
0.032336
0.0177496
0.0127889
0.0673253
0.116128
0.0107462
0.190536
0.0145605
1.98747
0.00620313
0.062591
0.0116945
0.0121818
0.0202284
0.0102089
0.157812
0.015467
0.000741478
0.0369182
0.0219036
0.0786626
0.0180033
0.0428338
0.017222
0.437234
0.049444
0.0133077
0.00495518
0.0143579
0.0310608
0.0233028
0.00832477
0.00369681
0.417624
0.0186094
0.0150695
0.0742784
0.0303881
0.0341724
0.104048
0.0200552
0.049066
0.049223
0.318796
0.0638853
0.0126224
0.0090217
0.780732
0.0469182
0.0601769
0.0117864
0.0647042
0.0297143
0.321251
0.0143696
0.0143461
0.0907871
0.0254543
0.00957968
0.0491905
0.128186
0.00475893
0.0290868
0.00787044
0.021559
0.00971087
0.369021
0.0142937
0.00991131
0.22755
0.474125
0.0249567
0.0072099
0.0215199
0.00984628
0.173179
0.0126916
0.0152327
0.173077
0.004991
0.132951
0.0317637
0.0141895
0.00931589
0.0521353
0.00654763
0.00696468
0.00326045
0.0503307
0.247424
0.0118548
0.0425022
0.0142364
0.0141434
0.0131438
0.155189
0.00557716
0.0074941
0.0160645
0.00839898
0.00599573
0.0115506
0.444786
0.0219114
0.0117443
0.00301475
0.0125913
0.0637592
0.0267747
0.259247
0.134134
0.0176684
0.526139
0.0380368
0.111111
0.281233
0.0452106
0.0642361
0.0214808
0.0074288
0.332453
0.390614
0.0148269
0.0127364
0.202534
0.00553029
0.258063
0.0166792
0.0111368
0.181101
0.0247365
0.0187766
0.0319949
0.186866
0.225693
0.0126731
0.0108955
0.0183812
0.0425315
0.0317613
0.0460129
0.329852
0.0348241
0.541801
0.00770521
0.0530947
0.0494229
0.198331
0.298722
0.0616206
0.190032
0.569711
0.138631
1.61178
0.0905364
0.42689
1.33551
0.177021
1.98932
0.444135
0.804283
1.13579
0.0481119
0.577983
0.274313
2.87586
0.81322
0.208612
0.0606888
1.57441
0.301113
0.0313548
0.0121594
0.243995
0.443992
0.0234259
0.0165048
0.40878
0.277194
0.0142785
0.28085
0.520661
0.0137125
0.00516347
0.0800717
0.0496485
0.111255
0.0951756
0.0719083
0.0313729
0.121293
0.0854928
0.0956592
0.0183955
1.56279
0.00389892
0.0690762
1.34613
0.0620188
0.0676708
0.123856
0.0784178
0.00485993
0.157429
0.400819
0.41389
0.580247
0.0867759
0.0446851
0.0153022
0.0863196
0.168182
0.554936
1.51098
0.0439072
0.583817
0.1249
0.0271723
0.0154103
0.0734153
0.0734775
0.0250038
0.119405
0.0102429
1.07267
0.114797
0.63367
0.0935432
0.388438
0.0283006
0.0126954
0.0050247
0.0367343
0.289432
0.0270316
0.0208118
0.0580724
0.150849
0.0477198
0.0113471
0.125567
0.0528777
0.154739
0.09212
0.49263
0.00570038
0.072152
0.12126
0.0131862
0.021577
0.00726959
0.00576386
0.491677
0.542428
0.389063
0.0405441
0.065506
0.453679
0.452797
0.358334
0.0785428
0.643844
0.400536
0.0290811
0.160191
0.102547
0.0264137
0.172634
0.0379216
0.00643199
0.0784001
0.298758
0.0104903
0.0334074
0.0523541
0.0154739
2.16262
0.175412
0.280657
0.687243
0.0217148
0.0206316
0.0246995
0.0640228
0.0793422
0.0293904
0.0389055
0.212712
0.0301995
0.0150696
0.159276
0.0189441
0.00389088
0.271128
0.00913801
0.396044
0.0132048
0.0207291
0.0572082
0.0163125
0.0104904
0.00559468
0.64355
0.0953658
0.0140246
0.0281908
0.00453173
0.0383718
0.00504048
0.0117985
0.00664819
0.00777543
0.505357
0.0341276
0.0204602
0.0242414
0.137263
0.00886399
0.00391743
0.356053
0.340841
0.016594
0.0123797
0.234069
0.0078961
0.00533055
0.122223
0.00990304
0.0273829
0.0107562
0.392573
0.0131376
0.140316
0.0218459
0.00776154
0.00606457
0.54811
0.0610231
0.00318131
0.0732435
0.00976102
0.00340451
0.00999808
0.0613027
0.320137
0.0893029
0.009771
0.233454
0.223902
0.360975
0.335468
0.342082
0.0323046
0.254443
0.0451905
0.432898
0.123655
0.00758671
0.274475
1.08604
0.1324
0.770837
0.0416279
0.652681
1.25651
0.0408193
0.0172628
0.0218475
0.0146973
0.024832
0.00452467
0.0169024
0.0275211
0.158789
0.00659666
0.308846
0.242278
0.00628651
0.0346906
0.106939
0.283303
0.195612
0.460122
0.140279
0.0118186
0.00336771
0.269534
0.108339
0.293976
0.304039
0.19456
0.702638
0.119049
0.0188373
0.205292
0.0101332
0.0991012
0.116263
0.722239
0.157305
0.187633
0.874446
0.142543
0.0305959
0.0192384
0.0379094
0.0902233
0.0168568
0.0122342
0.0143162
0.00147044
0.0141013
0.010358
0.00927498
0.0352768
0.0191055
0.0119105
0.00388929
0.0201409
0.00980308
0.0189868
0.0278633
0.0034295
0.0195317
0.0211275
0.00786389
0.0477089
0.0177203
0.00333179
0.00362069
0.0541418
1.96151
0.0159053
0.704317
0.0158167
0.0310466
0.00647307
0.0293464
0.0583809
0.0732219
0.00573744
0.0578317
0.296195
0.0778164
0.0462118
0.11539
0.26407
0.149294
0.0178297
0.479299
0.00778514
0.213799
2.24644
0.0423099
0.0485548
0.0242948
0.0106458
0.0145803
0.585607
0.010753
0.0140121
0.013362
0.0636465
0.0130342
0.0604193
0.547091
0.812826
0.0279795
0.0836488
0.0029546
0.0123349
0.328366
0.0426894
0.198903
0.085401
0.198333
0.150499
0.0801129
0.0168803
0.171266
0.0859405
0.00173582
0.746675
0.0539564
0.00158201
0.0148153
0.0697196
0.00984397
0.0163781
0.516562
0.0187699
0.0172438
0.0405814
0.0739423
0.0420125
0.0338463
0.0376952
0.00557914
0.0317305
0.019695
0.0500482
0.00968859
0.0119001
0.0505444
0.0264641
0.341114
0.0209787
0.0239574
0.0380635
0.0223497
0.435837
0.0261852
0.0213332
0.0152152
0.280101
0.0346719
0.0403501
0.15104
0.382117
0.220987
0.419514
0.0629981
0.0119143
0.190638
0.0159625
0.147089
0.0246986
0.00221978
0.0364187
0.204904
0.011642
0.055778
0.0118699
0.0400215
0.163797
0.0125118
0.0355075
0.129956
0.0335537
0.142638
1.00217
0.0413906
0.0955506
0.0166092
0.015933
0.00336814
0.00706922
0.0100216
0.360251
0.16249
0.506271
0.373856
0.00558811
0.017097
0.0289036
0.0467888
0.178902
0.293001
0.0318494
0.137292
0.0294257
0.0724548
0.364657
0.691203
0.0214647
0.28359
0.0260006
0.404141
0.00608277
0.309734
0.0183463
0.565233
0.0246718
0.625115
0.138964
0.685317
1.16869
0.302263
0.0483331
0.00113824
0.189595
0.0202272
0.216998
0.504429
0.0135377
0.832566
0.586558
0.416647
0.222368
0.102909
0.0432789
0.023699
0.360957
0.0207965
0.0636006
0.0406421
0.0916468
0.0468043
0.0205159
0.322118
0.147133
0.0208596
0.094138
0.193971
0.473688
0.26748
0.0313565
0.0247821
0.0154502
0.265739
0.00383223
0.0213898
0.150704
1.01923
0.0483559
0.131007
0.00971452
0.720286
0.13385
0.191187
0.0392745
0.650159
0.00938778
0.00999818
0.0181863
0.0339762
0.0242998
0.0402372
0.00561829
0.0238623
0.0127093
0.0416585
0.0330074
0.00306626
0.00723778
0.020302
0.0263164
0.0192676
0.0265103
0.0212753
0.0113717
0.0228284
0.0096107
0.0174877
0.0272173
0.0282524
0.0139317
0.0274361
0.0433626
0.0820898
0.749161
0.0212955
0.0256013
0.0828394
0.0187281
0.01536
0.00608871
0.0209234
0.499219
0.0183792
0.020254
0.137554
1.94579
0.0312781
0.157423
0.0411465
0.035847
0.0641954
0.031074
0.131567
0.0347622
0.00867204
0.00340623
0.00716603
0.0355567
0.00948106
0.0158527
0.413646
0.673455
0.012599
0.0581164
0.446603
0.0122325
0.025661
0.00558137
0.0200314
0.0634909
0.199577
0.0280481
0.628017
0.0851714
0.0192119
0.0376014
0.0403457
0.0142089
0.0129963
0.0389532
0.0354786
0.0035995
0.0254023
0.027656
0.13921
0.0530656
0.0188661
0.0198956
0.150199
0.00771106
0.0119191
0.830173
0.00802627
0.0289512
0.00418481
0.0259554
0.0256988
0.266534
0.0165882
0.0118543
0.0251967
0.0143235
0.015468
0.01553
0.0429943
0.0230765
0.00485402
0.98127
0.232787
0.0369643
0.0123804
0.0175493
0.0367118
0.245767
0.0683187
0.0147113
0.0682544
0.0201447
0.0287133
0.0192881
0.071774
0.0156225
0.215834
0.0152393
0.0904978
0.011799
0.334601
0.0531631
0.0189621
0.00849502
0.0167841
0.0340254
0.0205452
0.000937951
0.0158637
0.0195636
0.140226
0.502366
0.0270356
0.14841
0.0280499
0.0510926
0.0130386
0.0779582
0.0892034
0.00935811
0.0152889
0.0259075
0.033947
0.00555037
0.00397515
0.418372
0.717597
0.117836
0.00741944
0.0239783
0.519863
0.758487
0.0206414
0.075262
0.021619
0.298961
0.0967758
0.16156
0.218395
0.329623
0.0472144
0.00872631
0.0636082
0.0308163
0.185598
0.0181699
0.0216592
0.00865169
0.0451174
0.0536895
0.0591665
0.0251936
0.0712913
0.0844927
0.297099
0.039375
0.119577
0.0157275
0.017372
0.0123204
0.0103554
0.114377
0.301609
0.0187177
0.0228177
0.00946509
0.0288807
0.0285024
0.185872
0.122966
0.0458822
0.855801
0.0246628
0.207109
0.387398
0.108191
0.0781053
0.0373964
0.0673244
0.00753204
0.0168517
0.0232407
0.0115937
0.00310158
0.0487006
0.0158741
0.0181631
0.120984
0.0138221
0.137986
0.0128039
0.124689
0.00935881
0.00282947
0.0769461
0.693287
0.127404
0.154702
0.0017184
0.029554
0.233747
0.033321
0.0471089
1.12243
0.0829963
0.242124
0.403546
0.560576
0.303784
0.0991337
0.138599
0.00492735
0.188332
0.179648
0.218409
0.468286
0.0934367
0.141975
0.356914
0.0428365
0.0227912
0.134328
0.233607
0.648809
0.0641956
0.214792
0.00549821
0.63123
0.00179491
0.00218325
0.0053278
0.002484
0.016128
0.020109
0.017657
0.00840279
0.0127652
0.00953061
0.559511
0.00834105
0.244944
0.00606267
0.018634
0.019671
0.0335541
0.00943605
0.0416788
0.014731
0.404894
0.00406908
0.00317507
0.0275845
0.0266333
0.0328871
0.00878084
0.0452675
0.0183609
0.302773
0.0937756
0.0130163
0.0146676
0.0350259
0.848264
0.132783
0.0699309
0.0110712
0.0172451
0.0129471
0.0331907
0.231735
0.0301006
0.654129
0.0168662
0.0267061
0.0576429
0.0445143
0.137407
0.0636578
0.571388
2.6786
0.169093
0.0235586
0.163539
0.48757
0.0447496
0.0011894
0.388715
0.0254206
0.0118161
0.0448931
0.0773842
0.0616714
0.0368376
0.398729
0.170629
0.153781
0.0487711
0.210421
0.0194718
0.00259561
0.49302
0.243315
0.0057959
0.412257
0.0122991
0.0299752
0.27501
0.00960602
0.0158127
0.78579
0.902063
0.302939
1.58758
0.0622487
0.0400558
0.0068406
0.0271137
1.41027
0.0136447
0.0282349
0.0266846
0.028552
0.0887016
0.0976103
0.0209122
0.0397744
0.18375
1.04928
0.0352627
0.104383
0.0498231
0.101537
0.0183833
0.0135847
0.0147063
0.0224223
0.310957
0.0114029
0.126141
0.00951432
0.0234313
0.0539519
0.00870665
0.811589
0.0212069
0.00763794
0.00577914
0.570688
0.0652343
0.0108733
0.034308
0.0174823
0.0579351
0.382076
0.00328599
0.449321
0.00950284
0.0189076
0.0324542
0.209297
0.132658
0.722306
0.365111
0.939362
0.64174
0.0356899
0.611443
0.0187287
0.0349102
0.104867
0.0240138
0.006392
0.473736
1.38978
0.00977825
0.0311089
0.0206124
0.0239617
0.0240183
0.0459526
0.00679884
0.0205645
0.0199993
0.14359
0.00834663
0.271809
0.24726
0.141065
0.336768
0.420184
0.0248137
0.0268759
0.0580033
0.0788805
0.147323
0.0390266
0.214815
0.26116
0.220397
0.0308024
0.0915633
0.610744
0.175186
0.427931
0.142975
0.0423894
0.126721
0.0125632
0.144259
0.013955
0.210779
0.201336
0.119758
0.527251
0.471309
0.0820923
0.147735
0.234442
0.023652
0.0157173
0.323237
0.100311
0.0305033
0.429627
0.0218887
0.531382
0.0173782
0.0106704
0.0123473
0.284025
0.280144
0.435371
0.679106
0.02298
0.0221618
0.00904712
0.0142278
0.024474
0.00851293
0.0105372
0.0095386
0.0170272
0.00774951
0.0139544
0.0310432
0.265213
0.156532
0.602738
0.141767
0.0277887
0.300866
0.164274
0.692301
0.0352898
0.0175346
0.00723539
0.270813
0.0159888
0.325118
2.50521
0.025297
0.096163
0.0839028
0.103241
0.537262
1.17686
0.190647
0.00790335
0.0608805
0.149819
0.311107
0.00229569
0.0359249
0.264707
0.345782
0.0092081
0.0314782
0.00737959
0.24866
0.351627
0.119035
0.32066
0.445469
0.0174817
0.150015
0.113379
0.328994
0.391165
0.424703
1.15008
0.331244
0.0352048
0.102349
0.208061
0.0645111
0.0989397
0.0480779
0.0437629
0.748434
0.366218
0.332752
0.169015
0.103458
0.284957
0.340032
0.189349
0.140561
0.412149
0.195622
1.26968
0.0851173
0.0731176
0.272374
0.0943463
0.177376
0.129362
0.318246
0.213577
0.00849524
0.0368911
0.1968
0.135885
0.144727
0.477214
0.317424
0.0220853
0.00254794
0.0574965
0.927958
0.562126
0.00361261
0.621102
1.50417
0.166726
1.05018
0.0100437
0.300682
0.0299204
0.0215227
0.388188
0.029172
0.0577411
0.0117835
0.106119
0.00500573
0.0225141
0.013169
0.0180037
0.00746068
0.116836
0.0151409
0.00603265
0.0165934
0.179251
0.552582
0.0170622
0.0422797
0.148083
0.0400725
0.0205787
0.0133956
0.0151215
0.0223727
0.0134979
0.653374
0.319028
0.00232654
0.0172424
0.362584
0.0110157
0.0289613
0.00608862
0.00726831
0.00332913
0.023963
0.00417321
0.00975001
0.343693
0.0372912
0.399811
0.00688209
0.0233674
0.0405475
0.0832439
0.0217863
0.00905956
0.210281
0.142253
0.0109199
0.0189133
0.0360425
0.0239075
0.0145547
0.0183614
0.0509071
0.0358033
0.747487
0.315469
0.0268278
0.0104359
0.298609
0.0403038
0.461464
0.0655868
0.00615408
0.0638392
0.0335311
0.0245244
0.226966
0.00108163
0.0094625
1.27929
0.0151625
0.107208
0.458197
0.139589
0.0294738
0.0333972
0.105238
0.0480254
0.0328591
0.00239975
0.0852236
0.135505
0.0675189
0.102433
0.0217276
1.32849
0.00791451
0.301766
0.0146937
0.00922411
0.0520677
0.0143723
0.0327764
0.0262911
0.602014
0.0172374
0.0141685
0.167761
0.0145585
0.0130132
0.138236
0.634966
0.0217791
0.00368769
0.0166766
0.0505494
1.66095
0.0069975
0.0189617
0.0289523
1.12481
0.00708528
0.0292612
0.0345717
0.0186315
0.0149903
0.00885423
0.0135539
0.0172067
0.0168619
0.120402
0.00714859
1.53267
0.0055752
0.0537742
0.00492949
0.00672558
0.0398183
0.0205435
0.028391
2.45218
0.0219615
0.00861512
0.0118625
0.0155813
0.329143
0.0180072
0.00584589
0.0782825
0.257187
0.141343
0.372572
0.549062
0.170276
0.0258383
0.040918
0.00516699
0.00399108
0.0150877
0.0061084
0.00909431
0.131565
0.018272
0.0534704
0.0410716
0.0401916
3.15045
0.0829652
0.0754755
0.0936464
0.302147
1.16077
0.0887464
0.0678014
0.0704845
0.265344
0.0221774
0.0210196
0.0200891
0.0186326
0.0110356
1.86549
0.0301631
0.0209133
1.97141
0.0137937
0.0338173
0.0223895
0.00637038
0.0992532
0.0124192
0.0435637
0.0164445
0.461267
0.515701
0.340958
0.0299821
0.292777
0.160237
0.120634
0.193455
0.022093
0.0128425
0.0251046
0.0141594
0.0854609
0.0282737
0.104818
0.21535
0.507435
1.72169
0.0506351
0.622466
0.0137858
0.0236831
0.0376124
0.0846988
0.155589
0.790115
0.248756
0.469814
0.12544
0.609534
0.315669
0.36074
0.0850945
0.0306886
0.0202538
0.0182606
0.297485
1.10407
0.536833
0.452299
0.256038
0.0629624
0.00638977
0.0144793
0.298399
0.213863
0.170817
0.103989
0.0516979
0.181918
0.403913
0.0900272
0.217683
0.00136488
0.0765923
0.159955
0.0192153
0.209481
0.0140236
1.93196
2.43008
0.00552074
1.45382
0.329155
0.00292032
0.00564928
1.22339
0.0187932
0.290656
0.0261062
0.0529429
0.0162088
0.0386067
0.0118393
0.296231
0.0280929
0.0677138
0.0090286
0.0196085
0.0151538
0.00662167
0.04767
0.0511767
0.0135461
0.0440198
0.0568749
0.0189431
0.0213315
0.0147867
0.00855347
0.00169904
0.017418
0.0292664
0.0179493
0.026239
0.0440471
0.0189774
0.0578054
0.069531
0.0161951
0.00824947
0.00506382
0.174795
0.0248934
0.0198415
0.0179033
0.00670603
0.017403
0.0275599
0.0200674
0.038575
0.00566504
0.0285401
0.481465
0.0404134
0.00324051
0.176152
0.0140001
0.0600761
0.0162081
0.0154983
0.273167
0.0201608
0.067429
0.0272825
0.00574927
0.146432
0.231197
0.161153
0.0922082
0.0652123
0.0209111
0.0329085
0.5191
0.00850203
0.347
0.0917729
0.399594
0.130134
0.0288309
0.00658505
0.00112737
0.242624
0.0241066
0.0262833
0.0308795
0.910119
0.0122426
0.343374
0.00710779
0.128301
0.0165765
0.114053
0.10915
0.0198567
0.0107782
0.00504105
0.0203548
0.00332558
0.0273048
0.949501
0.523795
0.0751947
0.0148003
0.00992254
0.0226808
0.0466243
0.421061
0.0114999
0.51876
0.0576071
0.0129989
0.0201404
0.207278
0.0130391
0.348942
0.0353934
0.717183
0.00462122
0.0254696
0.0303942
0.0274486
0.0333693
0.0121848
0.0186906
0.0769538
0.0120777
0.00886683
1.82721
0.0651298
0.0132818
0.018829
0.110452
0.0463352
0.0559025
0.00951855
0.0109324
0.0215907
0.00709451
0.0123089
0.0228973
0.014936
0.0233305
0.024476
0.0183221
0.375353
0.0505689
0.126826
0.0446301
0.273923
0.390314
0.0246218
0.0677103
0.297507
0.00510799
0.133974
0.287998
0.350559
0.18239
0.0628582
0.390761
0.0648597
0.128299
0.187574
0.0777093
0.0435797
0.24931
0.0353987
0.268479
0.146388
0.129849
0.0405958
0.0523077
0.0602369
0.02014
0.332541
0.245293
0.132337
0.375819
1.2045
0.763379
0.0228727
0.0149107
0.00885387
0.0106829
0.0161247
0.00940441
0.0224817
0.0830885
0.0140015
0.0331644
0.157534
0.108222
0.237708
0.0476187
0.585584
0.149526
0.184044
0.0774061
1.00111
0.113396
0.0772204
0.142029
0.397523
0.0238391
0.0318489
0.0280269
0.0104406
0.00785321
0.0471536
0.217675
0.523488
0.184364
0.129787
0.0133726
0.0158996
0.0214147
0.16534
0.175349
0.0686652
0.0522301
0.331976
0.441959
0.0623735
0.154253
0.337929
0.0502422
0.0777755
0.157907
0.279904
0.225034
5.61426
0.0177072
0.313693
0.306529
0.0542855
0.333556
0.0247071
0.177253
0.0161288
0.0391412
0.580287
0.527777
0.0787023
0.181874
0.195839
0.0780794
0.0370269
0.917491
1.485
0.00406028
0.0123807
0.01459
0.0332274
0.0185681
0.0117818
0.0112421
0.00347695
1.33676
1.11195
0.0448353
0.0105434
0.013668
0.0536179
0.0413993
0.00299198
0.017528
0.686469
0.00258467
0.0349364
0.0300218
0.129396
0.0995697
0.0111106
0.034754
0.0177043
0.372163
0.0169422
0.00718327
0.0752451
0.0186947
0.03697
0.319537
0.0140866
0.96934
0.1853
0.00726128
0.285174
0.0500128
0.0280391
0.0167152
0.0261684
0.0420398
0.0118253
0.0195457
0.011578
0.0130606
0.394577
0.0729275
0.00878044
0.0345532
0.047894
0.687389
0.00129873
0.0127576
0.00544659
0.0688005
0.0151729
0.0459977
0.0641005
0.0176977
0.00877946
0.0170249
0.357227
0.132301
0.0104617
0.0130657
0.411496
0.628407
0.154345
0.0200141
0.00905175
0.0293003
0.0720693
1.43982
0.0139548
0.0221734
0.00617857
0.0211308
0.0321687
0.0163981
0.00850895
0.0135212
0.0158008
0.533039
0.014518
0.0165207
0.259475
0.00633789
0.0161023
0.0181149
0.00695413
0.00467508
0.0018038
0.0110593
0.00790288
0.00912443
0.00964542
0.0112519
0.0054662
0.015285
0.00500525
0.00693832
1.88344
0.00774849
0.0495238
0.0147708
0.00702089
0.00491353
0.206349
0.192252
0.159604
0.0148828
0.0441353
0.0772713
0.0116829
0.182193
0.010777
0.0146502
0.0375356
0.00984255
0.020248
0.0162621
0.0792476
0.0299687
0.235364
0.0205027
0.00631555
0.384777
0.0360728
0.0745679
0.0854362
1.26835
0.0653103
0.0155965
0.0182733
0.0260807
0.023055
0.0434315
0.382592
0.675174
0.064473
0.0172722
0.444481
0.0129378
0.0206927
0.0207097
0.0514402
0.439834
0.0309455
0.0799237
0.00549589
0.199463
0.254055
0.118204
0.15994
0.275147
0.0295284
0.0288162
0.290103
0.142109
0.433249
0.113137
0.205408
0.136209
0.187778
0.0330472
0.430153
0.141036
1.06842
0.114161
0.410642
0.0528219
0.019704
0.148633
0.0215419
0.391022
0.16618
0.0145783
0.163174
0.0764386
0.0483293
0.030466
0.0240399
0.0101224
0.0083246
0.00830219
0.00783125
0.030454
0.0083141
0.98258
0.0194697
0.00953053
0.0241909
0.0172789
0.178444
0.00837203
0.0202301
0.0244588
0.586292
0.028412
0.0109837
0.0201948
0.499414
0.0101169
0.0258562
0.00872733
0.00419334
0.0195882
0.426232
0.0173839
0.0790122
0.0116123
0.550909
0.0464846
0.0189996
0.022684
0.0140456
0.00629227
0.0131063
0.0103956
0.0324373
0.0256897
0.230465
0.00563709
0.411709
0.00421436
0.959181
0.0347612
0.0395849
0.0112149
0.00629522
2.4588
0.0525975
0.0284943
0.189555
0.188444
0.00968213
0.953033
0.16996
0.162158
0.0861673
0.141012
0.191114
0.414545
0.405604
0.00690394
0.00928501
0.050295
0.00986902
0.0356472
0.16618
0.0343723
0.0254776
0.0146211
0.0374618
0.0310287
0.0158132
0.115546
0.337628
0.0309669
0.0243068
0.081933
0.021848
0.0567483
0.275146
0.0234413
0.0128539
0.880621
0.0141865
0.0130701
0.00889838
0.0155069
0.00799035
0.0286219
0.00947023
0.0341279
0.0525579
0.0148157
0.0155967
0.282568
0.0273403
0.0157797
0.00633518
0.0110892
0.00948691
1.22532
0.455336
0.0320878
1.12926
0.0101455
0.0569354
0.201571
0.0329275
0.0130699
0.0152855
0.0137083
0.259957
0.0048706
0.00683867
0.0084688
0.033717
0.051983
0.0207809
0.0349737
0.00988139
0.00976516
0.0446334
0.0277437
0.0251637
0.251327
0.0145586
0.0189266
0.00979972
0.0352206
0.0207691
0.0277593
0.0205311
0.00604056
0.00847882
0.0192083
0.00905276
0.0202229
0.0107608
0.00874218
0.00657691
0.0346706
0.0308465
0.011959
0.0112005
0.0312989
0.186116
0.0396844
0.0361492
0.397286
0.00728927
0.312473
0.00756962
0.0184804
0.000818566
0.0387832
0.047507
0.0607171
0.574783
0.102057
0.094224
0.0362516
0.023715
0.415504
0.363518
0.0255441
0.305984
0.020512
0.0506791
0.0151143
0.00692983
0.0478787
0.0266923
0.00794479
0.0534995
0.027172
0.00784956
0.03696
0.0368852
0.0170744
0.00757861
0.0370235
0.453629
0.465606
0.00851034
0.0213277
0.543148
0.297686
0.00641592
1.52277
0.0458662
0.00925378
0.0114151
0.0293385
0.015094
0.00834365
0.0092346
0.0204613
0.00708229
0.013019
0.0238323
0.0167923
0.014594
0.0174793
0.0110656
0.0239282
0.00980727
0.00719447
0.251467
0.00742
0.0197601
0.0121099
0.00670613
0.00851445
0.00598934
0.337763
0.0197867
0.0312517
0.0265787
0.095401
0.0591993
0.634654
0.0213237
0.0104434
0.374427
0.19471
0.0209809
0.0354949
0.00499461
0.0103635
0.0122885
0.586615
0.00324594
0.00437011
0.0406118
0.77964
0.0098971
0.0201392
0.0101648
0.0027509
0.0300694
0.821885
0.0225535
0.0194137
0.0735623
1.24748
0.0204577
0.257988
0.0526633
0.0835036
0.0461884
0.0709273
0.0106698
0.0266311
0.00889044
0.494245
0.01571
0.334758
0.034325
0.0867125
0.0152002
0.0254856
0.0209864
0.0283096
0.0118175
0.0405869
0.0247146
0.0258391
0.00947347
0.329124
0.00457603
0.614467
0.478082
0.0331371
0.0102214
0.0136432
0.0214095
0.00234987
0.0306972
0.0311205
0.0176892
0.0142632
0.00514994
0.0155192
0.0112745
0.0393517
0.0143659
0.0156605
0.0380355
0.174991
0.068091
0.0347303
0.0372889
0.0093691
0.00409385
0.00738168
0.0409039
0.0128925
0.196844
0.976313
1.41056
0.0148397
0.217955
0.0198534
0.366823
0.036157
0.712525
0.0106741
0.0252257
0.00296929
0.0226232
0.186525
0.376555
0.00349177
0.0231096
0.00226496
0.0198843
0.0134204
0.345358
0.00654123
0.0187593
0.00929784
0.0662561
0.00887096
0.0104758
0.0225399
0.00477286
0.0143259
0.0148283
0.0423008
0.00985738
0.0452688
0.0558675
0.0199973
0.00316511
0.0227062
0.0242074
0.0283418
0.0774218
0.0250657
0.0293399
0.00101733
0.0109975
0.00704794
0.014615
0.103027
0.154699
0.388357
0.133204
0.0304057
1.62659
0.547549
0.0182513
0.0407376
0.743861
0.00674679
0.0261459
0.0254828
0.169283
0.0046342
0.0263952
0.0137912
0.0289389
0.528315
0.0249173
0.0173972
0.457863
0.00700119
0.33094
0.685048
0.0100308
0.0358299
0.0365139
0.485571
0.0360467
0.0126428
0.0496849
0.059221
0.942881
0.00977178
0.0078875
0.00422351
0.146559
0.00571223
0.028547
0.0127987
0.00937086
0.0715461
0.433058
0.0517533
0.00577251
0.0166662
0.0317898
0.0288974
0.00652318
0.0119654
0.0139303
0.0268536
0.0239848
0.00794762
0.0138362
0.0473039
0.900417
0.0213171
0.0302661
1.2112
0.522436
0.00924807
0.0341304
0.256099
0.226361
0.10344
0.024649
0.00489265
0.917658
0.00223747
0.0144576
0.643659
0.0110771
0.236927
0.00840594
0.00327828
0.0175924
0.112621
0.276593
0.00907243
0.00674747
0.0110779
0.0281889
0.00474021
0.00796063
0.0212221
0.00509756
0.0227451
0.0193814
0.262499
0.102231
0.0122502
0.012844
0.0117422
0.0388842
0.00674144
0.124906
0.00349951
0.0193717
0.0338014
0.0425548
0.00335449
0.00234438
0.0306129
0.0169751
0.0101642
0.0175662
0.25634
0.00576358
0.0245831
0.0162369
0.0189925
0.00802813
0.00490297
0.0108867
0.0200245
0.000597319
0.0101531
0.00890685
0.02404
0.00887518
0.0209396
0.0234925
0.00854829
0.0123677
0.010218
0.47793
1.15104
0.0279911
0.0194442
0.00594454
0.0112507
0.0323363
0.00998103
0.0185838
0.0101199
0.364959
0.175697
0.0279614
0.00483866
0.0168981
0.0262202
0.533229
0.00461686
1.19295
0.0106897
0.0351561
0.011936
0.0357853
0.0286013
0.112868
0.702961
0.359939
0.0598031
0.411839
0.0123807
0.198237
0.012374
0.0584886
0.0505001
0.0273947
0.00665542
0.084527
0.0153478
0.0319811
0.233294
0.351234
0.0393698
0.11872
0.0450954
0.13501
0.020587
0.112487
0.453902
0.0842574
0.26724
0.0170945
0.199953
1.82061
0.00680859
0.00909068
0.0327597
0.0217306
0.0572727
0.0506579
0.0258668
0.0249833
0.435875
0.0212569
0.123071
0.00144926
0.048427
0.015717
0.0262861
0.0319905
0.01115
0.0111618
0.0101752
0.024312
0.0519832
0.208417
0.00824207
0.329577
0.0208138
0.261487
0.0189956
0.0176491
0.417776
0.0729481
0.00698069
0.00268152
0.0182754
0.0400522
0.00653331
0.0236596
0.00447975
0.607382
0.0294626
0.0037184
0.123968
0.856628
0.662761
0.454953
0.023638
0.574073
0.462164
0.0620763
0.107679
0.00661525
0.00882898
0.151715
0.225709
0.124168
0.0730163
0.119914
0.301562
0.416729
0.163269
0.0371893
0.189789
0.0787512
0.116038
0.208237
0.363456
0.0261095
0.00694114
0.0195049
0.0412397
0.188736
0.0363426
0.0531488
1.78104
0.0102814
0.0137532
0.473338
0.0639293
0.0485891
0.5798
0.506926
0.00248789
0.021365
0.0112775
0.0238983
0.0148967
0.0076861
0.00474575
0.0146589
0.165372
0.00955557
0.0166538
0.0132962
0.0180467
0.0167947
0.0926636
0.0157056
0.0036352
0.00647268
0.00310708
0.221188
0.046654
0.0356165
0.00619583
0.128874
0.102274
0.0153502
0.0119232
0.0097088
0.00571398
0.0240725
0.0101846
0.0126534
0.000961746
0.194724
0.202666
0.00996932
0.240616
0.56542
0.224283
0.0465525
0.0747044
0.143089
0.0554982
0.303024
0.00947769
0.00732752
0.203033
0.688942
0.375084
0.261497
0.195171
0.175732
0.240522
0.0166195
0.0139656
0.318019
0.440463
0.230393
0.0433068
0.0648797
0.0863492
0.0554638
0.280135
0.403981
0.173679
0.0432775
0.157709
0.0790301
0.334655
0.183276
0.523369
0.660267
0.932993
0.627341
0.179548
0.00645505
0.0415054
0.188005
0.0126609
0.017008
0.0312181
0.0220585
0.0216575
0.0295973
0.0157241
0.00168936
0.0150466
0.0105893
0.0102637
0.030894
0.0215144
0.0234029
0.0120824
0.0232411
0.0183061
0.00596125
0.0157673
0.0117672
0.0132456
0.0484977
0.0177848
0.0313574
0.00720405
0.00370975
0.00777225
0.0277133
0.0126996
0.017374
0.002863
0.00758395
0.0117113
0.0205098
0.0199531
0.0129588
0.0459067
0.0295667
0.0147251
0.227645
0.0124675
0.0321193
0.0365121
0.0198989
0.0453859
0.690511
0.0303838
1.365
0.151221
0.0210529
0.695819
1.37698
0.01847
0.0221028
0.0421734
0.0375642
0.0285533
0.0145586
0.0118127
0.0171337
0.0163017
0.0302891
0.00778553
0.0361836
0.00986259
0.0109998
0.0334606
0.25996
0.00428113
0.00395249
0.00516867
0.0184943
0.466224
0.0289519
0.0215754
0.0112068
0.0147717
0.0190509
0.0110467
0.0238151
0.0124742
0.483666
0.00789235
0.00524299
0.01338
0.0283718
0.0421698
0.158097
0.0365621
0.00562527
0.0223144
0.0321984
0.0154842
0.603042
0.0226649
0.0221403
0.0170245
0.00345142
0.013717
0.0188114
0.00635742
0.00572921
0.424869
0.0101374
0.00636699
0.0092555
0.0186372
0.130455
0.221541
0.0158916
1.91611
0.0138795
0.0179445
0.00506506
0.0129393
0.00646364
0.0412418
0.0558365
0.00314311
0.0216147
0.00745176
0.00507784
0.236877
0.0293037
0.0127334
0.0483576
0.0473323
0.234244
0.0189715
0.266026
0.0147399
0.0794058
1.25404
0.0159313
0.0899767
0.0057897
0.00973484
0.0346429
0.515827
0.343981
0.0181837
0.0586631
0.00587075
0.00348898
0.0253931
0.068761
0.218891
0.0922952
0.0664131
0.0104482
0.0192657
0.0314444
0.0121333
0.014304
0.0105437
0.40976
0.58132
0.0366413
0.0302766
0.00910201
0.0265484
0.00814072
0.0312248
0.0137646
0.00466647
0.0252707
0.0220879
0.00769147
0.235618
0.485379
0.0467561
0.751161
0.00412932
0.0771516
0.013247
0.173994
0.0152317
0.185653
1.02192
0.339274
0.126017
0.0105451
0.193966
0.00784608
0.504756
0.0277914
0.0519068
0.0380799
0.0366141
0.329215
0.146152
0.0340727
0.0680061
0.156806
0.00875426
0.0352404
0.0602067
0.512201
1.35057
0.210216
0.0109535
0.388841
0.0160487
0.00493228
0.0132937
0.0372342
0.17953
1.06086
0.0206331
0.740833
0.0262331
0.0111227
0.00561446
0.020322
0.00746878
0.0176937
0.0102504
0.0191748
0.189684
0.00736217
0.0206071
1.99929
0.0176903
0.0100256
1.03489
0.00888832
0.0188184
0.0199442
0.900883
0.0451057
0.242114
0.0172241
0.00854558
0.00706865
0.0104059
0.546758
0.317973
0.0355283
0.0114405
0.0396741
0.00524584
0.0117868
0.293594
0.0145485
0.0345362
0.0924222
0.0211436
0.0286122
0.704842
0.772562
0.0249305
0.140919
0.0223114
0.0414091
0.50458
0.0449879
0.0158685
0.00538431
0.00364694
0.00480354
0.00743208
0.0611392
0.144203
0.608039
0.0284798
0.00398163
0.267922
0.0131494
0.11457
0.0535945
0.052832
0.0901419
0.00539923
0.0157574
0.0202946
0.0298658
0.035745
0.42653
0.0131714
0.00168275
0.00938261
0.023381
0.0527716
0.0364192
0.0188371
0.0974569
0.181521
0.0143283
0.0246965
0.0293878
0.0161706
0.24425
0.0149272
0.205812
0.0661512
0.016466
0.00390625
0.0444615
0.55164
0.536735
0.0537472
0.0119911
0.0563401
0.028684
0.0317717
0.0290848
0.540261
0.0155218
0.0148486
0.768604
0.159446
0.0100203
0.0347088
0.0122313
0.00324958
0.792327
0.0206133
0.00813503
0.0521084
0.00123063
0.00849308
0.610397
1.44436
0.0283769
0.0139886
0.0148302
0.0086091
0.0290326
0.0207835
0.366555
0.214224
0.372638
0.297024
0.556555
0.287444
0.180714
0.488382
0.0172897
0.106764
0.429843
0.240915
0.0508768
0.0162841
0.00797
0.0206442
0.00325449
0.030699
0.113132
0.0159019
0.415091
1.68842
0.00661528
0.354058
0.0459956
0.0168046
0.102949
0.0317359
0.129462
0.340496
0.356723
0.35285
0.103087
0.241499
0.114802
0.229866
0.658173
0.031158
0.121997
0.233182
0.0492548
0.237571
0.0154496
0.0304019
0.611536
0.00981838
0.391463
0.0138048
0.00952537
0.0349171
0.0150078
0.0295104
0.00458978
0.0244114
0.0141899
0.00760987
0.605249
0.230821
0.094528
0.00565838
1.33857
0.0246865
1.13612
0.00889926
0.0022965
0.0141592
0.00946322
0.0222562
0.037506
0.032689
0.12871
0.743601
0.00917029
0.617178
0.0308146
0.0339395
0.132143
0.00971426
0.583449
0.0461881
0.0495699
0.022901
0.00779173
0.00870637
0.1632
0.032196
0.0668548
0.211213
0.00875299
0.0871778
0.0234033
0.049213
0.224832
0.0223725
0.0161526
0.00740317
0.0172572
0.0160137
0.313849
0.30383
0.181679
0.25359
0.0296668
0.363784
0.384103
0.00365506
0.017903
0.197159
0.037762
0.0126902
0.0210703
0.131538
0.0265084
0.0243018
0.0183607
0.0966349
0.460579
0.0103441
0.241707
0.208673
0.34161
0.0199468
0.0817049
0.0130437
0.0279634
0.0367693
0.0932709
0.118759
0.213251
0.0193464
0.0869327
0.148117
0.273215
0.0200168
0.326575
0.650936
0.184319
0.00719131
0.0115941
0.00270454
0.00259297
0.257094
0.0159235
0.0240528
0.0147366
0.0214344
0.0186476
0.010712
0.0277854
0.0168039
0.241617
0.132723
0.0221662
0.191573
0.160524
0.195394
0.0653652
0.0229469
0.0193476
0.0178262
0.0174151
0.0179373
0.00838484
0.0275002
0.212005
0.479981
0.0152272
0.0195375
0.0095259
0.00963129
0.00175386
0.0122133
0.00809659
0.0416619
0.0153294
0.13626
0.00808261
0.013938
0.0117728
0.0177491
0.408116
0.1206
0.682966
0.000797094
0.295636
0.252004
0.00893317
0.318593
0.335652
0.026499
0.0404072
0.0164246
0.0120762
0.0381006
0.122819
0.0402132
0.059696
0.0186061
1.82265
0.0230552
0.0172235
0.00450312
0.178248
0.257828
0.224973
0.0399203
0.0472111
0.0253924
0.00393962
0.191227
0.00807818
1.32706
0.127038
0.0193698
0.247316
0.0232272
0.0911239
0.00978764
0.344972
0.017691
0.130999
0.122574
0.10005
0.183752
0.253289
0.447282
0.247109
0.28565
0.0505362
0.732611
0.0211036
0.0395557
0.146021
0.14145
0.0290868
0.0106144
0.0534753
0.0294509
0.040199
0.0177605
0.0192256
0.0590378
0.037048
0.157665
0.500681
0.049554
0.117682
0.0117563
0.304416
0.171434
0.715763
0.135954
0.293041
0.109353
0.254986
0.047888
0.190208
0.237835
0.309087
0.0460472
0.0486814
0.0439582
0.138913
0.00726684
0.294991
0.491525
0.190189
0.229654
0.203253
0.119649
0.456272
0.187039
0.0403127
0.0383265
0.245932
0.0343081
0.138529
0.0357035
0.164442
0.0318218
0.974758
0.0146233
0.0168583
0.520771
0.75851
0.0134659
0.0451195
0.190638
0.209668
0.00446001
0.0205929
0.0126609
0.0134249
0.0233802
0.514716
0.023099
0.0132749
0.0174418
0.017631
0.156373
0.0444669
0.012339
0.0233824
0.00619378
0.0176291
0.0105886
0.021865
0.598268
0.347417
0.184513
0.0195889
0.0233599
0.0309069
0.00521379
0.109712
0.0315432
0.0155395
0.0326879
0.0283007
0.153387
0.0439189
0.213962
0.0494551
0.195341
0.264245
0.027223
0.0762837
0.0358086
0.0673171
0.111656
0.172995
0.00869261
0.0451216
0.013104
0.177816
0.308836
0.303112
0.286636
0.0799552
0.0324237
0.286323
0.0101413
0.0579663
0.0183724
0.543531
0.0216696
0.103618
0.0209639
0.0279632
0.182443
0.00244211
0.0134183
0.0657957
0.03222
0.329685
0.211049
0.00413942
0.0209269
0.0122531
0.0217911
0.0106195
0.0134072
0.00121025
0.00506996
0.0112731
0.0148894
0.391397
0.00646515
0.35421
0.0115708
0.0172363
0.0202671
0.0454234
0.0172123
0.214408
0.220108
0.0327627
0.174933
0.0111477
0.0166726
0.0158422
0.0319257
0.0193726
0.00862819
0.0105977
0.0241976
0.205745
0.184065
0.0130582
0.0124413
0.222132
0.00919748
0.192064
0.00572536
0.0279198
0.062282
0.00786982
0.152903
0.0129246
0.0407217
0.0172699
0.285845
0.700773
0.00431238
0.0240023
0.461357
0.838886
0.0182142
0.0747989
0.355728
0.184762
0.01372
0.164639
0.00550287
0.00725421
0.029586
0.0526095
0.264889
0.0101128
0.00756132
0.0110516
0.1636
0.00900723
0.00339976
0.0124673
0.0304324
0.0299405
0.246385
0.241593
0.0189361
0.0392628
0.0454017
0.0504939
0.0805146
0.00379431
0.224592
0.0053525
0.364663
0.0063031
0.244869
0.149316
0.131274
0.0170149
0.118808
0.198074
0.25444
0.221529
0.442879
0.060592
0.465924
0.0891984
0.0487088
0.00554315
0.208492
0.0128685
0.0181232
0.00420065
0.00802036
0.0325625
0.169343
0.0297341
0.0144567
0.00487515
0.0121229
0.00817443
0.00544006
0.0334464
0.159671
0.147952
0.185965
0.0498466
0.438998
0.362696
0.287807
0.256618
0.0293144
0.00721155
0.0484748
0.135037
0.00326584
0.0698489
0.337234
0.00995844
0.0052481
0.511338
0.0444805
0.0327732
0.0412256
0.10836
0.0233766
0.0145494
0.0145415
0.00785333
0.071623
0.0387022
0.0173859
0.0109589
0.0309342
0.0259041
0.0213907
0.0037598
0.0345178
0.00638158
0.0333892
0.0161812
0.210862
0.0410838
0.013658
0.00958368
0.0337659
0.0101096
0.0177649
0.05207
0.00270989
0.00744328
0.00837013
0.0113031
0.0120108
0.025994
0.00695388
0.0245651
0.0130171
0.00677635
0.449333
0.0103001
0.00171708
0.410704
0.808783
0.0227534
0.0344106
0.0299932
0.0198802
0.069813
0.0180077
0.0138114
0.572872
0.0173773
0.0382474
0.0253196
0.0543615
0.0158674
0.0369158
0.00388674
0.0211103
0.039434
0.0172384
0.0176639
0.0135078
0.010347
0.0268399
0.0266561
0.00878369
0.0413127
0.0230973
0.023021
0.0420628
0.00630587
0.0161783
0.0164669
0.0528086
0.0204651
0.00998859
0.00499357
0.0103018
0.0119655
0.0361726
0.0182243
0.105118
0.0938856
0.00810485
0.0128898
0.136034
0.0121725
0.0217046
0.0173016
0.0166974
0.00984606
0.0115766
0.0290814
0.00515165
0.0155751
0.0837505
0.00288799
0.0084525
0.00600163
0.0548438
0.0161507
0.194157
0.0165849
0.00607372
0.0137967
0.264009
0.0199034
0.0199756
0.0145295
0.0326904
0.00612678
0.00893378
0.00805526
0.278013
0.00253582
0.00400314
0.773821
0.0157179
0.24918
0.121615
0.0819839
0.0597213
0.0145754
0.578944
0.0224519
0.287871
0.934061
2.37525
0.267182
0.278522
0.00232192
0.442006
0.310204
0.0365724
0.00160821
0.0130202
0.00682484
0.00762479
0.0364136
0.0193599
0.30912
0.177607
0.049287
0.0756878
0.0714326
0.00945643
0.00414832
0.00510096
0.0588752
0.0251408
0.0280716
0.126414
1.56879
0.0171212
0.00971281
0.492953
0.0801638
0.0232702
0.00841758
0.00493037
0.0306014
0.226126
0.00437207
0.0167351
1.79091
0.0130485
0.0209643
0.0228446
2.39912
0.442223
0.0163744
0.0219209
0.11135
2.56771
0.00458972
0.0101062
0.554293
0.0499321
0.0429961
0.00824351
0.0372452
0.209831
0.467955
2.48529
0.0582582
0.0641308
0.219208
0.0988162
0.267236
0.0401077
0.0291451
0.0110027
0.0243396
0.249317
0.0201571
0.397129
0.0267733
0.178022
0.119127
0.381009
0.034852
0.0834574
0.0469295
0.123487
0.00568771
0.203909
0.0230994
1.14226
0.00767271
0.0127168
0.0776358
0.0774384
0.242166
0.00444539
0.034078
0.0417835
0.0326124
0.115251
0.00291411
0.0324102
0.0174362
0.0768734
0.0199933
0.0771029
1.14187
0.10114
0.0342926
0.0136592
0.0502237
0.298769
0.0797143
0.0739048
0.165324
0.028756
0.294297
0.0751348
0.476529
0.655031
0.00698289
0.0377576
0.00918763
0.0390335
1.11689
0.753144
0.368456
0.0276838
0.0117812
0.21419
0.412319
0.0204321
0.0115816
0.0356713
0.0582658
0.0286693
0.218344
0.00401406
0.00502817
0.0944599
0.0152829
0.0164534
0.373989
1.43641
0.155546
0.0190485
0.190463
0.29226
0.513259
0.0314116
0.568691
0.145319
0.0488708
0.016233
0.22405
0.369906
1.12833
0.0275194
0.0944301
0.0104926
0.114903
0.0900326
0.0221481
0.141734
0.081841
0.409775
0.0303562
0.0278499
0.00660854
0.437705
0.228893
0.0853126
0.00981617
0.153545
0.0405426
0.347684
0.660595
0.0191112
0.0353102
0.0717443
0.293535
0.0403818
0.0402652
0.025554
0.0816538
0.0396915
0.0344259
0.114391
0.0292673
0.117712
0.0491689
0.0287161
0.116478
0.257058
0.0191717
0.0265342
0.109736
0.0338034
0.0429511
0.0552109
0.0918966
0.0175481
0.00667198
0.160317
0.0726229
0.36673
0.0959375
0.0225178
0.0523975
0.102842
0.109924
0.0770919
