0.0587393
0.0546757
0.140194
0.0270741
0.156303
0.0796603
0.0362348
0.0284728
0.0499289
0.0703929
0.0816946
0.0204106
0.0618539
0.00911759
0.114825
0.0550836
0.0162077
0.134753
0.199269
0.043568
0.0364346
0.0363156
0.428359
0.0302957
0.517845
0.0672192
0.0239266
0.0884627
0.0525976
0.0294211
0.135675
0.0332367
0.0906972
0.0352154
0.0269084
0.0119161
0.0543651
0.585905
0.104995
0.46601
0.0372834
0.072785
0.0348759
0.101529
0.0879102
0.0655056
0.0260816
0.0479042
0.00691642
0.0749315
0.104637
0.119935
1.05956
0.0116721
0.0205589
0.0259134
0.0142768
0.124266
0.0202874
0.0497116
0.0566612
0.0396653
0.0151704
0.0460837
0.0690735
0.0132778
0.0178339
0.048342
0.027253
0.0237394
0.0291642
0.0151658
0.0450085
0.02937
0.0508984
0.0695459
0.773382
0.0187123
0.0214365
0.0372757
0.0376024
0.0286333
0.0275778
0.0231182
0.0258899
0.0128239
0.823838
0.0842134
0.0399042
0.015096
0.83418
0.0426662
0.0461181
0.0598468
0.0371872
0.055547
0.0552544
0.0115543
0.0215403
0.0172001
0.843067
0.0759006
0.0445948
0.0632006
0.0699724
1.78134
0.0164883
0.0363164
0.0367729
0.0221614
0.0421015
0.0450814
0.0197643
0.0681152
0.0573379
0.0693134
0.754819
0.00776058
0.0287794
0.0614655
0.0294417
0.0204538
0.993922
0.0495372
0.0143293
0.0126073
0.0868941
0.020377
0.0550461
0.0266056
0.0571906
0.182125
0.0238897
0.139759
0.0298225
0.0350253
0.0523387
0.555989
0.0847186
0.178007
0.0500446
0.0877661
0.150561
0.0441885
0.0490128
0.00910061
0.0799813
0.152605
0.0463698
0.0952731
0.00495646
0.0493956
0.0547797
0.0182762
0.37893
0.0547592
0.29063
0.0730894
0.0333736
0.132991
0.154125
0.056098
0.0536365
0.181823
0.803345
0.0642566
0.0807569
0.0462532
0.177497
0.0307627
0.0149329
0.0361336
0.060688
0.119388
0.0628005
0.121801
0.0552029
0.195161
0.0402583
0.0528632
0.741728
0.0288451
0.0434578
1.67446
0.0693957
0.0207336
0.0154737
0.044254
0.0236604
0.170462
0.336874
0.026928
0.105826
0.119629
0.188023
0.0282625
0.0240843
0.119611
0.0157529
0.0197675
0.0271945
0.0724805
0.903055
0.0388507
0.208851
0.0130993
0.0426869
0.0309447
0.0367855
0.0692099
0.130568
0.0225559
0.182887
0.0661883
0.0399574
0.0456443
0.0511634
0.732125
0.0186611
1.11435
0.229531
0.0628156
0.0416705
0.0606598
0.0410986
0.139153
0.276907
0.0192102
0.0297817
0.0355129
0.0182598
0.0263914
0.022028
0.0416415
0.058551
0.0443066
0.0483306
0.0617067
0.0847094
0.0282959
0.278987
0.0546929
0.0419055
0.690164
0.0341287
0.0218104
0.737932
0.420282
0.0733923
0.077368
0.176057
0.0455112
0.0259988
0.0153489
0.0400658
0.0897816
0.0515147
0.0587916
0.0554754
0.0367856
0.0100214
0.0558166
0.0827577
0.0554965
0.0858359
0.018874
0.138914
0.0209774
0.0288017
0.0339221
0.0970922
0.0802585
0.0735842
0.0321166
0.0383616
0.0423443
0.0486789
0.185353
0.0778092
0.0222473
0.162928
0.762022
0.203402
0.048961
0.0189335
0.0570255
0.0949034
0.0856701
0.0647
0.0849225
0.101299
0.0267096
0.117874
0.0830777
0.0477732
0.018824
1.1852
0.0455084
0.0172143
0.0740118
0.0305544
0.108413
0.114111
0.05449
0.0317599
0.0631058
0.0839299
0.0307276
0.147491
0.17278
0.0231259
0.159468
0.0767665
0.0888909
0.0144134
0.364223
0.0146716
0.994108
0.185737
0.0329798
0.238141
0.0122487
0.0568676
0.128949
0.0241952
0.046572
0.064118
0.401576
0.16286
0.0662673
0.0577343
0.0334279
0.036295
0.0255439
0.0210269
0.0389688
0.036864
0.043263
0.0204683
0.111171
0.092224
0.178717
0.0742462
0.0268713
0.0319386
0.0541006
0.0245738
0.0479799
0.0763736
0.0836947
0.0652622
0.267843
0.0211877
0.103347
0.0860014
0.0839651
0.0107385
0.065927
0.0210098
0.0117513
0.371621
0.0278603
1.02557
0.0261244
0.0215041
0.0400682
0.0394823
0.0803503
0.267246
0.633166
0.0462889
0.062976
0.0237499
0.0423826
0.184797
0.072011
0.019679
0.0453882
0.0813492
0.0118999
1.00429
0.668088
0.0338575
0.0458217
0.0147362
0.0515165
0.0167556
0.0826417
0.0641005
0.114434
0.0373264
0.519548
0.0325834
0.615961
0.0232573
0.0146542
0.0338615
0.1949
0.293591
0.0633477
0.721245
0.0561509
0.127913
0.00851035
0.03768
0.0152098
0.0257491
0.0506731
0.0301954
0.00735289
0.0220072
0.0499715
0.0430312
0.0226598
0.0387461
0.0641993
0.808125
0.0359178
0.0109287
0.0250236
0.0112591
0.0165354
0.0383979
0.213557
0.0212885
0.0861344
0.0261358
0.044177
0.057017
0.0395966
0.977612
0.0116544
0.0175435
0.159754
0.0921809
0.029275
0.00423012
0.0532608
0.0540568
0.343226
0.0482024
0.38996
0.0321473
0.755673
0.0664274
0.0577454
0.00900743
0.151865
0.0501807
0.0264206
0.0510605
0.038309
0.0211363
0.201189
0.0202711
0.501266
0.125363
0.0414257
0.0760449
1.40514
0.180548
0.0507674
0.0229513
0.0315131
0.112929
0.0442856
0.0393159
0.509617
0.0316078
0.0422923
0.0311882
0.0133175
0.019754
0.10028
0.0646732
0.0181628
0.0451807
0.0203023
0.0164514
0.12053
0.0560431
0.00480124
0.0183678
0.046271
0.505053
0.0550951
0.0462595
0.085718
0.033027
0.0485654
0.028961
0.0171405
0.0154538
0.0489146
0.0418024
0.0426167
0.0274096
0.0549637
0.075712
0.105012
0.0927345
0.108795
0.0543066
0.0136181
0.0722488
0.196048
0.0524361
0.00986321
0.187588
0.11189
0.469607
0.184047
0.233455
0.57252
0.370837
0.344438
0.32294
0.0502327
0.0122806
0.0400999
0.0148538
0.0183014
0.0283047
1.2974
0.0517408
0.0151042
0.457522
0.733908
0.0350326
0.0244638
0.0602496
0.0685559
0.0291341
0.0428152
0.203191
0.0407079
0.0362633
0.422811
0.077897
0.179194
0.606239
0.0971974
0.193304
0.0370579
0.0190012
0.160981
0.149152
0.0526624
0.208497
0.0897722
0.0933038
0.0848762
0.0855236
0.149896
0.084786
0.0490019
0.0836423
0.0161529
0.527762
0.165489
0.0315549
0.0732342
0.0486535
0.0566133
0.0163102
0.0350795
0.155644
0.0233739
0.215118
0.834547
0.0301792
0.125
0.0173051
0.0833589
0.0395268
0.434909
0.00966745
0.291734
0.102232
0.216275
0.104395
0.0843425
0.0761193
0.0821175
0.0210009
0.512024
0.0361178
0.458547
0.108303
0.0546493
0.0329079
0.0311129
0.327243
0.0383595
0.0245711
0.567887
0.0717895
0.0723874
0.0137286
0.0234916
0.252297
0.0373215
0.25717
0.10101
0.052934
0.0177936
0.0430241
0.212929
0.10804
0.0533048
0.10066
0.041585
0.102381
0.0573082
0.0124264
0.83152
0.0602705
0.0736069
0.0757183
0.41936
0.0866781
0.0475755
0.0222229
0.00445289
0.144344
0.0144409
0.0470883
0.0694128
0.0715457
0.0255974
0.0285364
0.242295
0.0436775
0.0399649
0.0275663
0.0382247
0.0254407
0.0947319
0.0283866
0.0258154
0.028802
0.333588
0.0358426
0.0393201
0.374942
0.0392743
0.185541
0.050714
0.315477
0.261531
0.118601
0.0833203
0.0416528
0.405545
0.245124
0.11109
0.228612
0.0630373
0.264367
0.376166
0.967739
0.0339375
0.0179634
0.745117
0.0143958
0.00914455
0.0735145
0.0737953
0.0341122
0.156687
0.131474
0.0564874
0.219823
0.501706
0.316237
0.0523636
0.832771
0.031916
0.0322412
0.673455
0.112679
0.415308
0.0509012
0.240827
0.804929
0.107101
0.0604617
0.0671681
0.0671853
0.766751
0.0389069
1.37777
0.782065
0.107376
0.329868
0.031692
0.402986
0.0698173
0.400169
0.0310165
0.0133071
0.108846
0.837022
0.0319264
0.0322176
0.894792
0.0276268
0.0191128
0.965935
0.0177828
0.0648718
0.0419902
0.0690742
0.0384039
0.0166366
0.013949
0.0698624
0.0443444
0.0547765
0.0515074
0.196045
0.292881
0.162199
0.142136
0.0387086
0.111511
0.219182
0.048797
0.0215162
0.0196013
0.0269519
0.00229378
0.0340637
0.0123188
0.0301364
0.0212841
0.021752
0.00872565
0.0512831
0.054553
0.0210217
0.0731049
0.00457408
0.0677607
0.0406597
0.0377579
0.109822
0.0260036
0.244424
0.0229431
0.52721
0.0555835
0.0377318
0.0515406
0.103049
0.0325382
0.0264556
0.54242
0.0435722
0.0602128
0.0032267
0.0685593
0.0288013
0.0336178
0.0445248
0.0109455
0.063418
0.0239421
0.262103
0.212444
0.194074
0.39277
0.216655
0.0163513
0.0926209
0.300412
0.0226073
0.0540598
0.0160218
0.062752
0.0180587
0.0408846
0.0101051
0.0253639
0.00745952
0.0257769
0.0271207
0.0993057
0.0457705
0.200212
0.00649579
0.0179731
0.131807
0.0471755
0.102479
0.0318334
0.0282906
0.0440793
0.0193646
0.031714
0.0342607
0.0405629
0.0212421
0.0210081
0.0161349
0.0458264
0.0490167
0.0318739
0.0271114
0.0143706
0.0239064
0.0945291
0.0294937
0.00994324
0.0312832
0.0417604
0.0251041
0.0373507
0.410982
0.185896
0.0414114
1.42328
1.85064
0.0475072
0.0363871
0.200595
0.473515
0.330914
0.102035
0.0460029
0.0882215
0.219315
0.420327
0.330035
0.277103
0.285021
0.0788817
0.0378297
0.117432
0.0153908
0.0276535
1.03226
0.0355405
0.0367193
0.295795
0.0310173
1.06469
0.0441698
0.774955
0.489025
0.447094
0.226802
0.801603
1.17993
0.109012
0.136379
1.47559
0.02776
0.0322505
0.063864
1.20085
0.0286653
0.0630886
0.0402009
0.0776766
0.00899014
0.0875768
0.046186
0.0241924
0.0266695
0.0364361
0.0244513
0.0221184
0.921929
0.73107
0.0132612
0.0717384
0.0509262
0.45449
0.0861273
0.272731
0.0364053
0.203161
0.385696
0.0550646
0.0266175
0.636451
0.196593
0.0973546
1.17676
0.177198
0.0420926
0.0426546
0.364172
1.03805
0.0290914
0.114935
0.350437
0.49815
0.0136344
0.19697
0.0110289
1.31686
0.0109592
0.0776001
0.0814495
0.0409546
0.0605346
0.647953
0.0166065
0.0906304
0.0322898
0.031856
0.24425
0.18517
0.23178
0.254638
1.00105
0.0374868
0.00675119
0.326136
0.104337
0.00878731
0.590288
0.150587
0.0309177
0.0345719
0.474217
0.179286
0.0279412
0.526155
0.0343995
0.0480294
0.0670186
0.0124649
0.0632005
0.15328
0.0224132
0.176657
0.105413
0.0453191
0.0221997
0.0999304
0.0711935
0.0406965
0.491909
0.0397018
0.0292967
0.0348236
0.0323683
0.02271
0.0218978
0.024604
0.0346521
0.0354152
0.0215043
0.0394453
0.0314911
0.0361328
0.0346809
0.688913
0.0195928
0.0324075
0.0540853
0.259141
0.272859
0.0584643
0.69336
0.191583
0.0180134
0.0170606
0.0999347
0.0429668
0.046441
0.192885
0.0341163
0.00932209
0.065162
0.0242972
0.0184799
0.0176471
0.0117225
0.0135651
0.172459
0.0624197
0.157656
0.0232511
0.0302719
0.007963
0.485927
0.0285669
0.759428
0.0406069
0.0659449
0.0273897
0.0444527
1.01773
0.359709
0.0283334
0.0351959
0.0251139
0.0141752
0.0540963
0.0328559
0.0127522
0.0927193
0.134976
0.05018
0.0267761
0.0209927
0.0278782
0.0705388
0.317425
0.0460114
0.823057
0.0218728
0.0251809
0.0183264
0.0220126
0.0244532
1.12901
0.0426487
0.0491381
0.0260215
0.0417132
0.0129797
0.0422638
0.00836559
0.0390408
0.0708347
0.056341
0.0363894
0.0102246
0.0851685
0.0411986
0.0474964
0.0270882
0.0896728
0.0698924
1.85205
0.27221
0.0406648
0.0418588
0.0523116
0.0941502
0.0420175
0.131551
0.0518009
0.0144094
0.320376
0.0199709
0.0510181
0.0302926
0.0405214
0.0503274
0.0901333
0.03481
0.0170449
0.0461336
0.0323538
0.0252848
0.0412652
0.0370501
0.0284324
0.746031
0.0603851
0.0429461
0.326719
0.0562574
0.0730506
0.0450143
0.0419788
0.16931
0.0604615
0.670535
0.21017
0.0395833
0.132021
0.089351
0.0189899
0.0266615
0.0293676
0.927744
0.0530107
0.0237302
0.0269991
0.0127664
0.0500006
0.0460451
0.0208491
0.034949
0.0488012
0.0591965
0.581715
0.0679152
0.0152396
0.0248737
0.0183883
0.00908691
0.0149659
0.0410378
0.015742
0.0288405
0.0363213
0.0704344
0.0271813
0.0311214
0.00585456
0.0424932
0.0660744
0.0977315
0.0241517
0.0226891
0.0140736
0.114567
0.127606
0.256409
0.0343984
0.105151
0.0235332
0.105903
0.7577
0.173984
0.0126195
0.0456901
0.0272204
0.393696
0.117362
0.0630857
0.274829
0.0741445
0.0987548
0.0454692
0.115089
0.0171613
0.0442655
0.0547779
0.0389327
0.100476
0.0342217
0.0341968
0.135148
0.599246
0.0172382
0.0400071
0.0632223
0.038924
0.0227226
0.0532129
0.0302651
0.221631
0.145989
0.0621545
0.134689
0.373989
0.369485
0.0378141
0.353861
0.0500651
0.0386139
0.0110418
0.0169664
0.0311562
0.0296343
0.180621
0.584129
0.25792
0.047405
0.0496817
0.323213
0.0264729
0.279349
0.0243019
0.727327
0.0256251
0.0513492
0.101665
0.00988063
0.0610381
0.145313
0.942071
0.582688
0.0693655
0.0889606
0.492846
0.180425
1.64124
0.138685
0.0392975
0.192969
0.129776
0.219927
0.0560849
0.104953
0.130341
0.0440099
0.261901
0.319896
0.172186
0.226153
0.668994
0.16998
0.224699
0.458445
0.0786145
0.3209
0.0874643
1.29072
0.0286615
0.103723
0.240463
0.0194106
0.155167
0.146751
0.468043
0.311019
0.116255
0.135576
0.0360821
0.642537
0.153721
0.029242
0.0246846
0.0103388
0.0642492
0.125185
0.0167098
0.245442
0.0320686
0.0807094
0.0273277
0.0469261
0.109221
0.108445
0.930158
0.0390957
0.0486439
0.0830425
0.882143
0.122827
0.0209109
0.0330605
0.100555
0.0444848
0.0109303
0.0168548
0.264567
0.559596
0.0885892
0.0311203
0.0323509
1.54463
0.666193
0.0525058
0.224307
0.113629
0.0205363
0.0245397
0.0661273
0.0144754
0.0371858
0.0219363
0.0181014
0.0183321
0.0110316
0.0555699
0.0178185
0.0533596
0.0274763
0.060772
0.0836033
0.033193
0.060215
0.0216076
0.650708
0.0333439
0.0294095
0.0976253
0.0203242
0.318477
0.260843
0.103658
0.0462181
0.0850137
1.22337
0.285366
0.0606344
0.315809
0.0321468
0.0479654
0.0448086
0.181578
0.0615515
0.037606
0.0429593
0.0264458
0.0333453
0.0180403
0.639126
0.0620464
0.0614789
0.0513903
0.0317812
0.0429688
0.032378
0.0273924
0.0374632
0.627057
0.257802
0.0370591
0.0556151
0.102235
0.0351718
0.0372637
0.0356615
0.0394589
0.0200495
0.0293242
0.00903834
0.0175147
0.6678
0.0508224
0.512137
0.031849
0.0253257
0.0702971
0.0376573
0.042619
0.0637019
0.0321849
0.0273262
0.0159188
0.099064
0.0424266
0.0299316
0.0231394
0.0333738
0.563096
0.0302458
0.496295
0.0316834
0.0373859
0.0648393
0.0312774
0.033205
0.00964319
0.0107186
0.0367817
0.750609
0.0177427
0.236599
0.165747
0.0525396
0.0534801
0.31461
0.371342
0.00960355
0.245311
1.05573
0.0176647
0.0671586
0.0101983
0.0445892
0.0880176
0.0204221
0.0696042
0.146932
0.0302707
0.0439802
0.0239272
0.0236371
0.0322964
0.0505208
0.273658
0.22778
0.382557
0.0148448
0.0479348
0.022616
1.52475
0.182354
0.108407
0.127215
0.22479
0.330964
0.0503387
0.0521819
0.079574
0.0372644
0.0231954
0.0405381
0.579183
0.176453
0.0535455
0.0478415
0.630437
0.569643
0.891505
0.137484
0.111737
0.720993
0.0334218
0.610509
0.0880073
0.892964
0.795122
1.23382
5.02904
0.509622
0.1621
0.416285
0.0820805
0.530981
0.122611
0.982604
0.129397
0.178184
0.0631821
0.00576263
0.12662
0.0472456
0.0195123
0.0426071
0.00957502
0.0361232
0.0184824
0.0800615
0.180375
1.08289
0.0221762
0.0877669
0.0976242
0.029515
0.398082
0.057706
0.0641935
1.4858
0.0487331
0.2839
0.0625077
0.0214138
0.0172733
0.0280899
0.0121478
0.0244711
0.0227485
0.111893
0.120013
0.301941
0.164754
0.0420138
0.0972673
0.0191247
0.72907
0.116852
0.228475
0.00737834
0.0361384
0.0265599
0.0338988
0.0934354
0.0226337
0.0151583
0.0477585
0.0207548
0.0520094
0.078058
0.0380855
1.37075
0.0860445
0.0518445
0.106634
0.0134338
0.0375947
2.69029
0.0805963
0.0226134
0.0218801
0.111289
0.0831521
0.778735
0.0626887
0.0450022
0.0374013
0.0564353
0.086457
0.0414866
0.679644
0.196024
0.0578948
0.183606
0.0412531
0.060044
0.0155086
0.0402216
0.0647936
0.0626123
0.122151
0.0956235
0.152718
0.473745
0.231166
0.355752
0.0891471
0.164662
0.1532
0.0962396
0.0177967
0.798804
0.0595342
0.309102
0.0468436
0.0107533
0.0424618
0.0980999
0.0383638
0.0100345
0.0214574
0.0999276
0.0723454
0.0255688
0.0425108
0.109787
0.75315
0.0888276
0.0856771
0.0610729
0.0960645
0.707217
0.0114066
0.164905
0.0470625
0.0225543
0.0186132
0.035679
0.0319906
0.0305069
0.0242702
0.1996
0.0137168
0.021353
0.0289265
0.0203895
0.111083
0.0325675
0.232883
0.0822409
0.00987941
0.0647638
0.0351088
0.0206844
0.0511657
0.0269014
0.0212324
0.0291638
0.0117904
0.00928783
0.0600385
0.0296887
0.0104089
0.0354872
0.00685056
0.0133063
0.0493491
0.052454
0.0357253
0.0132437
0.0164511
0.0173084
0.279963
0.0114286
0.317511
0.040436
0.0153805
0.0208097
0.0365784
0.662083
0.989287
0.0370248
0.0381209
0.0138143
0.0362697
0.0734243
0.0422063
0.0304014
0.201402
0.435823
0.0432426
0.506424
0.19754
0.290712
0.0726187
0.105883
0.464209
0.0857582
0.109944
0.0963355
0.0160681
0.101603
0.140695
0.153395
0.0633661
1.0981
0.748824
0.0596434
0.162818
0.179982
0.161071
0.677219
0.0500963
0.037734
0.737997
0.0130421
0.0397965
0.0585016
0.0892716
0.221158
0.11413
0.247785
0.0190916
0.31026
0.296577
0.421913
0.0276163
0.393492
0.740101
0.0475343
0.769027
0.0635808
0.109933
0.629803
0.0267415
0.780545
0.100119
0.213748
0.49019
0.108056
0.0516032
0.123519
0.0506697
0.629316
0.148045
0.0559728
0.118396
0.0532284
0.014693
0.852221
0.19212
0.0278518
0.00719169
0.0201059
0.0399674
0.0143785
0.0522448
0.0842419
0.010792
0.0160924
0.0457475
0.0187545
0.0333129
0.0170481
0.233825
0.0242939
0.0388018
0.0614233
0.037314
0.0588929
0.0105786
0.0363575
0.0296303
0.0177538
1.55167
0.00826833
0.158713
0.0847424
0.0421785
0.107958
0.119458
0.0665081
0.341476
0.0369242
0.0708903
0.0415665
0.096868
0.0729812
0.0432675
0.0602024
0.0642407
0.00718461
0.289619
0.0528228
0.0822166
0.0446466
0.329414
0.066256
0.0226572
0.00574295
0.197901
0.325825
0.19904
0.0626335
0.939264
0.0726142
0.0880291
0.159781
0.00778238
0.0364553
0.0966508
0.0462043
0.0790146
0.130226
0.107677
0.0518502
0.0819508
0.170162
0.133095
0.377444
0.161505
0.071574
0.250625
0.0452261
0.0161173
0.370524
0.0710728
0.0353062
0.0229844
0.0332053
0.0323786
0.134395
0.0268975
0.0217242
0.0274772
0.00644271
0.0279254
0.0353779
0.0121841
0.0224328
0.0608356
0.0628704
0.0241051
0.0051995
0.0213731
0.0385717
0.0215223
0.0382748
0.0616707
0.043915
0.0227784
0.0516193
0.0773646
0.0186555
0.019591
0.0301349
0.0310696
0.011121
0.0191254
0.0125297
0.0691299
0.131383
0.14014
0.124962
0.0697601
0.0163526
0.19214
0.0790915
0.170362
0.710516
0.0467569
0.0498476
0.0247205
0.396391
0.0771167
0.132652
0.0862958
0.0122275
0.0262812
0.0417872
0.104934
0.0189298
0.213517
0.0284607
0.00313711
0.0490362
0.0480745
0.0485818
0.0338639
0.198057
0.0354379
0.0564267
0.0423166
0.250319
0.336825
0.264649
0.0922992
0.104065
0.705487
0.0701145
0.273361
0.717739
0.0105138
0.0360031
0.0168389
0.771721
0.187309
0.122654
0.135641
0.101111
0.0349523
0.0273429
0.123422
0.0501919
0.134494
0.0466744
0.0498773
0.216172
0.0224561
0.165253
1.2511
0.0616799
0.0974376
0.102181
0.0872141
0.161009
0.69668
0.190821
0.00800725
0.371555
0.160281
0.116263
0.148815
0.038069
0.0365868
0.594013
0.0806846
0.177304
0.681827
0.374673
0.338048
0.40252
0.39786
0.0691124
0.409966
0.436614
0.185006
0.327088
0.266243
0.462309
0.010298
0.020009
0.0501934
0.0752737
0.0221642
0.86049
0.0549453
0.289251
0.500208
0.0693917
0.211328
0.0205772
0.0758102
0.127358
0.39191
0.396301
0.0176106
0.0280588
0.16903
0.0646993
0.0193953
0.043911
0.0243869
0.0210061
0.0443292
0.0103413
0.0552437
0.0376042
0.774517
0.0305328
0.0195674
0.178432
0.0561336
0.0606051
0.113654
0.183591
0.0305461
0.0227511
0.0660235
0.892427
0.0425286
0.0233043
0.480478
0.0945614
0.0403008
0.0738814
0.0611921
0.0323171
0.0304721
0.0191946
0.025784
0.00720376
0.0589543
0.0208528
0.0676152
0.0636415
0.0453911
0.0162655
0.0557245
0.0272829
0.0430886
0.0224789
0.338337
0.0257735
0.0273187
0.020785
0.0185232
0.036611
0.0184282
0.669932
0.0268801
0.058396
0.0373665
1.04801
0.0718869
0.0298578
0.0443748
0.182853
0.0079379
0.0308489
0.0655236
0.0222954
0.170717
0.0165874
0.0131305
0.00891649
0.0209838
0.0446239
0.113213
0.0326346
0.0254657
0.0418431
0.0478331
0.0218053
0.0682229
0.0682441
0.0863121
0.0279783
0.0219762
0.0929072
0.0902701
0.0955152
0.0133299
0.0746324
0.0683828
0.0100752
0.809017
0.144167
0.0195871
0.0343285
0.0490338
0.0860876
0.167849
0.0547085
0.091406
0.0485009
0.124682
0.0408956
0.03892
0.0640782
0.430087
0.0484846
0.0628257
0.0151361
0.0678374
0.0373782
0.0448723
0.0335684
0.593993
0.027353
0.0716657
0.200773
0.0370366
0.0712413
0.0353519
0.0114055
0.0561238
0.068761
0.0861459
0.0522248
0.043343
0.0583797
0.247094
0.0495241
0.113088
0.0636478
0.0681078
0.0621549
0.013496
0.0517022
0.0363559
0.0194598
0.0174253
0.812844
0.112192
0.837341
0.195837
2.48507
0.0213006
0.013654
0.131989
0.719459
0.0888904
0.0575284
0.00375174
0.210752
0.0626524
0.330737
0.0291452
0.0672475
0.415099
0.0951066
0.0465437
0.0198398
0.361042
0.00944842
0.0142624
0.0238016
0.188881
0.0278142
0.156565
0.109914
0.494166
0.0594341
0.179005
0.0634525
0.0592198
0.027241
0.0590692
0.0590757
0.00687231
0.00847795
0.418725
0.10002
0.0177188
0.0288182
0.0130944
0.0240761
0.0663075
0.0812051
0.0255532
0.00359029
0.06132
1.03578
0.258849
0.236399
0.119752
0.509487
0.0215734
0.0140717
0.0196855
0.0703138
0.280855
0.0359963
0.0296274
0.0256092
0.516674
0.147801
0.427788
0.0268174
0.7127
0.0252972
0.0110419
0.0298717
0.0173929
0.0305018
0.0340435
0.257684
0.00621017
0.0425893
0.0154795
0.0517092
0.0622657
0.00742732
0.608848
0.217323
0.0171016
0.0367126
0.383393
0.041456
0.452682
0.345407
0.21449
0.0197425
0.244103
0.0943601
0.390426
0.01473
0.0918717
0.0106072
0.090496
0.645206
0.0499553
0.0136126
0.329871
0.135201
0.119972
0.0792002
0.131005
0.750456
0.392051
0.30103
0.127346
0.0405124
0.0280754
0.0845331
0.0491746
0.0436924
0.0168999
0.0234303
0.798691
0.111152
0.0581334
0.0633408
0.0335242
0.0153454
0.0240275
0.0270427
1.02939
0.0188729
0.0430616
0.0323298
0.170007
0.0850028
0.175732
0.0257721
0.0439199
0.0273825
0.0186725
0.0132193
0.030189
0.200148
0.0408939
0.0663064
2.84603
0.0214579
0.077719
0.0514026
0.0354657
0.0574609
0.0185206
0.0375577
0.0261953
0.466696
0.0624832
0.0187064
0.114984
0.0272031
0.0372408
0.0582924
0.0620898
0.0265615
0.0270537
0.266514
0.00452155
0.071375
0.174082
0.0785422
0.0186324
0.615607
0.153992
0.0617463
0.0223142
0.0263927
0.0238349
0.346387
0.047657
0.123472
0.295902
0.107512
0.0115903
0.626986
0.0397399
0.534394
0.223119
0.131718
0.0337144
0.215405
0.0534792
0.0117912
0.0920419
0.598462
0.0293892
0.188626
0.0224911
0.183419
0.419816
0.0847004
0.0254388
0.0396032
0.0160365
0.027373
0.0190914
0.297981
0.219544
0.431407
0.05125
0.0374818
0.010251
0.052109
0.78156
0.0553395
0.0275218
0.042961
0.107226
0.0125639
0.00893178
0.0365193
0.0820092
0.0534386
0.0214405
0.321104
0.162644
0.0109396
0.0211006
0.0241133
0.0301467
0.0350791
0.136336
0.0282383
0.0077998
0.101734
0.143106
0.0224196
0.0309904
0.00945715
0.0346432
0.126604
0.0415709
0.0622641
0.189108
0.0760401
0.0339761
0.0149116
0.0308425
0.00641326
0.217479
0.875473
0.0193597
0.0100699
0.986116
0.20576
0.00782663
0.0191903
0.0336879
0.0503723
0.059767
1.57298
0.0242968
0.981788
0.0521349
0.0602559
0.0138844
0.023086
0.045685
0.0333972
0.029578
0.0287371
0.00877676
0.0580762
0.0769305
0.539679
0.93282
0.011553
0.646992
0.07332
0.216803
0.929098
0.164165
0.296725
0.767764
0.150094
0.0785596
0.190619
0.78522
0.0982194
0.0496825
0.0994377
0.147245
0.498516
0.122672
0.03286
0.0310643
0.298896
0.365991
0.22161
0.427163
0.59259
0.127361
0.46427
0.0276965
0.0593919
0.0148168
0.0852851
0.252599
0.0369197
0.0311132
0.229831
0.0903076
0.866648
0.0376796
0.090076
0.152018
0.0235363
0.0215043
0.00688011
0.0169777
0.563967
0.0497549
0.00739052
0.0231265
0.02567
0.0727474
0.053459
0.0368852
0.0424092
0.0716084
0.0140912
0.545808
0.044288
0.0525033
0.0465666
0.023781
0.0280796
0.277206
0.0699365
0.127731
0.0180489
0.078092
0.135504
0.365606
0.0346741
0.97429
0.0391689
0.0644822
0.490367
0.125693
1.3564
0.423617
0.163157
0.210692
0.0423002
0.113887
0.196948
0.324498
0.100024
0.358441
0.176638
0.309634
0.584732
1.45431
0.170825
0.730579
0.102784
0.228596
0.257666
0.117052
0.322968
3.06769
0.218353
0.165286
0.449114
0.0275496
0.185075
0.0553081
0.0262796
0.00582526
0.251479
0.377287
0.398399
1.07287
0.12025
0.104885
0.432927
0.0237184
0.0183057
0.326522
0.0906535
0.472834
0.385385
0.284929
0.0331149
0.623106
0.104707
0.0989362
0.313208
0.832734
0.13434
0.0939834
0.246567
0.205918
0.187643
0.0575202
0.0124432
0.0144568
0.404906
0.0290794
0.0533729
0.0365464
0.0698959
0.0286503
0.076046
0.0225914
0.524831
0.0139138
0.0501162
0.0344575
0.0244451
0.721294
0.501772
0.0365079
0.0134487
0.0100004
0.0505001
0.0627204
0.051781
0.0287942
0.741138
0.0262038
0.0199272
0.0226334
0.00641854
0.0506871
0.0368935
0.0275443
0.0285996
0.0441661
0.0623782
0.00757523
0.0297643
0.0180914
0.126029
0.0184154
0.00759288
0.0572078
0.0328669
0.0350402
1.02672
0.0202238
0.022212
0.0376725
0.0178161
0.085371
0.0332487
0.0401481
0.0718662
0.0234796
0.0214178
0.0201075
0.053301
0.0164531
0.0399184
0.133259
0.0995495
0.0279532
0.0311962
0.0174695
0.0561713
0.0235358
0.0365115
0.0262859
0.0331559
0.0292931
0.023201
0.126267
0.80971
0.0525906
0.0414874
0.0426588
0.0231414
0.0322965
0.01943
0.0669403
0.737741
0.0221553
0.0538654
0.0505134
0.0690699
0.161025
0.0786994
0.0378306
0.0387789
0.358383
0.0331869
0.136357
0.813712
0.263484
0.0278406
0.378663
0.0610299
0.0558918
0.0124801
0.0579552
0.0768202
0.149261
0.0689586
0.0416312
0.0749421
0.150391
0.0204273
0.252202
0.0846037
0.0568622
0.843354
0.0376394
0.00817532
0.0529551
0.257088
0.617922
0.0367095
0.0107527
0.0244316
0.0681563
0.0925991
0.0673358
0.0920719
0.0215992
0.0311091
0.0669486
0.0863322
0.070896
0.129706
0.102222
0.0444385
0.0331565
0.0104993
0.0262739
0.027195
0.0280622
0.0339581
0.856929
0.0924914
0.00634299
0.032429
0.0810477
0.0550301
0.0429307
0.0496279
0.569869
0.0281911
0.0817099
0.0477486
0.0132755
0.0412418
0.0271806
0.0321958
0.0348801
0.0182044
0.0242219
0.0522281
0.994132
0.0875974
0.0133702
0.0170339
0.0356144
0.0410923
0.108732
0.0154185
0.0371214
0.271726
0.0397746
0.073952
0.740237
0.0154346
1.22853
0.0380736
0.0637061
0.0201037
0.0109759
0.00460112
0.0200061
0.0362686
0.0503092
0.863573
0.570588
0.20569
0.549052
0.0511195
0.089288
0.255615
0.169903
0.589563
0.346291
0.203559
0.0903815
0.0430663
0.0625456
0.0325993
0.0280426
0.023886
0.11549
0.0571991
0.0558255
0.387871
0.0102581
0.0180928
0.0464776
0.0370059
0.0356423
0.26747
0.0717464
0.0230907
0.317828
0.0660375
0.193721
0.178613
0.033474
0.258858
0.123959
0.123623
0.763952
0.0822145
0.0496553
0.31158
0.129937
0.240047
0.210428
0.473684
0.16337
0.896439
0.78932
0.909948
0.397896
0.124317
0.110608
1.14817
0.0398078
0.4996
0.255562
0.0378917
0.116833
0.111314
0.00638391
0.11201
0.66037
0.185511
0.025866
0.056311
0.0352569
0.0365672
0.419313
0.193683
0.0935788
0.0558472
0.0396774
0.0411961
0.0304412
0.0938914
0.115002
1.01581
0.451825
0.0926846
0.0517338
0.0156928
0.82446
0.0605301
0.691115
0.711502
0.037079
0.654702
0.0508194
0.19232
0.68098
0.0503628
0.0189962
0.0240269
0.0839939
0.0117659
0.0173247
0.0480703
1.09176
0.838698
0.0479788
0.0255209
0.620796
0.0258637
0.0312046
0.0086383
0.0400311
0.0252449
0.037839
0.0641836
0.0246047
0.0096208
0.493498
0.0260052
0.0320775
0.0263468
0.0296632
0.0372991
0.0262912
0.0545653
0.0493459
0.10006
0.0226827
0.0222453
0.658262
0.0154858
0.011785
0.0802941
0.104215
0.0337833
0.0559256
0.0285109
0.0524708
0.0636034
0.0301928
0.0263429
0.0156203
0.0684358
0.0249883
0.0506751
0.0209657
1.03873
0.0273774
0.020642
0.0158924
0.646195
0.0328051
0.0498902
0.0979071
2.71025
0.0115196
0.130882
0.032065
0.0922953
0.26393
0.0299348
0.0186041
0.0376752
0.0775602
0.117661
0.306909
0.353859
0.774501
0.0359986
0.0220488
0.120915
0.139115
0.0246208
0.0346627
0.045401
0.00800746
0.103861
0.0542224
0.00405001
0.0261541
0.773447
0.0497481
0.0189108
0.114438
0.25017
0.0797114
0.0253404
0.111736
0.0246897
0.020013
0.0978252
0.00961499
0.0218191
0.0545526
0.09562
0.799028
0.034771
0.040902
0.306845
0.181534
0.0183365
0.0343516
0.0383961
0.0241379
0.0243493
1.51228
0.0201736
0.749876
0.0570721
0.152539
0.993564
0.00447383
0.0788422
0.0476377
0.043791
0.045079
0.0494945
0.0219331
0.121739
0.0422934
0.0258291
0.192798
0.0463743
0.0161327
0.10219
0.0147862
0.048353
0.0467579
0.0178163
0.0622783
2.56389
0.0973697
0.0369336
0.00266561
0.539201
0.0184031
0.0761746
0.0229387
0.157153
0.0339863
0.0422398
0.00849552
0.0552574
0.285811
0.0150441
0.0352295
0.0843932
0.0824258
0.017215
1.00785
0.0891837
0.606789
0.228727
0.0576294
0.419679
0.471525
0.172174
0.713246
0.109571
0.038294
0.0587301
0.108766
0.205586
0.525484
0.128058
0.0137159
0.028828
0.0264235
0.0186095
0.0518937
0.0272212
0.0555524
0.449142
0.225485
0.722699
0.767434
0.171428
0.0628672
0.0226265
0.0625199
0.0375364
0.0432621
0.0207683
0.0213917
0.0490219
0.0958339
0.0795881
0.0656542
0.0316282
0.777316
0.239541
0.312087
0.048335
0.178258
0.0781557
0.0686547
0.0793921
0.130957
0.031203
0.0856288
0.537273
0.070568
0.024985
0.0165024
0.0961034
0.0264797
0.0382837
0.156486
0.337151
0.0377802
0.0689544
0.129157
0.280674
0.230436
1.22829
0.385753
0.256944
0.0302002
0.387859
0.077321
0.0168277
0.640771
0.363753
0.095773
0.259795
0.0919717
0.0328199
0.0751496
0.15814
0.172871
0.59046
0.0525241
0.213719
0.349728
0.153663
0.0234445
0.0356695
0.034894
0.484933
1.134
0.98051
0.224387
0.167339
0.354538
0.0134673
0.799993
0.0187064
0.0587537
0.0810532
2.08692
0.0697283
0.0179108
0.0540784
0.0759417
0.0178105
0.0506305
0.297061
0.0700719
0.050077
0.0610911
0.0255824
0.0115183
0.0312904
0.0590858
2.32731
0.0142302
0.0450011
0.293515
0.067667
0.0319187
0.0342753
0.0135145
0.0393561
0.0373698
0.113553
0.0132889
0.0507695
0.0351187
0.0427778
0.0172949
0.0331811
0.0390386
0.233416
0.0677189
0.437781
0.0527809
0.866795
0.0728472
0.0650979
0.206418
0.0133562
0.00427636
0.0496205
0.0107995
0.0277739
0.0501224
0.0244281
0.109126
0.161211
0.043572
0.0343392
0.0207673
0.0327363
0.0471885
0.0580358
0.513723
0.033797
0.032348
0.0472423
0.0268889
0.0321096
0.0307168
0.112808
0.557045
0.0193386
0.0545487
0.0403446
0.0983788
0.0605494
0.0410584
0.0339567
0.687864
0.0333465
0.0372002
0.8111
0.0103891
0.0350357
0.0394752
0.0145773
0.0367414
0.029
0.0534786
0.0237547
1.00203
0.7857
0.0588217
0.0404764
0.0592719
0.0155864
0.0188671
0.0310149
1.86396
0.0650939
0.0602728
0.951163
0.0505938
0.011868
0.0333148
0.0436243
0.048071
0.0319696
0.0474252
0.0141746
0.065712
0.541687
0.0326003
0.0440039
0.0189219
0.0367249
0.0415659
0.016435
0.0154671
0.0421576
0.0235149
0.0226347
0.0261092
0.00702595
0.0550186
0.23999
0.0601077
0.100408
0.0140218
0.0516961
0.0922074
0.0253813
0.265971
0.0275426
0.284901
0.028316
0.779291
0.0104566
0.713844
0.0190423
0.0260246
0.734171
0.0555063
0.0172575
0.0140136
0.212919
0.892147
0.877244
0.0279512
0.0563158
0.0457288
0.0580255
0.0279486
0.0153668
0.0556501
0.020065
0.0584708
0.317769
0.0556164
0.0265903
0.226576
0.00893319
0.0193376
0.419285
0.123042
0.455883
0.029767
0.102814
0.263674
0.668143
0.351923
0.10735
0.0482
0.0232496
0.372747
0.113549
0.0124436
0.0492399
0.516354
0.0619609
0.657319
0.0120934
0.210026
0.0438811
0.131377
0.166141
0.778926
0.721537
0.0869748
0.0317521
0.0244277
0.00803815
0.0317223
0.035602
0.0370706
0.0465561
0.0253027
0.0324543
0.0975244
0.0207121
0.0355537
0.0569619
0.013884
1.20105
0.023108
0.0228439
0.0352954
0.0309217
0.0663173
0.0488605
0.0302521
0.0221398
0.0361691
0.0302844
0.0444973
0.0620902
0.106525
0.216101
0.0207946
1.01165
0.0124998
0.0532165
0.0275131
0.029461
0.335207
0.711426
0.0349546
0.0497089
0.0216556
0.0578915
1.99771
0.0346976
0.0452298
0.588909
0.0289375
0.0180592
0.0757801
0.0454469
0.0227991
0.0470581
0.208237
0.406484
0.0546829
0.0170184
0.0569978
0.0893971
0.187468
0.0658539
0.150777
0.0918916
0.148994
0.0814196
0.16857
0.0334408
0.414216
0.480368
0.07001
0.220517
0.592605
0.0836335
0.0455615
0.120287
0.998768
0.00540368
0.600321
0.0239132
0.0742603
0.129532
0.176347
0.0217913
0.0798425
0.0673005
0.0287311
0.240689
0.191652
0.0300369
1.21389
0.0208205
0.0257664
0.894838
0.0336493
0.0468286
0.0168338
0.211636
0.0516169
0.102528
0.00777797
0.0260572
0.0536506
0.0348758
0.0650691
0.00488245
0.0379195
0.0345912
0.0227152
0.135619
0.0989386
0.0614692
0.0158685
0.0183575
0.0330925
0.0247605
0.0457259
0.0215801
0.0375875
0.107233
0.00907098
0.0209685
0.182957
0.0444863
0.0193427
0.0220151
0.0285929
0.0557553
0.151775
0.012221
0.0632755
0.00516491
0.0315657
0.0280517
0.0358996
0.0623743
0.562698
0.0339855
1.00252
0.015729
0.0163776
0.0903981
0.0228936
0.0196189
0.0242191
0.00823143
0.474134
0.0656018
0.00745331
0.0268531
0.0257453
0.0405693
0.134634
0.0559917
0.0663382
0.0635901
0.0572003
0.0339626
0.0389225
0.0684829
0.14271
0.730059
0.7298
0.0047434
0.0511969
0.024483
0.0382751
0.0294979
0.102414
0.0164147
0.0406839
0.0158695
0.0370516
0.0248802
0.0171118
0.0325759
0.0850141
0.0237773
0.0100526
0.0377081
0.0470141
0.148121
0.0770635
0.0501797
1.41552
0.0400986
0.0544329
0.025442
0.0326882
0.0362956
0.0397096
0.021021
0.050713
0.00855308
0.0263689
0.0601447
0.0664747
0.0686871
0.018519
0.0282732
0.0269127
0.0298454
0.750739
0.0194981
0.0278456
0.0310955
0.703097
0.107724
0.0225107
0.0541082
0.0741843
0.0277492
0.0479506
0.0290413
0.0396307
0.0825855
0.0403094
0.148266
0.381204
0.0444729
0.309402
0.161822
0.0601143
0.0816463
0.013884
0.0144861
0.0225351
0.0200608
0.025057
0.0296392
0.0330141
0.0475173
0.0228977
0.945954
0.0235515
0.0206254
0.0333251
1.83104
0.0217083
0.0275643
0.0363984
0.0295194
0.0292648
0.0272086
0.0263353
0.328431
0.0330255
0.0404009
0.0439133
0.862257
0.0375916
0.040158
0.0367415
0.0518814
0.0389916
0.0217317
0.0291417
0.126119
0.0175077
0.0466808
0.0224735
0.0174651
0.0586514
0.0558521
0.0122672
0.0488081
0.00700908
0.0255763
0.0640597
0.0469093
1.41903
0.011547
0.0294005
0.0215698
0.0186119
0.0464826
1.32863
0.013031
0.0190866
0.0169325
0.0625975
0.0189215
0.0540602
0.0416605
0.0323554
0.94504
0.0178095
1.01291
0.0390613
0.0154612
0.0292366
0.012967
0.292545
0.0518345
0.0609059
0.0153233
0.0790827
0.0892117
0.0426861
0.0125241
0.0683292
0.0428987
0.0327595
0.0136838
0.164333
0.571802
0.0241044
0.0787127
0.0142319
0.071451
0.0579903
0.0545004
0.0307147
0.12967
0.340491
0.042027
0.049696
0.0681129
0.069289
0.0211875
0.627897
0.052637
0.00927165
0.0413506
3.10541
0.204895
0.0676286
0.0203294
0.0171221
0.0593611
0.0478758
0.0350224
0.0363255
0.0147645
0.0389972
0.0740958
0.0204791
0.0351273
0.0511052
0.0392401
0.26609
0.182733
0.294457
0.315096
0.0125481
0.849326
0.0154361
0.0111952
0.43666
0.363031
0.0478659
0.0360458
0.0294423
0.0176777
0.134705
0.0106152
0.0192333
0.0260869
0.0503167
0.0290857
0.0462416
0.0381727
0.0609699
0.0323678
0.0231818
0.0284882
0.100233
0.0341138
0.0133404
0.0696766
0.372841
0.590347
0.0291983
0.0397895
0.0362526
0.0327826
0.0422925
0.0239649
0.0325312
0.0364664
0.0211822
0.0350066
0.0540545
0.0258674
0.00843305
0.0312684
0.0296599
0.0337532
0.0252154
0.0665722
0.0169589
0.0395943
0.0450046
0.0355652
0.59122
0.0197775
0.0281542
0.087946
0.0391124
0.0330819
0.061061
0.0309693
0.0165738
0.0137649
0.63051
0.0249745
0.0827383
0.161014
0.0350998
0.0367839
0.143194
0.0189278
0.0158116
0.050151
0.0699766
0.0338645
0.683869
0.0361075
0.107541
0.031742
0.00534046
0.0372487
0.0239061
0.879057
0.0434808
0.0148183
0.527981
0.0239329
0.00927494
0.0676427
0.0395725
0.0293948
0.038791
0.0128115
0.0133043
0.022527
0.0447408
0.274178
0.633866
0.0243002
0.100201
0.0605157
0.0406111
0.119818
0.0304967
0.0280527
0.0434029
0.023673
0.0269976
0.0515297
0.030401
0.0238009
0.0606386
0.0438095
0.0367128
0.0504542
0.0869434
0.0629116
0.0603589
0.0215957
0.023561
0.0844934
0.0337382
0.0503511
0.0440536
0.576136
0.0212346
0.038444
0.0325717
0.0361978
0.0376234
0.541718
0.0249858
0.00567206
0.0264613
0.00891046
0.0283924
0.0447475
0.0652918
0.0264149
0.0337125
0.0441092
0.0403162
0.0210775
0.0300963
0.0353552
0.0387745
0.0413473
0.0266654
0.0593217
0.0272444
0.040683
0.0725828
0.0307742
0.00973126
0.047754
0.0146593
0.0258159
0.0596429
0.0175225
0.0623457
0.0355651
0.0038449
0.251394
0.0689326
0.160067
0.0193672
0.0949888
0.318094
0.0968292
0.0925574
0.00757346
0.0281303
0.011962
0.0627151
0.0179345
0.141779
0.0313744
0.0665168
0.0116377
0.587162
0.00705432
0.0097189
0.0294552
0.12989
0.0159942
0.186528
0.0205514
0.0234768
0.0132163
0.0547675
0.0384225
0.118428
0.022607
0.082421
0.158333
0.0539101
0.0564045
0.0168127
0.0254406
0.340174
0.0550687
0.040529
0.0171827
0.0306193
0.0905525
0.0397424
0.0186929
0.354185
0.132443
0.198867
0.218705
0.115963
0.0186687
0.0740913
0.330548
0.0142776
0.0532586
0.0932761
0.0340001
0.0296957
0.0152349
0.454512
0.0292043
0.0181797
0.174954
0.0275438
0.348557
0.203248
0.0168688
0.0739632
0.05425
0.0551354
0.0398521
0.00913152
0.0409807
0.0649553
1.31412
0.0514641
1.22792
0.0666711
0.637769
0.0368594
0.00734047
0.219967
0.0243712
0.0598938
0.0196071
0.0398361
0.0208097
0.0607776
0.157407
0.0261332
0.0355134
0.0105323
0.0103969
0.0561757
0.00494794
0.0499017
0.0243746
0.0686264
0.0413938
0.826569
0.0317641
0.0187888
0.0382862
1.16618
0.0171173
0.117783
0.0209177
0.0279155
0.0277741
0.0942367
0.711864
0.0304859
0.0846108
0.0356034
0.833139
0.0241802
0.018056
0.034682
0.0187793
0.0393856
0.016489
0.0185648
0.0538599
0.037454
0.0218637
0.0235173
0.00449759
0.00806984
0.0464753
0.0394918
0.0371859
0.0299355
0.029834
0.0311624
0.0179445
0.851598
0.0156415
0.0491437
0.144463
0.14218
0.0552974
0.0706243
0.0421343
0.0333247
0.0249133
0.128868
1.32422
0.0457786
0.25044
0.709645
0.271358
0.661587
0.0335725
0.0262225
0.331978
0.0270961
0.078762
0.680765
0.0485656
0.120535
0.0657635
0.799163
0.157594
0.0894555
0.234577
0.21988
0.371753
0.173038
0.270587
0.140846
0.0241132
0.289297
0.348261
0.397786
0.444846
0.0573203
0.0230281
0.51832
0.851857
0.0621178
0.0804346
0.0460102
0.0508029
0.0199678
0.0359904
0.0221765
0.617465
0.0498135
0.118755
0.380186
2.74739
0.137662
0.697701
0.371118
0.0574872
0.0431905
0.225756
0.0775305
0.120912
0.0655898
0.41799
0.0355385
0.0990189
0.087216
0.185825
0.0930287
0.588414
0.553623
0.336252
0.108402
0.188696
0.0497719
1.01617
0.452666
0.137909
0.0619943
0.100013
0.0282008
0.0620907
0.0514216
0.0179985
0.0297812
0.0597673
0.0509482
0.0397867
0.0475914
0.0283645
0.74187
0.0255125
0.101078
0.042442
0.643264
0.0976884
0.0324159
0.015314
0.0312158
0.0316271
0.0320958
0.026849
0.0151563
0.0331883
0.0935275
0.0815924
0.0567627
0.0463223
0.0245175
0.0446865
0.0298305
0.0189013
0.030093
0.0856011
0.0445423
0.0227042
0.024222
0.0962963
0.0215402
0.0252461
0.028828
0.0242372
0.0794413
0.0250938
0.0545381
0.0570189
0.0820095
0.0255389
0.086207
0.00507478
0.0158993
0.258197
0.109367
0.0911711
0.0275712
0.105865
0.0135543
0.0310201
0.0328402
0.106976
0.0697231
0.040902
0.0499509
0.0060402
0.0379785
0.0245922
0.0346813
0.0261319
0.0227544
0.0645609
0.0433458
0.0229526
0.0295991
0.025913
0.0448413
0.0265057
0.0585915
0.0222431
0.0205819
0.0185852
0.0265727
0.0308302
0.08972
0.0419765
0.028108
0.0422654
0.0601135
0.0652367
0.102428
0.0549071
0.0381758
0.676676
0.0631201
0.0473172
0.0572205
0.257775
0.0743771
0.0113362
0.0510945
0.110815
0.030735
0.168222
0.648356
0.0793251
0.113645
0.282435
0.0928268
0.0335503
0.0770429
0.0929652
0.106079
0.126185
0.0193
0.0573237
0.194673
0.0483263
0.0286251
0.0210275
0.0729833
0.702529
0.0608655
0.947732
0.0446013
0.0286743
0.0217099
0.0196248
0.00962942
0.0380848
0.0470942
0.0178639
0.0250747
0.0181509
0.0312643
0.0242738
0.0177649
0.0188231
0.0301599
0.024662
0.010404
0.0521178
0.0437886
0.0202601
0.0574656
0.121043
0.0376727
0.112737
0.0477932
0.0151141
0.0262887
1.06455
0.0672614
0.0823798
0.400077
0.0508245
0.0520754
0.01327
0.719569
0.0293882
0.0189194
0.0241015
0.794932
0.0492471
0.0317264
0.973439
0.0207204
0.0529144
0.16461
0.0394102
0.0305112
0.425376
0.0941123
0.0602367
0.384565
0.0538112
0.102798
0.060534
0.0241862
0.0227365
0.0572732
0.7897
0.0483076
0.0321094
0.0199394
0.0401238
0.145697
0.0247035
0.0163797
0.0328543
0.0133402
0.0279946
0.0430006
0.0208194
0.0455842
0.0194637
0.0277852
0.0258396
0.109101
0.0487683
0.159761
0.0600703
0.046019
0.0439239
0.129256
0.013659
0.0190639
0.0217639
0.014676
0.199912
0.135578
0.0137639
0.997428
0.00934187
0.0504243
0.16782
0.143041
0.0330347
0.504476
0.036515
0.0462157
0.033966
0.555461
0.0287591
0.0181603
0.0291939
0.204716
0.0306608
0.0228344
0.0264803
0.0154675
0.0220636
0.0516943
0.0126191
0.0559131
0.0303694
0.0763852
0.0313432
0.0525222
0.0193081
0.102113
0.153559
0.0772815
0.0313566
0.0449842
0.0466261
0.0244347
0.0272546
0.0228358
1.48574
0.00887322
1.27709
0.00457948
0.107058
0.0277439
0.120382
0.0126757
0.00130632
0.0287323
0.00773129
0.0104513
0.0413246
0.0878227
0.0478809
0.0348715
0.0531281
0.0943801
0.00870064
0.16622
0.0453333
0.034372
0.0259119
0.304098
0.0173227
0.0473243
0.0422632
0.0941732
0.0322199
0.0171662
0.0270297
0.0109995
0.0333744
0.0689973
0.0198178
0.0654776
0.0153733
0.0361144
0.0706413
0.0349932
0.163001
0.0115077
0.0703538
0.0272083
0.0470389
0.808133
0.0194187
0.0457453
0.0229304
0.17642
0.188051
0.0540756
0.118546
0.507491
0.124484
0.0402874
0.148273
0.664722
0.587901
0.0933185
1.03215
0.0075188
0.026353
0.731471
0.10267
0.181427
0.0130115
0.019907
0.0227718
0.0194675
0.0789734
0.0813949
0.175934
0.0148571
0.0172823
0.370427
0.182991
0.94994
0.330244
0.23068
0.0242434
0.226611
0.314278
0.507345
0.0471571
0.198108
0.0115747
0.276485
0.0670297
0.0352864
0.107084
0.0245708
0.00731616
0.146198
0.649845
0.0305118
0.0168052
0.0229503
0.0330734
0.0519674
0.0192314
0.0467883
0.0193636
0.0359999
0.236831
0.0763449
0.0376913
0.0513393
0.0265816
0.0286302
0.0506425
0.0266771
0.029375
0.0177622
0.0429918
0.0348652
0.0217794
0.05274
0.022885
0.0185323
0.0342521
0.0547575
0.0177308
0.270074
0.0346119
0.0321322
0.0395177
0.0214414
0.0421384
0.0335815
0.026545
0.168444
0.0160405
0.0515189
0.622557
0.0395323
0.0275688
0.039394
0.0195905
0.0401235
0.0548251
0.0114119
0.0597817
0.0165488
0.419965
0.042979
0.288853
0.151635
0.0587745
0.0665707
0.254616
0.0339069
0.0272418
0.728398
0.218716
0.0842663
0.896045
0.0700285
0.0445146
0.0522507
0.241294
0.153312
0.887118
0.088741
0.0111148
0.0657058
0.0722295
0.0522944
0.202007
0.037587
0.0104637
0.0318112
0.013128
0.304092
0.0393004
0.10376
0.0227287
0.0276743
0.0588855
0.0390811
0.0411975
0.0326215
0.423251
0.900026
0.0734971
0.0206522
0.037875
0.0485667
0.644039
0.0687538
0.0454085
0.0230241
0.415107
0.0751877
0.0491542
0.468661
0.0300805
0.0283623
0.0154859
0.0475145
0.221687
0.146991
0.10379
0.177388
0.00893233
0.0379237
0.0249377
0.659935
0.487946
0.0224799
0.0410022
0.0144948
0.0214837
0.0144436
0.0188087
0.0534139
0.798621
0.045145
0.0395963
0.0651288
0.734174
0.015112
0.0198263
0.0109708
0.108403
0.0138557
0.0574953
0.366925
0.505226
0.0203506
0.0219683
0.106621
0.0991843
0.00567435
0.0582897
0.0160361
0.0150806
0.0542895
0.0223503
0.0491207
0.0417683
0.0381095
0.751164
0.0234761
0.0114258
0.0173394
0.00514086
0.0151496
0.0333145
0.0129564
0.0149475
0.224029
0.0531038
0.272521
0.0252695
0.0661747
0.0378987
0.0389634
0.0280735
0.0198338
0.0616856
0.171881
0.174883
0.612792
0.321192
0.0490508
0.252109
0.101533
0.184444
0.124853
0.053322
0.413181
0.053565
0.0390436
0.360542
0.260438
0.193249
0.0466009
0.113977
0.0411226
0.164034
0.0319031
0.00954114
0.0900237
0.0226893
0.0354309
0.0277982
0.0308957
0.0316944
0.0490061
0.233394
0.304122
0.39295
0.286656
0.792346
0.170136
0.680432
0.661572
0.141482
0.0212508
0.177819
0.135114
0.163104
0.0312068
0.461468
0.150261
0.211032
0.0570678
0.334214
0.0387723
0.455796
0.0872268
0.606177
0.769603
0.0450885
0.519061
0.0292707
0.0806453
0.161089
0.362898
0.178884
0.260639
0.222903
0.014164
0.0544349
0.841424
0.0248122
0.0218524
0.0486626
0.0456431
0.043055
0.912326
0.0846454
0.0336426
0.034457
0.112111
0.0233098
0.0492789
0.0205593
0.108205
0.0545413
0.01949
0.0204892
0.0327841
0.0171372
0.756835
0.0262307
0.025068
0.943489
0.108927
0.0655464
0.0325019
0.0127468
0.0426158
0.210831
0.818175
0.0217053
0.0334145
0.121898
0.0182427
0.0535199
0.0162207
0.105127
0.0276101
0.143485
0.426534
1.29183
0.0654807
0.0209757
0.132555
0.113863
0.152993
0.365999
0.917164
0.784744
0.445324
0.295339
0.144078
0.0278845
0.0277428
0.160484
0.101158
0.401219
0.0560362
0.130235
0.127821
0.0422859
0.838678
0.0535685
0.0321829
0.0207453
0.0313422
0.0491616
0.543523
0.0238419
0.0309537
0.0421222
0.0555737
0.0512742
0.0148452
0.0483686
0.0708306
0.0658015
0.0243903
0.0280648
0.0601629
0.0105714
0.0653111
0.00623323
0.0203844
0.0350717
0.722057
0.0520978
0.0761095
0.0411178
0.0250466
0.808951
0.254194
0.0111429
0.0362172
0.0472464
0.265941
0.0502638
0.0372494
0.158653
0.208768
0.0589865
0.0368423
0.0502182
0.0400705
0.617057
0.0493847
0.0683507
0.0284063
0.14613
0.0451089
0.0500513
0.0262845
0.0210621
0.0859047
0.0226517
0.0292269
0.0287437
0.0381881
0.107428
0.0999441
0.0405688
0.0140801
0.0388246
0.051715
0.0791124
0.0425465
0.0499557
0.0159677
0.0552158
0.0172389
0.123514
0.0481778
0.0408704
0.389164
0.463683
0.724219
0.05142
0.0419832
0.139491
0.0530553
0.653191
0.563438
0.0387117
0.0303277
0.136079
0.0292898
0.0448343
0.0166855
0.0401525
0.0532014
0.110661
0.00607788
0.296128
0.0372196
0.525737
0.775032
0.0408563
0.0223596
0.0477448
0.0150454
0.00804512
0.0411882
0.026161
0.612905
0.0672564
0.0833803
0.120513
0.021552
0.115294
0.229376
0.247211
0.0311705
0.0132029
0.0143028
0.444507
0.822031
0.0227986
0.0303961
0.0448236
0.0717598
0.0618637
0.84897
0.0627361
0.044454
0.265046
0.052781
0.0719852
0.105778
0.0212728
0.127257
0.251898
0.0277997
0.220566
0.180406
0.0991233
0.0334508
0.0192922
0.020877
0.029253
0.181733
0.00577284
0.138246
0.174436
0.692341
0.0349773
0.0362519
0.0372918
0.0126686
0.0086541
0.0218939
0.0219677
0.0279159
0.175743
0.0465149
0.0511026
0.0520939
0.0442439
0.327091
0.756088
0.0324227
0.0282212
1.24328
0.0429762
0.0390086
0.0344558
0.0665727
0.0451163
0.0405857
0.574494
0.0320926
0.0526178
0.0302062
1.1041
0.0271694
0.120724
0.0262747
0.0134164
0.0174355
0.0635915
0.0212432
0.042922
0.0447575
0.0254688
0.0724121
0.0287784
0.0107269
0.0192187
0.0132724
0.0327523
0.0287727
0.0588536
0.0367761
0.111494
0.010024
0.0709733
0.0385754
0.561627
0.784945
0.0977422
0.0318316
0.0254165
0.0363856
0.0166531
0.018959
0.0549131
0.0326927
0.0253777
0.0300626
0.613627
0.0252865
0.0780451
0.0505974
0.0239487
0.0301936
0.0201717
0.721237
0.02683
0.0189812
0.038453
0.0393586
0.034004
0.0346939
0.0389587
0.0368966
0.655218
0.106969
0.0274978
0.030039
0.0318871
0.00588657
0.0996127
0.0156778
0.854018
0.0549222
0.0072659
0.0986144
0.0384268
0.0417052
0.0219109
0.0425745
0.0265657
0.803676
0.125201
0.0214249
0.0237926
0.0396168
0.0442724
0.960799
0.0301229
0.0279311
0.0075599
0.0230363
0.71027
0.0384495
0.015799
0.0190591
0.0540251
0.0590635
0.0599157
0.357401
0.101244
0.0613334
0.881767
0.038492
0.0298662
0.177691
0.0179311
0.130797
0.347827
0.128968
0.21735
0.530331
0.523866
0.0840801
0.133101
1.41338
0.130091
1.18563
0.312777
0.424658
0.0158199
0.498818
0.00974577
0.0211822
0.0163769
0.0517585
0.76348
0.943603
0.896082
0.0479856
0.0755669
0.0409405
0.0299373
0.0279639
0.0231591
0.0419461
0.0434357
0.0299284
0.0219933
0.0366288
0.0489497
0.0671272
0.585635
0.0184349
0.0111701
0.118421
0.0118399
0.0256276
0.0367706
0.0269496
0.0312351
0.0632554
0.0619379
0.897961
1.93827
0.00806604
0.0194731
0.0639015
0.0179532
0.0284414
0.0283013
0.0347784
1.1309
0.00992236
0.0180595
0.860918
0.972822
0.0244663
0.0204353
0.102811
0.0324928
0.207077
0.0744196
0.068473
0.0198992
0.47522
0.0942517
0.0924174
0.284883
0.00973212
0.205515
0.223649
0.0276495
0.0503676
0.0641924
0.030646
0.139317
0.0643169
0.0230992
0.0671633
0.0836597
0.132983
0.0678699
0.044732
0.0143132
0.357644
0.980453
0.0861738
0.0847748
0.00992029
0.0280157
0.0331212
0.0256084
0.00992268
0.0137678
0.0996563
0.0126548
0.0758921
0.0494395
0.0464124
0.163199
0.025157
0.0540635
0.0504225
0.0626225
0.742021
0.112833
0.0129178
0.0532581
0.114466
0.0178717
0.0559173
0.0593751
0.0445783
0.0835704
0.0528281
0.00959237
0.0197924
0.0832982
0.688079
0.0133259
0.0419462
0.0268318
0.0452812
0.0805937
0.156439
0.0545124
0.0216517
0.289225
0.0104743
0.465284
0.0372483
0.0473513
0.11817
0.0562701
0.00730715
0.0733333
0.0942426
0.0188979
0.0166519
0.0308834
0.0899799
0.0350705
0.0601071
0.0387376
0.18924
0.0391998
0.0211804
0.0109611
0.366756
0.167779
0.0313704
0.0412226
0.0942566
0.199017
0.0964363
0.0235573
0.128477
0.110662
0.0417674
0.00797067
0.0894426
0.0923996
0.47306
0.0471586
0.0239629
0.0988012
0.105922
0.0161841
0.0790355
0.204091
0.228287
0.490681
0.0215716
0.0109113
0.701582
0.0169607
0.0577212
0.0377717
0.0433206
0.0435861
0.0576839
0.0751096
0.0536898
0.0786589
0.0408358
0.314676
0.212775
0.0927315
0.0251631
0.0874641
0.19615
0.0263851
0.139404
0.0473615
0.076928
0.0345811
0.0356384
0.0123476
0.13737
0.102107
0.0251277
0.0778967
0.130046
0.178041
0.333814
0.0570614
