0.058421
0.0543685
0.139929
0.022045
0.154475
0.0760591
0.035039
0.028364
0.0493778
0.0701361
0.0809086
0.017756
0.0607213
0.00233227
0.11476
0.0543556
0.0161153
0.133509
0.199255
0.0435519
0.0359503
0.019702
0.396219
0.0288923
0.0936752
0.0644981
0.0236559
0.0884448
0.0398884
0.0291983
0.135671
0.0331621
0.0904245
0.0315513
0.0267624
0.0101507
0.0534558
0.242041
0.104992
0.46358
0.0297097
0.0692592
0.0340787
0.101522
0.0830194
0.0653897
0.0210471
0.0470829
0.00653601
0.0744388
0.104368
0.115906
0.905149
0.0112246
0.0183416
0.025767
0.0106584
0.121484
0.0141014
0.0497076
0.0565591
0.0391153
0.00918177
0.0282132
0.0660597
0.010887
0.0176889
0.0482882
0.0260191
0.0234387
0.0285129
0.0149115
0.0411047
0.0290121
0.0288077
0.0694969
0.306207
0.00969964
0.0188324
0.0364177
0.0372265
0.016964
0.0275136
0.0229936
0.0253963
0.0105377
0.425617
0.0715458
0.0374226
0.00718856
0.522946
0.0423476
0.0461179
0.0579898
0.0217603
0.0409518
0.0426458
0.00953482
0.0214861
0.0158386
0.451831
0.0651768
0.0376899
0.00721172
0.0548821
1.54253
0.0156263
0.0314731
0.0367693
0.0210514
0.0403178
0.0413957
0.0188562
0.0671523
0.057221
0.0689808
0.324291
0.00109181
0.0285326
0.0613883
0.00437891
0.0204537
0.785142
0.0403692
0.0138214
0.0112497
0.0868913
0.0203611
0.0532388
0.024413
0.0548351
0.1821
0.00825244
0.139696
0.0295215
0.0338182
0.0514373
0.555063
0.0847159
0.174844
0.04991
0.0863732
0.15056
0.041618
0.0474456
0.00874172
0.0794801
0.152605
0.0385816
0.0919006
0.00350286
0.0485576
0.0546958
0.0182198
0.378923
0.0547477
0.290625
0.073055
0.0310549
0.132935
0.153904
0.0378307
0.0472375
0.181764
0.251762
0.0642255
0.0806721
0.0438096
0.177327
0.0300325
0.0140713
0.0358081
0.0599113
0.119388
0.0626411
0.121198
0.0500956
0.194949
0.0350208
0.0527811
0.287355
0.0288385
0.0430641
1.50468
0.0693618
0.020631
0.00871837
0.0439973
0.0190779
0.170447
0.33622
0.0160627
0.105822
0.119606
0.187874
0.0115015
0.0232386
0.119608
0.0132928
0.0165875
0.0266904
0.0582991
0.903054
0.0373573
0.207677
0.0129346
0.0421041
0.030706
0.0362632
0.0631369
0.130266
0.0225559
0.182861
0.0658673
0.0393592
0.0455065
0.0510867
0.358977
0.014157
0.83898
0.22953
0.0621637
0.0411288
0.0575244
0.0360403
0.132664
0.27678
0.0107275
0.0294694
0.0353403
0.0137601
0.026029
0.0200939
0.0416278
0.0580402
0.044269
0.0458694
0.0551138
0.0826751
0.0282914
0.278984
0.054646
0.041895
0.481441
0.0332634
0.0201904
0.401217
0.420255
0.071358
0.0760645
0.175883
0.0453068
0.0259456
0.015344
0.0395566
0.0864724
0.051481
0.0580048
0.0554506
0.0356248
0.00924531
0.0453076
0.0827236
0.0549874
0.0766861
0.0178332
0.138344
0.0187622
0.0260061
0.0338012
0.0945992
0.0799002
0.071761
0.0312792
0.0377712
0.0207908
0.0485016
0.18527
0.0778079
0.0222418
0.162919
0.371547
0.202896
0.0421481
0.0143121
0.0569244
0.0948811
0.085604
0.0646661
0.0842682
0.101266
0.0229053
0.117125
0.0830597
0.0472891
0.0187174
0.918918
0.0453697
0.0170224
0.0740108
0.0303888
0.108401
0.113751
0.0544167
0.0312324
0.0603561
0.08391
0.029288
0.147017
0.172699
0.022793
0.0825061
0.0767652
0.0887003
0.0117861
0.364173
0.0146192
0.727259
0.185686
0.0329556
0.236466
0.0119732
0.0564177
0.128931
0.0235264
0.0464605
0.0638081
0.220371
0.162574
0.066267
0.0577043
0.0319909
0.0349021
0.0249049
0.0206447
0.0388149
0.035128
0.0429829
0.0201344
0.111047
0.0917422
0.178617
0.0679678
0.0254916
0.0315966
0.0539602
0.0245401
0.0474585
0.0757548
0.0836658
0.0630283
0.267822
0.0209725
0.103271
0.0856961
0.0829955
0.0106481
0.065327
0.0206484
0.00991797
0.370126
0.0072018
0.701118
0.0259682
0.0157143
0.0386079
0.0336084
0.0802187
0.265683
0.504779
0.0454439
0.0629652
0.023714
0.0421985
0.144898
0.0718264
0.019492
0.0453787
0.077822
0.0100432
0.8425
0.28549
0.0335307
0.0457147
0.0109327
0.0502842
0.0122982
0.0825461
0.0633969
0.113756
0.0345277
0.233311
0.0309782
0.342689
0.021967
0.0145716
0.0338613
0.19452
0.15024
0.0521764
0.195752
0.0550858
0.127161
0.00560605
0.0358585
0.0150197
0.0225365
0.0433983
0.0294069
0.00136258
0.0211866
0.0495273
0.0427144
0.0222169
0.0357419
0.0641967
0.344475
0.0355066
0.0109273
0.0242233
0.0110814
0.0163215
0.0365489
0.205947
0.0212852
0.0858874
0.0243674
0.038262
0.052823
0.0282153
0.683744
0.0102519
0.0168679
0.159663
0.0909924
0.0292672
0.00420116
0.0098172
0.0519304
0.338736
0.0461576
0.19586
0.032147
0.457117
0.0656465
0.0550063
0.0082313
0.123918
0.0491676
0.0239355
0.0497249
0.0359235
0.02036
0.201132
0.00621721
0.501026
0.125343
0.0397478
0.0759816
1.40511
0.180493
0.0447996
0.0227491
0.0214872
0.11051
0.0440878
0.0374845
0.106241
0.0310924
0.0410339
0.0256099
0.011026
0.0171086
0.0927356
0.053277
0.0172687
0.0350807
0.0198182
0.0147134
0.0174277
0.0220484
0.00334644
0.0109898
0.0411685
0.121777
0.0139572
0.0107208
0.0215053
0.030025
0.0205911
0.0262616
0.0147559
0.0117567
0.0369047
0.0285776
0.0356524
0.0221313
0.0458615
0.0755697
0.104327
0.0927282
0.108792
0.0536792
0.0128159
0.0722041
0.195421
0.0455978
0.00646589
0.187523
0.111881
0.469429
0.183644
0.230457
0.350537
0.369952
0.343193
0.322878
0.050161
0.0121216
0.040059
0.0107555
0.0161008
0.0280652
1.11643
0.051312
0.00749503
0.0992888
0.501973
0.0348439
0.0176453
0.0581896
0.068206
0.0115551
0.0425277
0.203038
0.0401659
0.0362495
0.282231
0.0771216
0.17918
0.606102
0.09697
0.1933
0.0370126
0.0180451
0.160948
0.148566
0.0526217
0.208485
0.0896121
0.0931216
0.0798514
0.0853279
0.149692
0.0824751
0.0448486
0.0833984
0.0142428
0.132593
0.158518
0.0313732
0.0732181
0.0479802
0.0545411
0.0125806
0.0350203
0.154896
0.02312
0.21503
0.521355
0.0301757
0.116673
0.0172701
0.082413
0.038098
0.43483
0.00172729
0.291715
0.102084
0.215432
0.10335
0.082817
0.0754431
0.0805135
0.0208564
0.511836
0.0327026
0.458524
0.107312
0.0544674
0.0290367
0.0308653
0.327202
0.038097
0.0219887
0.567883
0.0706597
0.0723136
0.0137193
0.0231794
0.251531
0.0298751
0.257098
0.101001
0.0528778
0.015275
0.0404619
0.211917
0.105677
0.0531745
0.100659
0.0384937
0.10212
0.0567602
0.00894742
0.831275
0.0600435
0.071869
0.0754032
0.248846
0.0864875
0.0468851
0.0222023
0.00374102
0.137818
0.0131682
0.0470535
0.06941
0.0659625
0.0242049
0.0284811
0.24226
0.0436775
0.0393605
0.0274599
0.030895
0.0243839
0.0876049
0.0272721
0.0254161
0.0287716
0.333525
0.0276991
0.0371301
0.374886
0.0377327
0.185427
0.0486738
0.315337
0.261531
0.117957
0.083007
0.0416457
0.405271
0.245117
0.111083
0.228611
0.0629472
0.262807
0.375973
0.65096
0.0308177
0.015298
0.340449
0.0142509
0.00768222
0.0606115
0.0679617
0.0274799
0.156678
0.130079
0.0558052
0.21964
0.501027
0.139978
0.0521577
0.482748
0.0317426
0.0301704
0.516257
0.112648
0.414971
0.0503959
0.240617
0.600469
0.105996
0.0602663
0.0668608
0.0671822
0.110492
0.0388529
1.37751
0.622582
0.107301
0.329861
0.0162018
0.40298
0.0696757
0.399985
0.0273522
0.0117049
0.108013
0.708792
0.0270015
0.0322114
0.399832
0.0274876
0.0169781
0.714502
0.0136259
0.0637809
0.0414883
0.0690361
0.0362639
0.011824
0.0110044
0.0698623
0.0441015
0.0547747
0.0503969
0.195944
0.292818
0.162199
0.141879
0.033914
0.111483
0.219009
0.0414234
0.020751
0.0194987
0.0266315
0.00190724
0.0280847
0.0108379
0.0287849
0.0205691
0.020151
0.00748811
0.0510129
0.0506448
0.0206694
0.0729504
0.0038775
0.0655275
0.0406171
0.0300033
0.103878
0.0238997
0.212198
0.022943
0.526934
0.0533769
0.037627
0.0511365
0.102008
0.0300217
0.0227541
0.155304
0.0431579
0.0594042
0.000102445
0.0668996
0.0281248
0.0281969
0.0433277
0.00804411
0.062436
0.0230981
0.26208
0.209892
0.194071
0.392708
0.215688
0.0162621
0.0907763
0.300274
0.0200433
0.0459063
0.00808629
0.0516578
0.012429
0.035332
0.0081958
0.00597119
0.00439647
0.0243881
0.0268197
0.0992917
0.0310754
0.20021
0.00544602
0.0171983
0.131713
0.0433183
0.0950443
0.0229499
0.0169842
0.0419538
0.0157748
0.0315287
0.0280788
0.0396613
0.0197737
0.0103587
0.0158111
0.0453932
0.0318695
0.0306863
0.0246514
0.0143322
0.0235785
0.0939665
0.0265295
0.00845803
0.0275661
0.0385818
0.0250968
0.0322198
0.410776
0.185357
0.0393416
1.42185
1.67674
0.0475052
0.0347944
0.199911
0.473509
0.330173
0.100319
0.0433114
0.0880757
0.219199
0.420321
0.329802
0.277092
0.285014
0.0788762
0.0206458
0.112696
0.0153892
0.0275914
0.697663
0.0355042
0.0357277
0.295791
0.0238752
0.847607
0.0429702
0.774955
0.489023
0.446949
0.226738
0.801577
1.1112
0.107745
0.135758
1.47542
0.0277284
0.0135194
0.063854
0.759743
0.0149727
0.0607522
0.0397567
0.0736244
0.00890647
0.080253
0.0458262
0.01032
0.0141781
0.0362562
0.0244195
0.0221099
0.497112
0.127207
0.012284
0.0711446
0.0452619
0.454356
0.0861269
0.272711
0.0347874
0.203116
0.385523
0.050774
0.0257578
0.185399
0.196457
0.0967413
1.17649
0.169482
0.0417179
0.0183774
0.245923
0.769262
0.0209681
0.110746
0.27973
0.498055
0.0133896
0.196958
0.0110221
0.537165
0.00965878
0.0768914
0.0742569
0.0389639
0.0254514
0.287847
0.00763895
0.078443
0.0322766
0.0264828
0.244229
0.185121
0.230817
0.254222
0.838364
0.0374493
0.00544553
0.325992
0.104233
0.00813119
0.590277
0.150561
0.0306662
0.0343033
0.474146
0.179023
0.0267112
0.525826
0.0334829
0.0455381
0.0466825
0.0106667
0.047104
0.151706
0.0223899
0.176642
0.103596
0.0426143
0.0221873
0.099912
0.0711934
0.0255938
0.491892
0.0329088
0.027845
0.0297201
0.0291025
0.0226483
0.0210427
0.0242282
0.0322165
0.0349028
0.0213017
0.0384723
0.0310751
0.0296806
0.0323246
0.406538
0.0168726
0.0289108
0.0534706
0.259036
0.272752
0.0566038
0.693261
0.191556
0.00973745
0.0170352
0.0989831
0.0429652
0.0456161
0.192878
0.0338674
0.00393772
0.0645466
0.020595
0.00470449
0.0134771
0.00813281
0.0120146
0.172435
0.0555756
0.157235
0.0101737
0.0217624
0.00791768
0.246505
0.0258587
0.499647
0.0349523
0.0549213
0.026266
0.0432621
0.672108
0.220271
0.0283147
0.0337393
0.0249847
0.0130672
0.053745
0.0300904
0.0061112
0.0799063
0.133409
0.0501793
0.0176621
0.0163353
0.0277647
0.0672376
0.31742
0.046005
0.487987
0.0197214
0.0242669
0.0183022
0.0219213
0.0233802
0.886976
0.0425652
0.04903
0.0253803
0.0404684
0.00861652
0.0419045
0.00792805
0.0373596
0.0649627
0.0557757
0.0353174
0.0100845
0.0851656
0.0411358
0.0473105
0.0258579
0.0717768
0.0647149
0.988372
0.271373
0.0404558
0.0393831
0.0492493
0.0941061
0.0397513
0.121113
0.0517519
0.0111927
0.319144
0.0196571
0.0508576
0.0302509
0.040298
0.0497624
0.0893503
0.0344171
0.0159476
0.0461177
0.0321476
0.0244789
0.0410938
0.0369766
0.0260026
0.307465
0.0592993
0.0422452
0.326152
0.0552406
0.072797
0.044976
0.0398458
0.168957
0.0602951
0.253903
0.209911
0.0387724
0.116198
0.0848659
0.0182914
0.0252342
0.025069
0.442428
0.0516743
0.0236781
0.0269925
0.0127523
0.0486736
0.045956
0.014731
0.0317416
0.0482031
0.058946
0.581694
0.0661641
0.0129802
0.0224531
0.0174452
0.00587849
0.0149466
0.0373644
0.0150092
0.0226588
0.027771
0.0633767
0.0259061
0.0310103
0.00573078
0.0343275
0.0631616
0.0955419
0.0238679
0.0212387
0.0134885
0.114397
0.127445
0.256407
0.0336497
0.103521
0.02339
0.105903
0.166131
0.173977
0.0125943
0.0432262
0.0270095
0.393696
0.117307
0.0630851
0.272165
0.0739598
0.0987031
0.0442635
0.11452
0.0169254
0.0413295
0.0545341
0.038138
0.0831428
0.029836
0.0216471
0.135128
0.599173
0.0128739
0.0380633
0.0628966
0.0386041
0.0226662
0.052831
0.0302573
0.221629
0.14559
0.0621098
0.134549
0.373978
0.369333
0.0361431
0.353809
0.0498908
0.0369442
0.00731484
0.0167767
0.0303236
0.0296047
0.180533
0.584055
0.257865
0.0453689
0.0496562
0.323199
0.0261731
0.279291
0.0197285
0.726199
0.0254534
0.0512122
0.101662
0.00979148
0.0450152
0.145305
0.551653
0.582675
0.0693642
0.0885028
0.492568
0.180332
1.46499
0.137991
0.0385871
0.192498
0.127394
0.219183
0.0551668
0.104564
0.130311
0.0440055
0.261383
0.31962
0.172072
0.225869
0.667725
0.169854
0.224203
0.458384
0.0778485
0.320039
0.0868051
1.05052
0.026592
0.10369
0.240073
0.0192734
0.154815
0.146739
0.467977
0.31097
0.116254
0.13552
0.0351685
0.0355814
0.153654
0.0155563
0.023788
0.00282511
0.0341596
0.124959
0.0151222
0.245416
0.0320674
0.0805651
0.027199
0.0468969
0.109035
0.108346
0.930127
0.0384243
0.0486415
0.0819332
0.720641
0.122608
0.0185385
0.0311643
0.0910097
0.0363195
0.00939115
0.0163919
0.264567
0.559586
0.0885801
0.0309979
0.0308425
0.921656
0.379116
0.0522573
0.224212
0.110344
0.0193156
0.0172671
0.0660304
0.0136709
0.0324294
0.0185433
0.0172305
0.0178888
0.0106272
0.0538664
0.0167622
0.0533322
0.0268406
0.0607714
0.0835979
0.0241275
0.0542538
0.0215044
0.476871
0.0317704
0.0267371
0.0971102
0.018278
0.318399
0.260479
0.103055
0.0460657
0.0846582
0.987384
0.285266
0.0373211
0.197696
0.0239625
0.0444622
0.0259541
0.151149
0.0604442
0.0269794
0.0429347
0.0248526
0.0185878
0.0173767
0.0975072
0.00453086
0.0218186
0.035397
0.0306624
0.0356858
0.022934
0.0232842
0.0331378
0.216898
0.0812797
0.0290411
0.0175079
0.0624733
0.0272458
0.031073
0.0353415
0.0195749
0.0165736
0.0216381
0.00638402
0.00924926
0.159093
0.0484793
0.0486329
0.029059
0.017679
0.0525735
0.0311572
0.0406744
0.0406613
0.0319698
0.00904429
0.0127657
0.0439119
0.0422123
0.0207292
0.0230343
0.0114505
0.165335
0.0294943
0.149533
0.0215825
0.0373157
0.0373344
0.0289681
0.0213842
0.00665787
0.0104418
0.0348455
0.214774
0.0170315
0.236422
0.165744
0.0525395
0.0517987
0.314569
0.370913
0.00951243
0.24531
0.706401
0.0144853
0.0648523
0.0053035
0.0441793
0.0880134
0.019491
0.0666142
0.146249
0.0284591
0.0375649
0.0196692
0.0194383
0.031423
0.0504992
0.27364
0.227651
0.381813
0.0112661
0.0476079
0.0226105
1.52426
0.182214
0.108388
0.125343
0.224781
0.179597
0.0502461
0.0494659
0.0795063
0.0365569
0.0231798
0.0387074
0.579163
0.17639
0.0535258
0.0477413
0.630427
0.0846585
0.891504
0.136808
0.108051
0.720988
0.0327622
0.610475
0.0771325
0.70421
0.762471
1.09844
5.02901
0.509586
0.162086
0.414907
0.0819847
0.530975
0.122608
0.594296
0.129389
0.177917
0.0631666
0.00575686
0.125232
0.0471862
0.0189413
0.0340163
0.00929274
0.0313608
0.01497
0.0798955
0.179948
0.89421
0.00638945
0.0876964
0.096876
0.0241425
0.398082
0.0576738
0.0641748
1.48399
0.048333
0.283863
0.0624797
0.0206765
0.0122168
0.0274416
0.0104939
0.0199453
0.0212359
0.111713
0.118928
0.301932
0.163496
0.0390814
0.0972258
0.0181241
0.728605
0.116794
0.228475
0.00494506
0.03559
0.0265593
0.032614
0.0928919
0.019619
0.0146223
0.047757
0.0150404
0.0508492
0.078058
0.0374483
1.14344
0.0828403
0.0511562
0.106632
0.0133445
0.0374359
0.544652
0.0788018
0.0225537
0.0217345
0.109648
0.0826734
0.175166
0.062484
0.0449845
0.032414
0.0559782
0.0850673
0.0387404
0.211548
0.17302
0.0539496
0.182783
0.0399287
0.0600127
0.0133387
0.0377435
0.0647585
0.0625454
0.122128
0.0884782
0.152674
0.473449
0.231162
0.355752
0.089107
0.156424
0.153171
0.0960438
0.0176998
0.798802
0.0580456
0.308211
0.0440216
0.00993715
0.0423936
0.0979387
0.0296202
0.0100131
0.0214517
0.0999239
0.0720539
0.0249636
0.0420803
0.109787
0.39872
0.0885
0.0851677
0.0606492
0.0959495
0.482331
0.0096206
0.16483
0.0462942
0.0219002
0.0185597
0.0356404
0.0319871
0.0245597
0.0242119
0.199592
0.0136705
0.0209533
0.019221
0.0201569
0.110986
0.0324281
0.232694
0.0730362
0.00531198
0.0637876
0.035099
0.0205264
0.0511646
0.020857
0.0200778
0.0230906
0.0106312
0.00884649
0.0459489
0.0268621
0.00984468
0.0353559
0.00683303
0.0132878
0.0492605
0.0452949
0.0347322
0.0104347
0.0141261
0.0113202
0.242238
0.0106297
0.248275
0.0356312
0.0103571
0.00659818
0.0346047
0.235487
0.341241
0.0369488
0.0312087
0.00645501
0.0361791
0.0594927
0.0413371
0.0288054
0.2014
0.435811
0.0408706
0.506422
0.197422
0.290708
0.0720032
0.104847
0.464182
0.085744
0.109223
0.0958943
0.015849
0.101552
0.139126
0.153393
0.0616876
0.898442
0.163629
0.0594993
0.162818
0.179973
0.160418
0.268796
0.0317245
0.0377316
0.0841529
0.0113115
0.0359271
0.0583106
0.088806
0.221115
0.114125
0.24775
0.0190718
0.310117
0.296388
0.421913
0.0271867
0.393486
0.255738
0.0472143
0.768977
0.0632336
0.109203
0.629564
0.0229245
0.780544
0.100075
0.213687
0.487649
0.0915251
0.0509781
0.123505
0.0499493
0.628533
0.148045
0.0558542
0.118359
0.0531216
0.0106076
0.604225
0.191487
0.0278053
0.00428645
0.0198885
0.0371139
0.0135685
0.0461859
0.0808917
0.00231791
0.0144487
0.0457271
0.0138315
0.0333125
0.0168076
0.227346
0.0242872
0.0215711
0.0529315
0.013244
0.0587003
0.00763666
0.0359226
0.0166179
0.0162596
1.34419
0.00717256
0.158709
0.083299
0.0421228
0.0888918
0.11811
0.0665079
0.341171
0.0355248
0.0692144
0.0415439
0.0968608
0.0724629
0.04211
0.0582211
0.0641593
0.00703746
0.285228
0.0446967
0.0822115
0.0446254
0.329413
0.0661982
0.022513
0.00514969
0.197777
0.325824
0.198961
0.0621375
0.53071
0.0726079
0.0861091
0.159351
0.00751489
0.0356343
0.0964296
0.0449504
0.0782901
0.130152
0.101521
0.050212
0.0689219
0.169956
0.132867
0.377404
0.161493
0.0704098
0.250625
0.0449175
0.0160413
0.370508
0.0708537
0.0349817
0.0229331
0.0299023
0.032378
0.125841
0.026737
0.0193757
0.0271803
0.00639095
0.0213297
0.0350387
0.0120191
0.0169083
0.0466285
0.0616116
0.0199649
0.00455796
0.0213729
0.03745
0.0178336
0.0316951
0.044535
0.024022
0.0222938
0.0475668
0.0751078
0.0134189
0.0188883
0.02541
0.027444
0.0108162
0.015226
0.00803015
0.0573422
0.131222
0.139726
0.121156
0.0676554
0.0162221
0.192129
0.078904
0.169873
0.588453
0.046676
0.0494124
0.0247112
0.394336
0.0768192
0.132618
0.067523
0.0101428
0.0167451
0.0417485
0.104911
0.0151343
0.213461
0.0224589
0.00288369
0.0361472
0.0451125
0.0474489
0.0337677
0.195465
0.0308634
0.0562281
0.0423037
0.250316
0.336709
0.264474
0.0874915
0.103764
0.705475
0.0699503
0.273336
0.717476
0.0103802
0.0347387
0.016623
0.771676
0.187308
0.122606
0.135628
0.101106
0.0349445
0.0266372
0.122149
0.047371
0.134136
0.0338731
0.0473185
0.216098
0.0189594
0.165238
1.05948
0.0616685
0.0974184
0.101914
0.0865333
0.160977
0.107199
0.19082
0.0011419
0.371534
0.160099
0.11626
0.148694
0.0378776
0.0365439
0.304912
0.0806514
0.177263
0.68182
0.374672
0.338009
0.402405
0.397817
0.0690793
0.409745
0.436544
0.184995
0.326967
0.266191
0.462285
0.00817421
0.0153211
0.0500916
0.0710862
0.0201663
0.344967
0.045744
0.289251
0.500202
0.0687064
0.208744
0.020553
0.0756252
0.127286
0.391744
0.396017
0.0176076
0.0278622
0.152188
0.0645449
0.0186805
0.0390655
0.0242003
0.0192701
0.0301537
0.00957163
0.0505092
0.0250322
0.440583
0.0280592
0.0195445
0.178247
0.055749
0.0597102
0.106361
0.170524
0.0304325
0.0214746
0.0654166
0.447751
0.0368398
0.0215402
0.480402
0.0945612
0.0347444
0.0668929
0.0546996
0.0320366
0.0289965
0.0191847
0.0221912
0.0068591
0.0572585
0.0208226
0.0661912
0.0610113
0.0351951
0.0162145
0.0482184
0.0271274
0.0382118
0.00651592
0.337974
0.00823874
0.027107
0.0201582
0.0142979
0.0333185
0.0174704
0.55711
0.0268591
0.0579929
0.0373664
0.826406
0.0697077
0.0278366
0.0390957
0.181412
0.00406884
0.0301898
0.0636398
0.02147
0.170663
0.0165814
0.0126154
0.00403444
0.0133074
0.0440195
0.11276
0.0323538
0.0243632
0.0417765
0.0475541
0.0200195
0.0624652
0.0682429
0.0837571
0.0194955
0.0160939
0.0927476
0.090264
0.0954523
0.013329
0.0731752
0.0683301
0.00829794
0.395286
0.144165
0.0158953
0.0302565
0.0465186
0.0736934
0.165193
0.0511392
0.0909421
0.0485005
0.123635
0.04076
0.0389197
0.0640277
0.124009
0.0465776
0.0607452
0.0146348
0.0625392
0.033482
0.0420617
0.0334159
0.405724
0.0273025
0.071457
0.19805
0.0366101
0.0712306
0.034551
0.00790636
0.0510348
0.0687605
0.0858685
0.0510248
0.0432273
0.0501983
0.247071
0.049419
0.0538615
0.0636366
0.0658823
0.0555791
0.00656396
0.0457292
0.0358638
0.0172239
0.0161804
0.476286
0.111683
0.555726
0.182883
2.38516
0.0199149
0.0135925
0.131881
0.32931
0.0875425
0.0541015
0.00349236
0.210706
0.062408
0.330546
0.0243854
0.0671004
0.41506
0.0948672
0.0452534
0.0171754
0.360808
0.00934031
0.0139515
0.0237994
0.188696
0.0264615
0.155173
0.107955
0.48752
0.0593138
0.178685
0.0630737
0.0585641
0.0246821
0.0589805
0.05781
0.0053165
0.00280949
0.418724
0.0999576
0.0161034
0.0285071
0.0100208
0.0237717
0.0660976
0.0811956
0.022673
0.00196868
0.0611828
0.836791
0.258848
0.236371
0.119744
0.509479
0.0163028
0.0112678
0.015729
0.0701455
0.280743
0.0284574
0.0267919
0.024529
0.516658
0.147759
0.427628
0.0263873
0.46561
0.0252935
0.0109326
0.0298506
0.0082856
0.0262333
0.0315118
0.257672
0.00225076
0.0305461
0.0142985
0.0443411
0.062069
0.00733669
0.608833
0.217296
0.0155499
0.0357622
0.38336
0.0399156
0.452667
0.34523
0.21449
0.0196672
0.244102
0.0918274
0.390413
0.00623539
0.0900206
0.01054
0.0900985
0.645206
0.0499542
0.0125006
0.329786
0.134912
0.119972
0.0791795
0.130581
0.750454
0.391927
0.300472
0.127342
0.0401304
0.0220242
0.083434
0.0350056
0.0435533
0.0164344
0.0201543
0.224236
0.0646537
0.0570986
0.0633353
0.0305645
0.0104032
0.0194764
0.0269931
0.68604
0.0184752
0.040858
0.0318137
0.169993
0.0534932
0.175731
0.0178878
0.0436372
0.0219286
0.0182905
0.0117673
0.029654
0.182977
0.0407903
0.0516127
2.74177
0.0199947
0.0773074
0.0502402
0.0343979
0.0574596
0.0173858
0.0373583
0.0261588
0.433773
0.0624755
0.0176397
0.114919
0.0253202
0.0369256
0.0579586
0.0618359
0.0265501
0.024655
0.265982
0.00284619
0.0713341
0.173429
0.0783998
0.0174977
0.61223
0.153759
0.0542182
0.02216
0.0223206
0.0235099
0.346273
0.0472469
0.123472
0.295884
0.105983
0.0115802
0.626976
0.0393239
0.534264
0.223096
0.13073
0.0336314
0.215405
0.0465215
0.0113971
0.0920293
0.596109
0.0291759
0.188131
0.0222527
0.183173
0.419707
0.0828079
0.0228815
0.0395971
0.0154217
0.02736
0.0186312
0.297934
0.218219
0.41825
0.0453779
0.03317
0.00601243
0.0515633
0.4743
0.0253895
0.0269752
0.0362193
0.106719
0.00825893
0.00783915
0.0340724
0.0633834
0.0532816
0.0202871
0.320854
0.162572
0.0109186
0.0192977
0.0230234
0.0213687
0.0350502
0.136088
0.0254357
0.000830937
0.101727
0.124257
0.0209161
0.030602
0.0091632
0.0345288
0.126454
0.0415709
0.0622286
0.189105
0.076025
0.033883
0.0144601
0.0307205
0.00580145
0.217379
0.394676
0.016115
0.0100387
0.701943
0.205736
0.00166347
0.0179651
0.03174
0.0502631
0.0595193
1.21202
0.0232003
0.704254
0.0384809
0.0601745
0.00916889
0.022523
0.0425046
0.0333125
0.0265171
0.0174871
0.00745088
0.05569
0.0768226
0.142056
0.288693
0.00776961
0.64687
0.073117
0.216802
0.929046
0.163934
0.296696
0.767349
0.148972
0.0777257
0.190535
0.78518
0.0981455
0.0489178
0.099428
0.11907
0.498474
0.122666
0.032789
0.0308854
0.0993252
0.365839
0.221605
0.42714
0.592432
0.127232
0.464164
0.0274064
0.0592268
0.0134352
0.0849773
0.252592
0.0359371
0.0307833
0.229312
0.0897495
0.866638
0.0375785
0.0899703
0.141768
0.023451
0.0198779
0.00683061
0.0150235
0.110634
0.0448101
0.0067589
0.0229465
0.0256182
0.0727369
0.05343
0.0279255
0.0422307
0.0659957
0.0138714
0.371637
0.0437898
0.0486826
0.0432738
0.023385
0.0278686
0.276874
0.0698401
0.12771
0.0179942
0.0743866
0.135499
0.365589
0.0344158
0.650195
0.0390349
0.0642995
0.49033
0.12532
1.35607
0.423616
0.159986
0.210455
0.0422235
0.113885
0.196948
0.324133
0.0996771
0.358365
0.175319
0.309632
0.584549
1.28056
0.170799
0.17539
0.102122
0.22858
0.257453
0.116276
0.322726
2.97644
0.218333
0.165111
0.449114
0.0228744
0.184906
0.0547398
0.0259676
0.00532454
0.251141
0.377205
0.398271
1.07287
0.120244
0.104565
0.432858
0.0235927
0.0182902
0.326515
0.0906468
0.47283
0.385385
0.284913
0.0329502
0.313609
0.104458
0.0989281
0.312206
0.832733
0.134258
0.0939694
0.246319
0.205738
0.187637
0.0574732
0.0107627
0.0137638
0.404906
0.0248084
0.0529077
0.0365059
0.0698512
0.0250196
0.0755881
0.0217088
0.108091
0.0116688
0.0499989
0.0338024
0.0203034
0.063001
0.366032
0.0348945
0.0131394
0.00805603
0.0374528
0.062451
0.0517026
0.0287151
0.327915
0.0112157
0.0196211
0.0220599
0.0056992
0.0371625
0.0368921
0.0274058
0.0284524
0.0440779
0.0615496
0.00530555
0.0255157
0.017706
0.123915
0.0174443
0.00743446
0.0572007
0.0312198
0.021132
0.652759
0.0197948
0.0214236
0.0366681
0.0158923
0.0846828
0.0329324
0.0386807
0.0706578
0.0230465
0.0192699
0.020047
0.0509093
0.0161972
0.0376655
0.128072
0.0990159
0.027939
0.0308982
0.0156393
0.0561033
0.0114925
0.0106153
0.0241361
0.0307648
0.023712
0.00540223
0.12619
0.3162
0.0521973
0.0122038
0.0426265
0.00717679
0.022455
0.0183736
0.0618938
0.174689
0.0212208
0.0537657
0.0474451
0.0678602
0.160984
0.0767168
0.0377729
0.0381636
0.358276
0.0327163
0.136021
0.378483
0.263469
0.0277766
0.378636
0.0585582
0.0556971
0.0122919
0.0578005
0.0761931
0.14924
0.068491
0.0416232
0.0749396
0.149308
0.019393
0.251855
0.0842447
0.0561289
0.504539
0.0373807
0.00643837
0.0520135
0.248272
0.527787
0.0351096
0.010243
0.0243054
0.0680197
0.092388
0.0643348
0.0903791
0.0215713
0.027051
0.0666737
0.0855526
0.0706278
0.128537
0.10222
0.0444332
0.0331059
0.00490476
0.0258612
0.0247749
0.0279662
0.0322429
0.429643
0.0689471
0.00359764
0.0289827
0.0368823
0.0525022
0.0428987
0.0483224
0.297373
0.0271775
0.0670114
0.0477145
0.0065542
0.038375
0.0199121
0.0303948
0.0330267
0.00759036
0.0234196
0.0493979
0.328752
0.0866469
0.0117152
0.0124117
0.029239
0.0408895
0.0816012
0.014658
0.0323079
0.271685
0.0391755
0.0730236
0.739941
0.0123367
1.22834
0.0376011
0.0251948
0.0172524
0.0107342
0.00439713
0.0199589
0.0324996
0.0245302
0.497088
0.570587
0.205518
0.549035
0.0508652
0.0857276
0.254797
0.169872
0.0730002
0.346289
0.202626
0.090336
0.0382387
0.0610374
0.0325737
0.0279977
0.0230142
0.0911743
0.0499856
0.0522619
0.0507052
0.00934075
0.0179364
0.0370187
0.0367231
0.0334482
0.267452
0.0535958
0.0215483
0.317819
0.0610228
0.193715
0.178202
0.033472
0.258855
0.123879
0.123604
0.763943
0.0820628
0.0480345
0.311579
0.129792
0.240029
0.209163
0.473602
0.163248
0.896418
0.789161
0.909481
0.397749
0.12284
0.0986455
0.974924
0.0392487
0.49949
0.255496
0.0374931
0.116826
0.111162
0.00484224
0.111926
0.66037
0.185508
0.0258657
0.0556357
0.0333674
0.0355693
0.418704
0.189738
0.0935721
0.0553281
0.0233537
0.0391234
0.0269027
0.0933069
0.114874
1.01577
0.451825
0.0926639
0.0514146
0.0155505
0.490492
0.0600411
0.386278
0.71149
0.0366764
0.227106
0.0487852
0.190461
0.183143
0.0489192
0.0177926
0.00871349
0.0837887
0.0117276
0.0148641
0.0473589
0.931816
0.667338
0.0435059
0.0244292
0.111594
0.0202208
0.0307179
0.00247461
0.0329525
0.0140466
0.0378344
0.0587859
0.0231237
0.00913029
0.185667
0.0252193
0.0295753
0.026171
0.0290604
0.036733
0.0262011
0.0525225
0.0486761
0.100029
0.0199171
0.0218308
0.330814
0.0107734
0.00974757
0.0771817
0.10411
0.0326098
0.0554175
0.0243164
0.0383666
0.0622681
0.0226391
0.0249919
0.0155974
0.0584798
0.0249565
0.018685
0.0195381
0.724625
0.0175544
0.0181042
0.0147358
0.218865
0.0327148
0.0482784
0.0979052
2.64226
0.00917677
0.129399
0.0306297
0.0922206
0.26386
0.0293582
0.0175392
0.0343021
0.0774341
0.116043
0.306889
0.353815
0.774359
0.0351826
0.0214451
0.120701
0.139115
0.0246137
0.0343744
0.0449181
0.00777701
0.103853
0.0538347
0.00395235
0.0186895
0.773399
0.0497481
0.0189036
0.114109
0.249807
0.0797114
0.025317
0.111723
0.0210115
0.019924
0.0978128
0.00857638
0.0218122
0.0544864
0.0956198
0.413815
0.0344907
0.0398514
0.306844
0.170314
0.0132065
0.0342286
0.0372458
0.0142111
0.0236141
1.42996
0.0199841
0.372565
0.0562846
0.152509
0.630834
0.00336915
0.0788138
0.0476372
0.0347461
0.0437774
0.0492992
0.0219008
0.12156
0.029681
0.0234407
0.192772
0.0463346
0.0125729
0.101378
0.0106705
0.0421341
0.0465494
0.00489161
0.0619514
2.47303
0.0388487
0.0361799
0.00224326
0.16115
0.0164987
0.0724467
0.0064782
0.144912
0.0336808
0.039215
0.00713966
0.0549811
0.285811
0.0117661
0.0335093
0.0843925
0.0823542
0.0096339
0.830186
0.0891138
0.60654
0.227951
0.0574273
0.419679
0.471492
0.172118
0.436923
0.109318
0.0382392
0.0477955
0.108576
0.205082
0.52547
0.127296
0.0105099
0.00804779
0.0256949
0.0153344
0.0482121
0.0250035
0.0555332
0.448974
0.225469
0.722391
0.76729
0.170924
0.0627809
0.0226186
0.0539507
0.0328385
0.0364919
0.00832662
0.0187296
0.0409874
0.0603348
0.072154
0.0655312
0.0251677
0.777112
0.23954
0.0411797
0.0475857
0.177704
0.0774576
0.068639
0.0764671
0.130408
0.0311604
0.0851642
0.537259
0.0705228
0.0155654
0.0144539
0.079743
0.0264487
0.0356378
0.156402
0.337122
0.0247143
0.0689326
0.129142
0.280302
0.228672
1.10352
0.384946
0.256774
0.0216224
0.387732
0.0772068
0.0125402
0.640516
0.363686
0.0957699
0.259508
0.0917687
0.03278
0.0749297
0.158112
0.172313
0.589586
0.0496121
0.213671
0.349717
0.153433
0.023305
0.0174241
0.0346541
0.484923
1.13399
0.979931
0.224143
0.165817
0.354538
0.0106919
0.698227
0.00908088
0.0587534
0.0781303
1.98052
0.0639686
0.0178526
0.0352214
0.0742641
0.0172155
0.0506271
0.29706
0.0700708
0.0445942
0.0605849
0.0254768
0.0102364
0.0303518
0.0572764
2.23589
0.0124874
0.0449874
0.0882998
0.0666818
0.0315448
0.0340383
0.0118451
0.0371138
0.0348255
0.112632
0.00860567
0.0505074
0.0327934
0.0403109
0.0172308
0.0305969
0.0361192
0.169553
0.0672595
0.437197
0.0523988
0.39022
0.0724251
0.0650582
0.206399
0.00917112
0.00413551
0.0494677
0.0107667
0.0268792
0.0489642
0.0197953
0.106638
0.161127
0.0366238
0.034324
0.0183756
0.0309377
0.0467728
0.0579154
0.139477
0.0324012
0.0267604
0.0469675
0.0252562
0.0299085
0.029931
0.0998631
0.432801
0.0193368
0.050764
0.0270018
0.097003
0.0595325
0.0381197
0.0334446
0.381358
0.0330547
0.0351845
0.661567
0.00831141
0.0343157
0.0367797
0.0139628
0.0349032
0.028882
0.0519071
0.0155648
0.690771
0.351118
0.0515902
0.034855
0.0592529
0.0150776
0.0157922
0.0289578
1.74339
0.0602849
0.0593071
0.59678
0.0462515
0.00539123
0.0278168
0.0398904
0.0291749
0.0316212
0.0413729
0.0137074
0.0648387
0.0499356
0.0317828
0.0436921
0.018337
0.0348576
0.036974
0.0127598
0.0118991
0.0408466
0.0235148
0.0219429
0.0251188
0.00674107
0.0548753
0.239854
0.0599766
0.0942705
0.0113546
0.0267932
0.0837858
0.024363
0.253959
0.0260945
0.276439
0.0232312
0.476422
0.00296169
0.188097
0.017771
0.0184487
0.437915
0.053278
0.01714
0.0122397
0.198179
0.433023
0.434879
0.0181807
0.0391917
0.040539
0.0573201
0.0130007
0.00667236
0.0446449
0.0200393
0.049033
0.317768
0.0553568
0.0256855
0.225658
0.00810745
0.0167721
0.419151
0.123028
0.454127
0.0297149
0.102327
0.263661
0.668011
0.35152
0.107348
0.0473095
0.0160746
0.372614
0.113549
0.00917412
0.0477299
0.375553
0.0612643
0.657282
0.0115013
0.209839
0.0421536
0.130953
0.165806
0.77598
0.524374
0.0855403
0.0315492
0.0240488
0.00783486
0.0314174
0.0319061
0.0369546
0.045882
0.0223869
0.0143774
0.0953949
0.0181977
0.0297692
0.055321
0.00813319
0.845951
0.0203614
0.02167
0.0348833
0.0253267
0.0527656
0.0473761
0.0266655
0.0215177
0.0355377
0.0301144
0.038819
0.0584124
0.0841359
0.17851
0.0167551
0.852979
0.00864108
0.0523412
0.023534
0.028794
0.335207
0.34555
0.0343067
0.0465311
0.020561
0.0524401
1.90613
0.0336868
0.0446741
0.359094
0.0285863
0.018054
0.0744638
0.0444553
0.0223454
0.0458206
0.207489
0.175177
0.0532386
0.00576411
0.056948
0.089358
0.186774
0.0652607
0.150732
0.0911541
0.148985
0.0814017
0.16835
0.0334408
0.414203
0.479965
0.0697235
0.220516
0.27321
0.0832605
0.0452314
0.119389
0.521683
0.00510386
0.599987
0.0183437
0.0733881
0.128983
0.176033
0.0204676
0.0797263
0.0667865
0.0261884
0.164781
0.184008
0.0292349
0.956196
0.020792
0.0255904
0.438686
0.0308448
0.0389231
0.0157675
0.211636
0.0480127
0.100993
0.00777695
0.0222131
0.0532693
0.0272447
0.0497105
0.0036726
0.0156148
0.026135
0.0120094
0.135583
0.0921997
0.0599543
0.0149821
0.0160062
0.0143879
0.0237361
0.0307558
0.0203647
0.0323036
0.106976
0.00450643
0.0096124
0.182956
0.0407861
0.0154515
0.0204008
0.0285845
0.0449785
0.122868
0.0112645
0.0389407
0.00378735
0.025843
0.0185912
0.0272496
0.0520724
0.327411
0.0329848
0.756706
0.0156692
0.0118939
0.0660459
0.00786429
0.017761
0.0237937
0.00681037
0.182735
0.0596615
0.00675311
0.0186834
0.018959
0.0356678
0.123672
0.0518911
0.0508749
0.0429093
0.053633
0.0316049
0.0333253
0.0679752
0.142689
0.317614
0.729725
0.00470456
0.0471129
0.0232384
0.0378399
0.026257
0.102409
0.00916643
0.0405646
0.0155755
0.0370294
0.0224745
0.0164769
0.032295
0.0715207
0.0104141
0.00974797
0.0377073
0.0464825
0.147715
0.0489734
0.0414268
1.2101
0.0399908
0.0504127
0.0252761
0.0326113
0.0346975
0.0384633
0.0102449
0.0474304
0.00604922
0.0263572
0.0588171
0.0649702
0.0587113
0.0185187
0.0274414
0.0205178
0.0298392
0.372023
0.0179963
0.0267728
0.0293294
0.0202619
0.107635
0.017168
0.0436709
0.0741028
0.0276758
0.0469623
0.0196642
0.0390243
0.0750243
0.0309682
0.148256
0.381138
0.0441687
0.309397
0.161816
0.05988
0.081646
0.0134
0.0047283
0.0162112
0.0163325
0.0250411
0.0267649
0.0320716
0.0259038
0.0162698
0.406497
0.023283
0.0206122
0.0331526
1.66791
0.0216622
0.0228147
0.0286918
0.0269029
0.0142232
0.0270404
0.0263345
0.0583675
0.0130315
0.0392789
0.0437765
0.549791
0.0326645
0.0380642
0.0363807
0.0479571
0.02763
0.0187177
0.0291072
0.121614
0.0122275
0.0416006
0.0211185
0.0164012
0.0386642
0.0515804
0.00492387
0.0414234
0.00654949
0.0240261
0.0538662
0.0420924
1.1882
0.00255357
0.0269679
0.0209247
0.013723
0.0463085
0.546527
0.0122934
0.0190568
0.00997513
0.0556465
0.0170603
0.0538737
0.0397077
0.0311715
0.726418
0.0139932
0.726435
0.038692
0.0152072
0.0235915
0.0129527
0.290749
0.0464072
0.0591935
0.00299982
0.0745349
0.088096
0.0426846
0.0120767
0.0326924
0.0420265
0.0293115
0.0115603
0.164332
0.0952317
0.0218346
0.0777544
0.0142319
0.0711747
0.0531281
0.0504898
0.028846
0.129662
0.339717
0.0416008
0.0407404
0.0659816
0.0690321
0.0202553
0.627843
0.0521747
0.00750859
0.0249188
0.722303
0.204787
0.0666154
0.0201207
0.0151038
0.0587657
0.0473576
0.0330735
0.0327228
0.0146683
0.033244
0.0730758
0.0202064
0.0350797
0.0491902
0.0337912
0.250324
0.18273
0.294444
0.315077
0.0106541
0.461083
0.0149706
0.00421308
0.436583
0.363003
0.0478417
0.0285771
0.0294372
0.0176768
0.108664
0.00739125
0.0153367
0.0260245
0.0478168
0.0283132
0.0461286
0.037189
0.0605988
0.0321466
0.0140839
0.0140354
0.0988569
0.0317777
0.012245
0.0696747
0.372784
0.590237
0.0219799
0.0370096
0.0308216
0.0264395
0.0269191
0.0187893
0.0285808
0.0332995
0.0157893
0.0277597
0.0540539
0.0189451
0.00598872
0.0288123
0.0262207
0.0332686
0.0236555
0.0655021
0.00923649
0.0383407
0.032294
0.0121578
0.431537
0.0159852
0.0277029
0.0784048
0.0324403
0.0324425
0.0430183
0.0230465
0.0165737
0.0137409
0.630383
0.0232006
0.0776987
0.160988
0.0346219
0.024494
0.139118
0.0150217
0.0157436
0.0491872
0.0620942
0.0331942
0.605749
0.0325793
0.105639
0.0302619
0.00533295
0.0365024
0.0237713
0.54479
0.041481
0.00621564
0.182955
0.0107918
0.00449749
0.0628138
0.0395141
0.0275656
0.0387885
0.0127285
0.0133042
0.00603047
0.0433975
0.274162
0.205391
0.0103145
0.0999165
0.0600573
0.0387462
0.115727
0.0304564
0.00569265
0.0404193
0.0154199
0.0253791
0.0476318
0.0286108
0.0174961
0.0496681
0.039391
0.0359862
0.0445026
0.0117495
0.0489317
0.0294832
0.0175069
0.0196447
0.0456169
0.0271329
0.0439225
0.00478399
0.182092
0.0151997
0.0306666
0.0320125
0.0338561
0.0335703
0.228811
0.0241486
0.00490566
0.0242793
0.00826517
0.0231439
0.0445801
0.0583106
0.0263866
0.0329491
0.0441071
0.0392935
0.0191439
0.0299412
0.0350255
0.0387057
0.0407473
0.025771
0.0584664
0.0271983
0.0382706
0.0612681
0.0214104
0.00868954
0.0451124
0.0143166
0.0254267
0.0589136
0.0170646
0.0617615
0.0331697
0.00315977
0.25139
0.0642406
0.159658
0.0154328
0.0949381
0.31807
0.0967443
0.0923488
0.00617722
0.0278854
0.00806129
0.062692
0.0179063
0.141266
0.0270305
0.0664976
0.0098363
0.492862
0.00702115
0.00269242
0.0281013
0.129884
0.0144533
0.186037
0.0177052
0.0191894
0.013008
0.0544886
0.0384202
0.118163
0.0225372
0.0824103
0.157417
0.0530416
0.0524624
0.0167991
0.0254031
0.340173
0.0548884
0.0399828
0.0144301
0.0279925
0.0905523
0.0377564
0.0176674
0.353542
0.128939
0.198651
0.213775
0.0855056
0.0183672
0.0730908
0.330486
0.00798369
0.052035
0.0915312
0.0333101
0.0294787
0.0149922
0.454504
0.0266587
0.00906125
0.174931
0.0265958
0.34848
0.203198
0.0149023
0.073686
0.0542481
0.0551287
0.0396654
0.00740387
0.0366891
0.0556966
0.842343
0.03026
1.00496
0.0659425
0.219503
0.0366984
0.00330374
0.219962
0.019008
0.0598916
0.0184465
0.0394732
0.016966
0.0601671
0.156652
0.0247992
0.0179352
0.00970601
0.00833359
0.0559502
0.00328513
0.0497163
0.0236847
0.0685491
0.00861799
0.386528
0.0275374
0.0181116
0.037628
0.852119
0.0165321
0.111904
0.00678242
0.0191937
0.0187411
0.0934431
0.452292
0.0270933
0.0845665
0.0355982
0.600008
0.0175217
0.0167251
0.0225737
0.0154666
0.0368878
0.0164828
0.0155468
0.0297275
0.0374461
0.0218579
0.019744
0.00324843
0.00516476
0.0456446
0.0136107
0.0263826
0.0237354
0.02868
0.0225901
0.0179178
0.414824
0.012798
0.0491386
0.144411
0.142067
0.0543611
0.0698716
0.0421275
0.0331495
0.0245018
0.128851
1.32422
0.0410854
0.25024
0.501949
0.271088
0.661579
0.0332345
0.0244899
0.331922
0.0251954
0.0783775
0.51474
0.0485439
0.120417
0.0655657
0.168451
0.157564
0.0893835
0.234573
0.219848
0.371749
0.173034
0.27053
0.117631
0.0226112
0.289251
0.348261
0.397606
0.444582
0.0572698
0.0229383
0.517867
0.851833
0.0609258
0.0804199
0.0438409
0.0507926
0.0198256
0.0358689
0.0197457
0.121361
0.0250852
0.0333639
0.117313
0.20347
0.0331112
0.128836
0.0718096
0.0239158
0.0412435
0.0569171
0.0152426
0.0446948
0.0593552
0.105317
0.0175581
0.0809146
0.0328308
0.0635986
0.046305
0.115664
0.0943637
0.00851976
0.0273765
0.026824
0.0395605
0.043453
0.0343035
0.0652199
0.0612275
0.0436675
0.0199138
0.0336724
0.0507542
0.0124249
0.0254439
0.0592568
0.0495907
0.0397336
0.0455057
0.0282236
0.63345
0.0253582
0.100701
0.0327447
0.0942145
0.0957817
0.031349
0.0153139
0.031199
0.0310589
0.032033
0.0267124
0.0148837
0.0328208
0.0935099
0.0726007
0.056197
0.0446323
0.0127133
0.0446864
0.0275902
0.0175245
0.0153316
0.0855815
0.0115775
0.0205861
0.0201634
0.0945538
0.0214344
0.0252403
0.0130739
0.0229863
0.0789973
0.0249318
0.0506834
0.0566441
0.0758461
0.0119312
0.0861743
0.00506155
0.0120957
0.257765
0.108198
0.0909955
0.015474
0.104794
0.0128597
0.0244387
0.0327716
0.106245
0.0694751
0.0350633
0.0490281
0.00292006
0.0373348
0.0208748
0.0138604
0.0256771
0.0225312
0.0640588
0.0251982
0.022679
0.0289361
0.0180485
0.0233703
0.0260345
0.0559509
0.0217489
0.0186713
0.0176552
0.026188
0.0299332
0.0885616
0.0415932
0.026945
0.0414322
0.0597356
0.0652329
0.099921
0.0357784
0.0378828
0.107497
0.0609917
0.0449216
0.0570608
0.257689
0.0743719
0.00929836
0.0509107
0.110314
0.0303952
0.168182
0.294323
0.0791067
0.113417
0.282132
0.0773676
0.0335421
0.0709295
0.0927984
0.106079
0.126037
0.0188887
0.0573157
0.194515
0.0482203
0.0279021
0.0193479
0.0729726
0.4752
0.058155
0.633283
0.0418347
0.0282128
0.0187185
0.0196043
0.00752636
0.0327193
0.0462364
0.017853
0.0221124
0.0169736
0.0285104
0.0241858
0.0177358
0.0107949
0.0286076
0.0242082
0.00980586
0.0519408
0.0349517
0.0198861
0.0566567
0.121033
0.0296583
0.112708
0.0471131
0.0141695
0.0262887
0.673921
0.0671125
0.079523
0.28769
0.0470481
0.0518765
0.00485763
0.196857
0.0289619
0.006072
0.0233327
0.127317
0.049018
0.0315765
0.66649
0.0206178
0.0522524
0.145267
0.0389852
0.0295865
0.393513
0.0917218
0.0587567
0.38418
0.0538025
0.101755
0.0422372
0.022858
0.0227269
0.0150868
0.422214
0.0338787
0.0243613
0.0186862
0.0372475
0.139158
0.019976
0.00617274
0.0267262
0.0112358
0.0269868
0.0380358
0.0208106
0.045141
0.00559321
0.027691
0.023206
0.109095
0.0487498
0.158756
0.0598454
0.0409722
0.0439238
0.129098
0.013513
0.0174793
0.0208161
0.00867596
0.198532
0.135544
0.0131826
0.860314
0.00338764
0.0487644
0.150324
0.142862
0.0330343
0.239215
0.0364683
0.045094
0.032875
0.555033
0.0271028
0.0166658
0.0291201
0.204374
0.025497
0.0222618
0.0264025
0.0129982
0.0162352
0.0494442
0.0101341
0.0553041
0.0255902
0.0763595
0.0295126
0.0523202
0.0114226
0.102089
0.149545
0.0742102
0.0287906
0.0374233
0.0442901
0.0236975
0.0271818
0.0218493
1.33121
0.00867482
1.11999
0.00441457
0.101299
0.0254472
0.118753
0.0119404
0.000926649
0.0287314
0.00765661
0.00780724
0.0368898
0.0834964
0.0476532
0.0337849
0.0523987
0.0941217
0.00849553
0.136801
0.0417407
0.0155919
0.0229954
0.259715
0.00974676
0.0469714
0.0417855
0.0808594
0.0292461
0.0152546
0.0253725
0.0109492
0.0329332
0.0625611
0.0197048
0.0553798
0.01468
0.0356162
0.0678305
0.0349337
0.162969
0.0109274
0.0633131
0.0259928
0.0439877
0.388565
0.0120601
0.0422342
0.0213529
0.176307
0.188004
0.0539993
0.117973
0.507477
0.124449
0.0392265
0.148039
0.6647
0.587449
0.0929527
0.985043
0.00444847
0.0263052
0.26805
0.0982803
0.18118
0.0100943
0.0198611
0.0226934
0.0180429
0.0718496
0.062559
0.175682
0.0123744
0.0172771
0.370037
0.182985
0.942522
0.33022
0.230487
0.0201287
0.226446
0.314234
0.506924
0.0434464
0.195876
0.0114012
0.276467
0.0666162
0.0201219
0.107018
0.0240447
0.00717002
0.146194
0.259917
0.0301762
0.016304
0.00865762
0.0324973
0.0483593
0.0171956
0.0356928
0.0183257
0.0357725
0.236707
0.0761712
0.0261934
0.0418028
0.0259555
0.0285212
0.0506089
0.026675
0.0273741
0.0149761
0.0357809
0.0345835
0.0178865
0.0485315
0.0227712
0.0140501
0.033962
0.0438318
0.0151147
0.24235
0.0345858
0.0280441
0.0355761
0.0173732
0.0310821
0.0329557
0.0218743
0.168363
0.0145858
0.0507793
0.319834
0.0391551
0.0245652
0.0260958
0.0156369
0.0338493
0.0456175
0.0109178
0.0595346
0.0163529
0.419957
0.0413882
0.288852
0.151556
0.0585826
0.0665628
0.254535
0.0336055
0.0253178
0.199715
0.218226
0.0841761
0.532003
0.0518508
0.0388467
0.0318166
0.241222
0.153234
0.460045
0.0882189
0.01088
0.064476
0.0722251
0.0522229
0.201908
0.0317894
0.007583
0.0318012
0.0129912
0.304079
0.0391773
0.103674
0.0217513
0.0243506
0.0588707
0.0386594
0.0409246
0.0324086
0.42099
0.455524
0.0510169
0.0147757
0.0377809
0.0413165
0.118539
0.0619604
0.038634
0.0229442
0.213694
0.0716951
0.044394
0.139456
0.0281617
0.00922798
0.0116061
0.0143624
0.221648
0.146927
0.103526
0.177382
0.00809703
0.0189601
0.0243254
0.342724
0.166417
0.0182903
0.0383011
0.014407
0.00671671
0.0124641
0.0166449
0.0471703
0.366568
0.0312196
0.0231569
0.0642446
0.233413
0.0107662
0.0181857
0.00273653
0.0821951
0.00781878
0.0572447
0.366821
0.10722
0.019208
0.021882
0.105625
0.0990966
0.00487376
0.0575936
0.0160248
0.0142789
0.0146282
0.0176961
0.0478642
0.0406502
0.0289398
0.464977
0.0223127
0.00983209
0.0173332
0.00126201
0.0148357
0.0331041
0.0120261
0.0148867
0.22386
0.0529548
0.272505
0.0244763
0.0638551
0.0327873
0.036248
0.0264299
0.0131081
0.0612159
0.171876
0.17464
0.61278
0.321191
0.0302143
0.252105
0.101519
0.181879
0.124847
0.0531752
0.405087
0.0535345
0.038732
0.360531
0.260242
0.193052
0.0465998
0.113079
0.041003
0.164026
0.0310154
0.00953093
0.0892095
0.00493434
0.0329413
0.0277972
0.030021
0.0301012
0.0486391
0.232904
0.304086
0.39281
0.28665
0.249671
0.170107
0.680378
0.661222
0.141481
0.0192688
0.177542
0.1351
0.163088
0.0306318
0.461409
0.149865
0.210986
0.0531105
0.334211
0.0387671
0.455754
0.0871647
0.606006
0.586313
0.0357475
0.317198
0.0266702
0.0806435
0.160799
0.362448
0.178814
0.260555
0.222753
0.0138172
0.0480219
0.366406
0.0247647
0.0166879
0.0317648
0.0241536
0.0428866
0.230559
0.084644
0.0199297
0.031549
0.112037
0.0147069
0.0415755
0.0186214
0.0840271
0.0544905
0.0185845
0.0204423
0.0263987
0.0110128
0.323804
0.0251549
0.0246868
0.496122
0.093103
0.0635731
0.0320279
0.0127248
0.036401
0.21083
0.817926
0.0091347
0.0276659
0.121255
0.0182125
0.0466276
0.0148955
0.0962934
0.0202038
0.143472
0.426531
1.19682
0.0644635
0.0208549
0.132524
0.113443
0.152922
0.365992
0.917145
0.444753
0.444888
0.295205
0.144072
0.0265011
0.027487
0.160276
0.101052
0.401131
0.0544812
0.129458
0.127807
0.0397362
0.308727
0.0528087
0.0194615
0.0139061
0.0306943
0.0444545
0.27756
0.0201754
0.0307431
0.0421035
0.055232
0.051139
0.00852226
0.0481359
0.0696801
0.0657802
0.0235009
0.0227124
0.0599745
0.010444
0.0647766
0.00613864
0.0203794
0.0342095
0.363687
0.0409359
0.0490689
0.0411104
0.0205193
0.587619
0.25419
0.0089442
0.036059
0.0469007
0.265896
0.0475934
0.0361497
0.109547
0.208728
0.0537131
0.0365132
0.0472639
0.0394608
0.276632
0.0386113
0.0655067
0.0283613
0.146129
0.0378906
0.0500513
0.0229633
0.0189108
0.0752398
0.0214007
0.0178315
0.0256456
0.032559
0.107016
0.0995322
0.0401404
0.0140366
0.0373429
0.0241721
0.0492163
0.0349398
0.0317994
0.0158466
0.055194
0.016556
0.123447
0.0468706
0.0396831
0.389102
0.196389
0.121602
0.0514085
0.0392306
0.135907
0.0414595
0.139239
0.154521
0.0356094
0.0256751
0.13562
0.0237176
0.0434458
0.0166747
0.0367473
0.0427025
0.090451
0.00564501
0.11539
0.0360749
0.240775
0.192146
0.039763
0.0180297
0.0354533
0.0100172
0.00795942
0.0406447
0.0212242
0.089058
0.064248
0.0830121
0.113134
0.0197981
0.115196
0.229352
0.246879
0.00508067
0.0129151
0.0024151
0.444507
0.605595
0.0122885
0.0237191
0.0435682
0.0540548
0.0602397
0.595591
0.0610691
0.0435362
0.264929
0.0425903
0.0607084
0.105147
0.0192344
0.127128
0.251003
0.0222795
0.220269
0.180233
0.0981946
0.0331478
0.0167105
0.0208039
0.0271463
0.155633
0.00361727
0.138079
0.174436
0.458802
0.0348972
0.0142398
0.0371307
0.0115708
0.00727216
0.0209521
0.0219049
0.0275877
0.11774
0.0349576
0.0508261
0.0234602
0.0395398
0.221166
0.406456
0.0299352
0.0174717
1.02926
0.0428188
0.038292
0.0327749
0.0665128
0.0442622
0.0333097
0.0879905
0.0320418
0.0430232
0.0187107
0.339167
0.0266764
0.078162
0.0239435
0.00327073
0.0174337
0.0635915
0.0182938
0.0243275
0.0321485
0.0184342
0.0368753
0.0256956
0.0101344
0.0185626
0.010342
0.0326636
0.0263667
0.0572473
0.0339473
0.106591
0.00958252
0.0664152
0.0384618
0.291394
0.595826
0.0892676
0.0289774
0.0214459
0.0321522
0.0128133
0.00392495
0.0475891
0.0196683
0.0251426
0.0298626
0.305725
0.0242596
0.0739213
0.0391508
0.0226394
0.0297251
0.0201251
0.0964403
0.0221927
0.0189107
0.0333622
0.0377344
0.0302089
0.0273924
0.0336196
0.0350636
0.165257
0.101039
0.0266124
0.0261734
0.0124938
0.00491655
0.0797171
0.0126462
0.299144
0.0541489
0.00589171
0.0979665
0.0296993
0.0411358
0.0218809
0.0417005
0.0246911
0.435752
0.0949232
0.0214247
0.0128427
0.0393547
0.0429756
0.55637
0.0271022
0.0271292
0.00521642
0.0208155
0.71027
0.0243166
0.00271316
0.0189885
0.0493232
0.0435831
0.0446899
0.357289
0.101199
0.0612087
0.681967
0.0383861
0.0294291
0.177659
0.0146025
0.130782
0.347755
0.128968
0.21729
0.182528
0.523866
0.0840801
0.132504
1.18225
0.130045
1.05364
0.312503
0.42432
0.0152631
0.38934
0.00325949
0.0182582
0.0155322
0.00205222
0.327979
0.654372
0.440067
0.0465381
0.0617612
0.0409394
0.028227
0.0256467
0.0216457
0.0383897
0.0263094
0.0281653
0.0205701
0.0301298
0.0466082
0.041454
0.420581
0.0164052
0.0108482
0.11048
0.0116414
0.0235373
0.0367691
0.0260473
0.0309281
0.0092753
0.0609834
0.457419
1.75852
0.00806372
0.0117235
0.0615229
0.0165411
0.026697
0.027155
0.0332541
0.92538
0.00527237
0.0179378
0.629986
0.74352
0.0244516
0.0203791
0.102793
0.0324389
0.206939
0.0744146
0.0681351
0.0198889
0.170901
0.0902274
0.091831
0.284864
0.00904152
0.205425
0.22313
0.0273997
0.0405622
0.0640741
0.0254121
0.139132
0.0642487
0.0228462
0.0664223
0.0805058
0.132978
0.0678652
0.0401752
0.013678
0.357622
0.735617
0.0860066
0.072709
0.00769662
0.0271192
0.0183108
0.0208051
0.00880472
0.0135869
0.0995736
0.0121971
0.0757832
0.0494028
0.0457482
0.163112
0.024511
0.0537962
0.0156121
0.0619879
0.326227
0.112758
0.00605311
0.0526265
0.114444
0.0171968
0.0551543
0.0350525
0.04404
0.0790625
0.0513591
0.00878552
0.0197918
0.0832892
0.324232
0.0118953
0.0405913
0.0265923
0.0452489
0.0805709
0.156125
0.0522314
0.0198482
0.289077
0.0100826
0.036355
0.0364431
0.0430743
0.117957
0.0558296
0.00584895
0.0729456
0.0933755
0.0188883
0.0160956
0.0302333
0.0898609
0.0346249
0.059901
0.0384303
0.189236
0.0386997
0.0131936
0.00977937
0.366736
0.16761
0.0246955
0.0411931
0.0939447
0.198747
0.0945531
0.0233739
0.127481
0.109602
0.0413774
0.00787887
0.0890025
0.0923652
0.47277
0.0441099
0.0239509
0.0985273
0.105289
0.0161453
0.078908
0.203976
0.228193
0.490418
0.0211788
0.00722805
0.246414
0.0158395
0.0565682
0.0364446
0.0430549
0.0377807
0.0574099
0.0750698
0.0478497
0.078043
0.0398948
0.31465
0.212772
0.0925938
0.024852
0.0874582
0.196135
0.0254869
0.139344
0.0469765
0.0764777
0.0227254
0.0333811
0.010262
0.13729
0.102094
0.0251266
0.0778966
0.129964
0.177615
0.333769
0.0557419
