0.00721139
0.0224224
0.00406066
0.0281322
0.0105912
0.00185715
0.0030371
0.0205837
0.0101595
0.0257216
0.0200243
0.0312468
0.0119088
0.0156026
0.00992724
0.00319209
0.00622943
0.0234021
0.0100463
0.0076797
0.00503792
0.0202383
0.0036521
0.0343223
0.0246571
0.0113972
0.016563
0.0114909
0.0264132
0.0177965
0.00989762
0.0369281
0.00360882
0.00900791
0.0216673
0.014301
0.00944421
0.0188973
0.0160152
0.0112922
0.003152
0.00528332
0.00218239
0.00683178
0.00590688
0.00945168
0.00452729
0.0310493
0.00988096
0.00640181
0.00540981
0.0148778
0.00360732
0.00681508
0.00765139
0.00807495
0.00504061
0.0189487
0.0099824
0.00819525
0.00833813
0.0182927
0.00942143
0.00424462
0.00786656
0.00540582
0.00527647
0.00583255
0.00351387
0.00566639
0.0100836
0.00926928
0.00489211
0.0133651
0.0167182
0.00852046
0.00145146
0.00789882
0.00311736
0.00745637
0.0064916
0.00266662
0.0348354
0.00700858
0.00709535
0.00767022
0.00407745
0.0150159
0.00572704
0.00839345
0.00871374
0.0212212
0.0102302
0.0190891
0.0116158
0.0154597
0.00955258
0.0210386
0.0108986
0.00244489
0.0101188
0.00856685
0.00464101
0.00913425
0.00520447
0.00659094
0.00465259
0.01689
0.00427876
0.00841749
0.00448655
0.00525145
0.0182605
0.00600972
0.00394802
0.00436134
0.00684104
0.000876494
0.00923052
0.019252
0.0144511
0.00809331
0.00635452
0.00545696
0.0261453
0.0119822
0.00484483
0.0102284
0.00865139
0.00928306
0.0155254
0.0141063
0.0180931
0.0285835
0.08386
0.00944505
0.140862
0.28698
0.00653625
0.0475322
0.0354945
0.23107
0.0182903
0.0123359
0.0105857
0.0742831
0.0901713
0.0833201
0.0586909
0.00977026
0.0509492
0.00834857
0.00659109
0.338561
0.00509565
0.0695022
0.0100985
0.0134753
0.00681312
0.0135903
0.0296649
0.0366672
0.0508051
0.00806444
0.0156088
0.00915977
0.0280624
0.00413115
0.0351953
0.0147059
0.00681837
0.0162306
0.122422
0.00216196
0.00392994
0.035416
0.0380565
0.0679243
0.0238414
0.0250667
0.0823045
0.0116105
0.00850392
0.00450606
0.00330197
0.0206526
0.00373977
0.022415
0.0281826
0.0259755
0.0411511
0.0721975
0.119845
0.0049005
0.00404929
0.00719717
0.00900318
0.0147746
0.00168586
0.0119884
0.0146195
0.0228113
0.0119402
0.0147362
0.0112343
0.0159789
0.00845992
0.00928755
0.0122808
0.00785639
0.0225919
0.0125896
0.0106779
0.0519343
0.0147514
0.00277758
0.00797556
0.208048
0.00537348
0.0290909
0.0158918
0.00518223
0.0122562
0.029447
0.0175647
0.0079534
0.0137784
0.0738523
0.0554243
0.00427087
0.0222464
0.00318184
0.0522266
0.0215534
0.0249775
0.0541553
0.00514822
0.0141196
0.0463101
0.0130429
0.011597
0.00887684
0.0344714
0.013416
0.0145198
0.00913532
0.079159
0.00658436
0.00400031
0.00674311
0.0195125
0.0291239
0.0115729
0.00697798
0.0112443
0.00875271
0.00924195
0.00275824
0.0153606
0.040104
0.0105432
0.224419
0.00690596
0.00614356
0.00984239
0.00814447
0.00597887
0.00657995
0.0313797
0.00446579
0.0145545
0.0479274
0.0244435
0.0595792
0.0633062
0.0120738
0.0593203
0.00404498
0.00975344
0.028523
0.00959119
0.0666015
0.00303866
0.0349556
0.0475552
0.0131201
0.0245965
0.0109722
0.00868003
0.0533211
0.00370572
0.011717
0.0113323
0.00953199
0.0121118
0.00827445
0.00397063
0.0172328
0.0351034
0.0122504
0.0259747
0.0152938
0.0103332
0.0592732
0.0762981
0.0111322
0.0137668
0.00396172
0.0169845
0.00742283
0.0109672
0.014768
0.0376209
0.00858359
0.0172558
0.323427
0.00853976
0.00632529
0.0216014
0.0368055
0.0165602
0.0200869
0.0215676
0.00474139
0.0223697
0.00498648
0.00724376
0.00773666
0.0137948
0.0271545
0.00490455
0.0036191
0.0101094
0.0599953
0.0146068
0.00333895
0.0172159
0.0264096
0.0142075
0.0182977
0.0160738
0.00630522
0.0377157
0.0129671
0.0155558
0.010841
0.00799842
0.00580602
0.0104676
0.0120032
0.00257375
0.0207579
0.0276918
0.00619852
0.0631
0.535717
0.0102127
0.00672758
0.00887159
0.0189415
0.0220589
0.00654019
0.00801397
0.00491403
0.0137931
0.00783882
0.0100253
0.0220067
0.0165378
0.0175574
0.0190925
0.051061
0.00583736
0.0135584
0.0104559
0.00733495
0.0203297
0.00295067
0.00626966
0.00706145
0.00195747
0.00452743
0.00718149
0.00409126
0.00451686
0.0234196
0.0108364
0.0139432
0.00748303
0.0148885
0.0101685
0.0168796
0.00257539
0.00619309
0.00586436
0.00510942
0.00405653
0.00209238
0.0114258
0.00796971
0.00800403
0.00608263
0.00725652
0.0230996
0.0136004
0.0101967
0.00750928
0.00825378
0.00800481
0.00230881
0.00434994
0.177592
0.00521211
0.00678024
0.0137836
0.00296294
0.0108584
0.00760647
0.0157147
0.00593531
0.00252429
0.00951967
0.0173894
0.0132585
0.00369968
0.00683924
0.00766965
0.0064352
0.00774009
0.00366537
0.00756681
0.00936994
0.00862099
0.0493367
0.00748947
0.00948195
0.0201544
0.00234155
0.00527424
0.00462351
0.0193595
0.0077349
0.00979072
0.00715655
0.0163237
0.00898121
0.00911924
0.00693868
0.010236
0.016613
0.00555829
0.0021438
0.0147439
0.181573
0.00843431
0.316908
0.00736054
0.255219
0.16702
0.134192
0.091195
0.0162697
0.00632553
0.0171354
0.00447856
0.000950017
0.00999773
0.00554702
0.0113245
0.0155836
0.00860186
0.0133348
0.0114588
0.00667771
0.0131245
0.00571493
0.00461976
0.0182119
0.00786125
0.00699044
0.00519271
0.0136386
0.0129868
0.00540414
0.00786731
0.0109844
0.00905706
0.00237826
0.0291499
0.00692965
0.00994274
0.018002
0.00685837
0.0394691
0.0138218
0.00430391
0.00775127
0.0070633
0.00659618
0.027373
0.00581001
0.0461376
0.0155603
0.0861147
0.0297492
0.00981911
0.033077
0.0484723
0.00761258
0.00903268
0.032362
0.0305802
0.0687557
0.0338334
0.00949437
0.0306788
0.011184
0.0151737
0.0210265
0.0101458
0.143111
0.0167364
0.0267013
0.0425976
0.0541894
0.0114015
0.0210758
0.0331214
0.0417753
0.3166
0.0124186
0.0137691
0.0256044
0.011528
0.0154364
0.0199344
0.00298458
0.0132457
0.0149921
0.0450815
0.0199148
0.0029569
0.026723
0.0443063
0.0647468
0.0456877
0.0624104
0.132185
0.00448294
0.218256
0.0237808
0.0139541
0.0148132
0.0252913
0.00494389
0.00414428
0.0955404
0.0113565
0.021445
0.00910526
0.0275307
0.00939124
0.0228426
0.0184955
0.0137986
0.00473684
0.00501473
0.0900973
0.0916062
0.0139733
0.00423991
0.00684646
0.0141723
0.0345134
0.00592946
0.0177838
0.13379
0.0187717
0.00150604
0.00735647
0.00811438
0.138147
0.148778
0.0172715
0.00955206
0.00515627
0.0130119
0.0123403
0.0155376
0.0876859
0.00779794
0.0369195
0.0392497
0.0954055
0.0782686
0.0181988
0.154307
0.00819136
0.0262923
0.00843402
0.00716148
0.0443999
0.00190067
0.00457188
0.0124801
0.012194
0.0146166
0.011124
0.028526
0.155386
0.00228167
0.00523929
0.0840922
0.0648303
0.0343564
0.00748199
0.0892134
0.00744927
0.190598
0.0229429
0.0178135
0.0132518
0.0195525
0.0048661
0.0901491
0.00606653
0.164095
0.00489639
0.0149603
0.0075906
0.0373179
0.011691
0.0320337
0.00777157
0.00898749
0.0188055
0.00806215
0.00545502
0.00724837
0.00381081
0.0130908
0.0241812
0.0243687
0.00553123
0.0421625
0.00939146
0.0036067
0.0109351
0.0109243
0.0224095
0.165046
0.0908504
0.045486
0.0159882
0.159343
0.0728149
0.117468
0.147443
0.0402205
0.00856257
0.283925
0.00528945
0.00617182
0.00655475
0.0127759
0.00191593
0.00785922
0.00748152
0.00691359
0.368699
0.147361
0.00698616
0.176024
0.0386296
0.116958
0.468091
0.195318
1.49239
0.0147636
0.0721793
0.0391003
0.0648524
0.111385
0.127345
0.109375
0.00721578
0.304636
0.0271151
0.0739988
0.00998829
0.281183
0.252658
0.455898
0.00526206
0.0887595
0.00956985
0.0139051
0.0493386
0.081206
0.00518817
0.00761563
0.0108337
0.0164513
0.0129131
0.0131704
0.00484031
0.00914742
0.00722715
0.00402752
0.00708663
0.00610639
0.0167128
0.00291345
0.0100191
0.00774157
0.00917391
0.00462769
0.00875882
0.0759508
0.174207
0.0895538
0.311823
0.0143469
0.259406
0.00846364
0.197562
0.221469
0.00554651
0.00497325
0.00751483
0.0112035
0.0259549
0.0056522
0.00699679
0.00336578
0.0132653
0.0418925
0.00838548
0.0117444
0.00621919
0.0168033
0.0202691
0.0139758
0.0214406
0.00393635
0.00442498
0.00531599
0.0119286
0.0239549
0.0234708
0.347398
0.313273
0.00693778
0.0141378
0.00709367
0.00381338
0.00720209
0.00384424
0.00296532
0.00459978
0.000712739
0.00813027
0.00474258
0.0245604
0.0152695
0.00612816
0.00314145
0.252314
0.299903
0.0176613
0.161474
0.207224
0.241372
0.00337646
0.0503105
0.142209
0.0236534
0.0211205
0.0256396
0.00560047
0.00575284
0.00579659
0.0128392
0.0100066
0.0264157
0.0150855
0.00951465
0.00754227
0.00637938
0.0522137
0.0321843
0.01264
0.0028324
0.00835037
0.00387049
0.00663352
0.00393221
0.00603773
0.00682197
0.0131245
0.00849558
0.00736565
0.0151583
0.00894195
0.010297
0.00783754
0.00789009
0.0190489
0.0112664
0.0120764
0.0141619
0.205592
0.0141061
0.0134896
0.00516484
0.00875581
0.00624644
0.0113256
0.0659991
0.0758456
0.117733
0.141143
0.343067
0.023008
0.257572
0.0474504
0.00753731
0.0340509
0.0563694
0.0461999
0.0615254
0.00918845
0.0195018
2.37911
0.146026
0.0660533
0.0405409
0.0104677
0.00132365
0.0140662
0.0105959
0.00661948
0.0175458
0.00664925
0.0168647
0.00714698
0.00397227
0.083125
0.00110925
0.0359696
0.608906
0.00701831
0.225668
0.0664536
0.00870654
0.0280591
0.00981877
0.281635
0.00663235
0.00312497
0.0221518
0.00515209
0.018151
0.00397183
0.00404441
0.00889018
0.0116697
0.0110135
0.0105032
0.00244877
0.00865796
0.0116729
0.0105773
0.00343728
0.00726232
0.00831122
0.0128038
0.0121429
0.00845083
0.00735711
0.062147
0.0758184
0.0348011
0.00977725
0.0083851
0.0115732
1.10287
0.215353
0.0199503
0.406734
0.115451
0.0112962
0.00936383
0.00846999
0.0110454
0.0123585
0.00576911
0.00860584
0.178297
0.0113727
0.0913529
0.0100483
0.00857897
0.00912229
0.00864437
0.0115935
0.0110038
0.0129171
0.00659756
0.0200919
0.00603763
0.00840123
0.00403753
0.0184912
0.0481283
0.211075
0.142283
0.0478053
0.0124418
0.19528
0.0804797
0.0221698
0.156448
0.0137415
0.0362998
0.046791
0.0699794
0.0485608
0.0171213
0.0522669
0.123288
0.00941492
0.00381657
0.00586924
0.00649345
0.00617546
0.165655
0.0972687
0.0215351
0.0455019
0.0217591
0.0121162
0.0424229
0.00208649
0.02429
0.0113934
0.00994918
0.0101332
0.0155872
0.00807784
0.00737411
0.00587748
0.0173663
0.00641652
0.0128279
0.00909896
0.00308356
0.0135482
0.00525396
0.00377758
0.00692947
0.0171578
0.0028213
0.23647
0.159883
0.0270729
0.0339761
0.0466696
0.0234184
0.0717216
0.0164693
0.104663
0.42102
0.097962
0.067341
0.0150966
0.0095822
0.0135206
0.0188228
0.00619408
0.00289239
0.00854045
0.12539
0.217258
0.00913454
0.0177281
0.00428001
0.0132881
0.0146
0.00814141
0.00722649
0.0118331
0.0101385
0.005915
0.00292138
0.00481929
0.0142564
0.00327448
0.0111254
0.00781892
0.0125595
0.0158876
0.00408265
0.00706983
0.0124042
0.0205772
0.00843892
0.00366743
0.00346228
0.00498101
0.00516766
0.00402202
0.0796471
0.0224757
0.0113635
0.0123678
0.0112957
0.00868332
0.0237122
0.010088
0.0121936
0.0192875
0.0102979
0.00834919
0.11282
0.00662835
0.00639628
0.01377
0.0303694
0.0202176
0.0162476
0.00635197
0.013893
0.0155226
0.00420179
0.0130544
0.0100752
0.0047818
0.0188135
0.00633121
0.0154782
0.0213627
0.0102652
0.00923455
0.00506403
0.0175955
0.0258089
0.0300163
0.00825589
0.0213156
0.0118634
0.0052958
0.0176708
0.01139
0.00735388
0.00648025
0.00606704
0.00852209
0.0085707
0.0102198
0.00690393
0.00904074
0.00758829
0.0128708
0.0198063
0.00677247
0.00764116
0.0064958
0.0149583
0.0137477
0.0113539
0.177338
0.00793984
0.0064882
0.00914698
0.020352
0.0146859
0.0123216
0.00873002
0.0047939
0.0102227
0.0087429
0.00367416
0.00684308
0.0204169
0.00781544
0.0116832
0.0295031
0.00788741
0.0176082
0.00171334
0.0662861
0.233866
0.00598855
0.0263064
0.0104303
0.00670321
0.006328
0.00602753
0.0149124
0.00883111
0.00329228
0.0172201
0.00120651
0.00857422
0.00620503
0.00391732
0.00620308
0.00691922
0.0118833
0.00294007
0.00379378
0.0109716
0.00538381
0.183788
0.208639
0.0110113
0.0982646
0.367969
0.162762
0.0763606
0.189614
0.0471377
0.00569403
0.0453701
0.0182599
0.0171608
0.0203835
0.0703836
0.182819
0.00791522
0.0215511
0.0226659
0.0104394
0.109776
0.00728809
0.00735688
0.00233952
0.00671718
0.00612035
0.0218591
0.00700194
0.0344473
0.00533022
0.00908717
0.0124669
0.00691711
0.00586938
0.0116181
0.175243
0.148083
0.27301
0.0941561
0.162498
0.0556356
0.0610504
0.208483
0.0072932
0.0220098
0.205393
0.0113405
0.00781272
0.00920697
0.00707675
0.244197
0.0218416
0.128748
0.0873799
0.0687004
0.246469
0.359544
0.0300496
0.0212356
0.0285843
0.499601
0.0713077
0.00953133
0.0137647
0.0074508
0.185917
0.261658
0.233529
0.128715
0.0114311
0.0308162
0.497652
0.142575
0.0242314
0.55958
0.030453
0.169052
0.00525212
0.0606276
0.0744115
0.150075
0.0869353
0.109252
0.0897553
0.0437164
0.0386952
0.0194667
0.126052
0.0162721
0.0329513
0.267527
0.0620527
0.0656316
0.0204191
0.00496147
0.124391
0.274944
0.0141758
0.0682196
0.0203691
0.0847649
0.00986429
0.051272
0.0807433
0.0125675
0.017697
0.119765
0.0103497
0.0104356
0.0109951
0.0246874
0.0512973
0.017496
0.0163799
0.0308956
0.141935
0.381154
0.223347
0.00828623
0.0807038
0.00284367
0.0118053
0.078559
0.0341658
0.323036
0.0179433
0.00755584
0.00395951
0.0168481
0.00270547
0.021779
0.0306043
0.0264835
0.0231685
0.0422527
0.00715679
0.0170791
0.0059325
0.0109384
0.0169404
0.0362736
0.0130418
0.00807152
0.00598302
0.00812199
0.00862571
0.00761163
0.00750763
0.0185147
0.0125591
0.00281176
0.016183
0.0152168
0.0137134
0.00229234
0.00575521
0.0104155
0.00211196
0.00426461
0.00279693
0.00182658
0.00968798
0.00877635
0.0106368
0.00214428
0.00898017
0.0207165
0.184693
0.0776365
0.113051
0.0603851
0.0108509
0.025477
0.0107375
0.0146351
0.0143979
0.00592285
0.00710833
0.0112978
0.00815817
0.0115959
0.00936627
0.0203936
0.0240898
0.0248776
0.0122109
0.00926339
0.00931795
0.016849
0.00705522
0.00618357
0.0108275
0.0118286
0.00697064
0.0104225
0.0195638
0.0149838
0.00556151
0.00703102
0.0186748
0.0186393
0.00837396
0.013607
0.0340894
0.00517973
0.0166962
0.00984361
0.005633
0.0185324
0.00880368
0.00920361
0.0222731
0.00392565
0.0229568
0.00735027
0.0166909
0.0211249
0.0141677
0.0166561
0.0152908
0.00912087
0.00477976
0.0138808
0.00558917
0.0156016
0.0137544
0.00711057
0.0186558
0.00652259
0.012796
0.00749158
0.00438179
0.00774751
0.0169965
0.00774454
0.0101958
0.0509583
0.207493
0.0138684
0.0220148
0.0249047
0.0102086
0.00641234
0.00856065
0.225155
0.0285912
0.0357146
0.031925
0.00439122
0.278592
0.0163252
0.00954925
0.00992171
0.0207853
0.00270773
0.00750072
0.00684696
0.0143512
0.0879374
0.02881
0.179015
0.162298
0.265394
0.260314
0.293773
0.0820187
0.170948
0.330594
0.0916716
0.0113103
0.0112605
0.00436841
0.0142105
0.453792
0.0267835
0.137895
0.0502757
0.158978
0.0146513
0.00949634
0.959857
0.210966
0.00611178
0.0969775
1.77
1.22229
0.225102
0.321877
0.00690714
0.017905
0.173042
0.0288649
0.839806
0.0284809
0.018044
0.0269762
0.0308241
0.00458277
0.160206
0.0908732
0.0166018
0.0224944
0.0443358
0.0765776
0.242856
0.349491
0.236238
0.00328871
0.00687652
0.00670784
0.0068322
0.0108758
0.0026659
0.10003
0.0222002
0.0274551
0.0101957
0.105415
0.0323925
0.00529296
0.00140984
0.0175352
0.123872
0.134419
0.0768184
0.0397985
0.0168657
0.0368802
0.0532781
0.00569089
0.00296804
0.098979
0.0358713
0.005637
0.0100751
0.0126712
0.242724
0.00535679
0.00606803
0.0296391
0.0422248
0.00995797
0.023764
0.0245055
0.0791407
0.130959
0.0644497
0.0207006
0.0947225
0.0197766
0.0037511
0.0177611
0.0161512
0.0263253
0.0176147
0.199881
0.0109839
0.00532685
0.0364208
0.0807171
0.00968604
0.565271
0.0112412
0.0132696
0.0216566
0.0121543
0.157116
0.0315565
0.0614716
0.010812
0.00628663
0.00496763
0.0115313
0.0489527
0.00525794
0.00829831
0.00951021
0.00606431
0.00557314
0.013898
0.0111926
0.0110763
0.0174633
0.00575094
0.00227879
0.0937578
0.0258965
0.0142708
0.00396649
0.0139041
0.0143282
0.0284987
0.003411
0.287564
0.0711041
0.0128799
0.00726928
0.00669579
0.00156637
0.745429
0.0615423
0.00872092
0.0167122
0.0114923
0.0121626
0.00641944
0.00596608
0.0364061
0.0967418
0.0242499
0.064806
0.00444585
0.0122773
0.018136
0.00287238
0.370008
0.0110786
0.00362369
0.142202
0.00862214
0.00498582
0.00713941
0.0124362
0.0143147
0.00581717
0.00604711
0.0129164
0.00905251
0.00820348
0.0923382
0.00932769
0.0064126
0.127351
0.00757809
0.0140514
0.0106442
0.00579136
0.0101784
0.00949433
0.00846507
0.0113207
0.00371971
0.00335597
0.0117971
0.0154808
0.0168331
0.0121453
0.00777149
0.0054147
0.0170741
0.00875294
0.0194438
0.0114302
0.0144958
0.00585006
0.0124172
0.0140711
0.00617186
0.00361958
0.00782576
0.00742779
0.00496891
0.00977712
0.0110126
0.0171054
0.0144305
0.00730275
0.0167238
0.00329175
0.0083298
0.00153647
0.0126263
0.170989
0.0231314
0.126037
0.068189
0.0188716
0.282634
0.0433872
0.00467321
0.0226019
0.131794
0.00317181
0.0285844
0.272057
0.0396693
0.0855265
0.260362
0.0123943
0.00799429
0.0215575
0.0165628
0.0128474
0.144465
0.0050828
0.00767424
0.03079
0.0117127
0.0122137
0.0060535
0.015096
0.0216241
0.151569
0.3527
0.0919161
0.143879
0.28431
0.0465462
0.103437
0.0369914
0.0438808
0.0722858
0.0238061
0.0577545
0.00910852
0.281191
0.177096
0.0338866
0.0154607
0.105152
0.212353
0.179785
0.00536953
0.115856
0.0198424
0.0124521
0.0095102
0.0279014
0.0179766
0.0218464
0.270915
0.0185724
0.0134886
0.0118503
0.0143403
0.0101616
0.00734447
0.00902133
0.0222798
0.0127948
0.00709555
0.0104804
0.0104595
0.0114351
0.0077447
0.00849009
0.0121112
0.0118387
0.0144836
0.00968583
0.00640587
0.0151807
0.00874726
0.00732159
0.00847561
0.00920502
0.00901379
0.00469022
0.0119746
0.00878819
0.00399427
0.0126872
0.0188807
0.00357439
0.00377155
0.0124558
0.0103302
0.273994
0.00743814
0.00832158
0.0174803
0.0407045
0.00662225
0.00750066
0.00676012
0.320456
0.00657109
0.0109661
0.0812353
0.053116
0.0120948
0.00503348
0.00442027
0.0131736
0.00328764
0.0128199
0.00852301
0.017087
0.191167
0.00858966
0.00450899
0.0134218
0.107834
0.0137073
0.0772914
0.00983461
0.0449859
0.0146564
0.382919
0.0487992
0.102292
0.23593
0.0915295
0.00824862
0.0115758
0.0120452
0.00477074
0.0033013
0.0565637
0.0097471
0.00258975
0.00629971
0.00915995
0.0178128
0.00410001
0.0164336
0.110163
0.316951
0.0112095
0.0220039
0.013316
0.0113763
0.0170543
0.00620088
0.00987302
0.0152871
0.00942096
0.00153347
0.0079457
0.0132064
0.00624064
0.00356555
0.0125321
0.0129322
0.0160081
0.0230333
0.0180642
0.00832102
0.0113166
0.00806031
0.00408576
0.0259664
0.00851853
0.00525389
0.0928808
0.124608
0.00494638
0.00965763
0.0242548
0.0952348
0.0310781
0.0586002
0.214848
0.0833529
0.447538
0.0180496
0.0335618
0.194594
0.00795364
0.00598459
0.0105591
0.00951558
0.0070366
0.0647925
0.00260812
0.00901615
0.00628758
0.0188771
0.00364359
0.00683363
0.212783
0.0245773
0.00706719
0.128132
0.0074004
0.00674825
0.00474327
0.00826439
0.0830527
0.177555
0.00368034
0.039567
0.181587
0.00398712
0.00820677
0.034281
0.0104577
0.0827533
0.044288
0.0326389
0.0418324
0.915942
0.0583533
0.0135773
0.00556417
0.0580387
0.0312248
0.0341266
0.006143
0.0600509
0.0108688
0.0200653
0.0243356
0.105545
0.0671027
0.0537351
0.0120502
0.0024967
0.115866
0.0315856
0.164597
0.0778379
1.27216
0.0991264
0.144636
0.206572
0.286612
0.0755226
0.388736
0.0892913
0.00772881
0.12622
0.0131109
0.365606
0.0133722
0.0205432
0.0366952
0.0071306
0.00425427
0.0460143
0.229683
0.0989997
0.0503046
0.00857401
0.00326517
0.00780166
0.0121977
0.0033022
0.0062141
0.0143524
0.0103235
0.00788607
0.0197832
0.00332077
0.171561
0.116348
0.206247
0.0398186
0.0653506
0.0805821
0.00787985
0.00657294
0.0113607
0.0069522
0.0103149
0.00139023
0.00847187
0.00353649
0.00289486
0.0148056
0.00734975
0.0124396
0.00852302
0.0121287
0.00435493
0.00986373
0.00754784
0.222296
0.00767768
0.00861553
0.00633717
0.00554985
0.00838617
0.00807335
0.00624221
0.0316099
0.0130346
0.0163263
0.0201388
0.00541909
0.00398133
0.00239774
0.00652821
0.0134438
0.0130743
0.00747478
0.00665202
0.00995327
0.0141995
0.018401
0.00567677
0.00728346
0.00773638
0.00648575
0.00989908
0.0064568
0.00720943
0.00594149
0.00618475
0.00927818
0.00215874
0.00308466
0.00846975
0.00749123
0.0157744
0.083752
0.00750744
0.0180505
0.00489897
0.00489492
0.00829053
0.0214577
0.0195999
0.00938772
0.0027943
0.0192932
0.0121104
0.0540573
0.00806043
0.00213809
0.00340913
0.0241812
0.00452642
0.0227605
0.00188939
0.00937227
0.0076009
0.0169787
0.0113756
0.00512821
0.0133939
0.0377817
0.0142502
0.0086467
0.0338074
0.016501
0.00503449
0.0066708
0.0143352
0.00768085
0.00567139
0.00314719
0.0138469
0.00581733
0.00489693
0.0144603
0.00989856
0.00447945
0.00845117
0.00891686
0.0110978
0.00368315
0.0156556
0.00828776
0.0448702
0.0136407
0.0048502
0.0113962
0.00455497
0.015765
0.00703194
0.00542405
0.00439242
0.00705859
0.014196
0.0156772
0.0248991
0.00330497
0.0031832
0.00952641
0.0160447
0.00655104
0.00541049
0.0243593
0.00953774
0.0164023
0.00590593
0.00928968
0.00526899
0.0145346
0.0052428
0.0110764
0.0113143
0.00652144
0.00995184
0.0105918
0.0307506
0.00926295
0.0101544
0.00551262
0.0230451
0.00703689
0.0109376
0.0168639
0.00648978
0.0393889
0.150662
0.0510038
0.0132686
0.00709601
0.0474153
0.00366479
0.0590298
0.0244956
0.0114314
0.19194
0.05623
0.0115838
0.00680106
0.00548643
0.0225445
0.0157434
0.0144842
0.00314094
0.0836684
0.00862975
0.0228753
0.00355661
0.171818
0.0193642
0.00997783
0.00669834
0.0288652
0.016576
0.00268605
0.0673257
0.0273911
0.0804134
0.0314987
0.0119923
0.0126229
0.00717179
0.335051
0.0142264
0.00476523
0.0122395
0.00603202
0.0168957
0.172746
0.324208
0.016352
0.0339203
0.0856056
0.0661925
0.169974
0.0130394
0.189778
0.0216165
0.125676
0.0519315
0.00801892
0.0123019
0.0164208
0.0100649
0.0133144
0.0147119
0.00761261
0.0149737
0.0186312
0.0102603
0.0143456
0.00389541
0.0103172
0.00514388
0.0134495
0.0046816
0.134166
0.103147
0.100055
0.0267645
0.0106496
0.165521
0.0486446
0.17754
0.347487
0.236008
0.0890874
0.228643
0.0881757
0.00658217
0.162268
0.0564512
0.0196324
0.0188289
0.00462384
0.00870468
0.167671
0.00187646
0.0172453
0.00239452
0.329095
0.146613
0.110501
0.00548321
0.209862
0.176536
0.0120891
0.00119669
0.00868733
0.00456177
0.00495129
0.00559524
0.00908967
0.00759985
0.0958077
0.00351945
0.00775989
0.00699915
0.0140337
0.00601427
0.0122125
0.00360681
0.00675597
0.00678542
0.00619183
0.217552
0.01016
0.00385434
0.00951466
0.00536115
0.00264641
0.00226147
0.00854318
0.0125083
0.0181609
0.00950903
0.00571143
0.0151834
0.0204421
0.0634481
0.00716458
0.00461546
0.0135012
0.0117499
0.00436014
0.0106985
0.0129197
0.226074
0.00534482
0.00520375
0.0221246
0.00923166
0.0396065
0.00182081
0.00471451
0.0373351
0.00629872
0.0140641
0.0114221
0.0340687
0.0372663
0.0123287
0.0117768
0.00808961
0.00294944
0.0252313
0.0684933
0.0145616
0.0330657
0.0223994
0.0124545
0.00440058
0.0212295
0.0485488
0.00561581
0.018393
0.00533469
0.0173173
0.0456521
0.0152116
0.0128292
0.00738184
0.0138781
0.0117387
0.0249894
0.028847
0.0102696
0.0103197
0.0153131
0.0865948
0.00426494
0.00731912
0.00735799
0.0148298
0.0363416
0.0224112
0.0208463
0.140175
0.00397886
0.00471697
0.0126957
0.0427962
0.0354121
0.00533915
0.0189743
0.0126541
0.00801163
0.0213064
0.0440788
0.0134437
0.013915
0.0222529
0.0483967
0.0195748
0.00650726
0.0354537
0.00691189
0.0160241
0.00908863
0.00447421
0.0242889
0.0128899
0.0223299
0.00786993
0.0155564
0.02906
0.0613436
0.0175765
0.0178503
0.00791476
0.00457937
0.0098546
0.00478997
0.0147803
0.0158965
0.0144624
0.0190205
0.012374
0.00453705
0.0263064
0.0192509
0.0094385
0.0103629
0.0110845
0.0139324
0.00770351
0.0301175
0.00646079
0.00252665
0.0242846
0.00774772
0.0235083
0.00533712
0.0106766
0.0121713
0.0103156
0.0100123
0.0200134
0.00863613
0.0153253
0.00410892
0.00926924
0.00302706
0.0172875
0.00988762
0.0103947
0.121609
0.116325
0.00418818
0.00567804
0.00610627
0.259922
0.00971606
0.181588
0.00597282
0.0300366
0.039355
0.0234902
0.141272
0.0698415
0.0594971
0.00448429
0.059484
0.0760512
0.0348641
0.00384137
0.000987322
0.00709797
0.0462114
0.00659821
0.0218295
0.00835956
0.00809995
0.0798949
0.0335374
0.016485
0.122556
0.117327
0.0531246
0.0236246
0.0559879
0.139643
0.00277033
0.182878
0.105138
0.0178219
0.00899086
0.00248978
0.00841548
0.00576314
0.00911663
0.0145083
0.00854571
0.00848883
0.00884142
0.00932603
0.0055698
0.00810737
0.0173476
0.00858029
0.0101159
0.00541623
0.00234107
0.00482525
0.00521144
0.00565605
0.0271159
0.246458
0.132566
0.025826
0.225392
0.0125262
0.241175
0.320068
0.0549084
0.1608
0.0492786
0.150782
0.0049063
0.129947
0.0402323
0.0251113
1.62617
0.0141204
0.159825
0.118587
0.00565471
0.0164579
0.169533
0.10458
0.0457162
0.040367
0.481883
0.182974
0.130211
0.00390544
0.0722623
0.0108207
0.00841861
0.152612
0.173541
0.118879
0.176852
0.183992
0.146411
0.0120636
0.109528
0.0216454
0.0850626
0.0285455
0.0215624
0.0171331
0.0584267
0.228078
0.0510016
0.0140701
0.0234685
0.0520954
0.028311
0.0354378
0.032813
0.0743151
0.013107
0.0384111
0.0040107
0.0828736
0.0221925
0.105411
0.0903652
0.0194377
0.770952
0.00484568
0.0810802
0.0572006
0.0621459
0.0880572
0.204414
0.014561
0.0361689
0.00880912
0.18951
0.165768
0.0652475
0.0783973
0.00452952
0.0146515
0.00544713
0.00439675
0.00504624
0.00545995
0.0039839
0.0102412
0.0110855
0.0062144
0.0104408
0.0102011
0.0120377
0.0078807
0.0119469
0.00969159
0.00644193
0.0192853
0.00803939
0.00841242
0.0122108
0.0101608
0.00770711
0.0032114
0.0185706
0.00857159
0.0073325
0.0102277
0.0101142
0.0143257
0.088622
0.0172319
0.0114445
0.0131736
0.00435221
0.00826497
0.00815046
0.0082725
0.00957223
0.00636249
0.00320266
0.0180058
0.00562261
0.0158282
0.0129265
0.00109282
0.0116394
0.0171177
0.00359906
0.00668899
0.00385206
0.00293338
0.00845765
0.00962141
0.00516369
0.00988072
0.00576281
0.0108653
0.0314004
0.0109749
0.0164519
0.00444523
0.0113895
0.0107458
0.00198164
0.0953598
0.00940102
0.00787549
0.00810679
0.00164101
0.00582833
0.00907275
0.00375749
0.00884772
0.0063203
0.00980357
0.00816066
0.00470338
0.00928892
0.00806773
0.00579301
0.0149203
0.0030168
0.0437152
0.00268283
0.0111445
0.00940452
0.0155267
0.0539941
0.0136057
0.00745204
0.00460866
0.0232341
0.00360029
0.030403
0.0305288
0.00524899
0.0287555
0.00781241
0.0110279
0.033863
0.000726693
0.00765653
0.00302886
0.0100724
0.00222323
1.15063
0.0182763
0.0172565
0.0418259
0.0121014
0.0039502
0.00902419
0.0148931
0.00398495
0.0262086
0.0067582
0.0114451
0.0106866
0.00497228
0.0213466
0.0127373
0.00711731
0.146126
0.00384172
0.00809082
0.00392117
0.00655383
0.0165627
0.0155821
0.0122607
0.0111727
0.0116299
0.0060849
0.0150738
0.0162721
0.0122731
0.0167884
0.0225392
0.0104741
0.013812
0.0112445
0.00525443
0.00519148
0.0160533
0.0114196
0.00448286
0.00494386
0.0072116
0.00909907
0.0309599
0.00692562
0.0138271
0.00837763
0.0016691
0.0144508
0.0114007
0.00778904
0.0039147
0.0773958
0.046091
0.0456783
0.0576063
0.0271699
0.193526
0.00923938
0.0123746
0.0197925
0.00800661
0.00673182
0.0089696
0.0146061
0.120316
0.154026
0.0525588
0.0169294
0.00404701
0.118022
0.0396366
0.0544749
0.0232162
0.0481532
0.101116
0.0294743
0.204871
0.0163603
0.029181
0.00724752
0.00917826
0.00726667
0.0161821
0.0121075
0.00958106
0.0074346
0.012167
0.00913614
0.0140598
0.00719312
0.00349798
0.0140358
0.0348742
0.11485
0.181399
0.148775
0.146002
0.0144202
0.278686
0.0789569
0.210873
0.142217
0.0125663
0.00612224
0.0558427
0.0107024
0.0414674
0.00877809
0.0193467
0.0223634
2.11891
0.00629558
2.31944
0.0240194
0.0531358
0.0112917
0.198419
0.0162366
0.0908805
0.433114
0.0745513
0.0226646
0.0871005
0.220819
0.0101236
0.0338436
0.0541238
0.105648
0.00816536
0.0170521
0.00518133
0.0667799
0.230468
0.0219938
0.0650793
0.0209339
0.00791321
0.00891077
0.0345079
0.0154925
0.00796312
0.0404348
0.00875322
0.103954
0.0165468
0.0182065
0.00407296
0.0517058
0.0485298
0.119983
0.0062037
0.00885356
0.0103876
0.00895308
0.00578876
0.0057136
0.0182351
0.0235969
0.00976054
0.0417783
0.00560013
0.00473087
0.0104903
0.00994115
0.0122493
0.00253222
0.00347493
0.00553687
0.0129446
0.00580303
0.00408838
0.00934262
0.0151927
0.0120784
0.00522666
0.00915638
0.00696417
0.00764615
0.00721209
0.00675589
0.0133502
0.00527098
0.00891479
0.00918196
0.0193989
0.00425257
0.00684817
0.0146414
0.0119904
0.0161917
0.00890342
0.00969253
0.00170951
0.0111549
0.0125504
0.00976911
0.00433303
0.00621414
0.00944583
0.0114393
0.00947488
0.0101009
0.014132
0.0093357
0.00160842
0.00638017
0.00443629
0.0110569
0.0102495
0.00531253
0.00741715
0.0121605
0.0143761
0.0439533
0.0156193
0.0670915
0.00514203
0.00463022
0.0124894
0.00690714
0.0259293
0.0419071
0.0140551
0.00972382
0.120011
0.0288296
0.0219918
0.0225523
0.0315678
0.0132428
0.0186866
0.0585967
0.00858657
0.00612461
0.119161
0.121189
0.0159425
0.00323921
0.0243491
0.00501696
0.0282836
0.0181616
0.00849731
0.00652244
0.0165054
0.0111353
0.0123152
0.011169
0.0225098
0.013522
0.0120703
0.00750686
0.00451306
0.00169086
0.0176848
0.00697463
0.00513847
0.0151556
0.00891418
0.014038
0.00469002
0.0124842
0.0131806
0.00427541
0.00630035
0.0180394
0.00873645
0.00756738
0.0180333
0.0080418
0.00628387
0.0182086
0.0131734
0.0182845
0.00304622
0.0187646
0.011212
0.0168562
0.00485605
0.00899424
0.00979698
0.00693627
0.0141942
0.0115651
0.00623391
0.0133069
0.0216082
0.00613162
0.0153773
0.0075072
0.00890595
0.00607407
0.00600948
0.00845181
0.0159646
0.0135609
0.0220936
0.0113309
0.00886815
0.0115129
0.0183726
0.00305088
0.113458
0.408352
0.155319
0.283475
0.0163937
0.0491777
0.162646
0.0203475
0.00954998
0.107658
0.00403996
0.0581326
0.113973
0.0188537
0.012322
0.00598488
0.012163
0.00928128
0.0331658
0.137124
0.0544591
0.0428193
0.0123141
0.00965521
0.0192264
0.00453468
0.00731455
0.0210811
0.126147
0.0417856
0.0188783
0.00874016
0.509698
0.0103559
0.0199761
0.0155704
0.0150891
0.0178322
0.00595754
0.0161791
0.0116905
0.00698493
0.0178685
0.196687
0.0299018
0.102763
0.0905988
0.0172042
0.0131371
0.0488867
0.100275
0.0249267
0.0549679
0.0277994
0.135797
0.0107976
0.0109252
0.351623
0.0152204
0.0052803
0.00430154
0.0129846
0.302084
0.1059
0.339021
0.0301247
0.00691417
0.0103968
0.308622
0.0493023
0.0679386
0.00841094
0.0857107
0.0453232
0.117824
0.0109013
0.00785763
0.00679229
0.0661888
0.0381736
0.0637764
0.130592
0.016896
0.00975311
0.0112865
0.0180658
0.0236594
0.163115
0.263075
0.008727
0.0368981
0.00758561
0.0076178
0.0291605
0.0407562
0.130467
0.154839
0.259911
0.0533406
0.0487976
0.110724
0.145221
0.00715173
0.00141013
0.0100335
0.00582537
0.00890513
0.00201895
0.00887501
0.0366706
0.0232047
0.00457428
0.230496
0.00663952
0.00536356
0.0205966
0.0363559
0.0102375
0.00628706
0.0119253
0.00580659
0.0129887
0.00784756
0.0247305
0.00738712
0.0118738
0.011639
0.0273185
0.00554979
0.00943008
0.00517295
0.0126913
0.0109471
0.0185482
0.00976143
0.0116014
0.00506167
0.0166178
0.00961195
0.00978063
0.010979
0.00811056
0.00653686
0.0117072
0.00885315
0.00423767
0.00637335
0.00198155
0.00355345
0.00530257
0.00808702
0.0114655
0.00874008
0.0237889
0.00832931
0.00831589
0.0350361
0.00235392
0.00724448
0.0147985
0.00765828
0.0141059
0.0144915
0.0132673
0.0127946
0.0169302
0.0065455
0.00810958
0.00522906
0.00801293
0.0137066
0.0115678
0.00800707
0.00831755
0.00338951
0.0127901
0.00414196
0.00456749
0.0131561
0.00696668
0.00494181
0.0118496
0.00350736
0.00131109
0.0214751
0.00503399
0.00786261
0.00726645
0.00511012
0.0103605
0.00743029
0.00535263
0.00450901
0.00677729
0.015153
0.0165849
0.00732472
0.010255
0.00950254
0.0128402
0.00993163
0.0067066
0.00754453
0.0239517
0.0126412
0.0151904
0.0341813
0.0175496
0.00408778
0.00323213
0.00736505
0.00541335
0.0150633
0.00786613
0.00805608
0.0056114
0.00866254
0.00887517
0.00201176
0.0108298
0.00669156
0.00539622
0.0117553
0.00680575
0.00848084
0.0049267
0.0177597
0.008303
0.0116916
0.00836785
0.00636696
0.00782205
0.00553689
0.00370443
0.00236506
0.00990483
0.0141692
0.0151874
0.00985432
0.0067585
0.00741345
0.0104661
0.00685618
0.00588604
0.00755186
0.00762199
0.0116466
0.0033278
0.00820237
0.00753014
0.00922344
0.00826318
0.0109485
0.00600158
0.0136653
0.0199053
0.157692
0.414488
0.00853381
0.0274877
0.00728922
0.0121515
0.275902
0.306579
0.165088
0.0105876
0.0587933
0.0493822
0.0310248
0.100552
0.00667587
0.236222
0.0199084
0.0256454
0.0186895
0.0105013
0.100415
0.00640125
0.0746742
0.0220623
0.00398849
0.0874815
0.0445971
0.00558456
0.310909
0.00609032
0.0103447
0.0100995
0.0256937
0.00741668
0.00562999
0.010219
0.00195656
0.0143669
0.0163421
0.00415361
0.0201012
0.0071716
0.00327728
0.00432726
0.0101144
0.00751938
0.00865109
0.0132631
0.0226221
0.0106535
0.00834725
0.0219118
0.00428325
0.0122801
0.00983222
0.00922103
0.0136997
0.0130288
0.00956077
0.00331573
0.00910994
0.00534883
0.00785346
0.00941567
0.0147502
0.025936
0.00697254
0.18818
0.0120623
0.00634365
0.00769287
0.00864028
0.00427324
0.00316439
0.00142012
0.00782263
0.00821966
0.0100068
0.0169091
0.0508014
0.132382
0.0305686
0.00547859
0.0269747
0.00906971
0.0185708
0.0458805
0.00617358
0.0195636
0.00677511
0.00646173
0.00389158
0.0403629
0.0404623
0.0528666
0.000724962
0.00725144
0.0136681
0.00281209
0.00912517
0.00441799
0.101874
0.00359341
0.0041965
0.00610863
0.00789634
0.00571153
0.00607655
0.106293
0.00576736
0.0580799
0.040645
0.00758631
0.412478
0.0398266
0.00698432
0.00137336
0.00906671
0.00318586
0.0052668
0.0107717
0.0111733
0.00580021
0.00920297
0.0153209
0.00974529
0.00502244
0.00713692
0.00604793
0.00647112
0.00667517
0.00207214
0.010579
0.0107736
0.00753229
0.0096415
0.0137319
0.00956182
0.00864553
0.00380459
0.00641074
0.00282811
0.0123422
0.00676184
0.00333856
0.00559687
0.0118667
0.00654741
0.0166265
0.0101211
0.0069227
0.00481748
0.0234552
0.00859228
0.00310691
0.0192661
0.00522518
0.00477411
0.00677965
0.00479481
0.00631596
0.0034429
0.00581943
0.0111822
0.00702765
0.00903217
0.00907138
0.0181789
0.00607789
0.00824041
0.0133724
0.00461692
0.0184004
0.0119224
0.00534506
0.0101617
0.00571618
0.00483805
0.0115005
0.00536578
0.0102555
0.0137012
0.00376902
0.0056285
0.00459023
0.00892237
0.00558346
0.0198004
0.00477635
0.344115
0.118843
0.107625
0.00543153
0.00580777
0.00411925
0.00965826
0.00723725
0.00389948
0.0060023
0.0187468
0.00651959
0.00871054
0.0134849
0.00945605
0.00871404
0.012674
0.00822641
0.00153468
0.00669316
0.0247076
0.0121283
0.00928801
0.00618046
0.0132124
0.0075049
0.0121114
0.0119501
0.0026316
0.0176314
0.00228811
0.00260743
0.00372781
0.0143173
0.00720083
0.010001
0.0124222
0.00925275
0.0195428
0.00237978
0.00734048
0.00730891
0.0179222
0.0123992
0.00848928
0.00137815
0.0338043
0.00829703
0.00453959
0.00514491
0.0525887
0.0112375
0.00730878
0.0096578
0.0108467
0.00896703
0.00757923
0.196841
0.113798
0.0374035
0.0176139
0.0115732
0.184487
0.0131216
0.010217
0.01127
0.00659262
0.0168388
0.00308804
0.0220848
0.00744524
0.0130449
0.00651676
0.0163329
0.010648
0.00532722
0.0599552
0.0092104
0.00174263
0.00508994
0.00592914
0.00325707
0.0080491
0.00660094
0.000956789
0.0133873
0.0178113
0.00589412
0.0333031
0.013102
0.00565605
0.0666391
0.0108362
0.0039152
0.00572229
0.00156714
0.00812398
0.011129
0.0056214
0.0154286
0.00484638
0.00967542
0.00610521
0.0106043
0.0110183
0.00502753
0.012744
0.00637854
0.00553661
0.00603071
0.0188345
0.0122872
0.0121415
0.00414338
0.00346738
0.0169957
0.0084246
0.00703887
0.00912448
0.00419106
0.0100397
0.00532791
0.00752443
0.00952574
0.0024438
0.00231691
0.00564723
0.0142373
0.00737114
0.0191214
0.00803548
0.0128421
0.0189309
0.0121906
0.0216821
0.0106638
0.0103162
0.0191003
0.175207
0.00691691
0.00600208
0.00602721
0.017698
0.0151854
0.0261409
0.00276721
0.0141832
0.00427382
0.00912515
0.00882993
0.0111201
0.00725307
0.00920216
0.107672
0.258648
0.00951114
0.0105273
0.00677602
0.0170094
0.00906506
0.249166
0.000972357
0.00470482
0.00669979
0.0133793
0.0820629
0.0383046
0.00964613
0.012203
0.00749201
0.00278264
0.0055233
0.0112155
0.00869351
0.00824945
0.0154536
0.0134901
0.0129765
0.00833712
0.00287233
0.129918
0.00807006
0.00510949
0.00649692
0.00281055
0.00626786
0.0132549
0.157826
0.0388007
0.313039
0.00867197
0.00722317
0.00840801
0.0109561
0.0105922
0.00367784
0.00385199
0.00308428
0.00855385
0.00804692
0.0107579
0.00963041
0.00682138
0.00992872
0.00527356
0.00709908
0.00577505
0.00697944
0.0147404
0.186108
0.0189623
0.0289573
0.0146581
0.0107514
0.00285613
0.090059
0.0151589
0.00581871
0.0113593
0.00843472
0.0147688
0.00372196
0.00504811
0.00954015
0.0691649
0.0113787
0.00900858
0.00583391
0.00984063
0.089035
0.0033391
0.00126354
0.00386791
0.00626434
0.0142344
0.00738986
0.00407694
0.00846939
0.0098745
0.0135011
0.00487267
0.00201234
0.00956152
0.248658
0.0496728
0.0075669
0.00694556
0.0138196
0.00565933
0.0150761
0.00888694
0.0248197
0.0167351
0.090854
0.0150904
0.0128536
0.0117754
0.00551847
0.252681
0.00511381
0.00641131
0.0177562
0.00582619
0.0108027
0.00655715
0.0038685
0.017169
0.00805436
0.00753403
0.0122014
0.0141423
0.00825431
0.0148118
0.0141432
0.0148125
0.00509277
0.0109598
0.00883302
0.011554
0.00593648
0.0039713
0.00968567
0.0162261
0.0125642
0.00801034
0.00732666
0.00833943
0.00723536
0.0143609
0.0116155
0.00911465
0.00498786
0.0250187
0.00679946
0.00602245
0.0181267
0.0109723
0.0276481
0.0199286
0.00865443
0.0114821
0.0141273
0.00674242
0.0249798
0.00988348
0.00431367
0.00828423
0.0170973
0.00861641
0.0283961
0.00417284
0.00335
0.0134197
0.00631733
0.0127222
0.00912385
0.0112485
0.00754764
0.0172702
0.0074927
0.026941
0.00513276
0.00256758
0.00480016
0.00380678
0.0147735
0.00290105
0.0114304
0.0105356
0.0278282
0.010224
0.00289389
0.00690805
0.00915702
0.0091383
0.00546126
0.00639477
0.00798923
0.0131231
0.0567052
0.0114861
0.0433647
0.14138
0.00310583
0.00762562
0.00644883
0.00912574
0.0114776
0.00545791
0.156422
0.0180559
0.00374313
0.0427146
0.0246639
0.00924981
0.0255709
0.0237229
0.0032894
0.00554636
0.0135928
0.236261
0.16415
0.0246147
0.0371328
0.00726503
0.00406413
0.00793832
0.00371274
0.0223199
0.0176538
0.0194706
0.00650271
0.0371697
0.0172994
0.0169982
0.0230505
0.00930147
0.0549091
0.177009
0.00333632
0.0105657
0.042008
0.0193373
0.0133697
0.0073243
0.00823289
0.156901
0.00701246
0.00720189
0.00911249
0.0515597
0.040299
0.0197777
0.0182372
0.00422525
0.0662152
0.00688223
0.0107467
0.00425618
0.0139583
0.00673214
0.0105473
0.00492768
0.1538
0.00474904
0.0500379
0.00679603
0.0303326
0.00990057
0.0101677
0.0127406
0.0155366
0.00807403
0.00367695
0.13948
0.0274032
0.00575867
0.00794831
0.0223051
0.0223017
0.00510226
0.00760041
0.00651483
0.0234956
0.0147386
0.0068499
0.0082653
0.017152
0.0500978
0.0304779
0.206299
0.0084652
0.00447806
0.0522586
0.00879213
0.022821
0.00799421
0.00618903
0.00426891
0.00674475
0.0271126
0.00412692
0.00771788
0.0047784
0.0237504
0.0121383
0.0214892
0.00123236
0.0058013
0.0196827
0.0131595
0.0168551
0.00715239
0.0129385
0.00725759
0.00982861
0.00777403
0.0146487
0.00673173
0.0190075
0.00207215
0.00258981
0.00655479
0.00907735
0.00404305
0.0139114
0.00789658
0.0116555
0.00727557
0.00941897
0.0101949
0.00454676
0.00945948
0.0104953
0.00459841
0.00494308
0.00619454
0.0053886
0.00454488
0.00725371
0.0226671
0.153289
0.0112376
0.0888244
0.168492
0.0158767
0.01138
0.054077
0.042921
0.0911791
0.192039
0.0296839
0.12994
0.0036627
0.0247114
0.0263741
0.00534738
0.0440421
0.0977082
0.0587586
0.142415
0.116736
0.0972818
0.0354422
0.00853755
0.00940992
0.00599631
0.0402007
0.0142234
0.142006
0.091727
0.114903
0.011126
0.0191206
0.0288653
0.1457
0.105966
0.125019
0.0817541
0.0671021
0.00767472
0.0805079
0.00671499
0.00913314
0.215785
0.0140203
0.00830688
0.0779984
0.0081363
0.0096861
0.0147382
0.038367
0.00811502
0.0442394
0.0116049
0.0335389
0.0161897
0.0275625
0.0426699
0.0425891
0.102239
0.0441519
0.00850065
0.0108134
0.132223
0.0111465
0.0162553
0.0670585
0.0318576
0.016076
0.119115
0.0195487
0.0236265
0.00616545
0.0146681
0.0626481
0.0878336
0.0100338
0.00309534
0.00987414
0.00871074
0.0107568
0.00597951
0.0117823
0.00646819
0.00997161
0.0135085
0.00264673
0.013824
0.00983284
0.00406059
0.0158441
0.00225833
0.0209839
0.0121097
0.014622
0.00553324
0.0035265
0.00126556
0.14272
0.00225124
0.0171114
0.00941451
0.00576487
0.0119783
0.00268987
0.00695076
0.0141766
0.0064291
0.0118746
0.00946952
0.00865129
0.015709
0.00454042
0.047627
0.00689257
0.00815014
0.00747098
0.00488035
0.00218236
0.00932299
0.00998442
0.0141266
0.017673
0.0139641
0.00688214
0.00881176
0.00771776
0.00630167
0.012023
0.00412936
0.00699346
0.0376289
0.0110755
0.00743388
0.0088421
0.0195767
0.012289
0.0176254
0.00954658
0.0112061
0.02141
0.0134184
0.00439619
0.0100733
0.0147369
0.00200823
0.00331961
0.0229452
0.00498066
0.00919081
0.0130404
0.0116977
0.0224996
0.00756612
0.00777704
0.00898786
0.0116397
0.00294361
0.00234657
0.00663684
0.00361611
0.00809776
0.0215311
0.0146325
0.0291062
0.0028519
0.0125317
0.0166983
0.0450696
0.00311945
0.0161706
0.00144148
0.237375
0.0652759
0.0261583
0.00743208
0.0205375
0.0126719
0.0284631
0.00105947
0.0142268
0.0453828
0.0155992
0.00254521
0.0164675
0.166694
0.00326814
0.00604576
0.0183892
0.0054319
0.00768756
0.00974848
0.00769066
0.0127641
0.0227807
0.0173818
0.0071142
0.00961096
0.00552561
0.00576702
0.00897519
0.0106143
0.00683639
0.0094852
0.0018088
0.0159696
0.00615312
0.0105784
0.00863829
0.00670236
0.0114691
0.00625797
0.276113
0.00255452
0.00684299
0.00852336
0.0105421
0.00212952
0.00286076
0.00882897
0.0088787
0.00618105
0.153932
0.129467
0.018877
0.00799668
0.00571869
0.019268
0.008238
0.0255784
0.0024864
0.00312135
0.00569965
0.00710575
0.00760965
0.0103565
0.012153
0.0080727
0.0129269
0.0104567
0.00630716
0.0171069
0.0138239
0.00489478
0.00387466
0.00695322
0.00912334
0.00912756
0.00218766
0.0111752
0.0303759
0.184769
0.00369175
0.256604
0.00617907
0.0159732
0.00277263
0.0107385
0.00577422
0.0135552
0.00970363
0.0192057
0.0114438
0.00474092
0.00794749
0.0166547
0.00518703
0.00572174
0.00971257
0.0113812
0.016146
0.00971902
0.0137486
0.0117301
0.00723344
0.0083232
0.0137281
0.00370568
0.00422845
0.00234357
0.939063
0.00907003
0.0217487
0.000917457
0.010731
0.00733494
0.0131059
0.00714401
0.00998164
0.0227287
0.0044646
0.00397674
0.014951
0.00975215
0.0098784
0.00449459
0.00548239
0.0051732
0.00538162
0.0126172
0.0301947
0.00470462
0.016863
0.00400405
0.0135441
0.00772971
0.0113745
0.00877516
0.00619067
0.00486757
0.00821001
0.00763753
0.00698833
0.00984063
0.00168963
0.00633162
0.0180169
0.0172571
0.00374013
0.0173558
0.00974774
0.0382152
0.0117201
0.0109093
0.00461521
0.0019429
0.01011
0.0134805
0.013329
0.0143676
0.00942236
0.0142441
0.00635348
0.0111731
0.00873043
0.0101744
0.00938426
0.00699259
0.0061014
0.00300048
0.00382801
0.0181399
0.00332487
0.00585732
0.00633905
0.0018817
0.00522849
0.00883531
0.00442347
0.00438133
0.0129851
0.0138132
0.0103622
0.0033063
0.0110682
0.00410925
0.00550674
0.0155567
0.00768172
0.00460057
0.0121647
0.00164887
0.00965032
0.00641743
0.00932177
0.00846184
0.00679823
0.0187589
0.00932902
0.00739774
0.0135631
0.0103195
0.0171098
0.0106688
0.0135755
0.139287
0.0902286
0.256074
0.0932156
0.28209
0.251728
0.239525
0.00222147
0.00639716
0.0605192
0.218073
0.0169278
0.00556395
0.027344
0.00701155
0.00230766
0.082742
0.0112263
0.00932585
0.0105077
0.0127305
0.0133759
0.0225921
0.114696
0.276377
0.0204304
0.580416
0.0377579
0.00716428
0.0509012
0.13508
0.123984
0.129035
0.0688351
0.00589816
0.0453012
0.0156886
0.00859165
0.0172596
0.0376782
0.133258
0.0110366
0.0149882
0.00922652
0.0659698
0.00578608
0.0124422
0.00580977
0.0052121
0.0121341
0.00507715
0.00679449
0.00777853
0.0193284
0.0053152
0.00948007
0.0106133
0.00401362
0.00325037
0.0119274
0.00142675
0.00719557
0.00474459
0.00415609
0.0185099
0.00870246
0.00322172
0.00667757
0.00817355
0.0170081
0.00999428
0.00626524
0.00355831
0.00928322
0.013233
0.0115518
0.0162232
0.0113038
0.0123884
0.0219809
0.177974
0.0126202
0.328398
0.00505218
0.00706625
0.00466788
0.00723357
0.00965145
0.0100298
0.00855068
0.0028342
0.0103367
0.00982377
0.00773034
0.00666004
0.0393693
0.0223339
0.115328
0.0693515
0.105207
0.0184379
0.0536776
0.0366632
0.0555566
0.15891
0.0676039
0.12438
0.0280591
0.00952184
0.00695924
0.166897
0.0488689
0.111803
0.0808716
0.356709
0.00841814
0.0168885
0.00591994
0.00800705
0.0132699
0.405545
0.00839679
0.186248
0.00459063
0.0258737
0.0132087
0.318196
0.0440189
0.00925665
0.00620773
0.107151
0.0153268
0.27815
0.019412
0.00528703
0.00951218
0.00651651
0.0140146
0.00627848
0.0193598
0.00877657
0.00551863
0.00760868
0.0112684
0.021034
0.0075925
0.0142859
0.0101896
0.00573491
0.00865204
0.0112971
0.0541644
0.196973
0.0152244
0.112506
0.0127626
0.00208003
0.00670447
0.00629496
0.00542604
0.00902519
0.0153754
0.00408523
0.00801109
0.0098412
0.0025756
0.00989183
0.00910562
0.0369224
0.00944428
0.0108991
0.0139433
0.00549047
0.00779765
0.0195322
0.00267471
0.0169106
0.0294116
0.00994007
0.00794826
0.00583414
0.0668484
0.0102978
0.263984
0.00897882
0.0647667
0.503743
0.0073143
0.0148237
0.00935965
0.0072003
0.0047008
0.0155142
0.00925196
0.00987994
0.0094619
0.00988618
0.0046313
0.00334181
0.0138543
0.00456108
0.0349458
0.0134022
0.00361073
0.196225
0.00695493
0.00440483
0.00949379
0.00418978
0.0206105
0.0122197
0.00458531
0.324066
0.0204956
0.0487924
0.014133
0.0545331
0.00190841
0.0779481
0.027716
0.181015
0.0186307
0.056973
0.0390198
0.304802
0.0242676
0.0973995
0.100169
0.010702
0.139007
0.243976
0.109556
0.0124064
0.0190144
0.00814892
0.0207817
0.0260457
0.00960103
0.0103683
0.00878189
0.0147134
0.00291463
0.0964799
0.0706952
0.00348635
0.0319056
0.0248027
0.18726
0.0181953
0.00439211
0.0785291
0.00764918
0.00428876
0.126372
0.0130387
0.0245032
0.0105381
0.0176271
0.0720845
0.00380274
0.184001
0.00474761
0.0638758
0.0254255
0.0114912
0.0436091
0.0143044
0.101116
0.0309283
0.00135447
0.0177503
0.0992422
0.0818955
0.0152425
0.0114561
0.0100207
0.0116564
0.0135972
0.00741214
0.0058884
0.00788606
0.00800298
0.0187461
0.00887822
0.00282383
0.00316682
0.008662
0.00666889
0.0247223
0.0183451
0.00341498
0.00765019
0.00327178
0.0136385
0.00582905
0.0242329
0.00988205
0.0221938
0.01267
0.00784281
0.00538886
0.00617119
0.00204644
0.013685
0.0073344
0.0657316
0.00503608
0.00398205
0.0130815
0.00242598
0.00287535
0.0140609
0.0182648
0.00881298
0.00792905
0.0715744
0.00871855
0.0296302
0.0111169
0.00470761
0.0724825
0.018654
0.00456308
0.548823
0.296091
0.0085407
0.200644
0.0500968
0.0929724
0.00994902
0.012762
0.0188109
0.0349464
0.0433817
0.168921
0.358923
0.0579531
0.00886222
0.00808756
0.0171091
0.00700978
0.0161475
0.00529664
0.0271044
0.00204512
0.0268537
0.0152685
0.00306215
0.0110085
0.0130146
0.00258345
0.0188294
0.00816311
0.0121688
0.00921631
0.00306685
0.00482466
0.0140103
0.0113647
0.0115934
0.0143074
0.00658963
0.00435859
0.010617
0.0188063
0.0213052
0.00278467
0.0129483
0.228582
0.0121586
0.00374677
0.0148742
0.247203
0.00831527
0.00770875
0.0493902
0.00488218
0.00843522
0.0130898
0.00287439
0.00899808
0.0173196
0.00932959
0.0144002
0.013013
0.0119424
0.011345
0.0136547
0.0053261
0.00763911
0.0129245
0.00234532
0.00572417
0.0164541
0.00399274
0.0325683
0.140387
0.0107223
0.0127142
0.0911022
0.00953364
0.0136898
0.00676436
0.0154263
0.0025921
0.0115328
0.00621905
0.299369
0.0159843
0.00901702
0.00594974
0.00795121
0.0226313
0.00324533
0.00367242
0.00561179
0.00640236
0.0107839
0.0207773
0.0124584
0.0289728
0.0111394
0.00766178
0.00798586
0.00387495
0.0117667
0.00673671
0.0197513
0.0117776
0.0161407
0.0110573
0.00951094
0.0146497
0.0136447
0.00314238
0.00933555
0.00224134
0.0074001
0.0108633
0.0112606
0.00236332
0.0203423
0.0163576
0.22199
0.00691908
0.0312445
0.0472022
0.0291104
0.021975
0.00311207
0.0120383
0.00484982
0.0171494
0.0106804
0.00591743
0.00335462
0.0116554
0.0150765
0.0169863
0.012656
0.00302736
0.00983565
0.00773314
0.0047773
0.0194158
0.0614101
0.16039
0.0478182
0.0200349
0.224661
0.0509096
0.0265851
0.145872
0.079304
0.0164719
0.00897152
0.00905771
0.0128625
0.0360749
0.0756164
0.00496041
0.00489245
0.0121176
0.0138876
0.00805613
0.009141
0.0072077
0.00536574
0.0115148
0.0115071
0.00865388
0.00613847
0.00866631
0.00489348
0.0104658
0.0100596
0.00533863
0.0114881
0.00967184
0.0179678
0.0147354
0.00757155
0.00877126
0.00432382
0.00629006
0.0160088
0.00576689
0.00826274
0.00478115
0.0218788
0.00526846
0.00619876
0.00514545
0.0134127
0.00748783
0.00914457
0.0120885
0.00788212
0.0160403
0.0109198
0.00437163
0.0101737
0.00845264
0.00838281
0.00958376
0.00706096
0.0121495
0.00686858
0.0188052
0.0208917
0.0109787
0.0102627
0.0100878
0.0167016
0.00708314
0.0213494
0.0121812
0.0156433
0.0105858
0.0112087
0.00747136
0.0179957
0.0129363
0.00278227
0.00747829
0.0156151
0.00656714
0.00379754
0.0181619
0.00848817
0.0109488
0.00470639
0.0209325
0.0141318
0.00413572
0.0021884
0.0101119
0.00415595
0.0100308
0.00690314
0.00544872
0.0125141
0.0194109
0.00993273
0.00692492
0.0120692
0.0131472
0.00204128
0.0142925
0.00224556
0.0163411
0.0132053
0.00646842
0.00876895
0.00515393
0.0128614
0.00889255
0.0152617
0.0084081
0.00754801
0.0189383
0.00911575
0.0105391
0.00628392
0.0150581
0.00739697
0.00514213
0.00920225
0.00697298
0.00788973
0.00588727
0.00437411
0.00647837
0.014113
0.0133571
0.0115403
0.116366
0.0217186
0.00217057
0.0180875
0.0300159
0.0110427
0.011957
0.158161
0.00544456
0.0120605
0.149156
0.0544963
0.0401609
0.0344365
0.103161
0.112152
0.0035781
0.0143234
0.00367265
0.0355294
1.25484
0.024194
0.0140171
0.00402907
0.00218253
0.00731712
0.00378622
0.00933669
0.0129615
0.0117141
0.00970321
0.0139385
0.0147175
0.0161541
0.00997915
0.0120501
0.0128794
0.00599015
0.00924752
0.00595148
0.00594657
0.00675539
0.00734872
0.0875305
0.00952577
0.00784049
0.00716648
0.00438541
0.0105733
0.0155103
0.371151
0.0135017
0.0146164
0.00729854
0.00783963
0.00828945
0.0141441
0.00441704
0.0157992
0.013443
0.0126302
0.0223048
0.00684665
0.00779176
0.0194176
0.00906091
0.00177901
0.00575894
0.0147799
0.0714546
0.00710604
0.0193499
0.00272793
0.0261484
0.0270793
0.0240017
0.00649662
0.0112348
0.138034
0.0497589
0.011983
0.0068578
0.00744157
0.0117927
0.00587922
0.0124793
0.09722
0.01396
0.00390714
0.00877646
0.00424268
0.017028
0.00280761
0.00837826
0.00127678
0.00639316
0.00535825
0.00649267
0.00122973
0.068892
0.00605589
0.0101801
0.00240509
0.0227038
0.0183051
0.403965
0.00474139
0.0487336
0.0101593
0.00856691
0.00673358
0.00938591
0.00649228
0.0130552
0.0129942
0.0084583
0.111569
0.00574002
0.00394264
0.00619256
0.0120455
0.0481094
0.00292037
0.0410922
0.0195468
0.017798
0.0162668
0.013769
0.0079619
0.0059656
0.0069132
0.00319259
0.013934
0.00746762
0.00281731
0.0561848
0.106769
0.271642
0.00910304
0.082236
0.00667954
0.0429714
0.0661647
0.00914549
0.0264528
0.0119286
0.00193254
0.0389612
0.00585223
0.00853461
0.00940969
0.120382
0.0111891
0.0268566
0.00745108
0.0839611
0.0153641
0.0486817
0.0178415
0.0962471
0.0592977
0.00217793
0.0511853
0.0646608
0.114329
0.0381088
0.00803612
0.0115099
0.0837877
0.0203768
0.01259
0.0419638
0.0267685
0.0298434
0.00646778
0.018804
0.00497248
0.00643568
0.0249749
0.050664
0.0695127
0.0418137
0.0420139
0.00416075
0.212601
0.161853
0.00829943
0.0102403
0.00716146
0.0165761
0.0647141
0.010703
0.0363169
0.0481777
0.373177
0.151099
0.0320674
0.0216418
0.115503
0.119614
0.00681861
0.0317303
0.0487849
0.393063
0.140126
0.0104897
0.012239
0.00750629
0.0666893
0.0224845
0.0112816
0.060242
0.00277432
0.0345772
0.0189221
0.00671096
0.0954225
0.244835
