0.016277
0.0185959
0.00015677
0.00844631
0.000129432
0.0166349
0.00990715
0.00836485
0.0412475
0.0141338
0.0232135
0.0513779
0.0102249
0.0064343
0.0185573
0.329886
0.0235698
0.0054782
0.00221457
0.0426425
0.00598968
0.0178002
0.0118225
0.0474
0.0155168
0.00726578
0.0390494
0.0142382
0.00254735
0.000617265
0.016602
0.00237592
0.00933724
0.0222881
0.0100531
0.00890012
0.0191661
0.0534468
0.00859679
0.0112749
0.00256088
0.00849832
0.025947
0.00676201
0.0209952
0.0232019
0.00428486
0.522677
0.00803057
0.0114169
0.00698603
0.00928589
0.00469453
0.0108145
0.0124577
0.00677317
0.017432
0.00109914
0.00974078
0.0411267
0.0477051
0.0175857
0.00451628
0.00309543
0.0139743
0.00321672
0.0131549
0.00688921
0.0294724
0.0257568
0.010675
0.00228694
0.0128774
0.00319862
0.0110811
0.0669112
0.00309732
0.0326063
0.000730475
0.00359384
0.00390228
0.013101
0.0226402
0.0187472
0.00329555
0.00326189
0.00435551
0.00140445
0.00218164
0.0320898
0.00138192
0.0116383
0.0194121
0.0187301
0.0168814
0.0119058
0.0059515
0.018058
0.0447251
0.00912289
0.0205597
0.141618
0.0349585
0.0120719
0.0375747
0.00731366
0.00447517
0.00644199
0.00608258
0.00177734
0.00199794
0.0115626
0.00491202
0.00255079
0.012171
0.014564
0.00942482
0.000733796
0.0187572
0.0184399
0.0101987
0.0141687
0.00108238
0.0291261
0.0352757
0.0171516
0.0337472
0.0301571
0.00798474
0.0108821
0.00105417
0.0190717
0.013148
0.00137051
0.00575379
0.00707424
0.0229361
0.00876485
0.00620899
0.00912663
0.00543177
0.0219499
0.000468941
0.288785
0.00922649
0.00740615
0.0218035
0.0143701
0.0204429
0.00682901
0.0131068
0.00126642
0.0348036
0.00968043
0.0269663
0.0135418
0.0316204
0.0138351
0.00442136
0.0121763
0.0436903
0.0169667
0.00454291
0.00430809
0.00831653
0.025126
0.00575645
0.00986095
0.00119531
0.00191641
0.0135939
0.00561664
0.0311906
0.0176223
0.00573149
0.000220337
0.537634
0.0119216
0.00173984
0.00569619
0.508125
0.0108258
0.0202148
0.00332807
0.00994228
0.00949224
0.00651884
0.00254902
0.0112803
0.00445568
0.00394997
0.00227602
0.0124837
0.356024
0.011928
0.00979293
0.0112325
0.0012581
0.00531446
0.00449848
0.0216615
0.00278927
0.00830375
0.0253242
0.0346343
0.024467
0.001584
0.00620581
0.0445704
0.0383005
0.0142122
0.0102643
0.00861749
0.00198351
0.00159747
0.0356638
0.0123498
0.0376617
0.00503968
0.00992354
0.0125394
0.00425817
0.0119274
0.00440152
0.0594041
0.026438
0.0106286
0.0199209
0.000347451
0.00521412
0.00758226
0.0106324
0.0352922
0.54561
0.00967272
0.00907044
0.0210694
0.00244844
0.0270584
0.00601098
0.00418991
0.0337052
0.0474337
0.0203894
0.0169421
0.00801118
0.00836789
0.0505107
0.00487388
0.00155152
0.00669471
0.198981
0.00231762
0.0011517
0.0197131
0.004395
0.00922557
0.0110481
0.36734
0.00515414
0.00067202
0.0220308
0.0115058
0.0226172
0.00460381
0.0377441
0.00280648
0.0201578
0.118443
0.510679
0.0429453
0.00821919
0.00535847
0.0178394
0.151015
0.0129488
0.0109943
0.000188032
0.0063495
0.0197063
0.0090366
0.00529835
0.00348806
0.0311321
0.00349892
0.00957178
0.045956
0.00646566
0.0100919
0.00749713
0.0199638
0.00977319
0.00779059
0.00951564
0.0348122
0.0068183
0.0156751
0.0203711
0.00863934
0.0037608
0.00998756
0.000982415
0.00885851
0.00177158
0.0371975
0.0138934
0.0202233
0.000433382
0.017754
0.0188702
0.00768644
0.0109301
0.00131538
0.00115422
0.0214872
0.00815707
0.00598989
0.00337961
0.43661
0.0258845
0.00278177
0.000498077
0.000756007
0.00298048
0.00420713
0.000174837
0.0858739
0.00235388
0.0133329
0.0150959
0.00686809
0.100336
0.118738
0.0132948
0.0174352
0.0104335
0.00175895
0.0277936
0.00236769
0.0328247
0.00561739
0.0164352
0.0124503
0.00889297
0.00625022
0.0128214
0.00654009
0.00282378
0.00778158
0.00232885
0.00153599
0.00389308
0.0102824
0.0164308
0.0161531
0.00758987
0.000715728
0.00823569
0.00491106
0.0130937
0.03736
0.00524198
0.00193578
0.00506093
0.0339206
0.000703465
0.0139278
0.0717742
0.0141527
0.0382512
0.0060996
0.316523
0.0169639
0.0110968
0.00497108
0.00746301
0.018501
0.00290512
0.00563894
0.0104482
0.0783912
0.00405807
0.00638225
0.005794
0.0012211
0.00685855
0.01633
0.0199764
0.00757435
0.000719623
0.011388
0.0258959
0.499557
0.0114449
0.00188335
0.000106715
0.0159015
0.00312337
0.00429781
0.00611305
0.014905
0.0563621
0.010913
0.0180076
0.0102429
0.0285645
0.00199412
0.0295734
0.0089321
0.00316321
0.0113221
0.00106719
0.0113048
0.0122766
0.00105017
0.00938771
0.0128915
0.0273777
0.543962
0.00109229
0.00785555
0.026669
0.00793409
0.0137402
0.00329735
0.0300064
0.0159457
0.00174628
0.00238006
0.00410169
0.00546897
0.017935
0.0194167
0.00844234
0.00356997
0.00196535
0.0118471
0.0122214
0.00940451
0.0230082
0.0342549
0.0218486
0.00475389
0.0128368
0.033949
0.0196345
0.0110506
0.0153397
0.00717253
0.0237062
0.00167953
0.0229624
0.00903146
0.00653633
0.00780872
0.00598909
0.00539135
0.00357255
0.0269406
0.00207062
0.00206247
0.0218888
0.00232268
0.014053
0.00685702
0.00240717
0.0356284
0.00637038
0.00229234
0.00575221
0.0100953
0.000468971
0.0275322
0.00369755
0.0204974
0.0119459
0.0189464
0.0167476
0.0167474
0.0107818
0.0140259
0.00257864
0.00317831
0.0412715
0.0239224
0.00249586
0.0238199
0.0129564
9.91125e-05
0.0132854
0.0276206
0.00764526
0.0051018
0.00440377
0.0447941
0.0103197
0.00757143
0.0157621
0.00141406
0.0125699
0.00351986
0.0117512
0.00268719
0.0118438
0.0111341
0.0048621
0.011062
0.0149113
0.049416
0.0280635
0.020393
0.0107165
0.0109011
0.00991503
0.00932671
0.0245917
0.0136819
0.0287703
0.0283869
0.000312864
0.0142406
0.00278239
0.0196085
0.00442981
0.00161976
0.00967116
0.0159763
0.019741
0.0234079
0.00236116
0.00995756
0.00809961
0.0224363
0.00567689
0.0285792
0.0175236
0.00876989
0.0168138
0.00709485
0.0322107
0.00142018
0.00486861
0.00367888
0.000103732
0.0181547
0.0010847
0.0534649
0.0127126
0.00299796
0.0811789
0.00140697
0.0252491
0.0158612
0.00107861
0.0154707
0.00862982
0.0365793
0.0345336
0.0393977
0.0084802
0.00910181
0.00447674
0.000399052
0.0328224
0.0183887
0.031104
0.0324752
0.00638554
0.00871861
0.0110651
0.0204106
0.00640146
0.0134487
0.00171637
0.0283057
0.0165325
0.0133143
0.00193554
0.0411858
0.0306065
0.00836069
0.00366715
0.00830838
0.0184788
0.00403435
0.0024946
0.0010771
0.181305
0.0138473
0.0332655
0.0187093
0.00998879
0.00221224
0.00323009
0.0326571
0.0278233
0.0413996
0.0107035
0.027211
0.021463
0.0154981
0.049462
0.0167686
0.00579782
0.0334283
0.015288
0.0037946
0.0093979
0.0421856
0.00776684
0.000160292
0.0286559
0.0309284
0.0297255
0.0249505
0.013646
0.0138773
0.0156801
0.0175993
0.000367655
0.0486317
0.505787
0.0314668
0.0173509
0.0128091
0.0225041
0.0169869
0.0157929
0.0286326
0.0290956
0.0138383
0.0104212
0.0324502
0.0213037
0.0173293
0.0166799
0.0201587
0.0141571
0.0150286
0.00777731
0.471818
0.0376606
0.00554568
0.0112491
0.0101851
0.0109916
0.0330891
0.00790245
0.0130637
0.00427447
0.00116283
0.0570322
0.00358992
0.0344835
0.0280523
0.0181127
0.0296523
0.00649683
0.0115189
0.0340034
0.00920681
0.077694
0.0201007
0.0592175
0.0263902
0.0167047
0.018528
0.0115135
0.052481
0.0140763
0.0025295
0.0182392
0.00674022
0.0223521
0.0251257
0.0106058
0.0276043
0.0305481
0.0117315
0.0668235
0.00212755
0.0296262
0.0114348
0.0201426
0.0366874
0.00983962
0.0060553
0.0106572
0.0220994
0.00576263
0.0354288
0.0161334
0.0190332
0.00141483
0.00188943
0.00663231
0.0169449
0.0155607
0.000951493
0.0261477
0.013305
0.0281975
0.0053339
0.0138997
0.0067398
0.0127946
0.000324209
0.0176835
0.0410032
1.15685e-05
0.0317794
0.00763509
0.013821
0.0406399
0.00545173
0.038492
0.00673471
0.03431
0.0016982
0.0171102
0.0114293
0.000695429
0.00661159
0.0249286
0.00473946
0.0259498
0.043482
0.00973252
0.0151579
0.0138506
0.00336259
0.0107949
0.00174963
0.00260273
0.0188551
0.0101271
0.00829583
0.00412652
0.0080355
0.0107209
0.0177754
0.0256797
0.0100066
0.0208943
0.0869304
0.0205486
0.000584895
0.0089897
0.00730139
0.0118428
0.0385123
0.00650929
0.0021826
0.0174495
0.0175914
0.0420099
0.00584327
0.000997016
0.0065965
0.00223038
0.019589
0.0177108
0.0226884
0.047295
0.00195953
0.0149115
0.00411773
0.0228484
0.00236957
0.0039325
0.00415762
0.00928016
0.00292952
0.0314525
0.0115936
0.00573985
0.015076
0.00814415
0.00456317
0.0305676
0.00319035
0.00831716
0.00948723
0.0169249
0.00794808
0.000918045
0.0131147
0.00502056
0.0142209
0.00793185
0.00674208
0.00243607
0.00919531
0.025071
0.00239216
0.00930796
0.00912599
0.00912478
0.00848015
0.012609
0.0107601
0.0131504
0.0331036
0.021899
0.0121885
2.98052e-06
0.0118582
0.0147039
0.00644973
0.0233588
0.017263
0.0195197
0.00376528
0.00110333
0.0223375
0.0170654
0.00846494
0.00518488
0.00798612
0.00256335
0.00219152
0.0165999
0.038263
0.00845056
0.00858075
0.0290293
1.87967e-05
0.0146866
0.00495002
0.0270683
0.00635099
0.00340669
0.00715787
0.00905645
0.0100384
0.00655987
0.0309253
0.00493604
0.0417063
0.00194605
0.0261008
0.0346081
0.0102972
0.00294485
0.001486
0.0114509
0.00764638
0.0415706
0.00607239
0.0088766
0.00139879
0.0140929
0.0128093
0.017087
0.0316578
0.000458487
0.0322721
0.0121572
0.00430617
0.0132539
0.0102174
0.00137323
0.0185006
0.0043355
0.00267449
0.0409445
0.00627663
0.00428333
0.00770276
0.013444
0.0238372
0.000257621
0.00954204
0.00285108
0.0334038
0.00583989
0.00696785
0.00167019
0.00209117
0.0026926
0.0272097
0.0248857
0.0142001
0.0179735
0.0115624
0.345158
0.0123977
0.0123852
0.0104287
0.0117357
0.0117835
0.00940438
0.0196208
0.0067654
0.0037702
0.00361792
0.00690998
0.00501601
0.00233285
0.0604653
0.00363688
0.00478145
0.0463394
0.0256837
0.0038189
0.0489378
0.0136816
0.0108881
0.00870306
0.0354769
0.00182728
0.0723325
0.00925253
0.00430644
0.0060358
0.00289199
0.018162
0.0171452
0.00508903
0.011752
0.0352292
0.0134852
0.00237836
0.0041037
0.0285707
0.010586
0.00274806
0.00651182
0.00461808
0.0217148
0.00882828
0.438167
0.00654198
0.00511652
0.0339299
0.000267221
0.0164315
0.00691062
0.00390347
0.0350827
0.0169917
0.00358509
0.011056
0.0106338
0.0259648
0.00849738
0.00611403
0.0043097
0.0191845
0.00307124
0.0244152
0.0325767
0.00277401
0.0213209
0.0119556
0.0060865
0.0532535
0.0207241
0.0320582
0.00235297
0.00890595
0.00406914
0.00836966
0.0327754
0.00613274
0.0218039
0.00605109
0.0345696
0.0103171
0.00947223
0.0129238
0.0188557
0.0141876
0.00574101
0.028902
0.00716738
0.0041787
0.0154792
0.0039212
0.000790212
0.00827062
0.00369487
0.0355149
0.0077002
0.000537722
0.00895273
0.00144826
0.0177311
0.012724
0.0120331
0.00101374
0.0200847
0.00182153
0.0247902
0.0177161
0.0159326
0.00903819
0.0184638
0.000758548
0.0435523
0.00695104
0.0472549
0.00533682
0.316647
0.0242988
0.00538949
0.00906506
0.0594786
0.00213357
0.0253196
0.017191
0.0195753
0.00121264
0.00477687
0.0109644
0.0215103
0.017702
0.0265147
0.056182
0.00384266
0.0564898
0.0103455
0.0208721
0.065173
0.0331662
0.0115859
0.00915617
0.0223854
0.0142397
0.0227326
0.0125246
0.0078116
0.0142875
0.470204
0.00145963
0.0158102
0.0064993
0.00490368
0.0080774
0.00905132
0.0306319
0.00586355
0.0271835
0.0121089
0.0352817
0.00989113
0.0165824
0.0523102
0.0396956
0.0459937
0.00495706
0.0101936
0.0170405
0.0144976
0.00635739
0.0133222
0.0254672
0.0123518
0.0209876
0.0051091
0.0320093
0.0303562
0.00777699
0.0180796
0.0350044
0.00527841
0.0255283
0.0214249
0.00969985
0.00137634
0.000977334
0.0150139
0.00791669
0.00886571
0.0109424
0.0137406
0.0470925
0.0104012
0.0299653
0.0317452
0.00909385
0.00671227
0.00700842
0.00698076
0.0132296
0.0158086
0.0501796
0.0030303
0.0110027
0.0540023
0.00676878
0.00279851
0.0025485
0.0185279
0.0165303
0.00206063
0.0126544
0.00924892
0.000664475
0.0173768
0.00463405
0.0278994
0.0205038
0.0220807
0.0459923
0.0435285
0.00635445
0.036774
0.0076461
0.0189125
0.0221202
0.0134545
0.156017
0.0112676
0.00359897
0.0342949
0.0212929
0.00998053
0.00531032
0.00967598
0.0222001
0.0121183
0.0768011
0.0279032
0.00229361
0.00832287
0.000577138
0.11631
0.0174053
0.0435998
0.0239797
0.00735658
0.0359895
0.003431
0.0192388
0.00606062
0.0171303
0.018984
0.0102125
0.0146392
0.0207684
0.03567
0.034192
0.0131571
0.0120895
0.0030813
0.00814967
0.0126473
0.0281243
0.00772823
0.00508415
0.0206041
0.0233086
0.00167309
0.00259696
0.00882839
0.00187058
5.51478e-05
0.00613414
0.00382547
0.0162064
0.00523672
0.00101548
0.00845864
0.00761399
0.00659826
0.00270565
0.0127808
0.0226869
0.019913
0.0167398
0.00398616
0.0088648
0.00863176
0.0205123
0.00205628
0.00728174
0.00458347
0.0380956
0.00407772
0.000752168
0.0252189
0.000443011
0.0110953
0.0291143
0.0362479
0.00420687
0.0187078
0.000120675
0.00322318
0.00979027
0.0055993
0.00670968
0.0314432
0.00402943
0.0194692
0.00804277
0.00401781
0.00736782
0.0166103
0.00771928
0.00589572
0.00818966
0.304429
0.0213053
0.0142144
0.00538281
0.0190784
0.000741562
0.0354626
0.0145378
0.0213623
0.0240044
0.00501709
0.0314686
0.0119202
0.00332153
0.0114595
0.0242122
0.0144514
0.0123957
0.00462008
0.00885135
0.0556946
0.0154424
0.0107657
0.00141655
0.0260838
0.00412989
0.0206163
0.0419957
0.0292093
0.0110711
0.006494
0.0237181
0.00238438
0.00468967
0.0082039
0.00289805
0.00224629
0.0472592
0.000267636
0.0179279
0.00958347
0.0062392
0.0161438
0.0194581
0.016892
0.000757036
0.003206
0.0098589
0.00158859
0.00984313
0.0281453
0.00584276
0.00689597
0.0145891
0.0137555
0.0105481
0.000576156
0.0106944
0.00258257
0.0136459
0.0183583
0.0102761
0.00182853
0.0188831
0.0110794
0.014806
0.00644704
0.0174769
0.0188419
0.00370707
0.000271713
0.0156581
0.0159838
0.00487329
0.0140302
0.00304066
0.0168385
0.0198856
0.0158785
0.0132267
0.0243098
0.0146631
0.00931913
0.010274
0.0200018
0.000793836
0.0046045
0.00260881
0.00941217
0.00578283
0.000770473
0.00893638
0.00363842
0.0457061
0.0132896
0.0149385
0.0107175
0.0198113
0.0267874
0.0254314
0.00644443
0.0149808
0.00646703
0.0064693
0.00396961
0.0149439
0.00157684
0.00979726
0.0113571
0.00428933
0.0164721
0.0261284
0.00620427
0.0124299
0.00430054
0.0654443
0.0209849
0.0207272
0.0285569
0.0245236
0.0690908
0.0101145
0.0323815
0.00455885
0.00419981
0.00630522
0.00683861
0.00286243
0.0146108
0.00513822
0.000373593
0.000276339
0.00552169
0.000281768
0.000329624
0.0130855
0.00443523
0.0254673
0.00941209
0.000223517
0.0111017
0.00251272
0.040635
0.0106565
0.0113121
0.00185107
0.00215649
0.0166349
0.002719
0.0176771
0.0091034
0.00903159
0.0131454
0.0119433
0.00518586
0.0277088
0.0069716
0.0183183
0.00203856
0.538965
0.00414018
0.0231212
0.0220284
0.0169416
0.0176484
0.000513383
0.00187025
0.0173429
0.033481
0.012799
0.0290078
0.012559
0.0158041
0.0271782
0.00236047
0.00672224
0.0155142
0.0142538
0.0132263
0.0326809
0.00153514
0.0156458
0.00352741
0.00890194
0.0471055
0.0173131
0.00775527
0.00399242
0.0340251
0.0247172
8.75462e-05
0.0155352
0.00407584
0.0221542
0.00552163
0.0016879
0.0284513
0.00484833
0.00795447
0.0117324
0.00147087
0.00867916
0.0201371
0.00952306
0.0056246
0.0139875
0.0177639
0.024589
0.0183678
0.0059224
0.00666426
0.00922128
0.0289975
0.016496
0.0156919
0.00500688
0.00542916
0.032779
0.0368011
0.0282173
0.0177211
0.0149517
0.00964063
0.00500321
0.00113888
0.00102856
0.0152467
0.0146772
0.0173387
0.00244223
0.0127827
0.0114746
0.0110603
0.0116909
0.00433841
0.00372565
0.0262395
0.00472255
0.0362281
0.00310698
0.00716794
0.0124986
0.0157607
0.0205717
0.000287007
0.0216316
0.00999514
0.000821724
0.026393
0.0306247
0.0106654
0.0271992
0.00848865
0.00987703
0.0313107
0.00300881
0.0236025
0.0303227
0.020202
0.00069946
0.00812287
0.0331698
0.026311
0.0177597
0.00233901
0.0014201
0.00627269
0.453099
0.0071831
0.00489255
0.0258803
0.00850258
0.036895
0.00767875
0.00344081
0.0113111
0.0168589
0.0138159
0.000524064
0.0151515
0.0121079
0.0176851
0.018831
0.00350326
0.0124835
0.0203959
0.0444612
0.0939692
0.00867256
0.026513
0.0202338
0.0379079
0.508239
0.0401154
0.0416643
0.0340528
0.00413271
0.00888197
0.00834001
0.00453609
0.0100697
0.00230925
0.0401212
0.0481464
0.00343253
0.0316917
0.0149231
0.0114624
0.0632722
0.0299403
0.0082176
0.0191814
0.013251
0.0087289
0.019379
0.0117578
0.0246926
0.0167038
0.000197197
0.0126967
0.0200861
0.0024966
0.00208329
0.00192748
0.00294602
0.00115151
0.0163862
0.00663578
0.00165339
0.00279135
0.00321685
0.00884118
0.023964
0.00583122
0.0265816
0.021438
0.00841385
0.000586436
0.0102885
0.0158225
0.00337217
0.0159095
0.00109436
0.0135369
0.0209806
0.00415282
0.00553724
0.00215966
0.0938857
0.0164135
0.00937116
0.00978426
0.0777706
0.000315485
0.0146565
0.0106754
0.00232928
0.0296143
0.00681953
0.0128086
0.00922884
0.0143257
0.00773482
0.0185674
0.0115058
0.00127684
0.00705385
0.0128906
0.0118317
0.0164681
0.00420762
0.00370062
0.00437727
0.013753
0.0426409
0.0186666
0.0234329
0.0146791
0.000620696
0.0160304
1.68556e-05
0.0410738
0.00885339
0.025363
0.0100359
0.00974505
0.0263936
0.0117038
0.0177518
0.00207375
0.00117551
0.039034
0.0516352
0.0159614
0.0459138
0.0159338
0.00348842
0.000718835
0.0151422
0.00516099
0.0180756
0.0118549
0.00384336
0.00599647
0.0130407
0.00272884
0.0225454
0.00579597
0.00302644
0.0206465
0.0246492
0.00591077
0.00390049
0.000392271
0.0083438
0.0275107
0.00231023
0.0164213
0.0284063
0.00484859
0.0101716
0.314627
0.00635097
0.0162648
0.0178506
0.0124127
0.00200504
0.00552144
0.00969127
0.0207842
0.0169616
0.00778229
0.0196695
0.0145201
0.000662922
0.00270586
0.00638906
0.00159017
0.0272686
0.0057989
0.00618092
0.0109513
0.006718
0.0134107
0.00222771
0.0103619
0.0200467
0.00477572
0.000751148
0.0263572
0.00701119
0.0059186
0.00798367
0.0225196
0.00099896
0.0109715
0.0180677
0.0178009
0.0200183
0.0128785
0.0121236
0.028923
0.0120857
0.0214335
0.0278684
0.0299412
0.401843
0.0177172
0.00324032
0.0229865
0.0122858
0.0128566
0.00765668
0.00228115
0.0317274
0.00400553
0.000718077
0.0144887
0.00463531
0.0106464
0.0373965
0.00487889
0.0164281
0.00977427
0.0674463
0.0141987
0.00462772
0.0116457
0.0683577
0.00770564
0.00503488
0.0251173
0.0281691
0.00759848
0.0205425
0.0466943
0.00395235
0.0140408
0.00662773
0.00377697
0.00729821
0.0154523
0.00740356
0.0170335
0.0210969
0.00255966
0.00619375
0.00144234
0.00725797
0.00682668
0.351987
0.00262378
0.00892741
0.0157004
4.99722e-05
0.0179977
0.0143222
0.0441433
0.0034901
0.0372384
0.0124494
0.0160522
0.0212468
0.0167343
0.0288207
0.011704
0.0223551
0.0100183
0.0116272
0.00314515
0.0115557
0.0180467
0.035416
0.0333006
0.0118883
0.00497612
0.023818
0.0583648
0.000246681
0.00237109
0.00553754
0.00114924
0.0202743
0.0688889
0.00692848
0.0325701
0.0170766
0.0439559
0.0575747
0.0495847
0.00283367
0.00579313
0.0518464
0.0145475
0.00754079
0.00970013
0.00238295
0.0115906
0.0180823
0.000435612
0.0322708
0.0104216
0.0152327
0.0207835
0.0216943
0.0546344
0.0234547
0.0206144
0.381568
0.0481733
0.00444437
0.624858
0.0125881
0.0917319
0.027928
0.0294337
0.0221369
0.00907581
0.00921549
0.0021609
0.000318676
0.00432631
0.0106712
0.000141986
0.023754
0.00101521
0.00633089
0.0049959
0.00220836
0.010897
0.0225989
0.0397747
0.0078137
0.00442924
0.0167051
0.484356
0.0111818
0.409408
0.00288956
0.025886
0.0202238
0.0119813
0.0283417
0.0549909
0.00628326
0.0488414
0.0147472
0.0271018
0.0137494
0.00232818
0.0244043
0.0200082
0.00502963
0.00784853
0.0124874
0.0285891
0.0198003
0.00998639
0.0239869
0.0031633
0.0311531
0.0278091
0.00942972
0.0134578
0.00774034
0.0302689
0.00902437
0.0211847
0.00840278
0.0191402
0.0188353
0.00796867
0.0185894
0.0237811
0.201175
0.00748688
0.0362075
0.00927564
0.00228416
0.0154411
0.550815
0.0175969
0.0165165
0.00149503
0.000663175
0.0121687
0.00924861
0.00255292
0.0166985
0.0151905
0.00734482
0.550333
0.00810206
0.00450398
0.0133177
0.00381131
0.014849
0.00719608
0.0366129
0.0103495
0.0282142
0.00418227
0.0166421
0.0185869
0.04162
0.00456238
0.0102193
0.0011505
0.000515685
0.00197558
0.0126023
0.00268804
0.0301544
0.0332187
0.0396567
0.00721711
0.00238743
0.0100858
0.00326888
0.0110419
0.00259568
0.0187853
0.00675369
0.00238065
0.00749909
0.00103098
0.000213718
0.0112008
0.00100266
0.0118246
0.0113937
0.0073569
0.00395086
0.00220608
0.0432575
0.0160192
0.00675219
0.00087513
0.0187026
0.00263783
0.00675855
0.0329085
0.0272246
0.0307199
0.00480269
0.539704
0.0211029
0.00147852
0.00164063
0.0122858
0.00112946
0.0220799
0.00233899
0.000342868
0.0120989
0.0971707
0.000137673
0.12819
0.484218
0.00241708
0.00966801
0.0107172
0.00191027
0.00996436
0.0349549
0.0481836
0.0126048
0.0343284
0.0231422
0.370332
0.0216019
0.00400492
0.0142701
0.0427131
0.00118457
0.027515
0.468294
0.00314659
0.0286621
0.011639
0.0581425
0.0129624
0.0370355
0.00683487
0.0280435
0.00315184
0.0194896
0.00834309
0.00531147
0.00694434
0.0102952
0.0372336
0.0404039
0.00767998
0.0148719
0.026489
0.012317
0.00743312
0.0181093
0.0092247
0.0300478
0.016999
0.0113203
0.000799277
0.00498463
0.00756593
0.0344948
0.0183846
0.0121802
0.0177401
0.00739755
0.000261231
0.00363514
0.0222589
0.0376765
0.0127807
0.00172231
0.000801441
0.00646163
0.00513394
0.000738047
0.381908
0.0154307
0.0244748
0.0234511
0.0274022
0.0330477
0.0158038
0.0242699
0.00692557
0.00174999
0.00532211
0.00466115
0.0206349
0.0318915
0.00620397
0.00755079
0.0552658
0.00796579
0.0231038
0.0218129
0.0208348
0.0346862
0.0106287
0.00343167
0.0175439
0.0248995
0.203937
0.01541
0.0131505
0.000469882
0.0392326
0.020114
0.0231186
0.0211525
0.0015348
0.032409
0.0160789
0.0110829
0.0267143
0.00268909
0.0322049
0.0184948
0.00538425
0.00496244
0.0492001
0.00944947
0.365277
0.000544811
0.00784755
0.0291564
0.00266883
0.012981
0.000713946
0.0111494
0.0101303
0.00368599
0.0095727
0.00412832
0.0224827
0.0145293
0.00277761
0.0364121
0.00378412
0.020882
0.00112987
0.481208
0.0134622
0.452826
0.0168574
0.000811806
0.00481731
0.0066975
0.0134548
0.0527264
0.00602014
0.0585448
0.0112625
0.00562717
0.0051861
0.00820069
0.00949751
0.00535297
0.0902562
0.29933
0.0231363
0.0113705
0.612677
0.00960811
0.00797287
0.00188463
0.00497714
0.010458
0.00908725
0.0092568
0.0120354
0.00180662
0.00710585
0.000226342
0.0211958
0.014481
0.522174
0.00814068
0.00456968
0.00861187
0.00185475
0.0058626
0.0172658
0.00521845
0.0122594
0.019203
0.0076884
0.0212864
0.0106679
0.397317
0.00591789
0.00090517
0.00510443
0.0387331
0.0572401
0.00144567
0.00128778
0.0148899
0.0105072
0.0211217
0.00774647
0.0131261
0.00215047
0.0147439
0.0101275
0.0172087
0.023971
0.00247553
0.0126465
0.00770513
0.0170966
0.00143141
0.013278
0.0176672
0.0219688
0.000429481
0.000655098
0.0248091
0.00723148
0.00337548
0.000856199
0.0137555
0.00400602
0.0020338
0.00322162
9.42427e-05
0.00607131
0.00834494
0.0137332
0.00894781
0.0099735
0.00274822
0.00804116
0.00590867
0.0413149
0.00737439
0.00606138
0.00125113
0.00904478
0.0185422
0.0305125
0.0403682
0.00245014
0.00839933
0.00535401
0.0327115
0.00631065
0.0316668
0.00650214
0.0222202
0.00500597
0.00978616
0.0455275
0.00417208
0.033632
0.0231634
0.0104393
0.00521996
0.0119848
0.00945939
0.0152359
0.00809098
0.00200641
0.000884613
0.00826567
0.0329628
0.0100994
0.0125003
0.00131183
0.0249832
0.000619815
0.00108145
0.0924299
0.0119832
3.72377e-05
0.00424572
0.0103248
0.000475017
0.00400707
0.0223282
0.0201561
0.0155651
0.0141187
0.00091569
0.00553055
0.00735992
0.0162688
0.00988276
0.00740747
0.0168566
0.00479169
0.00236995
0.00358348
0.00495194
0.0282094
0.00319379
0.00344745
0.0258851
0.0199819
0.00955574
0.0212119
0.0293968
0.0144441
0.0295714
0.0336132
0.0232211
0.0120863
0.0117648
0.0164292
0.0113008
0.00129097
0.0133059
0.00808105
0.00130379
0.011412
0.0197855
0.00182425
0.0100266
0.0113824
0.0221296
0.0259479
0.00811917
0.017515
0.0273862
0.0256519
0.00533873
0.00813725
0.00532791
0.0226655
0.00540299
0.0116221
0.00699829
0.000852656
0.00354922
0.0165925
0.00271428
0.00504463
0.0161567
0.0322831
0.0221197
0.408479
0.00540967
0.0210969
0.00157129
0.00749227
0.0287073
0.000536751
0.0050825
0.01067
0.00926681
0.0213623
0.00784654
0.0186855
0.0292102
0.0113563
0.01376
0.0268288
0.0154547
0.0101563
0.0437211
0.00525776
0.00413401
0.00421546
0.0096231
0.0221566
0.0212
0.039246
0.0340667
0.00332864
0.00912898
0.0178374
0.00281083
0.0139429
0.0160035
0.0350681
0.0176726
0.0057434
0.00556653
0.0125786
0.00624284
8.51238e-05
0.00522718
0.0237241
0.00163547
0.00152648
0.00122821
0.00971776
0.0497773
0.00304042
0.0134721
0.00244296
0.0201052
0.0180152
0.0023249
0.000118201
0.0121419
0.0213859
0.00798628
0.00942144
0.0141756
0.0201503
0.00675366
0.00331635
0.0199057
0.044701
0.0147529
0.00537744
0.488853
0.0805754
0.0091666
0.0120741
0.0283811
0.0118222
0.00712951
0.00216721
0.0244461
0.00918513
0.0210371
0.00639393
0.0245125
0.00632375
0.00578444
0.0331943
0.0190312
0.0325214
0.0413847
0.0039299
0.0157015
0.0220409
0.0149279
0.0343296
9.8025e-06
0.0105774
0.00676053
0.0181771
0.00429417
0.00552463
0.0137146
0.00700871
0.00553122
0.00529145
0.102512
0.0125909
0.0215106
0.0059091
0.00493994
0.0157385
0.00352728
0.0217719
0.00387497
0.0218006
0.017879
0.0131654
0.00591107
0.0232947
0.00551629
0.0112022
0.00904539
0.00399538
0.00884889
0.0134874
0.00298625
0.0382806
0.0367936
0.0204233
0.00271545
0.012663
0.00721319
0.010647
0.0295243
0.00528425
0.549903
0.014055
0.0141104
0.0134
0.0252895
0.0202451
0.0408949
0.0345161
0.00885613
0.0223365
0.000962626
0.00291347
0.000892443
0.00543333
0.021893
0.00413994
0.0340779
0.0189754
0.0045123
0.00890238
0.00331161
0.00151676
0.0251936
0.00162946
0.0416952
0.0672396
0.0271613
0.0217501
0.00021394
0.00963002
0.0109768
0.00474509
0.0225425
0.0144221
0.000925324
0.0867043
0.00509065
0.0128115
0.0058002
0.00522449
0.0128219
0.0327743
0.0138145
0.0137631
0.00200872
0.000140506
0.0154645
0.0229287
0.00515837
0.0292381
0.00583969
0.0192845
0.00849149
0.0644283
0.061924
0.02095
0.0190354
0.0358621
0.0197987
0.0228116
0.000167105
0.000766391
0.00943737
0.0149161
0.0039512
0.0222057
0.00921474
0.0142829
0.0117992
0.000309513
0.0158018
0.00184336
0.0103116
0.0187721
0.0121666
0.0285929
0.00245057
0.00677014
0.0097002
0.00289517
0.00724291
0.00333926
0.00162667
0.0329016
0.0399358
0.00406707
0.035674
0.0716514
0.00342772
0.448523
0.00210734
0.0588091
0.01084
0.0423233
0.0251665
0.0312668
0.00452428
0.00900238
0.00628183
0.00700898
0.0193675
0.00357683
0.0131911
0.0105914
0.00676262
0.00741186
0.0135638
0.00449033
0.0118194
0.0507379
0.038048
0.00614315
0.00979301
0.0123422
0.00233527
0.00383644
0.00250912
0.0408098
0.046587
0.0136104
0.0124997
0.466266
0.0179281
0.0183503
0.00437273
0.0302452
0.0145874
0.00522257
0.00143179
0.00369888
0.0068104
0.0781272
0.00458475
0.0173518
0.00427773
0.0138469
0.010485
0.015367
0.0332745
0.00391345
0.00929308
0.0118967
0.0222098
0.0353401
0.00105649
0.0121739
0.0311325
0.0112839
0.0611886
0.00155979
0.0191271
0.0181218
0.00235777
0.0025251
0.00827691
0.00342927
0.0135889
0.0154662
0.0143361
0.0128894
0.00637786
0.0137826
0.0116159
0.00120879
0.00939532
0.00134029
0.00307554
0.0165072
0.0134464
0.0122312
0.0135186
0.0130808
0.0113504
0.0140391
0.00863954
0.02401
0.0453259
0.00868277
0.00584758
0.00997446
0.00581448
0.00511869
0.00202319
0.01963
0.00467789
0.0022962
0.0115732
0.0248729
0.0135242
0.00164548
0.00613691
0.00378247
0.0123191
0.0282847
0.0103539
0.00070779
0.0225043
0.0144859
0.00559546
0.00887834
0.0550989
0.0101516
0.0321231
0.0336932
0.0220803
0.00134023
0.00760611
0.000386628
0.00241674
0.0313091
0.0089802
0.0364289
0.00338514
0.0123747
0.00833663
0.033037
0.0040741
0.00896857
0.00743897
0.00292562
0.00829352
0.00911877
0.0306605
0.00962323
0.00366889
0.00585022
0.0094883
0.00434349
0.00330206
0.0239009
0.0112992
0.00139384
9.70202e-05
0.00415744
0.0329795
0.00998271
0.000558123
0.00759977
0.000250983
0.0190217
0.00941992
0.00327042
0.00993097
0.00203322
0.00711559
0.031012
0.00645296
0.00288863
0.00228395
0.0653404
0.00650588
0.00779903
0.00615658
0.0483512
0.0101906
0.00935755
0.0260413
0.0114066
0.00950616
1.25107e-06
0.0172133
0.0153151
0.00454783
0.0119048
0.0252823
0.000425649
0.0305913
0.0140724
0.0124468
0.00811404
0.0608205
0.0288903
0.0971981
0.00311183
0.0129879
0.0311507
0.00236869
0.00968192
0.0344029
0.0226969
0.0198288
0.0165092
0.0392071
0.0169353
0.00960123
0.00519456
0.00568252
0.36935
0.00736125
0.0152222
0.00658401
0.0228169
0.0383472
0.0802711
0.0177613
0.016295
0.00668421
0.016524
0.0127666
0.0175908
0.0130524
0.000473693
0.00160995
0.0065869
0.00321493
0.00462572
0.0019949
0.0191533
0.0224417
0.0193704
0.0101838
0.00540932
0.0124737
0.0118084
0.0258723
0.0077222
0.167056
0.00644048
0.000859656
0.00419128
0.00878088
0.00140399
0.00242008
0.00565654
0.0210764
0.015932
0.0143464
0.0144812
0.00819416
0.00135515
0.0187409
0.0198835
0.0059488
0.00943703
0.0472676
0.00958977
0.000427389
0.0393533
0.0195849
0.0438238
0.0122445
0.00801351
0.035454
0.0315362
0.0127552
0.0124103
0.0143779
0.00929969
0.0344605
0.0392842
0.00769512
0.00883447
0.000914558
0.0187349
0.0268993
0.0223274
0.0186492
0.025487
0.03289
0.020928
0.000349982
0.0644168
0.0509893
0.00401734
0.00181813
0.014807
0.12571
0.0256506
0.000585665
0.0227946
0.0195927
0.00159524
0.023306
0.25686
0.0174547
0.0202847
0.0328763
0.0128918
0.0124172
0.0104981
0.0266279
0.0237387
0.0192347
0.00700904
0.00391683
0.0116686
0.0122467
0.00561562
0.0152264
0.00777049
0.0082417
0.0147188
0.00148811
0.0131156
0.441595
0.0258585
0.00965439
0.0206837
0.0274225
0.00123801
0.101894
0.211187
0.395797
0.0338291
0.50135
0.173528
0.531515
0.0147761
0.334998
0.00402567
0.3625
0.454056
0.0286498
0.000928953
0.101578
0.220607
0.00625956
0.00120546
0.458301
0.43315
0.00793358
0.00547606
0.445828
0.065619
0.011462
0.0408586
0.0278533
0.0429641
0.436511
0.521764
0.0676416
0.0379677
0.0134991
0.0301553
0.00875174
0.043712
0.00728502
0.00363566
0.387167
0.51697
0.33182
0.0488866
0.0178846
0.0111969
0.0803274
0.0175553
0.0224607
0.0241513
0.0320098
0.0557485
0.0183661
0.436965
0.031465
0.0468029
0.0564087
0.0143603
0.0216667
0.0254421
0.019703
0.0970021
0.0441579
0.00430562
0.0234597
0.113651
9.65756e-05
0.0184717
0.0401185
0.0656136
0.00541649
0.00687831
0.30077
0.0143388
0.0162195
0.000696138
0.0631127
0.0174046
0.0219056
0.0557431
0.615946
0.00883626
0.00240843
0.00753951
0.260948
0.00392838
0.0149534
0.000942725
0.006961
0.00901829
0.033417
0.00381397
0.056719
0.00761901
0.13292
0.00575488
0.0243967
0.0151658
0.00952544
0.0131802
0.0411619
0.0447887
0.0103582
0.0325099
0.0055265
0.0513962
0.00960392
0.00650208
0.00263625
0.0174357
0.00259635
0.141634
0.0233298
0.0233177
0.0594144
0.0359917
0.00517096
0.211607
0.024078
0.014572
0.023189
0.0158538
0.059385
0.0104359
0.145557
0.00541403
0.00561151
0.0424385
0.189411
0.480382
0.0427655
0.0223908
0.00432068
0.0306109
0.182908
0.0375128
0.0224159
0.0299289
0.0471432
0.442713
0.0677548
0.00345217
0.00397007
0.0310113
0.03267
0.462375
0.0179305
0.0110259
0.045312
0.0192696
0.00682726
0.00564954
0.00985243
0.0242714
0.00250147
0.0166686
0.0326503
0.0232196
0.0121316
0.0223083
0.0638785
0.0257673
0.0424032
0.0333813
0.0409205
0.0380777
0.00729244
0.00542478
0.0156991
0.0154963
0.0158357
0.0105926
0.00250055
0.0332497
0.0223089
0.015559
0.027565
0.00267886
0.0135473
0.0229565
0.00232926
0.0579511
0.000973018
0.00301358
0.00653463
0.000308101
0.0062073
9.49863e-06
0.00171554
0.0322915
0.00282608
0.0139273
0.0167572
0.0066129
0.026024
0.00203505
0.000949621
0.000685269
0.0107797
0.0074425
0.0144439
0.00711784
0.0324936
0.0130987
0.02622
0.0011089
0.0340615
0.0102489
0.00978591
0.0276392
0.0704789
0.00804346
0.0228937
0.0332376
0.0028624
0.00301552
0.00752699
0.00653931
0.0217889
0.00714062
0.00572857
0.0133425
0.01144
0.0160094
0.00207609
0.0276432
0.0184392
0.0157436
0.0398004
0.00998464
0.0138684
0.00983082
0.00273509
0.0309325
0.00134314
0.00935716
0.0151568
0.0292703
0.0159441
0.0374675
0.0100524
0.00177899
0.00632502
0.00766965
0.01259
0.0143195
0.0422677
0.000432407
0.00732519
0.00120702
0.00779481
0.0190927
0.00191756
0.00483929
0.0032487
0.0230749
0.00978887
0.024387
0.0215379
0.00183113
0.0162897
0.0125633
0.0115745
0.0104899
0.00753707
0.00731289
0.0183778
0.00207341
0.0192266
0.0122663
0.00678547
0.00777695
0.00821991
0.0189702
0.0341462
0.00770924
0.0152092
0.00433434
0.0282128
0.0143078
0.0105548
0.0129471
0.0158576
0.0136431
0.0335022
0.0281506
0.00473721
0.0042633
0.0620017
0.0106002
0.00157828
0.0148837
0.0142612
0.0142546
0.00433508
0.0212026
0.009068
0.0180077
0.0480785
0.00872953
0.122617
0.00153057
0.00668587
0.00621399
0.0012372
0.0277203
0.0307228
0.00653292
0.00760674
0.0129901
0.010905
0.012458
0.00726826
0.00613085
0.0143978
0.0231895
0.00715223
0.0342458
0.00696244
0.522624
0.0170681
0.00423557
0.0124404
0.0202459
0.0333734
0.00238635
0.0165419
0.00525365
0.0849336
0.00248713
0.00617003
0.0425001
0.530099
0.0228866
0.0234252
0.0127954
0.406887
0.000909582
0.030123
0.00227713
0.000260026
0.0357903
0.00146409
0.0222818
0.166643
0.0058697
0.0224101
0.00434281
0.00294567
0.0153791
0.0144613
0.0311016
0.0376657
0.00442684
0.0198235
0.0126574
0.0155805
0.0112815
0.00693392
0.0162393
0.00635351
0.00172289
0.00493096
0.00949415
0.0189191
0.0276276
0.00369293
0.00997715
0.00771289
0.0354046
0.00415789
0.00902582
0.0297892
0.00986087
0.00200952
0.00436646
0.0044487
0.00650123
0.00743334
0.00934424
0.0229538
0.392664
0.0113994
0.000376204
0.0100956
0.00926361
0.00132365
0.0113742
0.014929
0.00183598
0.00433618
0.00311277
0.000130183
0.00295712
0.0280435
0.0326465
0.00336049
0.0129988
0.00692532
0.455455
0.00452344
0.019656
0.00808466
0.0506792
0.0086747
0.00378808
0.0207817
0.00853618
0.00336332
0.0138936
0.00267171
0.0130844
0.00602678
0.0132185
0.00386113
0.00966903
0.413353
0.000896723
0.00506296
0.0155371
0.0177034
0.00204083
0.0163822
0.0165288
0.0235832
0.0313484
0.0221753
0.0143655
0.0386775
0.00420356
0.0409666
0.00132263
0.0230948
0.00143241
0.0306576
0.0108119
0.014419
0.00932307
0.00883624
0.000870953
0.000523523
0.0159337
0.00559831
0.0252468
0.00235763
0.00487352
0.0185294
0.0327499
0.000108189
0.00599221
0.249366
0.0049767
0.0210646
0.000268167
0.011852
0.00782884
0.00321723
0.0169443
0.00508801
0.00123678
0.000402187
0.00504571
0.00973366
0.00640206
0.0307181
0.0127154
0.00476279
0.0109146
0.014048
0.0144236
2.07892e-05
0.0051384
0.468877
0.0149761
0.00848614
0.00788914
0.0399753
0.579449
0.486082
0.00562498
0.014637
0.0188712
0.0833591
0.00475239
0.000477925
0.449609
0.044236
0.0134241
0.0397013
0.00985605
0.0282966
0.146592
0.0139886
0.0224744
0.0126487
0.0104148
0.000173063
0.00815472
0.0236263
0.0171532
0.00460597
0.0367486
0.0135013
0.0458873
0.00679229
0.018995
0.0129948
0.105638
0.00276412
0.00525841
0.00840376
0.0251718
0.0051865
0.00803445
0.0158155
0.00261847
0.0041013
0.0144226
0.0183177
0.00821203
0.00554599
0.0105498
0.00874053
0.000124305
0.00870695
0.0309561
0.0103118
0.00599868
0.00400479
0.0212967
0.002768
0.00514687
0.00595167
0.00397931
0.00602973
0.0218529
0.00610912
0.0106863
0.000712587
0.0148246
0.0180468
0.0147964
0.00284482
0.00379949
0.00249158
0.0200354
0.00883771
0.0123438
0.00461162
0.00575849
0.00463453
0.00105943
0.0238241
0.0049303
0.00456555
0.00199801
0.013451
0.00128799
0.0160199
0.00412338
0.00731621
0.00156235
0.0287961
0.00895756
0.0152339
0.0133763
0.0383443
0.00613376
0.00318953
0.00427684
0.0132008
0.0329262
0.00429768
0.0115414
0.00610626
0.0393741
0.0133142
0.466556
0.00147661
0.0162686
0.00433305
0.00748767
0.0296454
0.00652965
0.0208162
0.00116214
0.0376506
0.00557322
0.00561466
0.0151405
0.00647075
0.0026299
0.000169669
0.350921
0.021737
0.0138256
0.0264681
0.0221554
0.494631
0.000288575
0.0375127
0.00786989
0.0279776
0.0778268
0.0152648
0.0273881
0.0218638
0.0136826
0.0309329
0.0613781
0.0143883
0.0134742
0.0144457
0.00214774
0.0141732
0.00949451
0.00698703
0.0338422
0.251275
0.00905849
0.00522891
0.0316303
0.0385084
0.00205015
0.0171878
0.0341033
0.058485
0.0111679
0.0495527
0.020585
0.00257405
0.0360361
0.0205408
0.00942791
0.00369687
0.0139147
0.0395763
0.0170747
0.299215
0.0597616
0.375868
0.0119221
0.519176
0.00935377
0.00858034
0.0425994
0.0187217
0.0388438
0.00980955
0.0213218
0.0378707
0.488697
0.0109057
0.00565704
0.0124276
0.0085344
0.00467273
0.0134244
0.0100252
0.0144052
0.00835474
0.0081289
0.00822198
0.00384117
0.00986285
0.0083726
0.00115001
0.0253305
0.00998798
0.0148966
0.00420614
0.010454
0.0115696
0.0539427
0.0140312
0.0145624
0.0107308
0.0202933
0.00157455
0.0154616
0.0214708
0.0147903
0.0133922
0.0100636
0.00617106
0.0430298
0.0101101
0.0073182
0.0192798
0.00328421
0.0172957
0.0040767
0.0102439
0.00393099
0.00411126
0.0284784
9.81513e-05
0.0167314
0.00932961
0.00179329
0.0180243
0.00937542
0.00373921
0.00159148
0.0162521
0.0154607
0.00151985
0.00444279
0.0109743
0.00938822
0.00916442
0.000932319
0.0188829
0.0121309
0.00951894
0.00586545
0.00422679
0.0261293
0.0155413
0.003479
0.0265656
0.00473696
0.0703803
0.0235042
0.0144793
0.0121963
0.00440254
0.0148061
0.00390125
0.00710255
0.00434899
0.0584291
0.00382335
0.0197264
0.00260934
0.0484738
0.01873
0.00530149
0.0145703
0.00575551
0.00526884
0.490804
0.00774299
0.00376777
0.00279862
0.00154565
0.00637863
0.00736703
0.00486017
0.0172302
0.00332977
0.0152234
0.0257087
1.08057e-05
0.0217669
0.00297122
0.0181823
0.00461626
0.00991997
0.0020762
0.00896765
0.0285835
0.00930506
0.0392209
0.0220749
0.01377
0.0114542
0.00546082
0.0121529
0.00469688
0.0185861
0.00490478
0.0237294
0.000915865
0.00567097
0.00405671
0.0191037
0.0127656
0.000917419
0.00161951
0.00900585
0.00719648
0.0161392
0.000752895
0.0201352
0.0201911
0.00904888
0.0172338
0.0243525
0.0101348
0.00131574
0.01249
0.0257028
0.00230983
0.0216744
0.0212393
0.016595
0.0337116
0.00782694
0.0258421
0.0162941
0.0189062
0.0162209
0.00151363
0.0079472
0.014385
0.0123484
0.00711018
0.0670047
0.0266432
0.0237589
0.00843475
0.0145605
0.412295
0.0203374
0.390839
0.00879577
0.556304
0.0101767
0.00676118
0.00904173
0.0187709
0.0113487
0.0333195
0.02549
0.00435418
0.494844
0.0040897
0.0045832
0.0345001
0.0112715
0.0102977
0.000511972
0.0171276
0.00901645
0.00220307
0.00117086
0.00362846
0.0399318
0.0175359
0.0500532
0.0286309
0.0134856
0.0196302
0.01946
0.00899808
0.0122897
0.0289117
0.0323207
0.0078002
0.00414573
0.00182208
0.00903144
0.0510073
0.542489
0.0267234
0.00496467
0.0403295
0.00390848
0.00281254
0.0207763
0.0226177
0.0388769
0.004528
0.0231031
0.00345935
0.00393731
0.0739654
0.0386449
0.0207415
0.538667
0.04313
0.00158553
0.0178514
0.0299262
0.0366338
0.0216203
0.0508615
0.48116
0.0112405
0.0217195
0.0147558
0.0189912
0.0238478
0.0601881
0.0167861
0.0247052
0.344238
0.00894105
0.0083165
0.00181701
0.011383
0.00473939
0.00116634
0.0192326
0.0851748
0.0159835
0.0110976
0.00113848
0.000840093
0.0244321
0.0846512
0.0205564
0.0521902
0.0209318
0.021061
0.0155434
0.0135821
0.0182595
0.00729385
0.0200925
0.00163593
0.0184939
0.00459711
0.0348811
0.0180281
0.0163923
0.00271894
0.0122935
0.0121265
0.0294956
0.0144826
0.00264214
0.00241928
0.00826536
0.04582
0.0243208
0.0111376
0.0105865
0.0232781
0.00408669
0.0403927
0.0162803
0.0450741
0.0107052
0.0159538
0.0105023
0.0376445
0.0287861
0.0138691
0.0118665
0.00396472
0.00979107
0.016823
0.00824293
0.019571
0.0185774
0.00781607
0.00963058
0.0113222
0.0233634
0.0324676
0.0111168
0.000519287
0.00682571
0.0141082
0.0332556
0.00339732
0.00254805
0.0294301
0.00141483
0.000609498
0.0189051
0.00157345
0.00493079
0.0103052
4.75973e-05
0.00569011
0.0031633
0.0276561
0.0206387
0.0203123
0.0275833
0.015907
0.00235885
0.00890223
0.0149893
0.00666511
0.00320145
0.00202486
0.0342908
0.017753
0.0138464
0.000109477
0.0167416
0.0143199
0.00842311
0.00768564
0.0356229
0.0121644
0.00155841
0.00296636
0.0250507
0.00258023
0.000109071
0.0142636
0.329995
0.00395495
0.00195732
0.00170888
0.0156408
0.0168361
0.000473047
0.00567775
0.00936125
0.0170686
0.01188
0.0113321
0.015063
0.0114081
0.0120915
0.00695665
0.00221154
0.0144309
0.00206131
0.0242914
0.0202058
0.00913239
0.00391532
0.0111807
0.0120554
0.00189037
0.0123455
0.00629461
0.00698337
0.000320502
0.00415634
0.0183702
0.00213287
0.0242619
0.017723
0.00884213
0.0248264
0.0171132
0.0326407
0.0145921
0.0107384
0.0176991
0.00499931
0.0302346
0.0106338
0.0272968
0.11511
0.00440307
0.00906151
0.00941657
0.0144607
0.00693581
0.000923005
0.00506842
0.0159896
0.00131853
0.0106985
0.0564776
0.017581
0.00411979
0.0171402
0.0220494
0.0274372
0.00447959
0.037684
0.00185452
0.00646461
0.025038
0.00714283
0.0147027
0.00542997
0.00901027
0.0189824
0.00984549
0.0469841
0.00629709
0.00617723
0.336956
0.000789328
0.000453553
0.0256039
0.031583
0.00744485
0.00633004
0.0325731
0.00678541
0.00987515
0.0027263
0.00715434
0.00243107
0.0162441
0.0148933
0.00499557
0.0270086
0.0219038
0.0208163
0.0145343
0.013768
0.0187583
0.0294575
0.0157161
0.000429688
0.0160919
0.00810233
0.50488
0.0213786
0.0257757
0.00273167
0.00908261
0.0265006
0.00772126
0.0127543
0.0055687
0.00207771
0.0178132
0.0102451
0.0192471
0.0130728
0.00368847
0.0282116
0.0117104
0.0105114
0.0386318
0.0207633
0.00255236
0.0134974
0.0125288
0.00766281
0.00705662
0.00765545
0.00178815
0.0100233
0.0192573
0.00612536
0.010043
0.00447894
0.0010319
0.00292672
0.024975
0.00669184
0.0121753
0.0046762
0.00329936
0.000484795
0.0314828
0.018904
0.0122027
0.00529842
0.00297427
0.00790728
0.000641839
0.00778348
0.00532738
0.00115705
0.00371775
0.00559251
3.98435e-05
0.00186163
0.00673465
0.0231871
0.000123804
0.000622796
0.00366384
0.001933
0.044398
0.0219867
0.0140586
0.0069196
0.0158277
0.00467009
0.00951842
0.0142475
0.0117205
0.00710601
0.0134832
0.0217375
0.0105998
0.00254102
0.0103052
0.000175148
0.0138498
0.00934444
0.0218387
0.00172374
0.0180396
0.00397079
0.00342129
0.0135379
0.0192413
0.00676529
0.00125512
0.0265467
0.00906552
0.000790771
0.0176679
0.00422036
0.036518
0.0299534
0.0187045
0.00187711
0.00476367
0.0505559
0.00291378
0.0277999
0.027406
0.0206029
0.0196606
0.0445296
0.0183353
0.0236707
0.0123287
0.0441163
0.0101435
0.00326219
0.00556632
0.017052
0.00533006
0.0296883
0.00138528
0.00779176
0.0162612
0.0111365
0.00585425
0.0305424
0.00505067
0.0344101
0.0177944
0.0115172
0.0181694
0.0231753
0.00399572
0.0108171
0.00817318
0.0467991
0.00997023
0.0096827
0.0332217
0.0215991
0.0128767
0.00210011
0.0282881
0.0124507
0.00429423
0.00327659
0.00668158
0.00134329
0.006957
0.0154087
0.010752
0.0127553
0.0341235
0.0257153
0.00675598
0.0159458
0.0102162
0.0242213
0.000250337
0.00678303
0.00903568
0.0254919
0.0115051
0.00459021
0.00406754
0.0177126
0.0128496
0.0176922
0.0159631
0.315706
0.0133347
0.0102941
0.0188615
0.0325525
0.00118501
0.00385178
0.0170822
0.0271755
0.0021999
0.00853165
0.0235967
0.0149407
0.018241
0.00559415
0.0194058
0.0164773
0.0163918
0.0152018
0.0233748
0.00155521
0.00449361
0.009924
0.00996898
0.0174639
0.0259724
0.0085283
0.00213201
0.00272897
0.00680747
0.0180622
0.00206611
0.0070393
0.0192624
0.00511617
0.0206694
0.0146955
0.00500496
0.0100018
0.00856303
0.0152774
0.0370971
0.0190931
0.00702915
0.00757323
0.00733145
0.0264489
0.00325556
0.01774
0.00307414
0.0212177
0.015168
0.01444
0.0279035
5.72405e-05
0.022452
0.0023576
0.0253907
0.0101018
0.00769328
0.00756319
0.00976932
0.00400285
0.000458785
0.0019835
0.00898003
0.0223266
0.0491797
0.018727
0.00444285
0.00671168
0.0074803
0.031272
0.00512416
0.00354531
0.00771208
0.020263
0.00527523
0.00699872
0.00420017
0.00383205
0.0108082
0.0026833
0.00363378
0.00552488
0.00212027
0.0394217
0.0129442
0.0163318
0.00606062
0.0133621
0.000921437
0.0168975
0.00833853
0.00735466
0.0638556
0.00909066
0.0032203
0.00782651
0.00131197
0.00323233
0.0126655
0.0183637
0.00796033
0.00285902
0.0117689
0.0125958
0.0163718
0.00492929
0.0156083
0.00895265
0.0450666
0.00205152
0.0128538
0.0184719
0.00231664
0.530706
0.0133798
0.00930589
0.02185
0.00316745
0.00951096
0.00923639
0.000512688
0.00671658
0.00779852
0.0406785
0.0222481
0.00802318
0.00363803
0.0293776
0.0164195
0.0184864
0.0068015
0.0216257
0.0144857
0.0411171
0.0105068
0.000193621
0.0029608
0.0074723
0.00381894
0.516017
0.0171805
0.00477868
0.0170334
0.00497587
0.00638987
0.00779429
0.00746069
0.00627962
0.0103753
0.482455
0.0195385
0.0125265
0.00599707
0.0159402
0.0227842
0.0018477
0.00185041
0.0222583
0.00897703
0.0202957
0.0220251
0.0121712
0.000390319
0.0459766
0.00836926
0.0176226
0.00504488
0.0145116
0.0132077
0.0100132
0.0164401
0.0512123
0.0156437
0.00366304
0.000258156
0.0371398
0.00437352
0.464687
0.00128678
0.00951767
0.00140531
0.00933777
0.000122192
0.00401122
0.00281938
0.0103508
0.0528453
0.00722185
0.00948926
0.00216379
0.0067034
0.0283963
0.011185
0.000890983
0.0458107
0.0127182
0.00987857
0.0087832
0.00413985
0.00701354
0.00731459
0.0245018
0.00919683
0.0108469
0.0368231
0.00864222
0.0155789
0.0043306
0.0183907
0.0205631
0.0138336
0.0164091
0.000912614
0.00228371
0.00552834
0.00641967
0.0143827
0.00709973
0.0139835
0.0267876
0.00163379
0.468749
0.0248709
0.000114926
0.00736846
0.00249496
0.00386511
0.00379315
0.00603935
0.0236835
0.00608772
0.0116571
0.0521337
0.0133486
0.00336264
0.020706
0.0179565
0.0313202
0.0109339
0.00738442
0.000574421
0.0082901
0.000689217
0.0260445
0.0476703
0.00196856
0.0395108
0.0268121
0.55178
0.00998517
0.00809632
0.0285003
0.000369199
0.0169077
0.00596629
0.0490128
0.00827154
0.0116851
0.00975286
0.00827904
0.0037623
0.000809502
0.0161649
0.0320824
0.00401162
0.00636258
0.00443269
0.00642906
0.0418255
0.0113546
0.00187186
0.0260209
0.0220096
0.00119588
0.0010882
0.0223887
0.00383505
0.0151217
0.00754774
0.00125767
0.00368013
0.0186106
0.018282
0.0245491
0.00129909
0.0149973
0.0306278
0.011495
0.00709561
0.00408256
0.00616893
0.0126236
0.0121069
0.00701774
0.0140431
1.00338e-05
0.025373
0.0325819
0.00212264
0.371627
0.565325
0.0235557
0.0140716
0.0389377
0.547208
0.00480405
0.00787591
0.00950434
0.0348775
0.000135296
0.00673353
0.00290904
0.00639207
0.00722785
0.00540685
0.00220654
0.00142192
0.00735076
0.0056669
0.0158909
0.0116177
0.0718439
0.000745244
0.00283274
0.0188912
0.0134474
0.00198549
0.00887649
0.00591339
0.0139365
0.00429902
0.00955021
0.00340654
0.0224589
0.016548
0.00208133
0.00716761
0.0263947
0.020875
0.00953501
0.000113583
0.0103958
0.0127866
0.0110791
0.00650317
0.00752824
0.00970882
0.0123349
0.0233158
0.0100852
0.00991637
0.0083926
0.00838913
0.00370609
0.443341
0.0112084
0.012112
0.0204557
0.0057359
0.0018396
0.0576916
0.0189198
0.0245644
0.00886557
0.00146629
0.0279452
0.0113558
0.00023583
0.0235238
0.00584446
0.00585589
0.00605487
0.000215647
0.0116132
0.00599742
0.0455522
0.00916632
0.0167632
0.0190019
0.0190385
0.049011
0.48548
0.0238593
0.0157509
0.00293944
0.010727
0.00361553
0.00513687
0.0134699
0.0210426
0.00330695
0.00954528
0.00917643
0.0260005
0.0135755
0.419576
0.00514704
0.00579766
0.0169254
0.0111087
0.0144393
0.0120458
0.00268147
0.018079
0.00457001
0.0193727
0.41888
0.00435384
0.0117253
0.00184939
0.0161316
0.00820806
0.000967662
0.00818964
0.0256737
0.0195049
0.00853417
0.0504424
0.00577742
0.0182846
0.0130311
0.0168261
0.00990187
0.00831062
0.0079271
0.0111207
0.0107775
0.0159698
0.0057173
0.0130365
0.0158439
0.000992877
0.00355189
0.0133484
0.00562648
0.0446327
0.0396095
0.00398405
0.00166403
0.495785
0.0167383
0.0185435
0.000961222
0.0129793
0.00360189
0.00351272
0.000952949
0.0191122
0.0193987
0.0413965
0.0235453
0.0423139
0.000844021
0.00984649
0.00848523
0.101814
0.0174468
0.015945
0.0492611
0.0205127
0.0223631
0.0101693
0.0273928
0.00107049
0.0135243
0.0116347
0.0274391
0.0106252
0.0151444
0.00747184
0.124901
0.00914534
0.0275299
0.00591354
0.0169807
0.250113
0.0163004
0.00858695
0.0123016
0.00939441
0.387294
0.0170956
0.0115823
0.0026758
0.0329953
0.47094
0.00168707
0.0189506
0.0266861
0.103021
0.00369598
0.0125
0.0155064
0.00495193
0.376153
0.0161468
0.00743831
0.0146679
0.424476
0.00292591
0.00401805
0.0354636
0.0204838
0.00648187
0.0117227
0.00152952
0.0103094
0.0601457
0.00630347
0.00492658
0.0121671
0.0143308
0.0163301
0.0213433
0.0165163
0.0665517
0.0157185
0.0371465
0.0177917
0.0275881
0.00547359
0.0137565
0.478495
0.0155715
0.00831867
0.000833979
0.271726
0.0287689
0.00155447
0.034737
0.549014
0.0118133
0.0275718
0.034078
0.0144788
0.0117679
0.0232046
0.0269637
0.0229185
0.0340612
0.0050258
0.0416515
0.0336931
0.00234122
0.0258224
0.00756348
0.025186
0.0158292
0.0407781
0.00270276
0.00139557
0.0117599
0.0350207
0.0191498
0.0164172
0.0257918
0.0167858
0.0511525
0.00621864
0.0160364
0.00266654
0.0353031
0.00478333
0.128694
0.0169592
0.0158324
0.0101406
0.0102995
0.0138424
0.0150248
0.00317933
0.0285515
0.0124318
0.00255223
0.0309657
0.00952665
0.0145852
0.0222514
0.0042967
0.459961
0.00910914
0.0111672
0.00682288
0.00448632
0.0256092
0.00259346
0.0486614
0.00153402
0.000204794
0.00890177
0.00327718
0.0636416
0.00519023
0.00225151
0.0244515
0.296803
0.00283987
0.000554468
0.00101297
0.0179693
0.00698459
0.00585587
0.014885
0.0277489
0.00905026
0.0153193
0.00134134
0.0168326
0.0156853
0.0250187
0.0242284
0.0230436
0.00844059
0.413233
0.154444
0.0425889
0.00435118
0.00825054
0.0304787
0.0111968
0.00663398
0.00527953
0.011704
0.000254904
0.033581
0.0202823
0.185728
0.00438947
0.217776
0.0494874
0.0127818
0.00172176
0.00727833
0.0444885
0.00574195
0.0136033
0.0287321
0.0793746
0.00341212
0.0190863
0.0155033
0.00293361
0.0324266
0.0221528
0.000248692
0.0450037
0.00576768
0.228786
0.0133103
0.162778
0.0252385
0.213605
0.00674427
0.0166826
0.00364225
0.0104834
0.00680486
0.103645
0.0324153
0.00259574
0.506453
0.0114734
0.0236474
0.00439189
0.000543284
0.0119385
0.00445484
0.0238648
0.0215813
0.0384051
0.0229905
0.0441789
0.00212376
0.0829155
0.00374167
0.00940634
0.0261784
0.0386785
0.00740753
0.0661307
0.0315706
3.20368e-05
0.00806763
0.00605936
0.0205226
0.00975394
0.003281
0.0402478
0.380098
0.000665973
0.0288866
0.0143396
0.0286331
0.0140729
0.0279744
0.00495115
0.00724994
0.00802009
0.531453
0.00240169
0.0108799
0.0265963
0.00651953
0.00962241
0.010293
0.00543739
0.521791
0.28651
0.0203551
0.00187992
0.00049214
0.0289545
0.0406783
0.000685364
0.00884573
0.0214133
0.00639524
0.268218
0.0430528
0.06697
0.0197988
0.0300856
0.00190128
0.001413
0.057858
0.0199475
0.00710895
0.037524
0.00970349
0.0137222
0.0105196
0.00973397
0.00255959
0.00699299
0.0104559
0.0106636
0.00248357
0.0117336
0.0186153
0.0124463
0.00721696
0.000412799
0.00553163
0.00265281
0.00571326
0.000433117
0.0194876
0.00394608
0.00458813
0.0501031
0.0135359
0.0231492
0.00751424
0.00940625
0.00119122
0.0175424
0.0133819
0.0146779
0.00375359
0.0183995
0.0387179
0.00136181
0.0469794
0.0192973
0.0036795
0.00473191
0.00494552
0.0063225
0.0137743
0.0145482
0.00173878
0.00910115
0.0093982
0.00311377
0.0267416
0.0198564
0.00693136
0.014592
0.00605861
0.0290851
0.0144326
0.00233977
3.93364e-06
0.0297342
0.0127797
0.00465737
0.00819206
0.000473348
0.0272613
0.0129802
0.0416593
0.564108
0.00355553
0.00795459
0.0185589
0.00312365
0.0226143
0.000195153
0.00224467
0.0295962
0.0301261
0.259063
0.00795065
0.00607643
0.088991
0.00182039
0.00635578
0.116889
0.0172032
0.0682867
0.387016
0.0202496
0.164838
0.0414907
0.00497164
0.0182748
0.0242159
0.0111551
0.00495305
0.00744511
0.00033689
0.000352284
0.0102372
0.03065
0.0371856
0.00080901
0.0189817
0.497876
0.00469193
0.0249061
0.0183036
0.0123874
0.0130335
0.000835631
0.0163515
0.0020378
0.0142225
0.071711
0.0165599
0.00124641
0.0967965
0.00617742
0.00331922
0.00430283
0.105785
0.334265
0.0238072
0.000328925
0.0629616
0.0169114
0.023925
0.00709992
0.0124852
0.00113163
0.00450438
0.00524332
0.0552195
0.0301393
0.00529642
0.0207611
0.000671773
0.0352779
0.00574631
0.00421855
0.00636862
0.00623564
0.0387812
0.029171
0.00432199
0.0179802
0.0158762
0.00714179
0.0170396
0.0168124
0.0224771
0.0460956
0.0141333
0.505814
0.00353299
0.00772941
0.63204
0.00221768
0.0248193
0.00270733
0.0203846
0.0169508
0.0114472
0.0107456
0.0351763
0.0174257
0.0301184
0.0121492
0.011036
0.0349161
0.0191428
0.00911698
0.00735829
0.0649634
0.0252345
0.0176397
0.0242133
0.361608
0.0177622
0.00330809
0.0313254
0.00516738
0.0351972
0.00439276
0.0220129
8.01864e-06
0.474546
0.00635482
0.0305667
0.0163561
0.00908652
0.0388512
0.0087307
0.0307175
0.00955303
0.0271923
0.019669
0.0168208
0.0262689
0.0980038
0.00604507
0.0205529
0.00273053
0.0075761
0.00195636
0.017752
0.0133327
0.00677112
0.00428692
0.000202075
0.0155826
0.00484295
0.0126874
0.0121216
0.0215379
0.0118322
0.0702219
0.359889
0.0362325
0.000741402
0.0210684
0.00411605
0.00557371
0.00305918
0.000293639
0.0166601
0.00328027
0.0383806
0.0153114
0.00238064
0.0280488
0.00447494
0.00864242
0.018989
0.00272988
0.000204561
0.0236339
0.0154988
0.00567291
0.00285928
0.0106349
0.0122946
0.0170971
0.00311686
0.0117239
0.0116554
0.00451361
0.0115312
0.000815745
0.48393
0.00361519
0.00413692
0.494506
0.00119776
0.00457739
0.00409104
0.00158538
0.0172367
0.000161836
0.0017626
0.0192695
0.0152138
0.359826
0.0175005
0.0163245
0.0526344
0.00793
0.0115992
0.0175786
0.00299975
0.00326255
0.0259096
0.0123426
0.00597087
0.00816195
0.0204327
0.00611394
0.00372578
0.00456296
0.00926747
0.00705739
0.0404499
0.0157138
0.0128771
0.00423423
0.00434769
0.00963125
0.0109638
0.0218948
0.00357229
0.0010119
0.0197855
0.00933777
0.00810246
0.0035005
0.0142433
0.0108708
0.000867454
0.00107469
0.000719469
0.266059
0.011776
0.00847944
0.0191335
0.00909261
0.0179887
0.00732728
0.0162663
0.00141398
0.0121114
0.00846895
0.00416266
0.0125722
0.014695
0.0251803
0.00394355
0.0234177
0.00709746
0.0201758
0.0106053
0.00737083
0.0723881
0.00677913
0.00341139
0.0155681
0.00815727
0.0297643
0.00344857
0.00113472
0.0388348
0.531741
0.0254325
0.00918449
0.00676388
0.00497415
0.39834
0.0130128
0.0266421
0.000766006
0.00488702
0.00628102
0.00504534
0.00238262
0.0187544
0.0154496
0.501665
0.0327396
0.00735944
0.00613311
0.00674484
0.0114045
0.00228975
0.0167145
0.0163012
0.00996876
0.015574
0.0108094
0.026242
0.0224677
0.00283686
0.000855099
0.00373802
0.0146297
0.077865
0.00657038
0.0139105
0.0110677
0.00588575
0.000158833
0.0164655
0.011051
0.379748
0.0028798
0.0017835
0.00476244
0.0230769
0.000748136
0.0120422
0.00125645
0.00198597
0.00455074
0.000317633
0.00513666
0.0123325
0.00168465
0.0174669
0.0102595
0.00210621
0.013049
0.0155686
0.555539
0.54248
0.0132526
0.023327
0.022143
0.00419122
0.0226737
0.00573892
0.0122661
0.00523514
0.000454555
0.0054144
0.0137363
0.0265916
0.0265435
0.00473922
0.249421
0.0177826
0.00581663
0.00834332
0.00723524
0.0129619
0.0147641
0.00305215
0.00531554
0.0148936
0.381792
0.00247597
0.0252419
0.0324638
0.0084119
0.014728
0.427207
0.00999086
0.0057589
0.0258772
0.0100084
0.00288648
0.0129764
0.0115848
0.0128706
0.00316437
0.000380011
0.0034441
0.0178029
0.389595
0.000377803
0.0693568
0.00158954
0.0131686
0.00463753
0.0411712
0.0087371
0.0432205
0.485448
0.0051524
0.0193605
0.0028498
0.0100585
0.00788356
0.00033799
0.0243863
0.00104944
0.00874779
0.00873787
0.036696
0.00730613
0.0219339
0.00758558
0.0344281
0.0236636
0.0203354
0.0171115
0.0165007
0.0350146
0.0336364
0.0405312
0.000581612
0.00587617
0.0185439
0.0113248
0.0561361
0.00279874
0.0141259
0.0187439
0.0297011
0.0167055
0.0195959
0.0129897
0.0136015
0.0127888
0.00236339
0.00643298
0.0120929
0.00949655
0.0116157
0.0259653
0.00375177
0.00193693
0.00489884
0.00223204
0.00104367
0.00596898
0.0347926
0.0146166
0.00969212
0.00980264
0.00347891
0.0281919
0.00115558
0.000305236
0.0140312
0.0162513
0.0306191
0.0156282
0.00157206
0.00605057
0.00706892
0.0174581
0.00651649
0.00260454
0.053444
0.134402
0.00210062
0.0245501
0.0159064
0.28739
0.00789505
0.0073166
0.00683146
0.00218496
0.00749924
0.00901603
0.518756
0.00411455
0.0124061
0.00120082
0.0506504
0.000290951
0.0136622
0.0036528
0.0137984
0.00955304
0.00529739
0.0251226
0.0363104
0.00858224
0.0187014
0.0261822
0.0076105
0.0118593
0.00698821
0.00159599
0.00673418
0.0225058
0.00989412
0.0253751
0.0637694
0.0222801
0.0109227
0.0196751
0.00777807
0.0264577
0.00539296
0.0275793
0.0175291
0.29338
0.0614881
0.507141
0.00889902
0.039437
0.0155427
0.0164742
0.00711671
0.028747
0.0642431
0.00519194
0.221507
0.00677032
0.042413
0.0134269
0.0038133
0.0118231
0.0219274
0.0176112
0.0307302
0.00814451
0.0204542
0.405481
0.00171118
0.0122597
0.000576051
0.00540362
0.0235942
0.00700528
0.0212343
0.0169174
0.0154765
0.00119932
0.0112907
0.0253384
0.0254219
0.0033018
0.0026755
0.0298669
0.546357
0.000226128
0.0127761
0.0210688
0.0668163
0.00624242
0.00378869
0.385468
0.0422091
0.00180532
0.00399304
0.0142971
0.00614915
0.00840849
0.00806342
0.0422861
0.0199568
0.0401821
0.0162861
0.0497071
0.000190959
0.00645713
0.00424831
0.0109732
0.00871859
0.0172542
0.00978081
0.0191744
0.00548189
0.0394811
0.023225
0.0175938
0.123709
0.0291672
0.228083
0.0036237
0.0179733
0.0157985
0.00470056
0.0360098
0.0297868
0.0255769
0.00667829
0.00276866
0.0123732
0.471821
0.036938
0.0207256
0.000983187
0.0167536
0.00624229
0.0119092
0.0346876
0.0172767
0.00316515
0.01101
0.000601418
0.559939
0.0232815
0.0136668
0.00163398
0.000582442
0.000956977
0.278063
0.00242543
0.0779483
0.00282452
0.0148044
0.0969083
0.00685134
0.013108
0.00126052
0.00194942
6.89001e-05
0.399711
0.00301499
0.00264893
0.012183
0.0105904
0.0126699
0.0141039
0.0124992
0.0249249
0.0265421
0.511383
0.020391
0.00950731
0.133715
0.0094557
0.00529208
0.000467524
0.00659979
0.0601779
0.00610316
0.00771601
0.0103552
0.0147722
0.0217082
0.00294571
0.21996
0.54282
0.0037041
0.00305756
0.013407
0.00364786
0.00418869
0.138791
0.0142194
0.0330494
0.0222068
0.00275868
0.0257795
0.0130517
0.0100343
0.00622908
0.0296688
0.019913
0.021093
0.00994022
0.000941125
0.373933
0.00654415
0.00975424
0.0305018
0.214891
0.010516
0.0861264
0.00465049
0.0104477
0.000909921
0.544783
0.0147484
0.00745147
0.0155335
0.0270706
0.0535072
0.0247031
0.0424173
0.0262026
0.0125591
0.0128847
0.00903777
0.00710309
0.00436608
0.00715693
0.00283545
0.0155926
8.69078e-05
0.00172801
0.021327
0.00471133
0.000730953
0.00117262
0.0205537
0.0157796
0.230413
0.00434248
0.00980847
0.00652238
0.0170623
0.0350983
0.00496481
0.0230084
0.00800642
0.00312348
0.00670866
0.0302326
0.0197377
0.0178152
0.0114055
0.0200768
0.0137634
0.0429676
0.0181241
0.00587102
0.0123619
0.00658999
0.0190218
0.0644901
0.0211734
0.00851736
0.028625
0.0286215
0.0133867
0.00268777
0.00636869
0.0140259
0.00531382
0.0133221
0.00218723
0.0242141
0.00332015
0.019566
0.00904188
0.00889666
0.00666238
0.0171782
0.00532259
0.0151702
0.0168692
0.017948
0.0137211
0.0134034
0.0113377
0.0125157
0.0132985
0.00189404
0.0124699
0.0160257
0.00445724
0.00543265
0.0012689
0.00353479
0.000653993
0.00724811
0.0432179
0.00355653
0.0199496
0.0183798
0.00236254
0.0110005
0.00318898
0.00395633
0.000690084
0.0481837
0.00373412
0.00734508
0.0547033
0.00286518
0.00637936
0.00198632
0.00418483
0.0148064
0.00972833
0.0120922
0.0103083
0.00385354
0.00167033
0.011958
0.0259193
0.00103653
0.0109318
0.00791467
0.00581393
0.0108708
0.522653
0.00300375
0.00482176
0.0216431
0.0283897
0.00235718
0.0151969
0.045037
0.0134266
0.129608
0.0184963
0.0055269
0.012638
0.0252816
0.00235726
0.00512637
0.0120259
0.00639017
0.0050881
0.00487677
0.0383713
0.0124003
0.0361494
0.0148374
0.0168535
0.00849626
0.013152
0.023972
0.079375
0.00793979
0.00507759
0.0177556
0.000395365
0.0088461
0.0124378
0.0262171
0.0053685
0.00473115
0.025473
0.0103489
0.0114599
0.00646256
0.0105691
0.0679878
0.0265563
0.00771582
0.00113765
0.0252334
0.0349021
0.0181985
0.00492252
0.00995258
0.00839844
0.0120344
0.0448843
0.0143282
0.00618112
0.0028544
0.0114209
0.0113341
0.0219027
0.0652216
0.0301342
0.0227333
0.0174781
0.000352685
0.0192959
0.0244302
0.00374043
0.0115602
0.0155702
0.00372639
0.0443434
0.00295541
0.0130571
0.00648622
0.019341
0.0401403
0.0138513
0.0355075
0.0125852
0.166738
0.00316601
0.00934039
0.0543695
0.00192186
0.0311294
0.00119858
0.00708135
0.011913
0.0121781
0.0578902
0.0128459
0.0123428
0.00867169
0.00323955
0.455139
0.00270108
0.51137
0.0270275
0.00533335
0.0161094
0.00737618
0.00141169
0.0571552
0.0156767
0.00702135
0.0295383
0.0272099
0.449927
0.0416527
0.0289055
0.012053
0.0351177
0.0143394
0.0332375
0.00623572
0.0147351
0.0198259
0.00962763
0.0258719
0.0164733
0.0193508
0.0161572
0.0106586
0.0293195
0.0275995
0.00149053
0.0107339
0.0679189
0.0227827
0.312708
0.0350347
0.0390302
0.0481855
0.00443659
0.0310258
0.0438243
0.0141353
0.0219484
0.0159975
0.0327248
0.0456728
0.0174344
0.0555808
0.0194253
0.000834149
0.00409571
0.0243085
0.00341062
0.00340658
0.0214488
0.017023
0.0111393
9.51033e-06
0.0264308
0.00194674
0.0147131
0.0101677
0.00252333
0.0214337
0.0145138
0.0159704
0.0130235
0.0158693
0.00694874
0.0099925
0.0478309
0.0107058
0.0143582
0.00961517
0.000236634
0.0359417
0.00685453
0.413659
0.0278067
0.00725049
0.00625015
0.0163249
0.0178646
0.000321826
0.0332308
0.00783427
0.00234822
0.0136736
0.0217354
0.0123789
0.00929558
1.66005e-05
0.00169255
0.0229725
0.0158239
0.00865481
9.05369e-05
0.0379274
0.00379016
0.0192934
0.0324705
0.00457355
0.0493192
0.0126931
0.00543275
0.0314882
0.00485584
0.00634509
0.00370741
0.00335217
0.0010123
0.00819494
0.0318796
0.00901789
0.0115763
0.0226117
0.00622648
0.0194173
0.00506105
0.0193019
0.0163562
0.00662493
0.00484455
0.00189295
0.0263328
0.000158716
0.00321495
0.00890051
0.0197798
0.0104183
0.0192179
0.0575339
3.11285
0.0155605
0.0131515
0.0101837
0.0081341
0.0126106
0.0132933
0.00103333
0.00621594
0.0329558
0.00533862
0.00673513
0.0138031
0.0208179
0.00761536
0.0177268
0.0153072
0.00372865
0.0112873
0.0079494
0.0122251
0.0222023
0.0327049
0.00113806
0.00446007
0.016371
0.0221753
0.0221088
0.0362074
0.00905891
0.0254722
0.0088575
0.0144151
0.00419804
0.00482504
0.0587235
0.42491
0.0227246
0.00725131
0.0103816
0.0017094
0.0328698
0.000296737
0.00756287
0.00716811
0.0135614
0.00537526
0.0412438
0.00987032
0.00415336
0.00447148
0.00272411
0.0188089
0.0260078
0.0050536
0.0227561
0.0262321
0.0389011
0.00788147
0.0111818
0.0173412
0.00202149
0.0250965
0.00539289
0.0154795
0.00307431
0.0139182
0.00119137
0.0280711
0.0482913
0.017879
0.00588059
0.00140955
0.0010552
0.0131999
0.0205747
0.00145882
0.0107514
0.0214257
0.00334844
0.00908869
0.0151159
0.0249372
0.00164833
0.0154319
0.00815348
0.00821079
0.0109636
0.00862523
0.0191732
0.00181142
0.00890504
0.0162331
0.00502218
0.00230389
0.0103663
0.0100185
0.00633437
0.00190439
0.0180359
0.0178228
0.00743984
0.0114311
0.0133828
0.00844894
0.0281622
0.018515
0.005002
0.00770514
0.40127
0.0115627
0.0142629
0.062493
0.0319662
0.0302345
0.0158067
0.00450751
0.0179445
0.00457045
0.00137226
0.000781178
0.0130223
0.0125235
0.00967363
0.0910778
0.000529911
0.00249107
0.00353671
0.0731557
0.00496058
0.00622188
0.0126775
0.00108229
0.101736
0.0118157
0.0111766
0.0181594
0.0121757
0.00887963
0.000901134
0.0111051
0.0151281
0.0333902
0.00343708
0.0158814
0.010459
0.00514543
0.0128211
0.025654
0.00391672
0.0169566
0.0105102
0.00804533
0.00619623
0.00408281
0.0210839
0.00516235
0.0156846
0.00426839
0.00442038
0.0152299
0.0141084
0.00601762
0.0119859
0.0093296
0.0182943
0.0050635
0.0348111
0.00200293
0.0156029
0.00877034
0.0302176
0.0114574
0.0231712
0.00588369
0.0229503
0.0024438
0.00760592
0.00531236
0.017751
0.00729473
0.00336013
0.0196639
0.0228889
0.00108131
0.0177562
0.00286728
0.0313231
0.00877378
0.0216242
0.0403489
0.00429081
0.0658506
0.00669488
0.0231782
0.0304373
0.0108578
0.00157648
0.014232
0.0165841
0.0170097
0.00080726
0.0296867
0.00922332
0.0246279
0.0199012
0.00508637
0.0311952
0.00845994
0.0175205
0.00443365
0.00117869
0.038405
0.0377056
0.00113645
0.0163353
0.0090832
0.00161932
0.0140266
0.000757134
0.00648518
0.0202065
0.00945963
0.00650979
0.012031
0.112017
0.00576478
0.00239812
0.00210307
0.0024648
0.0048883
0.0121924
0.000705351
0.000240984
0.00476624
0.0179973
0.00250254
0.018927
0.00644882
0.00730323
0.012561
0.00775823
0.240283
0.0407368
0.00874225
0.00359188
0.00469257
0.00957056
0.0105301
0.00415035
0.0164876
0.0129441
0.00193432
0.00323821
0.00678147
0.0161171
0.00717095
0.00887234
0.0163558
0.00240478
0.0135051
0.0121978
0.0132274
0.00256261
0.0790958
0.00192412
0.0172315
0.0650072
0.0101455
0.0263193
0.035157
0.0129573
0.00976887
0.0118424
0.11823
0.00940946
0.0783064
0.00219826
0.00336824
0.00787516
0.0173182
0.0173118
0.00143569
0.00732878
0.046768
0.0162639
0.0419418
0.00433257
0.0148595
0.00262192
0.02043
0.354184
0.0122651
0.0187217
0.00291687
0.0395626
0.0328844
0.00621465
0.00497707
0.0126705
0.0185368
0.00848177
0.0163816
0.05556
0.00496666
0.0226763
0.0190187
0.00999418
0.0118391
0.0408215
0.0163692
0.00761969
0.00745962
0.0256215
0.01047
0.00445105
0.0234155
0.0024578
0.0105245
0.00518879
0.00281474
0.0474064
0.00209453
0.00301662
0.0081973
0.00178448
0.0331602
0.00998368
0.00358012
0.305316
0.193372
0.0369588
0.0270808
0.281059
0.00262702
0.0113337
0.00193026
0.0104008
0.0489056
0.00286456
0.00992158
0.00673856
0.0262115
0.0222492
0.000202116
0.00299099
0.0174043
0.0342963
0.0247435
0.00495135
0.00766063
0.0221694
0.00519566
0.042459
0.00712261
0.0242228
0.0527805
0.0359429
0.00337044
0.0141605
0.0165948
0.00704913
0.00756978
0.00292421
0.00840192
0.00295607
0.0085179
0.0438726
0.00956898
0.00801474
0.0205291
0.0119651
0.00413058
0.00198904
0.0519434
0.0127267
0.331706
0.00968932
0.0275952
0.0126144
0.0239064
0.0185397
0.0126165
0.00907322
0.00725787
0.0220056
0.0191065
0.0129532
0.0218297
0.013666
0.0265362
0.0234899
0.0184157
0.0205102
0.0449023
0.0155837
0.00478302
0.0334847
0.00765058
0.0369291
0.0337937
0.02758
0.00764494
0.00970898
0.000946152
0.0230968
0.00618974
0.014889
0.023128
0.0317698
0.0381614
0.0187742
0.0163895
0.0312987
0.0394516
0.00287407
0.00945873
0.0125923
0.0306533
0.0132215
0.00484583
0.00273548
0.0177123
0.0565711
0.181433
0.00265039
0.0734513
0.00184929
0.0413975
0.00204687
0.000472841
0.00879174
0.192581
0.00606548
0.00203506
0.0653558
0.0115526
0.00742925
0.0225759
0.00623004
0.0592839
0.00624357
0.00263348
0.145197
0.0259593
0.0112865
0.00240371
0.0208499
0.0135048
0.0121522
0.0122949
0.106522
0.0138997
0.00238141
0.0118191
0.0108877
0.0287408
0.00381934
0.0815281
0.0278595
0.00585376
0.0406037
0.0221597
0.000518172
0.0164826
0.000149346
0.396665
0.00949508
0.00211691
0.0121425
0.00782237
0.00409941
0.00294454
0.0473593
0.00285003
0.0120558
0.0385382
0.025711
0.00488292
0.0275325
0.00897458
0.391391
0.0107067
0.000629523
0.000615486
0.000196646
0.00432254
0.0112007
0.0221911
0.013295
0.00688235
0.00653639
0.0081167
0.00878751
0.000470168
0.004541
0.00052549
0.00563594
0.0106798
0.0134187
0.0179957
0.0118554
0.0363175
0.00457356
0.00813565
0.18591
0.0292261
0.00187055
0.00115204
0.00777038
0.014032
0.0173905
0.00985803
0.0144821
0.0174758
0.00975056
0.00143278
0.000945217
0.00496554
0.00747963
0.0298316
0.00691913
0.010757
0.0331723
0.00143201
0.0023382
0.00471183
0.0149609
0.312066
0.024225
0.0162164
0.00504502
0.00150086
0.00272371
0.0101948
0.0076707
0.00469156
0.0384271
0.0198378
0.00499539
0.0131934
0.0156232
0.00818851
0.00120774
0.0144288
0.0270729
0.011095
0.0124505
0.00517197
0.0200163
0.0086117
0.0119823
0.0291812
0.00627871
0.00578482
0.0145425
0.000638966
0.000341677
0.00409927
0.0145188
0.00287936
0.0107882
0.0181043
0.0157543
0.00359572
0.0238256
0.0147199
0.0170752
0.00137546
0.0155138
0.0229604
0.0650545
0.00671346
0.0154065
0.00331328
0.00637545
0.0221439
0.00158113
0.00117026
0.0035621
0.0153963
0.00887031
0.0080212
0.00686959
0.00227448
0.0037921
0.00829931
0.00346725
0.0261685
0.0139011
0.00024771
0.0245125
0.0341886
0.000943342
0.0168343
0.0504648
0.00281413
0.0257285
0.00904199
0.0101031
0.00249749
0.00184226
0.00337497
0.0188674
0.015981
0.00317007
0.000548246
0.566312
0.0201696
0.00111096
0.0297917
0.0223826
0.0356772
0.067988
0.00902849
0.0240713
0.00497888
0.0046044
0.0049891
0.0191626
0.0194071
0.0135415
0.00251003
0.0199236
0.00207428
0.00189803
0.080645
0.0346818
0.00636842
0.0154311
0.00901023
0.00439395
0.00434744
0.0130306
0.0122231
0.0166567
0.00388344
0.013023
0.0066779
0.00727964
0.0272084
0.436676
0.00339465
0.0275586
0.00750974
0.00356248
0.0111238
0.00327239
0.0298679
0.000978315
0.0239086
0.0113692
0.0344566
0.00348288
0.0158205
0.00755748
0.0341439
0.000304043
0.0319705
0.0121176
0.0212267
0.00683353
0.00266221
0.00582928
0.0218476
0.0164598
0.0061487
0.00743835
0.0104378
0.0120762
0.0137936
0.00851869
0.0187523
0.00298443
0.00363295
0.00363566
0.0117441
0.0235549
0.00648301
0.0208451
0.0231187
0.00269803
0.0209767
0.018361
0.000444608
0.0043385
0.0194
0.0139998
0.0176774
0.0490718
0.00537479
0.00792382
0.0134785
0.000656505
0.00232356
0.0127855
0.0121146
0.0380193
0.00463424
0.0129219
0.000888573
0.0220854
0.0182331
0.0417868
0.0231439
0.0067847
0.0119442
0.0201396
0.0121642
0.0170481
0.0327605
0.0278813
0.0329531
0.0116516
0.0111095
0.000241572
0.00790235
0.00115254
0.0152303
0.010973
0.0036568
0.00117632
0.00674155
0.00367346
0.0213094
0.0170137
0.029868
0.0216094
0.00187144
0.0035982
0.0168646
0.0203757
0.0112268
0.0164469
0.00573978
0.00546084
0.00101985
0.00792489
0.0145207
0.0163511
0.00305128
0.00210303
0.00185571
0.010167
0.0197002
0.0214855
0.0234841
0.00168626
0.0212515
0.0280208
2.30614e-05
0.0277436
0.0140232
0.0124231
0.0657026
0.0287841
0.0210312
0.0458791
0.00711944
0.0362793
0.037808
0.00694283
0.00289258
0.00128172
0.034595
0.0210814
0.0103597
0.0340967
0.00519346
0.0342051
0.0139823
0.355814
0.0563013
0.0010035
0.0324199
0.0374746
0.0558849
0.020778
0.16443
3.01613e-05
0.00286772
0.0238091
0.019012
0.016418
0.0356953
0.00846895
0.00613541
0.0193467
0.0400474
0.0221345
0.0220384
0.0149995
0.0487562
0.00462165
0.0174518
0.013737
0.0223745
0.0207645
0.00425146
0.014358
0.0234521
0.0105693
0.00208604
0.0104661
0.00174076
0.0345679
0.010117
0.0164511
0.00430065
0.0567445
0.0393837
0.00545195
0.0116167
0.0352076
0.00869391
0.0154391
0.0123956
0.0115607
0.0235694
0.0335307
0.0116208
0.0198785
0.00446826
0.0208313
0.0309826
0.00720635
0.0155981
0.00193859
0.00954098
0.0364337
0.0602683
0.00759978
0.0152959
0.0192442
0.0207988
0.0302703
0.0205439
0.00775592
0.0388392
0.00423063
0.019366
0.00769447
0.00653702
0.00937642
0.0181624
0.00792553
0.00684685
0.00769015
0.0229963
0.00924914
0.00669199
0.0450642
0.0178078
0.0583855
0.0285579
0.00681976
0.0240414
0.0135866
0.0125994
0.0196729
0.0278472
0.00409903
0.00538661
0.00715171
0.0216652
0.0210788
0.391163
0.0111949
0.0539093
0.000777046
0.0270662
0.0400371
0.028223
0.0411942
0.0356301
0.0159494
0.0267851
0.00500712
0.0343556
0.0519476
0.0393122
0.00726076
0.0374651
0.00293403
0.0825006
0.0992457
0.0357337
0.0187088
0.000605527
0.0481029
0.00220568
0.0194031
0.0196358
0.00599303
0.000614119
0.0136328
0.465481
0.0386452
0.0123193
0.0170985
0.00834706
0.0180569
0.0196535
0.00109084
0.0049796
0.0267285
0.015384
0.0079316
0.0012367
0.00542949
0.0224318
0.00149979
0.00901711
0.00816931
0.00274549
0.0115735
0.0229603
0.00546619
0.0117465
0.0129802
0.0296545
0.00200724
0.00388603
0.026112
0.0138516
0.0104928
0.00277447
0.00179486
0.0110587
0.0253066
0.00712991
1.12777e-05
0.0032021
0.0144982
0.00776211
0.00447927
0.0108009
0.00823501
0.000566439
0.00289799
0.0119719
0.00504178
0.0134837
0.0285458
0.00498831
0.00168717
0.00316154
0.0196706
0.00145459
0.0173698
0.0119045
0.0141108
0.0108858
0.0034312
0.00891056
0.0065234
0.00133922
0.0128599
0.00657043
0.00493528
0.00914809
0.0196666
0.0342399
0.00293269
0.0909984
0.0416649
0.00437039
0.00289555
0.010681
0.0130803
0.019412
0.0129009
0.0625825
0.0251647
0.0073482
0.0187051
0.0287281
0.0285405
0.0334356
0.00710783
0.0171381
0.0152947
0.00341473
0.00255198
0.00332179
0.00909005
0.00180341
0.00403935
0.0374586
0.00266508
0.020449
0.0068718
0.0358575
0.00553447
0.0260957
0.00393973
0.0427319
0.0170379
0.00611236
0.0350602
0.000572251
0.0282098
0.0375816
0.0367427
0.0182722
0.00956226
0.00828628
0.00955612
0.0189146
0.0222693
0.00356184
0.00863171
0.00505087
0.46007
0.0232593
0.0275177
0.00708804
0.00679041
0.0199922
0.0338861
0.00366004
0.00220364
0.0341115
0.0406604
0.0296762
0.0167677
0.012283
0.00686095
0.00393308
0.00501374
0.0086973
0.0299645
0.0121138
0.32694
0.0132656
0.00791007
0.00917286
0.0525166
0.000310801
0.00287658
0.02645
0.00907807
0.00490805
0.020061
0.0223455
0.00632701
0.0080074
0.00728431
0.00259105
0.000776151
0.00111464
0.00801968
0.00266916
0.00627862
0.000598998
0.00770605
0.0174756
0.00625788
0.015173
0.00317925
0.00309302
0.0113651
0.00848865
0.0486015
0.0295652
0.0124241
0.0141661
0.067276
0.0131797
0.0172974
0.000324334
0.0028698
0.003287
0.00510203
0.0181925
0.0450523
0.00632917
0.00791984
0.00497578
0.00198005
0.217249
0.00965344
0.00584244
0.0167915
0.0149776
0.000644781
0.0259656
0.0111328
0.493774
0.0143551
0.0115877
0.015269
0.00511916
0.00654368
0.0203493
0.00566465
0.00572057
0.0119352
0.0077179
0.505881
0.0237547
0.0162207
0.0180169
0.00641904
0.0172036
0.00934897
0.00369385
0.00924531
0.0230043
0.0196046
0.0105944
0.0100414
0.017696
0.00393728
0.00368536
0.0232024
0.0218911
0.000251063
0.00288452
0.01481
0.0166371
0.000749208
0.0135968
0.0109367
0.00407076
0.00154315
0.00454499
0.00624116
0.00823152
0.0196352
0.0161734
0.00914601
0.000871948
0.00558415
0.0246095
0.00829144
0.0285989
0.0118183
0.00319659
0.0222526
0.000580351
0.012963
0.0131091
0.00657214
0.00893106
0.00937278
0.0301185
0.000437585
0.00560492
0.00746483
0.0209771
0.0529689
0.00484087
0.000888171
0.00592779
0.00960639
0.0057816
0.0424798
0.00823349
0.000233341
0.002162
0.00284273
0.00530731
9.82387e-05
0.0115706
0.00071473
0.515173
8.65438e-05
0.0121436
0.00110598
0.00755565
0.00176172
0.022351
0.0281463
0.0155771
0.00103345
0.00990132
0.00657396
0.0163334
0.0232706
0.00890601
0.0181841
0.000524255
0.00971471
0.0121319
0.00564042
0.0104352
0.000233777
0.00122512
0.0111306
0.0536053
0.0168783
0.00412969
0.0178108
0.177487
0.0186867
0.00931103
0.000682757
0.0132143
0.014178
0.0114745
0.00434214
0.0435125
0.00592501
0.00504238
0.00684529
0.0468953
0.00167386
0.0130314
0.0114997
0.00261392
0.00151924
0.0313514
0.0146385
0.0343582
9.84528e-05
0.00294561
0.0231891
0.51684
0.0114949
0.00729943
0.00141765
0.00837918
0.00504235
0.0088849
0.00126111
0.00912493
0.0144001
0.00354419
0.0136669
0.0131516
0.0232447
0.0135497
0.0208246
0.00802225
0.00649447
0.0354339
0.0072605
0.00764338
0.00408686
0.0134831
0.0201159
0.00468025
0.016358
0.0283605
0.440874
0.0235488
0.0119514
0.00350618
0.0134472
0.00879148
0.00893158
0.00424064
0.0164483
0.0131786
0.0125872
0.000330318
0.0314456
0.0113111
0.00962735
0.000143881
0.00110775
0.0189452
0.00532048
0.0625674
0.0031345
0.0065905
0.015747
0.00743762
0.0313805
0.0213658
0.0230178
0.0144445
0.0115801
0.0259019
0.0174222
0.00499448
0.0338798
0.0116112
0.0106574
0.0388654
0.00677681
0.00683732
0.00113973
0.00214808
0.0154219
0.0156517
0.0272957
0.0153298
0.0416881
0.0413656
0.0151287
0.012388
0.00234823
0.0147019
0.0325979
0.0151814
0.0124925
0.0130965
0.0036495
0.0107332
0.00371299
0.0122951
0.0271405
0.00672694
0.00865488
0.00809282
0.00249136
0.00628876
0.0535481
0.0186462
0.0114352
0.00786223
0.00295079
0.00878963
0.00802054
0.0592573
0.0140271
0.0144042
0.0110437
0.0138406
0.018319
0.0221588
0.00436331
0.00440738
0.0276046
0.0149491
0.0055817
0.0125949
0.00295299
0.0096728
0.0181273
0.0135689
0.0180203
0.0188117
0.00248415
0.0114097
0.00139609
0.0191013
0.00508344
0.0334261
0.0128054
0.0120828
0.00543815
0.0376429
0.00980962
0.0186558
0.0157947
0.00555631
0.0137759
0.019984
0.0219312
0.0133366
0.000128743
0.0126243
0.0332403
0.0139184
0.0587363
0.00943501
0.00540875
0.00864639
0.0181144
0.021568
0.00920985
0.0313652
0.00116039
0.0519298
0.0105309
0.00340979
6.51904e-05
0.0101513
0.00262033
0.0186708
0.0148193
0.0198338
0.0220786
0.00923378
0.010128
0.0279838
0.00772847
0.0026361
0.00587311
0.000319997
0.005215
0.000203092
0.01054
0.0229194
0.0243409
0.0244384
0.00564263
0.0160946
0.00488347
0.000700454
0.00835647
0.0718654
0.00669043
0.0186904
0.0082455
0.00397268
0.00649235
0.00763001
0.00264665
0.0228511
0.0209086
0.529192
0.00547257
0.000242912
0.0146742
0.00463628
0.00135057
0.0315796
0.0133157
0.0465671
0.0310032
0.0179934
0.0504614
0.0638193
0.0217689
0.00512534
0.0139618
0.00737041
0.00444983
0.0144997
0.0043571
0.0193009
0.0146766
0.00548605
0.010391
0.00361254
0.0366894
0.000710836
0.0396847
0.0150788
0.0125619
0.00261491
0.0368963
0.0267264
0.0101284
0.0163365
0.0111565
0.00629356
0.0563661
0.022104
0.0307089
0.0027214
0.0077836
0.0307637
0.00469519
0.0106136
0.0119542
0.00999022
0.0229459
0.018135
0.0126961
0.0070384
0.0180835
0.0190731
0.0151224
0.00758769
0.0074381
0.0286696
0.00168856
0.00838551
0.00210762
0.00454138
0.00355343
0.00416478
0.0028988
0.0060595
0.0132355
0.0149003
0.0231398
0.0327637
0.000150283
0.00676694
0.013638
0.0340119
0.00913783
0.00331277
0.0247564
0.0104444
0.00258086
0.0173308
0.000285337
0.00342238
0.0120356
0.0324539
0.00307064
0.00094631
0.219314
0.0483092
0.013323
0.01956
0.0152156
2.85923e-06
0.0312115
0.0195116
0.00103495
0.00528402
0.00488043
0.042215
0.0122287
0.0117329
0.0224753
0.0840264
0.012563
0.000402172
0.0572477
0.0157083
0.00228943
0.00601542
0.52136
0.0179885
0.0069203
0.00913774
0.0227932
0.00744572
0.00279018
0.00300189
0.0136627
0.00473481
0.0169039
0.0466223
0.0250222
0.02337
0.0182889
0.0148456
0.00191689
0.000622008
0.00456491
0.00381281
0.0106502
0.0122432
0.0180835
0.0224057
0.0202437
0.00509629
