0.0127075
0.30986
0.0145248
0.093606
0.00991195
0.038311
0.132909
0.012435
0.0752444
0.0079927
0.0206901
0.0532193
0.03337
0.00476369
0.270678
0.00645704
0.010517
0.189013
0.00850304
0.00465034
0.0120874
0.075292
0.00969619
0.0349685
0.0137206
0.164908
0.0405524
0.011615
0.246001
0.125379
0.00171592
0.168127
0.0710839
0.020676
0.00660657
0.00957167
0.00762478
0.010991
0.340924
0.00328065
0.190599
0.0020877
0.00754164
0.110233
0.140441
0.0760635
0.00326634
0.00796532
0.0199402
0.0149008
0.290529
0.0835143
0.00952379
0.150366
0.00988023
0.00448442
0.0571595
0.00823786
0.0065303
0.00471882
0.00894619
0.152968
0.0310418
0.0491471
0.12313
0.0287492
0.00281504
0.010096
0.0583064
0.028286
0.0863705
0.00812881
0.0136807
0.00951109
0.061484
0.00494963
0.0537593
0.0168198
0.0275019
0.027687
0.110744
0.134803
0.0790339
0.115048
0.042317
0.010596
0.0033003
0.01145
0.248432
0.00862678
0.0110163
0.102523
0.0177284
0.322122
0.00565738
0.0787413
0.00795468
0.030397
0.0103797
0.00428486
0.0115744
0.175051
0.00665318
0.0156551
0.0393424
0.00700891
0.0135834
0.00510312
0.0640982
0.166838
0.0179655
0.0268308
0.00448265
0.051223
0.0191655
0.0300712
0.0147065
0.0104807
0.185607
0.0268264
0.121842
0.00830734
0.00611619
0.00557688
0.00751137
0.0396818
0.0114413
0.258922
0.003688
0.00736906
0.11313
0.0444018
0.117263
0.0513151
0.0766616
0.0176524
0.0514544
0.0234727
0.00102644
0.0356952
0.0747913
0.0326993
0.0104673
0.00620132
0.00307505
0.00914075
0.0114956
0.00870936
0.00893971
0.0197693
0.0156143
0.000985317
0.0572101
0.0235004
0.00467627
0.258286
0.0117252
0.00521864
0.0176044
0.00943494
0.0363285
0.108818
0.291799
0.0117133
0.0739951
0.00125522
0.00544855
0.0136867
0.0213749
0.00182612
0.021592
0.00115959
0.216614
0.00648433
0.0309992
0.00873342
0.0232248
0.00622202
0.0148623
0.116857
0.0150062
0.00978966
0.0144253
0.0118327
0.00957538
0.141174
0.00815583
0.00220148
0.00416027
0.111468
0.0820427
0.0122065
0.0345174
0.00587966
0.0201419
0.077408
0.206327
0.0482917
0.120798
0.00881563
0.0481123
0.0110548
0.00598287
0.0284511
0.0302523
0.0141731
0.0741164
0.014295
0.156358
0.126445
0.346895
0.0412324
0.158702
0.156236
0.0159993
0.0141349
0.103209
0.0116898
0.0429475
0.00507099
0.00134301
0.0133797
0.00262029
0.00916487
0.232617
0.0098091
0.302359
0.0240961
0.00487549
0.00776584
0.0834605
0.0707262
0.151069
0.00750503
0.010259
0.0759576
0.158589
0.00415541
0.0879715
0.0337348
0.010939
0.00690969
0.00504655
0.0131212
0.00872705
0.00534574
0.00941075
0.00473201
0.0124437
0.00686335
0.0105403
0.0195794
0.00424078
0.0158722
0.00301088
0.00683343
0.00704001
0.00290519
0.0143562
0.0387905
0.0111095
0.00511329
0.0096527
0.00608463
0.013412
0.014742
0.00593976
0.00283104
0.00751425
0.0188218
0.0034794
0.0163788
0.00954356
0.00462925
0.0151268
0.0114401
0.00433932
0.00456742
0.00637815
0.00302066
0.00316812
0.151545
0.0761437
0.00745819
0.00869004
0.0177587
0.0340328
0.00817762
0.00990933
0.114004
0.0202045
0.0469821
0.0136696
0.00404463
0.0024304
0.0233943
0.0602423
0.0193822
0.0366067
0.00646629
0.00321255
0.0121634
0.0267324
0.00739629
0.00412704
0.190258
0.0238444
0.0229628
0.0304128
0.0207262
0.0192992
0.153726
0.0122641
0.116519
0.00403047
0.0194233
0.0222305
0.00258449
0.00844353
0.00298857
0.0104161
0.00575505
0.0432422
0.00413962
0.00912052
0.0998528
0.400766
0.0146395
0.00959826
0.00738246
0.00599621
0.120152
0.00566514
0.00518229
0.0318112
0.0793377
0.00698137
0.0017388
0.0513764
0.00860026
0.0219482
0.0238526
0.0663314
0.0151154
0.00775938
0.0172543
0.0675172
0.0126874
0.018057
0.0126055
0.0189494
0.147162
0.125825
0.0114036
0.125956
0.0953395
0.0165538
0.0704123
0.0832961
0.00745568
0.00492286
0.00431346
0.0424343
0.0387682
0.0174576
0.0525119
0.00141509
0.87965
0.00774776
0.0484821
0.00884068
0.010817
0.00676108
0.0795891
0.0518978
0.187834
0.00377209
0.0367295
0.00718919
0.136223
0.0276474
0.00429332
0.00167013
0.0974438
0.00512037
0.0863897
0.00718323
0.0850897
0.00966314
0.00801399
0.0476517
0.0720956
0.214302
0.0760632
0.0138544
0.0116189
0.0571812
0.0541527
0.00310211
0.0234096
0.234005
0.0210572
0.0729682
0.0323252
0.00775391
0.00453604
0.0434793
0.0133799
0.0320841
0.00430651
0.0141535
0.011034
0.0429768
0.124561
0.0193975
0.199891
0.081646
0.0106303
0.194333
0.0228951
0.00940147
0.0028487
0.116155
0.00677574
0.0872114
0.0231273
0.00428691
0.0131781
0.0084205
0.0236376
0.26616
0.0160704
0.209868
0.0144325
0.00919179
0.00277242
0.0578502
0.00380867
0.126495
0.0158385
0.00795505
0.0931549
0.0355257
0.036207
0.0237619
0.052632
0.0967138
0.0899439
0.18997
0.138293
0.0403692
0.0333622
0.0224033
0.00525819
0.00710484
0.0385572
0.116046
0.0267451
0.0153063
0.00857424
0.0216684
0.0437111
0.0216991
0.00442287
0.014533
0.0230704
0.0129918
0.0150869
0.0364273
0.0209757
0.0158213
0.015435
0.0454991
0.021527
0.102696
0.0182065
0.0110895
0.0246458
0.00341681
0.00743782
0.00441449
0.114252
0.00568812
0.00602912
0.0245052
0.00336127
0.00611092
0.00261851
0.0313669
0.0224613
0.00804676
0.00505058
0.24334
0.0269353
0.0072173
0.0232642
0.0122656
0.00337081
0.0420707
0.0599146
0.0517288
0.128107
0.00796628
0.0274058
0.017112
0.0128474
0.0111205
0.000801602
0.00477741
0.0132285
0.0150636
0.00631087
0.0277586
0.00776613
0.0159941
0.039175
0.00441375
0.0427522
0.00922293
0.00853105
0.0111803
0.013238
0.00919674
0.0136624
0.0158484
0.0062198
0.00370905
0.0138081
0.0177846
0.00557996
0.0347744
0.0283481
0.022374
0.0047038
0.00772824
0.017332
0.00463647
0.0064282
0.00730378
0.00405162
0.00522288
0.00713603
0.00859111
0.0150235
0.00901419
0.012834
0.0575093
0.0142998
0.0073556
0.00763369
0.0251832
0.0311909
0.0368185
0.00531688
0.0062947
0.0126497
0.0334841
0.0220304
0.00726049
0.0301369
0.00470809
0.00979382
0.00978003
0.00710306
0.0188313
0.00706575
0.0140973
0.0244275
0.0199968
0.0168545
0.0270213
0.0284195
0.0161269
0.00425111
0.0188746
0.0120614
0.0132079
0.00743943
0.0100282
0.00657095
0.0231675
0.00419276
0.0219468
0.0044701
0.00622842
0.00316447
0.019948
0.0213145
0.0116165
0.00400619
0.00130875
0.00302063
0.00404161
0.00678258
0.0118694
0.00829504
0.0069083
0.0149138
0.026779
0.00160505
0.0241329
0.00412988
0.00259541
0.00685799
0.0132649
0.0156519
0.0179888
0.00704472
0.00370219
0.00640444
0.00334954
0.0023545
0.0110198
0.00327818
0.00402188
0.0079962
0.0159496
0.021355
0.017573
0.00530082
0.00499525
0.00252158
0.0045641
0.0039889
0.00638468
0.00801915
0.016261
0.00427986
0.00471126
0.00233396
0.0140612
0.00452661
0.0132942
0.00301076
0.0040147
0.00600676
0.0153574
0.00507995
0.00246009
0.0188442
0.00529252
0.00892396
0.00383948
0.00394875
0.00870222
0.00723783
0.0039753
0.0168582
0.00616641
0.00938796
0.0181427
0.00258763
0.00563322
0.00913864
0.0125443
0.00878721
0.00686136
0.00729408
0.00272535
0.0170005
0.00381588
0.00429017
0.06707
0.0342544
0.0125987
0.122804
0.15791
0.169913
0.0047018
0.177668
0.00699617
0.00743433
0.196428
0.109551
0.0105616
0.0624382
0.00635421
0.00886987
0.0299411
0.0164637
0.178223
0.105572
0.0102177
0.00308528
0.14299
0.0268135
0.0116832
0.00521336
0.0110497
0.0532271
0.251338
0.167915
0.00886379
0.0269911
0.00515767
0.116892
0.183824
0.0295256
0.148384
0.0218552
0.00625542
0.00989398
0.0112632
0.0130366
0.0236033
0.0111946
0.026731
0.0060464
0.00679426
0.0395265
0.015621
0.223132
0.00691874
0.00756355
0.209503
0.0453699
0.0372637
0.089664
0.0075767
0.00464448
0.0828851
0.00732301
0.010049
0.111074
0.00511418
0.0139927
0.0189159
0.00766088
0.0606671
0.00686096
0.0166371
0.019715
0.0156798
0.00470426
0.0116533
0.00836997
0.00282924
0.00211406
0.00404528
0.0780735
0.0233267
0.00823845
0.158324
0.0252683
0.00747106
0.0319069
0.0026113
0.121692
0.0048903
0.00686203
0.0378275
0.0108135
0.00533614
0.144667
0.107721
0.126213
0.00380492
0.142686
0.0754328
0.00215058
0.00536038
0.0879379
0.0225256
0.0130795
0.00214808
0.0139006
0.0161231
0.00524558
0.305503
0.122713
0.0339369
0.0823539
0.103009
0.281723
0.330774
0.0591147
0.00750132
0.0242516
0.0230996
0.0169121
0.011945
0.00915393
0.0151955
0.00615912
0.00736125
0.298636
0.00437516
0.00432801
0.317085
0.00484724
0.0104524
0.0299747
0.00732306
0.0357974
0.0118093
0.185777
0.05264
0.00341382
0.0283308
0.306684
0.209462
0.0404093
0.0294633
0.134228
0.00561854
0.00223767
0.0049169
0.00560485
0.0995601
0.0179677
0.192165
0.0136932
0.000975144
0.0311332
0.188533
0.0852307
0.00382858
0.00366257
0.238615
0.00224108
0.000972312
0.00556061
0.00461924
0.00517451
0.00778727
0.000800647
0.0177336
0.016309
0.0514878
0.00255203
0.0188713
0.0094867
0.195488
0.00874862
0.0587552
0.00908987
0.00746456
0.0322617
0.0051936
0.0066237
0.0697835
0.00583698
0.0269678
0.0120807
0.0815913
0.0104971
0.0190775
0.0416685
0.123383
0.120391
0.00210436
0.0247062
0.0010125
0.166439
0.00245437
0.173968
0.0792801
0.0935548
0.0130227
0.00253927
0.0205366
0.101611
0.0151014
0.0232624
0.145691
0.0251288
0.00867794
0.00430356
0.0392885
0.135995
0.00714325
0.285239
0.0156288
0.00628546
0.0175891
0.377784
0.00905711
0.0487244
0.0245143
0.0105766
0.0355599
0.0257377
0.173686
0.158778
0.0140477
0.0067045
0.00752186
0.0114747
0.00498674
0.0169707
0.0135588
0.00417305
0.0178999
0.043637
0.0166141
0.0151068
0.00883672
0.0628463
0.00728966
0.0110459
0.120732
0.0831583
0.00219722
0.0380207
0.00780583
0.00640348
0.00560349
0.072769
0.0100067
0.369627
0.00799218
0.0034309
0.00320376
0.00673503
0.0143733
0.10343
0.0129954
0.00311932
0.00484252
0.10128
0.00190075
0.00622636
0.00577246
0.0702467
0.00837573
0.297293
0.0462406
0.197914
0.0107279
0.0129634
0.128973
0.00618337
0.00790181
0.00183361
0.145163
0.00202494
0.0866367
0.0145158
0.129353
0.00507106
0.0102962
0.00482924
0.185204
0.268468
0.0248912
0.0364287
0.0092955
0.0746983
0.00735577
0.123149
0.00997921
0.0641312
0.0107251
0.0109134
0.0133291
0.00334049
0.0130117
0.0321553
0.00511118
0.0518602
0.00550102
0.0228078
0.0193674
0.00437029
0.0815015
0.13282
0.0998858
0.00380024
0.219123
0.0125047
0.0242952
0.00521879
0.0438919
0.00648117
0.0465786
0.0468597
0.0333734
0.0108951
0.0184825
0.01847
0.0153969
0.0625837
0.0165661
0.0294883
0.00279785
0.021388
0.259114
0.00389962
0.0228513
0.00991082
0.00794917
0.00712561
0.0121166
0.0445161
0.00870274
0.0262375
0.0248305
0.0128553
0.318943
0.0059103
0.00260883
0.0194726
0.0148233
0.00376242
0.0148504
0.00848731
0.0120827
0.0274358
0.0139856
0.012057
0.0204931
0.0108668
0.0624858
0.0435326
0.0149846
0.00556601
0.00752768
0.0102992
0.0103375
0.0135464
0.0152059
0.0250917
0.00277676
0.0363665
0.0299864
0.0842532
0.0654079
0.166823
0.0428638
0.0115124
0.0115055
0.00471896
0.0542922
0.0318255
0.0178962
0.0645989
0.030974
0.0287559
0.00959724
0.00835469
0.0341079
0.0223219
0.00978341
0.0130493
0.0434397
0.0534504
0.0346986
0.0178379
0.0190835
0.0158419
0.0465127
0.00908
0.0309275
0.00871626
0.0139497
0.0156435
0.0129784
0.0174702
0.0306399
0.00468489
0.0169279
0.0252946
0.00959037
0.00212094
0.024654
0.0255825
0.0275419
0.0121552
0.00323985
0.00475577
0.0765338
0.0341155
0.0218021
0.0207906
0.0278596
0.0195353
0.0126454
0.0333679
0.00106927
0.0340408
0.0190732
0.0289699
0.0120821
0.00648614
0.0304462
0.0362517
0.0179726
0.0295183
0.00942199
0.006348
0.0101967
0.00888886
0.00515013
0.00358253
0.0108335
0.00861558
0.0152793
0.0151449
0.00551143
0.0045198
0.0406679
0.00736856
0.0121389
0.0033362
0.009229
0.0136903
0.0166058
0.0202205
0.00485637
0.00633434
0.00276813
0.0116135
0.0111333
0.00795213
0.00997326
0.0097408
0.0104067
0.0133219
0.00220589
0.0212755
0.0020311
0.00426552
0.00794387
0.0153538
0.00530697
0.00692529
0.00400551
0.00751329
0.0207625
0.0106829
0.00398482
0.00886226
0.00395043
0.00783312
0.0119228
0.0162271
0.0123034
0.0105278
0.00845442
0.00266538
0.00962759
0.0595982
0.00851368
0.0033003
0.0326115
0.0264547
0.0122311
0.0112215
0.00424431
0.0300922
0.0273054
0.0196234
0.00556923
0.0119654
0.00435784
0.0049295
0.0116724
0.00561071
0.00154676
0.035004
0.0550794
0.00472119
0.0350195
0.0464598
0.0444442
0.00339174
0.0119003
0.0732583
0.0179166
0.0167792
0.00642539
0.00564113
0.0119141
0.0243516
0.00592618
0.00956337
0.240902
0.335872
0.0209415
0.157206
0.146299
0.0085567
0.0284301
0.0180871
0.0264963
0.0445931
0.0104235
0.00683511
0.00854239
0.0344346
0.00638793
0.00826553
0.011343
0.0265431
0.250533
0.0049845
0.0108562
0.0211899
0.031106
0.00555856
0.0656713
0.0236517
0.0414634
0.00772207
0.014307
0.0109694
0.00996887
0.0230694
0.00562222
0.00764865
0.00299606
0.0123259
0.00192046
0.0723856
0.00795623
0.0884263
0.0280992
0.0528946
0.0301121
0.00462066
0.0187212
0.0790209
0.0406096
0.00964741
0.00866551
0.0956972
0.00745893
0.0178523
0.00481009
0.102661
0.00751905
0.0116879
0.00749059
0.0643912
0.0146591
0.00544903
0.0717315
0.0576033
0.147738
0.0829081
0.0899472
0.0273292
0.214909
0.0300023
0.00915648
0.0573486
0.00213623
0.0109664
0.00799287
0.0494725
0.0688268
0.00825901
0.0801448
0.00677401
0.0282737
0.0038851
0.00990588
0.319714
0.271985
0.108586
0.516427
0.0109172
0.0683485
0.00496676
0.0438822
0.0289984
0.0485053
0.0681014
0.0189697
0.103235
0.541151
0.00650702
0.00505345
0.0357281
0.00959903
0.038725
0.00753061
0.00561598
0.178658
0.0608164
0.0618801
0.0518341
0.0294719
0.203319
0.188643
0.0840948
0.131055
0.012456
0.00432289
0.202478
0.00806167
0.0139785
0.0097581
0.00458539
0.0043003
0.0745821
0.0231861
0.235406
0.339127
0.0316448
0.338244
0.0260724
0.0498419
0.0258951
0.14535
0.182931
0.00476923
0.00413939
0.0280007
0.138478
0.00926822
0.0755053
0.198107
0.0289919
0.0372118
0.00414739
0.0178783
0.0136844
0.16109
0.0214282
0.00618931
0.0233254
0.0650134
0.00444851
0.00938404
0.0569902
0.0106716
0.0128913
0.0225179
0.00750689
0.0089178
0.0636335
0.0303529
0.0161573
0.0074728
0.0913945
0.0136907
0.0069166
0.00614017
0.0139128
0.106212
0.0210774
0.446822
0.004661
0.0417201
0.0129164
0.00597398
0.00901476
0.014577
0.00944121
0.181221
0.00656903
0.0167761
0.169703
0.0128405
0.0291086
0.0557587
0.0121536
0.0132706
0.0132174
0.0306982
0.0464817
0.15395
0.00607445
0.256552
0.184454
0.161683
0.108704
0.00170601
0.38954
0.15374
0.007032
0.199398
0.229571
0.038021
0.00550113
0.260659
0.0445751
0.0247553
0.0709853
0.00618694
0.230198
0.0528019
0.0740857
0.00861189
0.0164367
0.013791
0.674816
0.0471279
0.0414832
0.0513145
0.299553
0.0107678
0.130631
0.0224011
0.00622965
0.0565663
0.130699
0.00395159
0.0958399
0.464909
0.0895764
0.201363
0.0394996
0.0589672
0.033478
0.0251412
0.0316002
0.0684218
0.333232
0.00567865
0.019084
0.00465509
0.0938663
0.495474
0.0509463
0.223589
0.0704337
0.0783638
0.0299395
0.114007
0.102305
0.00249719
0.0398313
0.0239065
0.0116398
0.00565429
0.0503232
0.0632005
0.0100191
0.0177813
0.0159702
0.330296
0.00558384
0.00575552
0.0183507
0.0142565
0.0118409
0.00909359
0.00814984
0.402394
0.0288953
0.0339831
0.222437
0.00878212
0.0322258
0.00248064
0.128954
0.0894804
0.163552
0.239102
0.53315
0.0817091
0.00431093
0.18164
0.274134
0.0995709
0.158994
0.291637
0.0134149
0.0118993
0.0103952
0.497954
0.00402101
0.124119
0.0538186
0.0876055
0.109548
0.00198853
0.0249347
0.0221253
0.0149833
0.00651163
0.0619128
0.00741432
0.034872
0.0962797
0.125512
0.119694
0.0299388
0.042922
0.429961
0.0302194
0.0946285
0.0152556
0.044732
0.0111845
0.0132152
0.00204274
0.0176126
0.00839262
0.0100915
0.00637261
0.00428956
0.0074087
0.00308806
0.00718444
0.0060518
0.0108034
0.0103409
0.028172
0.0785252
0.0957215
0.00364486
0.00951314
0.0111251
0.00946607
0.00556316
0.00497109
0.0160717
0.00776513
0.0124937
0.00469304
0.0836048
0.261551
0.0867765
0.248446
0.0466782
0.0307866
0.00962656
0.0275775
0.00246832
0.0713827
0.0276209
0.00104935
0.0261449
0.0387681
0.00982841
0.202973
0.0317548
0.0240063
0.0153932
0.00372551
0.0225518
0.0261321
0.00952926
0.0202905
0.00492439
0.0167055
0.00498474
0.00872341
0.00871988
0.0364134
0.00851611
0.0122393
0.000429396
0.0135889
0.000857175
0.00683223
0.0281811
0.182779
0.00315285
0.0412522
0.0775886
0.0462314
0.00828118
0.0134283
0.00726332
0.0340752
0.015865
0.030758
0.0053628
0.0128426
0.0337945
0.0128052
0.0152105
0.00955556
0.0079418
0.027956
0.0139922
0.0188309
0.00360101
0.00608114
0.0381237
0.0765063
0.0171886
0.0175999
0.00420778
0.0272719
0.00345019
0.0052027
0.019019
0.00645569
0.0407472
0.0309184
0.0177601
0.00383676
0.00376113
0.0182084
0.00996101
0.0037561
0.115085
0.0194781
0.0261736
0.0102969
0.0204712
0.0721716
0.00559688
0.010715
0.0118401
0.0072331
0.0509296
0.00541483
0.00956495
0.0279677
0.0271552
0.0138894
0.0181923
0.0483064
0.0180696
0.00273003
0.0254032
0.00659658
0.00446744
0.0126711
0.018599
0.0674531
0.00803156
0.0107706
0.0111636
0.00836905
0.0066025
0.0162602
0.0183868
0.0213494
0.0100954
0.0050504
0.0320544
0.0402974
0.0123362
0.00845535
0.00624673
0.010366
0.0150466
0.0623842
0.0386456
0.00521466
0.0222183
0.00443496
0.00791808
0.00926437
0.0234197
0.00771064
0.00368454
0.0111552
0.00472005
0.0416768
0.0146905
0.0300651
0.00215046
0.0129192
0.0196271
0.0128129
0.00782711
0.0223798
0.0170724
0.0183991
0.0255277
0.0251333
0.00339514
0.00437225
0.0161813
0.00778769
0.0129947
0.00408386
0.0162893
0.0127527
0.00320405
0.00749214
0.00160396
0.0347875
0.00605378
0.00528803
0.0133452
0.00401604
0.00951894
0.0029957
0.03946
0.0132422
0.0280228
0.00492243
0.00331447
0.00967789
0.0046453
0.0313681
0.00457099
0.0247775
0.0216304
0.00632235
0.00615067
0.0133079
0.00403028
0.0062013
0.0123655
0.0140027
0.00801735
0.0122253
0.0108907
0.00460441
0.0142313
0.0119203
0.0270762
0.00834645
0.0206679
0.0449674
0.00890195
0.00980132
0.0103157
0.0218178
0.0052806
0.00571814
0.00700193
0.00936739
0.00824886
0.0206642
0.0217562
0.00556516
0.00955566
0.0124962
0.00571211
0.0180321
0.00755315
0.00845812
0.0109317
0.0123353
0.0313443
0.00521471
0.0166842
0.0115193
0.0128437
0.0122875
0.0138131
0.00633907
0.0165327
0.0135294
0.0182742
0.00481182
0.0123886
0.0286456
0.022462
0.00810727
0.00277814
0.0114259
0.0131457
0.0162451
0.00804646
0.00705509
0.014136
0.0168637
0.0122895
0.0158165
0.00741477
0.00697444
0.00455299
0.00455172
0.00378575
0.00522642
0.0104073
0.018526
0.0089689
0.00783685
0.0109961
0.00674631
0.00941249
0.0104673
0.0179634
0.0190827
0.00499233
0.00770452
0.00589275
0.0136567
0.00562402
0.00282963
0.0096759
0.00386639
0.0033693
0.0244206
0.0214444
0.0182217
0.00638842
0.00759369
0.00551296
0.00380971
0.00902406
0.00842212
0.00375913
0.00366862
0.00286788
0.00770752
0.00820489
0.00970137
0.0144538
0.0040337
0.00168044
0.00331697
0.00838558
0.0260737
0.00852441
0.0132812
0.00474319
0.0109321
0.00838669
0.00895402
0.0113865
0.0124363
0.0201759
0.00370868
0.00760696
0.00568294
0.0225708
0.0136228
0.0013331
0.00568777
0.00506694
0.00238142
0.00991299
0.00263222
0.0182645
0.00363032
0.00936285
0.00557644
0.00655294
0.0109673
0.00625705
0.0114207
0.00659057
0.00516843
0.00784843
0.0117997
0.0122113
0.0149039
0.00963456
0.00680695
0.00953969
0.0101487
0.00679063
0.00701304
0.0115455
0.00966363
0.0100802
0.0149994
0.00188435
0.0139401
0.005424
0.00458487
0.00833805
0.0203341
0.0148761
0.00943598
0.00427069
0.00354566
0.00200616
0.0114903
0.011078
0.0152544
0.012297
0.00293598
0.0211355
0.00982655
0.00811665
0.0161338
0.00687594
0.0120688
0.026349
0.0641859
0.168532
0.0140742
0.0536294
0.00805688
0.00758468
0.0286947
0.01197
0.0379011
0.0144801
0.00820397
0.00189391
0.0395805
0.0244385
0.0198107
0.00774955
0.122857
0.00371396
0.0068735
0.00350968
0.00471673
0.187734
0.00352308
0.021707
0.0177583
0.0034913
0.0132207
0.00103638
0.018181
0.0230963
0.00419346
0.00644512
0.180132
0.0314215
0.00672015
0.0136946
0.0194918
0.0182093
0.00187687
0.00366295
0.00646948
0.00849227
0.00846104
0.0131419
0.0107446
0.0139399
0.0115793
0.0128218
0.0112615
0.00925274
0.0051158
0.00803774
0.00851263
0.0115265
0.0324911
0.0268728
0.00855733
0.00456971
0.0101981
0.00699927
0.00413498
0.00531455
0.00839773
0.00531986
0.00595921
0.00784353
0.00344551
0.00295164
0.022208
0.0188406
0.00332615
0.00490974
0.00882981
0.0118923
0.00516126
0.0123694
0.00382584
0.00439161
0.00429415
0.0157497
0.00422496
0.013621
0.0851848
0.0552698
0.0209529
0.030443
0.00768296
0.0248022
0.0119799
0.0319342
0.0127225
0.0109645
0.00318051
0.0135781
0.111975
0.0164867
0.00613301
0.0120969
0.00876628
0.0518565
0.00866565
0.0176713
0.0345673
0.00743298
0.0109284
0.00803564
0.00655806
0.00409648
0.00503683
0.00390922
0.0220932
0.00289907
0.0136166
0.00987471
0.00943181
0.0121925
0.00788131
0.0148545
0.0235466
0.0105791
0.0112666
0.104727
0.0179963
0.0187493
0.020465
0.0183105
0.00841108
0.00892922
0.0136919
0.011998
0.00134182
0.0584591
0.0153394
0.0397606
0.0281701
0.00686849
0.0259695
0.0164845
0.00508213
0.00971493
0.0509032
0.00413218
0.0538184
0.00518316
0.00506945
0.00626352
0.144641
0.0325085
0.0159899
0.034754
0.00406034
0.052191
0.00792897
0.0169471
0.0106827
0.0407825
0.00381293
0.00767105
0.00509563
0.010703
0.00901322
0.0121974
0.00752389
0.0131962
0.00335327
0.0249286
0.0148891
0.00481448
0.0157803
0.0787024
0.0206239
0.00206138
0.00430488
0.0046892
0.0173808
0.0104924
0.0275636
0.0176812
0.0136934
0.0103113
0.00404087
0.0297885
0.0202145
0.0105355
0.0136155
0.0104929
0.00301632
0.010193
0.0180857
0.00734937
0.00246368
0.00895517
0.00652622
0.015342
0.00903268
0.00384726
0.00580812
0.00749374
0.00737925
0.00648852
0.0150956
0.0121081
0.00733877
0.00172624
0.0641984
0.052675
0.0119298
0.00543399
0.0151893
0.0024681
0.0132275
0.0133251
0.0132493
0.00346034
0.0215236
0.0131229
0.00355187
0.0210683
0.017973
0.0057542
0.0170871
0.00159665
0.0228465
0.011816
0.0124001
0.0124881
0.0119711
0.192824
0.00913133
0.0318794
0.0644119
0.0222174
0.332741
0.0949406
0.0553246
0.391132
0.0152452
0.00822279
0.103371
0.0300042
0.0147965
0.0413268
0.0594108
0.0851485
0.0117747
0.0806557
0.0390716
0.381646
0.278143
0.00559908
0.0624251
0.0109638
0.0127596
0.116003
0.0132114
0.0214342
0.0444963
0.0110459
0.079666
0.0069449
0.00418017
0.0031372
0.0254228
0.00807627
0.0998281
0.0107901
0.154123
0.0120844
0.0112984
0.38736
0.00639363
0.0237556
0.0429326
0.208291
0.0185709
0.0612055
0.0214487
0.0179335
0.00235363
0.101164
0.110507
0.00930108
0.0719412
0.0774686
0.018412
0.00411432
0.0847978
0.00807879
0.0261978
0.00602609
0.0313664
0.01164
0.0649309
0.00660541
0.0189101
0.178218
0.0151868
0.0164544
0.0120624
0.0492201
0.0219205
0.0568714
0.0684162
0.00935128
0.0219688
0.0120096
0.0203939
0.0380129
0.0746724
0.0186246
0.0166879
0.00913676
0.221703
0.0184152
0.00354103
0.00896263
0.0108129
0.0155017
0.0180372
0.0409378
0.00309233
0.01021
0.198614
0.00588633
0.0489401
0.00188274
0.00203072
0.0413796
0.0104871
0.00380705
0.0327504
0.0199726
0.00271647
0.00315233
0.106748
0.0507921
0.033978
0.150353
0.0041887
0.0146274
0.00765409
0.00635161
0.00510668
0.0160183
0.0112738
0.00173009
0.0115679
0.00733222
0.00663216
0.00662172
0.0194845
0.270149
0.00154446
0.0138576
0.0355727
0.00412945
0.196668
0.0440353
0.00264871
0.0164331
0.00651566
0.139204
0.00828217
0.0201634
0.00249892
0.0183548
0.0252187
0.007585
0.017035
0.00485854
0.0106811
0.00624983
0.00550223
0.00299524
0.0109914
0.195882
0.0190725
0.0133755
0.00624434
0.00316833
0.070875
0.0179197
0.012385
0.00427395
0.00574399
0.0198903
0.00980716
0.0396889
0.00531295
0.068579
0.120996
0.00949134
0.00681542
0.00997882
0.00623119
0.00318886
0.00310197
0.00231736
0.00393726
0.007945
0.0111436
0.0243484
0.00945382
0.0147362
0.0755333
0.00600045
0.024575
0.162929
0.0713779
0.0140997
0.00260227
0.0547036
0.0459907
0.0106822
0.0700089
0.190706
0.0936115
0.109605
0.0290828
0.00347267
0.0207855
0.0101748
0.0140339
0.0112035
0.0486238
0.243846
0.0640711
0.00415148
0.0157813
0.0421812
0.0282955
0.0731031
0.349471
0.0044096
0.158163
0.0548774
0.0509003
0.0752597
0.0058523
0.0953881
0.0211511
0.153539
0.351511
0.0851664
0.046415
0.11136
0.080036
0.00238304
0.0180479
0.00483291
0.0897681
0.0507681
0.00670387
0.0352631
0.00264812
0.0367169
0.0100456
0.0304927
0.0173313
0.00975955
0.00579387
0.00357439
0.011487
0.00888514
0.00378576
0.00406064
0.00292989
0.00302022
0.00789986
0.00974059
0.0174832
0.0090809
0.00882231
0.00452929
0.00726237
0.02769
0.00349686
0.0129043
0.012245
0.0136285
0.00571228
0.0379625
0.0205257
0.0099048
0.00265266
0.00492008
0.00419803
0.00838674
0.00611223
0.00244426
0.00499265
0.00219549
0.0767017
0.0849713
0.312231
0.3494
0.00972835
0.0120746
0.00500562
0.0150039
0.00808983
0.0529776
0.0157214
0.0221899
0.018792
0.00329307
0.00768941
0.00601479
0.00589123
0.0975777
0.0110788
0.0231898
0.00913254
0.00811137
0.00812532
0.132338
0.0204166
0.0150744
0.00985729
0.00169416
0.00829919
0.00990195
0.0173085
0.00807813
0.0025239
0.194867
0.018905
0.00933528
0.00121396
0.145111
0.0926942
0.0054809
0.00375156
0.00811451
0.00290836
0.00442078
0.00217654
0.0140957
0.00295124
0.0127522
0.00250218
0.00735052
0.00566723
0.00458688
0.01487
0.00525221
0.0141511
0.00445548
0.0092979
0.0106481
0.00950104
0.00144534
0.00790318
0.010645
0.00618339
0.0131073
0.002307
0.00635423
0.0143304
0.0350575
0.00391058
0.00985012
0.00532294
0.0153255
0.0183513
0.00554014
0.0130559
0.006796
0.0186167
0.00624695
0.00570511
0.0178487
0.00746726
0.013787
0.0110179
0.00693966
0.026967
0.0224856
0.0101237
0.00369038
0.0172397
0.00533945
0.0109355
0.006386
0.00508737
0.0114673
0.0114107
0.0123213
0.00506237
0.0049964
0.00711476
0.00886964
0.0165385
0.210268
0.00584179
0.0082741
0.00544439
0.0127969
0.0292522
0.00468791
0.006885
0.0306242
0.00259275
0.0182209
0.00780853
0.00395778
0.00738703
0.00631237
0.00234091
0.00692479
0.126986
0.0156079
0.00168419
0.0191437
0.0373791
0.00718335
0.0159866
0.0572546
0.0183996
0.0362884
0.0165994
0.00654457
0.00709692
0.00644711
0.011579
0.0052208
0.0113617
0.00878546
0.00196271
0.00939268
0.00467628
0.00382758
0.00638831
0.0153033
0.00803149
0.00364638
0.00753105
0.00357175
0.00257518
0.0739087
0.00810466
0.0124846
0.0124191
0.0138569
0.00353488
0.0139086
0.00757143
0.0110629
0.0554579
0.00628591
0.0766827
0.0108377
0.0190842
0.0228891
0.0349512
0.0100298
0.01171
0.0107263
0.0216028
0.00480106
0.0434899
0.00751326
0.0057696
0.125111
0.0107295
0.0119276
0.0233933
0.0111758
0.0138653
0.0727662
0.210855
0.0138301
0.028429
0.0237971
0.00713219
0.0302487
0.0178273
0.00726719
0.069337
0.00454527
0.031116
0.076765
0.005542
0.00592602
0.00454861
0.00711074
0.00895867
0.0142526
0.0100819
0.0185885
0.0126969
0.0682228
0.00709016
0.0975815
0.0125019
0.0100422
0.00783221
0.0530178
0.00735297
0.0138759
0.00603268
0.00292908
0.0179839
0.0721547
0.013336
0.0155973
0.0277328
0.0149656
0.0181255
0.0093061
0.00378744
0.00212945
0.0251369
0.011738
0.0391682
0.00277249
0.00400522
0.0191086
0.00735002
0.00258126
0.0509255
0.0123412
0.0405448
0.0308247
0.0502189
0.0297982
0.0592924
0.00804983
0.0349476
0.00670417
0.00652135
0.0295139
0.0168478
0.0227661
0.0160016
0.0206996
0.00715139
0.013836
0.013742
0.021218
0.0117466
0.0200064
0.0130682
0.0127473
0.015505
0.0118358
0.0350847
0.0173866
0.0415092
0.0381139
0.0061973
0.0137158
0.018439
0.00815256
0.0100767
0.00751799
0.0115018
0.00179177
0.0212417
0.00782214
0.00846197
0.0351551
0.00805997
0.0230536
0.0036951
0.00734229
0.00304113
0.00908385
0.0104552
0.00469455
0.0183276
0.00705371
0.0415009
0.00423873
0.0234225
0.00421945
0.0274351
0.053063
0.0063815
0.00989634
0.00700954
0.0193191
0.0174981
0.0326499
0.011277
0.00575174
0.0455991
0.0152362
0.0206996
0.025044
0.00792443
0.0246336
0.0148766
0.0139851
0.0080078
0.0133361
0.0151542
0.0211998
0.00631023
0.0105152
0.00490058
0.0052389
0.0039668
0.00863883
0.00797199
0.00301274
0.0047433
0.0221415
0.0194892
0.00750008
0.00746787
0.0183699
0.004351
0.00955494
0.0207772
0.0053498
0.0186601
0.0190875
0.0256651
0.0157456
0.00917574
0.00614152
0.0136396
0.00890052
0.00465798
0.0090473
0.0259269
0.01718
0.0121977
0.00984523
0.0262664
0.010899
0.021474
0.0104491
0.0163745
0.00626381
0.00500104
0.00813096
0.00683202
0.00546382
0.0131737
0.0054938
0.00500731
0.00655643
0.0167874
0.0123635
0.00553579
0.0137929
0.0345215
0.00396303
0.0175839
0.00525233
0.00284485
0.0110416
0.00572871
0.00624401
0.005168
0.00338921
0.0132295
0.00483124
0.00835879
0.00944966
0.00641686
0.00619828
0.0035104
0.00230504
0.00876461
0.00669048
0.0037578
0.0100176
0.00415059
0.00659743
0.00519168
0.00754205
0.0143271
0.0039901
0.0306683
0.0028513
0.0109305
0.00807991
0.00659969
0.0043058
0.0110158
0.00514359
0.00623871
0.00333221
0.01168
0.0114435
0.0177731
0.00752877
0.0045981
0.00694945
0.00517811
0.0131784
0.0143114
0.0393093
0.00259166
0.00913924
0.0202247
0.0196974
0.0169275
0.00962469
0.025061
0.0623121
0.0160712
0.196853
0.0725681
0.00568992
0.114873
0.0351073
0.00361621
0.0164729
0.0103689
0.00760212
0.00920381
0.00454239
0.0176036
0.00753865
0.00757026
0.00681158
0.0198234
0.00965385
0.0036568
0.0154332
0.0156676
0.0155367
0.0134199
0.0115146
0.00638059
0.0219957
0.0284992
0.0095013
0.0137431
0.0140566
0.0218704
0.0233658
0.0144812
0.0120381
0.019518
0.0194474
0.00802261
0.0108775
0.00545035
0.0171417
0.00669047
0.0193309
0.00575349
0.0178527
0.0105634
0.0153738
0.0157175
0.0148022
0.0283752
0.0297621
0.0145521
0.0104638
0.0192382
0.0137163
0.0169797
0.0100966
0.0176526
0.0294194
0.0147428
0.0180645
0.0137165
0.0116622
0.0194052
0.0120571
0.0160709
0.0172421
0.016054
0.0232833
0.0214561
0.0155156
0.0126378
0.018129
0.0285825
0.0174182
0.00751153
0.0186919
0.0156097
0.0133491
0.0182852
0.0156905
0.0203555
0.0090979
0.0120657
0.0142253
0.0080158
0.0169867
0.0122553
0.0105368
0.0110911
0.0140094
0.0147184
0.00678064
0.0131722
0.0104599
0.00892023
0.0193445
0.0165415
0.0114139
0.0121913
0.0118622
0.015784
0.0156189
0.016182
0.0120138
0.0182515
0.00883985
0.0205883
0.0141409
0.0123308
0.0183466
0.00940969
0.0139561
0.0128216
0.0140824
0.0227701
0.0231335
0.00821145
0.0138573
0.0153276
0.00688983
0.0161816
0.007926
0.0218682
0.00175898
0.0117564
0.0141251
0.0167772
0.0178118
0.00834426
0.0119704
0.00453901
0.0175366
0.0148978
0.00845165
0.0227963
0.00931445
0.0035332
0.0171325
0.0153672
0.0180781
0.00816404
0.0187048
0.0112871
0.0131956
0.0228075
0.0142314
0.0232225
0.0215149
0.0233342
0.00532879
0.0134844
0.0106134
0.0158609
0.00514478
0.0133155
0.0195014
0.0119492
0.00617712
0.0014177
0.0175739
0.00527561
0.00437566
0.0130341
0.00657844
0.00814411
0.0212915
0.0042805
0.0043305
0.0228247
0.0125092
0.0114962
0.00727765
0.0127876
0.00490513
0.00577028
0.0786871
0.0159403
0.0125267
0.105606
0.0100924
0.0148938
0.144845
0.00718657
0.0380958
0.0343266
0.0726276
0.152637
0.00620526
0.00670476
0.0188583
0.0326629
0.00962414
0.0019174
0.0307106
0.0143687
0.0530204
0.0104577
0.0168437
0.0356702
0.289916
0.00681333
0.00525202
0.0734319
0.0132148
0.0254116
0.0451537
0.00453612
0.0145798
0.130836
0.0196288
0.0196312
0.0504748
0.0110358
0.0311726
0.0124314
0.17823
0.11313
0.00750034
0.00484897
0.00778327
0.0159758
0.0616852
0.0634347
0.141706
0.0840241
0.251209
0.0148215
0.0906768
0.00467813
0.00247911
0.0217714
0.00607779
0.0115296
0.167437
0.00457645
0.0499392
0.0119612
0.0266117
0.265189
0.00539423
0.0509727
0.013363
0.0298769
0.0181899
0.0158909
0.0736667
0.00461329
0.00346198
0.180698
0.00770633
0.0120879
0.0138403
0.311057
0.0102094
0.013373
0.0104423
0.0158853
0.0512504
0.0153623
0.0101433
0.0149854
0.0460487
0.0109188
0.146812
0.0106024
0.0143058
0.0618304
0.0149888
0.0472621
0.0181608
0.050484
0.0102049
0.0617525
0.007574
0.0943504
0.00159957
0.126253
0.0207732
0.0556697
0.00799262
0.0019049
0.010023
0.00829471
0.00584444
0.0192337
0.0111758
0.00814472
0.0321659
0.123714
0.00306776
0.00919068
0.0049389
0.0111387
0.0276651
0.00990313
0.00993753
0.00883993
0.0180737
0.0400391
0.0715737
0.0130358
0.0146594
0.00366199
0.00875293
0.00267531
0.0513536
0.0144349
0.0209245
0.00826964
0.00778179
0.00194239
0.0319659
0.00571091
0.0475643
0.0166059
0.00747488
0.00412463
0.0153728
0.0163689
0.00996287
0.00430313
0.0167631
0.00256398
0.0126683
0.00982047
0.00804063
0.00422095
0.0139131
0.0164257
0.018168
0.0121869
0.00776055
0.00242662
0.0169182
0.00165455
0.0144784
0.0372062
0.00653475
0.00983805
0.0604075
0.0041632
0.00843951
0.00265728
0.0441366
0.0325918
0.00367681
0.132563
0.0110668
0.0773046
0.0087177
0.000874642
0.0174861
0.0519126
0.00374889
0.0288808
0.0218393
0.0172638
0.0354815
0.457994
0.00739779
0.00447997
0.0916612
0.00589143
0.195594
0.00394965
0.142744
0.00313999
0.0106559
0.00534948
0.13854
0.0500892
0.0453369
0.0158723
0.0258911
0.0107475
0.15771
0.00849987
0.00626381
0.024418
0.0743366
0.0392202
0.0586993
0.00408762
0.102967
0.00443944
0.0240682
0.0169339
0.0128798
0.137963
0.0108917
0.00246094
0.0243829
0.0199011
0.00655208
0.13549
0.00424056
0.110174
0.00359136
0.0184145
0.00370159
0.00515783
0.0155961
0.0526226
0.00260164
0.179724
0.00375501
0.00531021
0.0173927
0.00332401
0.0153742
0.0204366
0.00700836
0.00572353
0.00421686
0.00522484
0.00386766
0.00781999
0.0377411
0.0089871
0.00461059
0.155471
0.00194866
0.00183023
0.017184
0.0204944
0.147005
0.131085
0.011376
0.00344481
0.00491872
0.0026494
0.00865493
0.00575803
0.00605443
0.00212798
0.0121888
0.010891
0.0188722
0.00628111
0.161904
0.024221
0.0365843
0.278521
0.0079336
0.143277
0.00655821
0.0185446
0.206449
0.244535
0.00651231
0.01746
0.0225541
0.0406567
0.0183184
0.14551
0.113546
0.00617832
0.078749
0.089447
0.0436015
0.00635077
0.0108517
0.129878
0.00754099
0.108914
0.106017
0.0101528
0.0141649
0.0194537
0.0129845
0.200198
0.0628226
0.0516061
0.0374039
0.24766
0.0118317
0.0703603
0.00240395
0.244926
0.0237162
0.0290477
0.00639916
0.0385795
0.026307
0.0196797
0.00424418
0.00518897
0.286404
0.0113048
0.00822872
0.0067098
0.0063669
0.0356507
0.00689133
0.00653854
0.00234832
0.00974172
0.00406853
0.00205808
0.00538252
0.041644
0.0152329
0.00553346
0.0113477
0.0154034
0.0143392
0.010379
0.00621883
0.00908905
0.00894115
0.0102278
0.0911098
0.00529689
0.00646545
0.000450109
0.00521364
0.0118395
0.00756767
0.00255068
0.00738878
0.0154736
0.00552161
0.0259875
0.00293825
0.0529821
0.0670466
0.0107341
0.171501
0.0149259
0.0326122
0.00610116
0.0937243
0.00572498
0.0573688
0.0968757
0.0144012
0.0499438
0.00654628
0.0168842
0.0285804
0.0123783
0.0236322
0.0043233
0.0377107
0.0835423
0.126582
0.00684029
0.0807447
0.00310023
0.0339247
0.066708
0.0133325
0.163572
0.00487219
0.0158729
0.118584
0.159576
0.12114
0.248295
0.103781
0.143801
0.0231882
0.0555906
0.00296953
0.0066644
0.00307777
0.0119865
0.00447923
0.04637
0.00273124
0.11037
0.330671
0.00619046
0.00560739
0.00869718
0.0460154
0.00920179
0.289704
0.00833773
0.00927966
0.0766396
0.197392
0.00246887
0.00303749
0.0115586
0.00802118
0.0923472
0.0102253
0.0412455
0.00799544
0.0104491
0.00619496
0.0620729
0.00335789
0.0527013
0.00842295
0.00769906
0.00807425
0.00695477
0.00296539
0.129998
0.00860716
0.0082955
0.00769634
0.0167035
0.00796296
0.00944227
0.0140377
0.0464458
0.0036308
0.00842017
0.0121664
0.0167022
0.0117321
0.00938949
0.0100264
0.00479724
0.176737
0.00230878
0.0417538
0.0171586
0.00562137
0.0119988
0.00310434
0.00473312
0.10934
0.0171468
0.00598634
0.0135574
0.0103101
0.00959548
0.313453
0.00795814
0.00722626
0.00408243
0.00965649
0.00841855
0.00798141
0.00466462
0.00174359
0.524966
0.124748
0.00769332
0.023103
0.00642613
0.00321177
0.0112965
0.00395058
0.00495302
0.00232006
0.00540952
0.0112993
0.0111818
0.0109622
0.00635447
0.164003
0.00280419
0.00719082
0.0167475
0.00517746
0.00911615
0.00407016
0.0889525
0.0853333
0.0404009
0.00579062
0.026657
0.0497038
0.0127335
0.0164681
0.114401
0.0995401
0.038096
0.0420668
0.0463911
0.0185066
0.00861744
0.140065
0.140485
0.0703901
0.151741
0.0065322
0.133422
0.0259278
0.00726033
0.109247
0.0242708
0.07039
0.0533685
0.0186352
0.143725
0.0038289
0.0080086
0.0345432
0.0967437
0.0499054
0.00630499
0.193172
0.00729135
0.00772571
0.0815375
0.192134
0.00878751
0.0339334
0.00803433
0.0178954
0.0248225
0.0175004
0.0482903
0.016448
0.00219062
0.0214637
0.0452646
0.00471704
0.021812
0.0103031
0.0140383
0.0362922
0.010542
0.0165589
0.0653833
0.0201789
0.211162
0.00569594
0.333859
0.0056043
0.00581558
0.147379
0.00844085
0.0159962
0.294125
0.0126636
0.0211908
0.00714318
0.0497437
0.0349855
0.0157366
0.00320258
0.00576231
0.151893
0.0184077
0.0542518
0.0198504
0.00700805
0.0119133
0.078522
0.0178878
0.0254629
0.022554
0.013845
0.0125931
0.0170633
0.0498825
0.361309
0.0320325
0.0200583
0.0327356
0.0173219
0.0101752
0.00953873
0.0111336
0.0787019
0.019707
0.0221304
0.0191684
0.0172316
0.011168
0.0144712
0.00848972
0.00596658
0.0345957
0.042015
0.00600405
0.0538945
0.00320087
0.0174912
0.0113453
0.01789
0.00560821
0.00641975
0.0151943
0.0047788
0.00631128
0.00680575
0.0155726
0.00628076
0.00318478
0.00328049
0.0314704
0.0143601
0.0133227
0.00715576
0.00346066
0.00201808
0.00243995
0.00359964
0.0190947
0.0252696
0.00434401
0.010073
0.015039
0.0136761
0.0208644
0.0157413
0.0282011
0.00992449
0.00938886
0.00200871
0.0144151
0.0128503
0.0458648
0.0118867
0.0355513
0.0241023
0.00797278
0.0138788
0.0426102
0.013833
0.0197371
0.0200974
0.00571623
0.00810877
0.0212706
0.0161017
0.00699673
0.0257288
0.0108401
0.00609623
0.00330428
0.0113388
0.00741253
0.0124338
0.0131432
0.00348804
0.00505305
0.00400986
0.0095177
0.0257577
0.00201256
0.0227771
0.00501479
0.0110997
0.006922
0.0116816
0.0151795
0.00938858
0.00884377
0.00281828
0.0046087
0.00643251
0.0276852
0.0183948
0.0124626
0.00827946
0.00321642
0.0179557
0.00779725
0.0158805
0.00360234
0.00839388
0.0048535
0.00877495
0.0144385
0.00498473
0.0287721
0.00929397
0.0213174
0.00532989
0.0157604
0.00534593
0.00441635
0.00476129
0.00520938
0.00356774
0.0054269
0.0131336
0.00596769
0.00605508
0.00861663
0.0163255
0.00485335
0.00368777
0.0048168
0.00789883
0.00401121
0.00941315
0.00270354
0.00582558
0.0103845
0.0080675
0.00477266
0.00663437
0.00726879
0.00754221
0.00795274
0.0107053
0.00335624
0.00845072
0.0107788
0.0402988
0.137772
0.0118105
0.00219705
0.00310275
0.0141232
0.00584392
0.0159219
0.00862774
0.00864364
0.00901114
0.00934283
0.0516257
0.00649651
0.00676663
0.00402714
0.00407363
0.00337045
0.00672236
0.00854531
0.00422351
0.00574488
0.00410481
0.00984026
0.0124623
0.00192075
0.00745116
0.0307332
0.00194081
0.00671288
0.00617621
0.00672896
0.0337506
0.001427
0.0095032
0.00890747
0.0104906
0.00619833
0.00598154
0.0111124
0.00877084
0.00589957
0.0631417
0.00710468
0.0107986
0.0116691
0.0225232
0.0050059
0.010194
0.0265319
0.00504552
0.00458113
0.0187917
0.203501
0.0400023
0.0910458
0.134242
0.220869
0.0201819
0.028277
0.00479983
0.319877
0.0150084
0.0193755
0.140846
0.00687463
0.372387
0.0909331
0.0452986
0.0297226
0.00613241
0.0425214
0.0308414
0.11259
0.166717
0.0761874
0.108908
0.00939665
0.0714876
0.011771
0.0282927
0.0162921
0.00502686
0.120479
0.0377631
0.0513998
0.0452486
0.0994668
0.0142263
0.019103
0.00443623
0.00476399
0.0024803
0.137519
0.276239
0.0124462
0.00237286
0.00648276
0.0109732
0.00845602
0.0115545
0.0104625
0.00295777
0.0177598
0.006979
0.0106286
0.0488654
0.0133465
0.0400325
0.0120694
0.0220403
0.0015849
0.0157832
0.169116
0.019694
0.0066162
0.00573043
0.00754949
0.0376461
0.0149917
0.148576
0.0159706
0.00504472
0.189276
0.0088752
0.0493921
0.00721414
0.0810361
0.0255759
0.010889
0.00195172
0.00972796
0.00574702
0.0127138
0.0162511
0.0216235
0.0115085
0.00854298
0.00626037
0.0229276
0.00415027
0.0114559
0.00695828
0.00493988
0.160915
0.140329
0.00541974
0.0170587
0.0582849
0.029367
0.00951022
0.00416806
0.00989848
0.0139124
0.0083431
0.00375654
0.0179013
0.0268744
0.00967882
0.00132256
0.00955274
0.00234229
0.0134084
0.00668183
0.00674206
0.0327249
0.0379556
0.0071084
0.0608132
0.00663487
0.0206457
0.0211732
0.058444
0.0132023
0.0330396
0.00476026
0.0283385
0.00803833
0.00488677
0.0101644
0.0541419
0.00866162
0.0110581
0.0244606
0.00251978
0.00655942
0.0214906
0.00843021
0.0219322
0.0315694
0.00483476
0.120298
0.0144065
0.0591471
0.122222
0.00197152
0.0622938
0.0229092
0.0128325
0.173261
0.127964
0.00652383
0.00756878
0.0502692
0.024723
0.0130333
0.0112817
0.276638
0.189482
0.160671
0.0237908
0.0975352
0.0426005
0.0402515
0.258279
0.0274771
0.208875
0.162913
0.0240017
0.0995462
0.151065
0.0849965
0.220063
0.00613049
0.0751384
0.00719074
0.0166039
0.0151737
0.109592
0.0691403
0.0229467
0.0647677
0.107964
0.008894
0.0948225
0.00893647
0.267503
0.0112961
0.0230634
0.0250573
0.202853
0.00928749
0.127707
0.00978852
0.0487046
0.337012
0.12477
0.0814843
0.15763
0.140972
0.0729889
0.0874948
0.00836282
0.0704224
0.0754192
0.265598
0.11113
0.00734466
0.0261351
0.169572
0.0565832
0.00131114
0.07443
0.168045
0.00777983
0.258937
0.173895
0.153904
0.0661204
0.11888
0.0291281
0.0234883
0.0691449
0.0313293
0.0245229
0.0169332
0.0381667
0.135857
0.107466
0.154978
0.0242728
0.0124013
0.0281788
0.390392
0.0990028
0.0180054
0.0630748
0.0863976
0.163494
0.0325774
0.097354
0.0274288
0.0872889
0.00625816
0.00553483
0.0116849
0.209842
0.140238
0.15561
0.130382
0.0724856
0.0143582
0.0200528
0.00873396
0.00987303
0.0091082
0.00553361
0.0265194
0.0575653
0.0999992
0.0114023
0.0250445
0.0185343
0.0379125
0.0351232
0.00690165
0.0196514
0.0209619
0.00921965
0.00945426
0.00158155
0.0427057
0.0192303
0.016685
0.0402194
0.0643075
0.0297078
0.00957084
0.0110143
0.0261617
0.0822799
0.00560249
0.0243725
0.00321233
0.0117819
0.0141883
0.0274433
0.0136027
0.11271
0.0555049
0.0260307
0.000733625
0.00914585
0.0039356
0.0160404
0.0184019
0.0260814
0.00564811
0.0206769
0.0255688
0.00483966
0.0446251
0.0111137
0.00176701
0.0759993
0.00436201
0.111212
0.210632
0.0223194
0.00639386
0.00903393
0.0115709
0.0168638
0.124319
0.00240118
0.00596732
0.07228
0.0145254
0.103872
0.0564259
0.0225521
0.00434299
0.103271
0.00895934
0.151562
0.0374273
0.00696072
0.0673349
0.0209785
0.00494288
0.0129197
0.00199161
0.00874152
0.0239843
0.0958385
0.0113361
0.0601946
0.23747
0.131336
0.0627666
0.0144374
0.00716222
0.0266907
0.00742136
0.0315677
0.00245162
0.00964085
0.293499
0.00527943
0.0214904
0.00373513
0.153314
0.012206
0.00830249
0.00717533
0.0165466
0.0213255
0.00841478
0.00643437
0.00442008
0.00450645
0.0122732
0.0291621
0.0174885
0.0108738
0.148102
0.0401481
0.0553015
0.0126868
0.00372438
0.102473
0.040839
0.00444485
0.211972
0.16735
0.032218
0.333837
0.00962843
0.0883398
0.11563
0.0179886
0.208817
0.00986288
0.0196638
0.00830097
0.0145023
0.00715274
0.0323373
0.0203659
0.0221507
0.0271623
0.261175
0.0106039
0.0181682
0.014753
0.0238092
0.00686223
0.130358
0.256069
0.0137068
0.0097036
0.276825
0.153957
0.00561568
0.0457971
0.0240076
0.00799443
0.269878
0.0102326
0.0302909
0.0100824
0.00928792
0.00932502
0.120176
0.00393465
0.0189349
0.0554426
0.040005
0.0291086
0.0218165
0.0202628
0.00463605
0.0102818
0.00911988
0.25583
0.104461
0.0357383
0.0765416
0.0210415
0.00564586
0.0845584
0.0907484
0.00562233
0.272984
0.00489797
0.0266156
0.0309352
0.0504948
0.00603266
0.0126143
0.0337994
0.0087647
0.0568115
0.00711624
0.177706
0.0125553
0.139037
0.143697
0.00422843
0.0665679
0.00443612
0.021395
0.00643311
0.015898
0.00443744
0.0100153
0.0479508
0.0641204
0.142679
0.00879224
0.0116393
0.0029453
0.0653923
0.00911297
0.00909265
0.0286868
0.265934
0.00508373
0.00570646
0.0161558
0.509621
0.102716
0.0036545
0.0110008
0.0163171
0.007815
0.180489
0.0190489
0.00712658
0.00965283
0.00420114
0.0133131
0.0196631
0.166169
0.183438
0.0862425
0.0120613
0.00173339
0.0065554
0.0170815
0.017738
0.00433694
0.0132057
0.0221145
0.00971856
0.00802402
0.0080664
0.00791005
0.0380811
0.00104736
0.0145448
0.00392605
0.0103468
0.0175795
0.107015
0.083846
0.0771345
0.0183913
0.012218
0.084806
0.0283492
0.0290629
0.00254592
0.0927161
0.168497
0.0809365
0.00173363
0.153045
0.025085
0.00957378
0.0124019
0.245024
0.0118059
0.217419
0.191553
0.0141039
0.0206277
0.00184356
0.108839
0.0108736
0.0704314
0.0330369
0.0144959
0.0106138
0.375424
0.175283
0.104703
0.0640953
0.0992223
0.00495386
0.0162729
0.00929558
0.0114468
0.00325707
0.0450091
0.0396449
0.0549597
0.0107989
0.00814813
0.0105838
0.0126775
0.0107174
0.140475
0.0481096
0.010843
0.00353749
0.178201
0.0155159
0.00704544
0.00392578
0.00782473
0.00944551
0.00811662
0.00897629
0.246424
0.194509
0.00199071
0.00834087
0.16611
0.00225219
0.18939
0.0649719
0.0962311
0.0396549
0.0696854
0.0452303
0.00560887
0.0363554
0.440377
0.0284899
0.103726
0.341973
0.00845301
0.0306292
0.0114777
0.00484092
0.0391257
0.00517931
0.0606717
0.338484
0.0242992
0.195566
0.0157651
0.0073707
0.0419446
0.0247343
0.00544782
0.00713762
0.0172621
0.0370278
0.14393
0.00155427
0.0296958
0.0304594
0.027887
0.0112221
0.0528601
0.192558
0.0166588
0.0172897
0.0676512
0.31473
0.00736322
0.00784998
0.0113883
0.0558823
0.115594
0.00961519
0.0352643
0.13011
0.00614446
0.0175694
0.119809
0.00594556
0.0478124
0.167773
0.00984502
0.011375
0.109516
0.164656
0.0129452
0.108942
0.0237329
0.0115772
0.0218533
0.0367917
0.0193512
0.00516606
0.0705265
0.0611584
0.00991797
0.012404
0.0178646
0.302095
0.11173
0.00773168
0.0108729
0.030585
0.0932184
0.00390115
0.00363315
0.0199901
0.0398955
0.0053471
0.0121977
0.166239
0.0273908
0.023041
0.0534587
0.21402
0.150908
0.0927127
0.0495379
0.00969914
0.0716484
0.00578227
0.258681
0.225203
0.00600525
0.00830285
0.00949999
0.111817
0.185332
0.00454613
0.0763931
0.132972
0.00765057
0.035328
0.178469
0.018487
0.0212859
0.0458364
0.0104583
0.00900129
0.0172158
0.0345715
0.00956323
0.0201383
0.0112829
0.0280868
0.0194293
0.112046
0.0427078
0.0495629
0.0120606
0.0173995
0.0317822
0.0153197
0.0157551
0.0301766
0.0542206
0.00551959
0.0139273
0.00319403
0.00761164
0.0391575
0.00656054
0.0446207
0.0355831
0.18604
0.0794661
0.0640787
0.00679386
0.00955005
0.00159583
0.0117146
0.0381759
0.00562915
0.0103593
0.00297813
0.00285413
0.0107765
0.0154723
0.0183089
0.0343945
0.00770344
0.0167982
0.0314974
0.00516665
0.00738539
0.027152
0.140598
0.0702764
0.0179523
0.0994607
0.00899455
0.0289099
0.0080937
0.0220652
0.0218686
0.00586935
0.0278702
0.0332303
0.22637
0.0312975
0.0909218
0.170893
0.0673694
0.0057613
0.00608846
0.00267486
0.00846622
0.0746753
0.0642412
0.0808242
0.0241559
0.0516715
0.0104438
0.0140633
0.00795671
0.00410082
0.120286
0.0748353
0.106951
0.0517732
0.023372
0.00727701
0.0781059
0.0160687
0.00377241
0.00496756
0.0181095
0.0585167
0.00806193
0.00323131
0.0713695
0.00748473
0.168538
0.110595
0.0094267
0.0158938
0.0452469
0.00195034
0.0117468
0.148062
0.0497029
0.0194411
0.0102403
0.0232576
0.00613836
0.0157042
0.00702498
0.0117608
0.0107086
0.0207968
0.02271
0.0129178
0.0752768
0.0133996
0.0162962
0.052551
0.00558726
0.00227213
0.00486662
0.213289
0.00450142
0.00351642
0.0109806
0.00507062
0.0223858
0.0171427
0.0565441
0.0855812
0.00322381
0.00542391
0.0274935
0.00744152
0.121125
0.0382056
0.0123624
0.00983593
0.00188823
0.00842656
0.0856327
0.00497212
0.0644811
0.00542226
0.0123748
0.00555373
0.0035462
0.0112638
0.00699977
0.00414609
0.00813029
0.0582037
0.0347593
0.0649085
0.00716462
0.0613196
0.0103344
0.0158439
0.00191206
0.0712782
0.00693084
0.031735
0.00916593
0.00820828
0.0155255
0.00865045
0.0160786
0.00662222
0.0229732
0.0121806
0.0035318
0.00970973
0.0147169
0.00961557
0.010586
0.0124747
0.0450211
0.00222617
0.00958194
0.00726849
0.0109671
0.0139333
0.0102042
0.0169861
0.0194508
0.00668256
0.00316421
0.0101594
0.00576885
0.00283633
0.00469949
0.00486792
0.00882646
0.00807595
0.00481991
0.00873539
0.00486355
0.0078757
0.00133471
0.0058397
0.00493604
0.0246091
0.00589043
0.0131444
0.00523954
0.00860128
0.00280764
0.0151916
0.00478435
0.0411825
0.00496837
0.00515394
0.0276049
0.022521
0.0243495
0.0543422
0.0410355
0.00504048
0.00870282
0.00383173
0.010365
0.0351673
0.108299
0.0110387
0.00250583
0.00409653
0.00896333
0.00494602
0.00950511
0.0188814
0.00899258
0.0172969
0.00937904
0.0488856
0.056387
0.00784137
0.0213818
0.0117697
0.00448901
0.0414761
0.21399
0.138531
0.0383955
0.0311027
0.01286
0.0157201
0.0110119
0.00715738
0.0106647
0.0139816
0.0116647
0.0777608
0.0294833
0.025903
0.0547453
0.0141383
0.00318318
0.00421032
0.0156507
0.00603788
0.0771695
0.0119686
0.00754632
0.0565374
0.11188
0.00401631
0.00232315
0.0173144
0.00715708
0.00620265
0.00956516
0.00522138
0.0297132
0.00924255
0.348526
0.00734949
0.0275441
0.0182061
0.00867465
0.028044
0.0376634
0.0121739
0.00904793
0.011803
0.00881703
0.0029768
0.0150523
0.00484056
0.00998048
0.019092
0.00734193
0.00825278
0.00845044
0.00965466
0.0187292
0.0056703
0.0157139
0.00786022
0.0282717
0.0104447
0.00439353
0.0116372
0.00189645
0.107867
0.00676676
0.0365773
0.0167915
0.0976811
0.012006
0.0120494
0.0249958
0.00378389
0.00526838
0.0102472
0.0439017
0.00356177
0.00647511
0.00777164
0.00739581
0.0359379
0.00681272
0.0231608
0.00911452
0.00593486
0.185215
0.0180261
0.00906412
0.00662175
0.101623
0.00771425
0.0543404
0.0097329
0.0133891
0.00527662
0.00709918
0.00837473
0.011367
0.0245314
0.00760818
0.00748151
0.0105592
0.120622
0.00898073
0.00438216
0.0102537
0.014585
0.106658
0.0251018
0.0171997
0.0129243
0.0180454
0.00914874
0.00704653
0.120716
0.00525716
0.0411187
0.017027
0.00425002
0.0487537
0.0227568
0.0147976
0.0615848
0.0112738
0.00675154
0.00539643
0.0575558
0.0108078
0.0169229
0.00791614
0.00383057
0.00388339
0.0422397
0.0348792
0.0984579
0.0420688
0.0124565
0.0286843
0.028798
0.212081
0.00623067
0.00937734
0.014617
0.840636
0.026634
0.00884206
0.0202427
0.00632391
0.140652
0.0707001
0.00299625
0.156026
0.0257153
0.0260516
0.0714355
0.00242673
0.00184482
0.00810221
0.00520593
0.00421162
0.00707414
0.00339751
0.183697
0.00479814
0.0183567
0.0198507
0.00746071
0.0209836
0.0547088
0.00348753
0.0161361
0.0103293
0.00496935
0.00103482
0.00623006
0.00191446
0.14516
0.0124937
0.0878958
0.190051
0.0122295
0.00904656
0.0436597
0.0221534
0.0270852
0.0149741
0.0111643
0.0149571
0.0068399
0.0265514
0.0030104
0.0198022
0.0129331
0.056254
0.0165601
0.0120421
0.0271628
0.00559108
0.0102028
0.0244084
0.0120351
0.00446914
0.00586157
0.0318188
0.00368017
0.0062003
0.0161789
0.00668588
0.00523532
0.0103836
0.0068023
0.00763181
0.0121966
0.0134286
0.0076009
0.0286609
0.0122858
0.0150223
0.00559351
0.0158673
0.0164276
0.00743759
0.0264404
0.0109543
0.0254613
0.0075644
0.0269575
0.006576
0.00453181
0.00197053
0.00885488
0.013506
0.00776209
0.0124208
0.010895
0.00410241
0.00617448
0.0136754
0.0253272
0.00683984
0.0104123
0.00473327
0.00706334
0.00848356
0.00991538
0.00742336
0.00707373
0.00637817
0.00877069
0.00566756
0.00482008
0.00861075
0.00817611
0.00520986
0.0145237
0.0148733
0.00878026
0.00361109
0.013595
0.0108134
0.0215779
0.00570768
0.00925008
0.0566375
0.0246648
0.00730549
0.00562708
0.00733176
0.0104837
0.00330711
0.00153036
0.00678117
0.00874353
0.00204085
0.00803821
0.0125924
0.0147609
0.00509956
0.0121814
0.0290091
0.0148149
0.00960559
0.0176501
0.0167118
0.123857
0.0076455
0.00951704
0.00899908
0.0103849
0.0127231
0.00328374
0.00849017
0.0201316
0.00750111
0.00378896
0.0129607
0.0207291
0.0247392
0.0103068
0.00615789
0.00274095
0.0149185
0.0130593
0.0437454
0.00464157
0.0124606
0.00380874
0.00416347
0.0173613
0.019735
0.00469282
0.00572998
0.00883769
0.0146415
0.00702396
0.0437527
0.00916324
0.0114103
0.00435467
0.00540272
0.00855782
0.0348996
0.0141847
0.0108621
0.00609837
0.00994374
0.0017556
0.0173363
0.0102734
0.0123959
0.0103028
0.00490437
0.00694198
0.0123149
0.00833866
0.017254
0.00179695
0.104523
0.0113087
0.00560081
0.00431675
0.00794932
0.00603932
0.00269433
0.00565311
0.00530658
0.0149047
0.00546826
0.0124523
0.0063386
0.00144691
0.00472115
0.00795211
0.0123092
0.0115469
0.00653534
0.0135667
0.0246155
0.0200231
0.00412563
0.149321
0.00584966
0.010556
0.00798166
0.00254962
0.0154575
0.00983572
0.0120633
0.00708049
0.00248533
0.496999
0.00543716
0.00872776
0.00647496
0.00853323
0.00681655
0.0157961
0.0093054
0.00646079
0.0153066
0.00438776
0.00238251
0.00929552
0.00473008
0.00811904
0.00720963
0.0602582
0.00328431
0.00959048
0.00305674
0.00639211
0.00866538
0.056155
0.00512138
0.00343289
0.00706595
0.00921432
0.00124547
0.0147789
0.00950474
0.00675621
0.0116959
0.00831624
0.00964803
0.00521168
0.0125643
0.0145648
0.0884771
0.00971648
0.00777047
0.016309
0.00542514
0.00817107
0.00713001
0.00733576
0.00464348
0.0288826
0.00904901
0.00507987
0.0322389
0.00209876
0.0755895
0.0284284
0.0572559
0.0462763
0.0528006
0.0652905
0.0238111
0.0131702
0.104248
0.00982324
0.0347599
0.202441
0.0208122
0.0513332
0.00759176
0.0116561
0.0052597
0.0127045
0.02693
0.0551886
0.185406
0.00384504
0.0148662
0.0134509
0.0483424
0.00214655
0.0199486
0.0166064
0.00575564
0.00968627
0.0238614
0.00675431
0.00690576
0.196918
0.0855749
0.0430268
0.00757178
0.00380627
0.00885271
0.0609748
0.036988
0.00866822
0.00913846
0.0631491
0.0290797
0.00440724
0.044905
0.157903
0.0196788
0.009742
0.1138
0.004704
0.00944373
0.0353511
0.00358217
0.0207691
0.0583781
0.0140216
0.0593122
0.0331765
0.17026
0.0476076
0.036378
0.0106807
0.100318
0.130035
0.0449114
0.00563961
0.0943971
0.00791969
0.0178299
0.0221379
0.0184891
0.116874
0.0461891
0.0269322
0.0141405
0.0615866
0.378195
0.288266
0.0996763
0.0107552
0.00829854
0.0201653
0.0285608
0.00670015
0.0668211
0.0151575
0.00719633
0.0116363
0.11174
0.301667
0.00935716
0.0147174
0.00320909
0.0309435
0.00265969
0.0839402
0.00984157
0.0083207
0.00624738
0.024941
0.00905947
0.0414988
0.0127823
0.0137164
0.0186934
0.0123737
0.00971368
0.0190865
0.222902
0.013533
0.121842
0.033746
0.00707053
0.0234093
0.0102769
0.0254438
0.00322154
0.0201786
0.00494476
0.0132047
0.0155927
0.0502639
0.0941013
0.0849043
0.0156059
0.00311967
0.0280566
0.00454005
0.0550452
0.0057356
0.0040559
0.00695432
0.0595459
0.00594143
0.00736211
0.0104824
0.0230484
0.0125867
0.00637992
0.0111865
0.0164504
0.0180999
0.00667148
0.0145168
0.0114859
0.013213
0.0101233
0.0250418
0.00219754
0.00433628
0.00490785
0.00419234
0.00266314
0.0215955
0.00452386
0.015285
0.00673427
0.0110564
0.00704781
0.00864
0.00491232
0.00386206
0.0112341
0.0211293
0.00453663
0.00499361
0.00545098
0.00513354
0.0172823
0.00974832
0.0175055
0.0271337
0.026503
0.0253052
0.00545042
0.0109128
0.0243268
0.0106984
0.00641529
0.117929
0.00426114
0.0023937
0.0170446
0.00189867
0.0148913
0.00366041
0.0101911
0.00916067
0.0061752
0.0081871
0.0693871
0.00927986
0.101623
0.0121537
0.00743292
0.0237909
0.0270901
0.108653
0.0156604
0.0184393
0.0262374
0.00243178
0.00465362
0.0136281
0.0143095
0.0363363
0.0072785
0.00979648
0.21697
0.0705391
0.00908864
0.00784903
0.00678955
0.0101441
0.00366586
0.00519959
0.0069735
0.00526779
0.00414722
0.00364217
0.00495701
0.0181707
0.00769715
0.00944695
0.00431034
0.003094
0.00701445
0.00531002
0.00658612
0.00197438
0.00696194
0.0118165
0.00557967
0.00640341
0.00546877
0.00946052
0.00792277
0.00872664
0.0056202
0.00185095
0.00653988
0.0107422
0.00276444
0.00197504
0.0044658
0.00253096
0.00948002
0.0083751
0.0190128
0.00907893
0.00179934
0.0123022
0.00233798
0.0140219
0.0127279
0.0158892
0.0209745
0.112117
0.00724022
0.0206509
0.0173567
0.00885105
0.0106446
0.00357536
0.0201453
0.00402647
0.00476812
0.0100055
0.00463124
0.0123687
0.00705983
0.00277596
0.00425711
0.00462649
0.00347692
0.00877812
0.00499605
0.0093769
0.0079661
0.00122662
0.0100092
0.0130411
0.00815088
0.00434749
0.00997275
0.00178869
0.00847177
0.0375311
0.00769623
0.00738745
0.111256
0.152525
0.0494975
0.0626869
0.00227976
0.00968739
0.00947954
0.108523
0.148446
0.00237389
0.0119489
0.010835
0.00693465
0.0165783
0.0237136
0.00824069
0.105952
0.00444517
0.0114047
0.0132493
0.00234913
0.00702212
0.00679838
0.00198656
0.00420446
0.0143285
0.0150365
0.0745614
0.0471378
0.0148357
0.00807868
0.00758521
0.0056298
0.00802884
0.0404758
0.0067451
0.00848128
0.0077212
0.260436
0.0492096
0.0356152
0.37966
0.0756616
0.19597
0.00671634
0.0963301
0.0306292
0.279676
0.0086439
0.0768075
0.00984158
0.0077235
0.135632
0.00491164
0.0495094
0.00325165
0.00543488
0.00350061
0.00638414
0.317483
0.000970423
0.00847424
0.206889
0.28465
0.0043197
0.00638988
0.0124205
0.0186138
0.107022
0.00404844
0.0120598
0.0596087
0.279711
0.0111157
0.15741
0.148739
0.00875456
0.0043434
0.032249
0.204171
0.0092213
0.00515972
0.0191595
0.0119129
0.0106993
0.0120473
0.0178445
0.0164755
0.00833024
0.281227
0.226483
0.0322045
0.0500696
0.0525602
0.00893402
0.00416745
0.0143077
0.00822042
0.0139642
0.00408227
0.00581803
0.296903
0.00358479
0.00924452
0.0434878
0.00699114
0.0059506
0.00301695
0.0118402
0.0673493
0.0829916
0.0634411
0.0467445
0.0108345
0.00793886
0.00629288
0.00739506
0.00350067
0.0157153
0.00675013
0.013576
0.0130177
0.035623
0.00422704
0.148001
0.165388
0.00212823
0.0223426
0.00669193
0.00372475
0.0142742
0.0104879
0.00246825
0.00440039
0.0240063
0.0118416
0.0113654
0.00393516
0.00611443
0.00815821
0.00915061
0.0163588
0.190501
0.00703367
0.00652521
0.00854968
0.00386312
0.0440406
0.010069
0.0518531
0.0666211
0.0141596
0.0347836
0.0203833
0.000871012
0.0106563
0.0169436
0.00235308
0.0114396
0.0045468
0.003435
0.00420059
0.00283873
0.0363764
0.01928
0.0133036
0.00896022
0.0080479
0.00770574
0.00280117
0.0058435
0.0721153
0.0525374
0.0153856
0.00737542
0.00531265
0.026516
0.00516901
0.0278889
0.0126989
0.0179727
0.00524596
0.00371596
0.0105908
0.00743458
0.0113521
0.0156762
0.00834948
0.00527085
0.00503605
0.012847
0.440885
0.0155637
0.00378948
0.00378909
0.0113567
0.0147753
0.0162385
0.00403673
0.00985774
0.0285571
0.00539703
0.0107672
0.00296452
0.00844441
0.00725276
0.0102748
0.0210324
0.028042
0.00859664
0.00346301
0.0199987
0.00623907
0.0152839
0.0142198
0.0177927
0.00878527
0.00446387
0.0168779
0.0438622
0.0137404
0.020514
0.00679345
0.0171902
0.00847637
0.00967581
0.0253764
0.0170925
0.0199798
0.0214419
0.0490284
0.0149149
0.0251341
0.011014
0.0103529
0.0105183
0.00796796
0.0216649
0.00497144
0.00223845
0.00975942
0.00492498
0.0107163
0.0077849
0.0102331
0.0271614
0.0133247
0.00613494
0.00742238
0.0169126
0.150171
0.0232951
0.0245618
0.00122326
0.0126373
0.0166857
0.00768618
0.0217215
0.0130196
0.0106878
0.00952971
0.0088984
0.0105762
0.00476607
0.00417085
0.00818797
0.0162764
0.00450368
0.0459144
0.0106148
0.00932548
0.00406062
0.00623249
0.0013229
0.0076774
0.0223957
0.0158094
0.00998269
0.00656911
0.0107034
0.0396433
0.0130318
0.0130041
0.00675737
0.0123546
0.00930793
0.0336967
0.00618218
0.0507744
0.00835937
0.0209342
0.00470792
0.00653091
0.00866196
0.00823251
0.00711027
0.00820101
0.00522696
0.0156382
0.0353957
0.00486772
0.0305708
0.00436877
0.00988367
0.0134611
0.0218342
0.0119481
0.0170807
0.0195283
0.0101871
0.00658903
0.00660162
0.0145335
0.0125289
0.0101225
0.00993513
0.009515
0.00731442
0.00671585
0.00774313
0.00777279
0.01151
0.00194143
0.00582428
0.00772812
0.00972898
0.0384297
0.0114301
0.00860876
0.0202916
0.00963447
0.0121834
0.0162496
0.00787162
0.0105055
0.0184002
0.00513096
0.0044549
0.00912423
0.0105266
0.00820201
0.0109804
0.00542958
0.00873046
0.0183109
0.00467828
0.0060713
0.0131198
0.00332476
0.0101908
0.00446234
0.00804319
0.00519986
0.0120132
0.0158738
0.00447124
0.00693974
0.00688117
0.00851625
0.00263592
0.00478108
0.0057008
0.00264729
0.0052897
0.0105181
0.0055169
0.0130825
0.00677525
0.00566709
0.00409769
0.00288881
0.00452554
0.0212473
0.0103999
0.00745505
0.00552299
0.00704764
0.00302494
0.0092678
0.00286931
0.00709135
0.00901295
0.00744088
0.00416738
0.0035718
0.00364711
0.000513557
0.00441303
0.00834733
0.0131794
0.0114207
0.0122514
0.00914824
0.00388208
0.0126362
0.0559805
0.121099
0.0828229
0.303226
0.0500946
0.0354547
0.00514903
0.02128
0.176482
0.0180574
0.187966
0.00519994
0.0092496
0.146325
0.0897415
0.00588277
0.176963
0.264422
0.0107129
0.00433401
0.0103542
0.0239288
0.316041
0.0254978
0.11319
0.00534858
0.00647192
0.00323053
0.00611838
0.0225982
0.154401
0.0483234
0.0109288
0.0375675
0.0187455
0.0550292
0.211307
0.026017
0.00711553
0.126663
0.0498923
0.125194
0.0323462
0.103631
0.00576878
0.00873015
0.073954
0.146752
0.00756641
0.0353228
0.0033872
0.132307
0.00405005
0.0555161
0.00822269
0.0391094
0.36043
0.0117921
0.00565855
0.278377
0.00821649
0.037033
0.010678
0.0268252
0.0141123
0.192726
0.00339141
0.188476
0.00658004
0.0285346
0.0139434
0.0439847
0.0587817
0.106379
0.189999
0.0369508
0.204142
0.140581
0.138458
0.00794254
0.00716663
0.00432579
0.0803689
0.0876274
0.0154614
0.0142405
0.010295
0.00528026
0.00598816
0.00526216
0.016193
0.0400584
0.252055
0.00590941
0.00337827
0.0103994
0.00202333
0.00462483
0.0134745
0.0364805
0.00578058
0.0119556
0.013611
0.00361272
0.0270617
0.0906739
0.00694014
0.00302165
0.0488131
0.047283
0.0131132
0.138702
0.060003
0.0771275
0.104882
0.0818966
0.0143931
0.260904
0.00786961
0.238398
0.0188815
0.00276207
0.0607954
0.00487996
0.120901
0.146032
0.0396185
0.288574
0.0131805
0.0139394
0.00905235
0.0668798
0.00849552
0.103872
0.00740418
0.0821877
0.0557532
0.0917695
0.0539637
0.0165698
0.00268187
0.0149918
0.161356
0.118042
0.0521826
0.202966
0.129922
0.00588167
0.0286728
0.054554
0.321875
0.00304545
0.105267
0.0801205
0.0213044
0.0213088
0.00752846
0.0339231
0.0183975
0.00359803
0.0216735
0.0581632
0.0232112
0.0302468
0.0109851
0.0025048
0.00473328
0.053961
0.0647282
0.0165366
0.0153144
0.0394395
0.00389963
0.0261579
0.0046288
0.0317667
0.0024664
0.0289514
0.221571
0.0749507
0.0114271
0.102771
0.0767307
0.0425725
0.0903168
0.0149053
0.0121842
0.223767
0.0103784
0.0507559
0.115775
0.00858945
0.0244716
0.0404607
0.0376691
0.0401837
0.0164861
0.0208926
0.0072411
0.138513
0.297452
0.220416
0.0510179
0.0088557
0.0240344
0.0104659
0.0635762
0.0464616
0.122534
0.0570282
0.203621
0.0153085
0.129358
0.146699
0.0700154
0.135452
0.00209623
0.0179673
0.0111144
0.00899787
0.0204704
0.0171337
0.0259574
0.0243057
0.0258329
0.000865832
0.0122641
0.0498588
0.0673413
0.256903
0.0404877
0.179592
0.00622561
0.0342484
0.0421807
0.142895
0.00640868
0.0587015
0.00647124
0.00389897
0.0577318
0.0244619
0.0613886
0.00315022
0.043521
0.0727805
0.0223492
0.00440561
0.00484086
0.158035
0.00914054
0.0535652
0.0487767
0.0103624
0.00918479
0.0284627
0.339362
0.137958
0.0444458
0.0858686
0.0145954
0.0280343
0.0120638
0.0284838
0.203082
0.0042247
0.0296765
0.0052009
0.00323549
0.0221269
0.0652435
0.0312531
0.012653
0.0172451
0.00814378
0.0968765
0.0240536
0.00760261
0.0373961
0.0683501
0.14982
0.100474
0.0243783
0.0559497
0.00404798
0.015787
0.118108
0.0112351
0.00373306
0.0644744
0.0308911
0.0172823
0.00664256
0.0132029
0.257649
0.0199968
0.0360008
0.081138
0.0212488
0.0125552
0.0123329
0.00860818
0.00494792
0.0107768
0.00759612
0.00819419
0.253756
0.0150353
0.044343
0.0088235
0.00977904
0.0489181
0.0403329
0.0845793
0.0114596
0.0456449
0.00755009
0.0791688
0.00820948
0.0130474
0.0186083
0.00580542
0.26375
0.0846644
0.0124637
0.0101486
0.148309
0.00212776
0.264093
0.0360896
0.0935012
0.00711001
0.00651634
0.0235242
0.00390844
0.0280227
0.0145508
0.00614715
0.028263
0.085658
0.0150586
0.00738248
0.0208158
0.00267247
0.00541796
0.0758596
0.00581113
0.0108982
0.0380454
0.00334527
0.0602653
0.00722937
0.0167615
0.00597771
0.0130203
0.0308383
0.00701829
0.0392824
0.0088072
0.00481912
0.00918507
0.188405
0.00366226
0.00352619
0.0253619
0.0298306
0.0122249
0.0274206
0.0109596
0.0219862
0.0113708
0.192209
0.0896398
0.0038735
0.0121732
0.0161711
0.010055
0.0133037
0.0246783
0.00441819
0.00586529
0.0132109
0.0180332
0.00562664
0.0107291
0.0150316
0.127045
0.00327646
0.0377762
0.00742612
0.121535
0.0057708
0.26439
0.136732
0.0508
0.0248147
0.0101458
0.0128452
0.00903747
0.0034618
0.00308288
0.00354657
0.013414
0.0294754
0.0029274
0.00460052
0.0132288
0.0253335
0.00471429
0.0263041
0.0137884
0.00618781
0.013962
0.00855881
0.0435429
0.00556245
0.00809493
0.0181979
0.00395041
0.0116037
0.0126066
0.00514437
0.005138
0.0490524
0.0246485
0.0187336
0.0124801
0.0181626
0.00748271
0.0163418
0.337992
0.0106484
0.00929484
0.00797552
0.0632047
0.258256
0.176435
0.00975864
0.0115018
0.0116092
0.0087749
0.00292399
0.0204184
0.0161773
0.00993257
0.00773402
0.266002
0.00892049
0.00981313
0.00322882
0.00926433
0.0395221
0.0433329
0.00865521
0.0518584
0.0215127
0.0115893
0.00853456
0.0123033
0.0145144
0.0265266
0.0175108
0.00759605
0.203331
0.00523648
0.0978064
0.0216107
0.00224326
0.122148
0.0147872
0.191491
0.0130614
0.00651238
0.0134248
0.024356
0.012181
0.00405307
0.0036483
0.0168559
0.00824801
0.00542645
0.00868766
0.00498773
0.0150127
0.00558862
0.0146856
0.010432
0.00857574
0.00541567
0.00389019
0.0160155
0.0036776
0.00758822
0.0145256
0.00908929
0.00918609
0.0102205
0.00525612
0.170807
0.00256423
0.00721986
0.0055491
0.00986557
0.0160025
0.00726996
0.013534
0.00347721
0.193408
0.0100985
0.00673109
0.0055915
0.010728
0.00715399
0.10322
0.0131617
0.0100492
0.0225632
0.0122651
0.00824128
0.00941467
0.00380538
0.0127098
0.00911792
0.0760793
0.00937496
0.0149345
0.0154411
0.00878812
0.0108615
0.00416708
0.136459
0.0137151
0.00539974
0.00824164
0.00723265
0.0712621
0.0147364
0.00563524
0.00392288
0.0656131
0.029942
0.0383014
0.355291
0.0603317
0.161131
0.0143705
0.00178921
0.0198809
0.0321938
0.0451863
0.0191203
0.16891
0.00601575
0.0113811
0.0154844
0.00930816
0.0471486
0.0186058
0.0187526
0.00729745
0.0025526
0.00816316
0.00882554
0.00827867
0.00710607
0.0279154
0.0525271
0.00445356
0.0201526
0.00986997
0.110872
0.0321498
0.0384767
0.0524232
0.0112452
0.0771712
0.0434895
0.0267215
0.139105
0.0201783
0.110821
0.0702172
0.0227087
0.0149967
0.28835
0.00775944
0.00975147
0.00824027
0.0269788
0.00793407
0.00401302
0.0194586
0.024263
0.00580448
0.0062954
0.133233
0.0280192
0.134952
0.00127382
0.0137223
0.00754261
0.00777394
0.0384208
0.0568043
0.0168379
0.021447
0.026771
0.00317107
0.00122217
0.0325034
0.216858
0.0148244
0.0163207
0.0132609
0.0527165
0.00972722
0.0170649
0.00856707
0.427268
0.123539
0.00269635
0.0232516
0.0126893
0.0185447
0.029837
0.0097902
0.0456653
0.0563078
0.0731564
0.415318
0.0294473
0.0227177
0.0152035
0.227598
0.0235788
0.00701709
0.0366329
0.098667
0.00868609
0.0133545
0.0243344
0.00514258
0.0113494
0.287925
0.0127096
0.0274302
0.0749171
0.0369699
0.00952028
0.0880553
0.0281306
0.025594
0.0109191
0.00596824
0.0107387
0.00262598
0.00985633
0.0714922
0.00742109
0.0164628
0.00464416
0.00331705
0.00876094
0.0349441
0.0132342
0.00704062
0.010956
0.0428403
0.0596995
0.0079969
0.0480715
0.00151865
0.00460669
0.00449719
0.00839638
0.0157295
0.0014491
0.0181883
0.041265
0.0954649
0.0610639
0.00758938
0.00525984
0.00237577
0.00581413
0.0148345
0.025976
0.0168024
0.00811193
0.0131068
0.081097
0.00598118
0.00577462
0.00546169
0.00192262
0.00647543
0.0141927
0.0173001
0.00746718
0.0885373
0.00856046
0.00788066
0.177486
0.0236918
0.00749201
0.00548811
0.0468337
0.0297041
0.0100408
0.00228511
0.0196518
0.0112845
0.0052328
0.0139873
0.019479
0.0615566
0.0103614
0.0236332
0.0257612
0.0436724
0.0925494
0.00648991
0.0148386
0.0139358
0.00685668
0.0905512
0.0347991
0.0291921
0.183549
0.0288304
0.00441621
0.0141814
0.0658249
0.00524404
0.0338079
0.0198403
0.00600052
0.0258128
0.00493682
0.0210402
0.00347579
0.0457673
0.0430746
0.00992931
0.00429593
0.0343939
0.00770528
0.0105337
0.0094921
0.0188639
0.00419242
0.0100229
0.00656565
0.0200381
0.00503148
0.0331828
0.00495589
0.0133202
0.0133337
0.0110202
0.00337282
0.0443984
0.00581799
0.0041634
0.0136257
0.0292331
0.00213242
0.0336177
0.0110739
0.00826246
0.0272629
0.023154
0.0145312
0.00954108
0.018138
0.0236894
0.00978551
0.0150295
0.00319422
0.00285428
0.00926699
0.0104719
0.085395
0.0339119
0.0110012
0.0250788
0.00493414
0.0219951
0.0727235
0.0736884
0.012239
0.0116105
0.0282021
0.0116228
0.0156683
0.0251548
0.0194909
0.00174539
0.035278
0.00321671
0.00857929
0.00908262
0.00985353
0.0127808
0.0569527
0.0208838
0.0434115
0.00616075
0.0269093
0.0204226
0.00913178
0.00534674
0.0329704
0.014133
0.017582
0.00376602
0.0113313
0.00646253
0.0148324
0.019021
0.00808395
0.0155588
0.0128917
0.00902128
0.007934
0.00643261
0.0107886
0.00553757
0.00503552
0.0221071
0.013528
0.00922008
0.0109358
0.196133
0.00378303
0.00679788
0.0279155
0.0075413
0.00318432
0.0217876
0.010864
0.0144352
0.0171943
0.000141286
0.00760156
0.00666501
0.00569313
0.0076706
0.00828055
0.00434391
0.00577525
0.00870792
0.00706381
0.00631184
0.0146411
0.0268647
0.00923914
0.0119821
0.00237235
0.00886728
0.0317052
0.0085558
0.00742604
0.00138085
0.00445595
0.0165178
0.00310595
0.00322856
0.024003
0.0234505
0.0052328
0.0066652
0.0154087
0.00573406
0.0161949
0.0197421
0.00965163
0.00244013
0.0284166
0.00569639
0.00929695
0.011398
0.00226762
0.00757643
0.0203813
0.00867567
0.0158966
0.00737013
0.0040806
0.00924013
0.0124682
0.00446121
0.00960311
0.00454354
0.0167477
0.0130661
0.0173932
0.00650874
0.0151512
0.0178329
0.00636658
0.0101175
0.0214824
0.0177176
0.0161931
0.00385408
0.00326904
0.00487367
0.00177685
0.0178383
0.00281199
0.0151916
0.0114731
0.0109918
0.0231711
0.00830362
0.00867152
0.0096722
0.00539115
0.00907007
0.0101106
0.00364657
0.00426554
0.0155045
0.00889096
0.0241747
0.0163141
0.0170874
0.0128618
0.00366718
0.00172719
0.00391103
0.0062738
0.00591979
0.00803686
0.00490735
0.00677593
0.0107443
0.0076729
0.0123563
0.00618667
0.0048611
0.000976832
0.0157709
0.00342471
0.00299393
0.00950423
0.00772831
0.00647167
0.00219857
0.0113989
0.00980997
0.00873737
0.00270428
0.00955934
0.00657054
0.00422484
0.00567651
0.0152641
0.00895455
0.00964821
0.00723327
0.00383464
0.00547809
0.00665084
0.00405719
0.00886276
0.00710776
0.00321669
0.00744824
0.00147976
0.00733748
0.0178731
0.00867246
0.00211913
0.00738989
0.00798005
0.00583243
0.00734736
0.0111644
0.000775531
0.00809325
0.00834943
0.00302743
0.0052347
0.01163
0.0128555
0.147632
0.00768128
0.00704321
0.00598922
0.0777206
0.0230741
0.00536745
0.00233158
0.0100285
0.00164462
0.0790479
0.0123643
0.0188426
0.0354271
0.0452126
0.00237335
0.0575159
0.0210398
0.00606625
0.0179259
0.0525685
0.00941741
0.00587631
0.0852399
0.0132215
0.00919552
0.0145084
0.00887842
0.023196
0.0141068
0.00475671
0.0401381
0.000951618
0.112722
0.0273329
0.0210743
0.0227698
0.00584962
0.00449688
0.152713
0.00249211
0.00824997
0.0332908
0.218625
0.0132042
0.0279524
0.0284653
0.0838674
0.0717229
0.0131708
0.0825009
0.0178248
0.0156991
0.070979
0.0178576
0.0498267
0.00687336
0.0141183
0.0236608
0.0724677
0.00631842
0.0185372
0.0319495
0.00196935
0.0149034
0.0385205
0.00470397
0.0232699
0.126022
0.0331073
0.0114979
0.0303526
0.00502184
0.0301056
0.0554677
0.0390958
0.0155658
0.00388774
0.00605297
0.0689867
0.0957982
0.0101558
0.143472
0.00836044
0.0112711
0.00547346
0.0076031
0.00413507
0.005762
0.015421
0.0070839
0.0133871
0.0446579
0.0435165
0.00350834
0.00969893
0.014903
0.0602364
0.0225442
0.0274773
0.0445985
0.00641305
0.0070718
0.0172267
0.00748509
0.00549157
0.00631877
0.00886837
0.0589613
0.133116
0.00544337
0.0121151
0.0205702
0.0136857
0.012665
0.144674
0.0139794
0.0208605
0.00857434
0.000380257
0.0039473
0.00922589
0.00567022
0.00233986
0.0130883
0.0335653
0.0202656
0.00560419
0.10663
0.0120983
0.008775
0.0158465
0.00455735
0.036918
0.00443827
0.00315684
0.00724432
0.0174075
0.0469967
0.0046738
0.00757521
0.0112286
0.0457264
0.0490822
0.0554821
0.0176869
0.00458207
0.00922539
0.0125599
0.129409
0.00451656
0.0117593
0.0141265
0.0207864
0.00650576
0.0116888
0.0122538
0.0160642
0.0137294
0.0176257
0.00580106
0.00542757
0.0126073
0.00368772
0.0126352
0.017133
0.00729368
0.0028464
0.0869951
0.071167
0.0129264
0.0032719
0.0554187
0.055679
0.0045046
0.00298592
0.028484
0.00431087
0.189137
0.0193769
0.0552241
0.352651
0.00538245
0.00589506
0.0473295
0.0131126
0.00461756
0.00644649
0.0529098
0.0186085
0.00786949
0.0179381
0.00981295
0.0228798
0.00876882
0.00620424
0.110129
0.0040293
0.00374274
0.0292014
0.0969129
0.00933926
0.000681299
0.0487816
0.0400906
0.202658
0.0134129
0.00859388
0.120866
0.00578871
0.00742907
0.00912509
0.0190062
0.00398887
0.00938856
0.00208558
0.00888344
0.0192878
0.0417734
0.00637029
0.0344533
0.0552122
0.0298965
0.277921
0.113375
0.0545547
0.21135
0.0197718
0.09806
0.0109269
0.0918806
0.011394
0.0198539
0.0651597
0.195232
0.0132318
0.263628
0.0488526
0.11441
0.0312241
0.0310978
0.0637991
0.0135159
0.132056
0.0174828
0.003848
0.00773261
0.00922997
0.0186574
0.0104389
0.0116091
0.00766771
0.0122596
0.0210239
0.0214336
0.00229772
0.00552477
0.0114915
0.0154041
0.00669617
0.129427
0.0611195
0.00367146
0.00258455
0.00142259
0.0650478
0.238528
0.350005
0.0489706
0.0400243
0.00788867
0.00954027
0.0086831
0.236571
0.0903911
0.246284
0.00844443
0.0094342
0.0438037
0.00702674
0.0111793
0.299442
0.013438
0.242034
0.183245
0.015408
0.0503766
0.0145858
0.0547737
0.0124772
0.00549381
0.00249555
0.099925
0.00390885
0.0495918
0.0450322
0.0995989
0.0281593
0.195645
0.158322
0.00252052
0.0488535
0.0101702
0.00361904
0.01392
0.0132037
0.0778728
0.0346219
0.034236
0.0268557
0.00657358
0.00961218
0.091836
0.0389442
0.231303
0.00988014
0.0393024
0.370498
0.00193674
0.226193
0.0886789
0.0111163
0.0140847
0.0253447
0.0589958
0.00312442
0.0140134
0.00971897
0.250416
0.0746536
0.00703193
0.00945519
0.010723
0.0236383
0.171863
0.0127156
0.00356511
0.118265
0.0413446
0.00359818
0.111415
0.0163954
0.0150191
0.0143275
0.0222966
0.00991444
0.00106412
0.00379832
0.100665
0.00525046
0.00555599
0.0744241
0.00494462
0.0191135
0.0631705
0.0113022
0.00893389
0.0156124
0.00664946
0.0737234
0.00458234
0.00429148
0.0998003
0.00735212
0.00275829
0.0553248
0.0563472
0.166906
0.0144988
0.0239131
0.0594519
0.0178402
0.0150909
0.059922
0.00246798
0.0523716
0.0381017
0.0197883
0.012938
0.0305292
0.00788604
0.144351
0.166372
0.0147196
0.00959866
0.00284832
0.00531184
0.0174395
0.00470525
0.0270732
0.0204962
0.018398
0.00526284
0.0205196
0.00664556
0.015258
0.00598519
0.00707636
0.0127508
0.0199013
0.0321649
0.338187
0.0152242
0.0282907
0.00739145
0.0535772
0.0191772
0.345718
0.0109769
0.0078157
0.00744397
0.0082112
0.0122188
0.0117665
0.0315536
0.0158292
0.00887236
0.0347526
0.0508453
0.0138263
0.0339146
0.0165898
0.00584205
0.0105187
0.0339026
0.0086749
0.00791354
0.0151512
0.62162
0.156812
0.24441
0.0199118
0.0345204
0.00382311
0.00947002
0.145738
0.0711314
0.00838794
0.00666027
0.0127811
0.0226659
0.00716076
0.195045
0.0492767
0.0123909
0.00463468
0.111324
0.148505
0.0201371
0.00433521
0.123279
0.00814315
0.00411503
0.0185319
0.00826982
0.0889574
0.0166431
0.245023
0.0186854
0.0814929
0.00987155
0.00293997
0.00295145
0.109903
0.0670401
0.0043042
0.00738089
0.0376058
0.011252
0.00772982
0.00364867
0.00495124
0.00473594
0.05912
0.00915973
0.132838
0.0197779
0.00940401
0.0150504
0.031115
0.0516845
0.012442
0.00147892
0.00313201
0.0228739
0.0054739
0.0128037
0.00654152
0.00425508
0.00481968
0.0115215
0.0126122
0.00251827
0.0227915
0.00492992
0.201973
0.0179203
0.0154314
0.0491673
0.00355288
0.0932739
0.0654686
0.00932431
0.0063635
0.0150772
0.0065164
0.00256625
0.0162451
0.021432
0.00449265
0.0211724
0.0787651
0.00350567
0.0986702
0.0089376
0.00749638
0.00501468
0.039175
0.0162147
0.0106899
0.00882163
0.0135715
0.0101224
0.00343028
0.0105994
0.1224
0.026461
0.00926624
0.0187923
0.0129554
0.0156637
0.0344833
0.00389202
0.0252453
0.0139876
0.0164217
0.117665
0.0229508
0.026774
0.0192098
0.0811791
0.111255
0.00397545
0.00412674
0.0141973
0.00571597
0.018397
0.00948477
0.00387931
0.00781131
0.00710875
0.0158529
0.014238
0.00964249
0.0874959
0.0183521
0.0266484
0.0101663
0.0116223
0.00776122
0.00938845
0.00486651
0.00629261
0.0146665
0.00636444
0.0204803
0.00245365
0.0496411
0.00599008
0.00786625
0.0182845
0.0502396
0.00932871
0.181879
0.0157138
0.0291981
0.00671221
0.0106764
0.00501254
0.0165907
0.14295
0.0594645
0.0082016
0.00593498
0.0136626
0.00599538
0.0147666
0.0147562
0.0124151
0.0986028
0.0415345
0.013685
0.00337824
0.0140934
0.0397863
0.0077058
0.00354864
0.0115064
0.0136957
0.00214198
0.00935588
0.414103
0.0033904
0.107227
0.0232942
0.079962
0.134621
0.0204454
0.0064333
0.0461777
0.00592964
0.00924949
0.0475479
0.00830232
0.0038573
0.00623368
0.0124592
0.0210112
0.0300338
0.0490551
0.00548025
0.0183618
0.0127729
0.0270814
0.151066
0.00375083
0.00571682
0.0128987
0.00385917
0.0449719
0.00215304
0.0510289
0.00836642
0.00378901
0.029188
0.00279576
0.00853968
0.0120208
0.0240479
