528.505, 0.058271, 2.99839
532.779, 16.4608, -1.84281
514.572, -3.28161, -0.3182
550.953, 0.423572, 0.476324
530.991, -11.5457, -1.59526
536.701, 13.0743, 0.680902
537.842, 14.4472, -2.13994
505.032, 15.7665, -1.26194
506.075, -18.5599, 0.067876
510.979, 19.2657, 2.9162
509.604, -19.5605, 0.635969
507.495, -11.9609, -0.685118
498.576, -20.8071, 0.328183
539.262, 13.2225, 0.892209
533.792, 1.21687, -0.409582
512.806, 19.7031, -1.76736
529.71, -8.72922, -1.4534
568.642, 2.83444, 2.05803
535.163, 14.6484, -2.35322
505.202, 25.0984, 2.939
547.319, 8.74531, 3.08145
569.217, 2.07553, -2.97118
522.203, -13.9219, 1.93314
575.713, -1.629, 0.147437
522.406, 14.334, 3.09854
508.91, -16.2394, 1.91425
561.358, 5.6202, -0.196245
510.529, 27.3822, 1.04788
536.09, -1.13072, -1.32282
523.422, -4.79104, 2.81024
501.023, -21.6537, 2.37467
504.28, -4.15494, -2.4871
498.23, 17.7886, 2.14851
521.234, -7.98697, -0.168022
510.43, 0.501758, -1.0546
564.337, -0.573264, 2.74054
560.196, -3.90988, 2.58812
524.963, 10.4026, -0.407638
562.349, 5.49229, 2.68203
510.125, 17.8825, 2.34842
543.929, 7.80584, -0.498454
500.707, -17.3451, -0.948298
540.371, -2.46535, 3.04873
499.762, 20.5694, 1.56754
539.599, -9.63104, -2.54563
508.951, 27.9511, -2.42681
524.062, -4.65631, -2.13939
502.254, -1.48355, -1.11864
533.514, 20.5242, -1.26866
568.544, -1.61376, -1.79261
558.792, 8.13138, 3.041
505.606, 21.6699, 2.62328
499.138, -14.8676, -0.491618
504.976, 22.1925, -1.10189
539.29, -0.734786, -1.82097
537.312, -3.155, 2.05191
545.515, -1.73452, -2.25306
504.221, -8.94045, -0.721002
517.671, -9.57565, -2.48519
564.347, -3.8088, -3.0832
529.823, -12.9823, 2.6074
550.488, -10.9859, -0.342077
502.926, -27.1578, -2.51651
576.43, -1.12011, -1.98452
632.612, 55.1123, 2.44638
631.503, 50.835, -2.09488
616.496, 40.0968, -0.885605
577.163, -0.339183, 0.539799
626.531, 49.8447, -1.23278
620.569, 61.1666, 0.878875
622.761, 58.4897, 1.7391
620.29, 48.0519, -1.58359
618.217, 46.581, -1.57242
627.995, 57.3633, -1.7847
625.083, 51.8755, -2.56677
621.457, 48.5575, 1.21753
623.514, 39.1389, -0.489326
637.294, 47.1807, -1.65007
647.378, 42.3956, -2.02184
629.685, 35.3388, -1.13648
634.944, 27.6659, -0.03675
621.526, 17.4085, 2.15415
643.724, 10.7657, -1.88174
625.358, 42.9933, 3.10515
653.118, -6.57764, -2.14162
635.566, 37.465, 3.0263
578.593, 4.38063, 2.89236
604.904, 63.3232, -2.54092
601.046, 62.5557, -1.51903
518.852, 7.96509, 0.763813
594.395, 80.146, 0.840402
596.689, 73.3781, 0.432204
594.845, 66.0064, 0.715515
623.436, 68.7874, -1.46804
644.409, 4.16655, 1.5882
587.804, 35.312, -1.06302
632.023, 24.7738, -1.75709
650.117, 20.4131, -0.055497
633.93, 59.3321, 1.78606
633.241, 57.4123, 2.08537
601.106, 64.2154, -0.794456
599.631, 27.1174, 2.51496
602.923, 77.873, 0.022649
594.868, 79.3476, 2.57368
589.915, 26.0655, 0.784461
581.622, 55.6171, -2.45172
579.784, 32.8053, 1.75406
592.512, 73.2062, -1.76838
614.213, 55.4412, 2.41505
577.127, 60.6108, -1.77916
593.706, 71.7336, -2.82783
589.398, 43.7997, -0.726401
612.742, 46.8435, 1.57183
641.237, -30.5607, 2.51571
617.848, 14.6848, 2.03382
562.234, -55.2282, -0.568628
609.688, -58.7541, 2.23859
575.455, 7.29344, -1.81297
541.837, -47.2604, 2.35736
565.234, 30.6115, 2.20948
561.895, 54.7313, -0.371994
575.873, 57.534, 2.9942
553.937, 49.4653, -0.473514
573.632, 51.4417, -2.91148
566.104, 63.2428, -0.212534
570.865, 50.2231, -0.361912
582.812, 79.06, -1.06836
589.092, 68.2483, -0.727308
601.641, 54.5054, -1.47869
617.291, 68.4378, 2.35655
600.313, 77.4636, -2.54387
606.763, 69.2182, 0.600712
610.538, 74.2508, 0.836734
601.078, 70.0718, -2.19716
607.145, 53.6818, 1.70826
603.053, 55.8183, 1.9365
582.862, 27.3551, 0.521219
638.125, 35.0945, -1.75822
595.445, 52.6889, -3.03299
529.756, -6.50223, -1.63315
509.436, -28.271, 0.271415
537.614, -48.397, -0.877263
548.352, -67.789, 1.55933
575.654, 6.03569, -1.68508
539.833, -52.1158, 0.104506
574.563, 5.56002, -0.606629
576.498, 7.32085, -0.304445
609.405, 30.5043, 0.951547
611.794, 37.578, -2.42786
641.027, 52.904, 1.65596
636.82, 52.3701, 2.92227
635.183, 47.3793, 1.77875
636.195, 39.5789, -0.350264
546.22, 73.7742, -2.40338
557.826, 33.0641, 1.74973
535.69, 60.3185, 2.77734
540.813, 60.1786, 3.00362
560.472, 46.0128, -1.57898
613.916, -55.7007, 1.35269
576.608, 7.70879, -1.55692
588.504, -16.4468, 0.225626
640.671, -22.2495, 2.41853
638.569, -31.2715, 1.00588
642.951, -33.4134, 1.0521
617.14, -20.0072, 2.77598
628.07, -46.4939, -2.62168
529.981, 16.1403, 2.21247
574.392, 4.48048, 1.39372
524.028, -1.03306, 0.753636
498.884, -13.7598, -0.160029
501.26, -8.70565, 2.17605
548.007, 13.2241, -0.326675
516.122, 20.0688, -2.21379
509.273, 18.2793, -0.918995
513.513, 38.4609, 0.711601
588.272, -72.7656, 2.41172
572.034, 58.8857, 1.18931
562.715, 69.9295, -1.36829
581.683, 37.67, -0.857763
549.537, 37.761, 1.71841
585.332, 55.9499, -2.66614
542.123, 53.6939, 2.32917
549.456, 70.0954, 2.15003
565.693, 81.2241, 3.08455
583.212, 71.6602, 3.00116
563.774, 70.3431, 2.22164
572.461, 5.49463, 0.753949
561.08, -62.4215, -1.4549
568.303, -22.2583, 2.80622
563.752, -43.5787, -2.45443
571.718, -63.2265, -1.11144
530.46, 60.3312, -1.21511
572.753, 5.88105, 1.12118
536.443, 47.9254, -1.10014
572.111, 7.1366, 0.141892
572.299, 7.52849, -2.94708
572.369, 5.98296, 1.69841
572.672, 6.68471, 0.255896
539.32, 71.3523, -2.14511
535.927, 61.7678, -2.83285
501.526, 28.8018, 1.58054
572.82, 7.10771, 3.12057
652.146, 20.0542, 1.21517
648.513, 11.7681, 2.90261
572.132, 7.18543, 0.159124
572.522, 7.14686, 2.31511
498.373, 26.0488, 0.821962
492.997, 18.5249, -0.699998
524.85, 7.95087, -1.21508
496.831, 6.51763, 0.445061
497.718, 7.07959, -1.57314
501.69, 5.05078, -0.981032
505.533, 3.67077, -2.69936
533.455, 4.82329, 2.57741
497.773, 0.521592, 0.145984
530.983, -4.89201, 1.30068
506.799, -10.9884, -1.1739
500.067, -9.06253, -1.23139
497.973, -5.5821, 1.90915
538.834, 1.1117, -3.06905
502.409, -4.15392, -1.39632
531.431, -0.737898, 1.2488
507.166, -2.4912, 2.22618
572.509, 6.2067, 3.00092
572.529, 5.70956, 0.066238
573.065, 6.21888, -1.21152
572.91, 5.59865, 2.50322
572.471, 5.93863, -0.751674
572.348, 5.52977, 2.23548
572.885, 6.18663, -1.16206
572.92, 5.44405, 1.30417
575.697, 4.73038, 0.64595
573.177, 5.93314, -0.124074
647.341, -19.3425, 2.10469
651.993, 9.21491, -2.99455
611.953, 11.4559, 1.32832
644.786, 35.8718, 0.569365
629.795, 37.2402, -2.23559
646.535, 36.5631, -2.15813
592.411, 29.2759, -0.471253
651.941, -2.10447, 1.26992
626.276, 16.1555, 3.02116
633.143, 19.5023, 1.68015
639.832, 33.0783, -0.212019
623.072, 11.4875, 0.834848
629.748, 21.1484, -2.24588
608.003, 13.2494, 1.99064
622.609, 22.1687, -1.2772
623.093, 27.6716, 0.477069
575.382, 4.5551, 2.69989
614.076, 14.129, 0.80375
627.385, 16.1562, 1.50967
654.119, 23.2137, 2.91699
585.34, -2.06991, -2.63815
619.467, -36.8104, -2.31292
606.235, -30.4499, -2.96159
596.439, -34.9055, 2.37453
582.07, -37.6872, -2.27869
589.305, -49.5797, -2.13189
595.584, -54.2858, -2.22979
601.888, -62.8184, 1.47025
577.795, 5.16692, 1.1438
578.086, 2.72855, -1.47429
578.091, 4.15075, -1.21923
577.036, 2.63029, -1.53878
577.419, 3.68822, 0.535503
577.397, -1.3167, -0.418578
508.847, 3.01662, 1.93329
527.018, -48.7828, -2.82059
529.646, -46.0174, -2.00546
543.544, -25.3353, 0.120626
519.834, -31.6255, 1.29132
657.845, -9.10237, -2.79472
636.231, -1.19454, 3.10809
634.637, 5.8923, 0.058714
626.385, 11.6314, 2.68083
606.46, -36.9238, 1.64494
625.05, -51.8756, -1.71308
605.784, -29.6614, 0.35604
512.166, -9.6471, 0.755701
630.051, -44.7626, -1.40768
621.134, -45.6345, -0.169508
618.168, -28.9849, -0.110988
627.796, -33.6334, 0.268114
636.773, -21.656, -1.26214
635.426, -54.2512, -0.589617
514.135, -25.7739, 1.26141
505.98, -28.1525, 2.52473
507.252, -23.4055, -2.13154
533.226, -5.16486, -2.33886
534.541, 10.9111, -2.54505
533.685, 4.87939, 1.87486
575.744, -1.93078, 1.32226
576.297, -1.43923, -2.61928
583.914, -5.38387, -1.34142
635.923, -41.0617, -2.504
645.052, -45.6947, -3.03162
635.979, -39.8895, 1.94415
639.977, -42.0601, -3.13368
576.083, -4.42256, 1.33509
577.635, -3.36901, 0.794221
576.63, -3.14745, 1.99349
575.416, -4.11787, -0.200261
574.46, -2.69059, -2.46324
575.927, -5.07943, -0.615834
575.455, -3.62974, -1.77708
575.676, -3.27135, -0.647634
574.637, -3.09718, -1.12713
575.445, -3.68378, 0.446863
575.677, -3.08599, -2.15828
575.353, -3.6884, -1.38004
587.601, 70.2922, 2.65879
592.863, 75.0721, 1.80049
589.98, 55.1578, 1.53054
590.869, 67.7409, -0.108111
599.242, 73.6064, -1.70137
574.062, -2.49005, -1.15161
597.287, 66.6119, -1.37045
595.751, 53.2747, 1.30334
573.763, -2.39312, 2.11475
573.729, -2.50021, 1.90709
519.072, -56.0506, -0.890541
518.4, -57.1835, 1.13123
527.159, -52.4088, 0.100298
531.503, -49.3242, -2.95916
581.076, -57.8472, -1.68565
572.379, -3.4141, 1.17155
572.448, -3.45643, 2.62194
573.013, -4.71499, -0.881516
615.791, -29.5714, 2.33921
602.864, -15.9196, -0.799171
568.935, -32.6999, 2.32627
567.03, -62.5072, 2.45509
557.578, -54.0198, 2.70938
554.79, -40.3628, -2.55599
545.428, -63.9024, -3.07662
540.244, -54.7502, -2.14779
523.922, -66.1444, -2.1235
602.819, -61.9902, -2.83859
598.058, -60.3995, -0.784249
600.051, -71.2918, 0.504226
599.453, -79.8694, 1.84851
612.064, 57.049, 0.266744
619.311, 63.1994, 0.677069
606.449, 44.2505, 1.08076
615.686, 55.2839, -0.282447
605.908, 41.9925, 0.922281
622.048, 59.9215, 0.926665
507.628, -29.9738, 1.43426
504.837, -28.2111, -2.79249
501.019, -27.695, -1.07429
513.204, -45.2481, 1.36439
518.336, -29.9243, 2.66967
572.798, -2.76188, 3.00246
634.813, 30.9515, -1.13966
612.072, 10.8205, -1.49779
652.397, 3.65857, 0.911408
642.566, -7.65429, 1.19537
634.207, -28.1357, -0.249531
644.37, -20.0978, 0.17949
563.241, 65.2324, 1.00193
621.658, 18.4564, -1.98464
577.155, -1.04494, 2.13197
574.88, -2.94138, 1.02373
581.576, -4.14486, 2.57802
629.866, 27.1461, -0.974892
627.719, 51.4234, 0.244997
615.881, 46.0567, -0.509414
614.096, 60.0669, 0.061156
575.85, -2.45757, -1.14855
626.472, 43.8089, 0.595262
626.735, 46.3902, 3.00808
577.025, -3.98507, 1.52328
627.791, 48.4045, 0.483559
576.338, -3.24394, -1.0172
575.826, -3.73416, 2.35308
554.057, -80.6161, 1.79103
579.028, -2.02042, 2.21171
578.491, -1.58709, -1.38032
576.397, -4.35286, -0.911231
576.481, -4.90188, -2.59962
576.655, -4.724, 1.344
576.471, -4.61157, 1.41621
576.854, -4.76685, 1.05479
541.875, -15.6357, 0.128803
533.482, -11.0719, -1.5384
575.129, -6.4552, 2.23047
574.072, -7.71053, -0.571678
572.543, -7.05874, 2.06053
575.285, -6.22093, 0.427449
574.168, -7.03732, 0.04259
574.826, -7.28525, -0.311545
574.886, -6.54377, 0.814163
574.573, -6.10488, 2.67761
573.567, -7.99022, 1.63365
574.81, -6.43033, -1.8177
574.554, -6.16255, -2.69368
572.511, -7.08897, 3.07854
574.571, -6.89701, -1.22464
573.911, -7.44949, -2.44839
573.88, -7.65164, 2.56712
574.366, -8.21789, 2.90029
573.579, -6.75913, 1.98353
570.425, -5.34767, 2.07179
562.366, -0.564476, 0.271913
554.168, 44.309, 2.50688
574.872, 53.0036, 3.04989
560.926, 1.87926, -2.377
559.511, 0.583124, -1.69375
561.943, -1.75459, -2.20714
568.317, -4.21385, 2.55222
568.848, -3.74021, 2.15427
570.192, -5.46409, 2.18675
561.929, -1.41006, 1.0325
570.243, -5.1082, -1.97137
561.672, -1.54602, 0.911371
558.96, -0.017824, 0.303657
564.949, -2.70676, -0.980652
564.383, -2.43318, -1.28081
559.531, 0.428567, 0.009168
567.351, -3.42808, -0.381704
568.526, -4.36595, 0.134715
570.131, -4.60642, -2.94649
560.633, -0.124144, 0.926486
559.222, -0.135183, -1.80623
566.7, -2.66474, 1.26967
559.702, 0.142226, -1.69118
562.216, -13.1181, 0.377374
567.518, -3.52557, 1.24905
561.85, -12.9943, 0.52067
563.508, -11.6454, 0.376619
563.251, -11.7147, -0.21175
562.884, -1.40695, -1.63865
564.685, -2.09554, -3.0573
563.38, -1.80165, 1.73337
564.108, -1.4335, 3.10061
565.365, -2.56802, 0.574865
563.884, -1.84673, -0.011572
564.818, -2.24575, -1.90689
559.946, 0.712778, 0.910831
560.357, 0.513289, 2.74986
565.347, -2.81074, 0.839795
560.104, 0.870276, 2.2473
564.805, -1.67041, 0.257143
563.604, -1.45364, -0.664157
562.863, -1.30614, 0.248395
564.219, -1.40792, 2.44974
561.514, 0.141297, 0.444253
563.211, -1.58481, -1.14322
563.544, -1.43673, -2.57236
563.872, -1.84225, -0.483449
561.736, -1.05121, -1.92032
559.431, 0.693934, 1.89639
561.602, 0.377025, -0.870397
560.7, 0.395826, -2.88459
559.372, 0.303948, 2.57748
562.181, -1.14766, 2.25999
561.257, 0.020376, -0.960505
562.506, 0.232787, -0.192787
560.782, -0.103893, -1.1374
561.349, -0.851161, -2.09265
563.008, -0.140307, 0.035108
559.667, -0.066478, -0.439826
561.063, -0.129279, 2.89996
561.189, -0.708033, 2.78906
561.168, -0.465121, 2.91444
561.066, -0.012106, 3.08343
560.4, 1.18353, -2.88481
559.991, 0.016102, 3.05475
559.722, 0.461083, 1.61336
559.914, 0.610207, 1.58475
560.328, 0.85459, -3.03571
559.83, 0.273244, -2.80159
548.678, 3.39033, -1.69748
550.225, 3.47572, 2.88269
560.165, 0.74133, -1.96344
554.433, -0.601929, -0.349156
552.857, -1.04198, 0.503276
574.848, -7.7489, 0.276554
553.147, 0.425145, 2.37483
574.168, -9.2144, -2.15755
561.811, -0.020534, 3.02913
564.334, -2.94808, -0.050526
561.508, -0.527384, 1.38916
569.807, -6.65518, -2.81412
563.199, -2.22226, 3.10634
562.426, -1.24329, 0.621145
567.172, -5.92333, -0.52198
567.582, -5.91915, 0.369574
565.603, -4.32856, -1.02309
563.491, -3.09953, 2.09816
569.043, -7.75569, 2.6169
567.724, -6.09192, 0.105181
565.134, -3.60478, -2.36756
565.147, -3.41661, -0.704785
572.181, -10.9417, 2.22753
566.009, -4.8039, 0.84573
569.632, -8.45879, 0.57494
572.264, -10.9686, 2.24804
571.155, -9.56719, -3.12471
569.766, -8.52195, 2.53472
568.19, -6.92188, -0.518688
568.645, -7.16029, -0.753648
572.236, -10.5495, -0.745194
572.143, -10.7694, 1.82796
572.207, -10.144, -0.321423
565.886, -4.75162, -1.333
567.144, -4.70524, 0.005236
568.831, -6.20832, -2.62091
567.099, -5.33719, 3.09172
568.183, -5.36464, 0.292765
567.708, -5.87359, -0.028404
573.377, -11.3679, -1.50307
571.48, -9.72596, -1.55846
573.147, -10.4882, -3.07819
566.841, -4.43701, -0.978658
570.95, -8.85966, -1.87275
570.882, -9.89606, 0.630903
569.558, -8.29792, 1.57313
570.714, -9.76453, 0.747972
572.683, -11.4141, 1.74126
569.393, -6.83636, 0.296275
564.035, -9.97107, 1.89185
566.642, -7.80277, 2.59875
565.884, -7.89148, -0.928425
559.682, -15.5245, 0.765497
570.378, -7.61151, 0.638288
559.351, -15.3818, -1.03732
564.822, -9.15529, 0.645042
566.309, -8.17187, 1.87606
565.885, -8.50714, -1.14099
561.217, -14.0058, -2.08898
560.341, -13.8669, -2.77927
560.533, -13.3007, -0.786954
565.825, -8.93709, -3.13679
560.281, -15.0413, 2.74433
561.208, -13.8825, -2.85353
562.883, -12.4406, 2.38405
560.101, -14.9729, -2.27007
561.869, -13.4195, 0.187192
561.448, -12.998, -1.76605
560.197, -14.4734, -2.20344
564.835, -9.58084, -0.779104
561.913, -12.6535, 3.00128
563.117, -11.6286, 1.74297
559.306, -15.224, -2.9285
561.145, -14.635, -2.53055
563.402, -11.0087, -1.0171
561.737, -13.2014, 1.15185
559.493, -15.2722, -1.76969
562.14, -12.5447, -0.60997
559.152, -13.7442, 0.312437
559.92, -13.1393, 0.65176
557.304, -13.4701, 2.38804
558.334, -13.3807, 2.37677
562.703, -11.9324, 1.30865
560.656, -11.6519, -1.38632
560.714, -14.1536, 0.949843
557.818, -13.5142, -2.46944
557.779, -13.7077, 1.18144
557.247, -12.6203, 2.02548
559.346, -11.8904, 2.4156
559.371, -15.5161, -0.82568
558.278, -13.1689, 2.06785
559.901, -13.4435, -3.10657
561.513, -12.636, -3.06055
559.673, -14.3541, -3.05458
560.471, -12.7886, 2.23211
559.128, -14.4496, 1.90793
561.803, -13.034, 1.39771
559.649, -13.7355, -0.587065
561.631, -12.7544, 1.6245
560.978, -13.2752, -3.08627
557.528, -12.6972, -1.50523
557.599, -12.6799, 0.709958
557.416, -12.8318, -0.520326
561.1, -14.2673, 1.82122
559.654, -14.4507, -1.13598
554.947, -12.0055, 2.89105
558.018, -13.6352, -2.77724
560.604, -14.2881, 2.17871
560.394, -14.8159, -2.63509
560.267, -16.2109, 1.34081
563.571, -19.1684, 1.07312
574.581, -31.0938, -0.079494
575.719, -32.6079, -2.19902
571.997, -30.1602, -2.65267
575.972, -37.5932, -2.05363
572.283, -32.0782, -2.82134
564.548, -22.4507, 1.76497
575.957, -39.0883, 2.64464
562.44, -18.329, -2.92395
562.765, -19.3275, -0.864815
575.959, -37.64, -2.66064
569.012, -28.271, 0.298508
564.865, -22.8954, -2.49455
564.556, -22.3104, -0.745934
563.726, -20.6414, 2.12814
562.734, -19.2305, 0.323264
573.724, -38.4525, -1.0333
573.815, -38.8035, -1.0579
573.334, -37.3413, -2.76031
571.523, -34.358, 0.747085
574.255, -39.594, 1.88235
573.789, -38.7145, 1.05266
569.098, -30.5206, 2.61328
568.501, -30.2594, -1.44661
567.405, -27.5919, 2.89745
564.739, -23.0485, -1.24348
568.952, -30.5188, -0.076907
569.019, -31.3102, 0.146845
565.603, -24.8874, -2.6874
564.115, -21.9439, 2.29731
570.046, -32.7262, 0.85581
565.384, -25.1227, 0.657434
570.943, -34.7693, -0.515548
563.702, -21.953, -0.232288
573.851, -39.7236, -0.029445
573.278, -38.8664, 0.772544
566.63, -27.6087, -2.84561
574.271, -39.829, -0.299661
564.356, -21.6096, 1.96069
564.987, -23.4552, 2.17028
566.006, -25.4867, -2.90052
563.95, -22.0134, 1.25992
573.533, -37.0049, -1.30568
572.375, -34.974, 0.634009
564.665, -23.2521, 0.514584
566.554, -25.9455, 2.86353
566.689, -26.5441, -0.064726
574.394, -38.4544, 1.96257
569.157, -30.0228, 3.11761
566.632, -26.087, 1.07241
568.776, -29.9863, 2.60263
572.434, -35.2975, -2.13799
572.313, -35.7584, -2.08602
568.738, -29.6368, 0.003289
568.162, -27.9372, 0.748636
566.683, -26.4545, 2.18711
569.57, -30.7411, -0.919912
569.002, -29.4099, -1.25067
571.877, -34.9533, -0.452202
567.223, -27.5808, -2.51447
568.889, -29.1186, 0.49916
566.995, -27.8079, 0.763072
571.901, -35.056, -0.650634
567.851, -27.8664, 1.99101
573.216, -36.9576, 2.29174
568.399, -28.5162, -2.05842
571.109, -32.8127, -2.30807
568.628, -29.1081, 2.14262
570.216, -31.3813, -1.37718
573.35, -35.4731, -0.124717
569.058, -29.5643, -0.53886
572.391, -33.9914, -3.07835
572.006, -33.209, -1.92721
569.285, -29.5682, 1.78528
570.394, -31.362, 2.52463
574.728, -36.4541, -1.9243
571.007, -32.5187, 0.710293
571.613, -32.8301, 0.07329
575.58, -37.655, 0.257174
575.617, -37.6398, 1.06791
575.604, -38.4969, 2.50452
570.887, -31.6597, 1.12946
575.307, -37.0075, -0.230046
570.171, -30.7426, 1.52937
573.252, -35.1107, -2.43261
572.28, -33.6114, 1.80599
576.14, -36.6101, -0.541855
575.411, -36.1155, 3.13116
571.7, -33.046, -0.712067
573.84, -34.5973, -2.14015
573.146, -34.7133, -1.24193
575.108, -35.518, -1.43201
575.499, -34.3926, -0.209776
576.487, -31.7829, 1.38676
575.291, -35.5952, -0.559079
572.244, -33.1432, 3.00741
575.739, -32.8979, -0.103743
575.172, -33.379, 1.33106
576.385, -33.1441, -2.80948
576.457, -35.9673, 2.65116
575.488, -33.0101, -1.03508
575.074, -35.1119, -1.81991
575.713, -36.8757, -1.8144
575.058, -34.421, -1.52951
574.667, -35.1907, -1.12913
575.675, -36.0937, -0.355684
575.946, -34.6636, -3.08267
575.065, -35.6683, -0.072463
574.89, -36.0726, 0.304519
574.926, -34.6602, -1.40789
575.823, -32.8595, 0.229191
576.125, -33.2121, 0.779476
575.624, -30.9794, 3.009
575, -35.2238, -1.09753
576.29, -33.1827, 1.6202
575.826, -32.5565, 0.995961
576.218, -29.756, -0.526503
575.5, -34.5496, 0.592123
576.61, -30.0539, 0.860036
575.666, -33.7842, -2.28161
575.675, -34.0094, -0.003863
577.12, -30.7139, 0.870121
576.083, -34.4487, 0.278623
576.739, -32.1236, -1.52053
572.971, -31.3829, -0.030663
576.038, -30.1572, -2.73708
576.989, -30.4749, 0.555079
576.653, -31.3416, -0.659914
576.752, -30.6235, 2.75376
575.296, -31.6974, -2.38291
575.395, -29.9098, -2.93798
573.098, -31.6602, -0.562089
573.336, -31.983, -2.64131
576.361, -31.6318, -2.78679
576.717, -32.0814, -2.13344
574.324, -30.6456, -1.12277
579.432, -28.9157, 3.10623
575.385, -30.3591, 1.79087
579.933, -28.8498, -0.7354
583.409, -27.7874, -1.64489
583.792, -28.2602, -0.396632
581.379, -27.7401, 0.761979
577.88, -28.8852, 2.75607
637.536, -63.3669, 1.76951
585.724, -26.3085, -0.963579
583.979, -27.2361, -0.166145
586.019, -26.8976, 2.89908
580.888, -27.8513, 1.04357
584.518, -26.9843, -2.40119
585.943, -26.1406, -1.0637
580.341, -27.2328, 1.8276
580.649, -28.2626, 2.65545
582.173, -25.9957, 2.17308
583.636, -27.1992, 1.0898
588.724, -24.5193, 2.50238
581.323, -27.8442, 0.709974
589.484, -33.0267, 0.421015
588.861, -31.4718, 1.21182
582.091, -28.4213, -2.28168
603.9, -35.7149, 3.07748
604.504, -36.8196, 1.3946
582.828, -26.9758, 0.8179
583.756, -26.2665, -1.19013
583.639, -25.4883, 2.35752
587.673, -30.7305, 0.3073
588.406, -24.5002, -1.4473
656.055, -55.1139, -0.746008
582.723, -26.2825, 2.84792
586.049, -25.606, -2.38131
646.834, -64.1817, 2.26867
641.579, -55.5545, 2.00762
623.888, -49.92, -3.10304
588.56, -24.0866, 2.76532
628.356, -74.6008, -0.03712
647.308, -74.3994, -0.314505
629.593, -63.8108, 1.27719
627.886, -69.2574, -0.94341
585.64, -25.8987, 2.18751
585.207, -25.014, 0.639109
586.205, -24.0362, -2.29874
587.578, -23.4747, 1.00083
586.733, -25.4068, -2.5298
585.746, -25.7245, 2.66976
587.343, -25.3829, -2.45211
580.125, -95.6022, 1.46472
608.298, -76.3969, 2.56077
614.448, -93.7194, 2.1373
575.722, -72.7233, 2.52747
568.365, -85.0174, -1.69007
565.917, -101.731, -1.83626
590.238, -78.4072, 1.37569
586.649, -55.5399, -2.08219
588.452, -97.7988, 1.94441
581.395, -64.5528, 2.50924
576.362, -77.3744, 1.01224
553.938, -86.9459, -0.051033
549.168, -76.0543, 2.29246
535.154, -75.998, -1.08696
594.636, -83.8786, -2.16031
567.561, -58.6195, -0.408759
555.52, -52.8002, -2.29807
562.864, -83.918, -2.67636
594.852, -79.6322, 3.06326
595.547, -107.007, 1.59242
542.026, -91.7072, 2.25862
583.634, -63.92, 1.27707
581.304, -88.3336, -2.27818
554.897, -70.9362, -2.47205
569.326, -57.5852, -1.94752
548.808, -58.5433, -0.349168
546.349, -72.4281, -1.67216
548.989, -66.9969, 1.91168
521.326, -71.5874, -1.12826
515.127, -56.2223, -1.27992
586.982, -31.3041, 0.890759
586.595, -30.5737, -2.07214
587.318, -30.1974, 0.872431
589.466, -29.1516, 1.28281
592.529, -30.6973, -2.00082
597.603, -32.2778, 0.856492
591.697, -30.4727, -0.870299
604.839, -29.3538, 2.54521
605.499, -29.0738, 1.52134
598.047, -30.8237, -0.66686
602.67, -30.8356, 0.297099
596.562, -30.5679, 1.68969
602.43, -30.7538, -0.845761
604.11, -31.026, -2.59351
601.743, -30.6144, -1.98546
603.027, -31.3631, -2.26817
600.317, -30.4141, -1.7687
600.579, -30.8462, -1.9131
604.299, -32.7599, -2.72895
604.134, -32.3216, -2.2506
594.061, -30.7386, -2.40662
593.504, -30.6888, 2.23065
595.207, -30.423, -0.095244
593.813, -31.3037, -2.41426
596.114, -30.3689, -2.33885
601.681, -29.8696, -1.70701
593.909, -30.9692, 2.74125
598.274, -29.1841, 1.26499
594.038, -31.3593, -3.09324
600.387, -29.0624, 0.008514
600.342, -29.4871, -2.04928
604.999, -29.653, -0.669181
603.302, -30.0652, -1.30177
605.705, -29.4815, 2.0849
603.137, -29.4166, 1.67092
598.646, -29.8994, 2.74205
597.055, -30.5399, 0.150231
599.406, -30.1484, -1.82093
606.509, -28.6782, 2.26258
604.056, -28.9143, 2.03872
601.211, -29.191, -2.89209
601.115, -29.4621, 1.3166
607.18, -28.4131, -1.60114
604.095, -29.1294, -1.16415
603.453, -29.8641, 1.93203
601.848, -29.8112, -0.821759
601.4, -29.8335, 0.736238
603.289, -29.7219, 2.88095
602.454, -29.6237, 0.115627
606.563, -29.5673, -0.551844
602.864, -29.9086, 1.50424
605.338, -28.8101, 0.067146
602.676, -29.6894, 2.89381
655.028, 10.6506, -0.77285
658.477, 16.4378, -0.879801
642.636, 7.98078, 2.66541
619.31, -10.9885, -0.953582
632.317, 9.70761, -0.880945
648.856, 32.966, -1.90964
609.761, -15.8531, -2.52
638.552, 24.5972, 3.04123
629.768, 22.5419, -3.04276
619.854, 16.2156, -0.783619
619.157, 19.8637, 0.870956
605.42, -29.5879, 1.35381
605.712, -29.3669, -1.84089
603.242, -29.7988, -2.2458
606.688, -29.0099, 1.92015
604.787, -29.6861, 1.08302
605.761, -29.5982, 0.346618
605.527, -28.8518, 2.95723
605.703, -29.5083, 0.021437
606.531, -28.6127, -3.13311
605.905, -29.7279, 2.05042
606.796, -29.3086, 2.78434
606.993, -28.3676, 1.19796
606.689, -28.3871, -1.88277
607.04, -28.3728, -2.83757
607.079, -29.1231, 1.00148
606.729, -29.5608, 1.27716
606.25, -29.363, -2.86124
606.496, -28.7156, 1.36865
594.162, -32.9108, -0.369683
590.161, -33.2418, 0.33696
572.565, -38.9719, 1.08019
582.635, -32.0403, -0.814557
580.488, -29.0396, 1.6952
599.459, -28.1852, -1.61835
596.299, -27.7742, 1.69941
599.691, -28.5029, -1.03877
579.749, -26.696, -2.9181
579.644, -27.9905, 0.452449
602.599, -28.9794, 0.649038
583.282, -7.01311, 2.6945
571.781, 16.3854, -2.67606
566.17, 21.7871, -0.498109
579.902, 47.5364, 0.24916
585.982, 7.64173, -2.22648
589.17, 32.2057, 0.441846
589.275, 47.6933, 0.240252
602.715, -28.6642, 0.074423
594.815, -27.4537, -1.20654
582.8, -24.7169, -1.72844
598.31, -28.0423, 2.5777
583.178, -25.0697, -0.633209
581.107, -23.7384, 2.02709
598.561, -28.4282, 2.62793
600.463, -28.0119, -1.88938
596.896, -27.9713, 3.00274
600.406, -28.1866, 0.468535
586.435, -25.1134, 0.452501
583.581, -24.0621, -2.51674
589.7, -25.8382, 0.181459
583.08, -23.7083, 1.28792
582.203, -23.2972, 2.17954
527.318, -14.114, 1.29082
526.822, -25.89, 2.98316
593.768, -26.2991, 0.674934
593.467, -26.8441, -1.85816
585.119, -24.1723, -1.47532
589.693, -24.7937, -1.58193
584.304, -23.1677, 0.892805
581.097, -22.3264, 0.90422
589.82, -25.7047, -2.88747
588.419, -24.0667, 0.28781
589.022, -24.6907, 1.92875
586.999, -22.9763, 2.77642
586.725, -23.0626, 1.97712
589.356, -24.0121, 2.33648
594.714, -26.7773, -1.17266
591.494, -24.7806, 2.00753
589.858, -24.8394, -1.20464
594.793, -26.8871, 3.11166
584.497, -22.1286, -2.55047
591.293, -24.9963, 0.456692
582.217, -21.2718, -2.20331
593.729, -26.1022, 2.27999
587.141, -23.8011, -2.07686
588.854, -23.6216, 3.0877
583.791, -21.1373, 1.66687
589.791, -24.7374, -0.830073
592.84, -26.2149, 2.94777
591.525, -25.1952, -2.34175
585.956, -24.0389, 1.84936
582.943, -22.1426, 2.0321
587.059, -24.3442, 2.26922
521.227, -11.4879, 2.66147
534.906, 33.1555, -0.000461
585.587, -22.3213, 0.450248
586.224, -24.3056, -2.55383
589.814, -24.4761, -2.94862
560.77, 3.52638, 1.21087
588.712, -24.534, 0.915713
584.277, -22.2369, 1.54678
577.041, 30.2406, 2.80305
554.78, 40.0213, 0.269886
549.995, 28.4775, 0.46016
553.899, 42.6883, -1.49463
575.299, 12.5874, 0.116165
587.133, -22.6717, 2.58817
585.764, -21.7256, -2.08356
586.585, -22.4827, -0.612425
527.563, 13.0312, 3.01379
586.104, -21.2487, -1.95763
515.853, -30.3622, -2.72376
586.605, -24.9058, 0.47249
521.491, 11.0142, -2.56031
520.187, 17.5053, -1.7857
520.645, 15.931, 2.01399
535.843, 0.336997, 0.141623
533.327, -3.75265, -0.90371
569.394, -21.4711, 1.25135
534.798, -29.2624, -1.39354
515.814, -11.9099, -2.57934
511.898, -35.0977, 2.57821
551.049, -7.55575, -2.30298
566.461, -26.0764, 1.78576
508.185, -16.7921, 1.26002
533.936, -33.4626, 2.22287
507.599, -40.6091, -3.12707
641.354, 22.9552, -2.0238
586.245, -20.9703, 0.738676
583.092, -20.5709, 2.58847
522.034, -67.1463, 2.24201
565.262, -57.7907, -1.67176
567.244, -90.5354, -2.76024
559.155, -55.325, -0.603758
541.961, -87.9585, -0.378464
558.281, -89.0974, -2.61511
561.082, -98.24, -2.55475
542.155, -88.5003, -0.912138
536.313, -62.9467, -0.202359
532.971, -58.206, 1.34159
582.355, -19.8619, 1.07504
583.215, -20.3223, 2.88196
584.113, -18.7813, -0.36958
580.724, -21.1509, 2.84121
568.132, -36.1896, 1.48409
581.387, -20.4737, -0.091191
577.871, -23.4545, -2.86714
577.089, -22.4242, -0.665148
576.358, -23.9942, 1.54479
576.612, -25.6306, 2.66812
578.354, -25.7593, -0.303902
577.555, -24.6865, 2.80015
575.489, -23.4924, 0.58134
578.557, -23.7694, 0.394385
576.372, -26.3186, -1.61353
577.171, -26.2632, 0.374349
575.171, -26.1861, 1.97036
575.758, -21.8287, 1.19362
573.279, -94.9612, -1.46653
584.839, -88.8069, 1.57851
599.927, -86.575, -0.903486
622.007, -67.1711, -2.27302
636.494, -76.3975, -0.304955
613.02, -66.3075, -0.52226
576.882, -25.7932, -1.86073
576.597, -26.7008, 1.59963
575.875, -28.7425, -2.17972
576.555, -25.6712, 2.84567
579.427, -23.687, -0.933744
579.369, -22.852, -0.000238
577.986, -22.5059, 1.43961
575.632, -22.591, 1.25744
576.072, -24.9182, -1.55882
579.024, -25.0671, 0.366003
575.584, -24.7935, 1.83825
577.131, -23.4557, 3.10149
576.314, -22.912, -0.942504
574.747, -24.1682, -0.463471
576.557, -23.3667, -1.76639
576.289, -24.7158, 1.68135
576.029, -23.9707, -1.94099
572.746, -20.3436, -1.33803
572.565, -20.3746, -0.32593
568.922, -13.5411, -1.18447
569.744, -15.7775, -0.878903
562.884, -3.0786, 0.092081
563.791, -8.19696, 0.020247
567.379, -14.05, 1.61971
572.857, -21.4903, 0.430673
560.023, -4.37231, -0.418091
564.064, -8.81079, 0.359057
568.103, -14.1532, 2.99584
566.191, -11.3456, 1.54005
560.816, -4.86899, 2.64232
563.828, -8.37955, -0.941217
568.827, -15.225, -0.331838
561.061, -3.98898, -0.303732
561.058, -4.39916, 2.01404
559.744, -2.67581, 0.486754
569.371, -16.0642, -0.18096
568.938, -15.9902, -0.02105
565.705, -10.3191, 1.81731
564.459, -8.4915, -0.351683
563.366, -7.13296, -3.0187
569.205, -15.9974, -3.07597
570.743, -17.9274, 1.4826
562.595, -4.11958, 2.8764
569.743, -17.4168, 0.981205
563.727, -7.82587, -1.58952
569.41, -17.9596, 0.560244
561.864, -3.4702, -0.052106
563.896, -20.6195, -0.924725
569.275, -18.2078, 1.50367
567.618, -17.9701, 1.27949
568.347, -18.5411, -1.79135
567.166, -19.1944, -2.19938
567.155, -18.847, 1.70137
567.012, -19.0387, -1.35757
567.311, -17.8234, -0.215216
567.796, -18.8198, -2.88216
562.914, -19.3925, -0.358111
565.475, -19.3521, -1.08862
562.746, -19.4939, 0.4895
562.328, -19.1649, 2.09594
563.55, -18.7675, 2.50082
566.004, -18.7987, 2.98472
562.754, -18.777, 0.47189
564.304, -19.0509, 0.982348
562.045, -18.4708, -0.874894
564.96, -18.9532, -0.153072
561.72, -18.8183, -2.8765
562.399, -18.3906, -0.239273
562.708, -19.1282, 1.32225
563.537, -19.324, 0.353551
562.074, -18.4351, 1.41885
560.324, -16.2475, 0.591439
562.717, -20.5937, -3.02966
562.545, -21.1179, 0.915565
562.576, -20.7485, -1.60488
611.843, -75.0207, -2.15785
562.609, -20.4221, 0.304769
562.474, -20.8329, -2.54514
562.957, -20.0583, -3.11853
562.213, -20.6982, -1.98435
563.361, -20.5291, -1.42892
562.693, -11.3512, 0.862838
562.47, -18.0443, 1.333
562.349, -15.9188, 0.076305
562.531, -12.6918, -0.083542
561.395, -10.2469, 2.68364
561.039, -9.80505, 1.22877
561.655, -11.3683, 0.144101
562.689, -18.8781, -1.12543
561.124, -11.9949, 2.94329
562.349, -15.6884, -0.240981
562.191, -15.6755, 1.78261
562.079, -15.9465, 0.336834
562.167, -13.8613, 2.54191
561.833, -12.6436, 2.63278
560.783, -15.1092, -2.77167
561.166, -15.0527, 1.89666
560.357, -9.97881, -1.14468
559.753, -9.10621, -1.89238
560.907, -10.2976, -1.23965
561.78, -14.8184, -0.270001
561.207, -11.6651, 1.74795
561.664, -12.3848, -0.741237
555.562, -16.3833, 0.068405
561.777, -15.234, -0.1901
560.626, -10.7726, 3.11685
557.664, -16.7814, -2.84478
559.959, -15.8063, -1.01379
561.159, -16.2812, -2.40715
559.947, -15.7852, -2.33265
522.926, -65.1588, -0.845009
538.141, -47.9298, 2.25382
538.245, -50.083, -0.253631
557.141, -15.691, 0.50779
558.893, -16.4391, -0.643822
557.463, -16.0635, 0.584005
556.921, -15.3636, 2.70939
557.13, -15.4989, -2.13067
557.104, -13.835, -0.869384
557.272, -14.0895, 1.89233
555.453, -15.3729, 2.93053
555.323, -15.6933, 2.19494
557.296, -14.0111, 2.70497
557.628, -16.0272, -2.46805
555.501, -15.1347, 0.586724
556.004, -15.3747, -1.31559
555.656, -14.8882, -1.82945
555.643, -15.5766, 0.019941
556.082, -16.0816, -1.49718
554.936, -14.9986, 0.669404
505.352, -72.7016, 0.74193
555.262, -15.5901, -2.08197
555.654, -13.8544, -1.35241
555.484, -15.9028, 1.85068
518.115, -77.4639, -1.3066
555.222, -15.1086, 0.141113
555.532, -15.702, 2.98014
571.637, 48.9712, -0.217365
577.429, 57.0999, -0.594757
576.59, 47.0687, 2.33262
555.547, -14.3177, -1.49643
555.4, -14.4598, -0.373616
557.069, -16.4874, -3.1363
554.908, -15.4239, -2.21442
557.494, -16.2609, 2.14517
580.819, 49.7254, 0.816704
558.6, -16.8471, 1.48458
560.41, -17.4838, -1.51215
560.505, -17.0631, -0.334855
555.836, -15.4214, -1.67052
561.086, -16.5523, -2.98931
561.631, -15.7355, 1.52298
556.12, -15.6286, -2.73885
558.033, -15.7685, -0.850013
557.865, -14.6436, 1.73613
562.517, -16.0653, -3.05083
560.188, -15.9349, 2.07676
562.874, -15.6221, -0.332163
559.509, -16.3725, -2.61922
557.231, -15.4117, -3.12107
560.348, -16.1921, -0.736876
560.13, -16.7247, 2.73355
562.759, -16.092, 1.3045
557.755, -14.049, -0.868425
557.912, -14.7682, 1.31801
557.756, -13.8435, -2.245
557.916, -13.4865, -1.3048
557.719, -13.2119, 1.89891
557.936, -11.5122, -2.48595
557.973, -12.8604, 0.698585
557.909, -13.0679, 2.11696
557.972, -11.438, -2.10922
557.832, -11.5069, 1.59992
503.98, 27.8241, -2.47263
546.058, -5.30256, -2.81828
483.807, -6.10401, 2.3942
505.845, -10.039, 0.926949
557.846, -11.5118, 2.20958
562.2, -10.1731, 1.60595
559.261, -11.3885, -0.996219
574.046, -25.6533, 0.984459
562.74, -10.8531, 2.08193
564.147, -10.7729, -1.4383
563.021, -10.2518, -1.46845
562.421, -10.3896, 0.606731
563.318, -10.0455, 0.179522
562.289, -10.4045, 2.95998
561.649, -9.97794, 0.452846
561.729, -9.77892, 1.97085
562.733, -10.1608, 2.89136
564.144, -10.7001, -0.633334
562.039, -10.6464, 2.26189
563.799, -10.3867, -1.87009
563.772, -11.8218, 1.93811
562.624, -11.4664, 1.68858
563.966, -10.9276, -2.92136
563.862, -16.1885, 1.25319
522.363, -76.6267, -2.09333
526.553, -64.6064, -2.38613
520.233, -79.99, -2.10109
510.745, -62.7611, 0.97864
563.802, -14.9333, -1.06357
564.774, -20.4564, -2.49865
564.577, -16.1277, 2.58716
563.666, -11.8762, -1.94407
564.134, -19.249, 2.41438
564.385, -17.3315, -2.34956
564.408, -17.3817, 0.88613
564.814, -21.3078, 1.9913
564.799, -19.2382, -0.382697
564.251, -14.4706, -1.28744
511.956, -43.3992, 0.049131
564.766, -20.3252, -0.010408
564.18, -15.3889, 0.347555
565.096, -21.3985, 0.57621
564.306, -17.9932, -0.289238
564.455, -21.2571, -2.49852
564.645, -16.6498, -2.87875
559.917, -17.0559, -2.28881
563.626, -14.733, -1.56378
523.63, -83.3342, -2.30758
533.951, -67.1779, -2.95302
563.825, -15.5698, -1.91213
564.853, -19.0948, 1.95425
565.739, -20.8869, 1.02516
565.927, -20.6507, -0.042138
564.594, -15.9501, -0.117977
562.713, -10.5591, -1.19279
560.978, -10.9454, -0.861713
623.261, 17.7743, -0.859966
622.453, 2.15298, -1.21136
634.647, 8.60305, -2.95
564.451, -12.65, -1.49242
564.487, -10.7397, -1.14097
605.311, 46.145, 1.08004
575.941, -1.15368, -2.78216
601.861, 16.1887, 3.04966
594.512, -1.98159, -6.1e-05
642.783, 2.62274, 1.52616
564.715, -11.6362, -1.57387
563.376, -9.99817, 0.552078
563.869, -11.5508, 0.017024
564.093, -12.1358, 1.00116
565.016, -9.57509, -0.07293
563.735, -12.4039, 0.685849
564.054, -9.53095, 0.924399
505.406, 40.5226, 0.357664
515.786, 26.0943, -0.512406
509.663, 23.8317, -1.64559
520.567, 11.8104, 1.82667
522.72, -9.42694, 1.99175
502.736, -4.57786, 2.16764
502.634, -26.1887, 0.796032
508.892, -26.6363, 2.4694
498.891, -29.3638, 1.30682
563.527, -4.00208, 0.972592
563.668, -3.38528, 2.72646
563.33, -9.43558, -3.12939
563.564, -4.68293, 2.31794
562.898, -2.86345, -2.29442
563.093, -8.08387, 0.109083
587.399, 33.4246, -0.738828
596.905, 46.1489, 2.32123
598.311, 36.7349, -2.84631
603.465, 35.2626, -2.21999
604.629, 11.5666, -1.2997
603.938, 3.74014, -2.5679
592.909, -3.22169, 1.58966
563.331, -3.36115, -2.16756
562.439, -2.70627, -0.05154
563.302, -5.28535, 1.19735
505.271, 14.7783, 1.16238
510, 6.0486, -3.1237
561.836, -2.80934, 0.708365
518.814, 0.788861, 1.88735
562.799, -1.89463, -0.129878
562.298, -4.41293, 2.93096
562.929, -4.8665, -1.30112
563.486, -3.48999, 1.27334
562.334, -3.88443, 1.50744
563.154, -2.2366, -0.537832
565.11, 0.325531, -1.60383
564.402, -0.470107, -2.0827
562.76, -3.202, -1.99801
562.295, -2.69135, -2.31357
496.75, 39.437, 1.58505
562.555, -2.31117, -1.11529
563.351, -1.63748, 1.50909
564.008, -0.020732, -2.4722
554.883, 65.4651, 1.88013
529.12, 61.042, 2.39813
489.412, 28.7196, -2.15231
501.692, 46.7986, -3.11098
531.768, 57.2292, -2.43449
563.463, 0.28517, -0.887098
534.76, 38.316, -1.75686
544.66, 22.9415, -2.58745
569.71, 0.046219, -1.669
614.86, -58.9825, -1.45806
566.571, 0.892871, 2.42654
566.944, 0.786191, 2.89918
568.282, 1.41236, -1.16483
573.884, 2.43592, 1.12527
569.844, 1.20799, -2.9694
571.415, 1.54402, -1.88838
573.671, 1.84214, 2.29212
565.835, 1.08772, 2.01871
565.93, 1.38681, 1.12283
573.114, 1.8428, 1.81144
570.906, 1.16165, -0.953897
526.975, 51.1245, 0.216669
571.079, 1.14599, 2.00305
574.218, 1.36792, 2.25512
563.147, 3.18113, -0.660653
565.565, 2.26441, 3.02709
562.73, 3.64258, -1.74113
562.368, 3.40733, -0.322458
562.467, 3.76683, 2.75338
562.4, 3.84645, -2.32508
562.339, 2.88696, 2.46293
564.199, 4.38122, -2.69156
562.893, 3.07082, 2.43243
562.93, 3.67145, 3.02864
564.326, 4.10066, 2.7191
562.725, 3.56142, 1.33968
563.436, 3.56567, -1.58363
563.44, 4.17378, -1.79259
563.285, 4.02597, 2.72213
562.863, 3.75733, -0.460025
562.847, 3.73355, 2.73366
562.347, 4.45276, 1.19432
563.882, 4.36307, -1.66562
563.708, 4.13903, -2.03177
563.013, 4.56252, -2.05659
565.649, 1.45118, 1.20178
501.344, -13.6832, 1.9968
567.454, 0.450062, 2.47339
567.875, 1.12982, -2.91743
563.013, 3.08181, 1.48303
569.534, 1.01846, 2.08313
564.751, 2.9553, 2.7187
565.044, 2.42337, 1.35627
568.342, 0.471342, 0.084531
567.426, 0.322331, 1.8419
566.14, 0.9783, 0.583173
584.57, -67.9745, -1.57351
567.451, -35.4165, 2.7489
549.316, -65.3065, 2.89395
538.88, -63.5149, -2.14828
568.188, -0.593054, -0.79451
570.124, -0.654987, 1.77185
565.007, 1.65947, 0.803678
567.009, -0.11919, -2.9436
568.213, -0.194348, 0.00894
566.804, 0.24035, 1.17749
569.499, -0.153553, -0.948097
573.638, -0.49564, 2.74621
571.892, -0.784588, -0.810542
568.806, -0.113586, -0.247035
570.796, -0.559999, 0.308826
567.109, 0.458391, 2.81796
567.552, -0.155861, -1.98852
572.996, -0.494167, 1.49612
567.291, 0.255924, 2.48931
572.681, -0.450408, 0.145173
571.822, -0.050157, -1.02002
569.996, 0.21941, -1.37448
568.338, 0.038965, 2.47891
570.386, -0.574963, -0.895633
571.233, 0.069192, 1.66538
572.76, -0.436486, -2.90232
568.436, -0.278763, -1.21185
570.003, 0.196663, -1.59928
571.303, -0.188621, -1.61543
573.237, 0.141196, 3.06459
569.858, -0.377315, -3.11715
572.623, -1.01132, -1.35413
571.301, -0.172982, 2.25883
573.023, -1.21933, -0.171109
571.091, -0.703458, -2.86207
570.807, -0.393769, -3.00424
572.456, -0.580127, 0.08733
571.037, 0.012757, 0.261241
572.997, -0.702972, 0.945769
573.628, -0.414593, -1.30806
573.519, -1.8567, -2.65232
573.589, -0.342189, 0.480217
571.896, -0.029841, -2.52671
572.415, -0.221651, 2.2147
571.149, -0.1711, -0.814631
572.323, -0.243565, -3.13961
574.616, -3.75817, -3.00019
574.516, -3.85566, -2.32667
571.887, -0.209843, 0.420138
576.097, -5.16095, 1.05834
576.97, -6.46812, 1.19176
573.016, -0.962987, 1.36887
576.77, -5.00923, -0.291804
573.68, -3.97342, 0.028337
573.371, -1.5338, -2.3145
573.616, -25.9307, 0.591483
573.516, -5.60074, 0.006213
573.356, -4.94401, 0.255942
574.045, -5.17532, -2.58476
573.121, -26.7549, 0.84789
574.508, -34.2186, 0.369459
573.376, -27.083, 0.468522
573.447, -17.1557, 2.83784
576.379, -5.12305, -1.35755
574.088, -33.6617, 2.25188
574.181, -12.4307, -0.342349
575.667, -3.44211, -2.43942
575.067, -31.6339, 3.1304
574.082, -6.11048, -3.06383
573.231, -25.2915, 0.720288
572.862, -33.9126, 0.070119
572.745, -4.48943, -1.17185
577.65, -5.62636, 0.298075
577.816, -5.90704, -1.65213
577.853, -5.49069, -0.584663
576.286, -5.8334, 2.56956
573.979, -3.66392, -0.878507
581.542, -11.5546, -1.05388
578.341, -3.68654, -1.05745
575.415, -4.3053, -0.520343
576.242, -5.51213, 0.144384
575.037, -4.28242, 2.52413
576.77, -4.98162, -1.43892
575.999, -5.0888, -0.123509
575.637, -4.34306, -1.14287
576.782, -3.43107, 0.721133
576.692, -4.21972, -1.80654
576.172, -5.90099, -1.94403
577.399, -4.18551, -1.79506
618.69, 13.532, -0.117347
577.538, -5.85303, 0.173298
579.168, -6.22466, 2.48642
577.254, -4.63888, -2.75422
579.765, -5.93638, 2.98633
582.446, -5.55327, -0.12418
586.162, -5.19076, -1.48672
582.168, -5.22271, 2.99882
583.066, -5.56638, 0.982657
585.939, -5.0461, 2.51575
581.402, -5.6239, -1.69127
582.036, -5.50279, 1.29945
583.058, -5.88671, 1.33425
582, -5.58591, -0.992122
584.877, -5.93265, 2.95367
585.401, -6.14144, -1.66484
583.743, -5.90491, -2.52852
582.55, -6.30694, 1.74128
583.326, -6.16131, -0.803201
585.268, -5.71291, -2.1071
582.307, -5.99887, 1.53802
585.61, -5.87869, 2.42023
585.414, -5.70577, -3.03497
584.956, -5.93852, 1.18708
586.786, -5.62028, 1.88237
586.756, -5.2014, 1.73096
582.797, -5.95007, 0.212283
583.938, -5.67538, -1.48603
586.689, -5.49514, -2.1549
586.673, -4.98303, -1.97862
585.47, -5.83061, -1.40177
584.121, -5.8382, -2.25145
586.726, -5.30233, -1.25525
586.78, -5.90845, 2.04985
584.458, -5.85604, -1.83685
586.912, -5.62093, 3.12003
586.241, -5.42985, 2.49534
586.547, -6.20626, 2.23825
586.526, -3.91751, 0.80909
586.421, -6.26431, -1.98981
587.528, -12.4722, -0.735246
585.736, -7.63246, -1.69707
585.898, -11.2695, -2.37089
586.77, -11.7122, 0.165732
586.998, -9.89397, -1.74094
587.811, -13.4236, 0.019293
587.407, -9.86576, 0.387262
586.445, -7.36649, -2.75329
586.546, -7.51465, 1.85228
587.096, -8.77578, 0.995844
587.217, -10.4263, 2.40744
587.337, -13.577, 2.49148
587.838, -11.5839, 0.384216
588.333, -11.7398, -2.48919
587.303, -9.55154, 1.14591
587.015, -10.3917, 1.15422
587.685, -13.5055, 1.72256
587.576, -11.1659, 2.6036
588.915, -11.6047, 2.90375
587.557, -13.2484, 2.03722
587.365, -13.3744, 0.89
587.724, -11.9263, -0.311651
587.943, -12.9886, -1.8571
587.879, -12.4493, 1.9929
587.705, -13.3295, -1.1666
587.323, -11.6862, -0.127986
587.546, -13.823, 1.58275
588.219, -13.8289, 1.22635
586.023, -14.4387, -0.571074
582.644, -13.954, -1.86735
579.551, -15.2874, 0.693816
584.852, -14.1829, -2.73076
575.829, -16.5625, 0.656776
586.242, -13.8837, -1.99865
579.143, -16.4796, 1.49474
584.945, -14.1774, 0.745765
584.391, -14.6505, -1.42279
582.968, -15.4769, -0.335036
582.648, -15.6884, -0.443609
581.497, -16.103, -3.0365
578.746, -17.1969, -0.34624
579.376, -16.868, -1.21664
577.523, -17.7143, 2.64749
581.385, -16.2726, -2.36205
579.362, -16.8917, -0.466138
577.317, -17.6301, -1.31689
579.695, -16.4925, -2.20246
578.98, -17.0384, 1.01616
575.903, -17.7772, 0.686576
579.663, -16.5116, 1.22856
577.449, -17.615, -0.827379
581.643, -16.1529, 0.580346
579.634, -16.8378, 2.47041
576.818, -17.6995, 0.210347
577.488, -17.4905, -2.5971
578.017, -17.0346, -2.45909
578.802, -16.9561, -0.844286
578.002, -16.8382, 1.29068
578.349, -17.1432, 3.05719
576.027, -17.9445, -0.695859
578.537, -16.7934, -2.68339
579.034, -16.6072, 0.577733
577.435, -17.3042, 1.08095
577.446, -17.4969, -1.20881
577.907, -16.8375, -1.24807
577.18, -17.6371, 2.14804
578.171, -17.3321, 1.70323
576.414, -17.5482, 3.036
576.162, -17.7612, -0.366086
577.002, -17.4008, 1.39271
576, -17.6056, 2.32495
575.599, -17.5625, -1.40408
577.219, -17.4578, -1.80839
576.196, -17.9688, 2.59839
576.564, -18.0649, 2.48165
576.414, -18.9888, -0.571812
579.722, -33.5634, 2.23831
581.147, -34.6536, -1.81767
576.205, -18.7872, 1.16586
581.086, -34.7044, 2.3627
581.57, -35.845, 1.78464
579.813, -29.5722, 3.00673
580.764, -34.9833, 1.50682
576.765, -22.811, 0.03833
579.738, -37.0114, -2.93644
576.507, -19.7793, -2.71897
576.859, -24.1556, 0.02301
579.438, -36.0118, 0.837795
578.997, -35.6596, 0.68724
577.298, -27.0627, -1.62827
578.31, -31.9232, -2.77892
576.803, -23.849, -0.802841
575.916, -31.443, -2.07854
572.533, -32.9982, -2.42764
572.64, -25.3907, -2.23046
565.167, -30.3296, 1.73059
578.715, -25.9644, 1.18063
576.052, -17.317, 0.217985
572.102, -6.9239, -0.011478
572.765, -9.3263, 1.29658
573.68, -7.20069, -2.87884
575.125, -9.69291, 1.33679
576.186, -15.5634, 0.458941
576.254, -14.8201, -1.31052
576.007, -16.5572, -2.07354
575.433, -4.34564, 2.70981
576.186, -12.8571, -2.04379
576.523, -4.127, 2.70372
576.849, -4.54041, -2.20088
576.399, -9.36027, -0.843877
576.191, -6.39007, 3.00276
576.404, -16.9779, 2.00936
574.955, -9.12557, 1.90499
581.354, -17.5897, 2.35525
586.69, -16.6054, 0.326328
588.869, -15.4438, -0.246231
581.045, -17.022, 2.43637
586.188, -15.2596, -2.82562
581.383, -16.4301, -0.342497
586.166, -14.7294, 2.0041
587.754, -14.0498, 3.04153
581.804, -16.4385, -1.58156
587.159, -14.0886, 3.13116
580.439, -16.8794, 1.68981
584.213, -15.3345, -0.201672
583.858, -15.1431, -0.875763
584.397, -15.4283, 1.86362
586.846, -14.4488, 0.876922
586.536, -14.5993, 0.091249
584.525, -14.8941, 2.70192
588.859, -13.8374, -2.65432
584.901, -14.6318, 2.3131
583.896, -15.3027, -0.600835
586.566, -14.1549, -1.6031
582.362, -15.6458, -2.40254
583.942, -15.2609, -0.508953
588.716, -13.9732, 2.7607
587.583, -14.1151, -1.43874
584.747, -14.6823, 2.73271
583.009, -15.339, 1.19557
585.809, -14.7972, 2.21453
587.533, -13.8839, -0.323006
586.11, -14.6519, 1.35879
586.22, -13.8917, 0.655021
588.598, -13.4197, -2.12966
584.794, -14.8717, -1.98809
587.982, -13.068, 1.30991
587.312, -13.4697, -1.19119
587.979, -13.8146, -2.182
588.229, -13.5553, -1.27548
587.984, -12.7085, 0.631623
586.842, -13.8373, -2.78771
589.863, -10.1476, 1.96868
589.902, -9.78763, 1.25537
587.132, -13.6282, 0.707781
588.545, -13.3906, -0.886035
588.511, -11.4863, 1.78253
584.377, -2.70698, 1.76184
589.878, -10.6936, 2.92108
585.868, -6.42707, -1.17589
584.204, -1.23329, -2.87977
586.741, -7.27322, 0.402651
584.735, -2.88515, -2.19009
595.594, -8.90875, -1.44074
583.022, -0.038191, 1.16814
589.728, -10.4486, 1.69138
590.154, -10.1606, -1.92233
589.897, -11.0297, -1.20521
594.194, -9.21532, 1.63487
589.996, -10.1211, 2.67055
594.35, -8.54524, 2.16677
593.98, -8.06508, 1.03364
593.015, -9.1732, -1.00565
593.786, -5.94821, -2.67666
595.929, -3.66291, 1.31135
611.169, 66.9596, -1.51889
593.584, -6.13531, -2.0995
613.565, 65.0397, -0.632852
590.341, -7.21627, -3.0042
592.392, -8.58166, 0.379516
594.153, -5.84286, 1.83761
592.975, -9.02872, -2.08063
594.186, -4.58544, 2.26343
592.024, -8.66372, -1.77291
593.736, -8.46754, 2.73934
592.271, -6.25547, -2.4085
592.541, -8.71786, 1.82039
598.526, -11.1793, 1.80045
595.924, -4.00061, 0.570339
597.056, -10.829, 1.63854
596.606, -10.4765, -1.29809
599.32, -10.2269, 2.72054
647.244, -55.6855, -0.986437
595.873, -9.22099, 2.63869
652.651, -60.3835, -1.41621
641.883, -46.3741, 0.235494
646.029, -49.5149, -0.983907
655.163, -57.3552, 2.10239
626.771, -33.5039, -1.5539
600.249, -9.18294, -1.57081
598.901, -11.7762, -0.58147
618.861, -27.977, 0.92461
600.312, -9.53136, -0.919346
649.498, -51.896, 2.41702
651.465, -55.6254, -0.963315
599.933, -8.90565, 0.561238
631.508, -39.5114, -1.56685
600.856, -7.51829, -0.932758
653.212, -68.211, 1.34429
646.433, -74.2119, -1.52923
600.479, -9.73104, -3.07534
600.207, -8.57928, 1.13015
599.341, -10.1521, -0.867963
601.206, -8.08474, -0.552747
600.155, -9.44951, -2.0149
600.462, -8.90522, 1.84164
600.222, -7.70881, -1.72155
599.865, -8.0223, -1.62926
599.457, -7.08898, 2.57831
598.853, -6.30567, -0.491311
599.154, -7.02077, 0.999219
672.063, 7.65007, -2.92572
600.086, -6.76704, -0.241235
605.515, 57.3721, -1.86407
599.934, 64.9601, 1.98087
609.143, 60.7828, -0.176835
612.291, 57.0633, -3.07785
600.655, 16.9171, 0.510224
672.58, 17.4946, -2.24288
600.991, -8.25567, -2.54175
599.937, -8.79008, 3.08882
600.316, -8.59014, -1.40024
598.171, -10.4772, 1.9609
598.182, -12.4702, 1.97171
600.176, -9.95341, -2.36486
598.223, -11.2149, -0.058059
598.554, -9.47385, 2.26407
597.258, -12.2622, 3.02591
598.023, -10.9096, 0.855246
599.737, -10.0418, 3.07661
601.131, -10.9117, -0.910524
598.498, -10.6292, 0.995962
648.258, -75.2349, 2.71698
631.206, -72.307, 1.72039
617.772, -74.0668, -1.79038
615.021, -76.704, 2.25726
618.649, -58.2794, -0.174617
594.578, -7.86497, 1.53667
593.988, -8.20559, -0.451661
596.347, -9.75607, 1.8842
595.989, -8.8454, -0.811094
596.142, -9.51582, 2.95095
591.643, -7.22689, 2.35259
598.739, -11.0311, 2.1138
597.825, -9.80954, 1.76314
596.91, -8.92374, 0.534391
597.515, -9.84911, 3.10988
598.157, -10.6836, 1.43938
597.937, -11.2972, 1.52346
624.053, -55.0446, -0.874766
639.671, -79.4439, 2.12503
616.895, -34.9863, 0.81578
628.421, -57.1124, 2.71511
635.538, -59.8648, -1.43385
608.073, -24.5625, -1.33215
608.48, -26.0136, -0.732342
622.471, -49.4014, -0.479092
634.58, -65.2863, 1.68724
640.277, -72.6435, 0.7726
651.277, -74.9711, 2.89062
631.354, -40.157, -0.594543
636.009, -50.363, 2.28729
638.66, -55.2679, 0.947517
638.803, -57.8666, -0.126573
641.321, -62.7802, -0.1228
665.308, 13.3852, -0.081532
647.675, 18.4876, 1.66283
609.366, -94.8141, -2.11687
591.745, -76.297, -2.61901
613.892, -56.2442, 1.19725
587.759, -64.0006, 1.43444
607.107, -76.3553, -0.06744
601.887, -14.8443, -0.132936
662.94, -58.6251, 2.33021
650.65, -55.6682, -0.943496
602.695, -15.5491, 3.06848
624.688, -39.2366, 2.40377
633.16, -50.9734, -1.97642
628.365, -71.5898, -2.75321
630.423, -85.3688, 2.02421
624.973, -65.396, -1.70731
633.122, -87.7389, -1.96048
623.733, -59.9388, 1.40746
644.712, -83.4995, -1.20915
631.334, -56.5494, -1.17275
598.927, -12.7672, 0.420934
601.733, -14.7571, -1.68099
598.77, -13.2521, -2.1146
599.249, -12.7565, -0.360255
599.244, -13.2553, -2.81327
599.067, -13.5766, 0.906969
598.746, -13.3825, 1.94584
599.379, -13.7832, 1.93108
600.635, -14.553, 3.12923
598.376, -13.3952, -0.065934
526.77, -24.1631, 0.658237
543.237, -19.5652, -0.393504
555.968, 40.6941, -2.66397
571.111, -27.1062, 2.54953
579.777, -19.0282, -2.27485
578.623, 55.5124, 1.25907
563.084, -74.9858, -2.36487
572.897, -54.9058, 2.87392
578.387, -58.6703, -0.01414
613.543, 11.9787, 0.601303
577.225, -47.953, 0.734386
598.093, -12.0938, 1.40403
597.06, -8.45649, 3.10542
598.054, -8.7958, 0.543226
598.946, -13.9911, -0.226335
599.048, -12.4611, -1.6013
598.346, -12.5554, 1.89166
597.56, -7.68097, -0.869904
598.692, -9.10791, -1.0223
598.641, -10.8326, -1.75388
599.417, -10.9042, -2.18876
598.77, -11.986, -0.799698
600.551, -9.65047, 1.93581
599.39, -7.96712, 1.74558
599.749, -10.6343, 2.92103
599.684, -8.99545, 0.50696
599.423, -8.91318, 1.97918
601.49, -7.27697, -0.985666
598.468, -8.98512, -0.822357
598.332, -10.6658, -0.493676
598.886, -12.928, 2.10991
599.63, -8.96713, 1.90643
598.149, -11.4844, -0.943039
597.746, -11.2396, -0.620795
599.009, -8.76175, -1.14189
599.598, -10.21, 2.37729
598.847, -10.9316, 1.31637
598.72, -8.42575, -1.02026
601.582, -9.41929, 0.294219
599.856, -10.1722, -2.40537
601.759, -9.57018, -1.25646
598.169, -10.1202, -1.39282
597.907, -8.39631, -0.309928
598.188, -8.60905, 1.88435
597.177, -7.09652, 0.987721
599.401, -9.06922, 1.56877
595.22, -3.38936, 1.27913
598.49, -9.55185, 0.970396
526.414, -10.549, 0.392586
535.002, -10.2475, -2.38172
595.732, -3.11506, -1.90168
597.97, -7.70354, -3.04771
596.954, -4.9318, -0.590666
596.64, -3.61746, 2.7903
597.38, -7.13303, -0.640657
597.461, -7.14621, 0.737966
597.609, -6.53068, -2.18799
596.843, -5.50143, 0.510806
595.826, -3.67503, 1.55621
595.578, -2.78528, -0.992522
598.99, -2.56812, -0.914387
599.314, -2.50891, -1.5384
597.878, -4.63826, 1.12948
597.221, -5.20838, 2.20506
599.049, -2.87064, 0.75206
597.572, -4.2227, 1.10921
596.559, -4.96709, -0.014735
597.91, -3.36114, 2.07377
663.846, 26.9611, 1.17799
650.621, 17.8189, -1.51302
654.782, 13.1476, -1.59293
642.075, 8.95778, 1.95841
641.654, -39.5656, 2.27651
668.6, -11.4663, -2.39896
678.221, 8.22356, -2.33447
648.373, -4.76645, 2.21468
648.001, -12.6584, 2.69477
677.789, 3.14096, 2.00695
600.15, 0.409326, 1.02104
598.627, -0.245115, 0.922759
541.234, 20.5444, -2.15717
526.297, 31.9861, -3.07902
544.043, 19.8508, -2.36747
640.971, 35.6984, -2.21357
548.857, -1.37414, 1.26516
650.08, 34.301, 1.37912
627.819, -6.14375, 2.80103
655.88, 24.1272, -1.45401
634.282, 14.1448, -0.001313
645.441, 11.2773, 1.35642
575.048, 54.4921, -2.67555
619.885, 5.34181, -0.857913
641.077, 13.9925, -2.5428
651.988, 22.7676, -0.045494
648.491, 31.1645, -1.01174
636.243, 18.0252, 0.691617
626.916, 9.97872, 0.15358
660.062, 1.10475, -2.7613
587.499, -72.5417, 2.02936
581.592, -65.4963, -2.08599
595.2, -77.3375, -0.582576
612.914, -62.0095, -0.34517
596.58, -6.84481, 1.70294
598.651, -4.62784, -0.266334
598.523, -0.724763, -0.302048
643.416, -26.5228, -2.17243
658.102, -24.3409, -1.54743
601.373, -50.5638, 2.75311
597.368, -43.5388, 1.72613
600.536, -50.4563, 1.19884
611.279, -79.0996, -1.08924
609.791, -60.759, -2.9988
621.64, -46.6864, 2.43864
599.696, -73.8609, 0.324707
609.75, -47.4002, 0.176339
598.897, -2.59423, 1.03254
596.446, -4.29877, 2.82322
597.375, -4.31695, 1.25137
529.07, -8.91777, 0.637348
597.598, -3.95081, 1.25675
546.102, -9.44328, 3.09762
546.055, 0.84329, -2.47837
530.611, 8.16721, 0.36503
528.148, 0.238605, 2.45485
522.332, -7.60739, -0.564566
678.538, -13.7572, -1.92157
668.057, -11.2997, -1.70065
596.341, -5.74722, 0.883981
598.258, -3.14565, -1.63026
677.214, -10.9547, 2.55951
648.234, -7.16887, -1.23052
598.708, -3.92229, -1.74048
674.004, -13.1628, -1.69995
676.579, -12.5956, -1.84904
598.007, -5.42413, -2.68768
648.048, -9.38674, 1.21912
676.505, -12.2233, 1.77582
678.332, -12.5448, 2.27663
668.28, -12.1214, -0.834661
671.666, -12.0585, -2.66324
666.255, -10.8827, 2.90036
633.398, -7.49754, -1.1283
671.738, -12.8922, 1.06187
660.541, -10.3615, 1.70305
658.835, -10.6407, 0.49279
661.781, -10.5058, 0.615535
669.68, -12.3388, -1.73509
668.916, -12.4444, -2.73167
675.344, -13.3893, 2.94745
662.762, -11.0165, -2.32594
645.042, -9.0256, -1.99675
676.742, -12.6515, 1.91221
656.996, -9.88907, -2.71848
674.827, -12.3393, -2.56656
637.735, -8.01315, -2.43836
598.25, -2.30174, -2.91208
672.701, -12.5688, 2.66048
647.352, -9.10891, 0.934069
594.623, -7.59516, 1.349
666.282, -11.4822, -0.234885
636.848, -8.11702, -2.24929
662.83, -11.1178, -0.219434
665.369, -10.7265, 0.845132
659.624, -10.7834, -0.429703
645.734, -8.8611, -2.25915
670.863, -12.8623, -2.87719
597.094, -3.04733, 0.772899
649.913, -9.60808, -2.62615
596.448, -6.45173, 2.49637
667.713, -12.2834, 1.26342
665.221, -11.8316, -2.37068
597.477, -5.74498, 1.62089
656.759, -10.079, -1.04147
674.658, -12.4327, -3.1076
594.698, -7.96109, 0.971812
673.056, -13.0701, 2.84066
665.259, -10.9726, 0.47155
673.118, -12.2385, -2.68203
676.711, -12.5051, 2.62583
673.375, -11.95, 1.49035
665.472, -11.3124, -2.35639
669.402, -11.8843, -2.5991
668.445, -12.1759, -0.88707
670.172, -11.5355, -2.60673
633.947, -7.74016, -1.51864
664.967, -11.3967, -2.93609
671.041, -11.3771, -2.88917
669.409, -11.5298, -1.51006
676.202, -12.5373, 1.69812
660.464, -11.1272, -0.795483
655.447, -9.71258, 1.92511
661.468, -10.805, -2.97051
641.899, -8.57296, -1.5787
665.447, -11.5646, 2.2609
