0.21361
0.00454826
0.00252277
0.00192448
0.00399711
0.0008058
0.00836564
0.00138069
0.00315007
0.00190299
0.000375417
0.00209275
0.00394105
0.00039469
0.0180969
0.00910157
0.00195757
0.063798
0.00120067
0.00307324
0.00139751
0.000116907
0.00169897
0.0315358
0.00348229
0.392848
0.351683
0.00472114
0.000923623
0.00376801
0.0442112
0.000187457
0.0128327
0.501928
0.00670065
7.01722e-05
0.0012169
0.00523569
0.0149021
0.00103158
0.00275548
0.000114981
0.00613512
0.487455
0.558709
0.00119269
0.00968292
0.00299681
0.00182229
0.000408277
0.000459897
0.00603328
0.00124319
0.0020541
0.522282
0.00104424
0.0229658
0.00701735
0.0121737
0.00344226
0.00396735
0.00649859
0.000176831
0.00143477
0.00239509
0.0088811
0.00734902
0.488669
0.00376485
0.235278
0.00673753
0.000185175
0.000935662
0.00475658
0.00233418
0.502416
0.00906929
0.00046452
0.00257364
0.0035327
0.0115874
0.0175889
0.00178575
0.000701199
0.00256103
0.0174388
0.00192277
0.00824926
0.00025447
0.0100831
0.00587036
0.388401
0.00308418
0.0350529
0.018734
0.00055009
0.00515544
0.00111289
0.00563131
0.00794211
0.00163374
0.00157026
0.00242269
0.0022406
0.0110893
0.00412737
0.00220888
0.000655791
0.00164747
0.000462264
0.286432
0.00266094
0.00425002
0.00583418
0.00685503
0.00232675
0.000686447
0.00252962
0.000958684
0.00488603
0.31889
0.000931054
0.402654
0.284783
0.00420178
0.00656115
0.00764105
0.00382162
0.00398482
0.0111128
0.00126246
0.00189379
0.00217414
0.00163444
0.000590578
0.00401375
0.0104114
0.433786
0.000308123
0.00596996
0.000282751
0.000716733
0.000939748
0.00112358
0.000292497
5.78277e-05
0.00290064
0.330896
0.000808583
0.00535184
0.469641
0.00179302
0.0468436
0.0571248
0.00233342
0.00407182
0.00201388
0.00786754
0.00261299
0.40768
0.0119763
0.000175243
0.00416432
0.00921612
0.00800244
0.000262343
0.00172289
0.00367742
0.00362885
1.69095e-05
0.00271594
0.00251045
0.0110326
0.00220102
0.00104731
0.00217848
0.00194553
0.0112505
0.000383556
0.00296934
0.00654655
0.00105518
0.262438
0.00103387
0.00412671
0.419156
0.00168199
0.00324143
0.00469332
0.00041147
0.485542
0.00184884
0.00546247
0.00246901
0.00520529
0.0129477
0.00345306
0.0040235
0.00466928
0.00164785
0.0036201
0.0119663
0.00292939
0.0332686
0.00654789
0.00766792
0.0188481
0.0051264
0.00344926
0.00123332
0.00132373
0.000622665
0.00191229
0.00255993
0.00234206
0.00693436
0.000995182
1.17101e-05
0.00391724
0.00218323
0.0122846
0.00260318
0.000248092
0.0279137
0.000464815
0.00135558
0.000966394
0.000811509
7.38021e-05
0.00177484
0.00336638
0.0049598
0.00150698
0.0022478
0.0155833
0.0525491
0.000786882
0.0040757
0.329951
0.00525536
0.0101931
0.000487084
0.285553
0.0023693
0.183472
0.00412319
0.000405829
0.000696616
0.00116839
0.424651
0.141367
0.00168087
0.385177
0.00816656
0.543593
0.00505529
0.547529
0.516749
0.0108585
0.00380594
0.00055204
0.428228
0.0185309
0.00502491
0.00209833
0.321432
0.165162
0.00632883
0.491918
0.00295123
0.0190316
0.536046
0.00926062
0.393719
0.0200628
0.495236
0.433542
0.00195415
0.00440045
0.00801509
0.00153985
0.00232494
0.00571332
0.000269451
0.0473591
0.000278621
0.00418129
0.0297299
0.00125993
0.000392584
0.00352256
0.00455561
0.00771765
0.00998359
0.00651616
0.00140259
0.00990462
0.000824104
0.0040321
0.000570014
0.00147475
0.00404625
0.00427833
0.00258787
0.00708138
0.011852
0.00171054
0.00142983
0.00181208
0.00887807
0.147285
0.000653675
0.00494424
0.000666272
0.00253008
0.00410159
0.00334463
6.43407e-06
0.000240792
0.36255
0.00534386
0.0012013
0.000105247
0.00286913
0.00156221
0.00244401
0.00402803
0.0216665
0.0173688
0.000632857
0.00091211
0.0382538
0.00686745
0.00164908
0.00143594
0.000179127
0.000207986
0.00183038
0.547424
0.00665333
0.000830855
0.00657645
8.66313e-05
0.00191488
0.00168167
0.000390639
0.000973563
0.00260381
0.0033755
0.00217223
0.000656841
0.000670523
0.00494211
0.0294186
0.00345479
1.17758e-05
0.000498861
0.0103928
0.000800606
3.26902e-05
0.00698693
0.00365913
0.000532778
0.00510594
0.0170755
0.000990378
0.00485209
0.00174774
0.00234169
0.00450887
0.00543601
0.00228014
0.00140786
0.00202519
0.00045537
0.00619301
0.00320025
0.000394913
0.000924371
0.0125188
0.00447278
0.0122514
0.0382088
0.00394661
0.00899388
0.00612974
0.00428823
0.00689907
0.0029704
0.00037373
0.003841
0.00188914
5.75356e-05
0.00383784
0.00243771
0.0145833
0.000281775
0.00112651
0.058095
0.0027607
0.000646188
0.00345502
0.00218299
0.000342033
0.00295141
0.000503984
0.00166982
0.00170676
0.00139365
0.000824669
0.0015173
0.00214343
0.00270096
0.0027594
0.000705647
0.00518598
0.00524053
0.00656644
0.000523744
0.00835324
0.00436864
0.00338674
0.00228403
0.000985705
0.000760161
0.00165948
0.00331329
0.00240754
0.000597559
0.00569498
0.00170019
0.00114293
0.00139707
0.0154435
0.000514047
0.00120036
0.00887453
0.0119118
0.0039754
0.00820766
0.305351
0.000933019
0.0127161
0.497588
0.00699788
0.000608252
0.549687
0.00609844
0.0192189
0.000861842
0.522702
0.000154919
0.0315491
0.000434051
0.00278045
0.00714754
0.000292301
0.000784264
0.00698014
0.00540596
0.00718329
0.00154836
0.00109196
0.000786241
0.00901803
0.000865689
0.00200287
0.00108766
0.00388959
0.00603013
0.00299307
0.543814
0.00128569
0.00424898
0.00180356
0.00312519
0.0158862
0.00508105
0.00209808
0.00898311
0.00104765
0.00330802
0.000360448
0.00122463
0.00221879
0.00269957
0.00445013
0.000975278
0.00183291
0.00390346
0.00182277
0.00111148
0.00833316
0.0973014
0.000813371
0.0103558
0.00180055
0.000604307
0.00322195
0.00413369
0.000832236
0.00404718
0.000546295
0.00538565
0.00481242
0.00235662
0.000187369
0.00171976
0.000787708
0.000857307
0.00942621
0.00755122
0.001222
0.00295251
0.0027909
0.0108768
0.0108298
0.00593229
0.00558314
0.00586269
0.0059703
0.00413648
0.00280836
0.0156043
0.000150917
0.00214138
0.00248764
0.0172894
0.000342127
0.0102635
0.00815121
0.00279255
0.000762317
0.00186434
0.423403
0.00273764
0.0126118
0.00120584
0.00387389
0.00263385
0.434627
0.020182
0.447179
0.0409108
0.00321138
0.00240751
0.00233828
0.00660551
0.0013239
0.00744277
0.0153394
0.367134
0.000358179
0.00370101
0.00303145
0.00170685
0.00393691
1.50598e-06
0.00345621
0.38842
0.000968014
0.00092861
0.00120147
0.00066758
0.00413421
0.00776785
0.00191802
0.00547891
0.00360724
0.00210178
0.00547772
0.0019147
0.0128754
0.00408706
0.00725157
0.000977291
0.0592898
0.00982662
0.00144403
0.00366859
0.0149756
0.00785385
0.000813354
0.00437681
0.00957265
0.00355586
0.0021187
0.00510579
0.00272887
0.00232263
0.000205862
0.00400738
0.00224591
0.0151933
0.000765017
0.00311787
0.0100887
0.00183195
0.00917955
0.0249359
0.0053135
0.0126732
0.00357307
0.0292354
0.00181672
0.00465231
0.00188594
0.00960882
0.00983537
0.000204772
0.000613886
0.0116781
0.000242399
0.283382
0.0357929
0.00970048
0.00145811
0.00202703
0.000236194
0.000186453
0.00261189
0.00299985
0.0451812
0.435119
0.00759838
0.000714123
0.182669
0.0027763
0.0532127
0.00585042
0.00327715
0.000749412
0.0168934
0.00086624
0.00267813
0.0058703
0.00256289
0.00246228
0.00406064
0.251559
0.00104969
0.00149367
0.00228379
0.0113018
0.0122461
0.000943081
0.464097
0.0431429
0.0102623
0.00582622
0.00163073
0.431231
0.00921476
0.00139495
0.0159937
0.0206748
0.00763017
0.00413074
0.016794
1.67586e-05
0.472105
0.000899359
0.39805
0.00316995
0.00322504
0.0312619
0.000399456
0.0150037
0.0109875
0.00933576
0.000496353
0.00126557
0.000260961
0.00152263
0.00691411
2.44702e-06
4.83387e-05
0.00143534
0.00885167
0.00397062
0.0172292
0.00234261
0.00223366
0.00139328
0.00299311
0.0165006
0.00164813
0.00337932
0.0077953
0.00195078
0.332715
0.00118272
0.00299157
0.00132488
0.00532012
0.012541
1.7387e-05
0.000191667
0.0014309
0.000736743
6.88769e-05
0.00646876
0.000168294
0.000317377
0.0128363
0.00366427
0.00602762
0.00353238
0.268039
0.0186879
0.011272
0.00177366
0.001736
0.000392529
0.000998484
0.00455445
0.00441904
0.0259524
3.83477e-05
0.0105709
0.00158811
0.00294424
9.83982e-05
0.00176453
0.00171825
0.00270664
0.00569474
0.0020598
0.000398882
0.405607
0.00323054
0.0059869
0.00061385
0.0024153
0.00649123
0.00112187
0.422374
0.00594063
0.00142872
0.00134673
0.00450929
0.00861491
0.010508
0.00441204
0.000637204
0.0032349
0.00168123
0.00215218
0.44525
0.000774282
0.00233475
0.0112265
0.00306057
0.124156
0.00144984
1.58025e-05
4.20736e-05
0.000496623
0.00226315
0.00114551
0.00292435
0.000412667
0.00171276
0.00246411
2.28636e-05
0.00198124
0.00238355
0.00435104
0.00229204
0.00118984
0.491107
0.00342135
0.0162571
0.00182595
0.00429572
0.00251711
0.000570957
0.00379324
0.00254474
0.00135744
0.00291446
0.00195609
0.000445838
0.000190984
0.00190641
0.000462609
0.00455141
0.00330964
0.00871461
0.00211762
0.00369882
0.0209053
0.00219044
0.55669
0.00221547
0.00196158
0.000255611
0.00266695
0.000749726
0.00163023
0.00371471
0.00230188
4.69444e-05
0.00574413
0.0183153
0.00722483
0.00663845
0.00197698
0.00223783
0.000495783
0.431924
0.00168627
0.00544408
0.00251016
0.0095342
0.00350182
0.00269815
0.00110305
0.00161101
0.00466664
0.00380482
0.00313414
0.00457252
0.00337271
0.00088479
0.00517734
6.78269e-05
0.00131551
0.00410305
0.000502475
0.00369101
0.00488033
0.001114
0.00163318
0.00296372
0.0888191
0.00109627
0.00659805
0.0106849
0.00893841
0.000570076
0.00350692
0.00341539
0.00112554
0.000803079
0.00317914
0.0372203
0.0147898
0.0148963
0.00048183
0.00246485
0.00150152
0.00663148
0.00697886
0.450889
0.462951
0.00218227
0.00207572
0.00586102
0.00502715
0.0040729
0.00718556
0.00331089
0.000397597
0.00452793
0.013983
0.00590685
0.0169977
0.00106847
0.00120681
0.000436803
0.00236979
0.00049011
0.00121443
0.00113426
0.484361
0.00168744
0.0075647
0.00276779
0.00495052
0.468244
0.0149457
0.00414167
0.00446282
0.00514545
0.0018287
0.000519074
0.00342964
0.000311433
0.000500494
0.00256897
0.00217703
0.000180818
8.12234e-05
0.000862398
0.00116325
0.000209224
1.74262e-05
0.0185438
0.00947521
0.00384538
0.00499199
0.00512676
0.000281885
0.00607262
0.000648289
0.0118039
0.00323162
0.00209406
0.00587194
0.00047275
0.000390756
0.000470315
0.00273879
0.0015237
0.0110746
0.0013639
0.00132275
0.00167582
0.000817564
0.00205437
0.00107918
0.00483869
0.00430709
0.0140764
0.0196363
0.00157786
0.00118557
0.550598
0.00304863
0.000919279
0.0151368
0.0279466
0.00250982
0.00312135
0.00360308
0.00897456
0.0043108
0.001154
0.0021441
0.00935886
0.00278469
0.00144659
5.47117e-05
0.0118023
0.000755401
0.00204593
0.00145718
0.00973554
0.0137738
0.0167969
0.0122344
0.00110101
0.00497121
0.00149351
0.0014728
0.00277192
0.000285265
0.542733
0.00629733
0.00346328
0.000419391
0.00240124
0.00620276
0.00505855
0.00173059
0.00114669
0.00132996
0.0832401
0.00389267
0.0102188
0.0306384
0.00703272
0.00552918
0.000896088
0.00347028
0.00168442
0.00137014
7.95898e-05
0.000942163
0.0014426
0.0060619
0.00236375
0.0146809
0.0130541
0.0019975
0.000540922
0.00329238
0.00401461
0.00173336
0.00637396
0.0401087
0.00140126
0.00139735
0.00811667
0.00178846
0.00360234
0.00549445
0.00376601
0.00422625
0.0100803
0.00332907
0.00167079
0.00346695
0.00163884
0.00410544
0.00370508
0.0158624
0.00256743
0.00346494
0.569007
0.00959238
0.000815681
0.0016938
0.00387892
0.00188846
0.0343417
0.00132368
0.00271439
0.00393185
0.00485012
0.00903495
0.00141225
0.00724555
0.000125769
0.00222361
0.0017671
0.0016778
0.269008
0.00214027
0.00191342
0.00272564
0.159935
0.00172917
0.00378344
0.000700458
0.000177249
0.0015612
0.00324206
0.00119348
0.000845382
0.00345505
0.00208643
0.00722695
0.00125561
0.0218128
0.00245213
0.00188969
0.00066276
0.00335061
0.00365633
0.00347786
0.00125077
0.00272195
0.00515868
0.000109224
0.0103569
0.290721
0.00363938
0.51819
0.000376593
0.00131252
0.340516
0.00795558
0.00446995
0.00427817
0.0140904
0.00155758
0.00231031
0.00947375
0.000924758
0.00741483
0.00984569
0.000335675
0.0051264
0.0230006
0.000464156
0.00536114
0.00310884
0.00480191
0.394545
0.00429126
0.000573437
0.00480002
0.000823698
0.00277214
0.000565856
0.00718096
0.00326393
0.000162479
0.041446
0.00272885
0.00129422
0.41317
0.00526943
0.0256671
0.0158602
0.00671752
0.0304819
0.00561644
0.0022605
0.00537351
0.0150727
0.356498
0.000198922
0.00125562
0.0258103
0.00460017
0.00218326
0.0239499
9.88042e-05
0.00128718
0.00432249
0.00268307
0.000351693
0.00478243
0.00239621
0.00164308
0.46088
0.00151939
0.00121788
0.00803655
0.436541
0.00344246
0.00604251
0.000522517
0.000583296
0.484551
0.4271
0.000429819
0.488353
0.00225416
0.00446116
0.010076
0.00243937
0.0225054
0.00354546
0.01256
0.00282604
0.00229162
0.00448583
0.00170067
0.00233843
0.398122
0.00122991
0.00134277
0.00430016
0.525359
0.00105018
0.459785
0.00962899
0.0012384
0.00126572
0.00475073
0.00370356
0.00180283
0.00185951
0.0108382
0.00418049
0.00026426
0.000804121
0.00307686
0.00438902
0.0215612
0.0247663
0.000437208
0.230851
0.000876856
0.00964841
0.515664
0.0009772
0.00119766
0.00363527
0.0045858
0.00148197
0.0020398
0.450533
0.0293948
0.00115507
0.44046
0.00309262
0.0243165
0.0012126
0.00320688
0.00127627
0.00443907
0.00447765
0.0183741
0.0140402
0.508854
0.459106
0.0042905
0.00197705
0.00361554
0.000675468
0.00399377
0.00507744
0.00537165
0.000536227
0.0041357
0.00232709
0.000307221
0.0452435
0.00491551
0.00789871
0.00729778
0.000880378
0.00210734
0.00335999
0.00528577
0.510402
0.00123053
0.188709
0.00324039
0.00505626
0.0204261
0.00390545
0.00788055
0.0092731
0.00970351
0.0057111
0.00216476
0.00305839
0.00509592
0.00207936
0.0110701
0.000909814
0.00403838
0.00129906
0.00843084
0.00120391
0.0013234
0.00549559
0.00541678
0.002723
0.00464697
0.0036303
0.00444549
0.0121968
0.000272984
0.530779
0.00131664
0.00565457
0.0036939
0.000462556
0.326795
0.000672922
0.00273471
0.00313025
0.00116198
0.00386717
0.00387082
0.00206623
0.00127497
0.00660407
0.0168605
0.00023947
4.41374e-05
0.487809
0.00195935
0.00149387
0.00186349
0.227749
0.00260636
0.000851551
0.00608181
0.00299227
0.00377662
0.0299064
0.00976267
0.000787202
0.300233
0.00162902
0.0102286
0.00166621
0.00643027
0.000113321
0.000474097
0.00166916
0.00251958
4.92869e-05
0.495893
0.00414893
0.00311362
0.0089267
0.0111044
0.00214868
0.00353723
0.00976468
0.000370043
0.00543603
0.000882101
0.00210016
0.00157044
0.00047235
0.00115426
0.0022005
0.00217323
3.28589e-05
0.00190345
0.00479726
0.000808186
0.00647628
0.00207032
0.00349719
0.000202321
0.00332554
0.000151673
0.00139105
0.00189203
0.00251742
0.0035282
0.00652612
0.0002397
0.00483109
0.00567146
0.000980967
0.49729
0.00163105
0.000196137
0.0046106
0.00656509
0.00157988
0.019861
0.00796011
0.00167831
0.00148176
0.00290465
0.00126877
0.0025242
0.00707788
0.00454904
0.00542277
0.000626759
0.00468264
9.71039e-05
0.00568957
0.00842268
0.000201025
0.00248436
0.00781478
0.000582774
0.00373469
0.00301219
0.00214866
0.039653
0.000321854
0.000800971
0.441719
0.00992144
0.00219828
0.00154062
0.000495946
0.00853754
0.000205403
0.00237642
0.0275012
0.00292631
0.00089456
0.00922873
0.00854388
0.00318675
0.00674316
0.0274277
0.544591
0.00381175
0.0104516
0.00141371
0.128953
0.0026606
0.000677043
0.00285133
0.00755074
0.224205
0.00543174
0.00691907
0.00420045
0.00275771
0.00336021
0.00199002
0.0121836
0.0101315
0.00926679
0.004385
0.000704018
0.00252046
0.00157134
0.000846899
0.00209709
0.0357075
0.00675662
1.98999e-05
0.000254953
0.00473788
0.0195029
0.00141433
0.0142861
0.000812356
0.00248961
0.00241133
0.00160998
0.00088662
0.00233843
0.00649452
0.00278284
0.00996893
0.00125001
0.00388443
0.00674258
0.00248094
0.00467808
0.252903
0.00108243
0.00538117
0.000147019
0.0132534
0.00457254
0.0161084
0.00782551
0.0313737
0.000464301
0.00233691
0.000389701
0.00112181
0.00325691
0.00153357
0.0394618
0.00746571
0.00174464
0.000357655
0.00102357
0.00306545
0.466348
0.000784881
0.00909092
0.000847685
0.0144525
4.20948e-05
0.000312429
0.430049
0.00534741
0.00525428
0.00494012
0.0290867
0.000398831
0.00422241
0.00493087
0.00297701
0.00123071
0.00240464
0.00966681
0.00167722
0.0105931
0.00272074
0.00448098
0.0118297
0.00205037
0.00368096
0.539588
0.00772558
0.00232112
0.505678
0.000550284
0.00569799
0.00446317
0.0025776
0.000369717
0.00277274
0.000473632
0.00311777
0.00167835
0.000607283
0.000274148
0.00163103
0.001685
0.00221434
0.00739194
0.00619083
0.00486419
0.0154461
0.00436339
0.00797723
0.00716514
0.00358654
0.00521739
0.0386044
0.114948
0.000741553
0.0054498
0.00112684
0.00345359
0.00347198
0.569681
0.00697075
0.00071377
0.522399
0.00521349
0.000362451
0.00597246
0.00690497
0.0205209
0.000157728
0.00160325
0.0155475
0.00230412
0.00196302
0.00208022
0.00394097
0.00472902
0.00849551
0.2776
0.010639
0.00111397
0.00111701
0.00551072
0.47645
0.00248465
0.00404865
0.00475293
0.00265453
0.000134923
0.000742557
0.000242365
0.00341179
0.0149096
0.00920213
0.000883179
0.000167142
0.00371556
0.00286468
0.00893615
5.89575e-05
0.00355639
0.20427
0.00244145
0.00546698
0.00937393
0.00191222
0.004099
0.0116183
0.470366
0.00150425
0.00383597
0.00327442
0.00680323
0.000124424
0.348225
0.0012327
0.00301656
0.00158125
0.000401976
0.00225806
0.00357685
0.000149085
0.00782646
0.00266929
0.00850576
0.00356587
0.00473001
0.00636156
0.00510418
7.80179e-05
0.000630632
0.00163406
0.00232574
0.00242736
0.0173275
0.4846
0.000136072
0.00894356
0.00168415
0.00347676
0.00309731
0.00288296
0.00637106
0.0211643
0.477127
0.000637965
0.00443895
0.0337665
0.00624173
0.000264401
0.000208651
0.000603905
0.0142899
0.0025884
0.00075388
0.0111296
0.00416089
0.00452361
0.541383
0.00718893
0.00519247
0.00290986
0.00167336
0.00192044
0.267027
0.00484534
0.00113993
0.363198
0.00106996
0.00212864
0.00221648
0.000857283
0.00187798
0.0022476
0.00153411
0.00613375
0.0373434
0.000481103
0.00176072
0.00202289
0.00838218
0.00202793
0.00192397
0.00688174
0.532017
0.0121823
0.250382
0.00311804
0.00226169
0.00991073
0.000767382
0.00557892
0.0108855
0.0426038
0.00316006
0.0368127
0.00840243
0.000661849
0.00439868
0.0011403
0.00451539
0.00033713
0.0162214
0.00447988
0.00220024
0.000109018
0.00253049
0.00122198
0.00224601
0.0309402
0.00766189
0.012184
0.0188376
0.00230502
0.00189863
0.00556759
0.00851799
0.00176395
0.00246
0.00104411
0.000346882
0.00118311
0.00467117
0.00540648
0.00402076
0.011021
0.0103757
0.00880916
0.0171652
0.00260338
0.00839183
0.0261826
0.0348116
0.512775
0.00190021
0.00371827
0.00136568
0.00645019
0.00252045
0.0335413
0.00032393
0.000461944
0.00283304
0.00360148
0.00100763
0.00281161
0.000118168
3.35622e-05
0.00085309
0.000829811
0.000970291
0.00112062
0.000480252
0.00613934
0.00333545
0.0187955
0.00297373
0.0169895
0.343356
0.00374123
0.00654431
0.042781
0.0035557
0.00294344
0.00260793
0.0012952
0.00379456
0.00325614
0.00536359
0.00338026
0.0443841
0.00379916
0.00180522
0.00372409
0.0055201
0.0024974
0.00474123
0.223522
0.000749114
0.0792268
0.39326
0.000941046
0.000313891
0.0164158
0.00339562
0.00317648
0.00408043
0.00930907
0.00425912
0.0157164
0.000506734
0.0174705
0.000480085
5.97605e-05
0.00344346
0.00494666
0.000254829
0.000421508
0.0324934
0.00720053
0.00198125
0.00356569
0.000809689
0.000391782
0.0327997
0.0041181
0.00291353
0.00655703
0.00188009
0.00104734
0.00248128
0.420443
0.00446042
0.00251399
0.0627816
0.00594725
0.0627606
0.000331892
0.0739715
0.00252965
0.00279246
0.00922451
0.00655769
0.00346707
0.00605698
0.00117356
0.00462851
0.000652631
0.0181572
0.431692
0.584522
0.00191846
0.00127452
0.0188471
0.00264018
0.204515
0.460715
0.000169093
0.000251335
0.00334427
0.00174498
0.00711647
0.000930149
0.00968096
0.0261251
0.00427711
0.00269813
0.20413
0.0130455
0.00685416
0.00568544
0.0405266
0.00160667
0.00133067
0.00209475
0.541305
0.0151768
0.000518513
0.546337
0.12557
0.00331336
0.0304137
0.00288312
0.00226364
0.354078
0.0032642
0.00234208
0.00124433
0.00344985
0.00633376
0.0408879
0.39523
0.00328834
0.00426762
0.513078
0.00682847
0.463763
0.00724592
0.00155959
0.00449052
0.00694313
0.428111
0.00358914
0.000958427
0.223508
0.525854
0.00159188
0.00515009
0.664824
0.0140685
0.00333108
0.00131723
0.014143
0.00234618
0.00107062
0.0126885
0.364252
0.00393459
0.0038437
0.0122433
0.00109729
0.00797643
0.00365552
0.00405087
0.0135951
0.00255213
0.0426679
0.0111896
0.00713698
0.00103878
0.0253813
0.50308
0.556647
0.00137116
0.00412309
0.0337605
0.00427902
0.00300592
0.00580609
0.00413495
0.00168288
0.262545
0.285622
0.535443
0.023537
0.0329518
0.0200087
0.0594676
0.00626965
0.000514875
0.000747577
8.58867e-05
0.00395435
0.00870116
0.00154321
0.00228057
0.000573762
0.00659303
0.000213713
0.00276271
0.00548238
7.9256e-05
0.0403734
0.00269302
0.00167372
0.0215044
0.495255
0.000290486
0.00139263
0.000893238
0.00703048
0.00294157
0.00110596
0.00608401
0.0072464
0.00255635
0.000332858
0.000649736
0.00293986
0.000997069
0.000883229
0.00352786
0.00592017
0.0039579
0.00846739
0.000603819
0.00166722
0.00310538
0.00411549
0.0106179
0.00296095
0.00828396
0.00765309
0.373843
0.000775686
0.234421
0.175977
0.00364653
0.519994
0.0104866
0.00444571
0.233072
0.0010658
0.00338219
0.449875
0.413206
0.324568
0.162268
0.0822498
0.536897
0.000484967
0.0118654
0.00725827
0.0139728
0.445517
0.00746603
0.00315177
0.00101121
0.0041654
0.374056
0.000756013
0.00297093
0.00141151
0.0021895
0.0135526
0.0738726
0.328887
0.476502
0.0300147
0.287912
0.00505838
0.00427874
0.00283594
0.0341382
0.00106618
0.00468582
3.40656e-05
0.000306976
0.00456152
0.00959283
0.00236852
0.00731832
0.531394
0.0058143
0.318696
0.00165785
0.0102817
0.00628748
0.399069
0.000128292
0.00157621
0.0739716
0.00419322
0.00375479
0.000378068
0.158897
0.00132646
0.00096539
0.0016891
0.00194903
0.00288978
0.0287064
0.00179635
0.00230503
0.471419
0.0606142
0.0017111
0.00806357
0.00513276
0.00832
0.0030551
0.0174598
0.0019529
0.00138839
0.021207
0.019559
0.000933217
0.00312742
0.00420469
0.00655114
0.384427
0.0126591
0.00791097
2.70724e-05
0.00275885
0.00236931
0.0561449
0.00253843
0.00625006
0.00341821
0.00821838
0.378008
0.0102108
0.000658885
0.00180463
0.0172402
0.00104339
0.00040929
0.00856416
0.000813347
0.0174026
0.0024272
0.00162879
0.393911
0.00275248
0.00660454
0.00598777
0.00558716
0.349767
0.00690906
0.00313794
0.000204433
0.474018
0.00154738
0.000730763
0.00976776
0.000651188
0.00823837
0.00490358
0.0031332
0.0023074
0.172415
0.00429226
0.00300538
0.000731325
0.0070192
0.130692
0.000775637
0.004491
0.0213268
0.371037
0.0205209
0.000591684
0.420851
1.58956e-05
0.00398188
0.416476
0.0128752
0.00319007
0.00453684
0.000203999
0.00456779
0.00104156
0.183365
0.0491972
0.00446425
0.00904574
0.0211758
0.0033168
0.048803
0.00087136
0.0188266
0.0059713
0.003374
0.000937741
0.00205197
0.000467302
0.307288
0.158393
0.000940775
0.284505
0.0016427
0.00825191
0.00340009
0.0186701
0.0044556
0.00121409
0.0186386
0.286356
0.0128049
0.0250241
0.000797659
0.00198412
0.00373377
0.00239588
0.00196939
0.00112357
0.00377334
0.011763
0.550867
0.00346192
0.0132085
0.00183628
0.0188466
0.00237346
0.0189817
0.000715387
0.00230664
0.00666047
0.358836
0.000484656
0.00673395
0.00102414
0.00410527
0.00120037
0.00621194
0.000131872
0.000110571
4.15418e-05
0.00404071
0.00633639
0.0185877
0.0183032
0.00351625
0.00207621
0.000904294
0.046376
0.0275113
0.0018877
0.00111578
0.0036227
0.00207151
0.00416771
0.00082115
0.00109051
0.00313405
0.00287697
0.000596474
0.000470521
0.00124807
5.52201e-05
0.0023922
0.00234768
0.00706331
0.00247718
0.00307714
0.00164975
0.00258299
0.000915334
0.0331084
0.00202316
0.527709
0.00365978
0.0169551
0.00232152
0.00177094
0.00349483
0.000389948
0.00970825
0.00331175
0.000482285
0.000840992
0.0138533
0.416169
0.000773212
0.000920098
0.0355985
0.0130271
0.00204694
0.000860005
9.79083e-05
0.00178224
0.21198
0.0160688
0.00149897
0.00346024
0.0422171
0.00347002
0.00220853
0.00154367
0.000942036
0.00391791
0.00192051
0.00124003
0.000137701
0.000397181
0.00427347
0.00140316
0.0032475
0.0133606
0.000248036
0.00641444
0.00177764
0.0091131
0.00591842
0.000781843
0.0113884
0.00308917
0.00508073
0.00989924
0.000490459
0.0131659
0.00259995
0.00352794
0.00151176
0.426702
0.00947849
0.00191739
0.00201631
0.0044216
0.00561093
0.00354675
0.00105209
0.0077557
0.0907125
0.00106833
0.540013
0.00238879
0.0624329
0.00041173
0.252027
0.0023824
0.00574069
0.00154484
0.00292282
0.432558
0.419939
0.00293095
0.0006364
0.00872275
0.346122
0.00092369
0.00163698
0.00346054
0.00182265
2.48626e-05
0.000226796
0.00950151
0.00809189
0.00428605
0.00219719
0.0127261
0.00150754
7.25231e-05
0.0203681
0.0142307
0.159955
0.015944
0.00517386
0.00779292
0.00232202
0.00166248
0.000548278
0.00201458
9.53375e-05
0.00999112
7.5797e-05
0.0138993
0.000419974
0.505181
0.0108674
0.00503635
0.261857
0.000535209
0.00732848
0.000912261
0.00220173
0.00742605
0.00186176
0.00233859
0.00195572
0.00526971
0.000562019
0.391819
0.0026152
0.000329778
0.00105802
0.00164232
0.00360405
0.00475511
0.0155419
0.000517362
0.00603196
0.00917546
0.0329112
0.00737772
0.00595357
0.000513196
0.00458994
0.00675379
0.000314175
0.00352469
0.00217926
0.00223967
0.000432801
0.00214698
0.000799625
0.00560621
0.00189655
0.460874
0.00378549
0.000298751
0.00318713
0.520699
0.000794434
0.00515902
0.00237401
0.00257031
0.000456337
0.000887921
0.232409
0.00386302
0.00272366
0.00386089
0.000165179
0.00275205
0.0451824
0.00350905
0.00162003
0.298098
0.00139191
0.000254236
0.00491392
0.000547207
0.0171147
0.323673
0.00204857
0.190008
0.00327342
0.000429068
0.0031522
0.0998089
0.0203028
0.00247095
0.00247549
0.00508179
0.000243869
0.00145586
0.426334
0.00668814
0.00429042
0.0991106
0.00153034
0.002826
0.0111612
0.467878
0.00393705
0.000203334
0.449903
0.00244556
0.000443741
0.00071809
0.00124737
0.0065093
0.00504018
0.00284761
0.0207583
0.000618568
0.524858
0.0017717
0.409747
0.005417
0.549249
0.000568581
1.29205e-05
0.0248592
0.00365025
0.00195592
0.0064667
0.000152946
0.0062698
0.00218143
0.0076857
0.00310119
0.00371715
0.498557
0.000256848
0.00552068
0.000723235
0.00278999
0.000149775
0.000890827
0.00890022
0.00500883
0.000683361
0.0104885
0.00144396
0.000325707
0.00754902
0.00214515
4.96987e-05
0.507544
0.00540397
0.0149544
0.00169588
1.02082
0.471401
0.00491935
0.00545409
0.00326112
0.0017723
0.000928517
0.000927969
0.000207537
0.000929175
0.480931
0.00198911
0.0202486
0.344751
0.00127985
0.149308
0.47456
0.00448987
0.00145981
0.000735466
0.154524
0.205405
0.000513218
0.142729
0.00109823
0.00838336
0.117959
4.40813e-05
0.000997863
0.00206219
0.00130755
0.209737
0.00148626
0.00618757
0.00109774
0.0102302
0.555394
0.00402766
0.000540678
0.278782
0.00321049
0.00406678
0.397699
0.0100009
0.00215305
0.00587443
0.00419274
0.00345119
0.00461548
0.0051758
0.00402488
0.25558
0.287701
0.185478
0.00873251
0.00348496
0.0172978
0.00343673
0.0872125
0.00592554
0.000508552
0.00504871
0.000341766
0.228976
0.000948433
0.00976816
0.000408584
0.0142281
0.00608516
0.000397654
0.000981802
0.00940787
0.00413026
0.00252143
0.00309038
0.00114574
0.00145676
0.338697
0.391312
0.00633718
0.00765708
0.213188
0.00337062
0.00322184
0.00282749
0.162526
0.0135539
0.00197217
0.00402697
0.00904702
0.0131038
0.000393239
0.000531206
0.0404095
0.0037107
0.00625061
0.00155553
0.0037926
0.0174994
0.00130767
0.030306
0.39946
0.00024068
0.00389809
0.0039051
0.00823292
0.00329459
0.52049
0.00420956
0.0100657
0.0197378
0.00226203
0.00147197
0.008797
0.00463176
0.000658492
0.00160563
0.00905848
0.00458904
0.000813551
0.000348891
0.000743364
0.00607023
0.00178251
0.00676158
0.00562445
0.0023884
0.00302173
0.000453276
0.00596334
0.000795231
0.00198405
0.000142239
0.00165812
0.0295982
0.00190159
0.00499218
0.0022875
0.00265657
0.00754959
0.00566477
0.00191515
0.00168721
0.000684759
0.00210131
0.00116211
0.00515708
0.00213983
0.00155494
0.00575935
0.0100713
0.00428617
0.00346539
0.0016264
0.03157
0.0134704
0.0038294
0.00167067
0.0034515
0.00859446
0.00144567
0.0140066
0.0123876
0.00763973
0.013883
0.0037531
0.0276095
0.00446674
0.0857082
0.00465775
0.00176959
0.00949937
0.00179174
0.00717118
0.00341683
0.0026314
0.00234225
0.0104644
0.0011541
0.0023134
0.00202086
0.0254833
0.331421
0.00125727
0.00325892
0.00853539
3.15665e-05
0.005186
0.0335843
0.00651704
0.21847
0.00668092
0.0073232
0.00219151
3.66725e-06
0.00360146
0.000523149
0.000647918
0.000828239
0.00041062
0.00374126
0.00836256
0.0113045
0.0220864
0.000664374
0.0022828
0.00152292
0.00257898
0.0116827
0.00757549
0.00366861
0.00188794
0.00328907
0.00682836
0.00091863
0.00396297
0.000411282
0.011138
0.0229103
0.00101695
0.0122716
0.00402475
0.00242275
0.0177153
0.531938
9.83327e-05
0.00801249
0.00275334
0.00929469
0.00157977
0.000477001
0.00436226
0.00277781
0.0541194
0.00331044
0.0387166
0.00613319
0.00591076
0.00604797
0.00999747
0.00305137
0.000912284
0.00324982
0.02033
0.00238177
0.00363413
2.60808e-05
0.00120438
0.00459508
0.0315831
0.000276497
0.000452135
0.00339156
0.000161107
0.00118877
0.00100881
0.00147771
0.00970637
0.000755176
0.00323302
0.00048883
0.00259021
0.00564512
0.00320059
0.0136719
0.368735
0.647814
0.0029125
0.0111179
0.038494
0.00183685
0.00585557
0.00426259
0.00436102
0.017596
0.049468
0.00405734
0.000151782
0.0100785
0.00263037
0.0036913
0.00163985
0.0185802
0.00613944
0.0213795
0.00605433
0.00358672
0.000465466
0.00174295
0.00174059
0.00431946
0.00109895
0.000144318
0.39952
0.000100013
0.00150314
0.00112946
0.00151962
0.00686428
0.00508304
0.00214574
0.021955
0.0494308
0.00192718
0.0121244
0.00219338
0.000660799
0.000172697
0.000763561
0.000708853
0.022796
0.000176508
0.000992932
0.0022107
0.00382137
0.00284028
0.000873124
0.0195322
0.00181767
0.120168
0.00534145
0.00667868
4.26358e-05
0.0236659
0.0284037
3.23782e-05
0.00254094
0.00665308
0.00578865
0.0297641
0.45744
0.0194479
0.000172579
0.00625395
0.00507194
0.000744992
0.00288678
0.415341
0.00130675
0.0330743
0.00419863
0.000898088
0.000335857
0.00177651
0.0490418
0.00638244
0.119717
0.0034943
0.499144
0.0116235
0.00045413
0.0785454
0.0018215
0.000943361
0.00859641
0.560959
0.00272288
0.00142017
0.0097686
0.0059468
0.000577144
0.0159656
0.381732
0.0108906
0.00396363
0.000547126
0.320514
0.010576
0.000619975
0.00171842
0.00327396
0.00187614
0.00499517
0.00237571
0.000541135
0.00191541
0.00416044
0.0238612
0.000373594
0.545469
0.000730903
0.0137027
0.000455093
0.00032416
0.00365018
0.0014341
0.461214
0.453823
0.00555102
0.00263065
0.0282515
0.0177711
0.00568249
0.0667725
0.00879051
0.0102318
0.0029475
0.0481699
0.0020484
0.00188781
0.00232083
0.00389734
0.00109141
0.000509429
0.00254396
0.101528
0.150359
0.32257
0.0113107
0.0112472
0.00149327
0.00537984
0.0110041
0.0115954
0.00862932
0.00539304
0.000425724
0.0048093
0.00984667
0.00527552
0.0027364
0.308377
0.00695639
0.0024232
0.00919002
0.00112245
0.00202394
0.000170592
0.00276737
0.00787563
0.008678
0.00175226
0.00617403
0.00580347
0.00340471
0.00325992
0.247355
0.00848385
0.00138183
0.0236959
0.00344903
0.448149
0.00271248
0.305809
0.00604358
0.446691
0.0118066
0.00103482
0.0193343
0.0114868
0.00360635
0.00596293
0.00220087
0.00166887
0.0119865
0.438331
0.00830238
0.00410109
0.0501129
0.0220532
0.000121946
0.0058663
0.0144572
0.00822763
0.0138624
0.0046114
0.00556542
0.00852622
0.00131493
0.00887985
0.390358
0.224166
0.418078
0.0014605
0.00626872
0.00138826
0.0133616
0.0110806
0.01281
0.00496166
0.000601826
0.00329531
0.371503
0.00304148
0.00444326
0.00352555
0.0132328
0.00109771
0.000470806
0.0017621
0.382473
0.00316116
0.00677905
0.0154462
0.0108027
0.358538
0.00707457
0.0546076
0.00130102
0.00410824
0.00451928
0.000905276
0.00260083
0.393322
0.00426227
0.00133155
0.0095655
0.00123875
0.010124
0.00377376
0.0608044
0.345129
0.00337256
0.00477399
0.420931
0.0446959
0.00222327
0.00041534
0.0114985
0.0328618
0.0400322
0.00909326
1.06513
0.00350855
0.00114029
0.0040581
0.00177353
0.00504212
0.0221372
0.00112677
0.0229573
0.00312294
0.0148954
0.00149954
0.00114512
0.00515799
0.0336016
0.00177696
0.00267081
0.00971386
0.00175839
0.00450342
0.0089007
0.00209827
0.0313813
0.00527758
0.00400478
0.00576137
0.000642863
0.00905791
0.000641928
0.00226501
0.00376162
0.00350877
0.505755
0.00731456
0.00420144
0.00198717
0.060208
0.00053113
0.00134175
0.424474
0.000541414
0.0491724
0.00113443
0.00148182
0.0109753
0.0112097
0.00828872
0.479407
0.00067485
0.0013976
0.00225963
0.000194999
0.00425887
0.00218476
0.00381941
0.0175443
0.00272453
0.00213075
0.00191126
0.000403006
0.00365777
0.0112998
0.0063017
0.311299
0.00117967
0.00340797
0.00175577
0.00586998
0.108097
0.413702
0.102196
0.0115023
0.000585879
0.00297088
0.00358546
0.00394484
0.00428033
0.00627297
0.552259
0.00689283
0.00235282
0.0102905
0.00785575
0.0025367
0.00478848
0.00507959
0.561506
0.00509164
0.375484
0.00230029
0.00429889
0.0631674
0.00273906
0.0135439
0.00167859
0.00373809
0.000761189
0.00580834
0.00216786
0.00149336
0.000788962
0.000704318
0.352459
0.00324741
0.00422508
0.0106471
0.0148522
7.06767e-05
0.00148928
0.00122568
0.00374225
0.0215657
0.00851321
0.0148558
0.00111672
0.00324566
0.00131876
0.00334067
0.00119112
0.455816
0.000969335
0.00632937
0.0119798
0.000877997
0.000506166
0.00056741
0.0105093
0.0015993
0.000413855
0.0100352
0.00218479
0.00823946
0.000931878
0.0361852
0.0102366
0.000494241
0.00086876
0.00793062
0.00118977
0.000505766
0.00238702
3.72965e-05
0.000581983
0.00498693
0.00329232
0.00148787
0.000963671
0.00699512
0.00174389
0.0183556
0.51494
0.015332
0.0118422
0.00187314
0.00628527
0.00140549
0.00150715
0.00048581
0.00416486
0.290292
0.00029647
0.00183247
0.00677852
0.0229593
0.000760987
0.00117717
8.87864e-06
0.0199246
0.37072
0.00111326
0.000177949
7.77852e-05
0.00379225
0.00605172
0.00582032
0.00308635
0.469091
0.000882708
0.00349346
0.00911487
0.472044
0.0459414
0.00430715
3.72323e-05
0.00477738
0.000818086
0.0125815
0.0052176
0.00356094
0.00347677
0.00322825
0.224921
0.023825
0.00437906
0.00371082
0.00706606
0.00564294
0.000468724
0.000239302
0.0302619
0.0144313
0.00465001
0.00934861
0.00803107
0.00480387
0.00940648
1.20397e-05
0.000364625
0.00191359
0.00698099
0.00645193
0.00226182
0.00339319
0.00339309
0.0098561
0.00586655
0.00500621
0.0053559
0.00644456
0.00292288
0.000198781
0.00228486
0.00216299
0.0292785
0.00161579
0.000527826
0.0154959
0.00326848
0.0060312
0.00367104
0.00227844
0.00214338
0.0088565
0.00478168
0.00291624
0.000319689
0.0117212
0.00485996
0.00416264
0.0250744
1.60747e-05
0.000544531
0.0097984
0.00170695
0.00531967
0.00760035
0.00347481
0.000637401
0.00890779
0.000289686
0.000540918
0.000897043
0.000297844
0.0168264
0.529126
0.00445834
0.017469
0.181031
0.00684259
0.286031
0.00251537
0.00033337
0.00423454
0.507992
0.00276855
0.00091231
0.00518192
0.00274002
0.0309357
0.00389387
0.0043826
0.00224366
0.00446882
0.0120373
0.00179877
0.0360003
0.000312727
0.00420794
0.00606917
0.000427831
0.469973
0.002577
0.00138012
0.00228323
0.0108671
0.00545034
0.0101932
0.00212123
0.00966907
0.0179299
0.00714583
0.00285443
0.00650495
0.0019188
0.00211441
0.0341543
0.00454967
0.00776204
0.00834378
0.00335998
0.00926273
0.000674856
0.0102041
0.000630234
0.000730524
0.00570466
0.00124946
0.00445078
0.00141028
0.00140017
0.000739558
0.00132356
0.00244875
0.00757053
0.00355872
0.00189446
0.00357635
0.000634956
0.00383642
0.00176248
0.013652
0.00125774
0.00757243
0.00714942
0.176146
0.00488672
0.00336692
0.0113925
0.00492869
0.00611251
0.00124925
0.0019797
0.00253838
0.00189508
0.000190558
0.00154408
0.0166671
0.000646831
0.00319927
0.000456244
0.000651868
0.000494447
5.30221e-05
0.00869434
0.00741502
0.315823
0.00490031
0.00440316
0.00609614
0.00950408
0.00290026
0.000723153
0.00553785
0.00446277
0.310727
0.00107191
0.00579744
0.0116413
0.00473456
0.00111812
0.504725
0.00362805
0.0106765
0.0460229
0.387294
0.188188
0.00190253
0.0119358
0.00303669
0.00474385
0.00340314
0.000856328
0.0016197
0.216294
0.00208085
0.00206878
0.445543
0.0058263
0.25
0.00650588
0.00207966
0.00933532
0.408182
0.151282
0.00150575
0.379199
0.00148087
0.00347305
0.00183458
0.00141725
0.00227793
0.000532083
0.000949514
0.000968743
0.00188845
0.00528725
0.00127058
0.00570445
0.000494492
0.00073118
0.00309442
0.0088498
0.000127767
0.00184433
0.00229271
0.00086031
0.00117204
0.00328511
0.00410175
0.006428
0.000885525
0.0101693
0.000136644
0.00148918
0.0046168
0.00267416
0.0038841
0.00627035
0.00347176
0.00275015
0.000826311
0.0258456
0.000426266
0.00101421
0.0029072
0.00782471
0.00266597
0.00031458
0.0143362
0.00168409
0.00132845
0.00609866
0.00386694
0.366181
0.0353266
0.0115052
0.203486
0.275628
0.00265938
0.00447473
0.0131879
0.00123505
0.0117315
0.00421643
0.00260935
0.00082868
0.00723599
0.141266
0.0015598
0.132896
0.00313737
0.00462047
0.00852846
0.000568456
0.0126873
8.1924e-05
0.00574254
0.00190552
0.000690095
0.421689
0.00293169
0.322115
0.00258376
0.0060818
0.216355
0.00338621
0.000920526
0.00140824
0.000805313
0.00325586
0.00489294
0.411974
0.422246
0.443258
0.00515582
0.0054486
0.0103207
0.00152679
0.00835066
0.00707917
0.000892056
0.00202293
0.332644
0.239109
0.0174169
0.00378084
0.00781976
0.000134957
0.000844529
0.000742047
0.00315952
0.00169679
0.000215847
0.000360509
0.00355895
0.530906
0.00024338
0.00361284
0.0011193
0.206177
0.00142668
0.374423
0.000144107
0.396164
0.0110949
0.011073
0.347256
0.00630803
0.000210063
0.00677008
0.0140402
0.00182691
0.00328138
0.00716351
0.00295866
0.00712934
0.00284725
0.00241002
9.47719e-05
0.0205341
0.00244565
0.00125712
0.00132435
0.00577432
0.000692972
0.00985068
0.000769917
0.000991868
0.00500595
0.00629659
0.00153373
0.43989
0.00099023
0.557752
0.000712216
0.00611096
0.00266135
0.00580621
0.3945
0.0364009
0.00201517
0.00850609
0.000164557
0.00184724
0.00190527
0.00601527
0.0194732
0.325765
0.00297297
0.000878533
0.00745903
0.00116299
0.000845041
0.00237343
0.00283009
0.00735715
0.000465396
0.0177399
0.00373408
0.00380744
0.000456345
0.0114376
0.00778688
0.00765052
0.00671354
0.00200236
0.45762
0.00311586
0.000887673
0.00305364
0.00159167
0.319208
0.0286073
0.0012631
0.0047098
0.00342379
0.00019525
0.0253609
0.00365901
0.00288574
0.00141627
0.0157235
0.00168098
0.0613376
0.000364426
0.000561099
0.0308847
0.00223437
0.0121791
0.00224572
0.000494432
0.00669833
0.00201748
0.0022787
0.018309
0.00040985
0.000913995
0.00056612
0.00947902
0.00348812
0.0120452
0.0119128
0.000126181
0.000659562
0.00830475
0.0051154
0.000623904
0.00125179
0.00259622
0.00147555
0.00159463
0.499231
0.00196943
0.0355821
0.000429014
0.00668136
0.35768
0.00734009
0.00624383
0.0484031
0.00106359
0.00168168
0.00301582
2.45858e-05
0.00354127
0.00926302
0.000496279
0.00117976
0.00291187
0.00765751
0.00187992
0.00161274
0.00594403
0.00402579
0.0163878
0.0033211
0.000544525
0.00124699
0.00101341
0.000453677
0.00132388
0.00017887
0.00117953
0.00158423
0.0026341
0.0100366
0.00870866
0.00282866
0.00633334
0.00446853
0.00322346
0.00149181
0.00630807
0.00524767
0.000779031
8.96422e-05
0.00315994
0.00856605
0.00559394
0.000968676
0.0184868
0.0508448
0.00676799
0.00104459
0.00379348
0.000541911
0.00376617
0.0039092
1.82214e-06
0.00124352
5.206e-05
0.00481287
0.000167936
0.00227187
0.00626324
0.0287878
0.00406171
0.00642268
0.0375294
0.00206596
0.000797214
0.00184157
0.0012064
0.00231518
0.00399111
0.00855723
0.00804856
0.000879968
0.0467633
0.00292691
0.00281736
0.011777
0.0100369
0.00208552
0.00775764
0.00270628
0.00292515
0.00090353
0.00304392
0.0117096
0.0108287
0.467127
0.000703251
0.462227
0.321498
0.00358745
0.00270381
0.00350805
0.000614933
0.00253449
0.00658186
0.0014443
0.00224894
0.0219037
0.0070549
0.00075282
0.000382467
0.00552689
0.0354861
0.00356183
0.000604242
0.00316807
0.00086881
0.00585286
0.000809897
0.00517708
0.00140922
0.00653364
0.00119685
0.00382218
0.240166
0.00284205
0.0077225
0.00254395
0.0111573
0.00245466
0.000727867
0.022267
0.000946685
0.000138272
0.0188381
0.00168261
0.00401398
0.00242653
0.00121439
0.424694
0.0013632
0.120946
0.0230212
5.4057e-05
0.00130196
0.00786902
0.00600169
0.00419198
0.0204091
0.000902859
0.0028236
0.00597128
0.00223123
0.00323765
0.000852677
0.000865725
0.00600192
0.00269367
0.00866826
0.470418
0.00441927
0.384143
0.00827963
0.000815046
0.00215357
0.150063
0.00231142
0.000254985
0.44764
0.293077
0.0025123
0.00115094
0.0025406
0.00295427
0.00393896
0.0213933
0.00200447
0.542524
0.485491
0.475
0.284322
0.00173746
0.549049
0.0305408
0.0174032
0.000262719
0.000897214
0.00193754
0.00383149
0.466281
0.0151239
0.00895889
0.00176578
0.00184584
0.110433
0.00637856
0.57954
0.00785201
0.00322156
0.0109538
0.0573458
0.32843
0.00380713
0.00185561
0.00221714
0.00302069
0.00965086
0.00286697
0.0149665
0.00552113
0.000844451
0.0217485
0.0201044
0.00174126
0.00263989
0.00155665
0.00146987
0.228845
0.000572865
0.00164893
0.00188697
0.378698
0.00393832
0.00116246
0.00265945
0.0404566
0.39223
0.000938354
0.00730879
0.000585449
0.00285921
0.0115277
0.00215555
0.00752616
0.00512088
0.0106016
0.00644924
0.00172051
0.0306796
0.00710387
0.00261226
0.00266562
0.0190308
0.0007931
0.00458435
0.00772952
0.00711922
0.00402761
0.552557
0.0175323
0.00698635
0.0406209
0.0112859
0.00236749
0.559086
0.00283448
0.00095142
0.00398773
0.00139485
0.00375675
0.00695532
0.00122103
0.0181314
0.00277472
0.517414
0.00430053
0.00380538
0.00105314
0.000411866
0.00252291
0.00130938
0.00393514
0.918561
0.00230108
0.0102496
0.00392431
0.014979
0.422687
0.398701
0.00679114
0.00560577
0.367489
0.0134271
0.00380032
0.00128418
0.445138
0.495372
0.0161123
0.434937
0.00626408
0.00803066
0.00284085
0.0202374
0.02405
0.0016832
0.000847579
0.0126896
0.00686679
0.0130595
0.00259051
0.413019
0.00331416
0.00886989
0.00219065
0.000433394
0.00147031
0.00766603
0.000387371
0.000169597
0.0008085
0.000811129
0.0249621
0.00035103
0.00320064
4.67555e-05
0.0277756
0.00657583
0.0125219
0.0041213
0.0052359
0.00390013
0.566134
0.000173585
0.00575983
0.00101159
0.0014853
0.0024612
0.000206464
2.56251e-05
0.00200912
0.00267801
0.00172642
0.00633956
0.00654916
0.0111692
0.0140444
0.405877
0.00284902
0.00266195
0.00424335
0.00242429
0.00139019
0.00221015
0.000879419
0.001154
0.000311751
0.00462079
0.0001181
0.00181453
0.445988
0.00305958
0.00336044
0.000809384
0.00335406
0.0022863
0.00439085
0.000229916
0.00336937
0.00499839
0.00514979
2.27135e-05
0.000615348
0.00105707
0.00342739
0.00553514
0.00181343
0.000149815
0.00144841
0.000486882
0.000286635
0.0211202
0.00117288
0.00200554
0.00171725
0.0270541
0.00114113
0.00535135
0.00111773
0.00898686
0.00198679
0.00319675
0.00634168
0.00150321
0.00103902
0.00176007
0.0197249
0.00424085
0.00212835
0.000359833
0.00403672
0.00225254
0.000188955
0.00374357
0.521465
0.00155874
0.00422029
0.00662907
0.00107359
0.00596864
0.00219242
0.00268485
0.342349
0.286698
0.000399059
0.000188289
0.00107257
0.420138
0.0148254
0.00459776
0.000717876
0.00525765
0.00151027
0.00289079
0.0107919
6.6955e-05
0.00171305
0.00118814
0.00650263
0.000648978
0.000635374
0.0149832
0.00534983
0.00692743
0.000554591
0.480523
5.97772e-05
0.00267933
0.000700713
0.00154296
0.00535179
0.000725678
0.348188
0.00346278
0.00206202
0.000385017
0.00343562
0.00321913
0.00418121
0.017558
0.00617023
0.000841547
0.0140715
0.00247042
0.00237148
0.00883614
0.00623864
0.00148116
0.0180738
0.00282086
0.000517748
0.00821552
0.000283226
0.00427231
0.000555481
0.00138306
0.011017
0.00115657
0.0107537
0.00353889
0.000764103
0.00536826
0.131852
0.00178319
0.00134122
0.00277381
0.0126828
0.317506
3.32317e-05
0.00672712
0.00520383
0.00680245
0.00133156
7.69635e-05
0.000880404
0.0175885
0.0012628
0.00124462
0.00196286
0.00480762
0.0106884
8.58936e-06
0.0173415
0.00571454
0.000688416
0.00714112
0.000262018
0.107451
2.06412e-05
0.00185476
0.536462
0.000203582
0.00258748
0.000873995
0.0284671
0.0066494
0.00547592
0.000943115
0.0015114
0.0044461
0.0011629
0.000656073
0.00184131
0.000391078
0.00482893
0.00372895
0.00643872
0.00525737
0.00197162
0.48248
0.00176695
0.00155695
0.00165045
0.00382074
0.00107007
0.0343189
8.69588e-05
0.00160123
0.00153818
0.00120588
0.000742364
0.00245475
0.00117924
0.0024214
0.00288348
0.0085806
0.012045
0.0756417
0.492711
0.000348368
0.00137129
0.0037075
0.00258569
0.00360473
0.530328
0.0346742
0.0267208
0.0019794
0.00431582
0.00421698
0.00165553
0.0261168
0.0212338
0.00146442
0.00207632
0.00410812
0.00279246
0.00210794
0.000555644
0.00156737
0.00537701
0.00716982
0.0178555
0.00641951
0.0147907
0.0010841
0.000247985
0.0022594
0.0412193
0.00071016
0.00411346
0.000212691
0.00255237
0.555691
0.0015568
0.00838891
0.000171239
0.00209194
0.000637618
0.00237331
0.000208629
0.00336634
0.0510138
0.0065252
0.000462694
0.0120264
0.00302748
0.000794989
4.99022e-05
0.000122404
0.00341346
0.0036794
0.485291
0.00630849
0.00144698
0.000238375
0.00105059
0.00545257
0.000833016
0.00165563
0.455013
0.00421563
0.145646
0.00172337
0.00323052
6.5972e-05
0.00104031
0.000328675
0.00157868
0.0362892
0.0094387
0.000454795
0.425409
0.00216399
0.00253524
0.00174262
0.000269142
0.0138915
0.00204213
0.00267185
0.00191017
0.0020356
0.00768537
0.00307795
0.000415593
0.432638
0.00696125
0.000949644
0.00126965
0.00402722
0.00100421
0.00134489
0.00163273
0.0024958
0.00281889
0.00299423
0.00214537
0.0101294
0.00160837
0.0661567
0.000591133
0.000914762
0.00132862
0.00143459
0.437561
0.00179183
0.00132469
0.0020381
0.00062879
0.00402804
0.424553
0.0026734
0.0061029
0.00885606
0.00264703
0.00710764
0.00460415
0.00696274
0.0049515
0.0017904
0.00733475
0.00232837
0.00734254
0.00219553
0.000329529
0.0073801
0.00760003
0.00895892
0.0117004
0.00262002
0.000374779
0.00142049
0.00259633
0.000927274
0.0018137
0.00554787
0.00550648
0.00129436
0.00164308
0.00566135
0.00260876
0.0193716
0.00309451
2.24741e-05
0.0115963
3.06849e-05
0.000268618
0.0047211
0.00923938
0.00434509
0.000162061
0.00464468
0.000362594
0.00192206
0.00294781
0.00431225
0.00180118
0.523261
0.00144947
0.0153463
0.00509591
0.0137089
0.00422213
2.09191e-05
0.00778268
0.00259045
0.267936
0.00541571
0.00313287
0.0126379
0.000195721
0.00732245
0.00428958
0.00297414
0.00701927
0.00212273
0.00635064
0.00463001
0.000705099
0.00526898
0.00158104
0.00143593
0.0033183
0.00218186
0.496432
0.00234693
0.000327336
0.00265245
0.05325
0.000507118
0.00033402
0.000477478
0.00626239
0.000868544
0.386884
0.00222311
0.00195475
0.00329006
0.00154365
0.00484577
0.00199529
0.011679
0.00298605
0.537284
0.00243147
0.00363232
0.000750759
4.63492e-05
0.008606
0.000955008
0.011451
0.00727278
0.344488
0.00628723
0.026038
1.07883e-05
0.00153667
0.00206759
0.00275915
0.00353562
0.00277232
0.00420495
0.00461648
0.0103637
0.00270991
0.215617
0.00169697
0.00710217
0.304285
0.00155037
0.00190474
0.00310067
0.277603
0.000693236
0.000265235
0.0393746
0.00523682
0.00334159
0.00526838
0.000662066
0.0236302
0.000414984
0.00381806
0.00208581
0.00192017
0.00262189
0.00155308
0.00396573
0.00405779
0.00237533
0.00677947
0.00204358
0.00247284
0.00380288
0.00253197
0.0295398
0.0117875
0.00339869
0.00278337
0.00548799
0.00291467
0.00303249
0.432252
0.0050337
0.00109805
9.81326e-05
0.00153314
0.000485346
0.00268614
0.000496842
0.00271695
0.00559512
0.175718
0.427758
0.000428709
0.0010961
0.0120172
7.24531e-05
0.00595281
0.00179774
0.00481983
0.000640313
0.000159778
0.0476447
0.00350897
0.00228348
0.00819442
0.394538
0.00176796
0.0050483
0.00299173
0.0019636
9.96608e-06
0.00609877
0.309829
0.00285938
0.0118417
0.00167574
0.00603189
0.000559072
0.0190446
0.038395
0.000459677
0.00124333
0.00344616
0.00412245
0.00125038
0.0108272
0.00595554
0.00123411
0.396073
0.00242624
0.000131513
0.0282676
0.00340257
7.56512e-05
0.00159932
0.000228145
0.000348295
0.00384921
0.00316443
0.0133938
0.00198132
0.00246163
0.00137882
0.0091033
0.00320386
0.000577434
0.000837666
0.0131357
0.00158907
0.0034195
0.0032325
0.00244967
0.235495
0.000661353
0.00471264
0.0026452
0.000229943
0.00739094
6.63636e-05
0.000751951
0.000147182
0.0013627
0.000499275
0.011248
0.00393794
0.0347796
0.000467754
0.00154395
0.00284357
0.00278964
0.000610199
0.00397506
0.000640038
0.00787513
0.000177099
0.00614405
0.000393964
0.00580333
0.00703319
0.00368356
0.00115931
0.00374592
0.00261711
0.00130894
0.382702
0.00153157
0.00550419
0.000713261
0.00106145
0.0029467
0.000140073
0.278986
0.00666756
0.519714
0.00194992
0.00977489
0.00266368
0.000515357
0.00473512
0.00726278
0.490388
4.2419e-05
0.000551778
0.000128026
0.00347545
8.88264e-05
0.000932435
0.000146149
0.0045122
0.000559907
0.00356239
0.54806
0.00245513
0.000801688
0.000806885
0.00256689
0.000348834
0.455942
0.00160453
0.00746458
0.000243138
0.00443116
0.000699973
0.00114961
0.00260217
0.00466302
0.00116461
0.002752
0.00139742
0.00159143
0.0206486
0.00194022
0.00508956
0.00977451
0.000446053
0.00353622
0.00196151
0.00377542
0.0127492
0.000512382
0.00161532
0.00128014
0.00403154
0.547328
0.0114029
0.302601
0.000840684
0.00165261
0.000280735
0.000464721
0.00515733
0.0118886
0.0034585
0.00751952
0.00189473
0.00190574
0.00429088
0.000616672
0.00249951
0.00103305
0.000790138
0.00249356
0.00308375
0.395791
0.00205146
0.00587456
0.00313052
0.00170813
0.000798329
0.00240846
0.00915442
0.0104512
0.00639604
0.000408468
0.00110132
0.000215683
0.00678372
0.00119771
0.0396799
0.000243058
0.420226
0.00519361
0.00366773
0.00652657
0.00556742
0.00115074
0.342235
0.00529451
0.0102485
0.00176657
0.00402256
0.00158684
4.97598e-05
0.440832
0.00198274
0.0109565
0.00148053
0.00150942
0.00368626
0.00214572
0.0207811
0.00108741
0.00219013
0.0219826
0.000683533
0.00325165
0.0019413
0.43877
0.00071157
0.262498
0.00285356
0.00402789
0.00142285
0.000687064
0.00171285
0.455909
0.0153093
0.00020492
0.00210434
0.014011
0.00182225
0.0013112
0.000680204
0.00635029
0.00130735
0.00402021
0.000183433
0.0813469
0.00504366
0.00102503
0.00131641
0.014923
0.164204
0.0296255
0.00101637
0.428405
0.00125579
0.0014622
0.471703
0.0298944
0.00693907
0.00486731
0.00480255
0.00731673
0.00065966
0.14733
0.00317339
0.242968
0.104389
0.00451495
0.385345
0.398728
0.152561
0.0433838
0.00116157
0.00128408
0.00407835
0.00394365
0.00132085
0.444142
0.00205658
0.00446374
0.00129252
0.0043349
0.000136556
0.00831051
0.00636261
0.0030988
0.0172682
0.000922732
0.00333438
0.00209017
0.000639292
0.00269545
0.00179066
0.0281057
0.000471299
0.030154
0.00693591
0.000980047
0.00276493
0.00879576
0.00228321
0.000500133
0.184132
0.0025804
0.00290516
1.38608e-05
0.00441123
0.000644892
0.00346365
0.0279879
0.00456398
0.000122483
0.0300767
0.00181934
0.0142495
0.00058619
0.00260024
0.0100865
0.00641283
0.185177
0.000918219
0.125058
0.00125198
0.493061
0.00240489
0.00120918
0.0102424
0.370994
0.00184839
0.00161091
0.000393672
0.0162431
0.0037683
0.00191416
0.00137795
0.0117749
0.073935
0.265456
0.00167553
0.00799765
0.0370505
0.553643
0.508224
0.173753
0.00325481
0.0084838
0.232877
0.567358
0.000983466
0.161626
0.0485096
0.00101483
0.00366803
0.00810057
0.00722412
0.397289
0.00168175
0.0740699
0.000301654
0.00692473
0.173916
0.367881
0.0706007
0.00404467
0.00421104
0.531387
0.00860081
0.000718794
0.0154117
0.00305544
0.267075
0.0221488
0.24871
0.00634635
0.00133219
0.0231703
0.00051402
0.345968
0.00515858
0.196281
0.362118
0.438208
0.00323991
0.262486
0.0020237
0.00216115
0.424164
0.339077
0.000961389
0.5038
0.376473
0.295447
0.429839
0.000212171
0.00238317
0.00108986
0.000857158
0.0150642
0.00475293
0.423353
0.137199
0.00192627
0.0064665
0.00211201
0.000562887
0.00591492
0.00782858
0.00172666
0.00693697
0.0190544
0.000616229
0.0126118
0.00101249
0.00178968
0.00107914
0.00415925
0.00652055
0.00171287
0.00359813
0.00411821
0.00105402
0.00700761
0.0101402
0.00362985
0.0688668
0.00685479
0.000890185
0.000556837
0.216953
0.0101737
0.00441253
0.0908385
0.00123478
0.113406
0.00107544
0.000517453
0.00249283
0.000960939
0.00297019
0.00319213
0.00237562
0.0104899
0.0397912
0.00196731
0.00454827
0.00403103
0.0018522
0.00574841
0.34954
0.115672
0.328467
0.0019901
0.00222617
0.276439
0.312885
0.00192141
0.229058
0.0115782
0.151077
0.00524321
0.00332834
3.17335e-05
0.00107437
0.00534806
0.00305096
0.151525
0.001999
0.174699
0.00299616
0.000743301
0.286005
0.00014557
0.00116509
0.525744
0.00518194
0.00417431
0.000576015
0.00123358
0.00399426
0.00269597
0.000266143
0.00252128
0.00397297
0.00169776
0.00280314
0.000609922
0.000782113
0.00352034
0.00447572
0.00996066
0.00148648
0.000865263
0.0020131
1.69587e-06
0.00158297
0.000471424
0.0304279
0.00123927
0.00355561
0.00739199
0.00307404
0.000328629
0.00556337
0.00288758
0.0159004
0.00916512
0.00617972
0.000317387
0.0688338
0.00167748
0.00248111
0.00815048
0.10991
0.0002186
0.00235373
0.00244263
0.397151
0.00232185
0.418702
0.0166873
0.019291
0.00183619
0.00624661
0.00184523
0.0036944
0.00186726
0.000250015
0.00201349
0.000487543
0.00536067
0.016205
0.374776
0.405462
0.00601327
0.00161167
0.000546199
0.00681487
0.00320884
0.00456988
0.00133778
0.418162
0.0052495
0.52779
0.393612
0.00114642
2.43928e-05
0.537173
0.571868
0.030686
0.00625627
0.00317195
0.00173457
0.0201918
0.0030356
0.00012816
0.00389637
0.0583858
0.00356376
0.000382347
0.00498659
0.000427403
0.000120094
0.00752505
0.00918938
0.00267932
0.0457007
0.507834
0.00538118
0.00166457
0.00500684
0.0339572
0.00250666
0.000633539
0.00161483
0.0029789
0.03925
5.50077e-05
0.00195904
0.00191718
0.489268
0.000227191
0.00579133
0.00265071
0.000366772
0.000799101
0.00127826
0.239931
0.00195671
0.00138612
0.00016062
0.00396339
0.0130843
0.00181461
0.00564132
0.00693064
0.0119723
0.00377002
0.00204996
0.000971807
0.00868242
0.01048
0.00357252
0.00284353
0.00857647
0.00246963
0.247885
0.00283103
0.33694
0.0006459
0.230517
0.232396
0.000595822
0.000268388
0.000467891
0.00236332
0.521207
0.433095
0.00331369
0.00981499
0.00746568
0.0414849
0.198158
0.00431129
0.203109
0.00526685
0.0034963
0.000150121
0.231764
0.00105952
0.0158386
0.00616128
0.0017403
0.0078521
0.00338616
1.2457
0.00960253
0.00127203
0.000817597
0.000760594
0.0670952
0.000450642
0.436019
0.00114276
0.000177715
0.000826725
0.00165253
0.00184607
0.0178768
0.0246444
0.355357
0.00109763
0.000992231
0.000518471
4.14651e-05
0.00724727
0.00229927
0.00203011
0.00212992
0.000154981
0.0147124
0.000918012
0.523591
0.0136657
0.0025099
0.00209364
0.549623
0.0048306
0.000162055
0.00374521
0.00172687
0.00416412
0.00449692
0.002053
0.000133421
0.00195084
0.0196397
0.00260994
4.9751e-05
0.00838185
0.312488
0.00357142
0.0602072
0.524496
0.000281128
0.000172669
0.39126
0.00177655
0.00173273
0.00311599
0.00574736
0.00722371
0.00192931
0.00304583
0.00198511
0.385447
0.00268073
0.00121527
0.000151775
0.223336
0.00280334
0.00327584
0.0201852
0.550197
0.00279058
0.317352
0.000802473
0.0528012
0.329019
0.0024763
0.0173429
0.0894773
0.00207011
0.000673071
0.00267307
0.000156432
0.456495
0.474948
0.391097
0.000369428
0.0485788
0.190681
0.00438566
0.287307
0.00148199
0.00967143
0.607678
0.447495
0.00719502
0.271542
0.00175632
0.00996037
0.46699
0.36657
0.0244164
0.488543
0.00684293
0.00650191
0.019266
0.00334331
0.00396592
0.00164484
0.000388244
0.318666
0.00773553
0.00051427
0.0028147
0.3568
0.00270152
0.00331396
0.0037842
0.000152778
0.196738
0.572481
0.00362933
0.00332498
0.0015521
0.00331463
0.00202738
0.00107186
0.000703406
0.00218973
0.00267771
0.000370188
0.000462805
0.00491033
0.00271863
0.00214782
0.00116716
0.00523521
0.000544212
0.380031
0.0438166
0.00463585
0.00313
0.0171762
0.0280013
0.0161371
0.00324956
0.00145248
0.00580023
0.00344777
0.000903992
0.400641
0.0311127
0.490709
9.33741e-05
0.00189539
0.423055
0.00445216
0.00204783
0.000497762
0.000503355
0.0107686
0.000614416
0.00546835
0.000272835
0.000702732
0.00147298
0.00227671
0.00890445
0.000303226
0.00106605
0.00128669
0.00069851
6.93541e-05
0.478292
0.00306669
0.0043242
0.00452526
0.000651391
0.00191833
0.00125962
0.00142828
0.000967766
0.00348903
0.320205
0.00416232
0.00227268
0.000285957
0.000263157
0.0016688
0.00758645
0.00418149
0.377768
0.0025385
0.0497277
0.00282626
0.000748684
0.00174891
0.00420463
0.00475815
0.00803188
0.00361
0.0255392
0.0010336
0.00183443
0.00141536
0.0016364
0.00348667
0.418689
0.00794389
0.00494094
0.00325924
0.00196141
0.000443772
0.0110974
0.00385785
0.00149914
0.00569487
0.00873127
0.022084
0.00219252
0.00268791
0.000441983
0.00378221
0.00177522
0.00157515
0.000491045
0.0181874
0.00153246
0.00147259
0.000615839
0.000878117
0.00145905
0.00469462
0.00378918
0.496961
0.0171449
0.0206485
0.00123993
0.00267452
0.0022038
0.00300867
0.00766253
0.0178477
0.00376972
0.00106662
5.6728e-05
0.000599001
0.000499382
0.00289625
0.506223
0.0331186
0.00177936
0.0065945
0.00302707
0.00206815
0.00762578
0.000319213
0.000759027
0.00201621
0.0119545
0.00405391
0.0608959
0.0010963
0.0172731
0.00122953
0.00157358
0.00467566
0.534282
0.00242141
0.00307752
0.00573371
0.00737503
0.00111192
0.00540621
0.0021438
0.010543
0.00957554
0.0126813
0.030111
0.0137
0.00794226
0.000775838
0.0132946
0.000283668
0.00348068
0.00262842
0.00949038
0.00330912
0.00190146
0.00283505
0.00440001
0.00286174
0.106767
0.0133511
0.0077983
0.00856537
0.00141196
0.00927146
0.00874041
6.75102e-05
0.00271851
0.000637583
0.00364802
0.00612978
0.000133339
0.00194723
0.00144694
0.0250528
0.00297447
0.00303165
0.00359781
0.00138496
0.281649
0.266959
0.00230438
0.296178
0.00692159
0.000160909
0.000517442
0.000642465
0.00882078
0.00334586
0.00954384
0.00127818
0.00118347
0.00141148
0.000736234
0.000181758
0.501404
0.00154671
0.0348804
0.0112092
5.4766e-05
0.00367377
0.00331068
0.0103334
2.78716e-05
0.0477063
0.53556
0.0076618
0.0209234
0.065723
0.0181731
0.404973
0.00106547
0.00113259
0.00335046
0.00132105
0.000602413
0.00105429
0.00313492
0.0187614
0.00284245
0.000627221
0.00283697
0.00122203
0.004572
0.00402578
0.0027676
0.00012465
0.0984847
0.218307
0.00552699
0.131799
0.00181394
0.00814667
0.0143518
0.002025
0.000555662
0.000711694
0.00806217
0.0066661
0.0742971
0.0119355
0.00304233
0.5279
0.0194268
0.0029932
0.0223721
0.00118762
0.441696
0.0107082
0.402719
0.0812417
0.00165011
0.00993236
0.0621672
0.00139235
0.392818
0.470838
0.458707
0.0170136
0.00124066
0.390517
0.34523
0.0697367
0.0136096
0.00942897
0.0184562
0.00874769
0.154982
0.00752787
0.498424
9.71543e-05
0.00434957
0.00595181
0.000613802
0.242203
0.000612076
0.343074
0.00320746
0.00645589
0.00533763
0.00578096
0.00480718
0.00263406
0.0013679
0.0217653
0.00249463
0.000627805
0.512996
0.00027267
0.00183629
0.00429435
0.11182
0.00106715
0.326917
0.0090169
0.0121491
0.00279552
0.00238976
0.102706
0.00271934
0.437534
0.000398379
0.00417792
0.00112373
0.158498
0.00257661
0.00037753
0.00245197
0.0355373
0.00183748
0.00321227
0.0001841
0.156102
0.179451
0.000108051
0.00257179
0.515645
0.000403588
0.00930509
0.0107313
0.00258484
0.00141045
0.004833
0.524139
0.0760643
0.0161822
0.00702542
0.178125
0.0039333
0.459077
0.00551355
0.010645
0.00552119
0.00125587
0.000637568
0.000588027
0.256155
0.0104328
0.00784262
0.400502
0.00172152
0.376906
0.00361367
0.00241484
0.140529
0.00111923
0.00355377
0.00170919
0.000675561
0.00131032
0.00706367
0.000473261
0.0042999
0.275403
0.000884076
0.00576902
0.0261431
0.00404609
0.0100424
0.000193948
0.00134077
0.0140769
0.000207933
0.00999942
0.191023
0.0969977
0.00283745
0.00529464
0.00127757
2.91893e-05
0.00480533
0.00439489
0.00920008
0.013658
3.13595
8.38291e-05
0.00373431
0.000569049
0.00287223
0.0044018
0.00159363
0.00830323
0.0164435
0.0154407
0.0821438
0.00193322
0.000482914
0.0167836
0.00282327
0.00871884
0.000801668
0.000903477
0.0177444
0.00242808
0.000841447
0.120365
0.00217123
0.00122081
0.00236944
0.0153767
0.00310087
0.00323983
0.321972
0.118311
0.0991784
0.571253
0.14303
0.441824
0.38604
0.00367396
0.195396
0.257198
0.0100956
0.000392089
0.00184416
0.0147572
0.00625856
0.0413824
0.00331315
0.00102173
0.543383
0.0111597
0.282318
0.00899402
0.00365822
0.00411322
0.000444296
0.00920112
0.000715935
0.00250341
0.00268493
0.00628912
0.00444938
0.00885724
0.00684793
0.00200109
0.347058
0.00334955
0.00529251
0.00693465
0.000759367
0.00494826
0.00419505
0.00112587
0.0011442
0.000110538
0.00123493
0.430172
0.00283587
0.000735016
0.000368796
0.000289057
0.00101269
0.00344238
0.0159726
0.00583706
0.000487449
0.00261553
0.00172975
0.00965923
0.0151323
0.00451085
0.0265778
0.00960376
0.000670901
0.000942973
0.00247659
0.0055768
0.00560389
0.00119337
0.00168804
0.00684894
0.00191286
0.00157704
0.00353732
0.00403073
0.00510204
0.000277162
0.00249219
0.000169552
0.00217424
0.0226993
0.0360788
0.00406935
0.000197022
0.00104608
5.27039e-05
0.0153716
0.00115153
0.419703
0.0168222
0.0011864
0.00142871
0.00247468
0.00838575
0.0170612
0.00592532
0.0059122
0.0245434
0.00835329
0.00915825
8.18587e-05
0.0130391
0.430819
0.00139158
0.000662138
0.000358123
0.00915919
0.00118836
0.00115156
0.000631144
0.00181053
0.00257368
0.504347
0.00608734
0.000295231
0.00559417
4.86786e-05
0.00446244
0.00153483
0.00116672
0.000226993
0.000822113
0.00224787
0.00335926
0.00248685
0.0480625
0.000654424
0.000224451
0.00186909
0.00531557
0.00133001
0.0119326
0.00211515
0.00738628
0.000773964
0.00287745
0.00452875
0.0531519
0.0150792
0.00413488
0.000103339
0.0770419
0.000411819
0.00211257
0.000803696
0.0113086
0.00106877
0.0152418
0.000423582
0.000948956
0.00173787
0.00394456
0.0168967
0.0207161
0.00884574
0.00334598
0.00953389
0.00117773
0.0031277
0.000828315
0.00448587
0.00551171
0.00113777
0.00228504
0.00942571
0.00167256
0.00176548
0.00015808
0.00253495
0.0553981
0.00830191
0.00325896
0.000501037
0.0548457
0.00144188
0.00397817
0.00951944
0.0031549
0.00920493
0.0177849
0.000316193
0.0150059
0.00403015
0.000677752
0.000607719
0.00119259
0.00150143
0.0114832
0.00422413
0.000970316
0.00145534
0.00162671
0.000408584
0.00741154
0.366952
0.0496177
0.0106395
0.000172861
0.0249479
0.00323741
0.291174
0.00081663
0.00373233
0.39531
0.0270341
0.00171222
0.00167942
0.00447694
0.00322704
0.0042277
0.00755996
0.00422123
0.00479403
0.00478857
0.0238905
0.0025945
0.546145
0.0053781
0.000305433
0.000141963
0.00144354
0.499448
0.00151176
0.455611
0.000558293
0.00158893
0.00472687
0.00241562
0.000100328
0.0250166
0.0108062
0.00271641
0.000519748
0.00358303
5.82859e-05
0.00581986
0.248885
0.0036356
0.00192356
0.000619551
0.00277958
0.313891
0.000875951
0.00592427
0.00673141
0.559146
0.00613893
0.0147897
0.000949243
0.000290235
0.520779
0.356904
0.000920281
0.336474
0.00746198
0.129113
0.00204313
0.00160694
0.0039275
0.00678892
0.261714
0.00184062
0.137012
6.73176e-05
0.00671466
0.0339245
0.00258902
0.561236
0.0174024
0.519804
0.00388801
0.417257
0.00102725
0.00459908
7.7783e-05
0.00970693
0.00105426
0.00128694
0.000169434
0.0030555
2.32964e-05
0.000111186
0.00927457
0.00416919
0.00482706
0.0111383
0.00212684
0.000408381
0.00999466
0.000550673
0.00376449
0.00731386
0.0101687
0.00075406
0.00135431
0.00217779
2.08308e-05
0.000480241
0.0105398
0.00533168
0.0060975
0.0021993
0.00122424
0.00612993
0.00529268
0.000291252
0.00117459
0.00557507
0.0022433
0.00138803
0.00185582
0.000620359
0.00551123
0.00161331
0.00148465
0.00115354
0.00103856
0.000742489
0.00134043
0.000943786
0.00519667
0.481276
0.00537614
0.0196738
0.0032736
0.00447134
0.0153221
0.00113752
0.00889572
0.000757304
0.00348321
6.71831e-05
0.00226581
0.0042051
0.00266818
0.00222619
0.00752246
0.00495276
0.00313528
0.00100291
0.0437389
0.00281165
0.00394272
0.00132026
0.215344
0.00312988
0.00177795
0.000234427
0.00343509
0.00179035
0.0044222
0.00745107
0.000362949
0.00316572
0.00341345
0.00273705
0.514361
0.0745427
0.000395471
0.00222476
0.00334352
0.000641931
0.000349393
0.00769514
0.000587326
0.00050786
0.399511
0.00337798
0.00162072
0.00192759
0.0118689
0.00212353
3.11988e-05
0.000253792
0.00345392
0.00171201
0.00251236
0.00125585
0.0545795
0.00225966
3.38371e-06
0.00464023
0.00765333
0.000264838
0.000759178
0.0041882
0.00152991
0.00117759
4.8729e-05
0.000791596
0.00254244
0.00312969
0.00379955
0.00399264
0.00162507
0.00105456
0.00412996
0.00439754
0.00720504
0.00160657
0.499654
5.81051e-05
0.00335031
0.0013953
0.00514491
0.0085946
0.00580118
0.0186567
0.457898
0.0012981
0.00107329
0.00630818
0.00145753
0.127628
0.00418361
0.000824067
0.000488246
0.00115526
0.0255783
0.35855
0.481438
0.00111814
0.0647501
0.0149308
0.000779536
0.00137358
0.00251053
0.00129453
0.00272615
0.000671583
0.00575023
0.00292715
0.00457003
0.00342548
0.00067697
0.0141969
5.19721e-05
0.00104743
0.00265902
0.0051278
0.00435035
0.205668
0.0133311
0.00166814
0.00124867
0.00611074
0.00199437
0.00120825
0.00341679
0.00389212
0.00651246
0.00555015
0.00206562
0.00248861
0.002968
0.00135699
0.000354668
0.00150244
0.0040811
0.000800457
0.00325298
0.000485513
0.473044
0.0109254
0.00727563
0.00208511
0.00351374
0.000546488
4.15071e-05
0.00288632
0.00355467
0.00341784
0.00386329
0.00301514
0.00179116
0.0223061
0.000305522
0.00334191
0.00561494
0.00140708
0.00548923
0.000725892
0.503362
0.00279713
0.0172171
0.0314239
0.519945
0.00465588
0.0049918
0.0032933
0.498538
0.00138848
0.0313773
0.000995598
0.00182013
0.00232835
0.00151227
0.00261963
0.00157516
0.00387643
0.00223808
0.00110412
0.00953874
0.00136361
0.000489664
0.000631252
0.0153396
0.00154864
0.0023155
0.00776492
0.00121925
0.00660082
0.000798093
0.002128
0.000391547
0.00588541
0.00190038
1.90847e-05
0.00377309
0.0334783
0.00196275
0.00221845
0.00133582
0.00289742
0.00577069
0.00188772
0.00604323
0.00880512
0.00410154
0.00773571
0.000901023
0.00118274
0.00513384
0.00689886
0.294926
0.0150413
0.0127527
0.00682753
0.00484194
0.00619029
0.000702008
0.000707058
0.00075047
0.0041864
0.00962558
0.00569046
0.000605389
0.000738931
0.000264873
0.00126576
0.000796643
0.0015469
0.00119743
0.00343165
0.00207247
0.000790006
0.599419
0.00128822
0.00226051
0.480183
0.000884705
1.44412e-05
0.00352184
0.0033494
0.458865
0.000175469
0.00092994
0.00115202
0.00133093
0.00119488
0.00655674
0.415943
0.00368345
0.00446422
0.000812179
0.00116238
0.00116197
0.000749411
0.542223
0.110126
0.00132273
0.00385147
0.0156491
0.00557359
0.0135152
0.00233565
0.001123
0.00019478
0.000528786
0.00346013
0.00203663
0.126787
0.00197286
0.00528777
0.000990822
0.00056955
0.0028041
0.000118914
0.00103679
0.00190778
0.000282147
0.00328251
0.000239425
0.00449126
8.47373e-05
0.00651355
0.00142056
0.0137705
0.000271926
0.00439918
0.00414289
0.00646207
0.00282371
0.00322517
0.00164488
0.000653178
0.0213717
0.00810055
0.00468413
0.0019978
0.00709725
0.00453362
0.111143
0.00890096
0.00209961
0.00244063
0.00345552
0.00357395
0.00424122
0.00561207
0.265585
0.00867942
5.48085e-05
0.00355174
0.00194833
0.0746012
0.537704
0.00247136
0.354929
0.00131776
0.000202157
0.00116883
0.00281129
0.0310126
0.00431779
0.00551771
0.00101397
0.00201543
0.275496
0.00298594
0.0799021
0.00860784
0.00080669
0.00125864
0.0168593
0.0008431
0.000881264
0.00216107
0.00236783
0.00504617
0.0029026
0.37752
0.00191696
0.0031767
0.00478312
0.00401691
0.00130867
0.00396568
0.000978348
0.00339051
0.412644
0.0074928
0.00379375
0.00581762
0.00742558
0.000614441
0.00332886
0.051608
0.00372212
0.00138512
0.00175526
0.484332
0.0108211
0.484487
0.00249568
0.000431402
0.000407574
0.0185296
0.00445236
0.00453095
0.00204651
0.553069
0.00038407
0.00298497
0.00168353
0.000258347
0.00172487
0.00537591
0.000584019
0.00165548
0.00012605
0.207252
0.000860542
0.00219767
0.00222329
0.000480841
0.00217368
0.00151923
0.00144359
0.00143259
0.00296682
0.00548222
0.0112417
0.000979261
0.00432429
0.324521
0.00271307
0.0069695
0.0866156
0.346696
0.0135056
0.0048377
0.000569975
0.0086103
0.00198115
0.0312617
0.00515623
0.00244596
0.021964
0.0133525
0.00202325
0.000679939
0.00066069
0.0455588
0.313355
0.0158027
0.00397846
0.412082
0.293629
0.0011428
0.00191888
0.000420564
0.000666674
0.00425226
0.0122775
0.00905132
0.0310276
0.00149753
0.00913963
0.00686344
0.00549207
0.00413266
0.00104118
0.000770284
0.000591005
0.00193367
0.0842309
0.00117133
0.000321007
0.41921
0.00218719
0.00406479
0.000516839
0.0138139
0.00447142
0.00530957
0.704749
0.559933
0.00111566
0.102312
0.00316377
0.00362655
0.139622
0.202763
0.00827478
0.00519179
0.464915
0.00271653
0.00445033
0.00498732
0.000809465
0.000252156
0.00381649
0.0047336
0.00361079
0.557146
0.00433697
0.0043828
0.00568802
0.00448385
0.00883608
0.000515942
0.00135135
0.0049111
0.00313944
0.00223218
0.00071821
0.0101704
0.00679452
0.00415343
0.466113
0.00815786
0.440066
0.299394
0.00322225
0.366718
0.394243
0.360604
0.00242474
0.0104634
0.261351
0.232701
0.349599
0.00791538
0.333455
0.00715736
0.000903572
0.303617
0.00204497
0.00364942
0.00820689
0.00361141
0.00155182
0.418473
0.00582348
0.00122684
0.00135442
0.00189291
0.00387146
0.000103766
0.00335423
0.00366508
0.00724829
0.00949271
0.00334371
0.00195366
0.00096623
0.116002
0.19903
0.000514528
0.562847
0.00686729
0.00616362
0.00104589
0.0032496
0.528131
0.00122045
0.487414
0.00106696
0.00276866
0.00203094
0.000547258
0.000630778
0.000586025
0.0041657
0.00154985
0.0206261
0.0183898
0.00106333
0.0183581
0.00613856
0.00182574
0.00746472
0.00306371
0.00131742
0.000450308
0.00288016
0.00426787
0.514021
0.00199325
0.00327232
0.00192528
0.0202136
0.00031382
0.00162968
0.0170196
0.00129859
0.00474228
0.456533
0.00220425
0.362011
0.0164393
0.000567641
0.0342775
0.00391076
0.498806
0.00251245
0.00460151
0.000692241
0.435235
2.96697e-05
0.0197119
0.0274618
0.00190555
0.000533832
0.0238227
0.00246539
0.00161855
0.000142598
0.00265294
0.00121268
0.401712
0.00226488
0.00473086
0.000996957
0.00318282
0.00135382
0.00161374
0.0469728
0.49966
0.000882934
0.000206676
0.00741139
0.00680773
0.00633633
0.000452549
0.114103
0.00597453
0.474937
0.0223636
0.00144413
5.36498e-05
0.273432
0.180103
0.0127812
0.0138111
0.000209515
0.00328483
0.00317025
0.0109847
0.000330549
0.162677
0.00183453
0.00284549
7.1325e-05
0.0196504
4.21599e-05
0.002854
0.00168835
0.00256499
0.0160487
0.364295
0.00197592
0.00360566
0.0033627
0.078339
0.00046359
0.552495
0.00631972
0.0152951
0.00233365
0.00210298
0.00207767
0.00122018
0.486272
0.000676037
0.00355409
0.000682778
0.303715
3.01738e-05
0.00506432
0.00424043
0.42313
0.00153541
0.000626461
0.00249081
0.196856
0.486266
0.00146608
0.00117587
0.00170631
0.0016504
0.00282163
0.010106
0.00650789
0.00895744
0.0111404
0.00481409
0.00114245
0.38367
0.00021506
0.00386593
0.00992052
0.541338
0.000159385
0.000802313
0.00298636
0.00442824
0.00404997
0.00138422
0.00255038
0.259281
0.0054152
0.00341716
0.000441629
0.0100606
0.0988584
0.000307558
0.00327589
0.00258354
0.00231528
0.0677049
0.0008349
0.00452387
0.379311
0.000184534
0.0018702
0.001013
0.00093974
0.000637705
0.00313979
0.00172185
0.00548736
0.00563122
0.00177454
0.00220151
0.000531031
0.00113673
0.00882019
0.0168859
5.88651e-05
0.0051846
0.493293
0.000622314
0.00151754
0.00287902
0.00359297
0.00437544
0.00556894
0.00148716
0.00135612
0.463621
0.0032157
0.00475474
0.000448682
0.00312919
0.0031804
0.495136
0.010337
0.00193981
0.0199724
0.0117951
0.36619
0.00505196
0.286032
0.00132117
0.00423726
0.00882699
0.00677585
0.0026645
0.0160708
0.00264589
0.0179909
0.00618103
0.00236012
0.00130024
0.0135256
0.0935471
0.00167731
0.498278
0.00204958
0.486355
0.000390721
0.00629391
0.00320209
0.00126883
0.00337998
3.46771e-05
0.00467864
0.000768714
0.00578472
0.00951954
0.00597555
0.377635
0.00115251
0.000348118
0.00011835
0.00421393
7.9843e-05
0.225587
0.000588875
0.00474992
0.00171996
0.000350768
0.00129334
0.00205042
0.160971
0.000869639
0.00221698
0.514306
0.0102503
0.00227765
0.00486117
0.548604
0.00259177
0.00258626
0.00319549
0.0044368
0.000913809
0.0116894
0.0106447
0.0340093
0.00331076
0.00841152
0.0188016
0.00113087
0.000847137
0.00100741
0.00316646
0.429776
0.00369243
0.000935426
0.00727511
0.475043
0.00167623
0.00463072
0.54713
0.00545551
0.00526342
0.0129044
0.00633626
0.00208909
0.000493033
3.1114e-05
0.564923
0.407257
0.00358363
0.00216
0.11067
0.00180249
0.00174097
0.00714506
0.00321634
0.000150914
0.00328443
0.00890188
0.00201177
0.00101711
0.00134587
0.00158178
0.00784031
0.0105175
0.00135516
0.00582474
0.00809083
0.000841262
0.00294967
0.0182732
0.00243307
0.000904042
0.00368991
0.00286645
0.00356849
0.00795545
0.00467131
0.00339958
0.00078126
0.0650534
0.0315884
0.00161442
0.0178869
0.00803267
0.33416
0.0118853
0.00808518
0.00278709
0.000854573
0.0023431
0.0105903
0.000561533
0.00308141
0.00946826
0.00253472
0.0224881
0.000709306
0.00623452
0.000495463
0.0498133
0.00315922
0.00269186
0.00174832
0.0086087
0.00901549
0.00621104
0.075402
0.000166172
5.54118e-05
0.00143775
0.000671826
0.00192347
0.00149395
0.00760209
0.0131501
0.00705306
0.0419262
0.000926834
0.000879844
0.000239576
0.000426652
0.00541609
0.00254592
0.0216386
0.000133521
0.00255293
0.0245714
0.0121034
0.00712869
0.00132418
0.0004697
0.00116467
0.00197822
0.0029918
0.0113151
0.001549
0.0231672
0.00062372
0.00554115
0.00206314
0.0100528
0.0217759
0.00101192
0.00250957
0.0226485
0.00236219
0.459609
0.0156768
0.0033622
0.00592588
0.00914714
0.444644
0.425835
0.51162
0.00137389
0.00545081
0.000343931
0.00381366
0.00197646
0.00333084
0.000219866
0.00168462
0.00174183
0.00445325
0.00265359
0.0059721
0.00505107
0.00374137
0.0359154
0.00344381
0.434312
0.000114395
0.00891611
0.204635
0.00113964
0.000588287
0.00535576
0.140956
0.304621
0.529144
0.420931
0.0205582
0.000406165
0.00607657
0.00247904
0.00506359
0.00242811
0.0065586
0.000155443
0.0137459
0.00055303
0.00635349
0.00338558
0.00343057
0.00773698
0.00072925
4.09606e-05
0.00341239
0.00287778
0.0582544
0.00735342
0.00134056
0.000309662
0.51801
0.000132787
0.00491149
0.00231523
0.00355584
0.000238789
0.0781054
0.00510755
0.000445692
0.00168562
0.000751393
0.0048714
0.0039334
0.000623226
0.000371061
0.00181326
0.0143412
0.000348481
0.00294767
0.00601104
0.00857694
0.00341102
0.00118936
0.036459
0.001034
0.0120484
0.0103988
0.361977
0.00425062
0.0019993
0.00548369
0.00387816
0.00503918
0.0032527
0.000122573
0.00215672
0.00231854
9.31012e-05
0.00920172
0.00840229
0.000503086
0.49568
0.000664572
0.00351687
0.000619985
2.78316e-05
0.00974026
0.0968464
0.223178
0.00472967
0.00487435
0.000637519
0.0141356
0.00440337
0.00154516
0.0014708
0.00329988
0.00293241
0.000531264
0.0053303
0.00124389
0.00871044
0.00305808
0.004391
0.00451781
0.0101376
0.000378236
0.0105992
0.000285865
0.00115499
6.87277e-05
0.00312306
0.0127212
0.000886038
1.1358e-05
0.00899652
0.00179233
0.152561
0.000520802
0.0020693
0.000388384
0.00515869
0.00292066
0.00273291
0.000477548
0.00506214
0.0164118
0.000105338
0.00566194
0.00413352
0.0145902
0.00185319
0.00134991
0.384873
0.00832296
0.00300662
0.00587051
0.00937289
0.000636801
0.0267391
0.472057
0.00197148
0.000169658
0.00962839
0.00293674
0.427581
0.00139684
0.00251419
0.0084502
6.45954e-05
0.00131866
0.0257306
0.00117205
0.000845866
0.00122044
0.00293306
0.0134704
0.513331
2.7446e-05
0.0140777
0.00120019
0.474344
0.000340438
0.0041016
0.427752
0.441819
0.00269368
0.0155127
0.0017408
0.378149
0.00449851
0.00277166
0.00338321
0.000511832
0.00118487
0.00376257
0.000992914
0.00320668
0.00334597
0.00346617
0.000551465
0.0171862
0.000409097
0.00546224
0.00560454
0.00476914
0.00685746
0.00407577
0.00226488
0.00180003
0.0400178
0.000922933
0.00352447
0.00358794
0.0018834
0.00217751
0.0051088
0.00191512
0.00320879
0.00132188
0.00524061
0.492053
0.169845
0.00255448
0.00970323
0.00448856
0.000964655
0.00354743
0.000611685
0.00691177
0.00132201
0.000895851
0.0038187
0.000410683
0.00341513
0.00994927
0.0015075
0.00109029
0.00321778
0.00464304
0.00507966
0.00336168
0.00189347
0.43108
0.00715091
0.101113
0.00495443
0.00567196
0.00490767
0.000858128
0.560273
0.00329945
0.00102059
0.00110234
0.0481403
6.0036e-05
0.00301401
0.00667918
0.000649197
0.0115966
0.000470837
0.00848474
0.00433692
0.00241999
0.0013202
0.0026329
0.0177828
0.00337026
0.00174698
0.509642
0.0144235
0.00136202
0.00248006
0.00104382
0.00221025
0.000373872
0.00644609
0.000684112
0.00868814
0.00122433
0.000342815
0.00362039
0.000401187
0.0014071
0.00242591
0.0173675
0.00571792
0.0126935
0.000762704
0.00459087
0.000957919
0.000332623
0.00246393
0.010488
0.00523305
0.00197644
0.0022201
0.00341527
0.0046063
0.00144365
0.000726819
0.0257592
0.00260094
0.00563218
0.00809246
0.000920417
0.00709377
0.000201083
0.00105516
0.00693649
0.00293457
0.00359213
0.000834569
0.00279434
0.000728907
0.00476515
6.16608e-05
0.00727688
0.273146
0.0211127
0.00437
0.0200115
0.000467178
0.00279042
0.00108857
0.0189813
0.000881349
0.000300572
0.00891285
0.00140383
0.00146906
0.00150142
0.000491498
0.00375914
0.00131643
0.00235029
0.0184275
0.0050564
0.00643636
0.00143824
0.000549849
0.00257648
0.000763135
0.000944683
0.00467214
0.0116699
0.00184921
0.0132376
0.00189076
0.00307307
0.00134348
0.00111537
0.000915169
0.000765151
0.000403282
0.00170154
0.000298865
0.00884333
0.0069942
0.000851737
0.00165934
0.00501983
0.00621812
0.00279571
0.000303853
0.000448976
0.0126458
0.00146072
0.00181165
0.00182068
0.00250312
0.00217317
0.00449719
0.0440087
0.00564207
0.00308938
0.00204282
0.00319548
0.000884631
0.00138857
0.000235056
0.00617225
0.000262214
0.00136958
0.0114929
0.00187107
0.00111987
0.00917562
0.0111024
0.0017575
0.00186716
0.00166593
0.00169088
0.00491706
0.000791043
0.00704344
0.000830451
0.00122134
0.00604
0.00338234
0.00305638
0.00265593
0.00596914
0.00317587
0.00553962
0.0442436
0.00733546
0.00418039
0.00243157
0.00309372
0.00157658
0.0025345
0.000579803
0.000208813
0.00165491
0.000357951
0.0216673
0.00416273
8.10726e-05
0.00184348
0.00232035
0.00856336
0.000365014
0.517315
0.0121462
0.000947486
0.00136276
0.00180866
0.00446135
0.00218351
0.543536
0.0128354
8.76163e-05
0.00780621
0.000155684
0.00190689
0.00534684
0.516626
0.000871484
0.00035079
0.00303894
0.00265038
0.00400958
0.0305633
0.00118639
8.96428e-05
0.00110484
0.00298199
0.0019853
0.000565236
0.0222715
0.00205084
0.00228344
0.00122885
0.00399225
0.00724102
0.536536
0.00325887
0.00199842
0.0002837
0.00187174
0.00374447
0.000737083
0.00100001
0.328571
0.000678943
0.0137164
0.0029317
0.00497671
0.00145758
0.00567468
0.00458108
0.00513738
0.00105193
0.00254235
0.00209308
0.010797
0.00295059
0.010013
0.0135019
0.000384377
0.0010716
0.000330365
0.00209677
0.00813308
0.000475601
0.00808529
0.000293709
0.49383
0.00374401
0.0133267
0.00507507
0.0014049
0.00787726
0.00366452
0.00237432
0.00573981
0.00321434
0.00342926
0.00125931
0.00818983
0.00868312
0.00423286
0.0204597
0.00384286
0.00672568
0.000357598
0.00303331
0.0170391
0.0122173
0.00876585
0.000715879
0.00688734
0.00196715
0.00185718
0.42004
0.000970927
0.0171751
2.5299e-05
0.00551493
0.0103512
0.034626
0.000385038
0.0029091
0.00183503
0.517813
0.00128895
0.532919
0.000398432
0.000413645
0.00212227
0.000370794
0.0105187
0.00667554
0.00181017
0.00123851
0.00641739
0.0488144
0.00136915
0.0123964
0.000981865
0.00408135
0.00902392
0.00696303
0.0243334
0.00484584
0.00259574
0.00787044
0.00113864
0.00107723
0.531415
0.000621608
0.0939772
0.00186617
0.0223127
0.0013764
0.365527
0.000217817
0.00301222
0.00692197
0.000228839
0.00011986
0.501764
0.0143486
0.00114875
0.00726709
0.00143861
2.0049e-05
0.00117326
0.00072229
0.00462838
0.00134779
0.012915
0.00247674
0.00842558
0.510759
0.00111478
0.000752944
0.0536497
0.00134981
0.0336676
0.0535058
0.00412855
0.00328016
0.00787187
0.000537182
0.00691799
0.00357414
0.00690252
0.000551249
0.00156089
0.0324525
0.0013814
0.00175523
0.00484062
0.0501561
0.0175408
0.00118963
1.17561e-05
0.50902
0.00913389
0.00312925
0.0119898
0.00394199
0.00193051
0.00218232
0.00103812
0.0059823
0.000530797
0.00412421
0.0464995
0.00262323
0.0176006
0.00269858
0.000357464
0.00082873
0.0185142
0.00159922
0.537733
0.0032006
0.00374514
0.00478942
0.00115629
0.336047
0.00179351
0.00469546
0.000546203
0.027841
0.000478853
0.00304915
0.23882
0.000577413
5.32376e-05
0.00231921
0.00481263
0.0006646
0.0133697
2.43778e-06
0.0467585
0.000794706
0.00459016
0.00741145
0.433322
0.00200245
0.000449636
0.000129708
0.00722566
0.0030666
0.0015473
0.274646
0.00325682
0.00346649
0.00172483
0.0008204
0.0045287
0.00268493
0.00484007
0.00323267
0.00367125
0.00751223
0.00104817
0.00151581
0.00441877
0.00281819
0.001812
0.0686653
0.0143782
0.00266302
0.00940643
0.000808201
0.00968652
0.00120639
0.00567526
0.0013057
0.000622564
0.000601648
0.00138515
0.00373546
