0.0446614
0.175376
0.101885
0.057201
0.0373744
0.0652535
0.3006
0.107216
0.111897
0.0569968
0.0658095
0.100101
0.314093
0.0982038
0.0380314
0.107197
0.0257285
0.29168
0.167464
0.0571089
0.0407471
0.209224
0.119257
0.25341
0.304606
0.140352
0.0374814
0.0467174
0.077182
0.0568445
0.0184754
0.0762942
0.106828
0.0755578
0.107023
0.0265582
0.291499
0.248431
0.105196
0.0439025
0.0640281
0.0358614
0.0426343
0.108339
0.059408
0.139476
0.0250113
0.14292
0.0450763
0.227785
0.0537308
0.0873435
0.0419221
0.227574
0.149046
0.116631
0.0787079
0.0613372
0.270972
0.279854
0.090622
0.122977
0.0197997
0.0174021
0.241218
0.0555433
0.0588071
0.124586
0.0688506
0.0900979
0.0502123
0.0329754
0.0658948
0.0918094
0.0492913
0.0306882
0.0497739
0.287623
0.05737
0.140616
0.146445
0.114306
0.0676589
0.0861367
0.0515397
0.130358
0.217656
0.11755
0.0560937
0.0731417
0.056485
0.156205
0.035547
0.0876883
0.0920922
0.0218502
0.104062
0.14702
0.133693
0.0443481
0.0465377
0.15907
0.0374538
0.226413
0.0242436
0.149644
0.204975
0.103887
0.293841
0.22594
0.029746
0.0869905
0.0182164
0.0524454
0.0786
0.162565
0.0299563
0.063988
0.12161
0.0664559
0.064076
0.0948756
0.0212652
0.129464
0.0522743
0.0479022
0.076804
0.240914
0.0262479
0.046789
0.0241339
0.0325089
0.0643949
0.176995
0.0165862
0.187374
0.0407865
0.0453116
0.0862957
0.399424
0.213058
0.239472
0.095299
0.0240252
0.0836772
0.0944015
0.043957
0.0461186
0.068125
0.0173144
0.18257
0.022813
0.0778433
0.119537
0.0746346
0.275658
0.0371734
0.0436623
0.126913
0.0051891
0.218389
0.058656
0.117856
0.110881
0.122775
0.252813
0.0934453
0.291811
0.474459
0.226504
0.193053
0.0790679
0.0348559
0.092023
0.181019
0.288423
0.0761677
0.115797
0.0948762
0.161007
0.23617
0.11318
0.156187
0.0510898
0.15128
0.0149725
0.145138
0.0673725
0.25355
0.0554187
0.094694
0.0624279
0.0792662
0.258752
0.0594645
0.350583
0.0980726
0.284874
0.21707
0.180764
0.069187
0.0443894
0.0500676
0.039705
0.103069
0.0783502
0.288406
0.0866225
0.0271493
0.226974
0.401866
0.183325
0.0417518
0.039121
0.0846365
0.203996
0.198726
0.100496
0.092774
0.368207
0.0623973
0.0930427
0.0471937
0.244543
0.177681
0.0692328
0.198912
0.192281
0.0842536
0.02041
0.327208
0.259871
0.198159
0.24377
0.0658333
0.0473824
0.190793
0.205848
0.1894
0.110586
0.0401403
0.0755513
0.0328659
0.0793365
0.0285545
0.0593226
0.124657
0.0386256
0.0362446
0.0663068
0.0428927
0.0412744
0.144637
0.0971063
0.0048815
0.0491419
0.1949
0.0696039
0.122884
0.107045
0.0381734
0.0993011
0.0445246
0.0972215
0.0681517
0.469302
0.0719575
0.0236357
0.0947701
0.0777529
0.0512512
0.0955557
0.0388129
0.0279097
0.097898
0.0561144
0.0541239
0.0515293
0.0462783
0.114899
0.189713
0.0403408
0.12449
0.220799
0.0339726
0.0996442
0.140442
0.11655
0.0530968
0.299909
0.115153
0.139166
0.109064
0.0346279
0.193964
0.250035
0.0557159
0.136362
0.104499
0.059913
0.0920016
0.304838
0.0886443
0.0534646
0.210945
0.151485
0.0490634
0.156273
0.068366
0.32152
0.0186522
0.164044
0.233684
0.285486
0.0910771
0.386883
0.0199984
0.0463701
0.0708584
0.111739
0.0974188
0.0892542
0.0310951
0.201777
0.0421024
0.141049
0.0894817
0.267399
0.221531
0.256151
0.152589
0.0686203
0.0297666
0.0896493
0.149077
0.114713
0.0991148
0.0691275
0.250657
0.034088
0.109517
0.135559
0.0600788
0.196983
0.0703583
0.175856
0.125492
0.171072
0.0399855
0.329272
0.057707
0.11749
0.0381755
0.153237
0.0354155
0.0350045
0.101012
0.0723951
0.0529989
0.0983824
0.0370235
0.275274
0.0828726
0.0559577
0.311965
0.194885
0.114963
0.158481
0.202535
0.221956
0.130286
0.0996964
0.0895216
0.0572942
0.0384516
0.0583586
0.224185
0.299223
0.068618
0.0338464
0.199871
0.155252
0.252735
0.165832
0.0575503
0.270362
0.182311
0.181411
0.197656
0.0365035
0.0650931
0.0679818
0.137046
0.064749
0.107208
0.0521705
0.0553917
0.0838836
0.140016
0.0697351
0.199997
0.0232758
0.0325759
0.158556
0.161675
0.115893
0.145259
0.0192943
0.172771
0.0623267
0.0648645
0.0581973
0.327367
0.111714
0.0561154
0.195108
0.0776926
0.0151662
0.294118
0.0161411
0.0822187
0.117401
0.116933
0.173718
0.0376135
0.0904908
0.0125532
0.0841857
0.0733883
0.150225
0.160432
0.0691313
0.0343326
0.0248141
0.128615
0.239436
0.0719458
0.163271
0.155811
0.0353022
0.0388134
0.0213119
0.089622
0.213936
0.064444
0.0478997
0.0584249
0.0977332
0.111335
0.161375
0.0810084
0.0931238
0.0543922
0.072827
0.0316961
0.0780615
0.0158317
0.0575194
0.181748
0.116496
0.194435
0.119373
0.0855874
0.143631
0.0910638
0.0323174
0.30731
0.134994
0.406424
0.0634276
0.0523596
0.434902
0.198841
0.0600752
0.194402
0.153243
0.0240532
0.140022
0.0547672
0.0673363
0.0789116
0.188452
0.159162
0.287505
0.0167291
0.0536206
0.0784019
0.0442083
0.0555899
0.0321612
0.052203
0.187279
0.129019
0.066819
0.149527
0.0343226
0.312359
0.129808
0.0618728
0.37576
0.166775
0.180324
0.0544369
0.0611252
0.105507
0.382268
0.0866196
0.152807
0.041207
0.238025
0.103861
0.184555
0.177977
0.101935
0.151396
0.0613093
0.0906285
0.0987142
0.0239085
0.148735
0.0860531
0.182025
0.196655
0.152334
0.0657973
0.0571771
0.035902
0.10616
0.139286
0.059606
0.136844
0.134832
0.0543354
0.0429101
0.222567
0.135638
0.138257
0.188348
0.0327625
0.0642225
0.0287523
0.0843269
0.0872638
0.0365366
0.141507
0.093974
0.109759
0.0397831
0.347987
0.162994
0.0721136
0.126284
0.241219
0.113509
0.0235535
0.13133
0.0396195
0.0697078
0.104943
0.0551802
0.147936
0.133345
0.100288
0.0752665
0.0155586
0.014726
0.0830215
0.0833092
0.0612355
0.104152
0.114908
0.14416
0.0601611
0.0571366
0.162359
0.0565142
0.144539
0.120045
0.0341633
0.14165
0.0236889
0.250186
0.0209109
0.116347
0.180942
0.0966255
0.0809404
0.176529
0.0901548
0.0991928
0.0857361
0.034719
0.192715
0.0704868
0.0276993
0.0688916
0.107466
0.0417724
0.0701685
0.0774661
0.105937
0.0367038
0.0684606
0.284813
0.0125711
0.13303
0.0528377
0.10003
0.0363365
0.119386
0.068571
0.056048
0.0358763
0.116162
0.0437257
0.205029
0.213848
0.0277498
0.115481
0.0173834
0.0535373
0.00883063
0.0329684
0.0664295
0.216941
0.0863194
0.0277924
0.0518877
0.0237793
0.107226
0.052358
0.0874697
0.0437488
0.136793
0.0137549
0.104357
0.109511
0.135798
0.0686034
0.0855189
0.0823654
0.0225241
0.0697719
0.0588456
0.03948
0.0493651
0.163927
0.0329518
0.129854
0.0671368
0.0783641
0.0739852
0.0032575
0.137292
0.0305112
0.131708
0.0753661
0.0572827
0.0613859
0.0798608
0.208503
0.0943544
0.128346
0.0608706
0.171173
0.265683
0.205413
0.120139
0.037258
0.118198
0.0380347
0.0569745
0.125499
0.145152
0.064763
0.160356
0.0662234
0.0382908
0.12393
0.264096
0.140242
0.157883
0.162192
0.0531205
0.237089
0.0492878
0.0316355
0.0832343
0.106305
0.471312
0.0534892
0.512617
0.0439159
0.200642
0.411109
0.1078
0.0383229
0.0223548
0.119548
0.10697
0.0283477
0.18625
0.0114108
0.120851
0.286038
0.134205
0.0263546
0.0698367
0.0342851
0.0334735
0.118017
0.136008
0.45074
0.138012
0.105267
0.0836439
0.284901
0.130088
0.237047
0.0154016
0.36392
0.0441809
0.0803736
0.241031
0.0875827
0.196122
0.117918
0.310491
0.0596252
0.0758069
0.0550178
0.0471432
0.120975
0.111211
0.0294552
0.264147
0.0688957
0.0669801
0.0413765
0.100547
0.0516163
0.186128
0.381358
0.175483
0.192241
0.202923
0.141671
0.295602
0.137713
0.0544851
0.11067
0.0932156
0.0851728
0.0938695
0.0872778
0.116702
0.0869358
0.0178806
0.0981391
0.0812625
0.0479489
0.182346
0.0183855
0.208149
0.0265014
0.218682
0.0734707
0.04705
0.342581
0.0246271
0.0997265
0.0812705
0.0629848
0.0961874
0.0711268
0.22106
0.17655
0.0641815
0.040184
0.167773
0.0901772
0.0231921
0.283251
0.0757109
0.153304
0.221951
0.0402248
0.0846582
0.0200792
0.026115
0.199111
0.030038
0.13646
0.0663763
0.150483
0.0591311
0.143025
0.174644
0.101137
0.1688
0.14583
0.0829161
0.147684
0.0477081
0.0175426
0.0513294
0.212292
0.115212
0.0574463
0.187263
0.02309
0.387177
0.0389287
0.0233229
0.213939
0.160514
0.313326
0.0307765
0.0378874
0.256846
0.145737
0.240989
0.176673
0.0476891
0.205842
0.0322365
0.0751953
0.0262098
0.129571
0.0106634
0.207374
0.111278
0.118243
0.0384906
0.108788
0.170128
0.226238
0.10395
0.139137
0.0821075
0.0974132
0.0325392
0.13222
0.149058
0.241668
0.0810723
0.246172
0.0821695
0.140855
0.0817412
0.150723
0.0402035
0.0507248
0.0919009
0.0932307
0.0797085
0.230364
0.0791858
0.171746
0.410065
0.0721037
0.0770647
0.0417049
0.0768947
0.0386694
0.11979
0.0923908
0.101498
0.145878
0.0737083
0.0774765
0.0186667
0.106017
0.0924599
0.0490078
0.0836176
0.171853
0.0806273
0.0575486
0.0226261
0.183599
0.0558166
0.0925695
0.122989
0.0915225
0.137362
0.180597
0.096015
0.148458
0.0257486
0.0216026
0.135141
0.10815
0.0455445
0.0309535
0.049822
0.107853
0.0448094
0.0539349
0.0979404
0.0649756
0.0979643
0.298243
0.0941428
0.100031
0.0808262
0.326337
0.140541
0.379662
0.0595923
0.0770409
0.0546071
0.0767616
0.122818
0.11614
0.0421456
0.351378
0.0551109
0.030861
0.158603
0.0938065
0.322359
0.026818
0.0197442
0.120891
0.033402
0.122588
0.218122
0.127089
0.0460461
0.105469
0.210098
0.284252
0.214092
0.0882419
0.0874431
0.104894
0.175668
0.0541324
0.153667
0.112753
0.0507612
0.126274
0.152853
0.0242443
0.239995
0.260733
0.0315031
0.0357642
0.114434
0.0612884
0.0498714
0.0893293
0.0543271
0.0631731
0.104728
0.0869973
0.0562816
0.0161945
0.13469
0.237487
0.0992382
0.173858
0.397031
0.173851
0.254576
0.150869
0.0850864
0.0145862
0.12866
0.0397662
0.194908
0.198361
0.245523
0.0322809
0.0861692
0.208186
0.17337
0.202056
0.177063
0.0998984
0.0242142
0.121938
0.025624
0.129872
0.194758
0.027186
0.0432128
0.182487
0.0953039
0.0472276
0.046423
0.0385162
0.147615
0.116897
0.219904
0.0367385
0.293951
0.0204438
0.278927
0.0645078
0.0443943
0.0942915
0.130993
0.0997324
0.304363
0.161544
0.0903236
0.115517
0.422317
0.109429
0.338625
0.127933
0.166255
0.0802084
0.0796924
0.0280068
0.0251604
0.0998062
0.0215246
0.124626
0.1417
0.19183
0.102314
0.10287
0.0612209
0.0290341
0.156961
0.28658
0.119479
0.213097
0.0670556
0.191913
0.0050957
0.0169791
0.0325348
0.133536
0.16051
0.153876
0.0517113
0.0531797
0.0444501
0.0944338
0.176781
0.0533816
0.0509854
0.166798
0.0470766
0.36771
0.201092
0.0954016
0.151317
0.0562435
0.167335
0.123015
0.0476308
0.0337929
0.124143
0.0709393
0.183759
0.0687536
0.30081
0.087071
0.0684966
0.0485964
0.0669313
0.0556727
0.127402
0.0715808
0.0559654
0.265948
0.109032
0.0594918
0.0429491
0.0474218
0.191465
0.0820193
0.0636445
0.133024
0.188247
0.0872937
0.037607
0.0519964
0.151884
0.0976167
0.031074
0.181271
0.138772
0.0575001
0.0454276
0.0634389
0.16064
0.0273613
0.273201
0.0621771
0.0654418
0.0977314
0.0932598
0.0577396
0.0978547
0.0910475
0.232146
0.0605769
0.0720113
0.0665205
0.118354
0.106406
0.0735909
0.205293
0.03281
0.0803055
0.0772263
0.094631
0.17346
0.179108
0.0243975
0.077278
0.0988356
0.101516
0.109581
0.0893897
0.070017
0.0913925
0.184814
0.137177
0.0889024
0.117561
0.094468
0.108974
0.164995
0.133271
0.0734595
0.0744088
0.0499307
0.132205
0.111324
0.0769342
0.0873555
0.0735953
0.106677
0.132924
0.038337
0.0737562
0.0422011
0.128064
0.0407606
0.0323293
0.121226
0.0448899
0.0369941
0.0153176
0.0935402
0.0741267
0.157999
0.0169302
0.111923
0.174608
0.157526
0.15095
0.0160398
0.0667768
0.0565363
0.0918106
0.119801
0.134151
0.0558939
0.0805428
0.439561
0.103746
0.190464
0.0371667
0.0717545
0.0997478
0.0444802
0.0632388
0.0863375
0.2181
0.0541994
0.253191
0.125453
0.0808767
0.0682802
0.07617
0.150163
0.0274176
0.179607
0.106236
0.144633
0.0496334
0.0968259
0.109024
0.140999
0.0617788
0.0464767
0.0435474
0.065427
0.16439
0.240148
0.121701
0.116277
0.0639773
0.164292
0.00886132
0.108848
0.0765017
0.0492786
0.0138242
0.128116
0.0260942
0.236465
0.148274
0.0999955
0.0792269
0.0367736
0.0621245
0.162542
0.0352265
0.143366
0.0720277
0.090268
0.136403
0.0604659
0.207316
0.111218
0.0895165
0.148555
0.0773673
0.041837
0.0420012
0.0814139
0.195685
0.0512169
0.270827
0.196352
0.0478749
0.0832429
0.126183
0.0467622
0.250278
0.0309943
0.252242
0.184721
0.0617733
0.153889
0.03112
0.111543
0.0246744
0.0217598
0.373222
0.112827
0.124905
0.118306
0.0633044
0.0528774
0.0411996
0.265698
0.199011
0.0569619
0.12233
0.163587
0.163931
0.259194
0.087097
0.113223
0.216996
0.561965
0.0725875
0.142578
0.139697
0.0931711
0.291505
0.160364
0.051261
0.0808972
0.154369
0.0687873
0.0474119
0.226302
0.185642
0.128016
0.0710362
0.228801
0.0551734
0.116915
0.019724
0.0715191
0.154854
0.0842605
0.169689
0.065979
0.126917
0.368591
0.213334
0.304464
0.0435543
0.175257
0.146389
0.0272776
0.0500105
0.292768
0.00261834
0.0987053
0.0999217
0.0119437
0.0144584
0.183566
0.177722
0.280806
0.120574
0.103412
0.499707
0.0522163
0.264941
0.0734333
0.0758783
0.101787
0.019227
0.182829
0.113331
0.453284
0.107768
0.107131
0.100466
0.077054
0.0528193
0.0250455
0.0540857
0.101232
0.181395
0.163992
0.14171
0.115852
0.240659
0.117605
0.0794439
0.177021
0.0751468
0.128216
0.176066
0.0252765
0.115867
0.10242
0.0303628
0.19319
0.101707
0.233735
0.0251912
0.180405
0.0906033
0.160779
0.592983
0.111595
0.292084
0.205465
0.113331
0.0294147
0.285642
0.406965
0.138217
0.0566904
0.114695
0.0357687
0.151704
0.313539
0.266545
0.0286405
0.0181824
0.427514
0.0288785
0.451573
0.0492323
0.247366
0.0570696
0.0971117
0.190541
0.173862
0.0207319
0.026727
0.145647
0.096205
0.0428701
0.0124828
0.109899
0.043385
0.11329
0.168625
0.0727017
0.161154
0.0913554
0.0519083
0.162721
0.0629566
0.153903
0.0901462
0.0715848
0.185124
0.0183565
0.0325237
0.0407182
0.29293
0.184409
0.108323
0.0353473
0.158896
0.182419
0.230274
0.245641
0.145324
0.175043
0.0649893
0.132761
0.0570075
0.053639
0.0456771
0.165133
0.0373994
0.438416
0.22758
0.0684409
0.337563
0.0865922
0.051076
0.109174
0.0747694
0.117541
0.0556297
0.288995
0.169132
0.079815
0.137057
0.023593
0.158054
0.168498
0.301867
0.205239
0.208492
0.104574
0.0505324
0.229143
0.164648
0.165474
0.299252
0.301395
0.198368
0.0341452
0.327084
0.108726
0.0624167
0.0996955
0.224619
0.104799
0.077618
0.0774158
0.11498
0.0445611
0.113821
0.0324561
0.0769135
0.0495374
0.304796
0.110907
0.046218
0.0783473
0.0352493
0.205995
0.0843644
0.173069
0.0471666
0.152056
0.375417
0.0209615
0.129402
0.358346
0.0746431
0.128272
0.360148
0.282595
0.0729983
0.0310601
0.0798843
0.132538
0.295751
0.0393768
0.0490577
0.0717163
0.131009
0.0699065
0.0776113
0.0276706
0.113968
0.0735156
0.0528128
0.0926385
0.0999897
0.0781383
0.123001
0.059514
0.0333386
0.0749813
0.065284
0.0492597
0.221005
0.0811857
0.217392
0.0489898
0.0780691
0.099113
0.0832984
0.0379001
0.241832
0.0728428
0.102812
0.118601
0.136733
0.331485
0.0832273
0.20552
0.0292909
0.0499327
0.116928
0.0480097
0.208939
0.0652394
0.128929
0.042469
0.284791
0.149771
0.0916689
0.147409
0.0879014
0.0890222
0.0707574
0.0975893
0.0410053
0.0982362
0.0316153
0.131986
0.118914
0.0289528
0.174894
0.150093
0.109132
0.163157
0.0581417
0.0286689
0.0520385
0.268832
0.164859
0.104838
0.0382778
0.138209
0.124817
0.134867
0.325955
0.0459578
0.0716299
0.0297023
0.235006
0.397395
0.0377243
0.150531
0.0611777
0.313308
0.306056
0.0549011
0.125834
0.0361915
0.0915274
0.170646
0.134635
0.0584138
0.0986228
0.0698943
0.0950832
0.0982268
0.00939957
0.0424484
0.0311793
0.233085
0.0176463
0.254656
0.0614924
0.0224521
0.0496026
0.0723612
0.208386
0.0209671
0.226579
0.115227
0.0294011
0.0179159
0.0312836
0.0367436
0.041495
0.0977557
0.0415338
0.129383
0.0363709
0.14984
0.093752
0.187561
0.0621469
0.039761
0.185612
0.158857
0.0450991
0.0587327
0.139226
0.11191
0.0450946
0.171493
0.138605
0.027041
0.177464
0.0291892
0.162796
0.00998412
0.0329356
0.0798866
0.0956363
0.0927859
0.144003
0.0936381
0.187529
0.208252
0.29647
0.0796811
0.0547368
0.243252
0.119763
0.106259
0.0763516
0.301819
0.0557941
0.0346176
0.0509815
0.0687036
0.257097
0.227699
0.148332
0.233952
0.0643713
0.0486093
0.250926
0.0142141
0.267678
0.0807822
0.226484
0.165398
0.0714342
0.0597809
0.087092
0.139977
0.0304295
0.0190654
0.0310825
0.0774369
0.0896128
0.0486909
0.209906
0.0474723
0.163704
0.0274786
0.147636
0.0434148
0.0652459
0.178286
0.00966186
0.285563
0.0357551
0.0125102
0.24425
0.0722889
0.0450453
0.0603037
0.0483295
0.105378
0.0390444
0.115468
0.124129
0.138265
0.194632
0.0679956
0.0968326
0.0768421
0.126479
0.0555153
0.205183
0.0621227
0.0850278
0.0755162
0.0986224
0.186529
0.178419
0.0606938
0.0451534
0.0925808
0.0224324
0.0742229
0.226654
0.0888229
0.121432
0.0546133
0.0258379
0.0918155
0.0725614
0.271944
0.190258
0.020203
0.038707
0.152392
0.0862679
0.0752391
0.105105
0.164962
0.0630101
0.145832
0.0560736
0.0352541
0.0524398
0.110088
0.0254863
0.106135
0.084561
0.0418322
0.0443976
0.16233
0.0831811
0.179237
0.0848898
0.119724
0.0971509
0.112829
0.00391677
0.0416616
0.201772
0.0936037
0.0721437
0.112675
0.0283914
0.062814
0.0350256
0.094571
0.157946
0.0715029
0.0352007
0.0917056
0.0369103
0.0828107
0.0406918
0.0775457
0.0966323
0.217692
0.0553539
0.0566207
0.0228056
0.0629347
0.050346
0.0804563
0.0575102
0.0252944
0.114769
0.143459
0.0564269
0.0192845
0.105882
0.121407
0.0982434
0.104133
0.0119133
0.0705425
0.0847913
0.0512155
0.0884993
0.0932609
0.066077
0.0367921
0.132504
0.0245262
0.114633
0.0452876
0.0940737
0.210053
0.00937798
0.0297361
0.109412
0.185797
0.0426496
0.0227998
0.128101
0.0324617
0.0570636
0.0979496
0.068099
0.0663539
0.0181439
0.143548
0.0565087
0.11499
0.0515035
0.013113
0.0727056
0.0251728
0.117412
0.12589
0.0893344
0.163548
0.0518992
0.025882
0.133746
0.0851628
0.0333395
0.021986
0.0544191
0.18187
0.052251
0.0849022
0.0609422
0.0910203
0.152388
0.0798586
0.0725322
0.102587
0.0155748
0.0899773
0.0801574
0.0987345
0.149083
0.0750687
0.0391331
0.140606
0.120597
0.0340458
0.0759644
0.0864955
0.0927929
0.0129178
0.0421168
0.0515964
0.14132
0.141784
0.034023
0.0599573
0.0559586
0.0208962
0.133275
0.0553048
0.0695617
0.0547178
0.0328408
0.0661207
0.0773658
0.0743455
0.0698699
0.0699872
0.100119
0.0406337
0.0865438
0.118934
0.0680317
0.127408
0.222405
0.109336
0.0153096
0.0321007
0.118828
0.039798
0.160523
0.138121
0.100981
0.159308
0.0609461
0.261812
0.0924517
0.181393
0.181616
0.05843
0.146924
0.0772623
0.0383372
0.0999829
0.298728
0.0912513
0.0401953
0.0134817
0.312659
0.0378361
0.0106914
0.177543
0.0381363
0.032471
0.112835
0.0159234
0.306117
0.0818562
0.0266817
0.0645911
0.0319314
0.153464
0.0575404
0.0128185
0.173853
0.0952523
0.0213279
0.138048
0.106712
0.0628505
0.204494
0.0613836
0.0583221
0.0318404
0.0311323
0.0195538
0.108002
0.0984115
0.0824068
0.0493293
0.0562159
0.0320444
0.0474968
0.050247
0.0575569
0.038656
0.0869864
0.0584513
0.0481111
0.0878696
0.0813241
0.137385
0.0370465
0.0525438
0.127979
0.0427818
0.0304539
0.078451
0.210164
0.0745599
0.0665837
0.0149331
0.0152721
0.0765237
0.082607
0.110509
0.0603884
0.161107
0.0745666
0.035866
0.251261
0.0556775
0.105643
0.161463
0.237756
0.0780482
0.214493
0.218522
0.189832
0.128091
0.0794821
0.183339
0.101019
0.0577913
0.249431
0.122814
0.087021
0.161416
0.0432628
0.099513
0.0544521
0.085379
0.032851
0.128748
0.0278278
0.217904
0.24148
0.136377
0.0941152
0.0450219
0.104487
0.249123
0.0742479
0.114108
0.253727
0.0581248
0.0817924
0.105575
0.0731146
0.073396
0.13162
0.0519609
0.0470959
0.0270911
0.0817896
0.00957551
0.0836357
0.0460463
0.106258
0.205938
0.102079
0.109792
0.168254
0.0373616
0.217622
0.0577808
0.0198135
0.0222233
0.0722865
0.034849
0.130257
0.0873795
0.1988
0.126248
0.170762
0.107372
0.141972
0.0637801
0.0283845
0.0833821
0.223126
0.0268032
0.0632949
0.370352
0.0987707
0.015799
0.134868
0.0991079
0.0535318
0.0538239
0.0719656
0.0789172
0.0871268
0.0465001
0.100374
0.0650328
0.349045
0.03056
0.130056
0.0576915
0.0140577
0.21756
0.0495171
0.0280458
0.0126426
0.0665682
0.0243495
0.107168
0.102659
0.0754532
0.139928
0.0651587
0.0414242
0.0885411
0.0620307
0.0749263
0.0906934
0.0210131
0.0986703
0.0390021
0.0959295
0.0889814
0.0414783
0.0723683
0.0488328
0.218573
0.0968557
0.0754258
0.264511
0.093598
0.0511125
0.0319533
0.0449162
0.0860337
0.0436406
0.082756
0.182607
0.031844
0.161763
0.294247
0.0336186
0.0422295
0.149022
0.0220802
0.0414529
0.164176
0.0376289
0.0450726
0.0369891
0.0347634
0.120853
0.0440946
0.112128
0.0811306
0.0534832
0.0873952
0.0783596
0.118004
0.034922
0.0541758
0.076889
0.0445578
0.272912
0.226959
0.153866
0.158079
0.178247
0.0203336
0.0356229
0.0758911
0.0487435
0.122118
0.217729
0.0675699
0.148928
0.0478242
0.231291
0.114748
0.053783
0.395564
0.103245
0.27487
0.0334661
0.0896009
0.19079
0.07408
0.168986
0.0526384
0.0784884
0.0690027
0.0776564
0.121887
0.178473
0.0288309
0.103849
0.137264
0.176528
0.24355
0.136039
0.163677
0.175311
0.0321711
0.0410764
0.247238
0.0640076
0.10664
0.126123
0.117432
0.0912034
0.218307
0.0274702
0.0611388
0.395595
0.161919
0.0380445
0.0512324
0.0732207
0.0673782
0.0175003
0.0653099
0.0412056
0.0586311
0.0662832
0.309692
0.0312004
0.0119152
0.108664
0.0945177
0.289054
0.232053
0.376197
0.0838847
0.0789682
0.101862
0.133428
0.0693473
0.116461
0.093626
0.0553722
0.103882
0.0469729
0.186004
0.0862786
0.130385
0.0451635
0.138407
0.221832
0.0445874
0.119185
0.231283
0.0661001
0.0427108
0.267733
0.15947
0.106198
0.0272131
0.405827
0.0318034
0.20783
0.211043
0.307987
0.163841
0.061727
0.0396406
0.0252755
0.0630939
0.175696
0.106636
0.0882506
0.0583571
0.0594057
0.072679
0.043882
0.0195338
0.0630315
0.080889
0.0724598
0.0638713
0.186877
0.0244722
0.0997725
0.187231
0.0515421
0.265845
0.0321064
0.185048
0.193141
0.0625972
0.0316867
0.150633
0.298875
0.0502183
0.280949
0.20424
0.0606764
0.147099
0.0449022
0.0451194
0.0246082
0.0829044
0.110086
0.0522772
0.183659
0.0403406
0.0413919
0.0256255
0.244629
0.0401057
0.137888
0.0216986
0.146496
0.0885235
0.0515634
0.157282
0.0519688
0.0285177
0.0454598
0.0206218
0.0602791
0.104962
0.127294
0.07651
0.100176
0.0513053
0.113586
0.0351856
0.0530371
0.133079
0.055983
0.0295974
0.298828
0.299076
0.311625
0.145707
0.104281
0.102191
0.370463
0.0298132
0.173803
0.214453
0.0722841
0.0662181
0.0482921
0.0338412
0.224314
0.100412
0.102183
0.100919
0.316586
0.257918
0.0339152
0.122976
0.016643
0.30571
0.251604
0.127469
0.0509018
0.0823923
0.115233
0.169195
0.134903
0.0389556
0.0799854
0.0708236
0.072328
0.329088
0.143557
0.212556
0.0788304
0.0649907
0.147423
0.0933461
0.0678425
0.0879405
0.0643957
0.252809
0.255816
0.131491
0.0563107
0.0466574
0.0484562
0.108762
0.159269
0.0599082
0.106554
0.0828375
0.0813743
0.072992
0.0229823
0.0559069
0.0444727
0.0240432
0.0532877
0.0250391
0.0907058
0.102346
0.0283716
0.0911708
0.0278518
0.0406406
0.202409
0.0403087
0.00648103
0.0371533
0.0922176
0.0887715
0.0406191
0.023757
0.160531
0.267891
0.0633404
0.0378379
0.121333
0.108529
0.12193
0.0359737
0.0720206
0.158028
0.145865
0.0388139
0.425766
0.0338926
0.0419159
0.1398
0.0885878
0.0489331
0.121445
0.0584374
0.0534201
0.038539
0.23524
0.0322704
0.0389011
0.192933
0.0851381
0.0863271
0.0374664
0.0424703
0.253906
0.320289
0.0698553
0.0536204
0.191271
0.0933149
0.0753227
0.140829
0.0725673
0.0406648
0.0998134
0.0945439
0.0165653
0.0382905
0.115912
0.0119164
0.0385853
0.0829394
0.0170414
0.0729917
0.0797313
0.0698099
0.0387237
0.0444332
0.0682395
0.0871835
0.0546883
0.0159146
0.0847673
0.236004
0.0773527
0.0373417
0.026226
0.349942
0.230338
0.183146
0.103984
0.038116
0.107418
0.0314371
0.0336046
0.0203827
0.0206236
0.0766234
0.0756254
0.0633151
0.0915593
0.122893
0.0308936
0.0875269
0.10152
0.0980791
0.0551525
0.0247138
0.05519
0.0524391
0.101192
0.117925
0.138893
0.025017
0.0259529
0.117309
0.0808893
0.175475
0.091043
0.0191193
0.10669
0.0439018
0.0447463
0.233779
0.0304621
0.102402
0.0309614
0.0922582
0.0485459
0.0279571
0.14155
0.00854614
0.04915
0.116025
0.0602575
0.115318
0.0342778
0.0316385
0.0176146
0.0846768
0.0151971
0.0577795
0.0785067
0.0426849
0.0388091
0.0402741
0.103677
0.115383
0.133423
0.0594429
0.130912
0.0319337
0.0956769
0.24399
0.0310184
0.0326335
0.0533627
0.0844323
0.0284657
0.068444
0.16853
0.0233648
0.0802418
0.0503215
0.385705
0.267052
0.140533
0.0667844
0.234094
0.0610101
0.0298415
0.0617115
0.0350107
0.0464471
0.0894844
0.0820034
0.0724797
0.165298
0.0770507
0.0840926
0.0254644
0.094361
0.0551919
0.0673671
0.07513
0.0676915
0.104678
0.0106619
0.149124
0.131041
0.118403
0.240334
0.0684724
0.0422275
0.0359869
0.0275988
0.0837536
0.0245509
0.0161755
0.088646
0.0814158
0.211983
0.0705532
0.328782
0.0219626
0.0251247
0.143725
0.132005
0.0168469
0.174716
0.0812073
0.0948321
0.215443
0.146458
0.0163833
0.067719
0.197203
0.0517495
0.0386228
0.0967139
0.177816
0.268671
0.177646
0.0192446
0.279534
0.0359674
0.209481
0.0886416
0.126665
0.198658
0.182056
0.0288362
0.0660877
0.0607487
0.051846
0.0808811
0.04659
0.0161915
0.116548
0.0623323
0.139137
0.123858
0.0606381
0.0455767
0.088436
0.0265883
0.0896689
0.0652178
0.0277482
0.0902333
0.0546035
0.143385
0.132457
0.0589446
0.255808
0.182466
0.107204
0.0682657
0.0235714
0.257962
0.116353
0.0224086
0.0500295
0.0329422
0.0686453
0.152908
0.063074
0.0464076
0.0409986
0.126959
0.0685527
0.013297
0.0730452
0.0675557
0.131871
0.0852794
0.146225
0.10546
0.0290206
0.0393882
0.0508124
0.103816
0.0782158
0.0368835
0.0291138
0.0663019
0.214072
0.135425
0.174708
0.0846031
0.0432718
0.0622759
0.0947399
0.196022
0.0361234
0.111315
0.117146
0.125205
0.0915896
0.109279
0.0823759
0.0670454
0.0403381
0.202191
0.0557723
0.052384
0.0525303
0.0985096
0.120461
0.245959
0.0709109
0.0615645
0.0633245
0.180239
0.0507772
0.0349499
0.244636
0.203322
0.199779
0.0706342
0.0819127
0.231124
0.0420698
0.180487
0.0496971
0.0568115
0.0758598
0.11309
0.0167229
0.0452354
0.0296439
0.210464
0.113967
0.0479992
0.0574563
0.177369
0.0459758
0.0939087
0.142163
0.0275657
0.0137836
0.0171986
0.10753
0.042782
0.141679
0.223811
0.0252878
0.0662578
0.0397213
0.150636
0.109001
0.224139
0.0217338
0.0313673
0.0526744
0.0546714
0.0374215
0.0882708
0.0817846
0.0569844
0.261662
0.0579189
0.0933416
0.111023
0.0842529
0.0793706
0.0952039
0.131809
0.110985
0.0421901
0.12208
0.0238358
0.0937312
0.0382362
0.0134376
0.0419021
0.0666203
0.0882317
0.101277
0.127397
0.0773542
0.0329034
0.0328589
0.0448764
0.0785664
0.154682
0.105417
0.0432067
0.056817
0.0714889
0.103871
0.0249035
0.0579862
0.0558875
0.0130375
0.070808
0.0774491
0.0713676
0.0330648
0.0557244
0.0632313
0.0581103
0.0322683
0.0159755
0.0552511
0.0552425
0.10251
0.066294
0.0259155
0.136294
0.106473
0.0480867
0.0256631
0.0440632
0.0477249
0.0622767
0.027697
0.0686821
0.113874
0.0923727
0.0766462
0.0600977
0.0149992
0.0540309
0.0579739
0.022619
0.0779257
0.0177574
0.0667295
0.0545265
0.0791304
0.0743851
0.14362
0.0581208
0.019996
0.0285446
0.055898
0.107244
0.0970164
0.101811
0.0612136
0.0227868
0.0924626
0.140855
0.162781
0.0795735
0.15896
0.103276
0.0744143
0.0847959
0.100698
0.0461466
0.18209
0.0699535
0.0332868
0.0191894
0.0890605
0.0665891
0.0621489
0.0887188
0.125682
0.053751
0.157815
0.0624311
0.0912774
0.0733085
0.0419076
0.14913
0.108594
0.119403
0.11021
0.067674
0.174852
0.139639
0.0693509
0.0817715
0.0993194
0.073999
0.123845
0.0517249
0.068547
0.070463
0.136712
0.15328
0.0215373
0.0677223
0.104232
0.0294476
0.0931976
0.092076
0.0991876
0.0428371
0.0464902
0.0612775
0.155506
0.0372705
0.030084
0.0545881
0.0484156
0.13667
0.147851
0.137436
0.131621
0.0794656
0.048934
0.0754876
0.0398686
0.047543
0.0246745
0.02554
0.112567
0.0652488
0.181407
0.0870211
0.120665
0.0839618
0.0848924
0.061734
0.153448
0.0914052
0.160088
0.187583
0.0427832
0.0810246
0.0909424
0.0604415
0.0906176
0.0662734
0.0626196
0.110577
0.0363133
0.0416716
0.0829983
0.099874
0.047893
0.0713301
0.159588
0.0537742
0.224051
0.144259
0.0293226
0.0559333
0.0530685
0.116692
0.0972153
0.0802506
0.043774
0.0441857
0.178329
0.0360762
0.0357773
0.051876
0.0659806
0.0563913
0.15532
0.199641
0.0799031
0.0690489
0.0542332
0.093744
0.0319961
0.0551334
0.0403411
0.177405
0.0440611
0.0972595
0.0800432
0.0360992
0.104867
0.0972493
0.125602
0.0625429
0.0685723
0.0487647
0.0542715
0.107072
0.0320245
0.0364103
0.113833
0.0495052
0.0556749
0.0174329
0.0333213
0.102609
0.0544665
0.11802
0.0377157
0.0897025
0.0983366
0.0181829
0.208936
0.0671562
0.0927588
0.0478352
0.0459242
0.0352844
0.1175
0.0678939
0.0479448
0.091251
0.146396
0.084149
0.096657
0.127811
0.152373
0.0665161
0.0999706
0.0912434
0.0802423
0.179777
0.0453162
0.0225006
0.055432
0.0902084
0.0786246
0.0614951
0.132828
0.197285
0.0814289
0.108763
0.0543147
0.0398926
0.0645865
0.0452466
0.0752492
0.153359
0.0211399
0.0870484
0.379575
0.172674
0.069736
0.0863842
0.106845
0.0594044
0.0163147
0.0765646
0.0702484
0.0592415
0.1369
0.0592402
0.0993575
0.0288322
0.115976
0.0263404
0.231488
0.118575
0.0397696
0.135569
0.101481
0.117774
0.0222915
0.0415554
0.23596
0.0860494
0.233848
0.0450205
0.135648
0.0795344
0.0423313
0.0555247
0.252364
0.194348
0.181009
0.0106642
0.158523
0.0719031
0.0539267
0.0139507
0.0766221
0.166605
0.0401819
0.0522917
0.111584
0.0462762
0.334498
0.203961
0.0234267
0.0502859
0.201415
0.0908083
0.308972
0.0661293
0.120634
0.0557527
0.097341
0.0650736
0.0401489
0.171919
0.0652359
0.180437
0.0435157
0.0645913
0.0930279
0.145646
0.0823236
0.0604769
0.080952
0.0269635
0.0144682
0.188214
0.0240498
0.0274327
0.0180948
0.121612
0.0724675
0.0921678
0.095653
0.0496133
0.052004
0.119584
0.0493823
0.0469448
0.274111
0.0265266
0.148186
0.108693
0.0880905
0.117911
0.107124
0.162029
0.0703702
0.04305
0.0743061
0.0726044
0.0300923
0.0506772
0.170104
0.0900129
0.0953207
0.153782
0.146725
0.0423985
0.162074
0.149771
0.121902
0.136061
0.105869
0.0729023
0.30427
0.0384483
0.0980445
0.27873
0.152734
0.0172178
0.0285371
0.0786803
0.174554
0.0510056
0.080383
0.0720063
0.0544867
0.0996983
0.137177
0.137909
0.0495056
0.033196
0.066129
0.0259109
0.0922157
0.0961968
0.0203311
0.113825
0.0567463
0.135463
0.0795388
0.18981
0.172278
0.0931877
0.0256532
0.194978
0.217441
0.0588088
0.0733645
0.277791
0.21557
0.0696542
0.117854
0.0109755
0.0497322
0.0930627
0.118306
0.220128
0.153108
0.215464
0.0885738
0.164421
0.102762
0.0621174
0.134507
0.122132
0.0485524
0.033568
0.0636004
0.0782532
0.0299757
0.164291
0.0561486
0.065931
0.24416
0.31828
0.153064
0.0834474
0.0288115
0.114695
0.19265
0.107304
0.0343027
0.0306951
0.107595
0.0863525
0.13245
0.146249
0.0440003
0.219584
0.0733283
0.273048
0.24192
0.123693
0.0825873
0.124308
0.142055
0.0677326
0.152492
0.32118
0.00733621
0.168213
0.0136457
0.184067
0.253874
0.169619
0.0630231
0.312805
0.0596988
0.127073
0.107774
0.0130125
0.0698377
0.0556625
0.0850393
0.321639
0.0162368
0.0824369
0.219985
0.146925
0.00456734
0.040619
0.141337
0.0621789
0.0713072
0.0709203
0.0335532
0.109729
0.0456977
0.297289
0.192443
0.0990711
0.191779
0.246427
0.114421
0.154083
0.0843688
0.205558
0.123172
0.0458596
0.0653195
0.0960392
0.0980923
0.194688
0.206941
0.246247
0.0864901
0.0465901
0.183707
0.109264
0.0997966
0.0842861
0.100828
0.143898
0.0606114
0.112731
0.0733146
0.0290408
0.0245148
0.0932758
0.0648276
0.0533144
0.112199
0.0403232
0.016067
0.0561487
0.0479941
0.195608
0.0711269
0.491292
0.0948223
0.0454548
0.180081
0.108998
0.0929553
0.0906516
0.113959
0.0972984
0.0581572
0.117245
0.11841
0.0612795
0.320507
0.0867588
0.0555965
0.152585
0.211495
0.372939
0.219091
0.312711
0.107233
0.293951
0.175449
0.112038
0.20734
0.786884
0.267633
0.234911
0.0745738
0.047956
0.0400735
0.149091
0.0650974
0.169037
0.0315603
0.053394
0.444197
0.0707844
0.0637747
0.0522259
0.175274
0.0598872
0.0581931
0.0955111
0.0829747
0.026053
0.0467059
0.0628067
0.0395587
0.0379869
0.0395072
0.0733221
0.0691292
0.0206629
0.061836
0.0885214
0.0738302
0.135626
0.0853521
0.0364584
0.0445019
0.0171231
0.0630617
0.0444786
0.167954
0.0204117
0.0478339
0.0587591
0.209897
0.0982425
0.0797996
0.2153
0.106165
0.0684727
0.153352
0.166172
0.0793959
0.227801
0.106449
0.202925
0.04057
0.0568316
0.105832
0.02335
0.0196726
0.171259
0.171144
0.0874676
0.076697
0.0844066
0.261077
0.259218
0.181477
0.382978
0.230178
0.167397
0.142261
0.0469986
0.0537869
0.0281123
0.0299023
0.113032
0.169539
0.185933
0.198427
0.0423418
0.0782757
0.272144
0.0626418
0.114508
0.281268
0.136606
0.115682
0.194262
0.210864
0.123205
0.0760552
0.060153
0.0393658
0.0902687
0.108966
0.196655
0.0350301
0.111564
0.08117
0.0504495
0.0644828
0.0519197
0.0577523
0.017063
0.139837
0.0484096
0.285527
0.09076
0.115343
0.0434497
0.0928349
0.0364914
0.0480472
0.0443705
0.111483
0.0808133
0.0194435
0.157633
0.0869774
0.0630852
0.0645581
0.0465614
0.057011
0.106998
0.0366494
0.134768
0.126385
0.0819143
0.116197
0.0437057
0.0289589
0.146232
0.0646124
0.0277031
0.0696169
0.104537
0.144378
0.126343
0.108811
0.0283301
0.0441933
0.09403
0.0599562
0.132647
0.0387978
0.0149949
0.0864325
0.0879292
0.070709
0.0524566
0.105284
0.0212421
0.0411331
0.0711838
0.0158303
0.0376161
0.0604244
0.0998706
0.0845176
0.185211
0.0662009
0.0891679
0.162472
0.121187
0.054668
0.0554336
0.0377422
0.0422316
0.0630119
0.0249102
0.0829255
0.0592642
0.0427085
0.039393
0.148556
0.199883
0.126925
0.0681094
0.048417
0.174381
0.0569363
0.023285
0.125799
0.0795308
0.0723368
0.0755335
0.15166
0.0800661
0.0529185
0.151972
0.177714
0.18512
0.134891
0.209038
0.253964
0.431711
0.335054
0.14791
0.121702
0.0552997
0.110083
0.0675022
0.135414
0.0218798
0.0313582
0.190199
0.0809648
0.0895803
0.0215094
0.375213
0.246536
0.0444907
0.329509
0.0907115
0.352358
0.186647
0.214416
0.212511
0.013967
0.132437
0.0957978
0.0594588
0.0577912
0.105779
0.0564224
0.118437
0.0536775
0.145012
0.110519
0.063289
0.0335418
0.0545851
0.232942
0.045817
0.177543
0.0181723
0.0435725
0.368757
0.0252901
0.0395194
0.0527704
0.0844535
0.0179357
0.0981123
0.130949
0.143524
0.121727
0.0256338
0.145502
0.0454604
0.247736
0.113343
0.246535
0.0840314
0.0169671
0.163639
0.18251
0.0992651
0.174915
0.0331809
0.0816948
0.172197
0.0379992
0.170343
0.0664884
0.109586
0.121994
0.174029
0.182114
0.165714
0.101967
0.18915
0.0493082
0.0246574
0.0762738
0.0795138
0.125728
0.345889
0.242502
0.115888
0.0320144
0.221224
0.0524313
0.260842
0.30544
0.123511
0.0229562
0.0214094
0.0291824
0.0752619
0.148925
0.0700119
0.0248158
0.138985
0.193903
0.0549631
0.0727152
0.279102
0.108638
0.109488
0.108176
0.0256818
0.225
0.0305533
0.0755373
0.183529
0.0989217
0.0553289
0.0210372
0.0356133
0.061509
0.0551593
0.0433356
0.0381585
0.133512
0.160714
0.0940557
0.0339391
0.066471
0.225797
0.17178
0.0820241
0.0493419
0.110336
0.118419
0.0758808
0.0690592
0.212391
0.0843777
0.117517
0.115272
0.3045
0.224248
0.087173
0.0222172
0.142397
0.0769127
0.0868957
0.242568
0.126527
0.0263381
0.0598666
0.145459
0.100865
0.12871
0.153087
0.101882
0.10128
0.20061
0.0488855
0.0344871
0.0960047
0.0151985
0.0845571
0.0651339
0.108691
0.203432
0.0369306
0.123575
0.0584189
0.175873
0.191006
0.0557337
0.103483
0.0363853
0.0523532
0.282489
0.0746561
0.100104
0.103387
0.0742051
0.124889
0.136403
0.0668026
0.182288
0.16936
0.0736316
0.049254
0.0397753
0.0522673
0.0505719
0.073783
0.053606
0.0674928
0.0604253
0.0657232
0.073785
0.141975
0.141238
0.191655
0.0949552
0.0206084
0.141251
0.204533
0.02963
0.086319
0.072112
0.0428024
0.048481
0.0789873
0.0140283
0.0562666
0.133767
0.099963
0.00985155
0.0650794
0.135952
0.0578554
0.0121294
0.09836
0.0671581
0.0854809
0.0460261
0.123163
0.0486104
0.0354011
0.0639423
0.0561736
0.116489
0.0200415
0.0359929
0.0294635
0.0600191
0.0197345
0.0697529
0.0198194
0.0223569
0.101071
0.0669625
0.0352694
0.0693951
0.0945696
0.0244608
0.0662744
0.0457806
0.125613
0.102719
0.0328497
0.0554543
0.119672
0.0600712
0.0795175
0.0320213
0.147156
0.0211346
0.0603014
0.0280062
0.15826
0.0999015
0.107663
0.0844258
0.0692756
0.0712153
0.0763826
0.0976112
0.0445842
0.098883
0.0741377
0.0978365
0.0231107
0.0238148
0.0499465
0.0318836
0.0464353
0.0371796
0.156828
0.0809099
0.0940967
0.0147202
0.0715538
0.0503196
0.083553
0.0453342
0.0438265
0.100757
0.0683106
0.27544
0.25441
0.0831265
0.0828775
0.0504158
0.127107
0.0261942
0.0333703
0.198015
0.0850728
0.0265234
0.383041
0.096274
0.030014
0.183048
0.378362
0.218333
0.221343
0.192742
0.139586
0.00923668
0.049751
0.314856
0.0910564
0.0716629
0.0340231
0.0440724
0.125446
0.0528725
0.0555114
0.128166
0.00930734
0.0901337
0.126369
0.267761
0.0335139
0.0261179
0.0576737
0.165361
0.0646645
0.0896071
0.105108
0.153321
0.297642
0.0372042
0.0486463
0.0687807
0.024392
0.0355465
0.0177984
0.0535639
0.0674284
0.099928
0.0794808
0.055043
0.0368772
0.0546112
0.241215
0.0493004
0.148244
0.168923
0.0436619
0.133358
0.0519748
0.125353
0.103494
0.102181
0.0872099
0.0119094
0.0144481
0.0633643
0.0323156
0.0391926
0.0641042
0.0166508
0.0976622
0.0728667
0.0385771
0.0623327
0.0258001
0.116301
0.0263005
0.0544446
0.0349769
0.061535
0.0636803
0.0387071
0.0402174
0.0385549
0.100716
0.088029
0.0742436
0.0586141
0.0594817
0.094909
0.0219507
0.145833
0.0657316
0.0580391
0.027622
0.100097
0.0155033
0.0212472
0.131707
0.0571192
0.0257691
0.208589
0.0230173
0.0528462
0.0408174
0.0711132
0.0412923
0.133978
0.0298384
0.0234722
0.0247921
0.037821
0.0483844
0.226516
0.0850503
0.0350342
0.0697508
0.250263
0.185018
0.0483631
0.0836347
0.0402941
0.183972
0.121332
0.209373
0.032263
0.143251
0.0342029
0.0721547
0.153821
0.0747114
0.213669
0.220579
0.0687371
0.11606
0.2098
0.0568724
0.0274317
0.0784855
0.175959
0.0407606
0.103178
0.237831
0.199271
0.112623
0.124195
0.153093
0.295446
0.0774435
0.0581908
0.073401
0.0700208
0.478519
0.0198421
0.102299
0.158197
0.158587
0.104802
0.318376
0.0921821
0.0594222
0.207377
0.122542
0.160017
0.088411
0.153939
0.104798
0.0358052
0.0475268
0.0493787
0.089606
0.0963415
0.0923263
0.131509
0.0410663
0.180385
0.241182
0.025397
0.463174
0.120097
0.0523624
0.118752
0.126274
0.1679
0.205673
0.238783
0.123669
0.207125
0.141111
0.297552
0.146139
0.0948323
0.447878
0.154343
0.0657066
0.146428
0.195952
0.00632371
0.222978
0.0320562
0.092725
0.102589
0.0627545
0.248859
0.363695
0.0304498
0.0366787
0.491991
0.0912503
0.0810253
0.178533
0.242482
0.204234
0.262328
0.312987
0.180251
0.180507
0.256044
0.0163088
0.124225
0.0270295
0.184585
0.208752
0.0544214
0.125359
0.0753471
0.167422
0.146968
0.0961661
0.0234384
0.146213
0.185369
0.116061
0.0605204
0.12925
0.0815529
0.0772567
0.0296952
0.0404477
0.0570962
0.116988
0.192482
0.277693
0.0217332
0.179959
0.0927516
0.214632
0.111047
0.249308
0.190349
0.168293
0.201581
0.119808
0.0794624
0.196505
0.0584907
0.113633
0.0575194
0.0839618
0.172115
0.0978847
0.0739842
0.0378726
0.016168
0.19451
0.104845
0.0465099
0.112026
0.029376
0.111866
0.211919
0.127075
0.037116
0.0815129
0.0494836
0.219702
0.086904
0.100426
0.241548
0.0305445
0.0302935
0.0406828
0.0342197
0.0229008
0.0445824
0.218498
0.0445957
0.189378
0.12811
0.120618
0.0587738
0.218157
0.0329276
0.1106
0.036899
0.0811743
0.0122471
0.0911298
0.10048
0.0229944
0.0793153
0.233437
0.0575253
0.0419155
0.0529226
0.0833945
0.179167
0.371209
0.0489888
0.0636223
0.070008
0.0243299
0.342282
0.0156225
0.0170323
0.0718715
0.0253253
0.0894123
0.154771
0.113481
0.0329435
0.363089
0.0447769
0.0451224
0.218088
0.129648
0.285833
0.0471714
0.0997203
0.0900526
0.114648
0.0388769
0.0191404
0.0854433
0.0508195
0.150567
0.148941
0.161059
0.0514495
0.0380387
0.164147
0.0510877
0.0935114
0.118441
0.149034
0.143017
0.339295
0.0305329
0.0652838
0.0402458
0.325662
0.0981267
0.550349
0.153739
0.200817
0.0849699
0.107556
0.127257
0.0635797
0.115648
0.0998034
0.11044
0.0932964
0.253337
0.499519
0.214928
0.0595963
0.079385
0.143581
0.0410088
0.167635
0.203847
0.105586
0.18951
0.121841
0.502271
0.263316
0.116112
0.0567319
0.0298669
0.0830376
0.111314
0.337239
0.0754568
0.0691865
0.0476315
0.209069
0.0608987
0.0684444
0.246483
0.248208
0.253578
0.10458
0.267341
0.195132
0.238136
0.0595242
0.0290595
0.0345387
0.0937202
0.100241
0.0272816
0.0266849
0.0411093
0.0547225
0.0675123
0.0466126
0.359481
0.0812701
0.416463
0.107508
0.0701284
0.438703
0.0438886
0.416637
0.050356
0.134657
0.315611
0.0374228
0.076475
0.0738465
0.10249
0.0899087
0.1058
0.0177765
0.0773259
0.04658
0.142597
0.0612563
0.0600283
0.0523488
0.132665
0.0394063
0.14733
0.0784146
0.051012
0.328601
0.152366
0.161005
0.55776
0.348319
0.159274
0.265457
0.0264066
0.299818
0.146383
0.0833659
0.203704
0.186597
0.0816367
0.0731678
0.210091
0.121177
0.0393155
0.0852036
0.0721814
0.140478
0.108613
0.420718
0.0543749
0.0708045
0.0517765
0.121746
0.0176478
0.346255
0.107546
0.497102
0.320918
0.0683478
0.0965383
0.192303
0.162248
0.179781
0.436746
0.197986
0.124089
0.154214
0.175391
0.27192
0.0875445
0.384073
0.299106
0.0806732
0.0379479
0.0519916
0.0850131
0.0308375
0.134238
0.105448
0.030448
0.153913
0.0617991
0.0533917
0.104486
0.100197
0.0684443
0.0376826
0.0441077
0.0417478
0.0567525
0.0595066
0.102893
0.15289
0.0737011
0.169847
0.0677243
0.0231661
0.163469
0.421217
0.217996
0.0173937
0.440539
0.0437654
0.051292
0.0120658
0.0596534
0.252094
0.1532
0.0714768
0.183269
0.136771
0.508438
0.198674
0.190874
0.344141
0.264267
0.115803
0.0564756
0.0384097
0.0438774
0.0591743
0.0874749
0.268204
0.0522417
0.265737
0.0988684
0.0373894
0.280933
0.139737
0.354477
0.0624125
0.140896
0.159836
0.037672
0.0696625
0.0458882
0.0276299
0.127114
0.0373628
0.128254
0.0734101
0.0687036
0.123106
0.136302
0.0415609
0.0697722
0.0870408
0.379379
0.0534295
0.0304595
0.0283723
0.045041
0.232743
0.0854819
0.0901815
0.109482
0.0436268
0.172322
0.105653
0.237249
0.043071
0.237181
0.135002
0.101415
0.428532
0.147856
0.13894
0.108534
0.162442
0.0681744
0.0567823
0.127658
0.182838
0.168992
0.0342144
0.124065
0.225521
0.0803976
0.111914
0.115743
0.159826
0.0514203
0.0782115
0.0596935
0.15432
0.111523
0.192773
0.180474
0.220792
0.306034
0.271638
0.0614781
0.0781077
0.200225
0.422446
0.351303
0.162782
0.34756
0.0216328
0.0579503
0.301178
0.0221741
0.182592
0.193062
0.143076
0.0485777
0.230109
0.306494
0.105121
0.0924762
0.177152
0.0352472
0.458081
0.0462389
0.119527
0.0412159
0.111136
0.170751
0.0485363
0.0559802
0.124461
0.212002
0.302415
0.0385157
0.170321
0.243323
0.0692266
0.0689782
0.231312
0.0604765
0.16051
0.0586773
0.109928
0.0904125
0.297654
0.0704641
0.0802677
0.122959
0.0663596
0.037659
0.195068
0.0464409
0.117846
0.0833696
0.0290749
0.159861
0.138808
0.055343
0.0882814
0.324137
0.0467472
0.211342
0.362917
0.137045
0.293932
0.41392
0.0341688
0.0673451
0.239254
0.371597
0.138332
0.188391
0.177731
0.186948
0.0354674
0.106405
0.225652
0.0441427
0.162633
0.0948373
0.0901842
0.22503
0.0969199
0.0533151
0.167195
0.147256
0.0690627
0.233065
0.122208
0.210412
0.26388
0.145668
0.21231
0.109008
0.119622
0.18488
0.0952881
0.107005
0.064773
0.0141321
0.0671766
0.0181532
0.0224072
0.174279
0.184796
0.156225
0.104998
0.0998012
0.215954
0.101319
0.0312402
0.0338247
0.239042
0.10811
0.181474
0.189379
0.0813698
0.397346
0.0494193
0.259661
0.0497126
0.0569579
0.271326
0.0423413
0.0361698
0.359595
0.0375134
0.0223865
0.167438
0.194241
0.062046
0.11912
0.100788
0.0498223
0.0753753
0.0841972
0.0766924
0.0732303
0.105874
0.140487
0.0633517
0.139647
0.0667209
0.385755
0.130704
0.0663588
0.0383539
0.17828
0.293715
0.170489
0.0603098
0.347473
0.146669
0.165574
0.221311
0.181219
0.119321
0.12515
0.0727598
0.0589423
0.702767
0.219649
0.0589967
0.463995
0.229752
0.179585
0.0440331
0.081931
0.0759874
0.035597
0.137449
0.217522
0.272603
0.130726
0.0668602
0.0574318
0.257297
0.106203
0.080197
0.136435
0.0232876
0.0209419
0.137616
0.0276592
0.138716
0.156497
0.123805
0.223346
0.112374
0.0479191
0.085768
0.0522945
0.0376879
0.374309
0.123334
0.183433
0.065364
0.0664379
0.145397
0.220606
0.10987
0.0653791
0.03295
0.0248392
0.150229
0.0850384
0.276553
0.0491028
0.0962425
0.0319255
0.329565
0.0718344
0.130711
0.0705874
0.0485156
0.0477697
0.0924635
0.298255
0.0300467
0.16426
0.0381731
0.34134
0.118767
0.11129
0.118345
0.185211
0.0607734
0.0937589
0.0399469
0.0552205
0.0665458
0.0918815
0.155692
0.194496
0.0491146
0.0529495
0.0360091
0.177774
0.0277201
0.136345
0.112956
0.108805
0.0463653
0.0545597
0.0397363
0.0366149
0.0297896
0.253031
0.0521979
0.0448329
0.0374587
0.180692
0.114661
0.0515566
0.0885167
0.102137
0.0423605
0.0483307
0.041866
0.0449884
0.0563169
0.0993143
0.035597
0.0922384
0.0836429
0.0873027
0.0713425
0.0737412
0.0684395
0.0614855
0.039229
0.0544379
0.0232791
0.0390801
0.0553575
0.0330803
0.02113
0.0937874
0.124935
0.0283062
0.0916123
0.0576813
0.0788441
0.0952186
0.0881893
0.290702
0.159121
0.0413929
0.137883
0.0286061
0.258371
0.0501145
0.134485
0.147106
0.0471925
0.0447929
0.282087
0.145474
0.0281785
0.0822874
0.0244674
0.0545109
0.0730045
0.0992094
0.18213
0.183569
0.112826
0.0746611
0.174084
0.035849
0.19442
0.122972
0.221728
0.225808
0.0346274
0.0811731
0.0792051
0.0470569
0.0745488
0.132645
0.201039
0.100039
0.0277009
0.0561857
0.145864
0.103617
0.0740384
0.0388813
0.0962598
0.110768
0.0978462
0.213357
0.0654004
0.0505724
0.263188
0.0622668
0.150355
0.0438137
0.0206286
0.139894
0.055795
0.115514
0.0950307
0.105052
0.0811657
0.129396
0.207416
0.0302133
0.0877614
0.072998
0.167501
0.0840999
0.222009
0.0680702
0.0290915
0.0426663
0.0589634
0.0329495
0.0854206
0.156803
0.119151
0.070632
0.0943163
0.0307182
0.0693127
0.11591
0.151246
0.104931
0.043806
0.0621538
0.334279
0.0393797
0.0539248
0.0674737
0.126447
0.355508
0.0638595
0.0876634
0.00995076
0.122824
0.111767
0.0454561
0.158967
0.123336
0.155261
0.250447
0.0627364
0.0507755
0.0784169
0.0991748
0.15546
0.170798
0.125777
0.0651521
0.0774971
0.118265
0.0917818
0.056593
0.0308486
0.275123
0.0429431
0.173987
0.118605
0.151434
0.190982
0.0831069
0.0812253
0.0382277
0.0506772
0.261103
0.193011
0.207963
0.0706663
0.0924136
0.111797
0.122273
0.0945204
0.186397
0.105363
0.161226
0.0682073
0.100223
0.138018
0.0525825
0.151001
0.151636
0.0377073
0.0498992
0.103757
0.070115
0.0354304
0.0353774
0.112002
0.125046
0.0241674
0.173694
0.187258
0.0913159
0.0921169
0.207516
0.0441755
0.0621528
0.0832646
0.0788256
0.152297
0.0189695
0.0507465
0.0869351
0.0507457
0.204357
0.101735
0.123551
0.24329
0.250594
0.0773921
0.0930353
0.0744047
0.0620658
0.177128
0.12196
0.0796099
0.016261
0.162759
0.184659
0.0925419
0.242257
0.130467
0.158606
0.062012
0.11466
0.26019
0.125288
0.0571891
0.387604
0.113923
0.0717981
0.0662136
0.189974
0.147265
0.167936
0.0511014
0.138216
0.13666
0.0911412
0.0185778
0.0944306
0.232846
0.196634
0.120521
0.0992058
0.121458
0.107699
0.131956
0.0682889
0.031868
0.229875
0.367174
0.123604
0.103676
0.0189113
0.140068
0.0595687
0.0792508
0.157365
0.155041
0.03119
0.0630157
0.175483
0.0759152
0.0363545
0.362665
0.10432
0.103553
0.072882
0.0409923
0.0832423
0.00799555
0.224849
0.0816883
0.276647
0.0708798
0.0808276
0.110093
0.0302853
0.0441643
0.0576066
0.246847
0.0616734
0.0547227
0.0930583
0.113146
0.22764
0.15421
0.0497906
0.058665
0.155284
0.0404218
0.057331
0.047536
0.0349093
0.0330997
0.100844
0.0684359
0.105862
0.0858809
0.0330765
0.106426
0.109236
0.0652654
0.0773751
0.103251
0.106066
0.10304
0.0801852
0.110976
0.0839723
0.0781911
0.0540886
0.130382
0.161569
0.0446561
0.03821
0.126776
0.0234381
0.0299608
0.113648
0.0622851
0.0845391
0.0377448
0.0836298
0.0200468
0.199356
0.0782178
0.0271579
0.106446
0.121964
0.103871
0.0359135
0.0273632
0.0516293
0.109642
0.0769942
0.0372053
0.089394
0.0513298
0.127363
0.0465703
0.124798
0.079488
0.0257602
0.0423469
0.0420575
0.140713
0.0651277
0.234177
0.0551151
0.0566584
0.0557346
0.190588
0.104093
0.0246012
0.0984238
0.0413674
0.169418
0.179409
0.0449742
0.111488
0.0291152
0.0696798
0.0883323
0.0601118
0.0437602
0.0362862
0.144863
0.0407216
0.118532
0.0181382
0.0692893
0.0670416
0.0461581
0.177894
0.184098
0.0263743
0.116271
0.107159
0.114348
0.0968136
0.07749
0.0855098
0.106929
0.022613
0.0489972
0.0773404
0.0666118
0.155408
0.100836
0.0315697
0.089155
0.0762913
0.123603
0.0419097
0.0569027
0.0430367
0.0466509
0.0343489
0.0355748
0.121711
0.0423321
0.0961318
0.0308339
0.0356699
0.0753095
0.0409628
0.0102438
0.0580296
0.153094
0.157878
0.15529
0.10408
0.118601
0.0147718
0.0155277
0.0670702
0.144861
0.109737
0.228718
0.0287524
0.0732235
0.179286
0.0684122
0.06906
0.0597659
0.0372244
0.0336607
0.0516143
0.0594936
0.150281
0.0484057
0.0501813
0.0852419
0.113845
0.0978483
0.0243563
0.0612341
0.0466232
0.0511044
0.123248
0.0516922
0.0897617
0.0758578
0.0221595
0.0577533
0.0899708
0.179146
0.0178759
0.0675004
0.0385577
0.0393836
0.0708531
0.024501
0.0483936
0.0493047
0.134157
0.153937
0.0851206
0.0774249
0.109602
0.0723408
0.0878454
0.0630715
0.175314
0.0448847
0.0216632
0.0505063
0.118878
0.0498792
0.0809234
0.0562246
0.0680139
0.116113
0.0394385
0.0260853
0.0230156
0.068572
0.130504
0.141632
0.0433009
0.0591822
0.194997
0.0277606
0.0701213
0.0331341
0.223406
0.0457262
0.0304018
0.0905496
0.0253394
0.0615406
0.0620508
0.219139
0.247213
0.0478345
0.0580233
0.0242234
0.212566
0.0538627
0.226072
0.0744294
0.245562
0.0673079
0.0969937
0.190176
0.139622
0.145036
0.0453554
0.0271114
0.101861
0.0569358
0.105071
0.0183484
0.0988999
0.0792325
0.0453024
0.0827083
0.0266929
0.338919
0.21453
0.0244635
0.0959491
0.216003
0.0841689
0.0452365
0.0736655
0.0447645
0.282643
0.0320311
0.100519
0.437968
0.0486581
0.237614
0.0410316
0.173249
0.0858937
0.110111
0.0732431
0.284967
0.119908
0.076773
0.150841
0.210701
0.201333
0.113481
0.0733514
0.0838342
0.107185
0.098168
0.107555
0.231411
0.171196
0.0212523
0.0347077
0.245878
0.167561
0.078732
0.0909162
0.262474
0.0776508
0.0896785
0.0771599
0.286113
0.217068
0.0499911
0.124341
0.16987
0.244623
0.0602729
0.182921
0.0398924
0.189976
0.160498
0.113815
0.0602253
0.0925852
0.0701025
0.0142838
0.0650693
0.0201702
0.0803165
0.131396
0.174185
0.243193
0.0953532
0.0621593
0.371172
0.284209
0.0947388
0.0868213
0.0183873
0.0179723
0.0763358
0.0290135
0.00998968
0.0538089
0.0679522
0.107981
0.281766
0.116422
0.0661392
0.0163138
0.0774591
0.00907467
0.0395637
0.186798
0.133288
0.090542
0.0693662
0.0440526
0.190415
0.0941641
0.0205872
0.028296
0.0438478
0.281651
0.0276441
0.0917099
0.0852665
0.118782
0.153493
0.0441131
0.0872375
0.274595
0.0985158
0.0404469
0.0498311
0.0929269
0.181378
0.0941788
0.0990175
0.133241
0.140566
0.0672321
0.100374
0.24641
0.191433
0.0668911
0.039676
0.0431346
0.0306925
0.153848
0.0210006
0.121302
0.0800585
0.11532
0.1124
0.26471
0.0464508
0.0535437
0.0594186
0.0634488
0.186237
0.0659935
0.0295466
0.0328222
0.0971086
0.0900105
0.0727588
0.168084
0.0812696
0.428884
0.05974
0.12459
0.0607123
0.115792
0.0678062
0.0949013
0.0607988
0.377217
0.0527104
0.0274027
0.0393296
0.0727105
0.0778851
0.184435
0.0766884
0.0849992
0.0499117
0.125869
0.11265
0.0848824
0.103309
0.0491329
0.0610595
0.0203557
0.047843
0.153653
0.252848
0.131045
0.0598836
0.0300091
0.125893
0.0371828
0.0581735
0.0430102
0.122883
0.0559884
0.230468
0.0567424
0.0291577
0.0858072
0.257153
0.0335629
0.0695557
0.102045
0.0485654
0.0115597
0.0688558
0.119368
0.120809
0.0409615
0.218735
0.0800709
0.0612383
0.108891
0.0757354
0.0766015
0.0525271
0.0335207
0.171986
0.371905
0.119744
0.163419
0.0314458
0.0438948
0.168151
0.0474162
0.120109
0.0988074
0.016699
0.0857839
0.208098
0.0472128
0.105618
0.140244
0.111641
0.0310886
0.0408372
0.0812489
0.0972671
0.0457677
0.0905229
0.111241
0.147765
0.109203
0.0257054
0.0909188
0.0879262
0.10392
0.116656
0.0878556
0.0200706
0.0478891
0.0268346
0.111551
0.0581362
0.067336
0.0320237
0.0944806
0.0397502
0.116298
0.16607
0.0833562
0.0865978
0.0545601
0.0667786
0.0733627
0.0676395
0.0572291
0.179197
0.0510453
0.0510194
0.0492173
0.0141214
0.0703958
0.0404374
0.0309856
0.0240166
0.010836
0.0595074
0.0496545
0.0493791
0.0437253
0.0845215
0.067701
0.239114
0.09377
0.419905
0.0267819
0.0779145
0.104923
0.164173
0.0650516
0.147803
0.0655669
0.103398
0.348575
0.127296
0.237081
0.229861
0.143204
0.0592048
0.0181811
0.0919754
0.113223
0.11137
0.133174
0.230928
0.191698
0.0946293
0.307878
0.11383
0.0972762
0.0821042
0.11535
0.0395665
0.234361
0.0548365
0.0331211
0.122439
0.111488
0.0679474
0.0984395
0.263622
0.0837706
0.0742475
0.124227
0.0173697
0.344129
0.0504078
0.0245919
0.150092
0.0245564
0.185202
0.0661458
0.0318928
0.180532
0.0522999
0.111312
0.157873
0.0515222
0.03083
0.200079
0.0824025
0.146473
0.0431231
0.272273
0.0392674
0.0628648
0.126419
0.0675593
0.090593
0.0354272
0.218072
0.0615766
0.167573
0.150648
0.0401918
0.082374
0.174931
0.140783
0.0874375
0.11702
0.0195334
0.035944
0.143491
0.0501066
0.147389
0.0416603
0.358628
0.0486222
0.111424
0.0759916
0.00844374
0.0784612
0.205724
0.0889565
0.194842
0.047186
0.0779317
0.115415
0.0449354
0.0465474
0.218275
0.0770154
0.272299
0.0696317
0.065068
0.0603534
0.100061
0.0535205
0.021105
0.100082
0.16519
0.0365393
0.0871061
0.0555318
0.254978
0.0298401
0.302627
0.0225408
0.0215882
0.0670302
0.0787866
0.0411623
0.0511426
0.0261524
0.202312
0.0168512
0.0510346
0.0537644
0.0699703
0.262259
0.138034
0.0465508
0.0309303
0.0852221
0.0548364
0.0437725
0.182482
0.0413294
0.0380404
0.0468419
0.115737
0.0646236
0.0707302
0.286157
0.0493325
0.0927194
0.201738
0.0562698
0.0805532
0.0768113
0.0569865
0.0199267
0.0543485
0.0778736
0.105248
0.120272
0.0635582
0.0843982
0.0317201
0.121695
0.0545538
0.0332719
0.241524
0.162293
0.082051
0.0233466
0.159275
0.0804164
0.114242
0.262351
0.0914962
0.0740309
0.191207
0.0222279
0.0781642
0.131453
0.0571049
0.0304477
0.218922
0.0901415
0.0663558
0.117616
0.106445
0.227727
0.0675406
0.112044
0.0549167
0.0215979
0.0718571
0.0981483
0.247339
0.0944544
0.222016
0.067042
0.229356
0.0394579
0.0974922
0.141865
0.198967
0.0754473
0.0888991
0.0417577
0.129278
0.0263098
0.239798
0.0907698
0.0769738
0.0683719
0.138248
0.0889073
0.217515
0.0555433
0.0469454
0.0358484
0.0552278
0.111276
0.0742314
0.116752
0.11603
0.275989
0.0457624
0.0484842
0.0249961
0.0602964
0.15005
0.194144
0.219546
0.0345221
0.0218066
0.0823727
0.185068
0.0795017
0.0763397
0.11702
0.0529293
0.150035
0.24289
0.0601423
0.0741436
0.0664867
0.204645
0.063459
0.066314
0.0854464
0.138112
0.115536
0.0139883
0.147934
0.0266281
0.143879
0.156848
0.10734
0.0137682
0.0384848
0.182026
0.0799511
0.0620339
0.0274193
0.0812642
0.079251
0.0436127
0.25887
0.0249901
0.0957176
0.0243347
0.0286951
0.0399126
0.0396826
0.0312055
0.0367052
0.0421076
0.0700883
0.0968298
0.224969
0.17493
0.133273
0.138642
0.0545418
0.198748
0.0628958
0.161496
0.0763624
0.0457511
0.111505
0.140255
0.0657275
0.0735046
0.0973086
0.0829024
0.0486245
0.116959
0.0854603
0.174377
0.0751137
0.0283769
0.0223343
0.0304858
0.0215299
0.0453911
0.0684333
0.0777691
0.0826958
0.205404
0.103129
0.108325
0.0768162
0.212256
0.133196
0.124997
0.0449363
0.0328178
0.0146685
0.0793986
0.0677631
0.181642
0.15733
0.153043
0.0693531
0.0910626
0.0304413
0.0537625
0.175335
0.056737
0.0689324
0.102101
0.0842725
0.357564
0.0831348
0.134265
0.163331
0.175478
0.170819
0.0882668
0.0818639
0.0233067
0.0735978
0.0515883
0.0550263
0.0315592
0.136939
0.0643137
0.0970268
0.0597237
0.0345758
0.086854
0.0497988
0.07021
0.0393748
0.05646
0.116049
0.049262
0.0309779
0.0401275
0.0598731
0.161176
0.0379697
0.13812
0.0569025
0.128724
0.146402
0.125825
0.0621068
0.11083
0.0153334
0.180977
0.0190639
0.0989595
0.155247
0.0812551
0.0495578
0.0305273
0.0744104
0.130668
0.117426
0.0522899
0.102909
0.0310515
0.0471246
0.0403602
0.0472044
0.0559228
0.0331002
0.0433976
0.0746173
0.108527
0.0479986
0.0334681
0.0685772
0.0455742
0.0498691
0.0687265
0.176423
0.0354624
0.0817986
0.0606886
0.0813576
0.107342
0.407306
0.196425
0.0288239
0.0603876
0.185955
0.158447
0.149225
0.282251
0.0763237
0.0598733
0.0693186
0.184529
0.0970919
0.0678067
0.0349939
0.0189165
0.0886197
0.319641
0.195773
0.170936
0.224634
0.0844814
0.557905
0.0765178
0.17323
0.0189399
0.187229
0.0233446
0.109698
0.200439
0.0618581
0.120564
0.169264
0.11208
0.363834
0.0720414
0.162938
0.43511
0.040515
0.122282
0.073172
0.0579158
0.0898598
0.0551836
0.0332493
0.10194
0.0284264
0.388588
0.287793
0.12216
0.0489144
0.0676234
0.0661278
0.0811333
0.148868
0.320348
0.105686
0.0598108
0.121346
0.0791806
0.14853
0.178866
0.339753
0.332103
0.235534
0.0152643
0.0691032
0.0317239
0.343713
0.0460452
0.0986247
0.0549345
0.207542
0.320562
0.197386
0.0495286
0.0705488
0.10679
0.117247
0.246382
0.167029
0.255619
0.321718
0.0269083
0.12621
0.0455853
0.0516494
0.112351
0.0546658
0.172204
0.0170843
0.134927
0.210063
0.0229661
0.0165418
0.0697759
0.121254
0.0892072
0.172262
0.521571
0.137546
0.0386728
0.269993
0.186696
0.0589646
0.067488
0.318256
0.150132
0.21442
0.241527
0.0660323
0.0540268
0.376092
0.0108094
0.312076
0.0744993
0.296614
0.145167
0.0455314
0.154677
0.206544
0.318092
0.0870745
0.294244
0.0311101
0.224034
0.0647045
0.278224
0.0422469
0.14979
0.109212
0.099767
0.0528021
0.0313732
0.341343
0.201982
0.071304
0.0386913
0.139626
0.0661287
0.0524762
0.131046
0.206567
0.137934
0.0488234
0.166792
0.140815
0.137772
0.159094
0.0421411
0.218113
0.267694
0.0700596
0.0614364
0.271203
0.0785524
0.0429975
0.351042
0.0558873
0.0463471
0.213212
0.0701332
0.144266
0.0965003
0.0732723
0.204309
0.109231
0.28824
0.0894144
0.0369423
0.165277
0.07955
0.0868076
0.0428657
0.0673692
0.219967
0.183438
0.0706258
0.168028
0.203255
0.157323
0.0740119
0.311501
0.161245
0.0646849
0.0354738
0.0450476
0.0798645
0.0459363
0.192868
0.232494
0.227751
0.0312139
0.0933373
0.0542239
0.209822
0.100096
0.109712
0.229445
0.0862289
0.102455
0.0495828
0.0855473
0.198001
0.182197
0.329648
0.0125561
0.112916
0.0886418
0.115152
0.135652
0.0445912
0.110842
0.0726039
0.200382
0.20002
0.166368
0.293936
0.0120319
0.315201
0.242533
0.180051
0.154323
0.262951
0.500995
0.224327
0.356019
0.0930414
0.0321761
0.246128
0.162622
0.0278936
0.0655095
0.106861
0.0589206
0.0900952
0.41284
0.0982569
0.126003
0.359495
0.194393
0.0723543
0.0963436
0.265915
0.0146795
0.102536
0.163545
0.357752
0.191238
0.0244251
0.0375784
0.0923331
0.16065
0.0901336
0.134035
0.0620052
0.0732449
0.210577
0.202965
0.036819
0.0945753
0.303213
0.097193
0.0802782
0.128439
0.0402344
0.0199935
0.140175
0.257962
0.205667
0.0892778
0.192027
0.0767046
0.0367309
0.104207
0.167087
0.019673
0.0719042
0.285737
0.0537933
0.0731875
0.154506
0.0468649
0.558155
0.032099
0.181965
0.0801018
0.16314
0.295479
0.398818
0.426171
0.0963979
0.244305
0.13339
0.229838
0.130643
0.270586
0.113582
0.0567046
0.428493
0.229472
0.268172
0.108167
0.0348148
0.129442
0.038099
0.379317
0.274322
0.199921
0.0076628
0.131648
0.0738056
0.0290987
0.0733411
0.198639
0.0853134
0.0690967
0.148737
0.26689
0.0828623
0.16334
0.198681
0.0932645
0.066685
0.0408913
0.123885
0.137301
0.0218936
0.065831
0.0145151
0.139584
0.12002
0.089546
0.076486
0.144197
0.0782009
0.133318
0.0991139
0.153507
0.117443
0.218887
0.0286377
0.0572051
0.199075
0.290393
0.0883141
0.0954661
0.0322092
0.0971494
0.0525337
0.127598
0.0264609
0.214038
0.0237858
0.0640156
0.235738
0.084097
0.0885835
0.0264575
0.111838
0.0713955
0.0787741
0.137971
0.306698
0.0117713
0.159977
0.0333399
0.101749
0.0192251
0.0353055
0.0394015
0.0680388
0.0368776
0.0827842
0.281725
0.0949057
0.0890271
0.0513792
0.0617104
0.173305
0.0364889
0.115721
0.0289259
0.082683
0.0172069
0.244945
0.0457925
0.0180447
0.044422
0.247375
0.0943717
0.0775585
0.0884095
0.16054
0.0870044
0.0686915
0.0650096
0.0516112
0.0900672
0.26364
0.120665
0.13142
0.0406897
0.0757502
0.455692
0.0334873
0.289403
0.116797
0.0458127
0.107243
0.162093
0.0507643
0.26157
0.0311807
0.225557
0.0730317
0.0786843
0.0880956
0.263714
0.180017
0.453958
0.072882
0.133237
0.049165
0.136322
0.0872976
0.186101
0.0287917
0.0483422
0.0713474
0.073762
0.0493913
0.037232
0.0566417
0.121333
0.0520204
0.0862337
0.247258
0.0676073
0.319065
0.038934
0.0688406
0.117213
0.0819333
0.150428
0.0845292
0.155446
0.0102551
0.283556
0.129277
0.238448
0.0698464
0.164321
0.0827787
0.0177892
0.0781825
0.169531
0.0899837
0.047601
0.115505
0.253438
0.146185
0.0896544
0.122715
0.0218637
0.0821114
0.0941309
0.0545154
0.12113
0.0519419
0.112214
0.0449054
0.0406401
0.0894301
0.0970895
0.0293019
0.0621382
0.0828539
0.0218554
0.139062
0.0515705
0.0767079
0.114009
0.0579598
0.0426858
0.158906
0.0751828
0.126787
0.0676823
0.0757917
0.104281
0.169873
0.25753
0.110814
0.242039
0.123551
0.158452
0.0403938
0.378415
0.427786
0.335043
0.0616471
0.160621
0.0678814
0.430153
0.0714479
0.295963
0.0719708
0.0642633
0.0558762
0.0637527
0.197337
0.0847001
0.0922783
0.073966
0.0782987
0.0915893
0.0400675
0.0904416
0.0357782
0.0518815
0.300639
0.00819541
0.112871
0.0376485
0.0584676
0.0735275
0.0469484
0.179772
0.258981
0.0609887
0.0596921
0.183931
0.0733216
0.101589
0.0207819
0.046183
0.023344
0.0337538
0.0224653
0.0811934
0.0919009
0.224116
0.151114
0.0546828
0.155613
0.052844
0.128391
0.188182
0.0563614
0.110416
0.20394
0.255049
0.161988
0.0439369
0.0706566
0.173119
0.161203
0.161206
0.110351
0.118818
0.0426528
0.0293687
0.0117154
0.117277
0.093157
0.110387
0.0802657
0.0829626
0.0512369
0.0469915
0.252712
0.13264
0.294026
0.0664486
0.120932
0.104235
0.382709
0.0305047
0.278581
0.199322
0.0204152
0.105357
0.0582302
0.0626255
0.113645
0.236257
0.352717
0.0109201
0.18259
0.108697
0.0238936
0.18349
0.204279
0.0514417
0.0278816
0.152653
0.234369
0.0469013
0.0562071
0.176437
0.0467451
0.0692277
0.302295
0.0930068
0.0512038
0.0886973
0.372355
0.552967
0.165381
0.0443776
0.341279
0.0525038
0.0448814
0.442429
0.270051
0.0979904
0.228137
0.0416974
0.306297
0.171097
0.0163808
0.166543
0.103317
0.111911
0.121343
0.141138
0.0744576
0.333333
0.0707505
0.199101
0.124409
0.0993637
0.122999
0.125736
0.168518
0.0365848
0.0632293
0.113385
0.200579
0.0890598
0.687643
0.105966
0.445401
0.0916187
0.0075868
0.317525
0.261092
0.305908
0.0421436
0.0868746
0.0353057
0.0880862
0.415624
0.155532
0.083541
0.198017
0.137025
0.031313
0.0268875
0.094601
0.032071
0.0422876
0.034033
0.0315523
0.0711047
0.0844988
0.117759
0.0139318
0.13695
0.179584
0.0888997
0.118708
0.128363
0.105759
0.0570757
0.0539735
0.22565
0.263133
0.068153
0.269322
0.134142
0.151359
0.448047
0.160573
0.108939
0.119932
0.473292
0.0303746
0.0357517
0.2814
0.183611
0.0879422
0.158237
0.189717
0.250407
0.0550791
0.0535489
0.264675
0.201165
0.0626326
0.112032
0.145952
0.0824525
0.0316826
0.19565
0.0491427
0.053356
0.0469339
0.0694142
0.0340554
0.0645846
0.0883828
0.156151
0.255145
0.0453292
0.085962
0.0910119
0.326545
0.0593062
0.0732166
0.0862921
0.221186
0.126816
0.0626145
0.0790118
0.0958227
0.330421
0.156972
0.109768
0.0333037
0.00799446
0.0925466
0.039851
0.265923
0.0315909
0.108643
0.0807072
0.132343
0.0568048
0.0862243
0.08392
0.0373503
0.176201
0.155166
0.141755
0.0374264
0.139873
0.143111
0.0320516
0.0716772
0.316042
0.311889
0.239257
0.107025
0.127633
0.0947826
0.0436064
0.303282
0.058455
0.0175948
0.0430871
0.0482241
0.259362
0.064588
0.148792
0.0482373
0.160966
0.015806
0.1209
0.120278
0.115676
0.11076
0.151142
0.0521049
0.0482529
0.0413014
0.0993672
0.169734
0.0388016
0.037586
0.313498
0.0328793
0.11125
0.381405
0.196935
0.0483103
0.047922
0.0884156
0.125612
0.215131
0.0353188
0.112391
0.044858
0.145129
0.338036
0.0976551
0.294437
0.177785
0.0397827
0.0227997
0.146347
0.0619242
0.0417708
0.0696466
0.0756375
0.0357972
0.0901456
0.0646394
0.0470926
0.0660101
0.0924702
0.169807
0.0285726
0.320072
0.0799546
0.0235838
0.0844172
0.104738
0.149465
0.0763739
0.0582188
0.186216
0.0799991
0.111988
0.0531274
0.0227867
0.149235
0.0765343
0.0630404
0.0892601
0.0394286
0.063323
0.124442
0.0730102
0.197059
0.0547698
0.270524
0.0330389
0.0518241
0.129413
0.0463584
0.0528248
0.0286508
0.0195367
0.072714
0.196378
0.166759
0.123121
0.0977962
0.0322722
0.0709398
0.0424377
0.084161
0.0764567
0.150666
0.10317
0.0477195
0.0769293
0.0656628
0.0721993
0.0496054
0.169957
0.132148
0.0514057
0.0493769
0.112873
0.0517028
0.285811
0.0232971
0.211926
0.0939581
0.0700773
0.154913
0.0691578
0.0809982
0.080611
0.157208
0.0396375
0.122776
0.0912005
0.0487278
0.0405276
0.0745102
0.0760948
0.0970741
0.050184
0.0397706
0.113256
0.106769
0.106885
0.0994248
0.138433
0.0722995
0.209804
0.196305
0.0621042
0.0809485
0.0510959
0.18138
0.0581017
0.0492099
0.0393837
0.116731
0.0358723
0.252103
0.084406
0.116898
0.10064
0.193048
0.143141
0.0744401
0.0934393
0.0499268
0.0982885
0.124515
0.0602899
0.0182147
0.0433057
0.0454838
0.0269336
0.0680968
0.109273
0.0894572
0.0797383
0.17448
0.143279
0.0682182
0.0521554
0.0224225
0.095651
0.0750841
0.155503
0.029199
0.107212
0.0182323
0.0472407
0.0525188
0.13409
0.0586057
0.0425461
0.0845478
0.0296651
0.13476
0.091734
0.112637
0.0145575
0.0359325
0.128926
0.0725745
0.085081
0.22702
0.0637381
0.072615
0.0700762
0.141939
0.0511313
0.0229371
0.0705006
0.122118
0.0793303
0.11766
0.0742889
0.0412821
0.0564635
0.0702214
0.0327297
0.0514985
0.0312848
0.0989348
0.0436093
0.0493657
0.0987122
0.0663352
0.0203015
0.0486427
0.024879
0.0260704
0.0953896
0.0805684
0.0749903
0.0579137
0.0893086
0.064509
0.0511547
0.0955762
0.100887
0.104946
0.248765
0.116822
0.0371795
0.253235
0.0761329
0.26265
0.182004
0.0759316
0.0655157
0.286227
0.0468893
0.0740852
0.0977078
0.0556502
0.316327
0.161805
0.12367
0.398036
0.0693352
0.0248693
0.194426
0.108636
0.0526581
0.0426499
0.0909317
0.0365554
0.325365
0.150123
0.0483548
0.0473038
0.0638863
0.119558
0.140786
0.0455349
0.0549007
0.0396148
0.0424851
0.145085
0.0582532
0.11742
0.0592003
0.01106
0.176411
0.218873
0.0835458
0.153961
0.0498341
0.180734
0.0903185
0.113371
0.219642
0.119063
0.014593
0.0360522
0.628591
0.138745
0.253875
0.15248
0.121893
0.0462484
0.069867
0.250547
0.128328
0.131643
0.0818238
0.171899
0.0295644
0.00971781
0.185106
0.145417
0.228675
0.0450885
0.161555
0.0504164
0.162755
0.0148357
0.04803
0.030028
0.0568001
0.0402773
0.0702565
0.025982
0.102208
0.137559
0.101064
0.212668
0.0870293
0.0756441
0.0337064
0.0623822
0.0375538
0.0760432
0.0341793
0.0641402
0.0548272
0.147858
0.0931041
0.153648
0.0329371
0.144895
0.242432
0.0204131
0.187225
0.140082
0.0530146
0.0252308
0.204518
0.262406
0.0637784
0.0715496
0.124907
0.0990393
0.0146375
0.122804
0.0209006
0.0787284
0.0830438
0.0220648
0.0345864
0.0371671
0.42352
0.309229
0.0813667
0.251686
0.124094
0.121687
0.204587
0.192731
0.145157
0.0516575
0.357026
0.140013
0.0485047
0.00989263
0.187019
0.0683024
0.285101
0.0946068
0.138736
0.121074
0.0304233
0.0727118
0.0336793
0.0430667
0.114304
0.0226569
0.0590972
0.0771052
0.0161811
0.208846
0.258341
0.105164
0.126004
0.125283
0.0283933
0.119636
0.0673439
0.0488812
0.13205
0.0373488
0.0849392
0.0661485
0.0317921
0.0622963
0.0254311
0.105176
0.0352368
0.0697566
0.0559148
0.161868
0.348997
0.0559642
0.0496028
0.0341568
0.139367
0.0787012
0.108287
0.231105
0.162942
0.345674
0.08825
0.0125575
0.082699
0.0415895
0.0695639
0.0126496
0.0258201
0.199959
0.201375
0.128616
0.0851904
0.0864108
0.286583
0.13738
0.145944
0.181266
0.0976804
0.0582499
0.0583001
0.0554844
0.0534425
0.0515917
0.0706691
0.132012
0.296705
0.0147795
0.205542
0.0446381
0.0387776
0.119769
0.121575
0.0549153
0.135083
0.0784334
0.049886
0.217171
0.0453188
0.284872
0.0491029
0.0359515
0.0676626
0.857253
0.117974
0.0170863
0.112851
0.0833085
0.154431
0.114929
0.300183
0.267708
0.0631268
0.347792
0.129644
0.0568388
0.209331
0.1742
0.125916
0.0698777
0.0258067
0.0906408
0.054975
0.0666675
0.227129
0.0874695
0.0448552
0.199526
0.0354216
0.277078
0.204725
0.0607351
0.0670439
0.291511
0.112225
0.107764
0.346151
0.0610129
0.0992567
0.132429
0.256535
0.185869
0.24309
0.0307741
0.150219
0.0656897
0.0537439
0.293502
0.115023
0.0456814
0.0411692
0.100593
0.068866
0.0493848
0.115988
0.167569
0.0462359
0.0549187
0.321242
0.216379
0.284482
0.181661
0.392687
0.0949015
0.339118
0.210908
0.293952
0.0608336
0.298248
0.0954602
0.19263
0.118936
0.102924
0.187594
0.246705
0.0981974
0.0488529
0.0261575
0.0747339
0.0782779
0.196993
0.121943
0.0962907
0.140842
0.252675
0.0549081
0.0372649
0.229498
0.22295
0.0192848
0.189866
0.182566
0.149299
0.0850475
0.17304
0.0825886
0.308238
0.307224
0.0611907
0.0208992
0.274775
0.209536
0.150336
0.0743709
0.100153
0.0473106
0.0937413
0.118915
0.0308959
0.105365
0.034052
0.128616
0.215453
0.0617321
0.110569
0.141129
0.0889896
0.117372
0.0643817
0.108156
0.0616745
0.152228
0.322
0.0716966
0.106653
0.104907
0.11555
0.0248918
0.141273
0.274745
0.378708
0.0504654
0.0948253
0.0286278
0.0892004
0.160467
0.287782
0.0964386
0.0301398
0.0637131
0.0306212
0.0693082
0.0776532
0.0550829
0.123513
0.190252
0.156064
0.281994
0.0483805
0.0606298
0.0626481
0.167335
0.138811
0.288778
0.0481602
0.366617
0.176884
0.189994
0.167357
0.0910285
0.11909
0.202277
0.117643
0.061277
0.252011
0.0474749
0.0521989
0.244513
0.0369518
0.314993
0.179502
0.169269
0.125119
0.0820535
0.235358
0.0530904
0.0755374
0.0796602
0.0351926
0.108645
0.0914591
0.0697733
0.0677771
0.0813931
0.00984526
0.224199
0.133955
0.017859
0.0955041
0.0718175
0.174752
0.0848192
0.14427
0.264011
0.262926
0.105176
0.194464
0.170028
0.0897447
0.0410035
0.139861
0.112773
0.0329785
0.13262
0.0491823
0.242927
0.0571509
0.135554
0.0533079
0.058583
0.0511208
0.0128031
0.160327
0.390573
0.185018
0.153964
0.107256
0.168404
0.0267643
0.13342
0.0425719
0.0594712
0.0888046
0.0485133
0.267043
0.11362
0.0307546
0.0629922
0.21545
0.0745627
0.0617125
0.126706
0.214328
0.0488721
0.132596
0.071308
0.0563167
0.0496426
0.294643
0.526945
0.276918
0.0983017
0.178808
0.060416
0.362117
0.0604499
0.0732533
0.0953807
0.109858
0.235596
0.128938
0.0264009
0.063742
0.155486
0.0634825
0.152654
0.110647
0.0306721
0.133472
0.0735693
0.154374
0.0482153
0.105085
0.0503956
0.0465678
0.0149711
0.0500332
0.337598
0.13239
0.10297
0.0233003
0.0485706
0.139813
0.175125
0.220662
0.0419336
0.112936
0.0330089
0.0484091
0.151158
0.0567039
0.0549073
0.0929528
0.0864988
0.152071
0.103621
0.126371
0.0376677
0.176684
0.234534
0.0438324
0.126463
0.049336
0.0247345
0.137938
0.118843
0.0683466
0.0477939
0.206131
0.0422719
0.0572753
0.0567591
0.0601426
0.343365
0.12104
0.135348
0.0399859
0.109006
0.154104
0.137504
0.0907903
0.050727
0.197974
0.0750434
0.0742306
0.10077
0.102479
0.0800891
0.032467
0.0688944
0.0946265
0.0774557
0.0245344
0.136198
0.0360994
0.0251282
0.13883
0.076423
0.101189
0.0805215
0.0597494
0.146042
0.0538353
0.163202
0.0948312
0.0793223
0.0669147
0.113083
0.0424209
0.0853826
0.127544
0.0288642
0.0535943
0.086555
0.0100012
0.201325
0.117386
0.142132
0.0589836
0.259044
0.0943495
0.0388108
0.181489
0.0100763
0.10157
0.17449
0.0706885
0.0459975
0.292972
0.111028
0.0218363
0.204469
0.0132406
0.261916
0.255792
0.0856621
0.0944954
0.0670331
0.0477754
0.189907
0.111121
0.0560156
0.129939
0.356735
0.0955964
0.0787606
0.157747
0.0289723
0.0102076
0.200795
0.0853368
0.0796434
0.0151369
0.209531
0.199057
0.133431
0.0726623
0.0760806
0.102082
0.318599
0.0449476
0.0468648
0.0287661
0.0649593
0.250448
0.0270688
0.24258
0.169674
0.0868747
0.129445
0.0642413
0.0887481
0.128219
0.165297
0.242997
0.00309118
0.0858499
0.238234
0.0783909
0.156919
0.0233412
0.0834012
0.110447
0.0140908
0.0710978
0.0791671
0.230455
