0.00225041
0.00734317
0.000147641
0.348286
0.173735
0.0101717
0.00578493
0.294742
0.0205666
0.010321
0.0502649
0.000378739
0.00152682
0.0011236
0.754471
0.00183285
0.396655
0.648249
0.00102074
0.0106889
0.0120324
0.00026023
0.00908089
0.756967
0.00155474
0.00425332
0.000849519
0.0405199
0.721778
0.778949
0.00408581
0.00144003
0.00184401
0.00117831
0.590239
0.385768
0.0082424
0.00183389
0.0067473
0.0241142
0.000706855
0.00788334
0.0104622
0.00928882
0.517311
0.00212659
0.0108163
0.00333648
0.0156463
0.00642016
0.017273
0.0392934
0.00671526
0.0116425
0.00745247
0.731552
0.00653163
0.00208755
0.00419695
0.00272719
0.0932165
0.001671
0.00420617
0.018479
0.00433376
0.00931766
0.00555817
0.00280924
0.649295
0.730388
0.00303191
0.00500006
0.00165776
0.000234347
0.630941
0.000478141
0.00721889
0.00385901
0.00186975
7.77418e-05
0.580556
0.00191941
3.44148e-05
0.611291
0.0183831
0.00341541
0.00806226
0.000545854
0.00700545
0.0070747
0.0049972
0.00483029
0.00282497
0.012077
0.00444463
0.00158678
0.79579
0.00248746
0.740014
0.00152761
0.00109643
0.00206184
0.000779887
0.00444811
0.0333931
0.0194766
0.00179051
0.758725
0.00120977
0.00359215
0.00419054
0.00724711
0.00446029
0.0111024
0.0102798
0.000369478
0.00290862
0.0735431
0.643488
0.000736942
0.00330286
0.000167035
0.651201
0.00751564
0.691079
0.00649162
0.00249478
0.0002643
0.000158745
0.00446196
0.00262618
0.0032922
0.00379937
0.0122079
0.00218992
0.00653743
0.0192451
0.764924
0.00461693
0.00908082
0.00623362
0.586339
0.000918274
0.00950297
0.0193625
0.52154
0.00296436
0.0211092
0.543197
0.0126781
0.0229728
0.0225984
0.312207
0.00351694
0.00165694
0.0207526
0.00329359
0.00119229
0.651813
0.00487477
0.000238696
0.0071012
0.00667661
0.00195419
0.313469
0.0107154
0.00889576
0.00629057
0.00384628
0.00320192
0.0035086
0.00495662
0.069359
0.00228702
0.00313351
0.669038
0.00164911
0.0112343
0.00279676
0.0130866
0.003792
0.000852142
0.239644
0.00361535
0.00590027
0.00760135
0.484869
0.00244667
0.000852741
0.00592334
0.00369037
0.0109972
0.00269827
0.00528912
0.0151433
0.0027686
0.000592197
0.00191443
0.00346191
0.00834711
0.0055989
0.00143803
0.000588317
0.0107498
0.00550397
0.0107542
0.00825476
0.000852481
0.00247707
0.0047002
0.00118145
0.000561688
0.765578
0.000754753
0.00446305
0.592316
0.00700903
0.000412761
0.00371988
0.729996
0.622358
0.0107688
0.00687367
0.00334706
0.00765567
0.00580181
0.0151323
0.0504404
2.58436e-05
0.0184382
0.552374
0.611311
0.0184193
0.00517584
0.0388781
0.00421839
0.0469087
0.173472
0.00196238
0.00122328
0.00473158
0.00161355
0.00180735
0.782438
0.00131595
0.679906
0.00446547
0.00155399
0.00309384
0.00512834
0.000216478
0.0124169
0.00702361
0.647171
0.00936927
0.00569124
0.00335692
0.014178
0.0035308
0.00791623
0.00596401
0.00197843
0.00316276
0.0159406
0.000582426
0.00164495
0.00277431
0.0136782
0.000525858
0.723218
0.00285115
0.00321657
0.00899089
0.00444768
0.0123666
0.00381659
0.00542951
0.00738431
0.00348168
0.00486296
0.00566269
0.0164056
0.0345506
0.579999
0.0043282
0.00140667
0.00481302
0.000409938
0.00277969
0.001284
0.449283
0.00635466
0.00536107
0.430166
0.6368
0.00379226
0.694924
0.00227522
0.00456199
0.00037355
0.0023195
0.0241624
0.373603
0.00111598
0.509662
0.0560627
0.777455
0.0181036
0.000972055
0.00733988
0.0164562
0.000402204
0.00251369
0.00598145
0.000311115
0.00198587
0.00323139
0.0151254
0.00133588
0.0034163
0.506895
0.0191881
0.65131
0.669262
0.00149163
0.605059
0.00045255
0.0036375
0.00193213
0.00173406
0.00141677
0.00476885
0.0303776
0.000383572
0.000592301
0.00422232
0.39806
0.00444671
7.51726e-05
5.30287e-05
0.00549862
0.000137932
0.000843355
0.000776563
0.00926975
0.00383787
0.000190867
0.00273365
0.0027768
0.00192985
0.004543
0.000321541
0.541295
0.000466837
0.0131869
0.00267605
0.0115637
0.501576
0.332786
0.00183369
0.00290167
7.74702e-05
0.0013402
0.00294968
0.636469
0.577177
0.00151947
0.00105092
0.0466083
0.0801692
0.000295504
0.0176088
0.00372857
0.00238497
0.00343777
0.0273734
0.00768349
0.752854
0.00468325
0.00501416
0.00228203
0.00496338
0.0268608
0.00258175
0.00321244
0.0022446
0.00157293
0.00151789
0.568489
0.00243308
0.00326519
0.00271811
0.0035806
0.0298785
0.00383131
0.00156011
0.0187083
0.00183638
0.00104675
0.630052
0.00149595
0.000352579
0.00356563
0.721883
0.516058
3.77171e-05
0.000947758
0.00160249
0.00208953
0.00284258
0.00220349
0.00659535
0.606161
0.00101324
0.0101283
0.00781094
0.00219473
0.0126026
0.00116136
0.00225673
0.0317102
0.0471166
0.0058114
0.0359318
0.0199403
0.693255
0.00511376
0.00714259
0.00143653
0.0401077
0.00120329
0.00409098
0.401219
0.00498728
0.023434
0.00895441
0.0427202
0.00329975
0.0015475
0.00228585
0.0500152
0.0435093
0.00187406
0.00197104
0.00126978
0.00595482
0.00527249
0.0197145
0.711975
0.00553069
0.00673664
0.0103263
0.00140687
0.5222
0.0016431
0.0106108
0.0390907
0.00606576
0.00737836
0.00321217
1.59536
0.00219786
0.00272389
0.0181962
0.00410224
0.566066
0.729134
0.00393248
0.000265975
1.59916
0.00734952
0.000526577
0.00562578
0.523185
0.00313587
0.00485694
0.00934005
0.00444991
0.00321853
0.00182824
0.00119197
0.00564498
1.90515e-05
0.0182386
0.00860225
0.0059117
0.00740688
0.00206203
0.00143891
0.00269792
0.00138121
0.0192293
0.00589997
0.00193853
0.00928049
0.000196005
0.00073901
0.0120589
0.0015329
0.00250141
0.00317127
0.000305783
0.00420512
0.0133098
0.0336312
0.0143264
0.0085621
0.00423861
0.00767567
9.90404e-05
0.00332556
0.00423502
0.006172
0.005664
0.00377167
0.0136485
0.712261
0.00746783
0.00113491
0.00909628
0.0417524
0.00369
0.000956496
0.00248005
0.0210235
0.00157011
0.00438763
0.00379752
0.00520974
0.00688339
0.0090236
0.00379179
0.00318789
0.00504135
0.000696713
0.0165156
0.00718931
0.00265234
0.00140851
0.0320463
0.00278772
0.00793115
0.00507711
0.00599111
0.0138129
0.000968611
0.0161881
0.00393411
0.00170058
0.0064753
0.00957135
0.777318
0.686763
0.316779
0.00413344
0.00158609
0.0110439
0.0482048
0.499659
0.777445
0.00243476
0.0101849
0.000774886
0.00520594
0.501432
0.415984
0.000609841
0.00457656
0.00221606
0.000794196
0.0223204
0.00089882
0.00905025
0.00271921
0.0202694
0.0126995
0.638438
0.00240706
0.00319485
0.0138788
0.596863
0.463864
0.0244741
0.00469979
0.00211225
0.0027021
0.00404823
0.00917067
0.00285187
0.00403223
0.00434763
0.00350802
0.00358277
0.0276135
0.00441684
0.0547938
0.00247829
0.0380551
0.00311004
0.00555541
0.0110055
0.00529811
0.00399303
0.00183875
0.000970225
0.00242042
0.00302098
0.784601
0.53265
0.00435524
0.000105775
0.00724476
0.00316279
0.00145074
0.0187215
0.00388999
0.00782419
0.0118823
0.0081535
0.0162926
0.00451236
0.00452603
0.0642426
0.00175218
0.00428718
0.780704
0.00236978
0.00192646
0.00196449
0.00570077
0.00413102
0.000674617
0.00302663
0.00202345
0.00993689
0.00131357
0.00158027
0.000804857
0.00502488
0.607401
0.00217891
0.0907081
0.00692192
0.763471
0.00189113
0.0143086
0.031614
0.660667
0.00269974
0.00720516
0.000140385
0.00678606
0.00925991
0.00175455
0.000704143
0.00444641
0.00493933
0.000278373
0.00193104
0.000348384
0.0023767
0.000922579
0.0271984
0.00098234
0.046641
0.943578
0.00508899
0.0024436
0.00110032
0.00199955
0.0152995
0.00668713
0.0101565
0.00216616
0.00204811
0.00420886
0.000177062
0.000175144
0.00260842
0.63636
0.0106405
0.697309
0.00959727
0.0029579
0.00568065
0.0332174
0.00044093
0.00258858
0.00195814
0.000133466
0.00493865
0.00326232
0.0292183
0.00365832
0.0103569
0.00033845
0.00201716
0.727052
0.00801301
0.00318534
0.0259062
0.00541282
0.00394647
0.000133401
0.00379708
0.00332503
0.00764065
0.00259129
0.00517117
0.00899564
0.00110876
0.00115133
0.695273
0.00292059
0.00655702
0.0153408
0.00225771
0.00531195
0.00493653
0.007533
4.34478e-05
0.00546976
0.00421006
0.0159853
0.00427535
0.0244506
0.00365672
0.0531575
0.00110382
0.00014977
0.786398
0.00118617
0.00225623
0.715416
0.00341904
0.0129266
0.0231132
0.00484197
0.0208335
0.00364698
0.00416414
0.000282543
0.00677324
0.00087421
0.0022882
0.0115668
0.00570976
0.00176015
0.0407114
0.00301796
0.00291375
0.00481058
0.000566012
0.00083159
0.0280483
0.0123117
0.662181
0.00319217
0.0112945
0.00147971
0.0174659
0.786569
0.00025767
0.00657418
0.00175123
0.608647
0.0171681
0.000675739
0.00855789
0.00697741
0.00265134
0.039397
0.00392935
0.0056925
0.0203521
0.00968113
0.0161411
0.00819415
0.00135187
0.00202049
0.0142814
0.367466
0.00329506
0.00462285
0.00100312
0.00887045
0.00768676
0.000807157
0.000619542
0.00752553
0.00226922
0.00729957
0.0145418
0.26461
0.00264891
0.0208308
0.401267
0.0033573
0.141858
0.000992643
0.0308855
0.00804596
0.0167719
0.00127685
0.00353465
0.00307318
0.00227943
0.0033829
0.00231471
0.0121837
0.00295964
0.00319384
0.723678
0.00513516
0.0029821
0.000620464
0.663116
0.0141431
0.026007
0.00160066
0.471571
0.00775533
0.000204071
0.770651
0.522309
0.00900632
0.00172638
0.00107812
0.00352609
0.00102605
0.00454116
0.653537
0.781509
0.00202911
0.0145583
0.00115026
0.0036671
0.00922613
0.0244265
0.00819434
0.014061
0.00109817
0.00901028
0.00489597
0.691059
0.00711169
0.005237
0.00218775
0.00882927
0.00352396
0.00773706
0.0328765
0.00410657
0.00274319
0.0474479
0.00104253
0.00642285
0.689077
0.000149903
0.00191658
0.00440615
0.00059037
0.00918368
0.00277487
0.00949985
0.00315674
0.577564
0.0046171
0.00349598
0.00199091
0.0123964
0.00637485
0.00978266
0.0277155
0.00037061
0.000729816
0.0145116
0.0106706
0.758574
0.000572966
0.00415551
0.00577418
0.00306226
0.00159567
0.00615148
0.00112335
0.00232025
0.00160367
0.00334353
0.00531745
0.00437176
0.00545116
0.00415728
0.00021925
0.00660155
0.00259258
0.000424211
0.00307219
0.00354518
0.26542
0.00807198
0.00276244
0.00156235
0.0152318
0.000354876
0.00217719
0.0137728
0.0069238
0.00922627
0.00374023
0.00963203
0.00933566
0.0144108
0.00263421
0.000793008
0.00969498
0.771654
0.0183648
0.00172236
0.00284936
0.00014702
0.714769
0.0123575
0.00324086
0.00153532
0.00490722
0.00830181
0.0090847
0.000794695
0.0112261
0.00257108
0.0030929
0.00964186
0.0136966
0.00727425
0.0236981
0.00554062
0.00692212
0.00661851
0.0584532
0.0012654
0.00119713
0.00254378
0.474686
0.00706241
0.00336204
0.016385
0.0245979
0.00587957
0.00358802
0.0277498
0.00266063
0.0012535
0.0512414
0.00576976
0.000927902
0.00335214
0.00273408
0.0104875
0.0268564
0.00513767
0.0149815
0.483907
0.00292597
0.0105143
0.00338311
0.0205669
0.0153779
0.0678463
0.00582495
0.00516924
0.112895
0.0014506
0.00167838
0.00017705
0.0109027
5.54499e-05
0.0023821
0.014283
0.011151
0.00638237
0.00395521
0.0079186
0.00373745
0.00404343
0.00263147
0.00606408
0.00409929
0.00876852
0.00475048
0.00261295
0.00656367
0.00378222
0.000865541
0.00691187
0.0106405
0.00127267
0.000557329
0.00152821
0.000667311
0.00650933
0.777479
0.0200324
0.00130988
0.00664558
0.00697175
0.0134764
0.731624
0.0038086
0.578539
0.00627598
0.527222
0.00342303
0.0242704
0.00508928
0.0713124
0.000824377
0.00111641
0.00589881
2.35511e-05
0.00229417
0.595655
0.753825
0.549232
0.00392286
0.000565534
0.337871
0.0491914
0.00031907
0.00605724
0.00869276
0.0095521
0.00699059
0.00328473
0.00208577
0.608986
0.000132442
0.00707314
0.00255734
0.00918196
0.0397355
0.00379078
0.00227643
0.0213288
0.00015611
0.00278407
0.0202908
0.00638615
0.00115882
0.00131368
0.764997
0.0197572
0.0107237
0.00646606
0.00669613
0.00778478
0.0075676
0.00181559
0.00243305
0.00663075
0.00390605
0.00496345
0.00368253
0.013589
0.219995
0.0045213
0.00434912
0.000987547
0.0169676
0.0478949
0.0186877
0.00382942
0.395995
0.00904483
0.00884236
0.212704
0.00571959
0.768773
0.0049452
0.0013421
0.00194084
0.00586648
0.00571825
0.0113493
0.617144
0.00291553
0.00880017
0.00669695
0.00465689
0.00100372
0.000395099
0.0040304
0.0134824
0.116103
0.00132693
0.00256198
0.00214589
0.00198906
0.00542985
0.00485711
0.0027764
0.00190442
0.00123296
0.00967571
0.728407
0.00350804
0.000347651
0.0136551
0.0023497
0.00123778
0.00329609
0.088183
0.0107347
0.572299
0.00581882
0.0045789
0.0319994
0.0377775
0.00332004
0.00259912
0.0303067
0.00414994
0.39766
0.00167376
0.00298766
7.57229e-05
0.00529478
0.0169736
0.00217746
0.0112244
0.667986
6.58242e-05
0.000160956
0.0171094
0.00145166
0.00720364
0.00306311
0.039001
0.599392
0.0113459
0.00787257
0.00600076
0.00909514
0.00721744
0.0168413
0.00496861
0.64518
0.00438177
0.00510788
0.00230321
0.114427
0.0070293
0.0117428
0.000899627
0.0176106
0.047146
0.00102614
0.213275
0.000507281
0.616089
0.00600546
0.748893
0.00528644
0.00210907
0.000496543
0.0130791
0.0125501
0.00999086
0.00297838
0.0041006
0.00689359
0.676585
0.00174167
0.00413847
0.00159427
6.5542e-05
0.0454957
0.00835875
0.00295752
0.47064
0.0168003
0.634988
0.0784973
0.00882872
0.0301948
0.000373405
0.0101072
0.730582
0.00119289
0.00180164
0.000856441
0.00332338
0.0722622
0.0167663
0.00221539
0.664307
0.0105893
0.00495155
0.0124065
0.00648993
0.000771015
0.000505913
0.0175843
0.0162947
0.0105013
0.0105592
0.0178838
0.00352592
0.00151395
0.000280707
0.00108752
0.0036152
0.0172671
0.000420326
0.00109514
0.00761734
0.00630382
0.00367994
0.00802295
0.000767565
0.000262782
0.00909956
0.0462496
0.00913234
0.00411705
0.0151504
0.0129714
0.0107757
0.00900498
0.0100532
0.00151034
0.000222207
0.0202315
0.00817315
0.00454597
0.00195183
0.00471476
0.00138007
0.762449
0.467343
0.00891044
0.00135763
0.00310398
0.00165969
0.00609704
0.00601674
0.00810485
0.00294648
0.711169
0.00210783
0.00201844
0.0091493
0.232902
0.00237089
0.0104691
0.485759
0.00268197
0.0188445
0.000253337
0.00538085
0.706753
0.486867
0.00258295
0.00150438
0.00462715
0.00511796
0.00629793
0.000735452
0.00102684
0.702407
0.184057
0.668379
0.00439283
0.00160001
0.00492749
0.0215725
0.00866881
0.00254408
0.00194395
0.000237329
0.217465
0.000837567
0.00568346
0.0177761
0.0285987
0.00576642
0.000221689
0.00228014
0.00634171
0.452805
0.00820423
0.0256141
0.00194923
0.0149826
0.0200628
0.00245558
0.00259703
0.403246
0.00780785
0.00350813
0.0187869
0.00646531
0.000970645
0.000412189
0.00543829
0.625132
0.010169
0.00154145
0.00436364
0.000860065
0.00204416
0.00428878
0.00117816
0.00329336
0.00328922
0.0715228
0.024391
0.00152812
0.0026649
0.00148872
0.00865835
0.0011169
0.00278374
0.00993984
0.0227672
0.00265163
0.00390895
0.498013
0.00932618
0.0212513
0.00412775
0.00116064
0.00921534
0.401586
0.58292
0.00345878
0.687351
0.00714903
0.0066956
0.0296419
0.00797135
0.391196
0.00145108
0.00552121
0.0227251
0.00279113
0.00471571
0.00858808
0.00973173
0.000511662
0.00457122
0.0118929
0.00169974
0.00635471
0.058093
0.00559604
0.00107052
0.0224345
0.768061
0.00643427
0.0128034
0.00195873
0.00766655
0.00153039
0.00173773
7.31568e-05
0.00584098
0.00195684
0.0172049
0.0245013
0.000837431
0.00264221
0.00505811
0.0254069
0.0141313
0.00547361
0.0260818
0.00503868
0.00554372
0.000315289
0.0720787
0.00791028
0.00179295
0.00467916
0.00356753
0.00207344
0.00419951
0.00186255
0.00539707
0.791066
0.016637
0.000675397
0.00446458
0.730546
0.00674929
0.0105272
0.121903
0.00340708
2.74808e-05
0.00294647
0.00148545
0.00549953
0.000138478
0.0028193
0.0131487
0.00272538
0.00281885
0.599142
0.0152185
0.00589637
0.687097
0.00257899
0.0100534
0.00190256
0.00698549
0.0058064
0.00422736
0.00147272
0.0467623
0.00210816
0.00547207
0.00122642
0.408174
0.00320505
0.00058388
0.00124519
0.00252874
0.00663176
0.00203941
0.0109899
0.000346477
0.00570829
0.68479
0.00385426
0.399408
0.506166
0.0345281
0.00443836
0.0211987
0.0213492
0.696005
0.0070349
0.00886849
0.0038178
0.000325503
0.633564
0.00697447
0.966981
0.00201538
0.000538648
0.0121151
0.735091
0.000797468
0.0637165
0.00128363
0.00373968
0.000243221
0.00237941
0.00750953
0.00865813
0.000944247
0.0970591
0.00548938
0.00192117
0.00330175
0.00048923
0.0136332
0.0128244
0.01069
0.686297
0.00204769
0.00726116
0.037501
0.00585266
0.000582931
0.699738
0.000641005
0.0101186
0.0167116
0.00367763
0.00308016
0.00452964
0.0244656
0.010126
0.022388
0.00614567
0.0104147
0.00255952
0.00488019
0.00103544
0.00415913
0.00212514
0.00148265
0.0128956
0.00229768
0.00412798
0.00760686
0.00204565
0.0118479
0.00580531
0.431755
0.00173215
0.0085717
0.0103171
0.0095609
0.00421837
0.0230198
0.0130433
0.552905
0.00721564
0.00155208
0.00309157
0.00971501
0.00154403
0.0118692
0.0047716
0.00829126
0.00800242
0.000227308
0.00160015
0.000522663
0.00445846
7.69964e-05
0.0013518
0.000711047
0.00190751
0.000125587
0.00351225
0.0101451
0.00202265
0.0114674
0.00318804
0.00150556
0.000657839
0.0525055
0.00351792
0.00101433
0.0076764
0.00832086
0.00143988
0.0496836
0.0168143
0.00453588
0.0058332
0.00749526
0.00526193
0.0190945
0.001729
0.00575777
0.00962113
0.00246475
0.00566885
0.00842467
0.00796493
0.000892251
0.000523056
0.000466888
0.00512965
0.00700392
0.0334061
0.00593756
0.00263898
0.00330688
0.259388
0.00378402
0.0114155
0.00184207
0.00361479
0.00844649
0.608935
0.714219
0.00155056
0.00706068
0.0151739
0.56494
0.00270404
0.0375593
0.000218833
0.00314904
9.76988e-05
0.00082042
0.00169802
0.00343788
0.00341497
0.00419779
0.00283462
0.00135456
0.00217076
0.0071899
0.0503044
0.000354959
0.000831233
0.000754496
0.00430217
0.00524055
7.84833e-05
0.00369431
0.000501955
1.07227
0.0054203
0.00192441
0.00145061
0.0066766
0.010646
0.0111202
0.537593
0.019933
0.000568906
0.0120825
0.0425425
0.00365839
0.00637539
0.00597327
0.0038974
0.675039
0.724253
0.0180029
0.0298778
0.773416
0.00187616
0.00399928
0.00861544
0.02402
0.00809947
0.00124405
0.012507
0.0150094
0.000587332
0.00828169
0.00585158
0.00786433
0.00297609
0.00151626
0.532271
0.0129951
0.000943411
0.0103897
0.00337516
0.000404723
0.000713262
0.00528704
0.00544523
0.00572502
0.00165435
0.000231689
0.0111719
0.00213139
0.00219628
0.00214804
0.447725
0.0383762
0.00369009
9.91264e-06
0.00670859
0.00689151
0.00639025
0.00327418
0.0103252
0.00892327
0.000940301
0.00848115
0.00206995
0.000270025
0.00752959
0.0090254
0.00521556
0.00384665
0.00654446
0.0101595
0.00256267
0.532666
0.60353
0.000619024
0.00346873
0.0366069
0.590781
0.00580549
0.000197432
0.0109317
0.00087882
0.00061183
0.00170116
0.00169385
0.00957458
0.620867
0.00061038
0.000783223
0.0017254
0.00419542
0.000976298
0.0134548
0.279934
0.00548823
0.00696204
0.00262403
0.0137077
0.011787
0.00139997
0.000999005
0.00158589
0.725928
0.012187
0.000895451
0.104975
0.785493
0.00137092
0.00452679
0.524249
0.0114504
3.39638e-05
0.00532976
0.0133768
0.00057193
0.00905063
0.0012617
0.00395779
0.00304756
0.00805772
0.0130709
0.0136847
0.00176459
0.0059193
0.00679502
0.00760894
0.638086
0.700268
0.00632624
0.00760355
0.00182969
0.00195647
0.00165225
0.000297144
0.00527761
0.000365499
0.0035047
0.0199826
0.000489882
0.00592056
0.0020086
0.00514611
0.00368059
0.0020311
0.0166103
0.00264802
0.718836
0.00452388
0.920882
0.000327569
0.00268677
0.000607846
0.0124056
0.000893157
0.00459991
0.00626243
0.00523376
0.00371878
0.00228568
0.00552204
0.00522248
0.000933518
0.500555
0.000640866
0.13035
0.00555019
0.00524091
0.688031
0.0021663
0.0116612
0.00358459
0.0156797
0.551384
0.0048798
0.00284206
0.00153583
0.00896847
0.00617078
0.00363181
0.00124074
0.000165435
0.0231898
0.542862
0.000410337
0.00303279
0.00797039
0.00434246
0.000682808
0.00557553
0.00396081
0.657586
0.654446
0.000371942
0.879534
0.00954265
0.00163813
0.020253
0.00345943
0.469699
0.00905695
0.429961
0.493096
0.107577
0.0842372
0.204618
0.000671298
0.000719386
0.0156633
0.0247774
0.599843
0.00481082
0.000516315
0.77001
0.00896661
0.00156447
0.400046
0.00416226
0.00403876
0.664033
0.00121466
0.00344011
0.0528869
0.000862741
0.00159701
0.00131162
0.00317631
0.00437394
0.00412121
0.0112944
0.00617569
0.000616028
0.00327191
0.00424105
0.00785368
0.00445103
0.000759391
0.0111578
0.00636525
0.0115525
0.267118
0.00538826
0.00743322
0.00714886
0.00459237
0.00118822
0.00786893
0.0108073
0.00104488
0.00247514
0.00918054
0.00840402
0.00112163
0.191312
0.00850278
0.0927983
0.0166436
0.0126313
0.000337627
0.00463268
0.000636104
0.606879
0.492274
0.00116875
0.00921927
0.512856
0.0414707
0.669768
0.321855
0.00881324
0.00320234
0.0151719
0.00575554
0.0010256
0.00587659
7.73633e-05
0.00567821
0.000638941
0.608447
0.00555101
0.00031431
0.0165763
0.00324948
0.00408068
0.0129526
0.570441
0.00682069
0.00994454
0.0137444
0.0039004
0.00188557
0.00241523
0.00528773
0.0045808
0.0155075
0.001873
0.00136509
0.000766048
0.00315722
0.0022022
0.0727551
0.00457729
0.0569107
0.000342387
0.509837
0.00609267
0.00272128
0.0039468
0.00575198
0.000480209
0.698767
0.00427858
0.00622166
0.00100371
0.004676
0.00106015
0.000129682
0.00335456
0.16024
0.000400016
0.00755036
0.00529539
0.00297524
0.00606933
0.00195189
0.00877364
0.0143789
0.000218198
0.008578
0.00816837
0.00143044
0.00151407
0.00163695
0.00268462
0.000761356
0.0105479
0.634551
0.00360715
0.00283352
0.00608971
0.00151137
0.00284261
0.273401
0.00117402
0.0110468
0.00630938
0.000284844
0.394995
0.00120151
0.00127524
0.00466827
0.00470215
0.00362657
0.00387155
0.0288665
0.770848
0.0009864
0.000838701
0.691507
0.00316452
0.00241887
0.0150579
0.013499
0.00548892
0.00650107
0.00204561
0.000435832
0.000405626
0.00251799
0.00237558
0.00666547
0.00784103
0.778077
0.0024618
0.0008859
0.0116198
0.00585593
0.0131108
0.00215072
0.00122132
0.000961817
0.0129901
0.000539013
0.000479903
0.00123184
0.0183374
0.00700032
0.00548309
0.000368797
0.000183531
