0.0526446
0.276666
0.0193217
0.852261
0.686261
0.649206
0.0198854
0.598057
0.309629
0.0188497
0.299808
0.0688068
0.0500204
0.263704
0.796214
1.09114
0.890034
1.01428
0.0552351
0.141917
0.544273
0.014572
0.0473388
0.841131
0.00182845
0.0384139
1.52808
0.221282
0.730732
1.16602
1.6557
0.0124614
0.103251
0.300063
0.79052
0.947185
0.291428
0.12194
0.215437
1.23359
0.25665
0.362519
1.59401
0.188871
2.19892
0.191669
0.0682759
0.108712
0.419188
5.43208
0.437685
0.228511
0.2267
0.0646771
0.0626869
0.764396
0.0827464
0.0287735
0.0790379
0.00379069
0.408724
0.0449626
0.172134
0.0195886
0.167041
0.415633
0.39964
0.0142501
0.899851
0.787663
0.0491635
0.345561
0.403422
0.196924
0.64301
0.020887
0.0917571
0.420361
0.284564
0.266815
0.703411
0.122766
0.0295774
0.640161
0.535235
0.397406
0.323889
0.00944403
0.26693
0.0200742
0.0528355
0.32721
0.408402
0.175235
0.0201282
0.107341
2.39518
0.00809406
1.37121
0.218687
0.280702
0.409546
0.042729
0.162754
0.834529
1.03536
0.261618
0.950038
0.20343
0.118354
0.083257
0.284686
0.1743
0.274487
0.0307933
0.0160201
0.00381118
0.0769396
0.977607
0.138788
0.0418788
0.0259013
0.982116
0.0763273
0.854829
0.0211625
0.036881
0.0156666
0.0165424
0.0329724
0.0235586
0.426684
0.142593
0.0687977
0.0294164
0.0795016
0.121856
0.774505
0.0685361
0.0652248
0.0223834
1.01727
0.00768359
0.0423077
0.0202246
0.556309
0.033075
0.488791
1.52009
0.186061
0.206738
0.039775
0.327448
0.140939
0.302566
0.0272898
0.312359
0.0850194
0.723774
0.0912553
0.12663
0.0405635
0.241402
0.0826335
0.355127
0.0760816
0.0430867
0.0258398
0.321786
0.422453
0.0589645
0.0773488
0.203404
0.00397912
0.0244536
0.743789
0.0801956
0.589788
0.447378
0.287549
0.0544354
0.0100339
0.293207
0.158353
0.0227572
0.121171
0.709498
0.370329
0.0954438
0.114785
0.0494932
0.316006
0.0158345
0.070431
0.0557458
0.0214455
0.00318122
0.0370013
0.0477804
0.0148981
0.567835
0.0139262
0.262619
0.0240249
0.0371878
0.0246521
0.0279896
0.0208253
0.778903
0.31628
0.0500163
0.0162612
0.798053
0.0503357
0.0087317
0.596111
0.213719
0.443981
0.091879
0.91782
0.71623
0.909233
0.113032
0.029615
0.0108094
0.0380049
0.01656
0.0656282
0.0113813
0.0480729
0.625995
0.619349
0.112299
0.180369
0.336901
0.0440592
0.211711
0.490527
0.330316
1.77481
0.0879795
0.0112591
0.081722
1.06048
0.345892
2.94152
0.19573
0.269626
0.039859
0.01571
0.279387
0.22523
0.0571354
0.778268
0.492354
0.214023
0.0697094
0.0825305
0.0474001
0.150008
0.0260704
0.300816
0.0158878
0.0193673
0.361825
0.00874206
0.00901078
0.361678
0.0801633
0.730456
0.36363
0.114031
0.227868
0.012339
0.0378704
0.418972
0.0110195
0.0306562
1.64158
0.231195
0.0600237
0.0225833
0.105043
0.610588
0.00603809
0.250539
0.012847
0.422872
0.214029
0.213578
0.470971
0.337135
0.0445018
0.772079
1.09015
0.269938
0.992302
0.323827
0.0437689
0.0175644
0.0181008
0.0426924
0.465016
0.00984091
0.749029
0.060748
1.09595
0.021975
0.0176995
0.0337939
0.0316052
0.0951316
0.212829
0.343678
0.0961945
0.0651159
0.0165188
0.418718
0.12039
0.0170546
0.548925
0.192161
1.02248
0.677336
0.136251
0.666278
0.0217829
0.0194755
0.00715812
0.106192
0.114108
0.139109
0.113701
0.0178152
0.0102221
0.165269
0.534949
0.205085
0.12359
0.0920187
0.0083575
0.0406633
0.349715
0.208716
0.274903
0.0258747
0.172926
0.0243551
0.00884227
0.170407
0.246185
1.86115
1.84997
0.0516697
0.0133408
0.0880462
0.0178007
1.76956
0.885949
0.0254965
0.00743631
0.08309
0.0185632
0.187948
0.643309
0.596691
0.00856447
0.359515
0.320183
0.32814
0.177129
0.209979
0.0629939
0.186195
0.0234188
0.0771088
0.0256602
0.793625
0.00620313
0.0321558
0.00635952
0.0497748
0.0282098
0.00290912
0.359846
0.179641
0.0297724
0.0283457
0.582721
0.0432357
0.0143106
0.0123438
0.0104924
0.0408687
0.022508
0.0161262
0.0312926
0.00435147
0.00530589
1.34293
0.03245
0.0282491
0.0200035
0.727613
0.597502
0.0406355
0.0191112
0.00338177
0.033355
0.0388486
0.00862877
0.0408576
0.746443
0.00566581
0.57705
0.0616831
0.0859849
0.0256356
0.0274863
0.170308
0.198807
0.16197
0.0138076
0.0448925
0.0766402
0.888691
0.168492
0.0416182
0.236025
0.0897533
0.0532491
0.156285
2.09596
0.0396447
0.109594
0.385864
0.60569
0.0463656
0.00570568
0.0854194
0.0737193
0.132315
0.0247111
0.0198491
0.0457007
0.0143061
0.0553338
0.476928
1.05829
0.0414391
0.0392783
0.0190391
0.00886777
0.522549
0.0234585
0.0207922
0.0712007
0.0101383
0.0159666
0.0220333
1.64869
0.0138344
0.00832964
0.0305756
0.00547263
0.568538
0.830249
0.0193918
0.0058394
1.78341
0.0136244
0.0213369
0.0200187
0.683103
0.00944556
0.0472103
0.0109369
0.0190121
0.0581873
0.0213719
0.027381
0.126052
0.0646817
0.0535709
0.276622
0.0883587
0.0226314
0.0197773
0.0383393
0.0752436
0.0704321
0.0326579
0.130212
0.262015
0.010074
0.105512
0.0364045
0.168936
0.109583
0.00417259
0.112184
0.231823
0.0303326
0.167564
0.350542
0.0829567
0.211837
0.0234652
0.0321991
0.0292723
0.00686271
0.0189249
0.0188701
0.0461593
0.0501627
0.0258213
0.798273
0.00895254
0.00409904
0.661694
0.0556625
0.03118
0.0164064
0.00447259
0.615649
0.0138259
0.021586
0.0231809
0.036846
0.024186
0.17455
0.0153169
0.37843
0.0228355
0.017428
0.0348227
0.0328131
0.0043838
0.00773799
0.0360849
0.0102582
0.0363803
0.026914
0.0227369
0.0343752
0.025042
0.0710647
0.0622863
0.0167935
0.00910121
0.0318612
0.798565
0.735818
0.363181
0.0127554
0.0359503
0.120541
0.0717252
0.661178
3.42989
0.0189271
0.0172475
0.00389431
0.0432511
0.526542
0.743024
0.0216417
0.00966177
0.0244372
0.00616241
0.036743
0.0262387
0.0422313
0.0206088
0.0433743
0.0311197
0.708724
0.00791211
0.0185072
0.0152915
0.619334
0.497953
0.0455388
0.0953532
0.0619822
0.0229445
0.15197
0.424813
0.0114657
0.0926774
0.0784236
0.149366
0.264421
0.505686
0.020978
1.44086
0.273048
0.345448
0.397266
0.0456656
0.170014
0.314066
0.420669
0.512106
0.0136228
0.00709093
0.0348106
0.838696
0.575707
0.556301
0.000594691
0.0675444
0.21373
0.0693173
0.0308382
0.0120282
0.00975393
0.0133593
0.161555
0.379509
0.0111834
0.0319623
0.255042
0.0530261
0.520338
0.790783
0.109122
0.0585438
0.147012
0.0643267
0.00673184
0.225528
0.217915
0.0392016
0.0209057
0.00941109
0.00378264
0.043603
0.0831765
2.28479
0.0429452
0.131894
0.112399
1.18593
0.00260653
0.066744
0.0469604
1.55815
0.0722258
0.0891869
0.290921
0.18499
0.0375795
0.2461
0.0834422
0.010929
0.0401623
0.0102675
0.0143774
0.018336
0.0257353
0.0185407
0.0838818
0.00836985
0.182295
1.68069
0.0405954
0.0616112
0.0404259
0.0339243
0.0347785
0.112946
0.0505595
0.0107934
0.0102371
0.00620944
0.0187924
0.0262015
0.0135108
1.33359
0.0758619
3.21239
0.0203181
0.0314633
0.0106644
0.068727
0.0160583
0.0459726
0.0264668
0.0283332
0.00690829
0.0131932
0.0652905
0.0111803
0.0252723
0.0634783
0.080779
3.56502
0.0426172
0.00705485
0.0492353
0.0086534
0.0092872
0.0209572
0.00963312
0.0119953
0.0131691
0.00546176
0.0247422
0.0253203
0.0245798
0.03006
0.83887
0.0124803
0.0166296
0.0195536
0.00850407
0.0163751
0.116119
0.0335326
0.0176187
0.0207204
0.00924959
0.131053
0.0242976
0.552676
0.285039
0.308273
0.023369
0.0393737
0.839153
0.0128921
0.0182094
1.33951
0.0187341
0.0331166
0.133266
0.0138244
0.173248
0.026448
0.0205657
0.0453215
0.106366
0.347247
0.166946
0.0124996
0.0263064
0.0105168
0.283965
0.00512406
0.00896169
0.0160867
0.00266882
0.0262917
0.970291
0.0222706
0.869604
0.0290741
0.38541
0.0741584
0.240088
1.09468
0.0119764
0.0138378
0.049745
0.611446
0.215648
0.0188104
0.522633
0.466369
0.133864
0.84534
0.0769641
0.0327903
1.5281
0.0807434
0.323354
0.0590303
0.0293166
0.364079
0.110928
0.386363
0.0731549
0.208314
0.0187197
0.587184
0.407328
0.165362
0.162491
0.0759772
0.0483033
0.660827
0.510758
0.303115
0.0216845
2.83139
0.496099
0.00893155
0.174168
0.0608712
0.0721784
0.0477568
0.0688178
0.0458607
0.392312
0.0422995
0.0127983
0.0149487
0.00946552
0.33141
0.0154952
0.0235431
3.18752
0.0051991
0.3431
0.0125331
0.746652
0.0230478
0.0733596
0.00789132
1.70234
0.00870016
0.22521
0.843961
0.603489
0.187644
0.0379251
0.0123821
0.041863
0.0260699
0.0377471
0.688309
0.82278
0.0425954
1.20456
0.00383428
0.0100324
0.0435783
0.0443148
0.0147285
0.0430235
0.0180862
0.0595467
0.00723077
1.64442
0.0278079
0.0268075
0.0091442
0.0251696
0.0354545
0.0542799
0.523835
0.195322
0.010576
0.0551212
0.0105846
0.58136
0.756133
0.00257676
0.0122617
0.0208467
0.00535621
0.0240821
0.0323626
0.0174349
0.0378961
0.664065
0.0108646
0.0200739
0.00470962
0.0127715
0.0139893
0.0162873
0.0355007
0.00397106
0.0167154
0.0168873
0.0138765
0.814045
0.00692851
0.020879
0.224125
0.0099275
0.0475098
0.00767382
0.417382
0.0430612
0.414975
0.0830403
0.208279
0.024287
0.050771
0.0249558
0.0811968
0.0353065
0.095815
0.0732594
0.164298
0.048541
0.312016
0.0254014
0.211659
0.0350818
0.0345263
0.010916
0.0309388
0.0523049
0.0345488
0.170642
0.0343161
0.0113745
0.0441547
0.0270043
0.0453149
0.0162534
0.215702
0.839766
0.0967348
0.0287083
0.0711428
0.254633
1.09533
0.0448588
0.0126815
0.0200919
0.0100694
0.999415
0.0712064
0.0163352
0.0784776
0.0384507
0.00526705
0.0381618
0.0547956
0.00988753
0.252303
0.0288858
0.0104457
0.0234107
0.146907
0.0141948
0.0428598
0.259856
0.861375
0.0356298
0.0136327
0.328848
0.0561874
0.0174439
0.0160717
0.488997
0.0133614
0.0102105
1.09724
0.0150958
0.558502
0.0231061
0.0122827
0.0162628
0.0307358
0.0338632
0.176331
0.486995
0.0985366
0.474164
0.104386
0.236304
0.0386303
1.09758
0.127336
0.0154829
0.261857
1.81657
0.218236
0.0292755
0.266949
0.337365
0.0235536
0.123883
0.0358235
0.0142992
0.181477
0.00933423
0.0460466
0.201993
0.0262815
0.255351
0.389468
0.273201
0.0746768
0.458231
0.0149943
0.0197385
0.0114519
0.0944043
0.054219
0.0150374
0.0123822
0.011217
0.0278756
0.0203274
0.833471
0.0320133
0.00967583
0.0191182
0.0223845
0.0449695
0.736633
0.00942897
0.755781
0.471773
0.547927
0.0378514
0.281914
0.00780186
0.43958
0.0162123
0.0258229
0.00680265
0.00316737
0.00509066
0.942547
0.816259
1.25947
0.0137593
0.0301228
0.579454
0.117353
0.0233828
0.0186017
0.0199968
0.0149661
0.121236
0.0150202
0.250225
0.678562
0.109912
0.0253471
0.111801
0.303733
0.0876329
0.015071
0.248201
0.086223
0.103308
0.0464561
0.151269
0.00850567
0.0370754
0.00678394
1.23187
0.0624887
0.233191
0.0484567
0.013711
0.31724
0.306532
0.00701417
0.360539
0.250595
0.0243802
0.0257342
0.221954
0.0573274
0.303376
0.00492408
0.031922
0.00190921
0.0609612
0.0492248
0.026505
0.00631635
0.474956
0.0112221
0.0181023
0.235324
0.00658465
0.896104
0.0477827
0.0216576
0.0162194
0.0154923
0.0345687
0.0264532
0.798498
0.0160918
0.0230211
0.00682666
0.0217066
0.165377
0.00827153
0.0103905
0.0381934
0.123472
0.0217291
0.0832074
0.0115079
0.0600474
0.0223029
0.0280255
0.00799856
0.0226756
0.0103516
0.498886
0.758936
0.0132575
0.0107247
0.0863215
0.0187529
0.0230314
0.00791327
0.212515
0.0123675
1.04759
0.0111251
0.0110081
0.274527
0.0496071
0.00558981
0.0217759
0.0581362
0.00687813
2.2589
0.00795019
0.050502
0.184274
0.239961
0.0375695
0.0136648
0.0254172
1.91295
0.0105557
0.0265045
0.0671797
0.016511
0.0144222
0.00959728
0.0664118
0.657347
0.0413687
0.010574
0.0181736
0.0161591
0.0161272
0.0412992
0.00517868
0.849422
0.00808376
0.110318
0.0222693
0.154284
0.319351
0.0312989
0.227356
0.0304457
0.110526
0.0193411
0.342837
0.019245
0.729607
0.0288973
0.918483
0.0373918
0.0609605
0.0284797
0.025267
0.0355859
0.0482392
0.00733246
0.0172921
0.0927789
0.68575
0.0172261
0.00950284
0.00987024
0.017938
0.118167
0.0297789
0.0101865
0.73151
0.0754049
0.855086
0.105104
0.0125935
0.0659234
0.00806741
0.0159611
0.964726
0.709465
0.233494
0.431491
0.00542928
0.15635
0.0659027
0.0249637
0.83358
0.111951
0.031004
0.0161159
0.0129191
0.0188035
0.00377444
0.0441654
0.0425284
0.0235959
0.0117604
0.0382366
0.109988
0.0177456
0.0232935
0.0415164
0.126313
0.0576375
0.0253977
0.453177
0.021419
0.0355548
0.0176545
0.103867
0.00284983
0.0648715
0.0120809
0.0613588
0.0526616
0.0232863
0.0419404
0.0402807
0.0613632
0.0124921
0.0138044
0.0298585
0.0175796
0.100181
0.00849793
0.0104755
0.0102999
0.00905983
0.00614689
2.0948
0.514087
0.0238295
0.030055
0.0130526
0.029492
0.94908
0.0717926
0.0156697
0.0099403
1.27973
0.0495641
0.060377
0.107358
0.356462
0.0132517
0.121971
0.647742
0.0332955
0.0307702
0.0149444
0.034729
0.718141
0.602738
0.0542997
0.0123423
0.201315
0.130334
0.161559
0.1939
0.128495
0.725881
0.288331
0.853432
0.0563624
0.0244901
0.0168821
0.216706
0.686987
1.21964
0.396517
0.255033
0.309219
0.394288
0.00679966
0.0293768
0.176646
0.029305
0.138845
0.0100818
0.111548
0.622445
0.0106284
0.116586
0.0102518
0.0423975
0.0323421
0.0329735
0.0308678
0.422665
0.0125247
0.0165541
0.0801669
0.0208657
0.0462688
0.163512
0.0662983
0.649141
0.0365681
0.0196444
0.30229
0.111585
0.153463
0.00632744
0.0238666
0.0143174
0.0970778
0.127796
0.0439466
0.0596292
0.0134513
0.0109954
0.0656514
0.107823
0.0287773
0.0350944
0.238844
0.0170229
0.0147334
2.10553
0.0480874
0.0957977
0.0173917
0.00151824
0.0441662
0.540707
0.797551
0.00599935
0.816013
0.0159293
0.0191383
0.0546042
0.0252039
0.66665
0.0106468
0.0226855
0.0895672
0.12025
0.0644124
0.444
0.082983
0.00344672
0.0526634
0.0198217
0.0208228
0.437218
0.0673599
0.0534217
0.0242524
0.125607
0.817781
0.0525657
0.320907
0.169403
0.0160476
0.00530235
0.0267175
0.0162384
0.0330617
0.0122971
0.085936
0.311582
0.0239755
0.0103711
0.0145786
0.0323428
0.311426
0.0571677
0.605902
0.0203409
0.00877363
0.0302582
0.112553
0.0120528
0.0155908
0.0175012
0.033453
0.0207714
0.00796894
0.0143084
0.0124833
1.33942
0.0558211
0.00874824
0.0340758
1.00575
0.0129316
0.0286088
0.265015
0.027957
0.0138928
0.00893158
0.0196885
0.106208
0.00656393
0.0037421
0.069087
0.0181704
0.00837344
0.779134
0.0384342
0.0084483
1.76865
0.0154635
0.0231075
0.319718
0.00976673
0.146741
0.34743
0.00876271
0.125839
0.0558167
0.110395
0.602561
0.485338
0.0301106
0.11975
0.0351366
0.00602553
0.0345897
0.0179948
0.0134843
0.202967
0.032461
0.778545
0.0336189
1.182
0.905516
0.0536572
0.0199284
0.123359
0.0273914
0.981459
0.032146
0.0249908
0.0173152
0.00846537
0.744698
0.0234328
1.10089
0.119156
0.00946937
0.0515699
0.74706
0.0106041
0.0671088
0.00601758
0.0149606
0.0155649
0.00803288
0.0203085
0.134944
0.0136761
0.553166
0.0118815
0.0261848
0.00781066
0.012154
0.0200522
0.0265519
0.0230388
0.68712
0.0144121
0.0377208
0.0737996
0.0361704
0.0407407
0.890039
0.00502196
0.035981
0.0766012
0.0258963
0.00413195
0.00716444
0.0563269
0.0187829
0.0421082
0.0119178
0.0587955
0.0151432
0.0374065
0.012454
0.0156501
0.0512074
0.029893
0.0669357
0.00936271
0.00557268
0.0233782
0.0273868
0.0128484
0.0159754
2.9193
0.0128799
0.020296
0.0226355
0.0359936
0.0249843
0.0266179
0.0176246
0.867649
0.0158777
0.0223793
0.0151954
0.0217248
0.00586181
0.0294133
0.0126528
0.14823
0.0158116
0.0442961
0.0395052
0.00660768
0.0963295
0.000928808
0.0123315
0.376737
0.0123884
0.0248654
0.0162422
0.164872
0.0172649
0.0259541
0.00405226
0.0188888
0.0555909
0.842287
0.00690571
0.00796385
0.0124491
0.0359044
0.06566
0.0708804
0.0640329
0.0202774
0.0358873
0.0129951
0.00744224
0.0407144
0.00813222
0.0127279
0.37889
0.0106315
0.0119648
0.00921005
0.0285488
0.00747848
0.00877253
0.0168723
0.0340538
0.016273
0.310129
0.00864761
0.00937359
0.00596174
0.287095
0.035843
0.0357123
0.0508765
0.036805
0.0154431
0.664339
1.34999
0.0142963
0.0247473
0.0371742
0.589563
0.0108975
0.0552516
0.14883
0.0520322
0.133976
0.0560013
0.06069
0.00864797
0.00369202
0.0366521
0.106448
0.0439806
0.0228781
0.350372
0.231379
0.0064113
0.00811764
0.132361
0.161805
0.00638644
0.683326
0.19188
0.373157
1.11691
0.0124366
0.310763
0.044578
0.0186505
0.0393001
0.0187105
1.38877
0.026063
0.029555
0.59936
0.330911
0.0277271
0.00806872
0.023309
0.0106016
0.953759
0.831633
0.0268895
0.702049
0.782664
0.10563
0.0215424
0.0309914
0.0333258
0.052809
0.0233485
0.0164407
0.0217341
0.0469139
0.0152469
0.0156451
0.0198363
0.0109253
0.0313137
0.541425
0.0443196
0.0213641
0.0215786
0.0357483
0.00756512
0.0130512
0.0236092
0.0120429
0.0150546
0.0320554
0.0393183
0.733649
0.373255
0.0188673
0.0620959
0.742977
0.728441
0.0160223
0.0103165
0.0179296
0.0177475
0.0317501
0.00963174
0.0213445
0.00969411
0.0191351
0.0104135
0.0168074
0.164105
0.17101
0.0195953
0.299931
0.0241677
0.0117886
0.0211741
0.00843491
1.01238
0.900089
0.0161789
0.00840598
0.0422541
0.857677
0.0417271
0.0457054
0.0167692
0.386569
0.0516891
0.0168131
0.234781
0.210481
4.48924
0.0145187
0.320994
0.0634372
1.01518
0.0243206
0.13215
0.517582
0.138033
0.135048
0.0288874
0.614547
0.0257356
0.00213291
0.0123671
0.005
0.787314
0.0184053
0.0154993
0.257579
0.849833
0.0164507
0.0178056
0.566164
0.0309645
0.020016
0.00579571
0.0368181
0.029662
0.0369877
0.0555445
0.0122057
0.269647
0.0332092
0.021439
0.0235837
0.013013
0.00664478
0.0239907
0.00838012
0.680852
0.846115
0.034457
0.021535
0.0116459
0.0123065
0.0226352
0.0204813
0.0295331
0.197188
0.0283772
0.126604
0.0161428
0.0122023
0.0121784
0.0144162
0.00628874
0.00283131
0.0450229
0.0331139
0.83627
0.00702758
1.38168
0.157544
0.0288216
0.0180647
0.516112
0.63717
0.197033
0.482389
0.62154
0.0392607
0.0252204
0.263963
0.458698
0.568008
0.585726
0.0273813
0.279705
0.0763433
0.0247911
1.13768
0.107588
0.365875
0.270366
0.231051
0.66645
0.422664
0.143045
0.0193198
0.460506
0.0368669
0.0148461
0.0163706
0.613014
0.768727
0.773062
0.709642
0.312142
0.0150786
0.0147128
0.0265997
0.0209007
0.00638744
0.728703
0.716328
0.0149371
1.09073
0.0573071
0.0959752
0.0836737
0.291865
0.961392
0.467957
2.79546
0.494295
1.51844
2.68851
0.491615
0.194101
0.300169
0.0315364
0.134458
1.18799
0.0310154
0.00743936
0.780333
0.0409309
0.0236292
0.759398
0.00766087
0.00436123
1.42695
0.0445154
0.0265783
0.0947732
0.013396
0.0118045
0.0066864
0.0161495
0.0152144
0.00694254
0.0136946
0.00853341
0.00912467
0.00508522
0.0256806
0.099663
0.0890612
0.0110368
0.0139184
0.0394818
0.0842092
0.541238
0.0164028
0.0249642
0.00916343
0.0286267
0.187995
0.0176202
0.0321494
0.0106017
0.0342006
0.0141281
0.0355658
0.00848324
0.769438
0.037161
0.244614
0.655774
0.0313092
0.228889
0.0312996
0.0206985
1.03218
1.00293
0.0292066
0.0484411
0.566804
0.0768395
0.675407
0.520607
0.81287
0.0238733
0.125604
0.0102596
0.0131187
0.0117948
0.0273844
0.199032
0.386771
0.809888
0.0641398
0.102372
0.142061
0.284202
0.041115
0.174447
1.56536
0.404449
0.192079
0.0827841
0.184472
0.213915
0.134111
0.172687
1.04257
0.169937
0.38969
0.00283326
0.0246302
0.0110424
0.0147335
0.118725
0.142219
0.231808
0.0542782
1.01559
0.258068
0.0398881
0.0245535
0.0160315
0.384435
0.986596
0.0395424
0.0201977
0.0141481
0.249079
0.0211931
0.0938922
0.418496
0.575929
0.428916
0.132466
0.0191703
0.0343414
0.0326444
0.00562824
0.0121537
0.552696
0.0627254
0.0285477
0.0460709
0.234554
0.0255381
0.0645256
0.0578222
0.209023
0.107173
1.3282
0.0271704
0.0629125
0.0342959
0.203179
0.00656503
0.329891
0.0226762
0.0522123
0.0137666
0.724673
0.628332
0.0237472
0.0276777
0.166231
0.273621
0.437915
0.155123
0.724831
1.14452
0.0184992
0.0143118
0.883551
0.0915605
0.117478
0.7849
0.037328
0.0211947
0.116473
0.118011
0.0625928
0.00761274
0.322927
0.00661816
0.00832838
0.0227265
0.795381
0.00494777
0.00801799
0.212386
0.107325
0.018766
0.0531201
0.0980903
0.171351
0.0178462
0.00803626
0.0106053
0.0723256
0.445803
0.0858257
0.221895
0.0205233
0.161601
