0.183705
0.193205
0.190513
0.191459
0.1925
0.195389
0.189898
0.190502
0.19037
0.191555
0.196034
0.189505
0.189279
0.190707
0.19355
0.190295
0.189863
0.190699
0.195821
0.191304
0.189489
0.190908
0.19088
0.195755
0.191078
0.189992
0.189557
0.190105
0.195606
0.189861
0.19347
0.191156
0.190811
0.195736
0.190765
0.19302
0.190033
0.190161
0.190716
0.191107
0.194094
0.190835
0.190171
0.190905
0.190293
0.193858
0.196083
0.190977
0.190473
0.190629
0.193249
0.195583
0.191324
0.191805
0.190853
0.193898
0.195539
0.189729
0.191195
0.19163
0.193251
0.195922
0.191246
0.191068
0.190362
0.195192
0.191715
0.190693
0.190798
0.190909
0.19174
0.19134
0.190667
0.190887
0.196219
0.192958
0.189355
0.190848
0.190872
0.196194
0.193175
0.18962
0.190667
0.190306
0.197088
0.193782
0.191518
0.190678
0.189897
0.190228
0.190921
0.193612
0.190969
0.190955
0.191448
0.190133
0.193495
0.197238
0.190197
0.191077
0.190942
0.192234
0.19628
0.191514
0.191188
0.191384
0.193213
0.195198
0.190936
0.189969
0.19109
0.193783
0.197073
0.191052
0.19019
0.190888
0.192622
0.19219
0.19072
0.190225
0.191218
0.192916
0.190717
0.190869
0.191063
0.195275
0.193883
0.190764
0.190933
0.191144
0.196803
0.192994
0.190983
0.190389
0.19094
0.195406
0.193564
0.190149
0.190694
0.190494
0.195934
0.192871
0.190324
0.190764
0.189596
0.191645
0.193832
0.190735
0.191277
0.18965
0.190262
0.192356
0.189725
0.196256
0.190976
0.191215
0.190603
0.193051
0.195613
0.190486
0.191131
0.190776
0.192564
0.196026
0.191252
0.190726
0.190415
0.193181
0.195294
0.190742
0.190778
0.190484
0.193217
0.191384
0.190755
0.191538
0.191749
0.193491
0.191484
0.190691
0.191049
0.194773
0.193662
0.191719
0.190897
0.191104
0.195706
0.191367
0.191069
0.191586
0.191235
0.195863
0.193098
0.189776
0.189794
0.190774
0.195656
0.193302
0.190943
0.190438
0.191377
0.191619
0.193793
0.191326
0.190872
0.190836
0.190543
0.193521
0.191403
0.194668
0.19108
0.191068
0.193352
0.190512
0.196093
0.190832
0.191406
0.192318
0.190346
0.196633
0.191278
0.191651
0.192243
0.190978
0.19463
0.190234
0.191206
0.191038
0.192399
0.191182
0.190948
0.189893
0.190475
0.192502
0.190955
0.191106
0.190692
0.195852
0.193205
0.190582
0.190657
0.191055
0.196353
0.192052
0.190574
0.190739
0.190763
0.196828
0.193476
0.190261
0.191328
0.191272
0.194685
0.193066
0.191193
0.189911
0.189787
0.190425
0.193312
0.190229
0.191119
0.190309
0.190371
0.192811
0.190063
0.195127
0.190444
0.189451
0.193834
0.190722
0.195788
0.189936
0.190328
0.192721
0.19132
0.195424
0.19057
0.189868
0.19401
0.189979
0.191539
0.189935
0.190335
0.190946
0.189343
0.190847
0.190879
0.190798
0.196246
0.192182
0.190519
0.19019
0.190596
0.19594
0.192198
0.190407
0.190307
0.190512
0.195783
0.193524
0.190067
0.190338
0.189796
0.190813
0.193741
0.191595
0.191514
0.190423
0.189983
0.193656
0.190454
0.192027
0.191541
0.191047
0.192761
0.19066
0.194232
0.191467
0.190372
0.193248
0.190568
0.195683
0.190795
0.190531
0.193735
0.191143
0.195668
0.190726
0.190738
0.193547
0.190817
0.194469
0.190923
0.18955
0.193268
0.189498
0.190873
0.190327
0.189945
0.192603
0.191456
0.189865
0.190949
0.190272
0.197713
0.19039
0.191464
0.19059
0.191402
0.198336
0.191425
0.189017
0.191016
0.190007
0.195875
0.193653
0.19033
0.189581
0.190395
0.191203
0.192385
0.19102
0.190438
0.190951
0.191134
0.193295
0.189663
0.196454
0.190147
0.189958
0.19233
0.190831
0.19573
0.190763
0.190303
0.193068
0.190251
0.194927
0.190776
0.190863
0.192656
0.190811
0.195138
0.191308
0.190267
0.193124
0.191299
0.192174
0.190994
0.18932
0.193561
0.190094
0.190856
0.190049
0.19099
0.198097
0.190941
0.189889
0.191347
0.191371
0.197372
0.189126
0.190314
0.191081
0.191081
0.198828
0.190259
0.190194
0.190913
0.190764
0.198949
0.190934
0.189475
0.191076
0.190546
0.192253
0.191961
0.190864
0.191267
0.190589
0.190078
0.193472
0.191803
0.193993
0.190582
0.190207
0.19427
0.190579
0.196838
0.191218
0.190267
0.192536
0.191463
0.196445
0.190858
0.191229
0.192743
0.19076
0.197519
0.190659
0.190597
0.193098
0.190407
0.194193
0.190529
0.189919
0.193893
0.191216
0.191461
0.191257
0.190315
0.193347
0.191271
0.191483
0.191293
0.191148
0.197331
0.190401
0.190274
0.190056
0.190287
0.198888
0.1907
0.191483
0.191264
0.191518
0.198833
0.190627
0.190999
0.191606
0.190978
0.196988
0.19169
0.190134
0.191034
0.191802
0.193434
0.191034
0.191846
0.19117
0.190196
0.194138
0.191535
0.191632
0.197314
0.191042
0.190857
0.191971
0.191128
0.196537
0.191105
0.190651
0.192749
0.191607
0.193716
0.19019
0.191738
0.19081
0.190645
0.196344
0.191151
0.191209
0.191899
0.190337
0.19668
0.190348
0.191109
0.192479
0.189947
0.190591
0.190795
0.190689
0.192029
0.190445
0.19154
0.190558
0.190349
0.199125
0.191466
0.191299
0.191014
0.19081
0.19812
0.190365
0.190462
0.19133
0.190992
0.198171
0.18937
0.190831
0.190972
0.190815
0.199666
0.191125
0.190759
0.190197
0.19055
0.194333
0.190129
0.190641
0.188743
0.191684
0.193467
0.190388
0.190379
0.196508
0.189112
0.19373
0.190697
0.19088
0.195993
0.190816
0.194074
0.190475
0.191268
0.196492
0.190544
0.193369
0.19067
0.190907
0.196091
0.190504
0.19152
0.190627
0.190041
0.190574
0.191001
0.190222
0.19236
0.191727
0.190329
0.19095
0.190215
0.198525
0.190494
0.19004
0.190985
0.190745
0.198216
0.190674
0.190799
0.191217
0.190646
0.199237
0.190704
0.190426
0.19025
0.191303
0.198525
0.191013
0.191238
0.191609
0.190525
0.193322
0.190182
0.190002
0.191052
0.191157
0.193615
0.191648
0.190217
0.195813
0.189975
0.193416
0.189802
0.191194
0.195807
0.191228
0.192272
0.190414
0.191206
0.195514
0.190251
0.192918
0.1907
0.190928
0.19586
0.190156
0.194282
0.190785
0.190473
0.189392
0.190744
0.192747
0.190538
0.190762
0.190561
0.189746
0.190504
0.198671
0.191349
0.190934
0.190619
0.190866
0.196866
0.190872
0.19106
0.190967
0.190107
0.197216
0.189917
0.19076
0.191087
0.190739
0.198447
0.189827
0.190071
0.19133
0.19085
0.193332
0.190427
0.189401
0.191329
0.190548
0.192193
0.190506
0.190314
0.195212
0.190582
0.192588
0.18971
0.190899
0.197169
0.191093
0.193089
0.1907
0.191215
0.195511
0.189858
0.192977
0.190953
0.189908
0.19003
0.190055
0.194006
0.189095
0.189524
0.18908
0.189079
0.191529
0.195006
0.18959
0.190242
0.189802
0.19104
0.194208
0.188059
0.18895
0.189213
0.188542
0.195597
0.188217
0.188546
0.188324
0.189488
0.192525
0.191198
0.190475
0.191853
0.189833
0.192472
0.190449
0.191366
0.19635
0.191785
0.19252
0.191085
0.191106
0.196167
0.191011
0.19337
0.190644
0.190815
0.196682
0.190996
0.193877
0.192
0.190049
0.196112
0.191061
0.192785
0.189076
0.191332
0.196747
0.19164
0.193148
0.191368
0.190614
0.191263
0.191385
0.193949
0.191017
0.190397
0.191289
0.191083
0.193397
0.193127
0.191184
0.19072
0.19048
0.193348
0.196209
0.191458
0.190745
0.190169
0.191946
0.195963
0.191365
0.190759
0.190187
0.193816
0.197033
0.191964
0.191035
0.192372
0.191917
0.196349
0.191335
0.191382
0.190921
0.194407
0.191982
0.190957
0.190941
0.191561
0.191387
0.191154
0.191457
0.189485
0.195045
0.189717
0.193127
0.190232
0.189385
0.193971
0.189704
0.191422
0.175894
0.177826
0.173811
0.193705
0.190812
0.194898
0.193308
0.192046
0.191224
0.189434
0.193841
0.193011
0.19162
0.193506
0.191076
0.194407
0.192975
0.1911
0.191291
0.190105
0.19473
0.193834
0.190158
0.19375
0.191163
0.194016
0.193595
0.192194
0.191458
0.192814
0.194902
0.193216
0.18961
0.191286
0.191403
0.19361
0.194258
0.189889
0.196447
0.191903
0.192129
0.192055
0.190024
0.194959
0.189503
0.191723
0.19096
0.189771
0.1954
0.189591
0.192778
0.192273
0.19028
0.191216
0.190433
0.192756
0.191946
0.188434
0.190986
0.191536
0.194293
0.196946
0.191568
0.192315
0.193893
0.194823
0.195761
0.191119
0.191251
0.192807
0.193657
0.196603
0.190956
0.189559
0.191711
0.192767
0.194251
0.190414
0.190629
0.192554
0.194519
0.194175
0.191676
0.191175
0.19415
0.194626
0.193802
0.190928
0.190581
0.19392
0.193932
0.192931
0.189773
0.191565
0.193153
0.194143
0.192372
0.192543
0.191113
0.195698
0.193596
0.191522
0.19277
0.188828
0.19262
0.192644
0.190326
0.19177
0.189728
0.192486
0.190973
0.189135
0.191242
0.191417
0.196473
0.193373
0.191035
0.192688
0.191995
0.193283
0.192708
0.19139
0.190443
0.189111
0.19541
0.194272
0.191352
0.192826
0.191006
0.194668
0.19496
0.19198
0.18865
0.174651
0.17519
0.193288
0.189729
0.190223
0.192767
0.190095
0.190752
0.190823
0.19571
0.191495
0.190761
0.190247
0.190684
0.195591
0.192986
0.189683
0.190711
0.190139
0.195789
0.191683
0.190872
0.189716
0.191174
0.196095
0.193718
0.189412
0.190308
0.190533
0.190875
0.192267
0.190211
0.19019
0.190931
0.190301
0.193165
0.190662
0.196533
0.191067
0.190674
0.193415
0.190187
0.197042
0.191719
0.190698
0.191163
0.191364
0.196181
0.190808
0.189974
0.192066
0.1916
0.196638
0.189559
0.19016
0.190509
0.193192
0.196792
0.190311
0.19071
0.190538
0.192568
0.196358
0.190086
0.190973
0.191265
0.192758
0.191194
0.191454
0.190972
0.191204
0.1937
0.190809
0.190916
0.189045
0.191798
0.194159
0.189645
0.189038
0.190457
0.190436
0.193593
0.192029
0.191255
0.191129
0.195784
0.193101
0.190854
0.190545
0.190098
0.196025
0.193461
0.191152
0.191135
0.19075
0.19492
0.193517
0.190979
0.191729
0.191057
0.196075
0.193808
0.190893
0.191716
0.191086
0.195535
0.193983
0.191745
0.191024
0.19002
0.190906
0.192093
0.190683
0.190622
0.190859
0.190202
0.193726
0.189762
0.195703
0.190851
0.190704
0.193615
0.190779
0.195474
0.189088
0.190448
0.192269
0.191484
0.195947
0.191257
0.190668
0.193403
0.190381
0.190382
0.190922
0.190392
0.190064
0.192065
0.190498
0.191162
0.190243
0.1961
0.193577
0.190769
0.190895
0.190246
0.195536
0.193101
0.190838
0.190929
0.190446
0.196241
0.19359
0.19026
0.190388
0.1908
0.197001
0.193405
0.191041
0.190821
0.191303
0.196172
0.192469
0.190374
0.191279
0.190834
0.191746
0.192935
0.190328
0.190563
0.191157
0.190373
0.193555
0.190986
0.195984
0.190669
0.191258
0.193497
0.190335
0.196669
0.191455
0.191124
0.19408
0.189614
0.196105
0.191466
0.190618
0.193582
0.190921
0.193456
0.191107
0.190399
0.193485
0.190372
0.191743
0.1913
0.190416
0.19381
0.191216
0.191626
0.19127
0.1901
0.196757
0.191121
0.191161
0.190619
0.18922
0.197701
0.191637
0.188866
0.190431
0.189929
0.196296
0.192169
0.1899
0.190766
0.190029
0.195209
0.193194
0.190365
0.190386
0.189826
0.191066
0.193189
0.191504
0.18201
0.190475
0.191844
0.188835
0.190454
0.189863
0.19097
0.193356
0.189292
0.189977
0.188042
0.192983
0.189576
0.191293
0.190792
0.191309
0.193371
0.189257
0.189681
0.190311
0.189857
0.198548
0.189611
0.189699
0.188746
0.190465
0.200008
0.190918
0.191766
0.191648
0.191093
0.198616
0.190979
0.191607
0.190383
0.190147
0.197231
0.189824
0.190112
0.190596
0.190244
0.197815
0.191211
0.191435
0.190345
0.189035
0.190605
0.192179
0.189147
0.190774
0.190088
0.190591
0.191892
0.18934
0.195517
0.190142
0.190988
0.191629
0.190201
0.193818
0.190258
0.189897
0.192742
0.190651
0.194038
0.189877
0.189298
0.192268
0.189791
0.191019
0.190253
0.189548
0.192157
0.190375
0.190131
0.189457
0.189294
0.198146
0.189654
0.190962
0.190388
0.18953
0.197823
0.189031
0.174595
0.192541
0.197732
0.189114
0.189384
0.189374
0.190159
0.190579
0.190928
0.195887
0.190048
0.190693
0.192327
0.190779
0.195346
0.190138
0.190128
0.192418
0.190284
0.194881
0.190295
0.190558
0.193435
0.190637
0.19119
0.189995
0.189421
0.192957
0.1904
0.190697
0.19072
0.191116
0.191992
0.188648
0.194137
0.190787
0.190606
0.193801
0.191409
0.197197
0.190971
0.189854
0.193396
0.191575
0.19118
0.190477
0.19086
0.194143
0.190538
0.190369
0.19199
0.190918
0.198773
0.189865
0.190677
0.191326
0.190925
0.198721
0.190754
0.190018
0.19105
0.191063
0.198723
0.190779
0.189549
0.190293
0.189212
0.199525
0.192084
0.191398
0.191346
0.190552
0.198636
0.190758
0.191751
0.191984
0.191505
0.194324
0.191147
0.191701
0.191128
0.191446
0.193521
0.19113
0.191625
0.195089
0.19127
0.193633
0.191282
0.190038
0.194589
0.190463
0.193734
0.191715
0.191185
0.194399
0.191112
0.191237
0.193964
0.191364
0.196006
0.190184
0.190652
0.19393
0.191191
0.192165
0.190914
0.190481
0.193754
0.191683
0.190473
0.191025
0.190891
0.198976
0.191624
0.191051
0.191608
0.191269
0.199141
0.191259
0.19143
0.191217
0.190825
0.196449
0.191295
0.190785
0.191245
0.191367
0.199051
0.191494
0.190557
0.189652
0.190977
0.198314
0.191124
0.189749
0.190004
0.191371
0.193666
0.190486
0.190224
0.191178
0.190444
0.192694
0.191579
0.191235
0.189917
0.190897
0.193579
0.191069
0.190143
0.191085
0.191673
0.193853
0.191497
0.190422
0.190578
0.191737
0.193592
0.190205
0.190968
0.196175
0.189989
0.192863
0.189296
0.175163
0.193633
0.17826
0.192954
0.193426
0.191556
0.190325
0.196386
0.189626
0.19223
0.189123
0.189486
0.188752
0.186914
0.189054
0.187651
0.188059
0.18721
0.187257
0.186026
0.193867
0.187595
0.187901
0.188096
0.189664
0.198408
0.190344
0.189352
0.190265
0.190848
0.19294
0.190099
0.190826
0.189232
0.190669
0.193645
0.191176
0.189526
0.191081
0.191459
0.193444
0.189768
0.191276
0.190858
0.190647
0.1942
0.189999
0.191583
0.19079
0.191703
0.193465
0.190771
0.188802
0.193211
0.189008
0.191574
0.18918
0.189783
0.194561
0.189684
0.190699
0.190073
0.189761
0.195163
0.189405
0.191865
0.188908
0.18983
0.194791
0.189159
0.191873
0.189221
0.191464
0.191423
0.190315
0.191428
0.18906
0.189491
0.189214
0.188773
0.192661
0.193936
0.189036
0.189227
0.189757
0.189374
0.196362
0.189249
0.189473
0.189989
0.190661
0.192375
0.189684
0.189414
0.190293
0.190024
0.192821
0.189877
0.190077
0.196347
0.191089
0.193011
0.189831
0.189681
0.194586
0.190033
0.192367
0.189772
0.189852
0.195179
0.189924
0.190982
0.190141
0.189433
0.195494
0.190026
0.192358
0.189788
0.188726
0.189068
0.189603
0.193054
0.190275
0.189879
0.189413
0.189617
0.192327
0.195212
0.190467
0.189706
0.19064
0.191469
0.195205
0.18962
0.189874
0.190518
0.192056
0.195594
0.18933
0.189927
0.189616
0.190993
0.190168
0.189963
0.189253
0.189293
0.189292
0.19269
0.190312
0.189787
0.195477
0.190231
0.207092
0.189982
0.189559
0.195096
0.189866
0.19187
0.189036
0.18917
0.195169
0.189039
0.193591
0.188282
0.189256
0.190351
0.189923
0.191408
0.202887
0.189239
0.190102
0.189493
0.192003
0.192666
0.190987
0.191389
0.190545
0.193418
0.19711
0.190661
0.19118
0.189081
0.19182
0.197332
0.191371
0.191266
0.181635
0.189101
0.191181
0.19072
0.19663
0.191664
0.191917
0.190812
0.190887
0.196247
0.191246
0.192647
0.190699
0.190772
0.195967
0.190255
0.192403
0.191053
0.189977
0.190241
0.189771
0.193101
0.190667
0.19149
0.190979
0.189217
0.207256
0.189943
0.18956
0.188715
0.189307
0.192093
0.192858
0.191345
0.189771
0.189135
0.192307
0.194695
0.191096
0.191247
0.19165
0.191836
0.209883
0.191318
0.194446
0.190401
0.192536
0.190938
0.191626
0.190598
0.190724
0.193024
0.190234
0.191575
0.191613
0.190439
0.193436
0.190678
0.190102
0.190617
0.191009
0.192782
0.195047
0.190342
0.191207
0.190686
0.193179
0.196245
0.191477
0.190602
0.190656
0.19266
0.194356
0.189464
0.1888
0.189739
0.192989
0.195897
0.190646
0.19001
0.191182
0.193604
0.196073
0.191779
0.190966
0.190761
0.192362
0.196851
0.190707
0.190922
0.190827
0.193855
0.191869
0.191443
0.191133
0.19157
0.192408
0.190091
0.191347
0.191248
0.197791
0.193522
0.190384
0.191255
0.190681
0.196257
0.194142
0.190596
0.191609
0.190559
0.196068
0.19374
0.191162
0.190492
0.191479
0.196752
0.193971
0.190903
0.191535
0.191106
0.194783
0.193915
0.19039
0.191272
0.190724
0.191268
0.193658
0.191301
0.190522
0.190603
0.190707
0.191669
0.19113
0.196883
0.190933
0.191191
0.191165
0.192791
0.195019
0.189894
0.191094
0.191641
0.193015
0.196238
0.189284
0.191292
0.190509
0.193693
0.196169
0.190612
0.190029
0.190716
0.193835
0.191111
0.189725
0.191102
0.189083
0.19184
0.194687
0.190223
0.189384
0.191046
0.191887
0.194583
0.190497
0.190574
0.191214
0.193129
0.191688
0.190286
0.190729
0.189755
0.191947
0.191855
0.191588
0.19011
0.191405
0.193584
0.189722
0.19145
0.191498
0.191467
0.191843
0.190799
0.190673
0.189804
0.18937
0.192785
0.191577
0.190823
0.18937
0.190529
0.193208
0.190093
0.190079
0.189846
0.194391
0.191989
0.190235
0.189967
0.189819
0.195408
0.191759
0.191287
0.190891
0.190804
0.195902
0.193627
0.19081
0.191004
0.190889
0.196308
0.194094
0.191138
0.190925
0.190463
0.195391
0.192809
0.191044
0.191585
0.191364
0.190698
0.19288
0.189826
0.190204
0.189563
0.190129
0.192866
0.190201
0.194847
0.189559
0.189753
0.192816
0.190563
0.194986
0.189697
0.190305
0.192165
0.190336
0.19567
0.190334
0.191122
0.190566
0.191828
0.189708
0.189667
0.189098
0.18847
0.19114
0.189657
0.189268
0.19096
0.19686
0.193869
0.191322
0.190314
0.191393
0.197194
0.193546
0.190909
0.190969
0.189997
0.19637
0.193471
0.191058
0.190741
0.190912
0.197486
0.193631
0.190152
0.190464
0.190843
0.191605
0.192498
0.190403
0.19098
0.191164
0.191335
0.192095
0.190959
0.19493
0.190726
0.191676
0.193508
0.190179
0.194681
0.190569
0.190772
0.19346
0.191016
0.195994
0.189556
0.190521
0.193037
0.19028
0.196803
0.190723
0.190981
0.192878
0.191157
0.196724
0.191264
0.189079
0.193395
0.18996
0.194418
0.190417
0.191605
0.193763
0.191062
0.196047
0.190944
0.191461
0.19386
0.190278
0.196946
0.191479
0.191799
0.195324
0.190654
0.196916
0.191503
0.190703
0.192875
0.190668
0.190944
0.19149
0.191695
0.195497
0.190808
0.190841
0.191475
0.190937
0.194181
0.191036
0.19082
0.191017
0.191324
0.198464
0.191068
0.190309
0.189873
0.190877
0.198392
0.191231
0.190972
0.19105
0.190459
0.195384
0.19226
0.190458
0.190871
0.191063
0.195461
0.192468
0.191069
0.191045
0.19012
0.19152
0.19265
0.191123
0.190744
0.190382
0.190747
0.192706
0.191317
0.19599
0.191046
0.190149
0.193377
0.191506
0.196554
0.190312
0.18997
0.193286
0.190748
0.195091
0.190357
0.189726
0.192129
0.191072
0.194683
0.19076
0.190713
0.193209
0.189995
0.191243
0.190849
0.19133
0.193439
0.189717
0.191413
0.190538
0.191303
0.198274
0.190922
0.190545
0.19073
0.19138
0.198812
0.190205
0.190534
0.190667
0.191364
0.198459
0.19073
0.19061
0.191088
0.190762
0.190648
0.191942
0.190856
0.191103
0.190724
0.190894
0.193598
0.190223
0.197156
0.190894
0.189969
0.192178
0.190551
0.196677
0.190881
0.190753
0.192406
0.190687
0.19661
0.190873
0.190503
0.193165
0.191389
0.19657
0.191019
0.189798
0.193911
0.191293
0.190915
0.191256
0.190848
0.193166
0.191227
0.190116
0.191225
0.190425
0.195969
0.190858
0.190431
0.190766
0.190009
0.198212
0.191277
0.190906
0.190118
0.190616
0.197687
0.19056
0.191022
0.190751
0.190064
0.197713
0.190328
0.191538
0.190895
0.1916
0.194099
0.190797
0.190462
0.189348
0.19016
0.190221
0.191018
0.190443
0.195985
0.190806
0.19081
0.192973
0.191859
0.195858
0.191114
0.190871
0.192284
0.190726
0.196586
0.190268
0.191261
0.194043
0.190809
0.197245
0.191694
0.190441
0.194039
0.190521
0.190339
0.190621
0.190374
0.192941
0.190634
0.190861
0.187997
0.191559
0.19619
0.19046
0.190891
0.19068
0.189456
0.198441
0.191293
0.190855
0.191107
0.189941
0.199
0.191094
0.190613
0.189852
0.190075
0.19881
0.189929
0.189851
0.191163
0.190696
0.199022
0.191095
0.190897
0.191134
0.191218
0.199408
0.189788
0.190408
0.19051
0.190718
0.192307
0.190418
0.191058
0.191748
0.191188
0.192731
0.190012
0.191464
0.195774
0.191429
0.194543
0.190899
0.190474
0.196313
0.189535
0.193955
0.191132
0.190976
0.196582
0.191217
0.193076
0.191518
0.190391
0.197317
0.191637
0.194878
0.191709
0.190784
0.196555
0.189996
0.194336
0.191174
0.190563
0.196074
0.191032
0.193545
0.19124
0.191349
0.196408
0.189687
0.192474
0.191189
0.191398
0.193029
0.190351
0.189694
0.192223
0.191176
0.192
0.19095
0.190341
0.194646
0.190516
0.190801
0.190883
0.189861
0.198522
0.191441
0.190086
0.189909
0.190735
0.198445
0.190407
0.189834
0.190105
0.191154
0.198682
0.191322
0.190977
0.190843
0.191171
0.1933
0.190363
0.190931
0.190014
0.191637
0.192687
0.190367
0.190274
0.196188
0.192038
0.193035
0.193304
0.190129
0.196531
0.191782
0.194647
0.194666
0.190541
0.197023
0.190755
0.192314
0.195021
0.190808
0.195218
0.191624
0.194713
0.194806
0.190681
0.196216
0.190488
0.194467
0.193903
0.190177
0.19369
0.190646
0.194785
0.194309
0.191449
0.193414
0.191054
0.192726
0.192839
0.191007
0.191751
0.192963
0.194812
0.195498
0.191479
0.191144
0.193404
0.190411
0.198603
0.189893
0.191477
0.194133
0.191083
0.19952
0.191697
0.190532
0.194357
0.190942
0.199846
0.19158
0.190915
0.193398
0.191036
0.200002
0.19078
0.191843
0.194207
0.191565
0.195737
0.191986
0.191203
0.194226
0.191337
0.19616
0.190915
0.191397
0.194267
0.191281
0.193743
0.193676
0.191706
0.1972
0.190806
0.194637
0.193609
0.192352
0.196895
0.191858
0.19463
0.194492
0.191517
0.197368
0.191074
0.19363
0.194308
0.191172
0.197055
0.19195
0.193005
0.194509
0.190904
0.19654
0.191256
0.193263
0.193606
0.19031
0.19558
0.190643
0.194098
0.193062
0.191144
0.192379
0.191392
0.194067
0.193159
0.190031
0.192343
0.190225
0.192887
0.193867
0.190819
0.190676
0.193038
0.194642
0.196866
0.190714
0.191072
0.1928
0.193941
0.196809
0.190968
0.191481
0.194661
0.193452
0.19754
0.190806
0.190756
0.194219
0.194519
0.19698
0.192125
0.192091
0.194862
0.193807
0.196932
0.191625
0.192236
0.195035
0.193181
0.196958
0.191778
0.191691
0.195317
0.194907
0.192375
0.191262
0.191452
0.193098
0.19271
0.193219
0.190114
0.190811
0.194072
0.193262
0.192117
0.19153
0.191732
0.194146
0.190794
0.193365
0.193313
0.190449
0.196058
0.190342
0.193062
0.193195
0.190877
0.196616
0.191318
0.193218
0.194158
0.19021
0.196456
0.190821
0.193877
0.194351
0.191514
0.197019
0.190456
0.194293
0.193715
0.190189
0.196467
0.19103
0.195104
0.193165
0.190983
0.193179
0.190872
0.193752
0.193579
0.191087
0.191907
0.190597
0.193675
0.192674
0.191166
0.191628
0.192401
0.193696
0.197458
0.190338
0.190786
0.193542
0.193995
0.195626
0.191088
0.190346
0.193732
0.191625
0.196204
0.190674
0.191053
0.193667
0.195001
0.196309
0.190669
0.190469
0.191495
0.194393
0.196783
0.190155
0.190208
0.194584
0.193806
0.197122
0.191082
0.19116
0.194724
0.194898
0.1938
0.191853
0.191901
0.19532
0.194311
0.193749
0.191274
0.190226
0.193143
0.193592
0.191825
0.193804
0.191104
0.196258
0.195027
0.191345
0.193475
0.191103
0.198112
0.193161
0.191792
0.194708
0.192124
0.196367
0.194721
0.191882
0.194507
0.191499
0.195696
0.194189
0.191041
0.194068
0.191646
0.197912
0.195318
0.1916
0.194876
0.192062
0.197717
0.194311
0.192031
0.193607
0.192014
0.194794
0.194973
0.19062
0.194454
0.191606
0.196124
0.193775
0.191463
0.195083
0.191869
0.197298
0.19413
0.192124
0.194063
0.191933
0.197136
0.193908
0.192087
0.194056
0.192571
0.197814
0.194835
0.189808
0.194625
0.191077
0.196691
0.194248
0.191557
0.195072
0.191393
0.192281
0.195169
0.191067
0.194882
0.191319
0.192729
0.190395
0.188898
0.197178
0.191767
0.193272
0.191636
0.192438
0.197527
0.192743
0.192363
0.19566
0.195088
0.196031
0.193029
0.192385
0.196593
0.195201
0.197579
0.192338
0.192208
0.198261
0.195698
0.197887
0.19179
0.192141
0.197332
0.238745
0.198049
0.192855
0.197489
0.194834
0.193086
0.197395
0.191936
0.197776
0.19479
0.193003
0.197338
0.192413
0.197753
0.195266
0.193096
0.198407
0.193272
0.197735
0.195274
0.192541
0.196805
0.192745
0.194433
0.194405
0.192654
0.197431
0.193208
0.197727
0.196131
0.192925
0.198359
0.192396
0.197726
0.195844
0.192607
0.197215
0.193093
0.198175
0.196083
0.192619
0.198455
0.193383
0.198094
0.19526
0.192869
0.197386
0.191498
0.195935
0.194749
0.192386
0.197023
0.192323
0.178418
0.173714
0.172898
0.171736
0.172561
0.191048
0.171997
0.192408
0.1928
0.189822
0.194298
0.189592
0.188969
0.192735
0.189582
0.188826
0.18989
0.189354
0.189114
0.190296
0.171104
0.171341
0.172813
0.171586
0.175147
0.17251
0.171591
0.17138
0.170781
0.17095
0.170278
0.170573
0.171099
0.190872
0.171707
0.192468
0.196845
0.190447
0.190839
0.19305
0.190908
0.197106
0.19038
0.190323
0.191917
0.189601
0.190312
0.190911
0.189756
0.193907
0.189664
0.190956
0.194216
0.18874
0.19239
0.18936
0.188943
0.193936
0.189353
0.194231
0.190471
0.190553
0.194477
0.190023
0.195667
0.190525
0.190663
0.19514
0.190405
0.192276
0.190619
0.189246
0.193037
0.1903
0.19383
0.188902
0.190244
0.194649
0.191397
0.191389
0.191332
0.189662
0.19353
0.190564
0.1895
0.190816
0.190131
0.196487
0.188739
0.189757
0.191482
0.189102
0.196406
0.190166
0.190393
0.191814
0.191631
0.197862
0.19113
0.189123
0.19242
0.18909
0.198502
0.188965
0.190386
0.190538
0.191046
0.195413
0.191084
0.190815
0.191083
0.190705
0.198139
0.19063
0.19091
0.191935
0.189835
0.198292
0.191668
0.190301
0.192874
0.190865
0.198615
0.19141
0.190614
0.193475
0.190806
0.197605
0.190394
0.191138
0.193184
0.191285
0.19858
0.18902
0.190631
0.193135
0.190023
0.198019
0.190801
0.190355
0.191944
0.191476
0.198081
0.189504
0.190955
0.191795
0.191642
0.198251
0.19174
0.192141
0.192567
0.189509
0.197442
0.190964
0.190836
0.192159
0.190156
0.194054
0.190132
0.191357
0.191726
0.191096
0.193108
0.191427
0.191121
0.195592
0.191331
0.193897
0.191567
0.189713
0.196034
0.190555
0.193645
0.191774
0.190532
0.194983
0.190925
0.190306
0.19317
0.190893
0.192774
0.190672
0.190177
0.193864
0.190516
0.190872
0.191086
0.190984
0.19482
0.190714
0.190986
0.191612
0.190718
0.197976
0.189786
0.191923
0.19165
0.191242
0.197609
0.190697
0.190188
0.192901
0.190743
0.197586
0.190702
0.190683
0.191376
0.190207
0.195021
0.190606
0.191099
0.192566
0.19004
0.19273
0.190856
0.191618
0.191832
0.190819
0.192769
0.19077
0.190761
0.19531
0.191114
0.193614
0.19235
0.190479
0.196014
0.189549
0.193095
0.191049
0.190816
0.195011
0.191379
0.193405
0.192486
0.190688
0.193711
0.188092
0.19346
0.192044
0.19197
0.191052
0.191832
0.192483
0.192028
0.189834
0.194543
0.190711
0.19352
0.192094
0.190166
0.195689
0.18987
0.192852
0.19212
0.189905
0.193617
0.1909
0.19222
0.191531
0.189932
0.196108
0.190439
0.192759
0.190702
0.189692
0.192033
0.191032
0.194889
0.192431
0.190442
0.190751
0.190326
0.193499
0.194685
0.189542
0.189376
0.190612
0.189876
0.177232
0.190168
0.192662
0.190755
0.190486
0.195032
0.189674
0.19406
0.189948
0.189963
0.191394
0.189553
0.19613
0.189728
0.189746
0.191694
0.19089
0.193724
0.188276
0.189445
0.191633
0.190399
0.192127
0.1909
0.190782
0.193172
0.191121
0.193936
0.192577
0.189359
0.195128
0.190747
0.193564
0.193296
0.189667
0.193708
0.190125
0.192559
0.191832
0.188518
0.193991
0.189637
0.194567
0.190432
0.191099
0.195703
0.189771
0.193724
0.191903
0.189147
0.195146
0.190154
0.192691
0.191999
0.188901
0.194251
0.189372
0.191416
0.192533
0.189096
0.192121
0.191354
0.193398
0.191385
0.189561
0.19531
0.189715
0.193722
0.193356
0.19141
0.195529
0.191221
0.193236
0.1926
0.191095
0.195176
0.190927
0.192096
0.192377
0.190226
0.195125
0.190587
0.192597
0.191215
0.190413
0.190283
0.190192
0.19358
0.193289
0.190916
0.191826
0.190937
0.19345
0.195919
0.191401
0.190763
0.191499
0.193117
0.194885
0.190961
0.191497
0.192059
0.193382
0.194524
0.190739
0.190326
0.193016
0.194507
0.19431
0.190643
0.190502
0.192136
0.193183
0.192251
0.191427
0.19053
0.191049
0.190858
0.193142
0.191212
0.19028
0.194821
0.18966
0.193312
0.1917
0.190177
0.195097
0.190302
0.193339
0.192059
0.19146
0.195765
0.190405
0.194004
0.19179
0.191108
0.193328
0.191521
0.193537
0.192268
0.19014
0.19099
0.191298
0.193619
0.192228
0.191151
0.190698
0.194637
0.19774
0.19749
0.192229
0.191917
0.198489
0.195432
0.198317
0.192263
0.192133
0.198272
0.195815
0.198486
0.191897
0.191735
0.198321
0.196151
0.197593
0.19169
0.19159
0.197925
0.19591
0.197351
0.19163
0.191796
0.198022
0.194885
0.197255
0.191578
0.191683
0.197955
0.195877
0.197923
0.191213
0.192268
0.197734
0.195474
0.196887
0.192915
0.192174
0.198032
0.195981
0.195973
0.192494
0.192275
0.198021
0.195609
0.195696
0.192641
0.192484
0.197865
0.19471
0.19752
0.19222
0.191693
0.198376
0.195168
0.197465
0.192418
0.191905
0.198933
0.196955
0.19844
0.191977
0.192816
0.197621
0.194403
0.197815
0.192449
0.189485
0.197968
0.191655
0.193803
0.189411
0.191591
0.195248
0.194806
0.196376
0.19202
0.192154
0.196974
0.195336
0.197422
0.191896
0.191607
0.19845
0.193618
0.195037
0.190752
0.191018
0.196989
0.195448
0.194897
0.192121
0.19204
0.198047
0.194656
0.196911
0.192226
0.191522
0.197208
0.194005
0.196254
0.191242
0.191912
0.198976
0.194585
0.196941
0.192152
0.192691
0.198161
0.19526
0.197487
0.192481
0.193396
0.198332
0.195846
0.194699
0.191925
0.191774
0.197841
0.195359
0.198142
0.192713
0.192472
0.19827
0.196286
0.198138
0.192536
0.19248
0.199264
0.194882
0.196163
0.19264
0.19254
0.198057
0.195331
0.197339
0.192689
0.192045
0.198394
0.19591
0.194643
0.188963
0.192429
0.198407
0.196359
0.197702
0.192438
0.191795
0.198508
0.193937
0.198327
0.191757
0.19249
0.198478
0.194549
0.197298
0.190665
0.192879
0.198379
0.194001
0.197346
0.192201
0.192445
0.197736
0.194342
0.197567
0.191748
0.191577
0.198488
0.193819
0.196588
0.19262
0.192089
0.197148
0.194699
0.198187
0.191625
0.192813
0.198429
0.194039
0.197287
0.192843
0.191942
0.200978
0.193933
0.197776
0.191433
0.192247
0.19816
0.189976
0.194589
0.188219
0.191936
0.198387
0.19241
0.198583
0.188861
0.189453
0.191605
0.192052
0.194129
0.189094
0.197506
0.196032
0.192344
0.19543
0.189485
0.195753
0.193127
0.198235
0.18932
0.192067
0.200565
0.192307
0.197446
0.192518
0.18897
0.191838
0.192367
0.197436
0.193198
0.198814
0.195016
0.19132
0.198364
0.192497
0.198178
0.19389
0.192706
0.198261
0.192052
0.198648
0.194444
0.192145
0.198106
0.192774
0.198147
0.196263
0.192192
0.198743
0.192238
0.198762
0.194471
0.192297
0.198853
0.192208
0.194058
0.195894
0.192899
0.198209
0.191748
0.198518
0.199496
0.19221
0.198448
0.192493
0.198896
0.195648
0.191946
0.19783
0.192538
0.195536
0.191628
0.192055
0.197115
0.192606
0.198695
0.193335
0.194004
0.189295
0.190944
0.197985
0.192149
0.197736
0.192809
0.192935
0.201315
0.192255
0.198196
0.192061
0.192283
0.201318
0.188489
0.194758
0.192534
0.175686
0.189327
0.196662
0.191143
0.189453
0.193447
0.188762
0.196126
0.190635
0.190726
0.19181
0.190309
0.190044
0.190089
0.195982
0.192516
0.189429
0.191529
0.191289
0.195478
0.193204
0.18971
0.189195
0.189334
0.190736
0.189262
0.189044
0.189398
0.188445
0.192422
0.188851
0.188508
0.188549
0.191885
0.189264
0.196058
0.191181
0.191011
0.192803
0.189813
0.194842
0.189823
0.191084
0.193576
0.189605
0.19559
0.189808
0.190741
0.192112
0.19108
0.190731
0.190303
0.189544
0.192453
0.190503
0.195351
0.188832
0.190827
0.193329
0.190643
0.191722
0.19055
0.190927
0.191627
0.18927
0.196524
0.190784
0.190646
0.193537
0.19082
0.191126
0.190165
0.189797
0.191059
0.19041
0.195931
0.190784
0.191407
0.192706
0.190213
0.196214
0.191071
0.191611
0.193496
0.190112
0.196399
0.188821
0.190412
0.193443
0.191626
0.194085
0.189985
0.190715
0.192645
0.189835
0.194676
0.190622
0.189942
0.192513
0.189258
0.18912
0.190608
0.196027
0.188903
0.190941
0.190492
0.191326
0.192848
0.190706
0.191039
0.188419
0.190904
0.191367
0.189478
0.188963
0.190875
0.188326
0.188879
0.194243
0.188503
0.1901
0.195971
0.191305
0.19659
0.190463
0.191791
0.183695
0.189744
0.190815
0.191043
0.198737
0.190912
0.191698
0.190595
0.189034
0.196954
0.189548
0.193213
0.189811
0.190728
0.195756
0.191641
0.192841
0.190679
0.191142
0.195818
0.191199
0.191425
0.193235
0.191916
0.192914
0.189343
0.193134
0.190155
0.192094
0.195894
0.189441
0.191204
0.190012
0.189931
0.194436
0.190075
0.1966
0.190541
0.190316
0.195442
0.190409
0.19665
0.191171
0.191314
0.195812
0.19167
0.193499
0.191921
0.19103
0.19555
0.191445
0.192913
0.191599
0.191951
0.196285
0.19151
0.191775
0.192166
0.191658
0.197822
0.190842
0.191098
0.192366
0.191087
0.198613
0.190831
0.190857
0.191577
0.18873
0.195831
0.189371
0.196017
0.190292
0.191184
0.191482
0.191187
0.195604
0.189268
0.194348
0.187286
0.191029
0.190685
0.191311
0.19775
0.189256
0.191691
0.191498
0.191334
0.195549
0.187928
0.193105
0.191216
0.192726
0.182784
0.195186
0.19157
0.193347
0.191777
0.191614
0.196157
0.19165
0.194259
0.192728
0.190774
0.19616
0.191275
0.19385
0.192663
0.189785
0.194154
0.190577
0.193377
0.193071
0.191183
0.196303
0.190713
0.193434
0.192156
0.19199
0.196257
0.191648
0.191889
0.19289
0.190579
0.195434
0.190549
0.194549
0.193267
0.191922
0.195547
0.190374
0.193342
0.193655
0.19147
0.196485
0.19119
0.19221
0.193028
0.192178
0.196678
0.192228
0.194601
0.193763
0.191348
0.196734
0.191525
0.192797
0.194216
0.189471
0.194327
0.191897
0.195566
0.191927
0.192035
0.195262
0.19206
0.194078
0.191938
0.191176
0.193271
0.191232
0.194497
0.193873
0.191503
0.196195
0.190618
0.194661
0.19306
0.191434
0.192941
0.190788
0.193959
0.193365
0.191787
0.192252
0.189943
0.194272
0.192001
0.191354
0.192751
0.190852
0.194461
0.193093
0.190588
0.191446
0.19189
0.19057
0.197787
0.192544
0.192419
0.197332
0.191789
0.198989
0.191873
0.192182
0.194296
0.190816
0.198532
0.192279
0.190745
0.193865
0.19136
0.19903
0.191375
0.192351
0.1942
0.191146
0.199419
0.19126
0.19072
0.19472
0.192139
0.198993
0.190207
0.191152
0.194004
0.191405
0.197167
0.190612
0.191613
0.194237
0.191368
0.196589
0.190454
0.190366
0.194284
0.191187
0.194791
0.19331
0.192092
0.196865
0.191962
0.193519
0.194624
0.191946
0.196726
0.190642
0.193931
0.193774
0.191169
0.196541
0.191153
0.195111
0.193933
0.192008
0.19702
0.191749
0.19475
0.194663
0.191529
0.197011
0.189402
0.193577
0.194811
0.191138
0.196313
0.191567
0.194139
0.193682
0.191761
0.193374
0.190918
0.193813
0.194725
0.189761
0.193589
0.19144
0.192545
0.193033
0.191411
0.191445
0.192754
0.193422
0.196832
0.191025
0.192299
0.193906
0.194336
0.196913
0.1906
0.191629
0.194039
0.194477
0.195309
0.191995
0.190887
0.194353
0.195073
0.195755
0.191552
0.190814
0.194041
0.192418
0.197883
0.191685
0.191128
0.194959
0.193939
0.195276
0.191285
0.190529
0.193744
0.193854
0.197609
0.191926
0.190504
0.193508
0.191456
0.193288
0.191287
0.191307
0.193628
0.190654
0.19411
0.194098
0.189916
0.193818
0.191364
0.194948
0.191705
0.191677
0.193577
0.190516
0.194678
0.193296
0.191628
0.196716
0.191553
0.194199
0.189579
0.18933
0.191924
0.194312
0.193481
0.191027
0.191713
0.193102
0.19369
0.19083
0.193137
0.18965
0.194794
0.190322
0.192729
0.193843
0.189891
0.19695
0.190533
0.192666
0.193379
0.189789
0.195525
0.190806
0.192916
0.193657
0.190875
0.196678
0.189769
0.192965
0.193472
0.190721
0.192868
0.19007
0.19131
0.192803
0.190577
0.19218
0.190439
0.192561
0.192487
0.190002
0.1903
0.193036
0.192324
0.195064
0.191016
0.173421
0.192387
0.189537
0.1913
0.192779
0.190789
0.190324
0.191309
0.1902
0.19421
0.190033
0.191364
0.190647
0.191472
0.193081
0.196343
0.191136
0.190267
0.190738
0.193265
0.196835
0.191074
0.191154
0.190779
0.19315
0.195629
0.191006
0.190553
0.188874
0.193744
0.196753
0.191021
0.191954
0.191942
0.192804
0.197133
0.189849
0.176469
0.174389
0.192154
0.191285
0.192855
0.196154
0.190389
0.191405
0.191473
0.193941
0.196942
0.190838
0.189089
0.191253
0.193352
0.197749
0.191025
0.191159
0.189703
0.193906
0.197039
0.190805
0.191244
0.191991
0.193259
0.1966
0.190569
0.191504
0.19099
0.193129
0.191374
0.191194
0.191437
0.191583
0.193892
0.189036
0.191267
0.191252
0.191958
0.194347
0.190164
0.189858
0.188785
0.190521
0.193119
0.191225
0.190859
0.190885
0.191106
0.193115
0.191364
0.191533
0.189591
0.190932
0.193848
0.191938
0.191715
0.190769
0.196299
0.19385
0.190639
0.190132
0.191383
0.196006
0.193301
0.190136
0.191273
0.191635
0.196108
0.193212
0.190912
0.190881
0.190748
0.197082
0.194012
0.190823
0.192071
0.190555
0.191173
0.193895
0.190084
0.190211
0.191174
0.190795
0.19246
0.190392
0.196564
0.191655
0.190816
0.190627
0.192296
0.195827
0.190475
0.191347
0.191285
0.193463
0.19662
0.189845
0.191057
0.192197
0.19296
0.197496
0.191128
0.191234
0.191063
0.193159
0.196904
0.18902
0.191281
0.190723
0.194105
0.191338
0.191046
0.191485
0.190071
0.193314
0.191627
0.191305
0.191297
0.194623
0.193815
0.191029
0.191899
0.190453
0.19644
0.193137
0.191595
0.192231
0.191221
0.195816
0.19392
0.190614
0.192051
0.190594
0.196083
0.191858
0.189963
0.190746
0.192251
0.196417
0.193239
0.189819
0.19164
0.190698
0.191671
0.19357
0.190958
0.190361
0.190347
0.190794
0.19265
0.190486
0.193966
0.19152
0.190621
0.193101
0.191053
0.1962
0.190873
0.190769
0.193384
0.190997
0.195849
0.1906
0.190565
0.19338
0.190917
0.196373
0.191288
0.190539
0.189675
0.191825
0.190792
0.190464
0.190702
0.191598
0.19384
0.191187
0.190952
0.190602
0.196402
0.191779
0.189572
0.189374
0.190313
0.191226
0.192867
0.190371
0.190956
0.191062
0.191794
0.193825
0.190568
0.190201
0.190622
0.195974
0.192891
0.190045
0.191063
0.191197
0.196023
0.193709
0.191414
0.19165
0.191392
0.196018
0.19434
0.191182
0.191532
0.191419
0.196962
0.193884
0.191449
0.191016
0.191377
0.191996
0.192752
0.18973
0.190337
0.190407
0.191074
0.192959
0.190831
0.196377
0.188565
0.189979
0.193772
0.190117
0.19462
0.190193
0.19073
0.193802
0.191504
0.195799
0.19114
0.190569
0.193119
0.190619
0.196078
0.190618
0.190575
0.19393
0.191081
0.191435
0.190897
0.191336
0.193597
0.191356
0.19015
0.190521
0.190277
0.197105
0.192792
0.191059
0.191851
0.190269
0.196364
0.193567
0.190558
0.190865
0.190986
0.195655
0.193769
0.191725
0.191096
0.191257
0.191467
0.192126
0.191354
0.191746
0.191536
0.191452
0.193765
0.190537
0.193615
0.191255
0.191007
0.194265
0.19165
0.196781
0.190811
0.190087
0.193572
0.191004
0.197003
0.191293
0.19093
0.193923
0.192067
0.196052
0.190301
0.190974
0.192438
0.19053
0.196176
0.190351
0.190767
0.193382
0.190544
0.193978
0.191177
0.190442
0.192345
0.191228
0.196231
0.190446
0.191236
0.191504
0.19137
0.189872
0.190552
0.196025
0.189619
0.193806
0.190371
0.188563
0.193917
0.191155
0.191031
0.191071
0.191197
0.194721
0.190201
0.195368
0.189987
0.189884
0.19325
0.190256
0.196776
0.190802
0.189968
0.193744
0.190033
0.195745
0.190755
0.190562
0.193381
0.190337
0.196018
0.18871
0.190932
0.194458
0.1915
0.196334
0.19089
0.190461
0.193983
0.191583
0.19679
0.1908
0.189732
0.193823
0.190654
0.19141
0.191534
0.191649
0.193843
0.190654
0.190246
0.190035
0.190607
0.192811
0.190752
0.190335
0.189844
0.189518
0.191653
0.189566
0.19162
0.191009
0.192535
0.19068
0.189763
0.190716
0.190647
0.193611
0.188865
0.187915
0.191771
0.191141
0.195711
0.191008
0.191034
0.191654
0.19154
0.197159
0.191603
0.189658
0.188923
0.191172
0.194146
0.190638
0.190657
0.19007
0.190201
0.193262
0.190635
0.189164
0.190163
0.191525
0.193727
0.190002
0.192859
0.190607
0.190739
0.193733
0.191062
0.196434
0.189455
0.190807
0.194457
0.18879
0.195748
0.191548
0.191574
0.194049
0.189445
0.195996
0.190254
0.190876
0.190278
0.190552
0.18916
0.190189
0.193327
0.191288
0.190934
0.190806
0.190422
0.193211
0.191302
0.191466
0.192266
0.190703
0.193026
0.189139
0.190001
0.189758
0.189638
0.194143
0.191046
0.190985
0.190756
0.190299
0.193798
0.189768
0.190046
0.191179
0.190615
0.193871
0.18925
0.195236
0.191096
0.191095
0.194437
0.190515
0.196698
0.191204
0.191104
0.189243
0.191162
0.196575
0.190757
0.19339
0.188548
0.190341
0.191822
0.190103
0.197646
0.190979
0.191482
0.191608
0.19091
0.196737
0.191469
0.19044
0.190266
0.191835
0.199192
0.191258
0.190698
0.189872
0.190662
0.198961
0.191336
0.191487
0.191178
0.191218
0.198253
0.191428
0.189374
0.19069
0.189859
0.193282
0.191238
0.193759
0.1918
0.192849
0.189843
0.191333
0.191284
0.191345
0.19087
0.190636
0.187559
0.188114
0.189293
0.193886
0.19175
0.191323
0.196854
0.191575
0.194252
0.190733
0.191015
0.195798
0.191579
0.1939
0.190856
0.190466
0.195669
0.190077
0.193537
0.189998
0.189731
0.195316
0.183819
0.193287
0.190323
0.175131
0.186857
0.174904
0.177614
0.173484
0.174576
0.192633
0.190452
0.19146
0.189195
0.197851
0.190137
0.18948
0.190992
0.190659
0.19781
0.189796
0.190421
0.190933
0.190609
0.197353
0.190507
0.190306
0.191155
0.19051
0.199608
0.189651
0.1894
0.190786
0.19078
0.192517
0.189867
0.190222
0.19376
0.189647
0.192692
0.190487
0.189862
0.196896
0.180687
0.192394
0.189144
0.191086
0.190466
0.190379
0.191159
0.192936
0.189644
0.189625
0.183083
0.19049
0.188872
0.193067
0.175396
0.199072
0.189603
0.197382
0.189612
0.195438
0.191428
0.192319
0.191345
0.190008
0.192146
0.191065
0.193843
0.191706
0.188936
0.189195
0.186757
0.190046
0.189645
0.194944
0.189361
0.191841
0.188911
0.190238
0.191087
0.194372
0.196937
0.19003
0.189449
0.190359
0.193573
0.195801
0.190233
0.190079
0.190189
0.189839
0.197196
0.189943
0.190738
0.190823
0.190612
0.193137
0.189936
0.189863
0.191464
0.19114
0.194007
0.189762
0.191346
0.19109
0.191066
0.193132
0.191594
0.189502
0.19168
0.189274
0.192303
0.191206
0.191672
0.192624
0.191504
0.193963
0.190704
0.19058
0.196663
0.190998
0.193101
0.190876
0.190962
0.194081
0.191565
0.193685
0.191401
0.190765
0.196564
0.19167
0.191078
0.191278
0.191131
0.189155
0.189173
0.193379
0.188963
0.189428
0.191174
0.1911
0.189855
0.190964
0.190865
0.190258
0.193304
0.191429
0.190637
0.190531
0.191312
0.191853
0.191718
0.19137
0.192088
0.191825
0.191912
0.194149
0.191043
0.191096
0.196638
0.191198
0.181752
0.192157
0.190903
0.191634
0.193872
0.196215
0.189899
0.176942
0.195277
0.196996
0.191514
0.191239
0.194949
0.19439
0.197002
0.189973
0.192199
0.194622
0.193686
0.197206
0.191661
0.19205
0.194008
0.194934
0.197466
0.189438
0.191688
0.18961
0.194293
0.191567
0.191807
0.193788
0.193797
0.193789
0.190883
0.19162
0.194353
0.194329
0.193488
0.190933
0.191626
0.19438
0.19294
0.193798
0.188886
0.192286
0.189586
0.192564
0.193588
0.191965
0.19734
0.189947
0.192473
0.194852
0.191229
0.194628
0.192303
0.191577
0.193434
0.190115
0.192242
0.192723
0.197548
0.191161
0.190001
0.190288
0.19234
0.194662
0.19168
0.194244
0.190255
0.18953
0.193629
0.190745
0.194633
0.193925
0.191652
0.193952
0.189887
0.198096
0.194651
0.191233
0.193241
0.192616
0.197403
0.192871
0.191623
0.189265
0.191316
0.19696
0.194814
0.191316
0.193669
0.191765
0.197641
0.194528
0.191599
0.19455
0.191964
0.195235
0.195579
0.191891
0.194537
0.191246
0.196934
0.194041
0.191437
0.194506
0.192168
0.196202
0.19305
0.191904
0.194985
0.191653
0.197367
0.193766
0.192375
0.194677
0.191886
0.198204
0.19427
0.1918
0.194812
0.190866
0.196514
0.195029
0.191292
0.19492
0.192096
0.193887
0.194477
0.191451
0.194536
0.192055
0.194188
0.193505
0.191773
0.194812
0.191959
0.190973
0.191047
0.191492
0.194505
0.191834
0.192
0.192696
0.1934
0.197996
0.189561
0.192109
0.192239
0.189714
0.19222
0.192226
0.196931
0.191836
0.189533
0.192297
0.190189
0.195831
0.192345
0.191991
0.19176
0.191808
0.194475
0.194916
0.193328
0.191664
0.190897
0.194965
0.193955
0.19429
0.189432
0.191086
0.192422
0.192308
0.197609
0.191913
0.189819
0.192082
0.190182
0.190233
0.191264
0.194922
0.194441
0.19569
0.192203
0.190381
0.194392
0.194415
0.194671
0.189725
0.189929
0.192506
0.191543
0.193085
0.18952
0.194183
0.193359
0.189186
0.193751
0.189472
0.188765
0.193601
0.174664
0.193161
0.190597
0.189869
0.195255
0.191308
0.190254
0.19355
0.190608
0.196647
0.190379
0.190405
0.189877
0.191593
0.195203
0.188714
0.190316
0.190164
0.191486
0.191471
0.191409
0.191552
0.191615
0.193168
0.19098
0.191265
0.191258
0.19502
0.193456
0.191451
0.192938
0.191481
0.197275
0.193908
0.190922
0.19172
0.190664
0.196943
0.192695
0.191825
0.189519
0.189321
0.194945
0.192146
0.194776
0.190091
0.189884
0.192418
0.190769
0.19707
0.189895
0.194557
0.19357
0.19121
0.190884
0.191857
0.196177
0.19352
0.191262
0.191747
0.190938
0.196469
0.192905
0.190387
0.190913
0.190799
0.191264
0.192114
0.191466
0.19
0.189485
0.191123
0.194502
0.19055
0.196061
0.190474
0.190588
0.194095
0.190817
0.196561
0.190311
0.189983
0.193319
0.191247
0.195791
0.191043
0.190759
0.192614
0.190737
0.19655
0.190935
0.191261
0.192983
0.18991
0.191883
0.191188
0.190292
0.193033
0.191245
0.190435
0.190805
0.19049
0.19672
0.193253
0.19144
0.191274
0.190711
0.197286
0.193281
0.190558
0.19135
0.189264
0.196994
0.192773
0.191185
0.191119
0.191149
0.196059
0.193067
0.191711
0.191106
0.191513
0.192245
0.193021
0.190221
0.191067
0.190836
0.191229
0.19478
0.19128
0.195078
0.190947
0.191421
0.193899
0.191295
0.196064
0.189799
0.1908
0.193584
0.190635
0.196082
0.190678
0.190647
0.193744
0.190962
0.197569
0.191154
0.190625
0.194262
0.190762
0.192022
0.19117
0.190866
0.193725
0.190855
0.191736
0.190507
0.190763
0.194523
0.191752
0.189558
0.190603
0.19112
0.199624
0.191279
0.191379
0.191312
0.191421
0.199036
0.191495
0.191318
0.190657
0.190929
0.199841
0.191413
0.191211
0.19141
0.191451
0.200142
0.191451
0.19143
0.191062
0.190464
0.199114
0.190932
0.189225
0.191376
0.190237
0.196825
0.190757
0.190854
0.191318
0.190565
0.190754
0.193677
0.191342
0.191299
0.191012
0.190675
0.193481
0.191209
0.195578
0.191825
0.19105
0.193504
0.191849
0.196432
0.190911
0.19154
0.194224
0.190316
0.196658
0.191211
0.191223
0.193294
0.190898
