0.0363325
0.0162638
0.132574
0.170261
0.0171887
0.0715405
0.13109
0.00731749
0.0345305
0.0393287
0.0850005
0.00885687
0.020864
0.260389
0.0400346
0.161771
0.0283851
0.251124
1.1197
0.0980232
0.0185345
0.0275747
0.00590278
0.0459996
0.0458358
0.0386369
0.0264616
0.0337204
0.07965
0.0734963
0.167007
0.375498
0.223382
0.0555523
0.0284851
0.137435
0.103443
0.0722468
0.0463861
0.114517
0.0478737
0.15562
0.0123822
0.142461
0.0501747
0.0986328
0.253099
0.0172535
0.0657532
0.0176226
0.251256
0.048467
0.0137228
0.0305203
0.0286535
0.291175
0.0109738
0.0243094
0.219616
0.0588674
0.0150289
0.0512219
0.150599
0.0118412
0.0114708
0.0148265
0.077525
0.023475
0.0445121
0.0629691
0.123542
0.0969086
0.120988
0.0113133
0.0528007
0.0801386
0.22826
0.030592
0.0579471
0.024962
0.070615
0.0890908
0.0360126
0.136533
0.124513
0.0948152
0.0226171
0.0847448
0.0478604
0.0371318
0.115781
0.0245044
0.022803
0.178876
0.0183056
0.177322
0.0118136
0.0645903
0.226968
0.1171
0.0267843
0.0236378
0.00621109
0.0087185
0.0216381
0.0137919
0.0377619
0.181401
0.0846614
0.0471772
0.0178226
0.0443026
0.116135
0.0396228
0.0111939
0.00789038
0.0596283
0.00494072
0.0453578
0.0174367
0.128161
0.015513
0.0978565
0.0558806
0.084488
0.0274827
0.014785
0.0668753
0.0204752
0.035397
0.02192
0.011192
0.214311
0.123764
0.0153202
0.0511662
0.0911851
0.0273838
0.0144809
0.106097
0.0555395
0.127505
0.0548379
0.00999621
0.00898243
0.0131003
0.0136659
0.154811
0.0208624
0.0779806
0.0101387
0.088522
0.00272509
0.00747868
0.0482266
0.00531361
0.0526483
0.0382066
0.185921
0.0221159
0.0399933
0.09896
0.0795113
0.0595284
0.0968582
0.177249
0.0116123
0.0726271
0.0727881
0.0095966
0.0194762
0.152272
0.111399
0.0215168
0.13311
0.226993
0.0623681
0.07527
0.178329
0.0199733
0.0210561
0.0264096
0.034977
0.134312
0.0565821
0.0748232
0.0100628
0.223927
0.0797778
0.0639962
0.0490563
0.127196
0.0266296
0.03747
0.0144799
0.0210043
0.0230542
0.0136948
0.229839
0.0327064
0.143945
0.0526904
0.10617
0.0538134
0.0194383
0.00761074
0.0143519
0.0178613
0.045686
0.0622947
0.210853
0.152965
0.15645
0.0811155
0.116642
0.0176377
0.0774471
0.0154654
0.151657
0.0494576
0.0120149
0.0313718
0.0288235
0.015765
0.0120647
0.0254145
0.00635326
0.0253076
0.0180957
0.0174111
0.00953449
0.00542686
0.0400614
0.0392513
0.0599595
0.104588
0.0517241
0.057246
0.409201
0.141055
0.0833815
0.0377228
0.026654
0.0993782
0.0309733
0.0103118
0.0100505
0.0389418
0.0104388
0.0705909
0.0574657
0.0137665
0.1998
0.0420638
0.0162871
0.0186649
0.0247288
0.0514123
0.108503
0.171865
0.0992394
0.0330314
0.013269
0.00960871
0.0130449
0.0108794
0.0187159
0.00740487
0.191546
0.0664468
0.00226245
0.0331709
0.135204
0.0601987
0.0451555
0.0168175
0.0245889
0.0781069
0.0274788
0.0110777
0.0709387
0.0178266
0.0342626
0.0602893
0.20044
0.0141566
0.0496769
0.0226773
0.0733855
0.0100655
0.0507378
0.184878
0.00398095
0.0143771
0.00511404
0.099562
0.00918037
0.00394642
0.131032
0.0150038
0.0129409
0.010588
0.034403
0.00195605
0.0160563
0.0210321
0.0119183
0.0142461
0.00348807
0.0142466
0.00560636
0.0347654
0.00460363
0.0323053
0.0272276
0.0341385
0.0125789
0.101943
0.137768
0.00901717
0.00469326
0.200951
0.0382665
0.0421686
0.021342
0.510766
0.0134932
0.0174764
0.0305525
0.0160631
0.15713
0.0260151
0.0252835
0.0311677
0.0776101
0.0224802
0.023235
0.0121956
0.0533063
0.032109
0.128108
0.109165
0.0278571
0.0185925
0.299832
0.210429
0.0463946
0.14033
0.0169988
0.0308344
0.0269706
0.0739702
0.0460095
0.0199831
0.0652652
0.0231942
0.0113343
0.0259137
0.334792
0.0355782
0.121945
0.0593932
0.00789249
0.0101784
0.0182467
0.00692752
0.0142977
0.155575
0.279952
0.00738444
0.0246426
0.0275794
0.00529062
0.214481
0.0118896
0.0148164
0.0131791
0.0102249
0.0181884
0.0127373
0.0107777
0.00702348
0.00841064
0.0274451
0.158934
0.0143868
0.00680141
0.0234058
0.0147027
0.0219366
0.0194802
0.00470968
0.0224529
0.00970897
0.00216246
0.0153657
0.0676855
0.0105554
0.0139576
0.0148096
0.0129092
0.0166357
0.0220195
0.0131308
0.0393197
0.127162
0.117809
0.0162714
0.00916285
0.0307592
0.0427668
0.0413754
0.0185132
0.0267884
0.0122783
0.0476416
0.0115746
0.0833274
0.0310999
0.0117554
0.0692837
0.0119112
0.0125969
0.0174588
0.00802615
0.060201
0.0785813
0.0357543
0.0177555
0.0232207
0.0314352
0.0295331
0.0687374
0.0165916
0.0241602
0.0176504
0.0302919
0.0236185
0.00972291
0.0276065
0.0207497
0.00643711
0.0208371
0.0100042
0.0342555
0.0356369
0.0218572
0.0230364
0.0116135
0.0134668
0.00762239
0.0194773
0.00810613
0.0118987
0.0083998
0.00402115
0.0155839
0.0112454
0.0142332
0.0201233
0.00479154
0.0176665
0.00289495
0.0147822
0.0156623
0.0209594
0.0201901
0.0127476
0.00957709
0.0210344
0.011752
0.0105704
0.13836
0.0554586
0.00751697
0.0108126
0.0365223
0.0197221
0.0139644
0.207739
0.0305908
0.0691958
0.0835034
0.0199485
0.0187827
0.0514397
0.0291079
0.035445
0.0140259
0.0327257
0.0182242
0.0223491
0.0115529
0.0062674
0.053417
0.0073432
0.00734905
0.0423925
0.007622
0.0320626
0.0161897
0.0375974
0.0625022
0.00710943
0.0668266
0.0327361
0.0112618
0.0224365
0.0155845
0.0401714
0.0264824
0.00375403
0.0108146
0.0365179
0.00495086
0.00932111
0.040629
0.00374687
0.0154436
0.0477805
0.0129627
0.0361023
0.0610525
0.109351
0.00766954
0.0227295
0.0142876
0.0610962
0.0459077
0.0146985
0.0576214
0.0049019
0.02632
0.00600307
0.0104248
0.0204308
0.0244272
0.0220536
0.00968197
0.0107249
0.00675507
0.0361994
0.0254124
0.0106731
0.0212997
0.00408066
0.00720293
0.00518296
0.00875263
0.00996236
0.0116981
0.00708262
0.0210051
0.003999
0.0131508
0.0174504
0.00886877
0.0106906
0.0106144
0.0227242
0.0245506
0.0113517
0.0122242
0.00983118
0.0210582
0.00660338
0.03446
0.0124291
0.0314433
0.0168354
0.0257372
0.00852538
0.0228415
0.0152245
0.0117787
0.0120804
0.0114442
0.00826517
0.0090427
0.0147528
0.00814407
0.0134102
0.0220063
0.00791979
0.122269
0.0915536
0.146281
0.0186645
0.0209165
0.158731
0.062917
0.313797
0.0301081
0.00938542
0.247283
0.0612791
0.00802307
0.0145915
0.0189078
0.0361248
0.029175
0.0952165
0.00848481
0.0315566
0.0446759
0.0195648
0.0122753
0.00479803
0.00282468
0.0124036
0.054764
0.144348
0.0465735
0.181988
0.00798012
0.169123
0.0194763
0.0347585
0.0507088
0.159374
0.04377
0.0166911
0.011507
0.0307379
0.00700096
0.0231452
0.0306189
0.010546
0.0517628
0.0295648
0.00465755
0.0683867
0.0601184
0.0167326
0.0150531
0.00813267
0.0735346
0.00433675
0.0595532
0.0104407
0.0838345
0.0135792
0.0344931
0.0138441
0.0198442
0.0182763
0.0969915
0.011568
0.0130531
0.055112
0.0438521
0.0108708
0.110694
0.0514796
0.0471428
0.0472372
0.0654841
0.0046559
0.0525025
0.0440754
0.0743986
0.0185088
0.0287777
0.00141983
0.0281715
0.0112607
0.00158679
0.00786667
0.00754748
0.00772105
0.00840966
0.0108957
0.0218331
0.00604281
0.01438
0.0395218
0.0084843
0.0407584
0.00506455
0.0137692
0.01735
0.0110013
0.0122619
0.00939045
0.0162988
0.012405
0.00983654
0.00373012
0.00864812
0.00260405
0.00339432
0.0254321
0.0173577
0.00725503
0.00970001
0.00339058
0.00313403
0.0213018
0.0115209
0.0229388
0.00505015
0.00849296
0.00950784
0.0207003
0.0207745
0.0146767
0.00338468
0.0129597
0.0137147
0.00676087
0.032358
0.01452
0.019837
0.0135147
0.0070711
0.010762
0.0142947
0.0159502
0.010905
0.0187359
0.0251942
0.0334177
0.0236218
0.00407215
0.0341548
0.00998811
0.0123265
0.00341938
0.0134095
0.0175086
0.00477584
0.0137538
0.02135
0.0236587
0.014283
0.00842264
0.00581328
0.00590377
0.268853
0.00565084
0.0205042
0.0151376
0.0205898
0.0654261
0.00864628
0.00764274
0.0355866
0.0145632
0.00489795
0.0156428
0.0158848
0.0145557
0.00840377
0.0254977
0.0127549
0.00981112
0.0200232
0.104948
0.153874
0.00695159
0.0095303
0.0172158
0.0249145
0.11078
0.254102
0.0133939
0.00939046
0.0153597
0.112019
0.063605
0.0290076
0.0912864
0.00563924
0.241727
0.279363
0.232331
0.0184321
0.025829
0.066533
0.232207
0.346881
0.0696464
0.170678
0.123019
0.196137
0.255968
0.0980833
0.0189239
0.129233
0.0631601
0.0752049
0.0406307
0.0157751
0.0409385
0.2179
0.0419416
0.225288
0.0231237
0.0177255
0.0247355
0.0166721
0.00378505
0.0144903
0.0379643
0.0139381
0.0213319
0.00981689
0.026527
0.0508561
0.0122489
0.00627743
0.0516892
0.0277823
0.0339248
0.0128788
0.0215073
0.0278039
0.00317978
0.0210368
0.051381
0.0442557
0.0333508
0.0203042
0.0238458
0.00989197
0.0294462
0.00541568
0.0276101
0.029643
0.0243014
0.0301371
0.0370608
0.0279672
0.0157117
0.0133334
0.0217763
0.00625206
0.0138285
0.00759396
0.0346667
0.0294713
0.0097931
0.017794
0.0182871
0.0153113
0.00908834
0.0129562
0.00989458
0.0210671
0.0264006
0.0661581
0.035814
0.229971
0.170082
0.0281858
0.040851
0.0108653
0.0422482
0.115847
0.0287234
0.0190429
0.0278785
0.0189315
0.00610815
0.0173557
0.00609022
0.00643491
0.0205047
0.0148419
0.0138415
0.00179289
0.00954959
0.0076935
0.0064288
0.0171592
0.0107558
0.0155407
0.00693808
0.00151315
0.0168123
0.131373
0.0296701
0.034955
0.216494
0.0225305
0.0790205
0.0097908
0.0368461
0.2798
0.0375181
0.142911
0.0335318
0.198992
0.136974
0.0103668
0.0265738
0.163842
0.0263282
0.0392056
0.0111773
0.0453598
0.0310971
0.0158308
0.0135533
0.0632283
0.00661962
0.0343374
0.0161114
0.0278899
0.0153752
0.0120189
0.00948642
0.0216369
0.00980086
0.0208198
0.0735623
0.067646
0.0174477
0.198074
0.0158339
0.0303164
0.0407915
0.0207716
0.0165195
0.00747929
0.0151044
0.02105
0.0128248
0.00599988
0.00882246
0.00266836
0.00713581
0.0268934
0.0377804
0.0239741
0.0104812
0.0029906
0.020918
0.0119171
0.00104862
0.0099139
0.0243952
0.0118682
0.391556
0.18052
0.0324103
0.00782414
0.0117821
0.251992
0.0123549
0.0746187
0.0123615
0.0175422
0.0453039
0.0360077
0.0131057
0.0144937
0.0200975
0.0392388
0.00456333
0.00572279
0.0194533
0.0682371
0.00193882
0.118763
0.166033
0.0665009
0.0910687
0.00904253
0.031398
0.014231
0.298572
0.0200722
0.0594776
0.014327
0.0302511
0.234492
0.0165017
0.0276089
0.0419736
0.00930463
0.145728
0.0283634
0.0740875
0.271123
0.163758
0.214456
0.260127
0.0205478
0.110849
0.0695237
0.0109585
0.00515922
0.0225693
0.0456674
0.0293922
0.0129033
0.0075743
0.00460745
0.00552999
0.0236878
0.00971097
0.00375459
0.00484408
0.0138003
0.00947017
0.00890383
0.0594484
0.125948
0.0754315
0.143645
0.0298181
0.0385513
0.172029
0.00526304
0.00772832
0.0224327
0.0157362
0.00560577
0.00612351
0.0105866
0.0156743
0.011531
0.00767787
0.0207855
0.017225
0.00343763
0.0413054
0.0197279
0.0140149
0.00737116
0.0105215
0.0142011
0.00453902
0.0190505
0.0129245
0.0366043
0.0370125
0.00408073
0.0285915
0.114344
0.0380716
0.0633761
0.208809
0.0158839
0.0739177
0.0176975
0.0170634
0.00792044
0.01093
0.0402021
0.0240804
0.0233553
0.00877517
0.00630288
0.0119103
0.0110065
0.00788281
0.0150594
0.0191972
0.00961908
0.066131
0.016166
0.0154921
0.0072534
0.00817501
0.0156413
0.0112625
0.0320175
0.00912717
0.0115737
0.0153339
0.0236663
0.00335918
0.00889581
0.0142629
0.0173577
0.00502317
0.00690941
0.00861653
0.0167228
0.0176628
0.0252983
0.0103559
0.0117625
0.0152979
0.0198587
0.0146264
0.00983005
0.0118624
0.0236388
0.0232404
0.0286054
0.00385408
0.00246645
0.00689543
0.010973
0.00992335
0.0351406
0.0243141
0.0304847
0.0222866
0.00471765
0.00706503
0.0104443
0.0401643
0.0344555
0.0156392
0.00649762
0.00748471
0.0083276
0.00796653
0.0124657
0.0160343
0.00923262
0.013361
0.0163319
0.024163
0.0142958
0.0118889
0.00315374
0.00611174
0.0314843
0.00937145
0.0993896
0.0236732
0.163302
0.0104546
0.0201131
0.00896051
0.014312
0.0258051
0.0102791
0.0182707
0.0258622
0.00473133
0.0175841
0.0103902
0.0122337
0.0108444
0.0011575
0.0101942
0.00792389
0.00708101
0.0234858
0.0333842
0.00591656
0.0208282
0.297246
0.00569471
0.0186326
0.00814148
0.0850761
0.0964344
0.011612
0.0107003
0.0089393
0.0232877
0.0139485
0.01409
0.0220002
0.0142325
0.0159909
0.0106389
0.0492485
0.00790706
0.0108131
0.0087402
0.00717474
0.00919322
0.00938578
0.012852
0.00611836
0.0133193
0.00680889
0.00799769
0.0107803
0.00827483
0.00217612
0.00972578
0.0232574
0.013009
0.0106857
0.00619053
0.0137005
0.00981084
0.0173799
0.0396271
0.141204
0.239574
0.0138628
0.00748001
0.014525
0.0129605
0.0290958
0.0116302
0.00722785
0.0378643
0.00369658
0.0151103
0.0162597
0.0323657
0.01627
0.00685638
0.0125171
0.014224
0.00365442
0.0377502
0.0160267
0.018456
0.00606782
0.00928641
0.0502989
0.0113741
0.0642489
0.0160598
0.00958894
0.00349996
0.0118624
0.027307
0.0240244
0.0113327
0.0325035
0.00653139
0.0149986
0.0441858
0.0128377
0.00960984
0.00823576
0.0158571
0.0161172
0.0232727
0.0161103
0.0145576
0.0106352
0.00512789
0.011737
0.0163173
0.00496978
0.0185315
0.00483168
0.00811959
0.00633938
0.00978373
0.0064291
0.0660581
0.0119907
0.0208015
0.00588385
0.0110476
0.0153743
0.091357
0.139001
0.00365016
0.0176661
0.0124508
0.0147547
0.0116198
0.00632927
0.00708953
0.275605
0.0464494
0.0278145
0.0360789
0.166727
0.0394102
0.186236
0.0249971
0.0250695
0.0300435
0.0304284
0.0133834
0.0331176
0.0310506
0.00649633
0.0636535
0.150378
0.363048
0.0235568
0.0340468
0.288633
0.0696193
0.00690189
0.00631997
0.00331224
0.0378927
0.0690332
0.0103681
0.0178879
0.00945223
0.0119514
0.00369952
0.00904017
0.00357618
0.0148527
0.026441
0.00936402
0.00990461
0.00580205
0.00559758
0.012172
0.0170931
0.0145431
0.144488
0.0112461
0.0135929
0.0291191
0.0152422
0.0118284
0.0109295
0.0261853
0.0178924
0.166989
0.00998103
0.0044896
0.00899238
0.00932741
0.0225247
0.0151725
0.016769
0.00664063
0.0152576
0.015194
0.0352962
0.224862
0.0230742
0.00838273
0.00177757
0.0133242
0.0208794
0.011814
0.00546343
0.00321255
0.0127124
0.0175576
0.0114016
0.013211
0.0125926
0.00862152
0.00707464
0.0268185
0.00938391
0.0205504
0.0134008
0.0172535
0.0159858
0.224492
0.0556127
0.0183874
0.0930531
0.0316405
0.0469346
0.00701944
0.0058757
0.0091875
0.0060683
0.0118109
0.00982925
0.0131078
0.15481
0.212637
0.0430377
0.0383334
0.0103883
0.00650302
0.0145439
0.0124743
0.0223605
0.00151404
0.0106402
0.0121971
0.0227547
0.0181629
0.00659063
0.00525669
0.0177966
0.0153624
0.0145205
0.0238634
0.00685097
0.0117287
0.0212004
0.0223549
0.00966123
0.0412283
0.0173019
0.0133865
0.0212072
0.0201052
0.0133416
0.00653552
0.00925694
0.0251025
0.021156
0.0103131
0.0107182
0.00963081
0.0113426
0.0107951
0.0226411
0.0127588
0.00528712
0.0263739
0.0121705
0.00437074
0.0263388
0.0164562
0.0115254
0.0123772
0.021524
0.0298944
0.0103617
0.00565592
0.0427563
0.00712941
0.038731
0.123394
0.0111837
0.0102643
0.00814017
0.012637
0.106033
0.00800031
0.00812386
0.070087
0.39202
0.144184
0.0765216
0.149371
0.0125721
0.0126696
0.0217079
0.137694
0.00558137
0.0163114
0.0368385
0.00410419
0.00647484
0.0136635
0.0194099
0.0218853
0.00645658
0.0644089
0.0271588
0.00221818
0.0114644
0.018034
0.0116212
0.00836888
0.0123645
0.0146627
0.0148156
0.0155073
0.0110418
0.0600856
0.0620345
0.0195663
0.0214947
0.00481124
0.0117379
0.0370287
0.022742
0.0556908
0.00827764
0.0318343
0.0183831
0.0127472
0.0340468
0.013262
0.0483769
0.00621075
0.0152127
0.0320725
0.0100252
0.0127567
0.0109642
0.00453329
0.0141166
0.0255075
0.0189343
0.00888029
0.00959473
0.0173335
0.00726896
0.00816742
0.0138116
0.0229367
0.0134353
0.00934455
0.0138969
0.0178173
0.00853314
0.00751608
0.0110149
0.01134
0.0032904
0.016077
0.0313022
0.023992
0.0149003
0.0268023
0.00817065
0.0155951
0.0110902
0.0231296
0.0160549
0.0154383
0.00287982
0.00778274
0.0120795
0.0226606
0.0109733
0.014626
0.0173036
0.00197076
0.0120843
0.0230605
0.0519176
0.0267393
0.00480275
0.0258108
0.031886
0.0168277
0.0152038
0.026699
0.0154126
0.0042321
0.00758807
0.0154577
0.00611794
0.0274293
0.00197087
0.00765561
0.0144473
0.0214458
0.00529586
0.0256126
0.0174065
0.0173323
0.00532311
0.0136613
0.0242266
0.0685479
0.00854793
0.0105515
0.00550545
0.0203589
0.0171484
0.00454564
0.0109357
0.00555748
0.0123106
0.0197851
0.00407236
0.0329951
0.020629
0.00524864
0.00830306
0.015313
0.00796994
0.00581582
0.0112437
0.0195735
0.0227509
0.00897654
0.023388
0.00302083
0.236073
0.0164726
0.149054
0.00801888
0.0894388
0.0106887
0.0139103
0.00352148
0.019685
0.14702
0.0744123
0.0348041
0.0443794
0.0733787
0.0365511
0.0172529
0.0457911
0.0051442
0.0335368
0.014695
0.00406868
0.00485269
0.026346
0.0448926
0.229808
0.053154
0.0669384
0.00839413
0.0083082
0.00507739
0.00612256
0.027882
0.0493102
0.0189402
0.047637
0.0234504
0.0162974
0.0384611
0.00241608
0.0399333
0.082824
0.0218383
0.00275221
0.0126175
0.0198703
0.00939548
0.0172523
0.0129297
0.041699
0.00314552
0.0401388
0.0388823
0.0116059
0.0217374
0.033726
0.00428821
0.0375923
0.00199882
0.0163642
0.012922
0.00976637
0.0200157
0.0166879
0.0113886
0.018933
0.0233441
0.01067
0.0162538
0.00656152
0.00954799
0.0124852
0.0124994
0.0207741
0.00506488
0.0134929
0.00728025
0.00243876
0.0077982
0.0126653
0.0369048
0.0167625
0.034333
0.0149453
0.081113
0.152549
0.0504997
0.0113613
0.0229072
0.0260692
0.0118318
0.010683
0.00298456
0.0065037
0.0147849
0.010313
0.00954332
0.222261
0.0151903
0.248909
0.0082277
0.0237374
0.0105264
0.0165799
0.00931452
0.0126129
0.00383641
0.0273024
0.00990995
0.013522
0.0232333
0.0199496
0.0154763
0.144332
0.0076022
0.072272
0.0163281
0.165905
0.0893776
0.0076365
0.0102893
0.0484977
0.0125969
0.0130449
0.0167449
0.00404373
0.013315
0.0368335
0.0193604
0.181809
0.0155465
0.0592762
0.00513247
0.0122313
0.0242373
0.00808751
0.00828933
0.0327755
0.0106167
0.00942442
0.00491397
0.00831315
0.0274847
0.0484838
0.00249052
0.0712212
0.0470785
0.0113412
0.0711455
0.15412
0.154912
0.0547928
0.0134334
0.0113542
0.0100781
0.00344413
0.0134837
0.0154319
0.0140112
0.0222335
0.0140067
0.0112023
0.00426868
0.0169528
0.0180839
0.295615
0.164161
0.0137144
0.0105156
0.0124955
0.0218522
0.00607494
0.0457499
0.0020254
0.0148871
0.0244302
0.0120941
0.0140597
0.0196405
0.00430898
0.0123479
0.0305661
0.00634944
0.0748713
0.038602
0.0139492
0.0144297
0.156456
0.0536573
0.137492
0.0637473
0.0113182
0.21175
0.0812009
0.17042
0.0199007
0.0102291
0.0262574
0.036678
0.184646
0.619358
0.315116
0.218112
0.0279301
0.0144879
0.179316
0.029182
0.00249954
0.032619
0.0163468
0.210096
0.017995
0.0215645
0.162265
0.0188757
0.00450151
0.024321
0.00535734
0.0169774
0.011702
0.0105077
0.0205522
0.0157038
0.0299783
0.0162333
0.0156009
0.00551177
0.125629
0.311565
0.22965
0.270388
0.0744116
0.0404939
0.0480036
0.0210012
0.0268046
0.0497712
0.0220638
0.0203251
0.0069959
0.00891027
0.0134368
0.0245267
0.0130699
0.0150503
0.0272802
0.01124
0.00942296
0.00863423
0.00638902
0.0226019
0.00584545
0.00948071
0.00769967
0.0071212
0.00440991
0.017443
0.0157887
0.0138074
0.00693219
0.0197453
0.0157017
0.00925611
0.00631766
0.00875785
0.0252008
0.0125926
0.00594247
0.00217205
0.0187053
0.0469682
0.0123098
0.00332422
0.0520361
0.00654707
0.0409799
0.0574086
0.00190052
0.0335736
0.00622247
0.0129696
0.0173792
0.00551862
0.00992249
0.0234033
0.0147123
0.00849382
0.0132432
0.0195562
0.00722603
0.0256068
0.0113712
0.0108279
0.0119152
0.0110968
0.141892
0.148036
0.229569
0.0182629
0.0591278
0.0326381
0.207312
0.0310999
0.0141945
0.0934917
0.0152849
0.00872672
0.106196
0.0176211
0.0110805
0.0947614
0.00953281
0.0162771
0.220975
0.0101578
0.00523363
0.0061889
0.0261921
0.0988199
0.0637865
0.0442424
0.0212241
0.129413
0.0164117
0.0525353
0.00914691
0.0621102
0.0532443
0.137651
0.0172911
0.0166017
0.0407574
0.279977
0.0180231
0.0410816
0.0180838
0.0875983
0.0219917
0.120832
0.0854121
0.0863045
0.0136456
0.00617931
0.0330815
0.0152789
0.20777
0.175016
0.0128278
0.129483
0.0833205
0.0543505
0.173819
0.188576
0.0212566
0.00687472
0.124994
0.00650253
0.187585
0.0135593
0.0300308
0.00479975
0.0231976
0.0248109
0.0133412
0.0100178
0.0326326
0.0272687
0.0155512
0.0687235
0.0234203
0.00530063
0.0387561
0.0163696
0.10767
0.0196189
0.11335
0.199196
0.091201
0.120857
0.101753
0.00634371
0.104021
0.0117497
0.0122979
0.0180632
0.00745149
0.00781286
0.0691364
0.00821187
0.0267206
0.0209007
0.11301
0.164991
0.295477
0.051767
0.0964738
0.0302609
0.0106435
0.0178142
0.13548
0.0642229
0.158977
0.0213636
0.0161947
0.00523153
0.00618562
0.0215812
0.0421072
0.106903
0.149028
0.0123089
0.0109539
0.0445268
0.184301
0.00564011
0.0354748
0.038918
0.327537
0.0142996
0.0364648
0.011427
