0.0362865
0.0162315
0.132524
0.170231
0.0158463
0.0713341
0.131014
0.00708733
0.03449
0.0240793
0.0844133
0.00339314
0.0208563
0.260364
0.0398674
0.161723
0.0283102
0.251108
1.11968
0.0978243
0.018101
0.0268953
0.00588826
0.0459536
0.0457565
0.0385023
0.0264616
0.0335174
0.0795658
0.0734271
0.166787
0.375492
0.223335
0.0555288
0.0284849
0.137427
0.103391
0.072181
0.0463338
0.114514
0.0476573
0.155619
0.00452194
0.14241
0.0498555
0.0985458
0.253073
0.0172025
0.0657005
0.0174025
0.251251
0.0479953
0.0121852
0.0305188
0.0284983
0.29115
0.0103187
0.0236647
0.219605
0.0585056
0.0136304
0.0510142
0.150599
0.0113613
0.0110652
0.0143143
0.0775248
0.0233859
0.0444128
0.0628948
0.123542
0.096831
0.120959
0.0112029
0.0527347
0.0800397
0.228259
0.0305305
0.0579467
0.0240635
0.0706029
0.0889545
0.0358119
0.136439
0.124339
0.0948136
0.0225264
0.0847403
0.0478155
0.0371318
0.115757
0.0226475
0.0223173
0.178875
0.0182615
0.177273
0.00979802
0.0645874
0.226945
0.117067
0.0267819
0.0234569
0.00350405
0.00855017
0.0212501
0.0132254
0.037754
0.18126
0.0846262
0.0471688
0.0175307
0.0442836
0.116128
0.0395474
0.0111783
0.00781817
0.0593709
0.00427155
0.0453554
0.0170477
0.128148
0.0152805
0.0977069
0.0558626
0.0843265
0.0274327
0.0144695
0.0667073
0.0204398
0.0353007
0.0216155
0.0104998
0.214306
0.123703
0.0153122
0.0507212
0.0910483
0.027373
0.0143994
0.106061
0.0552967
0.127499
0.0548379
0.00994588
0.00849442
0.011915
0.0112208
0.15481
0.0201604
0.0779615
0.0101376
0.0883792
0.00208768
0.00747196
0.0481136
0.00501306
0.0526305
0.0380164
0.185921
0.0219696
0.0398718
0.0989453
0.0793608
0.0595102
0.0968582
0.177248
0.00879972
0.0725981
0.0727188
0.00446914
0.0182088
0.152208
0.111399
0.0214608
0.133086
0.226926
0.0622889
0.0750504
0.178295
0.0183008
0.0209596
0.0257909
0.0347242
0.134105
0.056412
0.0748231
0.00451876
0.223916
0.0797449
0.0639877
0.0490099
0.12718
0.0250196
0.037324
0.0134539
0.018751
0.0229853
0.0136241
0.229838
0.0326604
0.143943
0.052613
0.106149
0.0537967
0.0193798
0.00378803
0.014347
0.0166794
0.0456759
0.0622938
0.210821
0.15288
0.156334
0.0811136
0.116618
0.0168162
0.0774462
0.013038
0.151657
0.049417
0.0105516
0.0313645
0.0286303
0.0100484
0.0120634
0.0216382
0.00523535
0.0222302
0.0177123
0.014955
0.00947009
0.00541058
0.0400578
0.0392147
0.0599182
0.104552
0.0515245
0.0568261
0.409173
0.13881
0.0833685
0.0376796
0.0265941
0.099359
0.0309358
0.00572034
0.0100116
0.038893
0.0101353
0.0702427
0.0574595
0.0135367
0.199763
0.0420368
0.0162459
0.01818
0.024036
0.0514114
0.108462
0.171851
0.0992391
0.0325768
0.0129662
0.00944874
0.0100509
0.0108105
0.0187068
0.00703593
0.191537
0.0664448
0.00225412
0.033157
0.135139
0.060174
0.04512
0.0136192
0.0245433
0.0780785
0.0273452
0.0110739
0.0708065
0.0177449
0.0342112
0.0602484
0.200439
0.0134342
0.0496408
0.0226582
0.0733244
0.00911977
0.0507335
0.184831
0.00342586
0.0134535
0.00476761
0.0995439
0.00913073
0.00150724
0.131024
0.0144742
0.0129288
0.0105333
0.0315981
0.00168341
0.0156392
0.0194473
0.0111685
0.013455
0.00244867
0.0127156
0.0046558
0.0347203
0.00373759
0.0320234
0.027161
0.0341352
0.0121681
0.10193
0.137749
0.00869441
0.00469323
0.200941
0.0381362
0.0420631
0.0208472
0.510725
0.0134881
0.0165606
0.0265949
0.0154449
0.157109
0.0259724
0.0251843
0.0310628
0.0774875
0.0209433
0.0231156
0.0121532
0.0532815
0.0321067
0.128108
0.109135
0.0276251
0.0185918
0.299808
0.210428
0.0463926
0.140319
0.0168513
0.0308287
0.0266213
0.0738599
0.04566
0.0199601
0.0652537
0.022914
0.0112138
0.0255164
0.334788
0.0355497
0.121939
0.0593834
0.00746579
0.00975289
0.0181378
0.00689979
0.0140276
0.155541
0.279922
0.00697989
0.0239792
0.0274244
0.0052553
0.214481
0.0118887
0.0148122
0.013157
0.00968375
0.0181205
0.0122221
0.0106168
0.0060352
0.00596547
0.0274162
0.158898
0.0143417
0.00601093
0.0233334
0.0142006
0.0209111
0.0192196
0.00374615
0.0216392
0.0096542
0.0021562
0.0143582
0.0674564
0.0105261
0.00958336
0.0144706
0.0127447
0.016468
0.0217432
0.0128024
0.0393091
0.127125
0.117765
0.0162713
0.00870284
0.0307525
0.0427486
0.0408102
0.0183889
0.0265858
0.0121295
0.0475817
0.0105966
0.0832861
0.0308044
0.0114294
0.0692643
0.0118813
0.00995971
0.0162607
0.00799548
0.0601971
0.0785796
0.0352021
0.0176687
0.0224383
0.0314178
0.0292313
0.0687078
0.0162177
0.0241421
0.0176465
0.0264935
0.0234048
0.0091041
0.0275997
0.0207301
0.00459967
0.0208305
0.00998557
0.0342555
0.0355648
0.0213804
0.0225794
0.0111399
0.0131868
0.00754646
0.0194746
0.00795348
0.0116612
0.00722922
0.00258119
0.0155247
0.0102132
0.0121104
0.0169335
0.00475971
0.0175449
0.00276529
0.0147735
0.015635
0.0206893
0.0173573
0.012191
0.00955713
0.0162867
0.00955927
0.00922455
0.138336
0.0554429
0.0041821
0.0089653
0.0363622
0.018957
0.0132193
0.207645
0.0301513
0.0691397
0.083415
0.0197523
0.0187597
0.0514373
0.0287091
0.0351256
0.0137388
0.0327148
0.014334
0.022113
0.0114241
0.00574767
0.0533909
0.00717453
0.0067559
0.04232
0.00748541
0.0320324
0.0160966
0.0375299
0.0624932
0.00708939
0.0665143
0.032732
0.0108693
0.0220985
0.0154172
0.0400445
0.0258238
0.002124
0.00922141
0.0364686
0.00454181
0.0084994
0.0405337
0.00238094
0.0148414
0.047752
0.012537
0.0360666
0.0610487
0.109349
0.00758761
0.0226938
0.0138487
0.0610846
0.0459075
0.0142853
0.0574462
0.00429125
0.0261756
0.00599414
0.00985167
0.020334
0.024412
0.0220294
0.00852887
0.00536223
0.00667448
0.0359205
0.0244691
0.0103393
0.0212994
0.00407568
0.00423352
0.00468334
0.00870219
0.00941844
0.0115533
0.00574807
0.0206084
0.00346605
0.012571
0.0173271
0.00661403
0.010247
0.00937359
0.0223411
0.0236438
0.0109536
0.0114675
0.00976253
0.0207623
0.00531468
0.0342797
0.0104953
0.0310202
0.0167507
0.0255717
0.00667533
0.022712
0.0143425
0.00966593
0.0108453
0.00927146
0.00693191
0.00900816
0.0144054
0.00583019
0.0131657
0.0204957
0.0076217
0.122238
0.0915372
0.146278
0.0183844
0.0198026
0.158726
0.0629169
0.313797
0.0300781
0.00920259
0.24727
0.0612754
0.00801952
0.0135107
0.0187595
0.0360978
0.0291501
0.0950807
0.00817371
0.0314656
0.0443678
0.0187755
0.0116059
0.00236477
0.00269412
0.0114932
0.0547114
0.14429
0.0463421
0.181985
0.00488917
0.169075
0.0149436
0.0347402
0.0507079
0.159373
0.0437652
0.0165329
0.0103234
0.0306912
0.00637587
0.0229586
0.0306189
0.00675655
0.0517033
0.0280429
0.00436388
0.0683795
0.0601171
0.0163907
0.0145359
0.00812578
0.0733924
0.00414048
0.0594681
0.0087788
0.0837868
0.0128337
0.0344801
0.0135727
0.0196578
0.018232
0.0969012
0.010965
0.0124178
0.055112
0.0436367
0.0105473
0.110614
0.0514777
0.0470968
0.0469375
0.0654808
0.00465582
0.0523312
0.0438507
0.074225
0.0181077
0.0275795
0.000730789
0.028169
0.00619401
0.001585
0.00646892
0.00752449
0.00671886
0.00715478
0.0105794
0.0216179
0.00603603
0.0143729
0.0385545
0.00848378
0.0406615
0.00444174
0.0121296
0.0149483
0.0109793
0.0113397
0.00897129
0.0162411
0.0109797
0.00971654
0.000838238
0.0086436
0.000614835
0.00336006
0.0244531
0.0173561
0.00632174
0.00962768
0.00338608
0.00217336
0.0210151
0.0115156
0.0229147
0.00504837
0.00832368
0.00904653
0.0196947
0.0207733
0.0146565
0.00335152
0.0115999
0.0137117
0.0067595
0.0308424
0.0143727
0.0190104
0.0129452
0.00597256
0.0100416
0.012843
0.0157727
0.00911183
0.0144852
0.0249036
0.0331481
0.0231567
0.00308371
0.0341525
0.00911728
0.0106121
0.00292873
0.013238
0.0174284
0.00441488
0.0127086
0.0213367
0.0236554
0.0140575
0.00774161
0.0056679
0.00579253
0.268852
0.00472789
0.020432
0.0150443
0.018787
0.065419
0.00845294
0.00763965
0.0355352
0.0144197
0.00397766
0.0156306
0.0157136
0.0133879
0.00766318
0.0251095
0.01266
0.00926482
0.016722
0.10492
0.153873
0.00483083
0.00622338
0.0129401
0.0238333
0.11068
0.25406
0.0131074
0.00937538
0.0117809
0.111988
0.063432
0.0289962
0.0911822
0.00477485
0.241712
0.279358
0.232284
0.0177503
0.0245705
0.0665006
0.23219
0.346881
0.0696134
0.170677
0.122949
0.196073
0.25596
0.0978455
0.0186499
0.1291
0.0630827
0.0751163
0.0400048
0.0157182
0.0405089
0.217896
0.0411748
0.225279
0.0224528
0.0175212
0.024722
0.0156713
0.00364398
0.0144324
0.0378645
0.0139378
0.0213258
0.009789
0.0261484
0.0507572
0.0122227
0.0057444
0.051689
0.0277535
0.0339201
0.0124278
0.0214765
0.0277226
0.00316753
0.0209875
0.051371
0.0442533
0.0332558
0.020192
0.0189847
0.00978357
0.0294037
0.00418049
0.0274118
0.029643
0.0240727
0.0299843
0.0367924
0.0276458
0.0157067
0.0132932
0.0203784
0.00322884
0.0127301
0.00744277
0.0344025
0.0293603
0.00799888
0.0177707
0.0164718
0.0153088
0.00199766
0.0120914
0.00971277
0.0205428
0.0263154
0.0661329
0.0354381
0.229924
0.170058
0.0271962
0.0408309
0.0108229
0.0422356
0.115841
0.028662
0.0166035
0.0278315
0.0168602
0.00424927
0.0172383
0.00590071
0.00173702
0.0200104
0.00779878
0.0138052
0.00151968
0.00805804
0.00471729
0.00373509
0.0161664
0.00601768
0.0151992
0.00613945
0.00119654
0.0156199
0.131372
0.0296585
0.0349357
0.216493
0.0221565
0.0790116
0.00978372
0.0368452
0.2798
0.0375111
0.142757
0.0335318
0.198986
0.136175
0.0102682
0.0253434
0.163786
0.0262933
0.0372841
0.00902217
0.0452791
0.0306964
0.0157918
0.0135497
0.0631926
0.00655302
0.0342245
0.0153403
0.0278352
0.0152627
0.0119243
0.00899071
0.0214764
0.00956883
0.0203638
0.0735294
0.0676257
0.0174477
0.198041
0.0150764
0.0297078
0.0407711
0.019539
0.016442
0.00744254
0.0148561
0.0210065
0.0110425
0.00477327
0.00721367
0.00246983
0.00679679
0.0257558
0.0374332
0.0224306
0.00952472
0.00278445
0.0202726
0.0118973
0.00100148
0.00990495
0.0236977
0.0118074
0.391541
0.180495
0.0322467
0.00779386
0.0114553
0.251983
0.0106829
0.0746175
0.0122767
0.0175327
0.0453038
0.035997
0.0130754
0.0134211
0.0200266
0.0392254
0.00426624
0.0016521
0.0194056
0.0681859
0.00138097
0.118759
0.165959
0.0663673
0.0910169
0.0081143
0.0305752
0.0142289
0.298569
0.019917
0.0592294
0.014181
0.0282956
0.234427
0.0153798
0.0273983
0.0419533
0.00767192
0.145727
0.0281972
0.0740313
0.271121
0.163755
0.214452
0.260127
0.0205259
0.110845
0.0694781
0.0103036
0.00440984
0.0218545
0.0456648
0.0293711
0.0128403
0.00757117
0.00419482
0.00552685
0.0235427
0.00951167
0.0033082
0.0047914
0.0132379
0.00750138
0.00786848
0.0594363
0.125936
0.0753424
0.143586
0.00681048
0.0384681
0.17198
0.00395237
0.00612826
0.0224325
0.0155185
0.00553187
0.00612124
0.0105209
0.0144305
0.0107911
0.00741681
0.020193
0.0144232
0.00342173
0.0412895
0.0189689
0.0130647
0.00723496
0.00724728
0.0138953
0.0043984
0.0190461
0.00799706
0.0366018
0.0369822
0.000918169
0.0284517
0.114274
0.0379423
0.0632942
0.208804
0.0154353
0.073916
0.0175365
0.0169022
0.0073334
0.0105575
0.0401968
0.0240297
0.0232416
0.00856946
0.00603751
0.0112681
0.0108799
0.00783617
0.0150585
0.0191776
0.00956816
0.0659192
0.0160334
0.012907
0.00522366
0.00759791
0.015291
0.00947089
0.0260631
0.00685923
0.0113766
0.0153188
0.0235569
0.00267542
0.00803615
0.0137859
0.0167276
0.000885482
0.00605626
0.00842529
0.0162064
0.0170845
0.0139964
0.0103538
0.0108096
0.00905931
0.0188053
0.0141361
0.00908676
0.0109925
0.0227746
0.0186219
0.0268372
0.00364
0.00227408
0.00473409
0.0106749
0.00829994
0.0351406
0.0242603
0.0304501
0.0222865
0.00471522
0.00698513
0.0104312
0.0399574
0.0344507
0.0152847
0.00648509
0.00658026
0.00765844
0.00771859
0.00893091
0.0151659
0.00923175
0.0124454
0.0141828
0.0239624
0.0141492
0.0118305
0.00312185
0.00519514
0.031464
0.00912573
0.0993872
0.0236472
0.163299
0.00962612
0.0201041
0.00536763
0.0138425
0.0255923
0.00848878
0.0179981
0.0258345
0.00452731
0.0159441
0.0085859
0.0109368
0.0108301
0.00109723
0.00743084
0.00784731
0.00706238
0.0231321
0.0314879
0.00311481
0.0189174
0.297233
0.00246135
0.0177556
0.00791102
0.0850534
0.0964342
0.0115943
0.0081576
0.00796225
0.0223509
0.0137942
0.0135796
0.0219664
0.0141961
0.0159832
0.0103441
0.049003
0.00765592
0.0106629
0.00855436
0.00524479
0.00887161
0.00927497
0.0120263
0.00490232
0.0125267
0.00616217
0.00627881
0.00283071
0.00656639
0.00152167
0.00784572
0.0232566
0.0130013
0.0106464
0.00606397
0.0122392
0.00976093
0.0117617
0.0396264
0.141162
0.239473
0.00767754
0.00731363
0.0142303
0.0102096
0.0290664
0.0116169
0.00720631
0.03785
0.00369648
0.015094
0.0150131
0.0319882
0.0154771
0.00598503
0.0121096
0.0141673
0.000325693
0.0377481
0.0152176
0.0182759
0.00468689
0.00664478
0.050053
0.0103133
0.0642055
0.0157646
0.0094868
0.00314752
0.0113465
0.0263514
0.0240219
0.0113318
0.0313619
0.00616295
0.0145201
0.0441814
0.0128076
0.00824971
0.00787516
0.0157441
0.0157068
0.0224606
0.0147745
0.0133729
0.0102579
0.00289666
0.0117355
0.0163025
0.00494225
0.0182972
0.00406612
0.00799316
0.0038322
0.00964686
0.00383654
0.0660464
0.0105116
0.0201767
0.0055775
0.00915171
0.0153623
0.0912963
0.138999
0.00355206
0.0171725
0.012077
0.0123516
0.0111274
0.00490787
0.00520127
0.275605
0.0464438
0.0277776
0.0358545
0.166657
0.0394102
0.186234
0.024392
0.0250646
0.030036
0.0303423
0.0132967
0.0324459
0.0310225
0.00648842
0.0636365
0.150331
0.363043
0.0235568
0.0340327
0.288633
0.0694588
0.00285381
0.00630238
0.00289128
0.0378901
0.0690089
0.0103681
0.0178374
0.00941262
0.0118001
0.00221425
0.00834731
0.00255498
0.00864289
0.0260563
0.00889488
0.00985216
0.00558317
0.0054589
0.0118197
0.0170568
0.0129187
0.144472
0.01108
0.0125414
0.0274893
0.0151857
0.0106098
0.00884745
0.026008
0.0177625
0.166945
0.00994974
0.00128888
0.00822666
0.00918432
0.02217
0.0146425
0.0155602
0.00638155
0.0137321
0.0151875
0.035089
0.224861
0.0229206
0.00825575
0.000908608
0.012891
0.0208331
0.0112448
0.00539802
0.00282214
0.0125046
0.0171678
0.0113613
0.0121616
0.0110988
0.00630947
0.00631879
0.0220516
0.00861167
0.0205393
0.0123328
0.0166183
0.0154972
0.224477
0.055354
0.0183801
0.0929963
0.0314454
0.0468021
0.00700539
0.00405523
0.00872483
0.00585393
0.0115675
0.00975318
0.0129917
0.154804
0.212614
0.0430171
0.0383334
0.00857448
0.00611205
0.0145245
0.0096085
0.0223481
0.00135549
0.0106274
0.0116444
0.0227527
0.0177998
0.00648986
0.00509799
0.0171252
0.0153586
0.0142266
0.023471
0.0036762
0.0114055
0.0211361
0.0223465
0.00965203
0.0412281
0.0166522
0.0120591
0.0211875
0.0200576
0.0132403
0.00648349
0.00920338
0.0242434
0.0211455
0.00586415
0.00658527
0.00925308
0.0097435
0.0105784
0.0222309
0.0102756
0.00516433
0.0263383
0.0119547
0.00214294
0.0251048
0.0163591
0.0111884
0.0112734
0.0206728
0.0298223
0.0103351
0.00510319
0.042597
0.006993
0.0381743
0.123394
0.0109883
0.0102567
0.00704493
0.0123496
0.106021
0.00707933
0.00803572
0.070056
0.391921
0.144087
0.0765094
0.149288
0.0124187
0.0123607
0.0214358
0.137693
0.00471279
0.0163078
0.0367835
0.00369974
0.00647448
0.0135737
0.0189925
0.0218095
0.00485013
0.0566607
0.027045
0.00122654
0.0109206
0.0179734
0.00953496
0.00813809
0.0117842
0.0145948
0.0145782
0.0144886
0.0108358
0.0600827
0.0619395
0.0176339
0.0211848
0.00404759
0.0117367
0.0369898
0.0227132
0.0556378
0.00634192
0.0317399
0.0136345
0.0126025
0.0337913
0.0128116
0.0475296
0.00409149
0.0149554
0.0312011
0.00985473
0.0125648
0.0105915
0.00235551
0.0141166
0.0252147
0.0182494
0.00822262
0.00187896
0.0167461
0.00481951
0.00749227
0.0138036
0.0205635
0.0130483
0.00770705
0.0138194
0.0173715
0.00832713
0.00742226
0.0108609
0.011311
0.00326826
0.0160304
0.0312987
0.0235738
0.0143306
0.0266956
0.00700671
0.0148887
0.00770957
0.0227797
0.0103056
0.0130848
0.00117692
0.0074565
0.0117227
0.0213436
0.0100051
0.0144669
0.0152646
0.00183457
0.0119951
0.022809
0.0518872
0.0264249
0.00478724
0.0258036
0.031865
0.0163227
0.0142653
0.0266273
0.0153738
0.00421738
0.00752166
0.0154577
0.00410777
0.0272508
0.00192259
0.00718547
0.0136767
0.0212803
0.00527511
0.0254777
0.0174015
0.0172452
0.0049416
0.0136042
0.0241989
0.0680233
0.00755809
0.00934051
0.00518591
0.0202136
0.0170517
0.00191192
0.010784
0.00324248
0.0117256
0.0194357
0.00375004
0.0329866
0.0158831
0.00511183
0.00822633
0.0149809
0.00401956
0.00577496
0.00704953
0.0195729
0.0219263
0.00785321
0.0223107
0.00253621
0.236068
0.016318
0.149053
0.00758503
0.0893517
0.0106699
0.0134114
0.00261576
0.0194913
0.147013
0.0743382
0.034804
0.0443706
0.0733731
0.0363577
0.0162843
0.0456235
0.00369408
0.0335355
0.0143415
0.00232591
0.00401943
0.0261896
0.0448841
0.229804
0.0530952
0.0668461
0.00798338
0.008024
0.00483998
0.00570262
0.0278765
0.0492647
0.0182837
0.0475652
0.0234484
0.0151964
0.0380884
0.00217483
0.0399018
0.0827677
0.0218383
0.00261147
0.0120752
0.0198428
0.00934729
0.0171306
0.0129098
0.0416873
0.00272918
0.0401108
0.0385515
0.00874752
0.0217316
0.0335064
0.00426929
0.0374294
0.00198242
0.0160957
0.0127374
0.00812548
0.0199756
0.0166815
0.0109306
0.0187506
0.0222423
0.0100505
0.0149209
0.00624417
0.00937475
0.0118295
0.0123441
0.0203711
0.00506286
0.0133256
0.00636244
0.00168246
0.00774016
0.0126519
0.0368129
0.0144275
0.0328653
0.0147153
0.0810992
0.152547
0.0504767
0.00709496
0.0216522
0.0258035
0.0118317
0.0106225
0.00236998
0.00648703
0.014773
0.00975616
0.00930312
0.222255
0.0132381
0.248909
0.00807283
0.0237241
0.0103322
0.0165286
0.00896267
0.0122062
0.000109798
0.0267811
0.00975791
0.0134489
0.0231437
0.0198608
0.0154701
0.144332
0.00759734
0.0720456
0.0162958
0.165885
0.0893158
0.00728491
0.0101271
0.0484544
0.0122864
0.0130353
0.0167277
0.00392679
0.0130424
0.0368309
0.0181857
0.181797
0.015543
0.0592633
0.00484656
0.0114806
0.0238106
0.00800453
0.00822696
0.0318863
0.0098527
0.00899241
0.00323901
0.00597076
0.0274846
0.0480961
0.00225203
0.0711727
0.0470631
0.0110075
0.0710843
0.154079
0.154872
0.0547904
0.0116972
0.0112329
0.00918119
0.00330992
0.0127767
0.0139236
0.0137675
0.0215989
0.0130221
0.0110942
0.00245442
0.0157231
0.0175274
0.295554
0.16407
0.0134364
0.0087679
0.011451
0.0218181
0.00426652
0.045744
0.00200571
0.0134327
0.0243262
0.0119538
0.0134813
0.0185993
0.0040861
0.0122134
0.0295444
0.00509013
0.0748032
0.0385961
0.00947044
0.0143839
0.156396
0.0534913
0.137425
0.0637469
0.0100351
0.211746
0.0811511
0.170409
0.0195831
0.0102257
0.0262327
0.0366641
0.184591
0.619358
0.314768
0.218103
0.0279281
0.0143862
0.179293
0.0284005
0.00184388
0.0325935
0.0158305
0.210029
0.0178001
0.0215278
0.162257
0.0169076
0.00373202
0.0242225
0.0053274
0.0161934
0.0112315
0.00839132
0.0199551
0.0155905
0.0297218
0.0161428
0.0155993
0.00510214
0.125602
0.311565
0.22962
0.270384
0.0744046
0.0402602
0.0444896
0.0206643
0.0267818
0.0497704
0.0220637
0.0203065
0.00695102
0.00881702
0.013177
0.0245186
0.0130226
0.014713
0.0270086
0.0112088
0.00912359
0.00549824
0.00368618
0.0207886
0.0058327
0.00945981
0.00728054
0.00628279
0.00353336
0.0173748
0.0156412
0.0119217
0.00655851
0.0194218
0.0157016
0.00910677
0.00621883
0.00844287
0.0251836
0.0120642
0.0058449
0.00155322
0.0186993
0.0469519
0.0122482
0.00103956
0.0517751
0.00551425
0.0409783
0.0573741
0.00159882
0.0335734
0.00297966
0.0127512
0.0152454
0.00421589
0.00978793
0.0224215
0.0145849
0.00848228
0.0130843
0.0188614
0.00701254
0.0253533
0.0112046
0.0104168
0.0118321
0.0110931
0.141744
0.148026
0.229532
0.0165308
0.0590672
0.0323439
0.207293
0.0310977
0.0120043
0.0934678
0.0137098
0.00807079
0.106162
0.0175316
0.0103857
0.0947474
0.00942492
0.016227
0.220975
0.0100944
0.00368876
0.00600412
0.025972
0.0988199
0.0636879
0.0442392
0.0210057
0.129413
0.0130996
0.0525253
0.00726371
0.061447
0.0530888
0.137642
0.0172906
0.0158898
0.0370982
0.279966
0.0180046
0.0410525
0.0179588
0.0875875
0.0219916
0.120829
0.0853325
0.0858069
0.0130682
0.00366572
0.030427
0.0151606
0.207764
0.175015
0.0120289
0.12945
0.0833108
0.0543503
0.173816
0.188555
0.0207676
0.00269028
0.124984
0.00649474
0.187565
0.0126567
0.0298229
0.00321464
0.0229056
0.0247983
0.012392
0.0100093
0.0326245
0.0255808
0.0133363
0.0687232
0.0231353
0.00530057
0.0385198
0.0149485
0.107623
0.0196082
0.113349
0.199066
0.0911995
0.120856
0.101735
0.00612877
0.10398
0.0116621
0.0118938
0.0168131
0.00682094
0.00756067
0.0691093
0.00775838
0.0265965
0.0208447
0.112989
0.164969
0.295475
0.051764
0.0964463
0.0300653
0.010506
0.0175953
0.135478
0.0642218
0.15881
0.0210681
0.014629
0.00521421
0.00618476
0.0214964
0.041831
0.106879
0.149027
0.0122936
0.0100657
0.0443647
0.184288
0.00557989
0.0353444
0.0388879
0.327524
0.0119413
0.0363012
0.00914332
