0.00278516
0.00177458
0.00181768
0.00104031
0.00180942
0.000135346
0.00310409
0.000606996
0.000696634
0.00134047
0.00179751
0.000158016
0.0023295
0.00338777
0.00118241
0.000460098
0.003975
0.00328127
0.000840214
0.000446424
0.00026822
0.00389584
0.000946263
0.000440804
0.000550806
3.6027e-05
0.000468537
0.00269111
0.000704626
0.00335078
0.00101363
0.000561558
1.16722e-05
0.00131071
0.000923909
0.00497102
0.00243819
0.00409838
0.000781229
0.000153264
0.000881451
0.00139962
0.00165072
0.000972182
0.00065334
0.00436217
0.000899355
0.000744703
0.000477444
0.000707158
0.00568229
0.00427046
0.00245016
0.00272657
0.000428846
6.57697e-05
0.00300765
0.0023877
0.00262698
0.000168402
0.000233773
0.00092725
0.000712434
0.000346694
0.000794647
0.00131909
0.00100365
0.000621477
0.00401717
0.00162432
0.00366356
0.00271287
0.000729432
2.00384e-05
0.000647779
0.000698042
8.65101e-05
0.0073
0.0041133
0.00338745
0.00369857
0.00149216
0.000595038
0.00142344
0.00139606
0.00141413
0.00176706
0.00338085
0.00236348
0.000807157
0.000678839
0.0056088
0.000268725
0.000667022
0.0114995
0.00386942
0.00377996
0.000365624
7.35572e-05
0.00134635
0.0136702
0.010914
0.00213206
0.00111275
0.00736196
0.000729185
0.00321423
0.00230397
0.00202092
0.00391127
0.00468176
0.000187071
0.00232608
0.00227261
0.00403439
0.0033083
0.00141295
0.000965133
0.00100748
0.00236272
0.00564705
0.000288097
0.00509259
0.00292701
0.0001602
0.000980426
0.00611134
0.00149337
0.00645826
0.00219072
0.00119042
0.00050332
0.00232728
0.00109062
0.000813176
0.000120911
0.00296684
0.00151087
0.00212851
0.00137596
0.00103431
0.000172638
0.000655655
0.000226304
0.00022293
0.000445673
0.000815232
0.00338373
0.00319791
0.00114449
0.00194898
0.00189117
0.00089588
0.000602953
0.000390508
0.00195843
0.00184088
0.000269103
0.00147838
0.0018044
0.000723926
0.000872548
0.00233422
5.52785e-05
0.00290766
0.000711251
0.00163363
0.00612022
0.00257
0.00345858
0.00157112
0.00069069
0.00501063
0.00154406
0.00213057
0.000201982
0.00104201
0.00237919
0.000566945
0.0026754
0.003507
0.00184706
0.00291888
0.000515332
0.000438093
0.00160036
0.000492416
0.000625361
0.00156263
0.00303921
0.00176751
0.00382926
0.00118297
0.000308169
0.00132878
0.00226975
0.00165143
0.00064835
0.00301874
0.000943136
0.00145423
0.00153752
0.00215893
0.000630473
0.000965881
0.00201616
0.000550729
0.00112913
0.00327697
0.00226706
0.000625486
0.000928133
0.00108471
0.00221042
0.00271207
0.00131357
0.000392635
0.000461269
0.00255173
0.00098781
3.61988e-05
0.0011119
0.000740718
0.00133011
0.00264478
0.00275811
0.00231564
0.00126529
0.00061445
0.00167008
0.00235065
0.000152471
0.00424862
0.000437018
0.00296628
1.18858e-06
0.00256357
0.0020133
0.00105298
0.000636202
0.00470855
0.00066372
0.00151441
0.0038745
0.00176057
0.000903495
0.000196994
0.00290445
0.000649785
0.00142568
0.000971931
0.00103529
0.000833832
0.000690939
0.000813497
0.000133738
0.000746787
0.000120922
7.23125e-05
0.00030782
0.00246787
0.0020408
0.0033321
0.000706194
0.00550001
0.00197048
0.00262766
0.00016032
0.000342188
0.0017196
0.00222085
0.00228325
0.00267965
0.000673563
0.00344489
0.00270414
0.00154099
0.00349591
0.000412568
0.0033563
0.00085691
0.00449342
0.00132196
0.00537377
0.00331545
0.00376056
0.00214734
0.000409174
7.77509e-05
0.00338416
0.00143641
0.000641837
0.00123476
0.00041186
0.000546083
0.00181768
0.00211171
0.00230786
0.000451064
0.0023922
0.000196624
0.00178271
0.000894525
0.00212265
0.00174352
0.00333443
0.00135488
0.000706455
0.000459103
0.00176515
0.000622508
4.17376e-05
0.00161246
0.00234572
0.00146278
0.00498819
0.00229231
0.0011357
0.00160562
0.000571568
0.00232456
0.0014636
0.00256331
0.00111484
0.00168743
0.000457055
0.0048373
0.000902984
0.00251394
0.00207536
0.00044468
0.00168588
0.00212836
0.00134735
0.00183919
0.00195388
0.00291662
0.00269016
0.000305929
0.00177209
0.000711233
0.000160983
0.00329423
0.00163841
0.00081837
0.000928525
0.00164614
0.00163656
0.00276234
0.00290313
0.00457026
0.00413134
0.00121688
0.00126807
0.000826259
0.000692013
0.000622492
0.00184146
0.00229602
0.00480525
5.00965e-05
0.0031182
0.00189803
0.000485627
0.00552051
0.000676924
0.000357769
0.00280514
0.000511523
0.000223298
0.00378979
0.00183674
0.000374305
4.10876e-05
0.00144733
0.00164378
0.00114787
0.00272026
0.000883645
0.000599272
0.000880778
0.000105789
0.0020028
0.00190997
0.00261376
0.00478551
0.00432831
0.000734265
0.000879942
0.000181451
0.00127859
0.000332011
0.00467463
0.000696902
0.00157838
0.0015769
0.00145884
0.00377041
0.0027223
0.0048473
0.000696348
0.00192172
0.000369612
0.00481255
0.000209657
0.00285438
0.000494285
0.000215535
0.0042442
0.00200321
0.000380701
0.00304736
0.000185343
0.000518297
0.00211675
0.00370687
0.00397465
0.00259605
0.00144777
0.00420315
0.00150307
0.000438142
0.00219614
0.00140486
0.0042376
0.00330349
0.000925014
0.00412162
0.00197157
0.000427666
0.00482676
0.00161942
0.00250826
0.000146348
0.000109834
0.000874967
4.92282e-05
0.00245387
5.17285e-05
0.00124751
0.00806914
0.00171766
0.00281149
0.00480097
0.00485073
0.00197043
0.00593921
8.96725e-05
0.00410234
0.00187609
0.000305025
0.00123863
0.00100124
0.000641654
0.000375384
0.00338299
0.00150001
0.00124181
0.00213529
8.99085e-05
0.00326462
0.001675
0.0045636
0.00136572
0.00251351
0.00116233
0.00595938
0.00491211
0.0014786
0.00148162
0.00443403
0.00383485
0.00399634
0.00628263
0.00335027
0.000757356
0.00098945
0.00686756
0.00196098
0.0102047
0.00936561
0.00849347
0.00380402
0.000869679
0.00437396
0.000428397
0.000105589
0.0046589
0.0117615
0.000806631
0.00694291
0.0186328
0.00471997
0.00941496
0.0113841
0.0088781
0.00161968
0.00287551
0.0024475
0.0015114
0.00328723
0.00042583
0.00169254
0.00177062
0.006364
0.00168979
0.000354767
0.000553458
0.000548179
0.000591734
0.00247549
0.000511135
0.000605882
0.000197303
0.000223737
0.00091749
0.0024255
0.00282988
0.00358288
0.000298976
0.00128634
0.00028461
0.0017295
0.00306257
0.00206495
0.00247308
0.00219929
0.00256205
0.00185204
0.00245045
0.00403294
0.000170715
0.00153071
0.00158728
0.000220105
0.00281768
0.00189638
0.00499712
5.21182e-05
0.00488185
0.00356629
0.00327202
0.00100449
0.00167924
0.00403521
0.00205293
0.0024545
8.94677e-05
0.000413442
0.00215629
0.00357817
0.000325124
0.00186883
0.000946755
0.00182215
0.000131287
0.00401284
0.000854112
0.000374037
0.00173861
0.00142913
0.000455341
0.00110389
0.00105111
0.000112504
0.0025208
0.000336197
3.01767e-05
0.000907934
0.00121939
0.000649637
0.00164577
0.00231305
0.000283025
0.00294473
0.00302954
0.00161172
0.00098393
0.00062181
0.00263083
0.000205968
0.00270189
0.000978849
0.000417361
0.00215098
0.00215422
0.000450228
0.00455204
0.00115867
0.00225998
0.000577328
0.00388965
0.00102944
0.00158583
0.000347969
0.0039291
9.5452e-05
0.00066313
0.00112675
0.00185434
0.000629486
0.00136265
0.00190456
0.00222198
0.00230105
0.000635092
0.000846179
0.00111066
0.0022679
0.000780646
0.000384458
0.00184391
0.00250166
0.00126766
0.00239334
0.000577764
0.00481338
0.00212334
0.00908934
0.00136385
0.00253738
0.00124636
0.000503705
4.44395e-05
0.00111482
0.000128053
0.00280236
0.000214197
0.00171353
0.00275349
0.00190361
0.0012555
0.00180163
0.00677462
0.00824811
0.00501943
0.000800417
0.00430118
0.000214696
0.0017484
0.00010432
0.000903696
0.00195903
0.00137536
0.000936263
0.00128242
0.00431313
0.0014051
0.000956189
0.000829877
0.00112031
0.00119749
0.000394896
0.000568918
0.000614847
0.00232771
0.00269249
0.00102366
0.00137461
0.00201858
0.000556317
0.00182562
0.00378283
0.00345208
0.00723178
0.00176189
0.00372655
0.00551686
0.00121818
0.000503721
0.00070459
0.0018962
0.00206527
0.000500351
0.000902998
0.00172039
0.00129491
0.00164866
0.00286085
0.00320395
0.0015767
0.000907335
0.00403947
0.000447871
0.00330833
0.00490434
0.00084612
4.21024e-05
0.000469193
0.00138496
0.00240202
0.00221968
0.0242702
0.00166497
0.00042399
0.00387443
0.000724412
0.000216765
0.000125859
0.000838286
0.000221303
0.00241466
0.00108506
0.00136335
0.000568037
0.001491
0.00084372
0.00293676
0.00087106
0.000864104
0.0010883
0.000828189
0.000531395
0.00313527
0.00582617
0.00270013
5.94345e-05
0.000799023
5.04199e-05
0.00112321
0.00250175
0.000524755
0.00309407
0.00134804
0.00125753
4.95849e-05
0.000544596
0.00625576
0.00368376
0.00142308
0.00465697
0.00155015
0.00389663
0.00236922
0.00288097
2.08099e-05
0.00331899
0.00010799
0.0003315
0.0015624
0.0126098
0.000457978
0.00186989
0.0019606
0.00274948
0.00202779
0.000328985
0.000902782
0.001483
0.00123028
0.000468222
0.00391527
0.00196388
0.0010321
0.00100504
0.00487841
0.000390393
0.000820172
0.00212982
0.000294708
0.00461887
0.00306646
0.00457758
0.00465257
0.00220968
0.00325802
0.00227142
0.00288437
0.00134574
0.00142638
5.31518e-05
0.000804395
0.00126815
0.000523228
0.00229772
0.00399372
0.00254842
0.00416006
0.0152822
0.00618859
0.000914221
0.00258336
0.00269737
0.0083693
0.0049288
0.000213672
0.0087377
8.25029e-06
0.00564332
0.00472048
0.000600567
0.00407558
0.00455064
0.000442783
0.00355671
0.0103402
0.00721828
0.0021967
0.0028392
0.00580415
0.00109414
0.00553796
0.00733349
0.0040557
0.00759767
0.005138
0.00155687
0.00109613
0.000730587
0.0105268
0.00290647
5.83595e-05
0.00498555
0.00547197
0.00710477
0.00215111
0.0132377
0.00405444
0.000155106
9.0653e-05
4.32728e-06
0.000944353
0.00309615
0.0017859
0.00241269
0.000605608
0.000119721
0.00239152
0.00135027
0.000973093
0.000684361
0.000909168
0.00408582
0.00123958
0.000532637
0.00156255
0.00122522
0.00515961
0.000838024
0.000901111
0.00163793
0.00253022
0.00475805
0.000172203
0.0018866
0.0115122
0.00514285
0.000868924
0.00197057
0.00202299
0.000980194
0.0027849
0.00047976
0.00242745
0.00235966
0.0051024
0.00255644
0.000242017
0.00118278
0.006903
0.00105589
0.00171358
0.00560356
0.0109079
0.00591173
6.88997e-07
0.000438731
0.000798451
0.00193255
0.000891307
0.00278795
0.00170023
0.0043244
0.00214617
0.000460349
9.67377e-05
0.00636972
0.000470336
0.00115998
0.000739837
0.00138246
0.000342183
0.000727023
0.000868881
0.00290905
0.00117918
0.0296729
0.000226225
0.00419613
0.00524242
0.000801267
0.000407009
0.00319559
0.00280081
0.00115929
0.000438174
0.000341839
0.00346218
0.000698556
0.00179053
0.00291202
0.00116263
0.00320585
0.00481907
0.00308667
0.000508557
0.00347842
0.000381157
0.011845
0.000474944
0.00480305
0.00318767
0.00746549
9.89321e-05
0.000702755
0.000239712
0.00266579
0.00274869
0.000115644
0.000671562
0.000524935
0.000409817
7.28187e-05
0.00374836
0.00165995
0.00174318
0.000499592
0.000213195
0.00355351
0.00156783
0.00236202
0.00633793
0.0087512
0.0012098
0.00915799
0.0018251
4.32359e-05
0.0016755
0.00203679
0.000308465
0.00269649
0.00167024
0.000987645
0.0013829
0.000744468
0.000688758
0.00146405
0.00434172
0.00628036
0.00239512
0.000457949
0.00142847
0.00278093
0.00123409
0.000726423
0.000929293
0.00210201
0.000885686
0.00291516
0.00294877
0.00523884
0.00226161
0.000884831
0.000469661
0.000150975
0.00126376
0.00164056
0.00180106
0.00271169
0.000680982
0.00124849
0.00199067
0.00125214
0.00152033
0.000531637
4.7724e-05
0.0011898
0.00266632
0.00417673
0.00444032
0.00586006
0.00104408
0.000149484
0.00230578
0.00438543
0.00115428
0.00397446
0.000324101
0.00136043
0.00405704
0.00161532
0.00119451
0.00205749
0.000375532
0.00773343
0.00204105
0.00231546
0.000375626
0.00309857
0.00544315
0.00165416
0.00259655
0.000363758
0.000651661
0.00448622
0.00282304
0.00343966
9.71595e-05
0.00671101
0.000654806
1.87099e-05
0.000240506
0.00191502
0.00417674
0.00342738
0.00296401
0.00547936
0.00159428
0.00184738
0.00030347
0.0020382
2.67059e-05
0.00354725
0.00157788
0.00289499
0.00223857
0.00475871
0.000957501
0.000870775
0.00162466
0.00309217
0.000638244
0.00108445
0.000393282
0.00167471
0.000828354
0.00047506
0.00159553
0.00294248
0.00675367
0.00182096
0.00418545
0.00216545
0.00278189
4.84264e-05
0.00210736
0.000235544
0.000180423
0.0055859
7.21271e-05
0.000518783
0.00486518
0.00289032
0.00200569
0.00266475
0.000120478
0.000324152
0.00254805
0.00271861
0.00747145
0.00103817
0.00100414
0.000827554
0.00167669
0.000771921
0.00353832
0.00471657
0.00240052
0.0069533
0.00200926
0.000310827
0.00263946
0.00192917
0.000163426
0.000502541
0.00055126
0.00172866
0.00473194
0.00318092
0.00102368
0.000356901
0.000472437
0.00635204
0.00100712
0.00296803
0.00133878
0.0016424
0.00621798
0.0045795
0.000604774
0.00130452
0.00173283
0.00162407
0.00118822
0.000951092
0.00797398
0.00341668
0.00388523
0.0018862
0.000904986
0.0016832
0.00686629
0.00328132
0.000433016
0.000927194
0.00132135
0.0026481
0.00430955
0.00144699
0.00813175
0.0012183
0.000623408
0.000604745
0.00298275
0.00162107
0.0012793
0.00277748
4.9599e-05
0.000120957
0.000788429
0.00277604
0.000173078
6.14097e-05
0.00246202
0.00274069
0.000116288
0.00176239
0.000873093
0.00198754
0.000463488
0.00342522
0.000421624
0.00100377
0.00169279
0.000996098
0.00121113
0.00061853
0.00351741
0.004397
0.000805396
0.00320664
0.00249402
5.19685e-05
0.00640614
0.000732408
0.00173897
0.000820818
0.00212351
0.00247121
0.00134576
0.000168146
0.000293195
0.004276
0.0012903
0.000320721
0.0024222
9.08046e-05
0.00155026
0.00142805
0.000591816
0.00158042
0.0081521
0.000624571
0.00450321
0.000468654
9.6828e-05
0.00181834
0.00102159
0.00142549
0.0011407
6.96256e-05
0.0010203
0.000186026
0.00254307
0.0025755
0.00186343
0.00292394
0.00420226
0.0127999
0.00220242
0.00123298
0.00188021
0.0017104
0.0025856
0.00247921
0.00046348
0.00740383
0.0008562
0.000591019
0.00194937
0.00317106
0.00165957
0.00178865
0.00291516
0.000450793
0.000889385
0.00238414
0.000143313
0.00056845
0.00094103
0.00180564
0.00105327
0.00210518
0.00150087
0.00438246
0.000989099
0.000668227
0.000484211
1.01513e-05
0.00114666
0.000614807
0.0031398
0.00172827
0.00148419
0.00243643
0.00020581
1.44984e-05
0.0012743
0.00846349
0.00213116
0.000844322
0.00131915
0.00410989
0.0011655
0.000577611
0.000644359
0.00522085
0.000271358
0.00386008
0.00149441
0.000118997
0.00200147
0.00109564
0.00374848
0.000385528
0.00106035
0.00393068
0.00106419
0.000284413
0.00170203
0.000437081
0.00111011
0.00293867
0.00332791
0.000103781
0.00207033
0.00140816
0.00227474
0.00189179
0.00207182
0.00185427
0.00288663
0.00134058
0.00159257
0.0028048
0.00466934
0.00200135
0.00118204
0.00186165
0.0015817
0.000248902
5.34099e-05
0.000832101
0.00233398
0.00314128
0.00504672
0.00199514
0.00152514
0.00270817
0.00199652
0.00112541
0.00134486
0.00126212
0.00276156
0.00258427
0.00283225
0.00554743
0.000565714
0.000636328
0.0011326
0.00150192
0.00213704
0.000332276
0.00304084
0.000844313
0.00158915
0.000511303
0.000627755
0.00406462
0.000703889
0.000693176
0.00699634
0.00329416
0.00587115
0.00306736
0.00785375
0.00378694
0.00317005
0.0012875
0.00601222
0.00148239
0.00879316
0.00916754
0.0064039
6.94714e-05
0.0011493
0.0127867
0.00985217
0.00557747
0.0118815
0.00606885
0.02287
0.0142187
0.000122983
0.00117881
0.00738148
0.00905675
0.0130459
0.00269169
0.000473584
9.56572e-05
0.00624167
0.0117639
0.00131214
0.0146362
0.00700197
0.0154067
0.0186247
0.00104878
0.0186862
0.00147029
0.00430523
0.000375732
0.00088051
0.000221836
0.012936
0.00119065
0.0189564
0.00476734
0.00884148
0.00548023
0.0059505
0.00453662
0.00347501
0.00554276
0.0018032
0.00162962
0.00835255
0.00179967
0.00499854
0.000688223
0.000385603
0.00209962
0.000849075
0.00121445
0.00144158
0.00202519
0.00218186
0.00140738
0.00431832
0.00134759
0.00209793
0.00249704
0.00201422
0.011381
0.00405845
0.000970826
0.00147484
0.00157928
0.00429138
0.0010217
0.00367891
0.00244077
0.000896292
0.00210302
0.00141505
0.000118777
0.000628566
0.0010734
0.00288525
0.000144742
0.00116498
0.00132231
0.000977437
0.0052258
0.00179889
0.00345013
0.00273382
0.00141927
0.00255277
0.00301646
0.00239746
0.000591503
0.000163703
0.00173362
8.25327e-05
0.000565731
0.00251509
0.0067772
0.00142161
0.00149478
0.00219389
0.00134679
0.00034827
0.00203804
0.000557665
0.00903014
0.0129877
0.00387896
0.000130281
0.000529505
0.00156659
0.00456632
0.00307921
0.00359629
3.26279e-05
0.000233276
0.00190729
0.00199309
0.000942062
0.00955434
0.00824934
0.000601291
0.000511706
0.000601288
0.00357769
1.20397e-05
0.0033254
0.00220752
0.0001049
0.000594407
0.000728509
0.00104608
0.00137647
0.000101536
0.00179394
0.00041465
0.00316713
0.00171537
1.2209e-06
0.00463365
0.00146402
0.00353655
0.000736603
0.00253989
0.0012465
0.00388039
0.00155359
0.0040691
0.00137945
0.000174751
0.00344821
0.00247027
0.000881055
0.000544518
0.000369287
0.000884871
0.0015195
0.00135475
0.00302438
0.00199379
0.00535467
0.00178056
0.00325531
0.00522716
0.002235
0.00150689
0.00167517
0.00233151
0.00254565
0.00317094
0.000434476
0.000773864
0.0039662
0.0114736
0.000322514
0.00185835
0.00119849
0.00167499
0.00271027
0.00222112
0.00156054
0.00282243
0.00280883
0.00119009
0.0239069
0.00111526
0.00216734
0.000683646
0.000397296
0.000209043
0.00198639
0.00145171
0.00268829
0.00105203
0.00158913
0.0033302
0.00111549
0.00164608
0.00184561
0.00167953
0.000212325
0.00113172
0.000586654
0.00164553
0.000515262
0.00281052
0.00148938
8.31621e-05
0.000501532
0.00139074
0.00039607
0.000820872
0.00130253
0.000657553
0.00149663
0.0018691
0.000661741
0.00175016
0.000285536
0.000495488
0.00069845
0.00256174
0.00223437
0.00220286
0.00245846
0.00177233
0.00167764
0.00267103
0.00204419
0.00487432
0.00147068
0.000191954
0.00169047
0.000686514
0.00149235
0.00165699
0.000255557
0.000445242
0.00441635
0.000905217
0.000751928
0.00113576
0.00402071
0.00244951
0.00091887
0.000625892
0.00169035
0.0109793
0.00197415
0.000578118
0.00527789
0.00274259
0.00142269
0.00118747
0.00194147
0.00188063
0.00385899
0.00146704
0.00246174
0.000150014
0.00319797
0.00195866
0.00192405
0.00149629
0.00232544
0.00232849
0.00218061
0.000236429
0.00118212
0.00731108
0.00202726
0.00967136
0.00299517
0.00211722
0.00178183
0.00296919
0.00934385
0.00240611
0.00152517
0.000703093
0.000892741
0.00872174
0.00162418
0.00164927
0.00160844
0.00187114
0.00127732
0.00258535
4.77435e-05
0.00146148
0.001506
0.00307901
0.000999379
0.00118758
0.00132241
3.64207e-05
0.000410947
0.000579537
0.00159561
0.00362586
0.00132335
0.00199563
0.000292423
0.00165803
0.00044348
0.000257293
0.000735637
0.00306273
0.00656615
0.00302441
0.00126785
0.00367473
0.00492715
0.00512256
0.000332007
0.00102067
0.000533933
0.00222637
0.000967288
0.0018986
0.000675002
0.0010691
0.00152089
7.02109e-05
0.00240026
0.000768229
0.00160674
0.00264117
0.0121225
0.000678276
0.000307505
0.00059186
0.00170398
0.000915365
0.000984592
0.00380722
0.000302419
7.68557e-06
0.00195236
0.00122739
0.00251127
0.00109324
0.000409116
0.00124403
0.00297708
0.000255616
0.00350638
0.000334308
0.000762058
0.00422816
0.00789527
0.00088974
0.00221082
0.00144178
0.00196508
0.0049466
0.00326839
0.000196793
0.00219648
0.00604579
0.00113902
0.00347545
0.00354892
0.00426759
0.00253869
0.000823393
0.00438943
0.00091787
0.00140355
0.00269589
0.00138925
0.000839801
0.00349155
7.39659e-05
0.00194799
0.000864289
0.00278833
0.000930099
0.000677954
0.00102758
0.000205178
0.00277102
0.00193148
0.000438211
0.00141598
0.00282402
0.0052915
9.4097e-05
0.000887631
0.0027641
0.00179265
0.00727205
0.00155955
0.00101341
0.00406391
0.000199801
0.00200766
0.00110837
0.002136
0.00262743
0.00300222
0.00333618
0.00322729
0.000101253
0.0021141
0.000715846
0.00334022
0.00127944
0.000478624
0.00195829
2.91855e-05
7.03783e-05
0.00025769
0.00142601
0.000128672
0.00378293
0.000174017
0.00213921
0.000142122
0.00129186
0.00225643
0.00392894
0.00200837
0.00182563
0.000492199
0.00106776
0.005237
0.00172508
0.00185453
0.00199709
0.000712732
0.0023359
0.000886751
0.00183657
9.71252e-05
0.000479736
0.00627789
0.000338004
0.00129565
0.00148313
0.00202138
0.00324533
0.00351574
0.000585685
0.000447267
0.00287078
4.97488e-05
0.00501085
0.00262279
0.00235691
0.000629222
0.00367989
0.00294327
0.0027959
0.000778525
0.00735949
0.00158287
0.000399061
0.00286623
0.00282235
0.000434195
4.00273e-05
0.00402874
0.000772071
0.00102798
0.000893438
0.000134359
0.00205333
0.00207452
0.000113507
0.00336628
0.00327622
0.00450012
0.0053229
0.000430412
0.000912666
0.00261387
0.000748237
0.00220238
0.000110376
0.000389266
0.000633659
0.00221845
0.000412909
0.00137341
0.00266027
0.00128149
0.00221337
0.00332758
0.00246541
0.000585318
0.00215023
0.00249177
0.00123047
0.00466166
0.000696314
0.00353883
0.00130225
0.000786337
0.00186728
0.00458825
0.000904443
0.000287766
0.00117634
0.00286254
0.00284776
0.000296889
0.000976225
0.00183882
0.00509612
0.00192501
0.000125919
0.00223441
0.000806344
0.000954733
0.00114807
0.000152381
0.000405469
0.00106556
0.000903932
5.22559e-05
0.00174548
0.00365527
0.000486061
0.00214814
0.000340011
0.0033846
0.000739836
0.000389115
0.00231458
0.00266361
0.000255971
0.00354744
0.00390338
0.000967628
0.00144428
0.00133753
0.000946884
0.00323724
0.00232714
0.000610161
0.00125758
0.000643025
3.57471e-05
0.00232365
0.000197244
0.00156838
0.00711548
0.000781143
0.00110885
0.00108151
0.00598173
0.000583989
0.000853977
8.85653e-05
0.00217727
0.00273883
0.00364786
0.000486302
0.000549941
0.0012404
0.00141955
0.0017457
0.000571936
0.00122488
0.000785097
0.00359795
0.00569976
0.00351321
0.00358362
0.000363609
0.00248707
0.000199617
0.00436835
0.00795986
0.00162867
0.00164359
0.00378624
0.00171492
0.00847571
0.00211305
0.00124649
0.000253996
0.00728763
0.00382733
0.00181364
0.00305967
0.000254661
0.000547427
0.000757402
0.000268926
0.00108884
0.00315992
0.00182902
0.000875687
8.05306e-05
0.000840361
0.00187698
0.00162591
0.00106813
0.00258019
0.0011823
0.00320703
0.00067809
0.00234464
0.00102755
0.00144468
0.00292333
0.00419884
0.000846228
0.00339317
0.0048941
0.0035956
0.00247799
0.000640324
0.00118708
0.000254214
0.000804105
0.00217442
0.00129313
0.00342544
0.00110481
0.00149552
0.00106613
0.000652692
0.00208678
0.00210572
0.000939801
0.000354796
0.00288064
0.00168422
0.000394371
0.000270881
0.000925867
0.00480693
0.000740145
0.002981
0.00104516
0.00430282
0.00350749
0.00478868
0.0022568
0.00465542
0.0014476
0.000871404
0.000973711
0.00769677
0.00724395
0.000277092
0.000448449
0.00157347
0.00192866
0.00325064
0.00172678
0.00447875
0.00261436
0.00283806
0.000914356
0.00267858
0.00182463
0.00444415
0.000281552
0.00233063
0.00189628
0.00305957
0.00103967
0.00194861
3.21067e-05
0.000183636
0.0013772
0.000509578
0.00477964
0.00260727
0.000872502
0.00233891
0.00212816
0.00154053
0.00127774
0.00123197
0.0136525
0.000335756
0.00493133
0.00229745
0.00266872
0.000143374
0.00044151
0.00223379
0.000331292
0.00104759
0.000754406
0.00380407
0.00293931
0.00409406
0.000301811
0.000795294
0.00368031
0.00266971
0.000408153
0.00307079
0.00132198
0.000877363
0.00317344
0.00414646
0.00104999
0.0018764
0.000685456
0.0015508
0.00118847
1.19661e-05
0.000969625
0.000187223
0.000551341
0.000256236
0.001104
0.00106839
0.00105686
0.00165531
0.00155775
0.00781746
0.00201158
0.000479088
0.000486748
0.00268705
0.00332331
0.00157577
0.000948492
0.00173952
0.00131874
0.00232576
3.04985e-05
0.000246789
0.00648437
0.000535185
0.00239628
0.000651393
0.00233942
0.000823903
0.000966319
0.00222983
0.000783131
0.00045442
0.000564015
0.000571428
0.00409865
0.00821746
0.00241663
0.000636592
0.00177813
0.00301179
0.0012259
0.00164602
0.000630682
1.68814e-05
0.001018
0.00051727
0.00289475
0.000903976
0.00259616
0.00204496
0.00278122
0.00404143
0.000980597
0.00283887
0.00158218
0.00146486
0.000783933
0.00365464
0.000596329
0.00114514
0.0010004
0.00677138
0.000185482
0.00576702
0.000902861
0.00281361
0.00313479
0.00138525
0.00474448
0.000860231
0.00181214
0.00143231
0.00176222
0.000155662
0.00221349
0.000834102
0.00197022
0.00187289
4.30747e-05
0.00113972
0.000415648
0.000155282
0.000815986
0.00121217
0.000644403
0.00186576
0.00273771
0.000152556
0.00182293
0.000632628
0.00111946
0.0011946
0.00154661
0.00406852
0.000245095
0.000140792
0.000489308
0.00301147
0.000937622
9.59701e-06
0.00305764
0.00323908
0.000878983
0.00212636
0.000550272
0.00207387
0.00174253
0.0181911
0.000510515
0.00488945
0.00172688
0.000626712
0.00370093
0.00108996
0.00721271
0.0056575
0.00540205
0.00126404
0.000970033
0.0031444
0.000274498
0.00135491
0.00168858
0.00203781
0.00170961
0.000112531
0.00655349
0.00411437
0.0018201
0.00097953
0.00197061
0.00296028
0.00303207
0.00086181
0.00204614
0.00145439
0.000962722
0.000705719
0.00122502
0.00162675
0.000368894
0.00216803
0.00106543
0.000832592
0.000740638
0.000850213
0.00992227
0.00205448
0.000142511
0.000575315
0.0041983
0.000882325
0.00209176
0.00359813
0.00123635
0.000138469
0.00210074
0.00174244
0.000307496
0.00182055
0.00163495
0.00414024
0.000606145
0.00179593
0.00227042
0.0022718
0.000651262
0.00191848
0.00275547
0.00099197
0.000626297
0.00166554
0.00184681
0.000752792
0.00174443
0.00127211
0.00202812
0.000589635
0.000517236
0.00153172
0.00132877
8.01051e-05
0.00210804
0.0028208
0.000414911
0.00083439
0.00306741
0.00227437
0.000809685
0.000521788
6.73292e-05
0.00192013
0.00717855
0.0014127
0.00133467
0.000224213
0.00415423
0.000195436
0.000233211
0.00166849
0.00140718
0.00239846
0.00163769
0.000833227
0.00108553
0.00221454
0.00236723
0.00188977
0.00192751
0.005465
0.000446294
0.000813755
0.0015925
0.00089488
0.000738042
0.00142243
6.9654e-05
0.00118558
0.000310282
0.00132673
3.61932e-05
9.015e-05
0.00181085
0.000644812
0.00151667
0.00273649
0.00305565
0.000560868
0.00357245
0.000127702
0.00149177
0.00153334
0.000194287
0.00316117
0.00280498
0.00165098
0.0016748
0.000415086
0.000508464
0.00489965
0.000428994
0.000401472
0.0032784
0.00252185
0.00164422
0.000397892
0.0022527
0.000567421
0.000295008
0.00433738
0.000673734
0.00847288
0.00240119
0.00298476
0.000450245
0.00202373
0.00146063
0.0130497
0.000279467
0.00630215
0.00273586
0.000409933
0.00165682
0.00269191
0.000164035
0.00112834
0.000205394
0.000854613
0.00349684
0.000585238
0.00331346
0.00304172
0.000659358
0.0027448
0.00536171
0.00138912
0.000580776
0.000481328
0.000275417
0.00107929
0.000966
0.00169924
0.00246462
0.000620989
0.000960808
0.00184987
0.00165933
0.0006787
0.00133885
0.00291267
0.00199381
0.00059584
0.00250771
0.00405371
0.00213271
0.00284425
0.000566131
0.00269141
0.000324067
0.0010677
0.00215649
0.00338289
0.0036396
0.00420289
0.00190426
5.44051e-05
0.00137865
0.00234266
7.36788e-05
0.000690318
0.00323584
0.000828201
1.87991e-05
0.00137026
0.00133713
0.00142789
0.00132404
0.00228447
0.00382346
0.00511673
0.000370168
0.000915876
0.00100457
0.00204146
0.000962346
0.00224974
0.000714807
0.00307785
0.000728142
0.00133026
0.00150601
0.00111002
0.00453928
0.000247808
0.000664663
0.000102227
0.00125009
0.00102419
0.00117458
0.000847827
0.000292177
0.00256673
0.0014173
0.00215492
0.00081292
0.000628915
0.000744122
0.00114587
0.00224649
5.94372e-05
0.00222441
0.000268436
0.00159181
0.000228417
0.000156846
0.00210562
0.00211547
0.000144968
0.00255122
0.000742592
0.000758224
0.00068347
0.000494662
0.00114859
0.00300214
0.00510634
0.00216823
0.000453691
0.00228007
0.00145424
0.000611658
0.00177412
0.000720847
0.000704143
0.0018863
0.000674356
0.00223936
0.00267898
0.00120513
1.10844e-05
0.0010385
0.000269068
0.00101364
0.00181961
0.000244751
0.00068869
0.00163208
3.26292e-05
5.44256e-05
0.00495216
0.00026033
0.000582243
0.000866683
0.00739358
0.00108545
2.03187e-05
0.000616928
0.00345768
0.00129668
0.00286499
0.00120621
0.000364247
0.000459455
0.00127476
0.00140219
0.000900213
0.000650099
0.00417417
0.00130515
0.00326097
0.000748579
0.00228025
0.00190406
0.00305568
0.00023593
0.00286445
0.000806044
0.00422676
0.00526434
0.000961109
0.00211563
0.00325633
0.00300756
0.00338925
0.00357817
0.000942274
0.00255637
5.43286e-05
0.000108565
0.00115109
0.00278918
0.00316594
0.00180455
0.00100859
0.000799573
0.00026565
0.00423256
0.00478506
0.00275974
0.00677998
0.000409584
0.00167399
0.00313624
0.00427243
0.00148043
0.00140854
0.000962894
0.00544336
0.00224112
9.62021e-05
0.000638152
0.00111166
0.005505
0.00739888
0.00042694
0.00839735
0.000874384
0.00185644
0.0143301
0.0141136
0.00369976
0.00129491
8.76038e-05
0.00158432
0.0144724
0.00316163
0.00742894
0.00382183
0.00391361
0.00849954
0.00084055
0.0054197
0.00555994
0.00216442
0.000469924
0.000930425
0.00182817
0.00176084
0.000450474
0.00159422
4.37238e-05
0.00203514
0.00147258
0.000137578
0.00103216
0.00128508
0.000588475
0.000872555
0.000272381
0.00019802
0.000795482
0.000579532
0.000724702
0.00231069
0.00141913
0.00111756
0.0040814
0.00247639
0.0030379
0.000973397
0.00201561
0.000104153
0.000685206
0.00455069
0.000242258
0.0050186
0.00609526
4.31444e-05
0.000373335
0.00073589
0.00449879
0.000119269
0.00213998
0.00105377
9.05653e-05
0.000759772
0.000917496
0.000699026
0.000620241
0.00210856
0.000421029
0.00234809
0.00137209
0.00275013
0.00281641
0.00587155
0.000546988
0.00110951
0.000679371
0.00192486
0.00558335
0.00237024
0.00282326
0.00177567
0.00158265
0.00219505
0.000167314
0.0035668
0.00230224
0.00258287
0.00407393
0.00252904
0.00334093
0.002772
0.00725784
0.000296759
0.00149424
0.00296678
0.000108221
0.00257538
0.00132263
0.00567035
0.00436857
0.00383844
0.000773731
0.00648335
0.000585583
0.0003043
0.000604566
0.000529487
0.000165155
0.00101538
0.000766781
0.0111892
0.00964941
0.00604401
0.0071311
0.000329889
0.00473338
0.00702709
0.000296037
0.001137
0.0011564
0.000800396
0.00186795
0.00127044
0.000385919
0.00600869
0.000144537
0.00110978
1.19854e-05
0.000251439
0.000823189
0.00342538
0.00807299
0.0024317
0.0119706
0.00501519
0.00310072
0.00314494
0.00452921
0.00681879
0.00536489
0.00274891
0.00203344
0.0108094
0.000799348
0.0015411
0.00177845
0.00224057
0.00242546
0.00275783
0.00303981
0.00169624
0.00290081
0.0012144
0.00426393
0.00336914
0.00278318
0.0037375
0.0015627
0.00202873
0.000937014
7.00871e-05
0.00263974
0.000777526
0.0045627
0.0014768
0.00183309
0.000462501
0.00479191
0.000831371
0.00182427
0.000361383
0.00152107
0.00150458
0.00121154
0.00119716
0.00285173
0.000174447
0.000466464
0.00130819
0.00156451
0.000370384
0.00242428
0.00455668
0.00038517
0.000803808
0.000117067
0.00135746
0.00573454
0.00118255
0.00331366
0.0028433
0.000117134
0.000375803
0.000960716
0.000826647
0.00230659
0.00198743
0.00169077
0.0011335
0.00208792
0.00125566
0.00264882
0.00158232
0.00169957
0.00334203
0.00707776
0.00141143
0.00427229
0.000195289
0.000352551
0.000169546
0.000441498
0.00079395
0.00410711
0.00225131
0.000649153
0.000464776
0.00226764
0.00738715
0.00707813
0.00325774
0.00140302
0.001974
0.00242212
0.00419729
0.000738923
0.00278889
0.00620947
0.000998665
0.00524545
0.00134597
0.00194984
0.0052433
0.00290851
0.00504651
0.00258976
0.0032634
0.000868558
0.000931156
0.00254008
0.00492585
0.00138561
0.0014668
0.00112207
0.00109679
0.00281942
0.00229115
0.0012892
0.00087824
0.000214951
0.00460725
0.00824664
0.00587301
0.00259751
0.00125294
0.000873953
0.00213678
0.00323421
0.00207004
0.00270503
0.000649067
0.00181259
0.00290697
0.000594434
0.000519799
0.00084258
0.0015776
0.00141303
0.000456136
0.00436555
0.000506281
0.00195318
0.000614394
0.00287563
0.00132944
0.00483713
0.00185727
0.000599435
0.0015246
0.00205769
0.000177701
0.00163847
0.000143559
0.00378372
0.00165512
0.00334927
0.000638572
0.00114269
0.00222966
0.00263341
0.00369576
0.00327204
0.000226835
0.000528882
0.000685333
0.00287855
0.00151366
0.000750653
0.00116939
0.0030286
0.000918647
0.00146765
0.00203417
0.00267679
0.000193768
0.00448362
0.001695
0.00192781
0.00129936
0.00221749
0.00611236
0.00445099
0.00249191
0.00039979
0.000904981
0.00175195
0.00111867
0.00241478
0.000941825
0.00677846
0.00109345
0.000570996
0.00167631
0.00299374
0.00448352
0.00371682
0.000475569
0.00228863
0.00131919
0.00118463
0.0022146
0.00185501
0.00137405
0.00132112
0.00254269
0.00129569
0.000116754
0.000742566
0.0013067
0.00172167
0.0016964
0.00291393
0.000118841
0.0015383
0.00250013
0.00524804
0.00186302
0.0046194
0.000181585
0.00628828
0.000989811
0.00346308
0.000393902
0.00109136
0.000779608
0.00112675
0.000671836
0.00108578
0.00142592
0.0012224
0.00196533
0.0014491
0.000236709
0.000589321
0.00343745
0.00142215
8.46119e-05
0.000626433
0.00105087
0.000285643
0.00532738
0.00188433
0.00130587
0.00377858
0.00127775
0.00181841
0.000538295
6.79035e-05
0.00722116
0.00751568
0.00216455
0.00874962
0.00016905
0.000298712
0.001321
0.000358418
0.00279756
0.000493867
0.00150256
0.0150142
0.0115312
0.00252809
0.00407334
0.00676683
0.00824435
0.00380264
0.0152782
0.00195035
0.000869052
7.62324e-06
0.000899049
0.000471072
0.000903161
0.00309327
0.000554151
0.000124848
0.00175655
0.00376139
0.00115511
7.53928e-05
0.00371668
0.00248496
0.00163445
0.000992998
0.00112237
0.00164432
0.0010502
0.00432259
0.00208601
0.00270003
0.000953692
0.00169202
0.0013572
0.000532027
0.00241692
6.55248e-05
0.00141899
0.00152068
0.000159812
3.82656e-05
0.000333244
0.000917276
0.000597702
0.0010465
0.000532938
0.000783561
0.000530593
0.00048973
0.00123391
0.000444404
0.00282195
0.00044543
0.0018777
0.00100063
0.00453125
0.000422648
0.00492747
0.00184745
0.000529234
0.000694215
0.00153023
0.00362269
0.00191629
0.000351369
0.000613861
0.00202052
0.000872948
0.00233627
0.000824397
0.00273774
0.00506718
0.00449817
0.000275662
0.00117758
0.00111578
0.0028598
0.00149538
0.00147582
0.00319839
0.00568921
0.00357439
0.000866629
0.00285362
0.00440588
0.000180218
0.00276734
0.00251173
0.000925057
9.79094e-07
0.00152871
0.00126278
0.000320474
0.00313604
0.000755743
0.00217722
0.00149727
0.00152683
0.00381499
8.4134e-06
0.0055675
0.00127235
0.000146232
0.000119361
0.000454911
0.00326256
1.61463e-05
0.000534811
0.000383408
0.00027082
2.47327e-05
0.000429303
0.0024567
0.000201071
0.00488135
0.000134325
0.0050523
4.99205e-05
0.00102866
0.00180542
0.000635592
0.00107568
0.000506238
0.000333809
0.000134479
0.000875968
0.00499225
0.00440694
0.00316093
0.00038926
0.00397145
0.00290723
0.00203687
0.00206389
0.00209424
0.00160792
0.00276999
0.00256606
0.00780175
0.00320392
0.00132379
0.0090838
0.000870627
0.00136091
0.000742934
0.00188006
0.000364527
0.00958344
0.00412166
0.00289715
0.00123924
0.0048947
0.0098324
0.00157391
0.0027687
0.00341802
3.73952e-05
0.00368766
0.00224538
0.00340668
0.00117363
0.00290912
0.00182468
0.00138775
0.0103969
0.00166014
0.00169658
0.00154931
0.00381107
0.000894812
0.00250815
0.000141191
0.00209769
0.00190802
0.00235362
0.00440464
0.00162243
0.00231224
0.00277487
0.00234519
0.00106329
0.00208909
0.00133105
0.000888717
0.000120147
0.00457011
0.00401071
0.000822303
0.00260282
0.00417051
0.00437278
0.0012564
0.00146819
5.88646e-05
0.00178101
0.000139209
0.00345662
0.000741033
0.00671731
0.000780136
0.000380917
0.00468461
0.000498248
0.00523231
0.00318261
0.00167177
0.00233652
0.000407873
0.00262413
0.00451728
0.00110184
0.00183537
0.00474501
0.00218991
0.00911696
0.000349882
0.00479287
0.00248295
0.00282367
0.00381023
0.00383496
0.00554461
0.00160491
0.00261358
0.00142707
6.29646e-05
0.000344264
0.00139532
0.000753271
0.00164884
0.00153578
0.00175066
0.00060498
0.000282212
0.0011951
0.00185679
0.00197739
0.000464419
0.00136224
0.000194823
0.00199919
0.00248162
0.000894976
0.00223386
0.00174499
0.00263852
0.000860644
0.000553698
0.00347856
0.000908404
0.00365615
0.00205565
0.00503385
0.00662784
0.00289306
0.00144136
9.1933e-05
0.00228268
0.00178112
0.00117454
0.00196167
0.0052458
0.00225866
0.00351724
0.00542832
0.00159394
0.00506948
0.000908963
0.00326806
0.00224279
0.000531631
0.00048397
0.00160811
0.00127143
0.00483665
8.33059e-05
0.00181875
0.000735665
0.00372703
0.00267711
0.00321228
0.00344368
0.00348262
0.000577312
9.57432e-05
0.00224929
4.29206e-06
0.00489729
0.0150109
0.00162945
0.00440386
0.00370648
0.00153758
0.00140776
0.00195368
0.00638101
0.00232917
0.000566146
0.00191342
0.00134679
0.000853924
0.00332533
0.00376296
0.000967309
0.00280568
0.00146171
0.0018803
0.000913183
0.00130365
0.00127705
0.000406134
0.00125246
0.000510937
0.00216635
0.000109776
3.57012e-05
0.00228965
0.000659695
0.00072149
0.00240474
0.00217301
0.00469187
0.000922369
5.62863e-05
0.00158025
0.000585084
0.000319436
0.00221718
0.00040562
0.000694117
0.00289896
0.000186624
0.000157161
0.00277241
0.00205267
0.00119228
0.000159182
0.00513201
0.000168714
0.00225264
0.00203993
0.00088365
0.00505119
0.000103772
0.00344396
0.00124278
0.00109671
0.000662253
0.00140754
0.001383
0.00146535
0.00240513
0.00473969
0.00099418
0.00749898
0.0043045
0.00214354
0.002556
0.000784032
0.00392421
0.00036808
0.00193722
0.0129845
0.000509623
0.00657211
0.0045861
0.000835652
0.00131244
0.00650715
0.000406885
0.00186957
0.000833437
0.00799898
0.000501797
0.00104716
0.0032878
0.000272765
0.00288469
0.00633841
0.0040878
0.00392394
0.00690953
0.00253172
0.00294834
0.00439776
0.00426405
0.00556044
0.000359095
0.00679773
0.00948479
0.000860029
0.00181462
0.00167059
0.00383301
0.000979481
0.00412897
0.0014217
0.00747771
0.00157434
0.004746
0.00190049
0.00098381
0.00318509
0.00272743
0.0018887
0.00421101
0.00258702
0.00491723
0.00255703
1.19077e-05
0.00461549
0.0038495
0.00113891
0.00110759
0.00204991
0.00167899
0.00128572
0.000162622
0.00339767
0.00187483
0.0041036
0.00507238
0.00469367
0.00309773
0.00420601
0.00379098
0.00538255
0.0032563
0.000992627
0.00195371
0.00297513
0.00351651
0.00511267
0.00130443
0.00506988
0.00154181
0.00164978
0.00196829
0.00114106
0.00300195
0.0030894
0.00403998
0.000427977
0.00241739
0.00329998
0.000571956
0.00228957
0.00375352
5.2743e-05
0.0119033
0.00805406
0.00211188
0.00287683
0.00604207
0.0054112
0.000308544
0.00647931
0.0066392
0.000242656
0.000614206
0.00626621
0.00142506
0.00121313
0.00292452
0.00341844
0.0054575
0.005365
0.00181931
0.00187398
0.000255651
0.000456382
0.00249589
0.000274344
3.80202e-05
0.00120333
0.000374777
0.00202394
0.000543805
0.00254637
0.000630157
0.00271725
0.00540857
0.000280887
0.00321273
0.00291144
0.000494519
0.00029348
0.00250135
0.00573287
0.000583285
0.00379955
0.000935114
0.00171178
0.00162059
0.00351994
0.0029394
0.000331862
0.00109882
0.00197637
0.00145086
0.00220709
0.00286225
0.00428948
0.00189499
0.00314331
0.00159464
8.01186e-05
0.000214833
0.00284821
0.00129639
0.00211191
0.000695702
0.00146974
0.0113015
0.000289173
0.0022733
0.00161443
0.00408138
0.00118135
0.00131999
0.00237624
0.000446704
0.00220207
0.00383874
0.000888455
0.00916674
0.00271272
0.00115222
0.00525317
0.00250054
0.00126861
5.13824e-05
0.000781255
0.000586028
0.000840501
0.00152094
0.00356221
0.000810032
0.00694858
0.00121793
0.00670381
0.00129503
0.000673575
2.58419e-05
0.00609263
0.00415406
0.00253261
0.00340751
7.11988e-05
0.00235162
0.00287303
0.000681973
0.00563473
0.00229502
0.00386177
0.000382051
0.0048325
0.000626026
0.00631691
0.00228436
0.00640225
0.00245144
0.000323884
0.00530687
5.36787e-05
0.00222125
0.0083756
0.00462458
0.00234903
0.00360192
0.00552645
9.29638e-05
0.00337895
0.000577744
0.000860168
0.00115855
0.00172899
0.00307966
0.000664509
0.00038255
0.00220439
4.0621e-05
0.00560588
0.004087
0.000381532
0.00591874
0.000443551
0.0010296
0.00411138
0.00243896
0.00338476
0.00133582
0.00431758
3.64185e-05
0.00113526
0.00467813
0.00214229
0.000677235
0.00347626
0.000553274
0.00034651
0.00211702
0.000495679
0.00473784
0.00295487
0.0006718
0.00317805
0.00198315
0.000942285
0.00242218
0.0055856
0.00315819
0.00311886
0.0065627
0.00372004
0.00185621
0.0020316
0.00422287
0.00239319
0.00670834
0.000667034
0.0017996
0.00157837
0.0013289
0.00222278
0.000857246
0.00123744
0.00420598
0.00396622
0.00286318
0.00302452
6.30666e-05
0.000593655
0.000805708
0.00170537
0.000890316
0.00439796
0.00413871
0.00160709
0.00274876
0.00208131
0.00156791
0.0015115
0.00033878
0.00295458
0.00285869
0.000574236
0.000416943
0.00447329
0.00184363
0.00957254
0.00129877
0.0107058
0.000122367
0.00127924
0.000858946
0.00122165
0.00129796
0.00392464
0.00054203
0.00288928
0.00330473
0.000953301
0.00164864
0.00149934
0.00423464
0.00188202
0.00262516
0.00358046
0.00340145
0.00238823
0.00206088
0.00230094
0.0020525
0.000456393
0.00428188
0.000911762
0.000773647
0.00197605
0.00152669
0.000310254
0.00332396
0.000983869
0.00169932
0.000451888
0.000879102
0.00564447
0.000944002
0.00320289
8.98478e-06
0.00228752
0.00267152
0.0064016
0.00727333
0.000133775
0.0115049
0.0116248
0.00754434
0.000114514
0.003676
0.00183554
0.000761609
0.00813637
0.00199311
0.00758844
0.0031691
0.00276965
0.000118335
0.0175937
0.0100477
9.71775e-05
0.00592887
0.00948138
0.00525734
0.00805797
0.0161577
0.00424567
0.00078751
0.00823968
0.00240488
0.00214776
0.000703969
0.0041924
0.000628094
0.000777512
0.00397039
0.000119844
0.000399942
0.00791925
0.00358078
0.00769491
0.00803402
0.00139983
0.000718269
0.00249293
0.000250845
0.00455922
0.00193164
0.00269962
0.00115312
0.00256509
0.000295533
0.00239215
0.00155108
0.00183082
0.000645171
0.000767798
0.00468951
0.00125344
5.88827e-05
0.00159426
0.000782207
0.00242632
0.00109674
0.000887521
0.00209735
0.00214271
0.000556046
0.003294
0.00201479
0.000231862
0.00612507
0.00145221
0.000681818
0.000670835
0.00301809
0.000870398
0.000197354
0.00054063
0.000326685
0.00111377
0.0029627
0.00211926
0.000866785
0.00472403
0.000287851
0.000811956
0.00118707
0.000505667
0.00184306
0.00329002
0.00362797
0.00225186
0.0019663
0.00164
6.13289e-05
0.000155617
0.00112312
0.000590725
0.00225531
0.00355303
0.00340247
0.00135565
0.00198828
0.003719
0.0037319
0.000767838
0.00059273
0.00266542
0.00311933
0.000917126
0.0024442
0.000344981
0.00134296
0.0012283
0.00058999
0.000133047
0.00200661
0.00164407
0.00356425
0.000333215
0.000349407
0.00132497
0.00171232
0.00140924
0.00167953
0.00229932
0.00339474
0.00704914
0.0020723
0.00160856
0.000229965
0.0005498
0.000964651
0.000602251
0.00209102
0.00461647
0.00516311
0.00589028
0.000132528
0.00113708
0.00176049
0.000407822
6.5741e-05
9.4456e-05
0.000965526
0.00484435
0.00216665
0.00136665
0.000690527
0.00278301
0.000998324
0.000430994
0.00309381
0.000422373
0.00344466
0.00244939
0.000198163
0.00545049
0.00231737
0.00372934
0.00639542
0.00339245
0.000841632
0.00190281
0.000822147
0.00612874
0.00329951
0.00414412
0.00136001
0.000745405
0.000697994
0.00330592
0.000955717
0.000296351
0.000948616
0.000432852
0.00148
0.00185466
0.00125547
0.00231776
0.0029256
0.00234334
0.000176633
0.00255121
0.00371149
0.00675161
0.00303824
0.00337719
0.000215199
0.00917604
0.00624723
0.003542
0.00471718
0.00455588
0.00369518
0.00322921
0.000914704
0.000479472
0.00413307
0.00133666
0.00154632
0.000291282
0.00380355
0.000410403
0.0054259
0.0018922
0.00362546
0.00197585
0.00106071
0.00110179
0.00320778
0.000457737
0.000326123
0.00262755
0.00025577
0.000270755
0.00143742
0.000429598
0.0019019
0.00195691
0.00109224
0.00112425
0.00105826
0.00138892
0.00167584
0.00101949
0.00024534
0.00149453
0.00467281
0.00113809
0.00113938
0.00175847
0.00375147
0.0029239
9.13374e-06
0.000291895
0.000560116
0.00116205
0.000672589
0.00084121
0.00124562
0.000754523
0.00964024
0.00168275
0.0017389
0.00936329
0.00262865
0.0030067
0.0142603
0.00611011
0.0296342
0.0471486
0.00724204
0.0412857
0.0215972
0.0788324
0.0263205
0.0023817
0.0423204
0.057141
0.00278
0.0150056
0.0265009
0.0258286
0.0269923
0.0261785
0.0269814
0.025003
0.0457818
0.0293053
0.0019251
0.0170571
0.00182055
0.01701
0.0500247
0.000280682
0.0262321
0.0102697
0.0137611
0.00807856
0.014011
0.0118299
0.0103608
0.00868937
0.00139483
0.00038577
2.23192e-06
0.00502473
0.00290361
0.00188103
0.00245128
0.000362426
0.00321313
0.00163955
0.00161451
0.00136065
0.00249242
0.000343411
0.00294415
0.00337803
0.00581267
0.00132189
0.00493878
0.00850054
0.000277342
0.00637162
0.000783543
0.00153212
0.000320558
0.000196319
0.00141627
0.000951904
0.00108897
0.00390599
0.00182645
0.00402555
0.00407071
0.00296227
0.00173619
0.00205406
0.000797357
0.00166764
0.00198506
0.000381745
0.00465772
0.00344669
0.00139645
0.00127991
0.00302517
4.50489e-05
0.000868807
0.000272508
0.00122343
0.00160179
0.00466779
0.0039279
0.000339453
0.00390313
0.00378833
0.000782787
0.00880897
0.00139803
0.00183026
0.00265271
0.00178065
0.00059523
0.00948548
0.0130556
0.00203283
0.00166085
0.0027105
0.00183117
0.000698186
0.000557844
0.00417643
0.00223573
0.00132225
0.00104299
1.93191e-05
0.00346447
7.18739e-05
0.000837548
0.00030159
0.00192386
0.00243053
0.00035193
0.00101698
0.00157603
0.00144731
0.000255208
0.00211938
0.00483978
0.0029643
0.00132956
0.00153842
0.00155835
0.0015461
0.00211972
0.000753455
8.58607e-06
0.00737472
0.000255148
0.00133683
0.00350699
0.0010062
0.00258705
0.00313435
0.00317482
0.000557792
0.000106847
0.000838569
0.00230674
0.00172964
0.00170404
0.00235704
0.00281947
0.000256829
0.00362573
0.000493552
0.00189274
0.00226304
0.00270453
0.00144897
0.00230485
0.00428934
0.00216775
0.000236901
0.00189032
0.00171572
0.000415147
0.00346089
0.00057474
2.79501e-05
0.00148168
0.00244287
0.00499282
0.00216997
0.00137315
0.00331879
0.00193364
0.00116588
5.43098e-05
0.00221528
0.000365476
0.00291931
0.000218033
0.00152923
0.0104738
0.00215608
0.000556614
0.000848379
0.00121569
0.00392693
0.00131654
0.000159461
0.00209294
0.00260287
0.00059985
0.00373207
0.00159323
0.00195461
0.000531177
0.000745433
0.00350225
0.00109385
0.00671645
0.00193638
0.0033258
0.00339672
0.0026032
0.000593729
0.000215232
0.000106536
0.00166945
0.000442326
0.00205215
0.0050149
0.00552692
0.00424855
0.000199883
0.011056
0.000179901
0.000355197
0.00198367
0.00115762
0.00402921
0.000280765
0.00401136
0.000858722
0.00498565
0.000450156
0.00668978
0.00327831
0.00231253
0.00258901
0.000762383
0.00249265
0.00269826
0.00498923
3.90002e-05
0.00112292
0.0016416
0.00393452
0.00104653
0.00112305
5.78191e-05
0.00159869
0.00187807
0.0012115
0.00219001
0.00139619
0.000209547
0.00168811
0.00204136
0.00253441
0.000630468
0.00190884
0.00310406
0.00114838
0.0021424
0.00075858
0.00100093
0.000716501
0.000788016
0.00220254
0.000633865
0.0030143
0.00121068
0.00739904
0.00329733
0.0021319
0.000401819
0.00225901
0.00922961
0.00145986
0.0025685
0.000661686
0.000505907
0.00114691
0.000982942
0.00324589
0.00105448
0.000110886
0.000104268
0.000474278
0.00468131
0.00283424
0.00117963
0.000624002
0.00269489
0.00587551
0.00120814
0.000953546
0.00231492
0.00246275
2.42892e-05
0.000113464
0.0090673
0.00171778
0.00127582
0.00308589
0.00259561
0.000706574
0.00151723
0.00165769
0.00427305
0.000175702
0.00528106
0.000714705
0.000846022
0.00213761
0.000106676
0.000734722
0.000854338
0.000923391
0.000189461
0.000556408
0.000987813
0.00437619
0.00568359
0.000184195
0.00205328
0.00193213
0.0049688
0.00160007
0.00413152
0.00343125
0.0018436
0.00310816
0.00127043
0.000400756
0.000871154
0.00290379
0.003683
0.000560961
0.00735273
0.0019399
0.00258927
0.000290381
0.00227322
0.00019605
0.000689384
0.000480295
0.00200255
0.000109762
0.00193977
0.000145138
0.00310748
0.0015179
0.00332193
0.00154666
0.00424187
0.00277886
0.0105462
0.0105754
0.00264351
0.00170705
0.0175638
0.0037685
0.00412513
1.78789e-05
0.00290642
0.000111891
0.000927576
0.000267988
0.000325169
0.000911861
0.0024674
0.0010203
0.00236553
0.000100611
0.000353523
0.000574626
0.0025776
0.000362272
0.00397747
0.00325914
0.000899999
0.00119645
0.00046157
0.00391309
0.00766623
0.00100589
0.00200428
0.00452784
0.00253307
0.00557436
0.00275677
0.00578143
0.00436227
0.00219446
0.000736478
0.00152904
0.00623644
3.4909e-05
0.00804299
0.0022435
0.000342239
0.00361523
0.00346885
0.000447883
0.00596184
0.000354959
0.00509541
0.000204939
0.00774917
0.000863576
0.000402678
0.00713934
0.00547477
0.000138965
0.000225545
0.00272181
0.00352117
0.00402259
0.00231527
0.00421168
0.00877826
0.004786
0.00395177
0.000887782
0.00211681
0.0137071
0.000440967
0.00182225
0.000544478
0.00580694
0.000968306
0.000410694
0.00176261
0.00983412
0.000694051
0.0021966
0.000802492
0.000112333
0.00221589
5.14068e-05
0.00388355
0.000369463
0.000325856
0.00196498
0.000391818
0.00266665
0.00180458
0.000976362
0.00120721
0.000368245
0.00110737
0.00251824
0.00159947
0.000207641
0.00169567
0.00284461
0.000547266
0.00211951
0.00071157
0.00117438
0.00151824
0.00153362
0.00264982
0.000375606
0.0014941
0.00101898
0.000718327
0.00800337
0.00148124
0.00189881
0.00191525
0.00096711
0.000720538
0.0020375
0.00401682
0.000329887
0.00229292
0.00105084
0.00063776
0.00139037
0.010163
0.0013922
0.0052092
0.0139619
0.00199394
0.00142131
0.0101816
0.00193178
0.0035821
0.00123957
0.00224917
0.00012488
0.00035431
0.00100793
0.00197922
0.0069001
0.00137554
0.00724602
1.99273e-06
0.00119844
0.000293662
0.000558428
0.00629903
0.0040955
0.00232521
0.00456049
0.000466289
0.0151617
0.0118923
0.00679991
0.000495711
0.00831854
0.00148432
0.0114985
0.00720567
0.00121614
0.00137553
0.000368086
0.00426619
0.000887292
0.00453748
0.000447051
0.0023928
0.000435298
0.000107431
0.00113403
0.00128711
0.00191252
0.000381003
0.00234117
0.00144224
0.00252903
0.0034271
0.0041624
0.000869877
0.002188
0.0021013
0.00320691
0.00176863
0.00228734
0.000929903
0.00186301
0.000741115
7.51075e-06
0.00495838
0.00361495
0.000780575
0.00166281
0.0043674
0.000160004
0.00775278
0.00107027
0.00122758
0.000546203
0.0023641
0.00140729
0.001991
0.00400574
0.000992814
0.00268311
0.000334758
0.00204903
0.00262551
0.00327451
0.00123074
0.000391083
0.000622583
0.00169966
0.00127459
0.000438247
0.00190777
0.00555694
0.00759925
0.00868235
0.0100845
0.00895475
0.00312427
0.000974528
0.00846107
0.00135431
0.00201489
0.00177205
0.000497471
0.00031828
0.00269836
0.000260065
0.000176384
0.00109289
0.000874997
0.00270541
0.00135374
0.00345486
0.00206654
0.000883587
0.00245039
0.00150838
0.000960863
0.000220071
0.000406017
0.00289216
0.00194695
0.000916242
0.00042188
0.000172521
0.000299743
0.000724396
0.00600545
0.00123058
0.00118664
0.00127479
0.000753371
0.000808506
0.00420128
0.00891811
0.00264003
0.000748514
0.00350003
0.00743916
0.00441945
0.00367527
0.00143297
0.00740919
0.00517091
0.000665042
0.00581556
0.00123784
0.00071046
0.0112771
0.00130303
0.00217174
0.0102123
0.00446751
0.00937377
0.00136404
0.00448377
0.00517229
0.00267569
0.00136407
0.000711618
0.00121455
0.00622577
0.00234792
0.000482236
0.00200036
0.00180091
0.00188263
0.019225
0.00199866
0.00203488
0.00190042
0.00130519
0.000240194
0.000161384
0.00521115
0.000928214
0.000408777
0.0021737
0.00169115
0.00199086
0.00557662
0.000122295
0.00202108
0.000744188
0.000746908
0.00283754
0.000929417
0.00184879
0.00365745
0.00462561
0.00124515
0.00342375
0.000394711
0.00320694
5.36982e-05
0.000909846
0.00236699
0.00144175
0.000524076
0.00284191
2.04191e-05
0.00286381
0.00271375
0.00339839
0.00339291
0.00464411
0.00296273
0.00708084
0.00521716
0.00222265
0.00058564
0.00104104
0.000162247
0.000647142
0.00464087
0.00272735
0.00127747
0.000911488
0.000727002
0.00349166
0.00158965
0.00160656
0.00181206
0.00283627
0.00474581
0.00591063
0.00990194
0.000841766
0.00252
0.00178485
0.000939463
0.00547364
0.0006855
0.00474867
0.00725885
0.000850039
0.000906873
0.000910051
0.000775292
0.000917005
0.00411765
0.00220468
0.00508759
0.0023708
0.00136318
0.00619981
0.00369482
0.00455897
0.00518064
0.00978208
0.0068992
0.0009461
0.00275717
0.00507181
0.00818623
0.00138616
0.000944984
0.000752539
0.00145579
0.00334408
0.00665381
0.00683705
0.00835307
0.00213017
0.0038957
0.0115071
0.00848208
0.000384592
0.00734478
0.00802477
0.000673335
0.00386003
0.00184308
0.000534564
0.00595696
0.00138299
0.00378904
0.0157073
0.00370172
0.0336045
0.0046442
0.00425038
0.00225761
0.00317413
0.00416642
0.00279239
0.00313962
0.00348961
0.0188763
0.0060067
3.71565e-05
0.00208802
0.000515619
0.00295204
0.00364342
0.00926345
0.0052342
0.000706197
0.00677518
0.000717365
0.00335717
0.000848797
0.0116164
0.00060409
0.000750704
0.00158721
0.00116507
0.00202753
0.00113539
0.000619064
0.0086449
0.00190232
0.00498704
0.00526843
0.00617964
0.000788421
0.00690608
0.00108819
0.003444
0.00704878
0.00254104
0.00191692
0.00429141
0.0039145
0.00171475
0.000357333
0.00132084
0.00187311
0.00256957
0.00119794
0.0012183
7.97347e-05
0.00212208
0.000765152
0.00105882
0.00604374
0.000518879
0.00449541
0.00103558
0.000550819
0.00727592
0.00615766
0.00546951
0.00251141
0.00541727
0.00680656
0.00150807
0.0013918
0.00157556
0.0016678
0.00700511
0.000595777
0.0132943
0.00589581
0.00284247
0.00662622
0.00103
0.0021964
0.00573187
0.00146032
0.00390102
0.000942794
0.000195229
0.00775556
0.00640853
0.00366396
0.00705174
0.0090633
0.00264403
0.00512957
0.00444346
0.00651613
0.0027237
0.00294755
0.00015015
0.00451327
0.00133996
0.000821887
0.00108205
0.00279836
0.00223663
0.00569497
0.00158879
0.0108276
0.0111073
0.0106827
0.00126959
0.00015539
0.00629141
0.00602531
0.00219687
0.000344372
0.00768852
0.0129765
0.00332221
0.0019079
0.00283087
0.00144702
0.00106474
0.00808231
0.000706318
0.00765028
0.00501549
0.0020197
0.00477505
0.00226444
0.00102633
0.0026721
0.00505191
0.00211257
0.0032459
0.00680028
0.00205984
0.000847033
0.00682454
0.00275283
0.00780854
0.000513822
0.00087214
0.00624954
0.00136321
0.00116763
0.000713718
0.000367557
0.000184482
0.00691634
0.00253231
0.00450881
0.0032329
0.00451111
0.00388291
0.0036298
0.00790009
0.00169066
0.00623317
0.000465693
0.00206504
0.000735533
0.00525132
0.00347077
0.00360363
0.00115906
0.00335633
0.00191448
0.00392337
0.00685342
0.000956195
0.00507655
0.0010967
0.00264876
0.00145995
0.00488025
0.000632617
0.000941413
0.00167929
0.00278542
0.000620692
0.00174906
0.000239832
0.00354606
0.00142016
0.00476496
0.000925058
0.00109095
0.000594897
0.000542055
0.00213524
0.000811665
0.0030181
0.00085826
0.00181033
0.00159408
0.000741872
0.00326936
0.00222025
0.000359932
0.00270181
0.00370467
0.000262103
0.0020647
0.00630717
0.00715816
0.000921705
0.000984804
0.00242876
0.00980133
0.00718367
0.0119446
4.53115e-05
0.00178019
0.000369928
0.00105216
0.00298877
0.00102796
0.00181948
0.00412686
0.000344977
0.000371923
0.00102414
0.00055329
0.00433796
0.00390124
0.00728559
0.00292017
0.0046521
0.000112685
0.00140897
0.00259362
0.00214532
0.0050206
0.00539603
0.000960994
0.0023515
0.000310985
0.00448919
0.00210745
0.00240764
0.00233074
0.00400775
0.00182838
0.000957855
6.77404e-05
4.50632e-05
0.00489428
0.000812154
5.31889e-05
0.000998694
0.000432693
0.00295714
3.88495e-05
0.00303998
0.00490852
0.000693053
0.00121676
0.000324003
0.00264678
0.000241269
0.0039926
0.00507862
0.000890392
0.00421993
0.000834918
0.000306131
0.000627377
0.0015906
0.0011887
0.000902914
0.00139624
0.00208181
0.00160002
0.00209941
0.00147167
0.000790228
0.00208839
0.001009
0.000614107
0.00311287
0.00335633
0.00107645
0.000873176
0.000764204
9.21735e-05
0.00110817
0.0012832
0.00324657
0.00580903
0.00240066
0.00104192
0.00422009
0.000228656
0.000641499
0.0015061
0.00223802
0.000233009
0.000310257
0.00182366
0.00390673
0.000632055
0.000917411
6.28469e-05
5.22581e-05
0.000750628
0.00295084
0.00272495
0.00435708
0.00186444
0.000859362
0.000599991
0.000252685
0.000422715
0.00135934
0.000597159
0.0026565
0.000163788
4.83242e-05
0.00218388
0.0026926
0.000831358
0.000168178
0.00107429
0.00217174
0.00144028
0.00176483
0.00155335
0.00136922
0.000423343
0.000519682
0.000904394
0.00156663
0.000328447
0.00220824
0.00195791
0.00135835
0.000805587
0.000461244
1.58262e-05
0.00170029
0.00108451
0.00169301
0.001491
0.000364249
0.000731571
0.00162104
0.00193057
0.000474993
0.000152838
0.000290623
0.000664049
5.57825e-06
0.00128682
0.000379672
0.00111237
0.00377835
0.00256734
0.00299655
0.00134853
0.000312522
0.00342781
0.00214786
0.00220906
0.00247558
0.000464148
0.000199828
0.0031522
0.00308614
0.00114237
0.00294489
0.000589268
0.00186898
0.000883345
0.00355761
0.000921099
0.000713777
0.00033078
0.0012822
0.000647756
0.000918316
0.000617033
0.000711723
0.0040509
0.00215363
0.00218146
0.00140569
0.00170658
0.0030165
0.00273125
0.000810521
0.00408379
0.000137391
0.00141327
0.001762
0.00308175
0.00330201
0.00144988
