0.0615264
0.00508767
0.00315889
0.0016364
0.00954621
0.00445968
0.00475961
0.0113198
0.00119342
0.117931
0.0144504
0.0370752
0.00711314
0.00360923
0.00273762
0.0127487
0.00631085
0.00136049
0.005522
0.0269822
0.00430611
0.0015027
0.000736437
0.00212017
0.00336777
0.00299336
0.00182105
0.0405803
0.0167293
0.0011223
0.00619803
0.0206261
0.00332589
0.0269435
0.0687856
0.00726793
0.00840863
0.0118843
0.0124361
0.0068799
0.00887747
0.000558281
0.0191397
0.00638995
0.0542424
0.00328615
0.000965918
0.00870295
0.000910867
0.000280188
0.00132747
0.00206308
0.00212547
0.00257283
0.00288728
0.00765971
0.00292876
0.00088023
0.00330988
0.0102892
0.00313762
0.00481411
0.00321605
0.00780321
0.00151818
0.00333565
0.00187106
0.0034629
0.00292503
0.000656455
0.00137287
0.00248833
0.00309528
0.00357555
0.00620419
0.00852632
0.00324256
0.00285112
0.000631761
0.0109467
0.00756508
0.00102159
0.00337238
0.00211984
0.0696235
0.00146155
0.00294068
0.00516292
0.00562266
0.0121249
0.00263034
0.00591458
0.00263466
0.001458
0.00318962
0.00124164
0.00159707
0.00671799
0.0037208
0.00309743
0.00059557
0.00144291
0.00506013
0.00265782
0.00805715
0.00675626
0.00131873
0.00663327
0.00681033
0.0880289
0.00258781
0.00206656
0.00730726
0.0051217
0.00193742
0.00514478
0.00970377
0.00190829
0.002838
0.0111802
0.00598973
0.0201561
0.00165865
0.00270762
0.00249876
0.0017958
0.0024414
0.0144591
0.00206636
0.00313015
0.00278423
0.00246349
0.00942389
0.489615
0.00274002
0.0340193
0.0109892
0.00182729
0.0131427
0.00849559
0.181933
0.00147723
0.0176482
0.0203118
0.00187084
0.0091672
0.187865
0.00609482
0.0124244
0.0124856
0.0110975
0.000629797
0.0218648
0.0125416
0.00234142
0.00193765
0.0120923
0.00356923
0.00162308
0.0306614
0.00817985
0.098833
0.00202438
0.0446911
0.01126
0.00929139
0.0720914
0.00165548
0.025464
0.00446556
0.00639812
0.00131493
0.139399
0.0012428
0.0953274
0.207567
0.0053634
0.0149178
0.00182078
0.0510325
0.062711
0.00269648
0.00689665
0.0146197
0.0433708
0.0310795
0.00448704
0.0108419
0.00840906
0.255746
0.00247564
0.00709118
0.00422369
0.00322008
0.00340844
0.0358605
0.00401035
0.00346023
0.00713644
0.0138691
0.0218048
0.0277281
0.00419909
0.00488668
0.00314357
0.00141227
0.00200389
0.000339232
0.00207829
0.0781469
0.0779789
0.036356
0.0500371
0.00754976
0.00104265
0.000331511
0.026279
0.00661209
0.0121163
0.150528
0.00122499
0.0419294
0.00260104
0.00133855
0.00057326
0.00355306
0.0972928
0.0410456
0.0016894
0.0534879
0.0767291
0.0321998
0.00596581
0.000876031
0.000839076
0.00230678
0.00417703
0.0353972
0.0589356
0.0922143
0.0206137
0.847106
0.0628951
0.0839683
0.0100151
0.0804638
0.141916
0.00137549
0.0139615
0.133761
0.00170253
0.00512167
0.000127742
0.0300811
0.0499672
0.00125583
0.00730075
0.000799509
0.000891753
3.10053
0.0238501
0.0046687
0.0645792
0.00195703
0.00377453
0.0107676
0.0754668
0.0103672
0.00502684
0.0843294
0.0102265
0.0111023
0.0242344
0.000687584
0.0126063
0.00740987
0.00263603
0.0307752
0.00362064
0.00481633
0.000255801
0.00107083
0.0135281
0.000937731
0.00337967
0.154794
0.204661
0.0177534
0.00296685
0.0144868
0.044372
0.00281176
0.00131519
0.0377546
0.0148298
0.00308967
0.0121849
0.00504306
0.000870838
0.00231089
0.0160544
0.00153667
0.00861192
0.00380593
0.00365312
0.00396507
0.151652
0.000556024
0.00992138
0.0894757
0.00780034
0.0320208
0.00917296
0.00866324
0.00114126
0.0100598
0.00745331
0.0038389
0.00107668
0.0241414
0.0195478
0.0436969
0.000978001
0.0639639
0.00181646
0.00775451
0.00553114
0.001016
0.00289451
0.0128452
0.00537901
0.00530551
0.0707772
0.0331432
0.00344597
0.00170598
0.00477501
0.00396944
0.0158399
0.0220007
0.00359637
0.00477812
0.0177874
0.0156014
0.00316642
0.00394019
0.0116816
0.00810496
0.022408
0.00437878
0.00703275
0.008986
0.0139388
0.000949431
0.00530417
0.0105368
0.0253425
0.00567915
0.0294042
0.000553536
0.269515
0.0314246
0.000907206
0.00277052
0.00152115
0.131461
0.0624685
0.00138361
0.000933005
0.000850871
0.00286572
0.00162242
0.037945
0.000703483
0.00273066
0.0335542
0.000909164
0.00122722
0.00251501
0.00539265
0.0105897
0.00360054
0.00751337
0.00346228
0.00429919
0.0288999
0.00457733
0.00646613
0.00790089
0.000770934
0.00201508
0.000691848
0.00214524
0.00273964
0.00856493
0.00159285
0.00164776
0.0140634
0.00120405
0.0513805
0.00428383
0.00180536
0.00123667
0.00274067
0.00153872
0.00216564
0.0096055
0.00035392
0.00332183
0.00219905
0.00665804
0.00242383
0.00283164
0.00469753
0.165746
0.000573932
0.00451528
0.00277149
0.21268
0.000496701
0.000626455
0.00394259
0.000624571
0.00290618
0.00350085
0.00406056
0.00282616
0.00385304
0.0232959
0.00286718
0.00440544
0.00155946
0.000271371
0.0670601
0.00541501
0.0907222
0.0409295
0.00757075
0.0029283
0.0055172
0.000879339
0.0101474
0.0150224
0.012234
0.00255742
0.00227765
0.00997949
0.00444866
0.00545636
0.000509561
0.0049509
0.00205951
0.00206216
0.0209969
0.000995301
0.190437
0.0368093
0.0970895
0.00254352
0.0857047
0.0203079
0.000460269
0.00317424
0.00128822
0.00277078
0.00101497
0.00423516
0.00287517
0.00378813
0.00615521
0.0106923
0.00102398
0.000269312
0.00452518
0.0024059
0.00345041
0.00213814
0.00503373
0.00811702
0.00824923
0.0173669
0.00143776
0.003698
0.00467106
0.0224209
0.00644684
0.00207711
0.00507521
0.00224823
0.00778671
0.00523573
0.00130716
0.00643426
0.0041989
0.0227608
0.00247119
0.00224218
0.00333151
0.0868589
0.283706
0.0142108
0.105204
0.323308
0.231198
0.0183869
0.0480518
0.0317746
0.130285
0.000947801
0.0440464
0.00223509
0.0361902
0.274014
0.120882
0.0623651
0.00188546
0.00230549
0.0120993
0.0141802
0.00724453
0.00310964
0.0431223
0.000889525
0.00161993
0.0317332
0.00167571
0.0138577
0.00651161
0.096113
0.000734441
0.0248831
0.00255222
0.0408827
0.0612135
0.0505294
0.0038218
0.0746329
0.159428
0.147245
0.0540616
0.130573
0.0619539
0.0216335
0.0459331
0.0245708
0.24331
0.115532
0.00700217
0.0308655
0.00183415
0.0250223
0.00275051
0.0565823
0.00783744
0.00767683
0.016041
0.00262752
0.0417026
0.00212845
0.172132
0.00556692
0.00125213
0.00902147
0.00637749
0.00917168
0.0914551
0.00955858
0.00743533
0.0211754
0.00608298
0.00671692
0.0208048
0.000587864
0.0140776
0.000748612
0.0070663
0.00326498
0.00173592
0.00561716
0.00647961
0.00282405
0.00541055
0.00329605
0.015471
0.0849775
0.191439
0.00265873
0.000542196
0.00599073
0.00174933
0.0690448
0.0217684
0.0242912
0.0101795
0.0840105
0.0415874
0.0597014
0.0100394
0.00384224
0.00145289
0.00110763
0.00496008
0.0164445
0.00113659
0.000942137
0.00325042
0.017236
0.0939717
0.000838054
0.103787
0.166661
0.00175854
0.00122817
0.00453316
0.000774125
0.00308954
0.00504357
0.0724665
0.299543
0.0138528
0.00678389
0.00181142
0.00430708
0.0125029
0.0159056
0.00104256
0.39165
0.00562466
0.0202526
0.00941383
0.161486
0.00118502
0.052203
0.00319326
0.00112053
0.00863111
0.000703908
0.00271974
0.000547677
0.00316158
0.00139624
0.00215932
0.00192818
0.000962502
0.00924719
0.0740851
0.0114746
0.0425999
0.00247066
0.009051
0.0501894
0.0644732
0.25311
0.156269
0.00527091
0.0160406
0.123055
0.00143938
0.52867
0.110493
0.000946334
0.00225521
0.00040376
0.00337466
0.0121386
0.00911662
0.000799278
0.00536756
0.000556026
0.0698093
0.277184
0.011954
0.687982
0.0108487
0.129557
0.00495589
0.032016
0.000647523
0.0103956
0.00964157
0.0039527
0.00827862
0.0971691
0.0625845
0.190984
0.0443806
0.00161599
0.207175
0.00340063
0.115747
0.189667
0.3943
0.0801806
0.31592
0.210404
0.00171966
0.00433045
0.286094
0.0013408
0.010997
0.275716
0.00521773
0.00222712
0.0219256
0.000811157
0.00171182
0.00222769
0.00106422
0.00111265
0.0230544
0.0198054
0.00327247
0.00539923
0.00206338
0.00282996
0.00432368
0.0985088
0.0931987
0.0840401
0.370812
0.0426247
1.11359
0.0217221
0.0672843
0.000964416
0.0599837
0.0457334
0.00229422
0.00279919
0.00278761
0.00440927
0.00161191
0.00379834
0.00105358
0.00153025
0.00030647
0.0012846
0.00369078
0.00182481
0.000358153
0.00239468
0.00476966
0.00343989
0.000581137
0.00560944
0.00652541
0.0029466
0.00192499
0.00438133
0.0262468
0.0563421
0.141831
0.00284919
0.00188999
0.00110423
0.000938344
0.00222314
0.00253616
0.000296794
0.00041689
0.000403525
0.000670143
0.00125806
0.00327945
0.004619
0.00173513
0.00554073
0.0265773
0.0643808
0.00746843
0.0485141
0.00145738
0.239071
0.387621
0.505828
0.0173905
0.00438285
0.006826
0.0234919
0.032297
0.00143205
0.0021854
0.00135038
0.000295514
0.000461213
0.000946431
0.00131236
0.129182
0.00354413
0.00146249
0.124791
0.000516682
0.0493617
0.00215844
0.00174699
0.00199953
0.00654104
0.00330549
0.00124929
0.00206707
0.00152983
0.00698532
0.0039417
0.0115136
0.002647
0.00288798
0.00753866
0.00726113
0.000379482
0.0104666
0.00147061
0.157275
0.00473384
0.011788
0.00226783
0.000714091
0.00499427
0.00232873
0.0827254
0.162266
0.155843
0.726492
0.357682
0.240057
0.193143
0.178058
0.0814946
0.00240359
0.244367
0.0204378
0.105984
0.604531
0.202191
0.00902872
0.8116
0.00234842
0.0121746
0.00143512
0.0154722
0.00248483
0.0660919
0.00451376
0.00281532
0.00285741
0.002201
0.00634145
0.00226369
0.0501848
0.0488989
0.0393395
0.0442831
0.0044043
0.00568626
0.0128788
0.0652958
0.014412
0.0287421
0.035446
0.00568157
0.00116741
0.00501553
0.0109172
0.0100591
0.007712
0.00456635
0.00221279
0.00261719
0.00701693
0.00492465
0.0026046
0.00592203
0.00635025
0.00638633
0.00668091
0.00140635
0.00323997
0.00179971
0.00156006
0.00709892
0.00265138
0.0167619
0.0080459
0.000391661
0.000130626
3.11511
0.00364753
0.209372
0.00185245
0.000991047
0.198481
0.0231549
0.00935541
0.00108334
0.00210646
0.000812014
0.00554578
0.06515
0.00262404
0.126253
0.00259189
0.0027197
0.0029723
0.00490609
0.00167044
0.0042516
0.00148993
0.00179537
0.011268
0.00151068
0.00267456
0.00158042
0.00383114
0.0342553
0.0150906
0.0368863
0.278251
0.457129
0.015253
0.0127709
0.143343
0.0991105
0.258489
0.0117818
0.0509508
0.526204
0.00276206
0.0100273
0.00097456
0.0378063
0.00225055
0.00106574
0.0049502
0.000670087
0.0208967
0.00109845
0.000554018
0.0011147
0.000527104
0.0152302
0.00860712
0.030496
0.0358001
0.0192509
0.0453832
0.00471769
0.120822
0.00283956
0.0014054
0.00186175
0.00139908
0.00274887
0.00242372
0.0147255
0.00126588
0.00461401
0.00309856
0.00736563
0.00315368
0.000827176
0.00435727
0.00390556
0.00322184
0.000593866
0.055194
0.0272223
0.00169322
0.00450155
0.0407147
0.019907
0.011395
0.0104725
0.00270816
0.00354523
0.00499772
0.00992417
0.00283345
0.00225848
0.00428302
0.00184035
0.00303987
0.0014334
0.000807792
0.253937
0.0363229
0.00173086
0.00562832
0.00167994
0.00146095
0.00721829
0.00328564
0.000951074
0.000749598
0.00182197
0.006778
0.000549226
0.00265188
0.00166407
0.000819478
0.000608278
0.0042246
0.0132892
0.00272899
0.00588377
0.000903736
0.00325692
0.00202203
0.00205058
0.00110145
0.00830055
0.00236569
0.000309479
0.00666026
0.0456591
0.00277893
0.000861482
0.00231869
0.000425852
0.00587726
0.0043845
0.019836
0.00907307
0.00107143
0.00139702
0.00786015
0.00176091
0.00648067
0.238588
0.0483143
0.000466011
0.00338836
0.00119294
0.00239462
0.00319292
0.0171991
0.0147074
0.0018731
0.00244066
0.00594372
0.109255
0.0132682
0.0207759
0.00152706
0.00186451
0.000975729
0.00332414
0.00465744
0.00356766
0.00683093
0.00229292
0.0176459
0.00541173
0.00386281
0.00532777
0.00180097
0.00303442
0.00301769
0.0107483
0.00312629
0.0216466
0.00627775
0.00444447
0.0015862
0.0291589
0.00458527
0.048281
0.000356049
0.0555038
0.689998
0.0112249
0.0357776
0.00278616
0.211439
0.0256805
0.00231503
0.00378256
0.00109052
0.0317066
0.00190656
0.00563794
0.000512494
0.0157585
0.0101657
0.0333031
0.00200096
0.0243882
0.00208258
0.0084975
0.0099975
0.00134329
0.00185469
0.0103694
0.0228634
0.0260784
0.0166073
0.0431276
0.00179652
0.0040696
0.00287069
0.00136376
0.0040716
0.00463965
0.00354136
0.0059019
0.00333601
0.0197347
0.000491944
0.000962349
0.00141889
0.000723216
0.00182915
0.00502337
0.00268543
0.00653361
0.000341794
0.0322537
0.00289377
0.00465202
0.0134933
0.00984394
0.0443349
0.0559859
0.0553289
0.00160856
0.0693065
0.014801
0.525237
0.00752279
0.0475847
1.26294
0.464013
0.0141683
0.00551096
8.36732e-05
0.813653
0.177311
0.00637561
0.00421097
0.00631127
0.00280813
0.0110101
0.00237203
0.0251784
0.11152
0.000612714
0.00548635
0.00132211
0.00180656
0.0132788
0.0129337
0.0127134
0.14963
0.00386124
0.0344691
0.0111364
0.00478915
0.0179677
0.0298886
0.120985
0.00554312
0.000369795
0.00210805
0.0032843
0.000901443
0.000684304
0.157398
0.012438
0.714977
0.338879
0.0346506
0.346497
0.0014941
0.0930605
0.152633
0.0441779
0.0642149
0.00746674
0.403144
0.00642223
0.0036975
0.0750811
0.00321721
0.00446901
0.0527175
0.00120021
0.00642249
0.00195272
0.00846531
0.0903091
0.00758894
0.0128096
0.0184651
0.0254006
0.00337433
0.0146856
0.0147404
0.0186472
0.00293081
0.987805
0.0378811
0.252092
0.400462
0.0130093
0.202819
0.634223
0.593849
0.0630061
0.0159885
0.00116146
0.012379
0.0032052
0.00492373
0.00333538
0.0246539
0.0403899
0.107347
0.0349015
0.0118797
0.361171
0.0114923
0.0113816
0.0458226
0.00369932
0.00198709
0.00208449
0.00349195
0.163197
0.0170402
0.210504
0.0148173
0.00253396
0.18031
0.00377355
0.00452589
0.0188832
0.0227855
0.000433034
0.00620261
0.0109361
0.803513
0.562741
0.00296523
0.011126
0.00432073
0.00184993
0.00198424
0.387136
0.0766916
0.0138938
0.0360118
0.00153649
0.00168864
0.000696766
0.000440657
0.00438912
0.0115233
0.0039064
0.00127998
0.000613479
0.00246357
0.00506846
0.00316522
0.372254
0.00389786
0.00405332
0.000676799
0.0271781
0.000958177
0.00550968
0.00333187
0.00547514
0.00111553
0.00891281
0.00103322
0.000602441
0.00444157
0.00107237
0.00350394
0.000788682
0.00288687
0.00317567
0.0663804
0.033066
0.0246616
0.122694
0.2488
0.0410657
0.00447236
0.0059225
0.00212843
0.00541496
0.0109261
0.00188491
0.0186747
0.00174035
0.0037969
0.0020342
0.00695112
0.0070057
0.00237239
0.0109502
0.00684178
0.00743284
0.00362832
0.00820633
0.0135837
0.00456675
0.00483433
0.00191044
0.013892
0.00559055
0.0017824
0.00664227
0.00896923
0.00670063
0.00618165
0.000460084
0.0116844
0.000671279
0.00768332
0.00438771
0.00973712
0.00678495
0.031468
0.00330726
0.0112962
0.00982655
0.00462629
0.00255362
0.00641864
0.00559435
0.00897497
0.00423756
0.0487373
0.0123521
0.0114817
0.00192581
0.0133945
0.014476
0.0486298
0.0071176
0.00444989
0.0191445
0.00953401
0.00515291
0.00119183
0.00132963
0.00717864
0.000267878
0.000628033
0.00790964
0.472336
0.0082002
0.0612721
0.00777359
1.18315
0.0607039
0.283999
2.32326
0.00753528
0.182621
0.0287446
0.00624955
0.0077144
0.089108
0.000524505
0.00580673
0.0164156
0.00184005
0.00655283
0.00806376
0.00583427
0.0104122
0.00740014
0.0140633
0.00304513
0.0752595
0.0410928
0.00298294
0.00409815
0.0102028
0.0788764
0.00418605
0.0217858
0.00543151
0.00201462
0.00244254
0.00244756
0.000701003
0.227416
0.0355103
0.036354
0.0480745
0.152516
0.00134476
0.00844206
0.0448352
0.141652
0.241071
0.00779085
0.258636
0.3912
0.213276
0.0319402
0.144012
0.195185
0.278794
0.07657
0.00515391
0.940026
0.153537
0.47197
0.00930822
0.222767
0.0401772
0.00817231
0.0367853
0.0893463
0.0525561
0.0345316
0.0253658
0.0213505
0.00179817
0.0110508
0.00999521
0.00026396
0.00428733
0.0643335
0.0281853
0.0698328
0.00412633
0.00257877
0.134515
0.17101
0.0112575
0.000339847
0.00472382
0.0410056
0.0183131
0.274138
0.0127982
0.00905022
1.13678
0.00977641
0.196223
0.00247876
0.000266213
0.0631809
0.00668021
0.00198842
0.00544561
0.0205716
0.0908687
0.00441552
0.013023
0.0159355
0.0124984
0.0705238
0.0354253
0.276433
0.00214263
0.0196181
0.0227653
0.00865593
0.00335392
0.00752944
0.00316826
0.0455103
0.0606742
0.0484965
0.000680787
0.0766445
0.00429058
0.0342966
0.0911887
0.00266261
0.00718342
0.0319608
0.0584081
0.0141633
0.0352882
0.00138692
0.00858483
0.5861
0.00105996
0.000919455
0.00475682
0.0489471
0.0105471
0.0109814
0.00571167
0.00099896
0.00896117
0.00859092
0.00295223
0.176859
0.0285664
0.00358493
0.697565
0.0318111
0.0715369
0.0743075
0.00327751
0.00543181
0.0399251
0.0336154
0.0579511
0.00174489
0.00212849
0.0356287
0.00308969
0.003489
0.0163111
0.000848301
0.00356312
0.00924404
0.0119088
0.107636
0.0179083
0.00232333
0.0108162
0.000747738
0.00667769
0.00230244
0.00139779
0.00595696
0.00668377
0.00305751
0.000872197
0.0453438
0.0253644
0.0121699
0.166469
0.00262175
0.066593
0.233056
0.0146098
0.0276926
0.0104624
0.00645349
0.0431797
0.0238333
0.00120403
0.00260746
0.0345242
0.0754063
0.00272725
0.0567756
0.00234958
0.000473691
0.000854981
0.00265842
0.00613579
0.000651854
0.00186603
0.000907336
0.00132878
0.00243726
0.00129559
0.00257155
0.000642369
0.00846774
0.00829062
0.000270405
0.011437
0.00489296
0.00165229
0.00111004
0.00254094
0.0144665
0.00189939
0.00202066
0.00437081
0.00630329
0.00272557
0.00323972
0.0075308
0.00471455
0.00438155
0.00270456
0.00402591
0.00135678
0.00221999
0.00448785
0.0468483
0.0582419
0.0158735
0.318665
0.0152507
0.0727275
0.00152895
0.115168
0.00176411
0.0277117
0.413871
0.0180079
0.00313711
0.043395
0.0499682
0.00121843
0.169441
0.00328272
0.869033
0.406861
0.00116347
0.0845706
0.0834541
0.176882
0.171747
0.00498146
0.0051067
0.00915899
0.00205773
0.00272099
0.00490753
0.0146846
0.220002
0.0366731
0.00256289
0.0370296
0.243587
0.00223497
0.531854
0.0445674
0.0148713
0.0152233
0.240531
0.0423721
0.153729
0.0815264
0.0525199
0.036108
0.171049
0.0243066
0.0117767
0.0562112
0.0628939
0.00389633
0.128812
0.0254052
0.00640083
0.00239885
0.143326
0.460419
0.0307713
0.00270803
0.0012421
0.00133691
0.0068169
0.151212
0.00232123
0.00487973
0.00728412
0.000390532
0.00140842
0.00256875
0.003222
0.00150952
0.00326031
0.00288663
0.000558673
0.00476088
0.00236325
0.00583909
0.00375578
0.00420966
0.00245588
0.0018507
0.000928851
0.000740338
0.00106845
0.00552482
0.00522264
0.00184746
0.00488839
0.1741
0.00735337
0.00789271
0.00529276
0.0230919
0.00267206
0.339787
0.0591891
0.000702391
0.0398649
0.00775827
0.00506218
0.00107464
0.00501143
0.0419171
0.00772314
0.00156089
0.0102151
0.0153839
0.0468549
0.0193039
0.00262126
0.00488111
0.241855
0.00592568
0.00391392
0.00437231
0.0184974
0.00198167
0.373283
0.0659365
0.000629747
0.00191598
0.00397001
0.933876
0.0874176
0.00254907
0.389446
0.647548
0.00172339
0.296568
0.0186239
0.127108
0.0482595
0.00351795
0.00757631
0.00345687
0.0119496
0.000619874
0.00352003
0.00321883
0.00185841
0.000381843
0.0021051
0.000593798
0.00379534
0.178265
0.00344711
0.00106138
0.00975675
0.00251198
0.00727634
0.00110126
0.00076111
0.00625925
0.0235383
0.00174013
0.00153705
0.00432027
0.00389126
0.00528547
0.00241379
0.00262822
0.00256647
0.00408081
0.00259898
0.000406188
0.00110902
0.00371206
0.000817753
0.000898799
0.0110612
0.000625663
0.000570658
0.112328
0.00277097
0.228092
0.421591
0.000945484
0.0773716
0.0434458
0.112492
0.587801
0.00119816
0.00569316
0.00812223
0.0253837
0.0251932
0.135237
0.00382895
0.0698635
0.00147272
0.00823151
0.0945173
0.0168055
0.159075
0.00512746
0.0109273
0.00289382
0.00163124
0.00556426
0.0511259
0.000653032
0.00207399
0.000962254
0.00129179
0.00551312
0.000369023
0.0090787
0.0441885
0.0103776
0.00136929
0.00172897
0.102769
0.00639682
0.0610255
0.00226881
0.0116195
0.0543133
0.336931
0.0112459
0.0510074
0.119636
0.00849268
0.0172357
0.274693
0.00386032
0.185187
0.0026319
0.402832
0.00363662
0.00981841
0.00528625
0.134214
0.0012062
0.0117349
0.220185
0.00963856
0.0732266
0.219386
0.168354
0.021362
0.0535927
0.175415
0.439938
0.0577387
0.00121222
0.0378067
0.0596938
0.424928
0.0186479
0.133504
0.147546
0.00274537
0.188137
0.313169
0.0644113
0.00754201
0.0014715
0.0406944
0.0349769
0.415062
0.052487
0.00273172
0.00432849
0.00396783
0.00207941
0.00557209
0.00473953
0.00223032
0.135845
0.00684331
0.0454484
0.0629492
0.0329778
0.0666944
0.709453
0.0809637
0.00820772
0.0495493
0.0800869
0.00171428
0.00132592
0.00523474
0.000627145
0.00247766
0.00634037
0.00296808
0.00204155
0.000893413
0.0022509
0.00389005
0.00081477
0.00291235
0.00120802
0.00201763
0.000224294
0.0134839
0.00165479
0.000705843
0.0064712
0.00474249
0.00991662
0.0117481
0.00899846
0.123566
0.00292482
0.00345592
0.00529182
0.0354234
0.0118078
0.00262446
0.0312108
0.00406382
0.00415298
0.00171278
0.000644558
0.00543151
0.00563913
0.00109596
0.00340163
0.00420733
0.00141112
0.00309144
0.00359401
0.00158164
0.000808155
0.0221659
0.00223329
0.0190235
0.00189926
0.00500881
0.00152561
0.0828811
0.00271349
0.0301207
0.064435
0.00709385
0.081973
0.00312334
0.00291122
0.00303506
0.00507048
0.310876
0.0259929
0.00805559
0.00855659
0.00255542
0.00209575
0.00544992
0.00151143
0.00165171
0.00139169
0.21824
0.00368904
0.00247675
0.195767
0.0586688
0.00189815
0.00221139
0.00311289
0.00404527
0.0559126
0.0472943
0.0520285
0.00307247
0.00529017
0.0286557
0.00124476
0.0050514
0.00689311
0.00123777
0.00155291
0.00220019
0.00352876
0.00059527
0.0043933
0.000326591
0.000293153
0.00767189
0.00193397
0.00347927
0.00438487
0.0742975
0.00448524
0.000723349
0.00407581
0.00354232
0.000919241
0.00224304
0.0100924
0.00339947
0.00194258
0.00181492
0.00304269
0.00180071
0.018144
0.00859503
0.00777151
0.00205266
0.00214775
0.217479
0.0179269
0.00130746
0.000544113
0.00274691
0.000313201
0.13183
0.00347367
0.00194846
0.00718434
0.00336455
0.00283499
0.0342856
0.00343384
0.0154299
0.153969
0.00205405
0.00157043
0.00241794
0.0913634
0.0805386
0.002229
0.0006001
0.00339365
0.016385
0.0260749
0.5861
0.00417589
0.00660479
0.0452024
0.0162595
0.05337
0.00849153
0.00254762
0.18034
0.576593
0.0162099
0.00188445
0.0042437
0.025967
0.000259983
0.0478642
0.00644172
0.0285342
0.0627774
0.0424866
0.00286557
0.270825
0.0300029
0.039068
0.0211233
0.00895717
0.298091
0.00299351
0.00225055
0.00178823
0.306676
0.00717859
0.00560409
0.196781
0.00338195
0.0815825
0.00389467
0.00441999
0.000549462
0.000256358
0.226647
0.0180017
0.199551
0.0679989
0.00545996
0.0890686
0.41716
0.000536239
0.13004
0.0981124
0.00353778
0.0820145
0.00159694
0.107438
0.137027
0.00138288
0.00540349
0.00216666
0.00879084
0.00514232
0.00474453
0.000998188
0.00197949
0.483558
0.00592941
0.00568732
0.000248325
0.00224776
0.00498956
0.0997624
0.0433469
0.00549067
0.347992
0.00109409
0.203216
0.0809702
0.0577813
0.00347158
0.00848844
0.0676849
0.0450196
1.67991
0.0781972
0.000938036
0.0386805
0.0931684
0.0334561
0.0327402
0.0394023
0.558506
0.0217213
0.146173
0.0242051
0.000873466
0.145241
0.00394781
0.033622
0.0157668
0.00437181
0.0302728
0.0011701
0.00116442
0.00250221
0.00638535
0.00573356
0.0103924
0.00688506
0.0530193
0.0161622
0.00547719
0.00243939
0.00639218
0.00985862
0.063933
0.00574739
0.00247329
0.00496611
0.0401883
0.0304725
0.00288221
0.0742288
0.0199045
0.00118357
0.00224406
0.00552104
0.00829844
0.000539864
0.00452098
0.00228904
0.00102256
0.00584467
0.00464923
0.0812405
0.00302282
0.00796632
0.00942537
0.00367408
0.00123073
0.00113908
0.130404
1.12883
0.0194923
0.0153837
0.00327124
0.00185695
0.070681
0.000271222
0.0131574
0.00669157
0.0302141
0.0128177
0.0143125
0.00672364
0.0239434
0.00125285
0.0463413
0.00407636
0.0218188
0.00259573
0.0440485
0.00137148
0.000713867
0.00615935
0.00343464
0.00504496
0.00314422
0.0601472
0.00196449
0.00113057
0.0168608
0.0734938
0.185067
0.00180972
0.0145719
0.0407421
0.0100999
0.0173738
0.0121842
0.00351321
0.188656
0.0329217
0.00392926
0.000775051
0.0114693
0.00507945
0.0404325
0.0135414
0.0271244
0.00923918
0.00891413
0.00295321
0.00558096
0.0105654
0.0021128
0.000864601
0.00302391
0.0359794
0.0816446
0.00833844
0.00309972
0.0234255
0.0801827
0.00141863
0.00773185
0.030263
0.0319101
0.00532356
0.0675079
0.000845261
0.0371257
0.00241816
0.00433097
0.0106825
0.0365952
0.0131514
0.00442791
0.00356099
0.0141116
0.0130059
0.00485283
0.0280203
0.00347061
0.0105026
0.00956246
0.00824302
0.00540188
0.00259007
0.000602629
0.0113329
0.0608356
0.00100026
0.014624
0.0089038
0.00135694
0.0067704
0.00256961
0.00549628
0.0155951
0.00493867
0.00402414
0.00587623
0.00121658
0.0014873
0.00512093
0.00187101
0.00302783
0.0055346
0.00371725
0.00414292
0.000911297
0.00768744
0.00224267
0.011857
0.00213111
0.00149477
0.0101099
0.00299665
0.00641521
0.00683522
0.0544355
0.0812599
0.00569786
0.0925439
0.00256889
0.387953
0.304128
0.00402325
0.123492
0.252388
0.00827319
0.00497553
0.00563985
0.0791856
0.0197035
0.163536
0.120375
0.00582133
0.0598613
0.0199654
0.334295
0.193782
0.00404499
0.434797
0.00497391
0.0360596
0.0104379
0.315954
0.0424932
0.00435705
0.00458227
0.075303
0.006488
0.0805218
0.0364379
0.0152621
0.0172155
0.698727
0.01556
0.00483856
0.000714928
0.00535434
0.00383802
0.00475382
0.00125125
0.00486961
0.00290914
0.0679087
0.000476412
0.00213605
0.00451677
0.00328365
0.00319781
0.00229882
0.00704319
0.00707272
0.0030715
0.00114979
0.00136443
0.00182801
0.0107572
0.0209738
0.0976613
0.165122
0.00123734
0.0061187
0.000467175
0.0061665
0.0048677
0.0239111
0.5675
0.0258382
0.022232
0.00617216
0.00138308
0.029867
0.0065661
0.164772
0.101287
0.00282974
0.0178391
0.0557618
0.0435301
0.0248706
0.0207645
0.0124428
0.0240287
0.661684
0.111438
0.0222142
0.0109555
0.00827894
0.00158062
0.00136506
0.0380072
0.381348
0.0217475
0.82279
0.0259248
0.0643197
0.033648
0.0112458
0.0189243
0.0471485
0.020443
0.000343829
0.0053785
0.026526
0.23946
0.278281
0.0285311
0.053892
0.103307
0.112824
0.363533
0.0151342
0.00772943
0.0326809
0.00537751
0.00221552
0.00931721
0.000679536
0.1833
0.125818
0.0645264
0.000865878
1.05195
0.0711116
0.0019144
0.0861805
0.0186965
0.00544316
0.0329774
0.00419711
0.129663
0.0247644
0.285833
0.0224896
0.0074965
0.00601471
0.00209154
0.00440715
0.00583955
0.00129599
0.000754204
0.00488011
0.00222103
0.000850666
0.00168988
0.00464041
0.00347254
0.00499532
0.00386155
0.00620382
0.00179284
0.000615343
0.000351825
0.00233646
0.00136599
0.00807747
0.00709058
0.0108758
0.00101844
0.000867906
0.00103898
0.00122567
0.00543025
0.00324633
0.196687
0.00458041
0.00339002
0.00359947
0.0018566
0.00900662
0.0130227
0.000923587
0.00681296
0.000879278
0.00617148
0.00316873
0.00221104
0.00208302
0.0103588
0.0310986
0.00435071
0.00342668
0.00331214
0.00725376
0.0562071
0.061627
0.0100459
0.00167475
0.00426944
0.00122678
0.00370268
0.00272519
0.00423074
0.00394701
0.00219653
0.00287948
0.00295496
0.366472
0.21953
0.00155323
0.00112234
0.00303856
0.00485456
0.00129851
0.00100029
0.000298835
0.00699995
0.00112985
0.000449277
0.00225844
0.00504138
0.0135047
0.00232378
0.0405359
0.0286988
0.0376608
0.00397679
0.00322943
0.0093383
0.0592553
0.00149773
0.00676823
0.443498
0.0965953
0.0219389
0.300995
0.0006294
0.00407635
0.0260886
0.00618886
0.000807432
0.00436962
0.00634641
0.00224938
0.00326026
0.000467466
0.00268367
0.00350543
0.00347178
0.00256247
0.000900957
0.00510279
0.00120836
0.0141508
0.00293145
0.00358664
0.00216292
0.00298831
0.00997478
0.0174725
0.000860819
0.297612
0.0672188
0.0647776
0.0156077
0.0067831
0.064175
0.288274
0.0151968
0.0120617
0.00571079
0.00504057
0.00283031
0.00310474
0.00128056
0.00965158
0.00270633
0.000784666
0.00715407
0.00457342
0.044437
0.000850366
0.000664154
0.00809205
0.00269702
0.000707694
0.00628206
0.000814593
0.00150574
0.00163915
0.00274172
0.00430574
0.000448433
0.00225914
0.00212966
0.00312515
0.00198162
0.00802639
0.0123211
0.00258179
0.000471487
0.00845359
0.00364405
0.000249875
0.0345742
0.363994
0.00126897
0.00498249
0.146169
0.0201172
0.0152948
0.0251074
0.00638767
0.00825464
0.000685353
0.00154672
0.0438673
0.00517333
0.0288298
0.295381
0.361373
0.270891
0.457485
0.00111622
0.711863
0.0209199
0.00611106
0.0138546
0.0795678
0.00894128
0.00705289
0.00719356
0.00326462
0.00637685
0.0102266
0.010048
0.00748848
0.00783786
0.0099538
0.0129635
0.00890799
0.0133998
0.00717944
0.00932687
0.100551
0.0100154
0.0889754
0.0371906
0.3365
0.0171918
0.000963268
0.0015437
0.178526
0.0278007
0.00214754
0.00773705
1.28616
0.123774
0.0100548
0.008577
0.0510595
1.2756
0.0286767
0.0483851
0.109952
0.513985
0.0540458
0.119772
0.247125
0.00786728
0.137723
0.137043
0.00184874
0.136761
0.0259522
0.0440941
0.0801256
0.00395985
0.0179303
0.0457558
0.189737
0.00380354
0.0296697
0.00546821
0.00429903
0.00244312
0.0501818
0.00284272
0.0383836
0.00137544
0.0639389
0.452775
0.0140669
0.0147516
0.233299
0.0205794
0.00253292
0.299589
0.0010037
0.00226934
0.214203
0.671836
0.00721653
0.000707817
0.00693232
0.000398681
0.00133351
0.00388751
0.000615204
0.19523
0.00388081
0.188682
0.00197851
0.00425376
0.00271467
0.00181113
0.00590411
0.0037815
0.0194973
0.00258732
0.00200661
0.00203968
0.000434161
0.0015011
0.00319013
0.000964394
0.00356979
0.00355455
0.00177253
0.00180197
0.00338737
0.0023041
0.00351884
0.0520163
0.00625327
0.00106584
0.00655824
0.00176035
0.00150826
0.00190362
0.00274235
0.00803521
0.00207152
0.000795711
0.00159415
0.00362872
0.00225029
0.0592671
0.00474587
0.00551479
0.00212802
0.000806128
0.000957987
0.000307696
0.00156756
0.00176506
0.00234546
0.00212469
0.00502818
0.00084584
0.00335828
0.00467793
0.0114493
0.000559256
0.000607012
0.00372923
0.0152041
0.00429736
0.00333075
0.0112605
0.00143002
0.00148496
0.00559704
0.0881827
0.00137262
0.0155231
0.00365049
0.0328769
0.115716
0.0122459
0.0132249
0.0048096
0.00269574
0.00208753
0.00909466
0.032207
0.0278923
0.0011892
0.0155491
0.00445993
0.00421512
0.00268417
0.00338276
0.00850621
0.000270343
0.189776
0.077564
0.0617301
0.00165224
0.0185426
0.00543299
0.0459414
0.00180942
0.0316542
0.00697829
0.000648072
0.00812751
0.0015616
0.0205212
0.00296144
0.000725017
0.0145084
0.00170076
0.00188309
0.0842631
0.00482072
0.00180197
0.00150948
0.0257931
0.0136149
0.00586739
0.0836692
0.0413082
0.00602287
0.000587202
0.00236648
0.0324892
0.0374247
0.00228317
0.00227947
0.00277326
0.0123652
0.010282
0.00211319
0.00504305
0.0524169
0.00822277
0.232339
0.00737197
0.00734794
0.00198578
0.000846209
0.00105339
0.00841381
0.000249111
0.00671278
0.001678
0.00310599
0.00031534
0.000336922
0.00304754
0.00252069
0.048584
0.0807303
0.0524914
0.00223726
0.00692738
0.0320271
0.0266312
0.00121815
0.814343
0.0341511
0.139016
0.0351577
0.0487914
0.00233376
0.61135
0.0345342
0.0121877
0.0146868
0.0019984
0.103335
0.00440532
0.0144304
0.0271948
0.0381562
0.00260703
0.00219792
0.0104423
0.00828228
0.00202536
0.00648357
0.00928894
0.0406115
0.0639273
0.26867
0.00237526
0.0127791
0.00401871
0.00453005
0.00391586
0.00253574
0.0120153
0.00290684
0.00500845
0.0156546
0.00418674
0.0602766
0.00172326
0.00491113
0.019735
0.00256641
0.00724575
0.0101781
0.00374439
0.00449099
0.0295356
0.167581
0.0165843
0.00347812
0.0530375
0.0267039
0.00380126
0.00400915
0.003576
0.00322889
0.293782
0.11825
0.0110951
0.00589596
0.00190244
0.21404
0.0103008
0.124045
0.0375903
0.20525
0.000564024
0.10369
0.180825
0.0153082
0.00385175
0.00906737
0.0246687
0.227221
0.00128584
0.00624757
0.331115
0.00391466
0.159608
0.0366179
0.0110212
0.0515563
0.0330874
0.124798
0.136831
0.00136001
0.00331571
0.00723636
0.0489619
0.0856363
0.0512743
0.000705543
0.000926205
0.0919423
0.601404
0.0445244
0.00387561
0.00118332
0.00353602
0.00187659
0.003776
0.00249122
0.00597903
0.0225129
0.0195522
0.0108422
0.00255064
0.00777762
0.00152723
0.00553804
0.00186972
0.0053459
0.00210698
0.00603318
0.00548346
0.00868675
0.000965317
0.131914
0.017769
0.00258667
0.0113748
0.0166784
0.00162151
0.139064
0.00105427
0.0005754
0.00199534
0.00967998
0.00141151
0.00507618
0.0105291
0.00286637
0.0157424
0.0577294
0.0029315
0.00260165
0.00390343
0.0104243
0.00255245
0.00757279
0.836141
0.000423387
0.00358702
0.0509638
0.00228386
0.00496187
0.00583906
0.000184716
0.00142324
0.00123695
0.0655206
0.00116944
0.00528596
0.00337111
0.00433908
0.000874082
0.00300709
0.00364166
0.00267054
0.00352043
0.00639253
0.00118651
0.00151213
0.00109517
0.000861127
0.00771506
0.00256007
0.00389569
0.00391565
0.00268581
0.00409199
0.00459639
0.00506012
0.00736807
0.00262396
0.00243244
0.00557031
0.00188749
0.00815612
0.0026663
0.000850386
0.00178216
0.0063398
0.0127886
0.00904428
0.00834295
0.0049491
0.00370184
0.00589651
0.00813575
0.0193462
0.00348846
0.000343448
0.000796226
0.00547026
0.00143348
0.016616
0.00201144
0.00219159
0.00045787
0.00420459
0.00133805
0.0570289
0.00345156
0.00183489
0.00184629
0.00524468
0.00419128
0.00897173
0.00133839
0.00444897
0.0046248
0.0106291
0.00337198
0.00470167
0.00708437
0.0186606
0.0012713
0.000852829
0.0142603
0.00143704
0.00721289
0.00403173
0.000907487
0.00113313
0.00742519
0.0172967
0.00213194
0.00642347
0.00539978
0.00182663
0.0050792
0.000938322
0.00247317
0.00767274
0.00130239
0.0047848
0.00304594
0.00188854
0.00154561
0.00233207
0.0118591
0.0017551
0.0110685
0.000431464
0.00230452
0.00465106
0.00442216
0.175754
0.0311771
0.0929609
0.264495
0.23514
0.0895387
0.225161
0.146935
0.028429
0.00858543
0.0644139
0.0704018
0.0707099
0.0179808
0.00398115
0.214291
0.199542
0.00350192
0.167998
0.0915895
0.0502179
0.000513947
0.0563485
0.00670037
0.0058368
0.00605254
0.044222
0.00137512
0.00128392
0.00464443
0.587562
0.00414208
0.0044195
0.0144654
0.00304401
0.00337809
0.00321982
0.00561613
0.00550797
0.00614
0.00232213
0.000530259
0.00139957
0.000730234
0.00124948
0.00128981
0.000735373
0.00298977
0.00100787
0.0128871
0.00170138
0.00184574
0.00127506
0.00928003
0.00245009
0.00226063
0.00331761
0.0025552
0.00132226
0.00281752
0.00108039
0.000279115
0.00382105
0.00117491
0.0543153
0.00511783
0.00127445
0.0302616
0.00168398
1.09902
0.00385947
0.00656992
0.00765163
0.00282803
0.0011154
0.00723677
0.00532986
0.00291494
0.0634604
0.0316353
0.00175578
0.00307829
0.0379544
0.010874
0.00375262
0.0241371
0.00167787
0.0159955
0.424315
0.347686
0.0208352
0.00542914
0.0185578
0.0279853
0.0035907
0.00288443
0.0184925
0.0560269
0.0503894
0.0102458
0.544364
0.554388
0.00267461
0.00738326
0.0232693
0.0349804
0.0271182
0.26983
0.013753
0.00435982
0.0021925
0.00866943
0.00174391
0.0509686
0.0787225
0.0228749
0.00618842
0.00676349
0.00100841
0.00234019
0.00352787
0.0017511
0.0025768
0.00620481
0.00456448
0.00365849
0.000660205
0.0278354
0.0209117
0.00279671
0.0116051
0.0018032
0.000699494
0.000974407
0.00343717
0.00299512
0.00430091
0.00224636
0.00173164
0.00324343
0.0353485
0.00289304
0.0093462
0.00214229
0.00703618
0.00593426
0.00459732
0.00298826
0.00488202
0.000851743
0.00561582
0.00463092
0.00359509
0.00308912
0.00212234
0.000454556
0.00252088
0.00377334
0.00168235
0.00078904
0.00276802
0.00954772
0.00124839
0.0007257
0.00663068
0.00115251
0.000783701
0.00196663
0.00218316
0.000544949
0.000899219
0.00228004
0.0021167
0.00149918
0.00551887
0.0020518
0.00649043
0.00227856
0.00410921
0.000909511
0.0154817
0.00172112
0.00209049
0.00169849
0.0118581
0.00190289
0.00246969
0.00458632
0.00447846
0.00339769
0.0087903
0.415416
0.0706654
0.0797237
0.00253651
0.005331
0.0017598
0.00199215
0.00503053
0.0479937
0.00590052
0.00700259
0.00379484
0.00349989
0.00321599
0.00243714
0.00734237
0.0011404
0.00476675
0.00181404
0.01874
0.00240169
0.00313141
0.000422428
0.0139241
0.00025204
0.00247146
0.0034747
0.00758495
0.000865305
0.00157194
0.00243352
0.000906514
0.00160892
0.00137817
0.00908922
0.00814089
0.00262599
0.00506964
0.0131514
0.00387586
0.0065017
0.00637349
0.00150451
0.000707723
0.0014087
0.00123947
0.000623554
0.000219919
0.00171636
0.0066689
0.000770283
0.0133078
0.000445511
0.00318085
0.00142298
0.00115283
0.00717888
0.00356478
0.000835146
0.00324785
0.0547355
0.00628304
0.511161
0.183119
0.00641981
0.000905906
0.00781005
0.000995145
0.00204359
0.0129313
0.00149286
0.00303648
0.001132
0.00197768
0.00305975
0.00199921
0.00300166
0.00692248
0.000507387
0.00111411
0.00145673
0.000780018
0.00347239
0.00020707
0.00369346
0.000991621
0.00211777
0.044787
0.00286544
0.000585056
0.000485779
0.108779
0.0507687
0.00535992
0.00239968
0.000591569
0.00303016
0.00128603
0.00508118
0.00274724
0.00253827
0.00166403
0.00270918
0.00449502
0.0169458
0.0119684
0.0017488
0.00658326
0.00260925
0.00218733
0.00274963
0.00137038
0.00536937
0.000956375
0.00566357
0.000998217
0.00361172
0.00188345
0.00224254
0.0037631
0.035002
0.00243016
0.00329456
0.00108061
0.00516302
0.00625355
0.00148352
0.00183121
0.00187481
0.00452982
0.026659
0.000656151
0.975034
0.00240289
0.00912394
0.00109445
0.0121381
0.00162022
0.0518878
0.00303228
0.0100792
0.00406778
0.00171008
0.00345573
0.0499873
0.0025408
0.00464142
0.00089609
0.00130875
0.00380795
0.00994411
0.00619128
0.00713189
0.0325114
0.015952
0.00436182
0.00377597
0.000954278
0.00280809
0.00618668
0.0263195
0.00308006
0.000400462
0.002379
0.0081616
0.152222
0.0657913
0.0114063
0.00240738
0.012729
0.00134153
0.00258271
0.0015642
0.000771087
0.00132111
0.00405884
0.00217746
0.00150467
0.00578172
0.00764109
0.053844
0.00983093
0.0422849
0.00395652
0.00110131
0.00220377
0.00155589
0.248977
0.00358988
0.0301184
0.446482
0.00409411
0.0181088
0.000435887
0.000762503
0.00210051
0.00341611
0.0123817
0.00113821
0.00614315
0.00165557
0.00146685
0.00505951
0.00166134
0.00194294
0.00270362
0.00219967
0.00408948
0.00121227
0.0437147
0.0417287
0.750964
0.0030935
0.00453917
0.0132071
0.120688
0.0052061
0.00461088
0.000881978
0.00077904
0.00230367
0.00750752
0.00698928
0.00104075
0.132682
0.00253689
0.0023407
0.0107221
0.00187928
0.283538
0.00164158
0.0128269
0.00648314
0.00208593
0.00223288
0.00346501
0.00786942
0.00200844
0.00180894
0.00154412
0.00422289
0.00400664
0.00133513
0.0369464
0.101042
0.00188313
0.00215982
0.000251701
0.00142353
0.0065604
0.00192462
0.3801
0.938768
0.00761872
0.00232398
0.000818233
0.00193564
0.00195154
0.00139875
0.00655254
0.0237985
0.00112351
0.000245495
0.00135982
0.000774024
0.00307797
0.0101681
0.00257958
0.00199495
0.0010101
0.0038608
0.00157256
0.00320293
0.00191728
0.00364848
0.00225352
0.00446152
0.28545
0.00473012
0.00245825
0.00126112
0.00451876
0.00220856
0.000582108
0.0013589
0.00901247
0.00199014
0.000992213
0.00131339
0.0147755
0.00658981
0.00325444
0.00209017
0.00168949
0.000389393
0.000450523
0.00481642
0.00195005
0.00408714
0.00295924
0.00249713
0.00200266
0.00386807
0.000931664
0.00280593
0.00281099
0.000730608
0.00795814
0.00245922
0.00465614
0.00510663
0.00187608
0.0091437
0.00256589
0.0020431
0.00708483
0.00378609
0.000995774
0.055734
0.00108643
0.00162028
0.0063287
0.000905717
0.00106583
0.00188015
0.00736284
0.00228296
0.00218385
0.000936665
0.0116805
0.0022827
0.00168277
0.00683787
0.00423999
0.00114136
0.00066565
0.00460027
0.00329649
0.0037276
0.02075
0.025216
0.17898
0.0108762
0.0016665
0.00127113
0.0753238
0.00479885
0.00160138
0.00800264
0.0431936
0.0101561
0.00138117
0.00268062
0.0279715
0.079466
0.00775636
0.00602749
0.0190734
0.0101412
0.0505893
0.0033235
0.0175703
0.00660278
0.060434
0.0844283
0.0028261
0.00627597
0.00119034
0.0929195
0.00600311
0.00531838
0.0726628
0.00219824
0.0340489
0.00128369
0.0089286
0.0125326
0.000256958
0.0051326
0.00293856
0.00595734
0.00111572
0.00337084
0.00247855
0.0225947
0.0152958
0.0612848
0.000953993
0.00120857
0.0202662
0.00234714
0.00221287
0.010508
0.00352981
0.00199334
0.020491
0.00983685
0.0018856
0.279773
0.00442467
0.00134104
0.00915984
0.0876031
0.00354845
0.00418995
0.0170901
0.00367644
0.103829
0.00290225
0.00427856
0.222616
0.00609022
0.00220983
0.0567829
0.0774931
0.0147849
0.00233809
0.0040738
0.00299391
0.00645845
0.00792968
0.00106436
0.0148921
0.0145811
0.00594711
0.000774366
0.0331029
0.00145871
0.00118898
0.00335341
0.0285461
0.151749
0.00347473
0.00102238
0.00954707
0.114806
0.00269609
0.0118631
0.00125064
0.00871632
0.00271711
0.0151152
0.0043744
0.00260426
0.00531698
0.00463125
0.00993751
0.000326045
0.00193545
0.00423196
0.00148266
0.0140498
0.000382107
0.00206321
0.00283339
0.0525684
0.0014523
0.00121941
0.00393742
0.00238767
0.00277795
0.00383061
0.0016019
0.00118491
0.00288283
0.00340676
0.00174484
0.00128882
0.00272274
0.00656822
0.0025231
0.0020898
0.00325661
0.00566742
0.00196595
0.00575798
0.00138985
0.00109411
0.00158369
0.00156537
0.0523766
0.358255
0.0570245
0.0092196
0.0491454
0.000716046
0.00457294
0.0165572
0.0181705
0.0554553
0.251813
0.0383152
0.00197167
0.0517519
0.145754
0.000274778
0.00311674
0.00308582
0.0838688
0.00998193
0.0727452
0.000479584
0.00263743
0.00702232
0.0102844
0.00292057
0.004918
0.0133428
0.349195
0.0111368
0.0163652
0.00084657
0.217228
0.00225603
0.00922821
0.00468181
0.0508082
0.0213755
0.0542726
0.191549
0.00812591
0.131399
0.00244831
0.00475365
0.0369644
0.00327544
0.0026682
0.00281375
0.0121324
0.00426869
0.00354965
0.011551
0.00399305
0.00275371
0.00709712
0.0480329
0.00599331
0.0035545
0.0231254
0.00784733
0.0593612
0.0181652
0.031668
0.00656719
0.00317081
0.0176518
0.0122924
0.0104707
0.00130767
0.00293307
0.00198497
0.0278379
0.0118838
0.0237487
0.00753586
0.0177981
0.00792149
0.00752898
0.00368618
0.0149823
0.0108485
0.00418015
0.00311484
0.000661841
0.0103817
0.000373682
0.00451851
0.0120017
0.00271506
0.00616806
0.00042845
0.00476818
0.0380768
0.00428338
0.00250076
0.00211062
0.0778355
0.00276896
0.00121746
0.00378467
0.00237998
0.000753849
0.00190911
0.00262862
0.00153997
0.00181316
0.00178475
0.000621706
0.00598876
0.000461732
0.00158784
0.0011888
0.00804866
0.00407746
0.00172893
0.0079162
0.00220661
0.00223134
0.00493222
0.000874654
0.00262688
0.019752
0.00103126
0.00458982
0.00584008
0.0292265
0.0032576
0.000773282
0.00124041
0.00136574
0.000487732
0.169175
0.00729994
0.00167354
0.0144378
0.000700286
0.00313211
0.00644769
0.00946782
0.0429745
0.000818388
0.00363561
0.00193505
0.00105117
0.00116068
0.000742028
8.65105e-05
0.000747557
0.00307877
0.00289021
0.000841765
0.000722516
0.00230379
0.0040414
0.000489039
0.00189032
0.000867431
0.000738309
0.00551961
0.000809916
0.00587134
0.00677135
0.0601174
0.00353068
0.00521687
0.022846
0.00125321
0.0112482
0.002085
0.00824675
0.23287
0.00341944
0.0101173
0.0158746
0.00938687
0.00116599
0.013043
0.0059207
0.000728397
0.0569901
0.00501245
0.00240506
0.00270748
0.000294321
0.0138282
0.0114248
0.00310269
0.0504433
0.134179
0.0469656
0.00165336
0.0054935
0.00136257
0.00832453
0.00230245
0.00217663
0.000890492
0.00479373
0.000604737
0.00207687
0.0113369
0.00644979
0.00246884
0.00108966
0.00263111
0.00846741
0.00716528
0.00281304
0.00920984
0.00733485
0.00731754
0.00376403
0.00276976
0.407687
0.00419609
0.00179217
0.0251752
0.00543155
0.00113181
0.000399016
0.000691204
0.00769627
0.00440902
0.00340549
0.00904268
0.0458182
0.0086049
0.00868105
0.0895482
0.0709772
0.00344489
0.0252991
0.00373351
0.000430714
0.00104249
0.0021621
0.00585061
0.00095911
0.0400646
0.0177208
0.00557518
0.000199476
0.00452957
0.012237
0.00074694
0.00155789
0.000685762
0.00450995
0.00233141
0.00473665
0.00449055
0.0182609
0.00113672
0.0209329
0.00726336
0.00639921
0.00243979
0.00405552
0.00273764
0.00362785
0.00226304
0.00319596
0.00282343
0.00474255
0.0033419
0.0386506
0.00123642
0.000654669
0.00270213
0.00234866
0.000831924
0.0102891
0.00169165
0.00478561
0.00437694
0.00522919
0.00738858
0.00251347
0.0100517
0.0182218
0.00212624
0.00548912
0.00184686
0.002872
0.00123209
0.00147041
0.00298703
0.0138612
0.00422426
0.000790419
0.0105223
0.00125228
0.00508881
0.00608177
0.00591925
0.00619453
0.000842912
0.00329164
0.0013782
0.168698
0.0771756
0.00796253
0.00940168
0.00352814
0.00953038
0.000674015
0.0110046
0.00200181
0.0106768
0.00305416
0.00160058
0.00367101
0.00468443
0.00877637
0.00748015
0.00605432
0.00209668
0.000973709
0.00801304
0.00203562
0.00238465
0.0318612
0.000757348
0.00280468
0.00188245
0.00139722
0.00522741
0.00205224
0.00508941
0.0032901
0.0101859
0.00566338
0.00596784
0.00190653
0.00354885
0.00100399
0.00599648
0.00656311
0.00163441
0.0319065
0.00925876
0.00325883
0.00659196
0.00217751
0.0463488
0.0035752
0.00237012
0.00301608
0.0017565
0.0064155
0.000463451
0.002625
0.00430668
0.00160129
0.00630914
0.00134794
0.00796105
0.00358736
0.00660971
0.0123317
0.00273948
0.0111708
0.000782076
0.00406836
0.00205587
0.000740199
0.00647745
0.00199776
0.0034456
0.00206722
0.000526657
0.00265163
0.000636422
0.00192875
0.000893882
0.00111779
0.224269
0.0227958
0.00707544
0.344602
1.28091
0.0269495
0.024913
0.0590737
0.0414142
0.00725961
0.00358616
0.00764924
0.00228629
0.00302411
0.0038717
0.00470759
0.0489316
0.00110801
0.00495018
0.00169066
0.00407795
0.00694112
0.00683995
0.0443284
0.00336796
0.255925
0.0312758
0.078199
0.0146166
0.0546037
0.00446229
0.0558744
0.0227277
0.390419
0.0453803
0.00862995
0.0750072
0.0699498
0.0153006
0.0190377
0.00607076
0.0266668
0.00708149
0.79526
0.110563
0.00250705
0.00654461
0.000874457
0.00550386
0.0087688
0.000914607
0.000968579
0.00182154
0.000535373
0.00278539
0.0588585
0.00538225
0.00114774
0.00139258
0.026968
0.0108488
0.00406896
0.00171416
0.0060185
0.00361065
0.00101429
0.00215313
0.0126609
0.000654885
0.00565746
0.00895097
0.226411
0.000280893
0.00678734
0.00903452
0.00148681
0.00218128
0.00539761
0.00307342
0.00454825
0.00229986
0.00221957
0.0552651
0.00102089
0.00245895
0.00421038
0.00455315
0.015751
0.00113905
0.00886904
0.00471584
0.00119833
0.00871109
0.00328227
0.00361594
0.0534512
0.0151729
0.0656787
0.273632
0.0721531
0.0917038
0.300161
0.00418274
0.0257337
0.139572
0.0621807
0.483739
0.00106683
0.0027552
0.0031727
0.0735034
0.101971
0.0869622
0.686086
0.206491
0.106774
0.0444537
0.0635814
0.156631
0.208234
0.142522
0.0532078
0.140787
0.192879
0.0286996
0.162257
0.0555275
0.082778
0.00972976
0.00133425
0.0672233
0.253783
0.0531074
0.0229295
0.0130725
0.00167258
0.00494761
0.00270144
0.0108084
0.00425615
0.00191291
0.00255295
0.00890509
0.00471517
0.000900863
0.00567253
0.00773518
0.00512475
0.00261464
0.00485468
0.00350582
0.161223
0.0241843
0.0870354
0.0940203
0.0145911
0.00288531
0.00220878
0.000771286
0.00217052
0.0023079
0.00212819
0.00861129
0.000946479
0.000414875
0.00254225
0.00128998
0.00429007
0.00997169
0.00225055
0.00255683
0.00660999
0.0297429
0.00598446
0.00742966
0.000689714
0.00693505
0.00101088
0.0447783
0.00543904
0.100893
0.0445678
0.167064
0.0643184
0.00440654
0.0029802
0.125735
0.000509816
0.000961298
0.00751249
0.00569887
0.00288768
0.00313398
0.00157093
0.00474877
0.00233235
0.00148467
0.000184744
0.0035196
0.00147234
0.0548526
0.132046
0.00814301
0.0352517
0.000503357
0.0181066
0.0105411
0.154345
0.0265257
0.00102782
0.00656602
0.000999787
0.0433796
0.102035
0.0617762
0.0728367
1.088
0.00214923
0.115535
0.0226598
0.00240209
0.0143123
0.0284201
0.00342783
0.142642
0.0630279
0.0407994
0.116224
0.0767968
0.000685938
0.902217
0.0464565
0.0102762
0.00119611
0.00750718
0.00835691
0.0392792
0.0214252
0.00254054
0.0117675
0.00681548
0.15547
0.00765122
0.0299018
0.0546421
0.027273
0.0346973
0.00723426
0.00952972
0.00119869
0.000516411
0.0682993
0.000958448
0.0237499
0.0010984
0.221105
0.0069041
0.29307
0.00820961
0.438562
0.0109961
0.0022261
0.0282827
0.00238929
0.00132736
0.062579
0.00237315
0.576826
0.00828863
0.0142785
0.00601255
0.449864
0.166313
0.114121
0.00785276
0.00665047
0.00630057
0.00502598
0.00374148
0.00354288
0.0124356
0.00550505
0.00272349
0.00421096
0.00558158
0.00399277
0.11144
0.00134062
0.00196311
0.00272392
0.0091842
0.00509088
0.0174778
0.00800323
0.00321933
0.00109641
0.0112526
0.00457024
0.0019278
0.00428366
0.00544274
0.00179562
0.00327413
0.00373735
0.00110704
0.135505
0.0320569
0.00990237
0.00722676
0.00293579
0.00757553
0.0472148
0.00224073
0.00103041
0.00479585
0.0117787
1.21796
0.00143049
0.000681887
0.0272983
0.055935
0.00318469
0.0817412
0.274809
0.0206029
0.00842645
0.00365798
0.0118719
0.0042069
0.00385179
0.00110737
0.00243184
0.0368212
0.0288062
0.129785
0.0217909
0.213113
0.238619
0.0031261
0.00050052
0.00668018
0.00268425
0.00558105
0.00507936
0.00629697
0.00133922
0.00298508
0.00558263
0.000914328
0.000287642
0.000710034
0.0031393
0.0225194
0.110957
0.00136544
0.000713165
0.000983341
0.00265567
0.00372946
0.000940573
0.000830881
0.00131775
0.00173015
0.00234543
0.000840196
0.0123847
0.00094636
0.00223801
0.0297463
0.000997701
0.0188321
0.00275913
0.0198553
0.000636632
0.00206615
0.224392
0.00672463
0.00657782
0.00415272
0.0142267
0.00723041
0.00372354
0.0215539
0.00223101
0.0129589
0.00605058
0.00287071
0.00320467
0.00809608
0.00197967
0.00845274
0.00578203
0.0105654
0.00138541
0.00191244
0.0812355
0.00310959
0.00131105
0.0028117
0.0904876
0.000660432
0.00942138
0.00244121
0.00193294
0.00379623
0.0016551
0.000914882
0.0440271
0.00264607
0.00307105
0.00136239
0.00137391
0.0022647
0.00145665
0.00306763
0.0087117
0.00104988
0.00195919
0.0133885
0.0455008
0.094729
0.0106348
0.0623837
0.00523863
0.0112288
0.00187195
0.00319793
0.00268245
0.00584108
0.0463968
0.00715369
0.00755816
0.0104085
0.00667491
0.00602327
0.00277291
0.00246699
0.00499779
0.00201848
0.00217445
0.00254909
0.00234037
0.000522459
0.251087
0.0533449
0.0131745
0.130801
0.0541795
0.00196447
0.00113325
0.00191203
0.123524
0.00311445
0.000527374
0.0151083
0.00573431
0.0191686
0.00202495
0.00092001
0.00229536
0.00399176
0.223084
0.00206808
0.00313874
0.167811
0.0900684
0.631109
0.0179577
0.00228537
0.0015767
0.0209978
0.020811
0.270864
0.0264883
0.00420809
0.0189915
0.00176931
0.00445193
0.129267
0.0147788
0.00118537
0.00234077
0.000813474
0.00528364
0.00231447
0.000443495
0.00773394
0.00375036
0.00431409
0.0101275
0.0011246
0.00183079
0.00590724
0.00122112
0.00099202
0.00423756
0.00424496
0.00330081
0.00320384
0.00103913
0.00115262
0.00422303
0.00036388
0.00121967
0.000909067
0.00128668
0.000972209
0.00200551
0.00436472
0.00604502
0.000682499
0.00270739
0.00188632
0.00277654
0.00334629
0.00222748
0.0035658
0.000590186
0.00322956
0.00240902
0.000841446
0.00194797
0.0011003
0.00211244
0.000864346
0.00014796
0.00311821
0.00501856
0.000549365
0.00104479
0.00139942
0.000613226
0.0179029
0.0145705
0.0075498
0.00826999
0.00111978
0.00396715
0.00406039
0.00440918
0.0013603
0.00752294
0.000685855
0.00746718
0.00171178
0.00498863
0.00503356
0.00412051
0.00576114
0.0016682
0.00347251
0.00743411
0.00650119
0.00326319
0.0112589
0.0160827
0.00910731
0.0293425
0.00447386
0.00278146
0.00166566
0.00784111
0.00187387
0.00771273
0.00220528
0.00516438
0.00751246
0.00574721
0.0255011
0.00374467
0.00837954
0.0112651
0.00134488
0.00642903
0.00428199
0.0078732
0.00251708
0.00646497
0.00147262
0.000507276
0.00543693
0.00244646
0.00372023
0.00180491
0.00638023
0.00559821
0.0131383
0.00504136
0.00326774
0.105492
0.000753286
0.00238516
0.00832551
0.00459244
0.00168258
0.00238313
0.0678405
0.0164005
0.000694871
0.00408549
0.00825832
0.00487226
0.0600622
0.00505478
0.00284382
0.0448738
0.0303276
0.149884
0.258219
0.0060844
0.15786
0.00764788
0.295105
0.893273
0.0477353
0.0275637
0.190203
0.00760385
0.00645299
0.00415316
0.000602888
0.00352662
0.00319181
0.0144195
0.00135016
0.00149289
0.00125299
0.00506211
0.0058592
0.00593744
0.00230623
0.00481781
0.00137227
0.00241192
0.00038066
0.000708984
0.0015788
0.000622718
0.00106084
0.119372
0.00588786
0.000895372
0.00306741
0.00164098
0.00430781
0.00238146
0.342498
0.00645471
0.00252174
0.0014021
0.00779653
0.00189096
0.00108521
0.00464338
0.000734543
0.00335166
0.0040333
0.00205483
0.00133225
0.00873969
0.00643196
0.00152552
0.00530806
0.00290541
0.0749594
0.318586
0.00272347
0.00652339
0.00473098
0.00183221
0.0255268
0.0045244
0.0608914
0.016718
0.0270632
0.00395192
0.0098635
0.00129759
0.00243857
0.0109551
0.0333304
1.03116
0.0226562
0.0880798
0.0856961
0.00425658
0.000387106
0.00716333
0.0109934
0.258669
0.00317015
0.00640583
0.0167856
0.0736685
0.111988
0.00474094
0.00836482
0.00271452
0.00645451
0.0218338
0.0134515
1.49397
0.00191263
0.198234
0.51544
0.0066181
0.00264483
0.00693923
0.00231179
0.00139293
0.0108896
0.00131705
0.00109292
0.0507898
0.00786309
0.00433428
0.0031302
0.0498154
0.00305221
0.0338852
0.00804862
0.0220031
0.00183134
0.00992417
0.00259928
0.0271909
0.0139393
0.00892746
0.0417398
0.00336053
0.0953074
0.00884489
0.0465818
0.00547953
0.00209318
0.00428094
0.000685631
0.00667464
0.161022
0.0133179
0.0141737
0.0435366
0.00508574
0.00108644
0.0300763
0.00986051
0.013773
0.0444491
0.0530853
0.0626693
0.012802
0.00454368
0.0022155
0.0241934
0.00182602
0.0484904
0.00389346
0.156635
0.039068
0.0936192
0.0153336
0.00277765
0.00290586
0.214677
0.137334
0.102481
0.10375
0.0339423
0.0390698
0.00287354
0.143897
0.000518056
0.285533
0.00330087
0.00223975
0.000940746
0.0166826
0.00631191
0.0143961
0.0143252
0.268957
0.224992
0.0858843
0.00288739
0.0030453
0.0138122
0.00054139
0.0102067
0.206651
0.0311267
0.0288832
0.0352348
0.24801
0.000484727
0.00388534
0.097576
0.0938074
0.00428063
0.00144089
0.00436926
0.206738
0.00631417
0.000988759
0.00127952
0.00113502
0.00399653
0.0169881
0.0151101
1.50261
0.00251433
0.00314737
0.00329331
0.420564
0.119081
