0.0386999
0.00442891
0.0209061
0.00447589
0.00488894
0.0228762
0.0010969
0.0155264
0.0191311
0.75604
0.000422477
0.0234382
0.000638109
0.579299
0.00130185
0.636197
0.00387949
0.00218606
0.0274592
0.0209957
0.0381177
0.0325338
0.0166966
0.0194322
0.0190689
0.0315212
0.00267378
0.0190418
0.0200889
0.0113455
0.00906389
0.0225881
0.00684705
0.0353611
0.00658681
0.035296
0.00419237
0.0152882
0.00115357
0.0612098
0.023401
0.0119728
0.0143577
0.00505234
0.0196414
0.729993
0.0252462
0.0208963
0.0156456
0.0189592
0.0754032
0.00101934
0.00174472
0.00675031
0.00234168
0.00690568
0.0129692
0.0217664
0.000992366
0.00890165
0.0166953
0.0117343
0.0176735
0.0405721
0.00191699
0.0107593
0.0126136
0.0111647
0.0167452
0.0497943
0.000851428
0.0126093
0.0111985
0.00975705
0.0277934
0.0253631
0.0412417
0.0100941
0.0036753
0.00496622
0.0938636
0.00760757
0.496944
0.000990275
0.0297041
0.0935421
0.0329325
0.00287107
0.0233627
0.00680972
0.0673817
0.000671616
0.661686
0.0455194
0.00764165
0.00229634
0.0320569
0.509558
0.115698
0.0929164
0.228833
0.0710465
0.0368986
0.132737
0.0182159
0.0241652
0.0350678
0.0283357
0.0264682
0.0448763
0.0125134
0.0238989
0.00483711
0.0350998
0.0143507
0.0232012
0.0158839
0.137893
0.0266892
0.0570868
0.0280067
0.0595011
0.0129561
0.000359673
0.00916609
0.0107709
0.0118873
0.0138718
0.601243
0.00213797
0.00983909
0.010676
0.763555
0.00304427
0.00211617
0.0384144
0.0119964
0.00205338
0.00560261
0.0272068
0.029349
0.00113291
0.0069783
0.0152129
0.704815
0.00961507
0.0436168
0.00142629
0.0114821
0.0108178
0.0258051
0.0140208
0.0289093
0.316865
0.00210213
0.00889584
0.0143774
0.0129667
0.0194033
0.00420237
0.00973564
0.00748928
0.00935393
0.00952112
0.0231573
0.0129505
0.0284291
0.00429467
0.0206771
0.00981009
0.00221659
0.0234525
0.00244975
0.0218668
0.00317534
0.00474011
0.0127557
0.0191132
0.0146534
0.00547482
0.011423
0.0081139
0.053936
0.00364764
0.0167364
0.0217384
0.0154018
0.0129774
0.0162292
0.00872398
0.0637108
0.0375488
0.0080696
0.0270345
0.0287352
0.00710665
0.00843459
0.0332996
0.115233
0.00178144
0.0135652
0.0371287
0.0226165
0.0262559
0.317568
0.016948
0.639368
0.00484821
0.691033
0.128811
0.0132753
0.0039659
0.0275827
0.00400671
0.000341717
0.00753961
0.00166676
0.664246
0.0461847
0.0231809
0.00798678
0.0109561
0.000643124
0.0158417
0.0292297
0.0432789
0.0480855
0.00880903
0.0137669
0.0234377
0.00219831
0.00620874
0.0116831
0.0223518
0.0271912
0.735524
0.0122799
0.00962019
0.0351309
0.0461942
0.0156358
0.0162396
0.0176881
0.00719358
0.000939953
0.0103306
0.0118887
0.0257583
0.014228
0.0178432
0.0468986
0.0166846
0.0407995
0.0341425
0.00994874
0.00509287
0.0077592
0.0143924
0.000415326
0.0362629
0.00887464
0.00073102
0.00834
0.0167818
0.0131894
0.0279693
0.033628
0.0136687
0.00413615
0.00490672
0.00625151
0.0199546
0.0182816
0.0127767
0.0584483
0.00676777
0.0030429
0.000283195
0.0109498
0.0184054
0.0208307
0.000222188
0.0105278
0.0171831
0.00153901
0.00765294
0.00371992
0.0021557
0.0669495
0.0208809
0.0251118
0.0243768
0.0494761
0.498998
0.0369365
0.0106452
0.0490966
0.00867345
0.0245434
0.00427315
0.00286071
0.0185407
0.0223246
0.0459125
0.00510352
0.0212313
0.00905553
0.006627
0.00941159
0.0393024
0.00112617
0.00468422
0.00242823
0.0212559
0.0116883
0.000319365
0.0290725
0.0130978
0.741932
0.00267449
0.00211433
0.0146752
0.0186859
0.0131601
0.0044373
0.0721352
0.0401587
0.0191862
0.0256362
0.0176728
0.00544716
4.24017e-05
0.0302271
0.0138774
0.049821
0.0138283
0.684711
0.618198
0.0167607
0.00920581
0.0100062
0.681625
0.0130708
0.76368
0.0372499
0.025051
0.0512528
0.0210027
0.000992455
0.368962
0.0103767
0.0787878
0.0656091
0.0022692
0.00041115
0.000261594
0.00685866
0.00978099
0.00677701
0.00460052
0.00585796
0.0103023
0.0164514
0.00226636
0.0176605
0.0092746
0.044671
0.0134261
0.00400121
0.507147
0.055557
0.0336528
0.00115259
0.067956
0.0131631
0.0315048
0.0320053
0.0414846
0.0256928
0.0101941
0.0101436
0.0851825
0.00683586
0.00819541
0.0219366
0.0157377
0.00912436
0.0276478
0.0033403
0.0102699
0.0214201
0.00638633
0.757875
0.00195407
0.00714897
0.0259953
0.0790403
0.0202655
0.0452359
0.0111582
0.00141132
0.0192302
0.00373157
0.00409126
0.0273587
0.0174111
0.620695
0.0406713
0.0365146
0.0221314
0.0178617
0.00426946
0.0333132
0.0167937
0.00853123
0.0272021
0.00406493
0.0272849
0.00906437
0.00153339
0.00909029
0.0248748
0.0274482
0.0132573
0.0027374
0.0520689
0.0102107
0.00919462
0.038189
0.0322802
0.0611895
0.00962298
0.0312401
0.0199484
0.0175847
0.0247933
0.0406227
0.00712964
0.0344015
0.00473112
0.00655137
0.00103273
0.0206534
0.0446206
0.0345848
0.00773301
0.657621
0.0105594
0.00365234
0.674786
0.0469238
0.0633986
0.0470264
0.00650716
0.0568971
0.0155633
0.0202281
0.0165905
0.0162057
0.0173553
0.0183842
0.0317899
0.00274055
0.02193
0.0925365
0.0377297
0.0757325
0.011471
0.0376282
0.0214105
0.0872929
0.00160913
0.00187423
0.0108756
0.00655133
0.376685
0.0170998
0.0789441
0.13036
0.0074616
0.00520598
0.3175
0.0246355
0.0818557
0.0385469
0.0510063
0.00369731
0.647403
0.370556
0.0055747
0.0307061
0.0558507
0.311665
0.159298
0.0605137
0.946896
0.0624144
0.0351136
0.00631068
0.00577567
0.0157552
0.0124469
0.00405528
0.00356928
0.0146176
0.0032803
0.00916149
0.0116014
0.0183747
0.016021
3.51148e-05
0.00061503
0.0473449
0.00650621
0.003017
0.00522934
0.0372383
0.00663505
0.0158324
0.64618
0.0284565
0.0174565
0.0209179
0.014989
0.00419713
0.00603683
0.00297913
0.720014
0.00237685
0.0169399
0.0257907
0.0161578
0.031125
0.0125891
0.0349365
0.00185158
0.0240094
0.00811192
0.00507642
0.00697643
0.703428
0.00322706
0.0282663
0.0138248
0.00554649
0.0616285
0.0258573
0.012494
0.0106284
0.0182098
0.00166252
0.00640018
0.00663898
0.00652483
0.0176521
0.0208727
0.000337684
0.0130119
0.0208249
0.0069266
0.053324
0.0156023
0.0677147
0.000675359
0.00542321
0.00559384
0.00316664
0.0106151
0.00804001
0.000280265
0.0235751
0.00252518
0.0215104
0.00187828
0.0165419
0.0244678
0.0171432
0.0189177
0.012014
0.0103714
0.00627964
0.0166221
0.018747
0.00626057
0.00552621
0.00149277
0.00977256
0.0284852
0.00711492
0.00400527
0.00857191
0.0171568
0.804753
0.0122935
0.00299499
0.00653257
0.0229355
0.0343446
0.0287351
0.0870325
0.0147313
0.00250553
0.00955859
0.0338603
0.0173605
0.0128729
0.046913
0.00285323
0.00844148
0.00970079
0.000727664
0.00186193
0.000810981
0.00934871
0.00637857
0.0198328
0.0272113
0.00213215
0.600318
0.0319909
0.00186342
0.0182484
0.0220369
0.0167177
0.0208355
0.0202431
0.0120322
0.00363536
0.0148978
0.00155414
0.0521248
0.000139689
0.0159901
0.0176999
0.0335958
0.00550748
0.0141637
0.0011082
0.00695972
0.00809221
0.0285934
0.00227937
0.0808822
0.020912
0.00419101
0.0105109
0.0111647
0.00622242
0.0132287
0.00206711
0.0420393
0.0336075
0.0123731
0.0284956
0.00503416
0.0127929
0.0133216
0.0282679
0.018544
0.0250586
0.0105972
0.0220899
0.0578852
0.0546559
0.037382
0.0259403
0.00729153
0.0109954
0.00233171
0.0122901
0.0119392
0.011599
0.0005469
0.189823
0.00696505
0.00590584
0.464339
0.0142826
0.026425
0.00938541
0.0106921
0.0534331
0.00816434
0.0374141
0.018131
0.0312347
0.714378
0.0222053
0.0207824
0.640363
0.0168119
0.751504
0.0708188
0.0259309
0.767529
0.0448973
0.0165532
0.0399034
0.00723859
0.00571582
0.00517172
0.0207512
0.000711951
0.0369612
0.0107795
0.0176848
0.67398
0.00579557
0.0129853
0.832003
0.0398625
0.0139215
0.062769
0.0610746
0.00353544
0.0239238
0.000505202
0.0152767
0.0116936
0.0137275
0.0180662
0.02077
0.00990879
0.00094161
0.0167437
1.61392e-05
0.00598643
0.0137865
0.0349636
0.0308744
0.0188839
0.013063
0.0163244
0.722062
0.00324411
0.0106967
0.0178596
0.0306767
0.00768381
0.00623678
0.0117375
0.00763961
0.0200899
0.0545989
0.00814763
0.00959008
0.00108717
0.0392678
0.0131634
0.0270835
0.0205146
0.0127145
0.121855
0.00973159
0.0275701
0.653488
0.0520313
0.754891
0.0135855
0.00852437
0.546797
0.0491689
0.490729
0.71541
0.0133141
0.029604
0.012751
0.00956226
0.0444125
0.00141378
0.0052809
0.0490078
0.0119264
0.0537471
0.0384866
0.0107299
0.0105421
0.0438026
0.0643207
0.02871
0.00483263
0.750332
0.0546489
0.0222288
0.0260207
0.0159398
0.0175422
0.00748128
0.00702504
0.617125
0.027583
0.00399073
0.795044
0.0288767
0.0682758
0.0314413
0.0961966
0.13015
0.0066567
0.163655
0.00190439
0.0123025
0.00673929
0.013344
0.0258032
0.0300775
0.0137988
0.154265
0.00278858
0.0944487
0.00730395
0.0168896
0.00190972
0.0544858
0.012985
0.00978063
0.0331459
0.0148413
0.0153537
0.00472858
0.0305141
0.411873
0.0072762
0.0532975
0.000472116
0.00637172
0.0218487
0.0304476
0.0122147
0.0534414
0.016506
0.00144766
0.0573278
0.716995
0.00674994
0.00864995
0.0211254
0.127209
0.01845
0.0322114
0.051099
0.0243463
0.0312464
0.00495537
0.00816794
0.749787
0.00884456
0.00207111
0.00423235
0.00972246
0.0363937
0.0147625
0.00865489
0.00934462
0.415898
0.0260273
0.00231786
0.105539
0.0101746
0.0134138
0.011217
0.0593858
0.0265391
0.0285579
0.016977
0.682091
0.0260673
0.00268702
0.752952
0.00213586
0.039739
0.010246
0.420933
0.000161727
0.067407
0.0281854
0.796902
0.000743148
0.00211586
0.0145387
0.0407458
0.0501329
0.00505947
0.00498326
0.572028
0.00282699
0.318398
0.00588813
0.471474
0.017822
0.0557565
0.0331239
0.0106851
0.173156
0.0531636
0.0213455
0.01434
0.638216
0.0132484
0.0314077
0.00966651
0.00968838
0.901782
0.00238818
0.0583701
0.00122326
0.0191442
0.194245
0.0608836
0.153333
0.0113365
0.0513564
0.0330065
0.0300384
0.00115504
0.0204779
0.000993148
0.0266813
0.0102324
0.0102205
0.0166501
0.00637992
0.0324707
0.00994118
0.0180963
0.00649521
0.00171237
0.00841263
0.00353345
0.0103603
0.00538487
0.00104354
0.00448672
0.0101884
0.0324051
0.00224367
0.0124569
0.0351288
0.0133426
0.0176016
0.0141479
0.0176225
0.0254173
0.00849104
0.68313
0.0275034
0.044156
0.0310258
0.0512302
0.000304541
0.454097
0.0447254
0.0154496
0.00482172
0.00741285
0.0159974
0.00384612
0.608027
0.0411858
0.391654
0.0213553
0.788689
0.00831292
0.00767952
0.464425
0.0111112
0.00582462
0.568834
0.00370069
0.0110574
0.0100409
0.0140587
0.0239968
0.00559218
0.716965
0.00684515
0.0080627
0.0459136
0.460464
0.00751204
0.0233521
0.00929292
0.00601698
0.0211954
0.081783
0.0299379
0.0950741
0.00746767
0.0484281
0.0107268
0.00280116
0.0404692
0.00484278
0.0159801
0.0399886
0.0342927
0.012468
0.0148067
0.0295084
0.00366359
0.0133648
0.0363373
0.0261177
0.0359313
0.621959
0.00498724
0.665337
0.256708
0.00378483
0.0661543
0.0115975
0.0232409
0.00894575
0.00215514
0.016868
0.0103128
0.00221016
0.0105568
0.0172984
0.0083381
0.000719228
0.0106046
0.0153378
0.0100813
0.0107655
0.016554
0.00627661
0.0183513
0.00539704
0.00189287
0.0498248
0.015496
0.0140273
0.00523822
0.0167543
0.0151816
0.0165447
0.011757
0.0153776
0.00711286
0.00357487
0.00274644
0.0078427
0.0243408
0.0118775
0.0438572
0.00839103
0.00474367
0.019551
0.0301909
0.012799
0.0181909
0.00974697
0.0160099
0.0278968
0.568453
0.022377
0.0585429
0.0118447
0.00242581
0.00523947
0.0213714
0.0360755
0.000826485
0.00563466
0.0344645
0.0160696
0.0276654
0.0149298
0.0517122
0.00807886
0.0200229
0.0188858
0.0364589
0.00357597
0.0259443
0.00574749
0.00328337
0.0122904
0.0193559
0.0506568
0.0354155
0.739888
0.00881971
0.6752
0.019181
0.734631
0.502058
0.0642549
0.00121295
0.00121835
0.0227453
0.0470756
0.56183
0.00360141
0.032941
0.688352
0.0277339
0.0104626
0.0103368
0.00418235
0.0170813
0.00656067
0.034486
0.00790367
0.0267441
0.0227933
0.0685905
0.0309925
0.0323664
0.0720404
0.000806472
0.0299313
0.703048
0.0102103
0.00654392
0.0102315
0.0219334
0.00961177
0.00196168
0.00976072
0.025043
0.00625231
0.00803055
0.0357347
0.514004
0.00143727
0.0283707
0.0133278
0.0117891
0.0435082
0.0463098
0.00939659
0.00327765
0.779651
0.00310255
0.031468
0.598504
0.00414391
0.0462333
0.0375981
0.0061249
0.0135227
0.00021793
0.0266603
0.046532
0.0231932
0.00917764
0.0158001
0.0402219
0.00632422
0.0104532
0.00638149
0.00699625
0.00558473
0.0040374
0.0231894
0.610013
0.0400051
0.0221448
0.021414
0.0596635
0.0352758
0.0116787
0.00705234
0.0238826
0.00219859
0.0244259
0.062062
0.00179919
0.0106257
0.0261472
0.0188685
0.0349515
0.0111982
0.0567348
0.0541418
0.0884068
0.0143515
0.0199613
0.0407527
0.0130066
0.0127955
0.00724023
0.00485698
0.0287755
0.0238385
0.00419989
0.011727
0.0157568
0.0213453
0.0350088
0.0209835
0.0391392
0.0495158
0.0574535
0.00139783
0.00276069
0.0353836
0.00836797
0.0269724
0.00288071
0.0156679
0.0468172
0.0126683
0.510046
0.0291603
0.0105868
0.00317485
0.0486565
0.000481661
0.0163983
0.0203142
0.010855
0.0170944
0.021952
0.0184987
0.0174379
0.0559873
0.655303
0.00796074
0.0131064
0.0109643
0.0213815
0.00628909
0.000767454
0.0415632
0.00928524
0.00540161
0.00496302
0.0175999
0.0258326
0.0104105
0.0434369
0.010307
0.00812234
0.00807866
0.00350843
0.00561456
0.02069
0.0357104
0.0214051
0.0371127
0.0409995
0.0382099
0.00487693
0.0341837
0.0136257
0.0130438
0.00282741
0.0196843
0.0125479
0.00185485
0.033548
0.0274548
0.000204087
0.00451082
0.0136266
0.699523
0.00146179
0.460568
0.0326499
0.0350885
0.0115096
0.022006
0.0442214
0.613129
0.0166369
0.0659332
0.00978033
0.0111577
0.0530874
0.00112386
0.0338162
0.00640917
0.012553
0.0194913
0.0175852
0.00489134
0.0200014
0.00721929
0.0358839
0.0149004
0.0155339
0.0329931
0.00968255
0.0157442
0.0110522
0.0118473
0.0602645
0.0492863
0.0551243
0.0550659
0.267687
0.0474151
0.0684079
0.0275878
0.208466
0.0101607
0.387248
0.00721721
0.0527612
0.00579625
0.0386378
0.0233194
0.0402612
0.0617861
0.0635523
0.147534
0.0749633
0.235971
0.0139696
0.111192
0.0274799
0.0305182
0.0429969
0.0266948
0.00715078
0.101227
0.0394892
0.0111734
0.0858989
0.0560307
0.0346646
0.00422334
0.0168726
0.225839
0.0447547
0.17985
0.0558602
0.148795
0.0633952
0.110338
0.58581
0.0236088
0.128934
0.0456004
0.70503
0.0296773
0.579629
0.0270525
0.294513
0.0705014
0.0299474
0.0463578
0.013788
0.0112113
0.086473
0.0644104
0.0137971
0.00382121
0.0237736
0.00304466
0.0371244
0.0142415
0.0321308
0.0139229
0.0129563
0.00275379
0.009007
0.00228126
0.0118471
0.0222695
0.00384278
0.00382152
0.068261
0.128018
0.0383058
0.110428
0.103252
0.092405
0.0266491
0.00887979
0.0223137
0.0325358
0.00986482
0.012618
0.0166557
0.00822514
0.0139942
0.557843
0.00594321
0.0134623
0.00526744
0.0900623
0.0181637
0.0305781
0.00488582
0.000978522
0.0119194
0.054418
0.015369
0.0587129
0.029951
0.0037771
0.0395916
0.0472673
0.112085
0.480076
0.0585958
0.00692289
0.0625735
0.0143794
0.00491292
0.422404
0.125037
0.0252035
0.0245642
0.0405925
0.440347
0.0301927
0.00780663
0.0166789
0.00870643
0.011788
0.00365657
0.0728946
0.672367
0.00697143
0.0193136
0.0143505
0.0575176
0.0371301
0.0214704
0.0746327
0.0664621
0.018699
0.00128961
0.00879764
0.0247058
0.0166762
0.00370861
0.0197058
0.0281478
0.00125282
0.00572333
0.0134294
0.000714944
0.0283112
0.0140822
0.0119973
0.0198472
0.0040285
0.0129499
0.0287361
0.0012444
0.00422711
0.0125733
0.0177947
0.0075411
0.000534193
0.0164986
0.0292314
0.0057442
0.00310719
0.0225409
0.00439785
0.0179597
0.00333107
0.0106115
0.00725686
0.0339565
0.000265362
0.00758815
0.0178482
0.00411193
0.0136469
0.0106032
0.0180772
0.00725871
0.0274751
0.0123594
0.00428765
0.0201423
0.00624937
0.0669551
0.0129426
0.00486237
0.00907243
0.0270177
0.00764915
0.0400499
0.0172675
0.0120801
0.0141607
0.0153461
0.0022005
0.0088386
0.00538522
0.0192307
0.0016294
0.00158364
0.00636438
0.0158314
0.0404149
0.0196758
0.0126311
0.0112705
0.00120645
0.00432834
0.00239139
0.00085474
0.015594
0.00350208
0.0203249
0.00434824
0.00296593
0.0199865
0.00578565
0.0311592
0.018433
0.0270468
0.00193077
0.00268535
0.00157559
0.00881057
0.0042787
0.00518667
0.0207913
0.00753092
0.0078469
0.0279438
0.0119871
0.0113986
0.0170237
0.0231481
0.00660256
0.0121351
0.00359343
0.0037282
0.018879
0.024236
0.0110664
0.00773987
0.0279199
0.0237904
0.0127431
0.0114381
0.0377762
0.000637629
0.00199376
0.0337818
0.000786841
0.0114687
0.322665
0.00909746
0.00394771
0.0447403
0.00437609
0.0214657
0.00183657
0.0149991
0.0177146
0.0240426
0.0157383
0.0150979
0.0633465
0.0732467
0.0106798
0.118433
0.0108142
0.00265711
0.722401
0.00894754
0.00210133
0.575405
0.0250546
0.0221998
0.0160351
0.62869
0.0107425
0.030536
0.253522
0.123058
0.0178728
0.0120367
0.013733
0.0138162
0.00891535
0.682628
0.0137795
0.452154
0.00152883
0.00578384
0.720435
0.0259517
0.0170631
0.0161081
0.0379674
0.0381177
0.708799
0.00179879
0.699162
0.0051126
0.0212473
0.00209732
0.00179421
0.0342521
0.0210999
0.0212292
0.021868
0.0628598
0.0424065
0.0369365
0.00753774
0.0335859
0.00468188
0.00944701
0.0594865
0.026475
0.0230157
0.0176757
0.108089
0.00383796
0.0569418
0.0333823
0.0198874
0.0109659
0.0173314
0.00224962
0.0261175
0.0150702
0.011012
0.00355745
0.00294285
0.00378251
0.103691
0.0062797
0.0108997
0.00620474
0.0250289
0.0154912
0.016025
0.0192156
0.00304432
0.679575
0.0336293
0.0185531
0.011691
0.0248817
0.0123235
0.00402996
0.00805916
0.0211766
0.0270683
0.00643884
0.0408416
0.630572
0.00663391
0.00510275
0.0305249
0.0276669
0.0109412
0.0284743
0.0171732
0.0194536
0.0376944
0.0683138
0.185023
0.0166186
0.00461671
0.00405722
0.021769
0.0180834
0.0132866
0.0159882
0.00713137
0.00940351
0.0132841
0.00524858
0.0306251
0.015975
0.0129903
0.0198288
0.0137347
0.0171861
0.00788257
0.0378336
0.00736979
0.00212545
0.00483565
0.00643955
0.0172158
0.00454721
0.0211281
0.0323508
0.00316673
0.0681827
0.0700657
0.0113523
0.0121734
0.00669069
0.0364749
0.00746286
0.00597353
0.0389225
0.0206646
0.00309653
0.00503307
0.722781
0.0128871
0.0105682
0.00612916
0.0104425
0.011982
0.010205
0.00189385
0.0185509
0.722436
0.0128283
0.740849
0.00740615
0.00529431
0.0222616
0.0108322
0.0594213
0.0116526
0.0118088
0.0104663
0.0239558
0.00100647
0.00297014
0.0186441
0.0117622
0.0109368
0.00155192
0.00477416
0.0103639
0.00868029
0.0244095
0.012188
0.0166397
0.00372658
0.00370065
0.0133631
0.00321649
0.0279211
0.0069968
0.014718
0.0214898
0.000832025
0.0132445
0.0493447
0.100322
0.0727912
0.00480162
0.72653
0.0501092
0.0751889
0.00276088
0.0271995
0.0385362
0.040488
0.0357692
0.00139194
0.00369826
0.00749982
0.0145412
0.0253538
0.00419117
0.00840259
0.0181327
0.00479008
0.0105631
0.0114865
0.000901964
0.591014
0.0104757
0.161654
0.0209668
0.00886206
0.00299313
0.00410679
0.0280107
0.0223157
0.014219
0.0100612
0.000787628
0.00910683
0.0101824
0.000748836
0.0206629
0.0129825
0.00756778
0.0202054
0.0495947
0.0990359
0.0179186
0.0229448
0.00137743
0.00220369
0.0313678
0.00809922
0.0332345
0.0234249
0.00339453
0.00894766
0.0105918
0.0257485
0.0064898
0.00238443
0.00778557
0.00881225
0.016989
0.0477845
0.0302085
0.0118099
0.00438489
0.0320135
0.00897013
0.0189885
0.0154249
0.0220409
0.000694013
0.00584203
0.0405456
0.00925759
0.022391
0.125522
0.00232938
0.00441854
0.00650874
0.0193445
0.0117239
0.0154586
0.0522463
0.00474214
0.00630518
0.0181095
0.00253436
0.775537
0.000369137
0.0127293
0.0158138
0.0393691
0.0334529
0.0203688
0.0328285
0.0106158
0.0291238
0.0249071
0.00728794
0.110034
0.0198312
0.0260646
0.0503048
0.000987045
0.0308529
0.665738
0.0634029
0.295131
0.0615961
0.54758
0.038006
0.0163622
0.759494
0.0026181
0.131537
0.00223809
0.0203734
0.0125649
0.0168459
0.0385325
0.00898332
0.00937156
0.000745136
0.0251982
0.0121338
0.0742719
0.0205302
0.00284571
0.00215022
0.446099
0.65406
0.00717692
0.753487
0.0232539
0.00827107
0.00720939
0.0145585
0.011881
0.0284458
1.52335
0.0129184
0.009446
0.371294
0.0112065
0.0170346
0.0109823
0.00955088
0.0160559
0.0256361
0.0203525
0.0530703
0.00255046
0.00392396
0.0127752
0.0243481
0.587093
0.377268
0.0118573
0.0103905
0.0049889
0.0271449
0.00901217
0.0107583
0.00288503
0.0420461
0.0369902
0.00694574
0.00480764
0.0263722
0.00761228
0.0102543
0.0139645
0.0068489
3.09345e-05
0.00155776
0.0483833
0.731624
0.0506786
0.0435099
0.0325559
0.00691134
0.00195041
0.00957745
0.0176417
0.298257
0.0173912
0.0513327
0.0148293
0.0244078
0.000864051
0.0144704
0.0147455
0.00194387
0.0168888
0.0231034
0.00429013
0.0333375
0.0209303
0.00417552
0.0253359
0.0198034
0.0310052
0.00534706
0.00293172
0.028464
0.0147545
0.000255228
0.024298
0.0619329
0.0204443
0.00297236
0.00338784
0.0296599
0.00503176
0.0129947
0.0325184
0.0137226
0.00105533
0.0109505
0.026491
0.000765329
0.00460869
0.0978605
0.00649061
0.00717948
0.0165371
0.0216053
0.0154709
0.0302873
0.00842729
0.0296794
0.00917556
0.0239058
0.510439
0.0086553
0.0535462
0.0107906
0.034282
0.0160788
0.0991392
0.00308836
0.0143152
0.0657776
0.000545778
0.0538069
0.0468103
0.0252461
0.0109281
0.00756727
0.00860919
0.00086105
0.0193112
0.00209623
0.0461938
0.036798
0.0824865
0.00107082
0.0115732
0.0096464
0.0438902
0.748535
0.0263749
0.00657554
0.0340394
0.00734289
0.00167317
8.41225e-05
0.0161249
0.00685676
0.0158405
0.0127591
0.0393943
0.0241963
0.0131116
0.0235879
0.0254015
0.00497717
0.0352911
0.00790468
0.727191
0.0215266
0.0116935
0.0144221
0.0258727
0.0169818
0.00259289
0.00646573
0.0263727
0.0139314
0.0145312
0.0350349
0.0199448
0.00216092
0.0034643
0.00885791
0.0127094
0.00354097
0.0141891
0.0253394
0.0181083
0.0157234
0.00373645
0.0230037
0.0109512
0.0180204
0.000218099
0.0458394
0.00907125
0.00092422
0.014668
0.00137915
0.00486234
0.0173795
0.0229438
0.00328593
0.0175163
0.0266889
0.00229849
0.0117421
0.00198445
0.00378678
0.0139274
0.0118604
0.023063
0.0235966
0.0282338
0.0808674
0.0369415
0.00733697
0.700434
0.021954
0.00823088
0.0760673
0.014656
0.0589399
0.0779597
0.0359854
0.00730078
0.012367
0.00738925
0.0105684
0.15014
0.0089671
0.00503207
0.00316445
0.00920339
0.0146442
0.0151816
0.00717765
0.00704856
0.0146142
0.00567439
0.00754983
0.00609731
0.0150592
0.0338765
0.0142605
0.00931194
0.0162141
0.0155776
0.00306975
0.0184048
0.0157963
0.00224906
0.00585507
0.00112325
0.00774681
0.0108668
0.0259712
0.0225767
0.120574
0.00244336
0.456897
0.473899
0.0409621
0.00219751
0.0899847
0.04909
0.00762125
0.260791
0.0118211
0.77676
0.385164
0.403532
0.0126173
0.0182157
0.00772114
0.0140755
0.0374999
0.0112624
0.031123
0.0273685
0.00460101
0.00346654
0.687515
0.0411328
0.0854451
0.00375
0.217829
0.0240275
0.0100802
0.0466659
0.00469907
0.0336768
0.0189728
0.0241615
0.0367241
0.0272169
0.00650041
0.00164119
0.00843299
0.0239554
0.00934431
0.000760957
0.00399056
0.0239087
0.0106367
0.0144403
0.0208617
0.00601184
0.0616069
0.233397
0.0076638
0.015866
0.00691553
0.0125927
0.00337313
0.0208378
0.0143116
0.00559181
0.0164389
0.0198796
0.00610201
0.00954564
0.00360354
0.00342074
0.0106537
0.581594
0.00793991
0.0159649
0.00432736
0.0180211
0.020749
0.0276355
0.0410045
0.0103139
0.040828
0.00865532
0.0198439
0.644941
0.0274256
0.00800106
0.0236427
0.0257637
0.00391242
0.0302685
0.00627891
0.0277719
0.0176429
0.0130198
0.0381132
0.00779706
0.00463488
0.0213567
0.00618347
0.00317645
0.00512768
0.0147459
0.0122216
0.0144801
0.017466
0.017109
0.0181327
0.0268412
0.0221348
0.0182769
0.000543781
0.000784043
0.00205914
0.752344
0.0163697
0.00282243
0.0306181
0.00145901
0.0077692
0.008491
0.0141394
0.00503832
0.0014037
0.0111984
0.0173907
0.00419389
0.0195358
0.018002
0.00348005
0.00725344
0.00776551
0.00680321
0.0185207
0.008877
0.0263338
0.00104123
0.0239403
8.44437e-05
0.0401043
0.0182997
0.0127128
0.00397408
0.00917098
0.0216107
0.00376254
0.00708443
2.61104e-05
0.0232507
0.0116278
0.00233032
0.0141794
0.0248906
0.0828652
0.0269389
0.00226593
0.0368026
0.0469113
0.0484971
0.00290861
0.00282867
0.00239226
0.00513204
0.0107341
0.00275788
0.00855513
0.00110722
4.94418e-05
0.0100149
0.013661
0.0581114
0.038493
0.0532928
0.0992685
0.00740909
0.00732812
0.511306
0.0195305
0.00786197
0.00656718
0.00665682
0.0147436
0.00211861
0.00594216
0.00070183
0.0093917
0.00620338
0.0070961
0.0376503
0.000669775
0.0330877
0.00772675
0.032053
0.00173873
0.0215769
0.0379531
0.0149538
0.340841
0.00399894
0.00457272
0.00299408
0.0125611
0.00958656
0.00918946
0.00832016
0.0046304
0.0261047
0.0221568
0.00361684
0.0165324
0.00261547
0.0532118
0.0373408
0.0146505
0.0120923
0.0747194
0.0024773
0.0102979
0.0232138
0.017968
0.426821
0.0217941
0.0362985
0.02238
0.00971535
0.00455828
0.00708819
0.0395774
0.017963
0.00290078
0.0154147
0.0207759
0.0273155
0.0106813
0.00245448
0.0105131
0.628491
0.00815556
0.0149048
0.591873
0.338455
0.0118327
0.00961068
0.00105392
0.0113753
0.038557
0.0477963
0.567272
0.00356115
0.0257309
0.0123027
0.0175621
0.0709838
0.0453386
0.0035103
0.0125239
0.0242791
0.00886786
0.0195304
0.00582789
0.00312381
0.00549909
0.0205495
0.0179782
0.0107734
0.062108
0.00390482
0.0038444
0.018276
0.00668165
0.0349202
0.648183
0.00769469
0.00784377
0.00113769
0.0294926
0.000540179
0.010223
0.0441587
0.00722443
0.0315586
0.0173047
0.0104613
0.00412437
0.00823798
0.00214142
0.0096663
0.0199363
0.00979864
0.00313692
0.0218086
0.0101617
0.00824372
0.0154912
0.0217028
0.0213067
0.000300371
0.0184739
0.0167314
0.0267469
0.576209
0.0579392
0.0175028
0.0337494
0.0511945
0.0111145
0.0172346
0.0115947
0.00219366
0.0242033
0.024845
0.0127784
0.211325
0.0177879
0.0316032
0.011926
0.0222425
0.0362882
0.0107999
0.0122265
0.0212004
0.0133032
0.0187229
0.00941875
0.0110371
0.00901219
0.0102708
0.0326948
0.00790008
0.014506
0.00552473
0.0474275
0.0321983
0.0183339
0.066961
0.00846447
0.0559932
0.0353266
0.0276434
0.0205849
0.0573572
0.0250777
0.0175114
0.0458225
0.00252934
0.0191582
0.0418398
0.00611386
0.0125765
0.00765578
0.00490616
0.0244658
0.00478209
0.0856572
0.000368647
0.00634796
0.00984305
0.000386611
0.0156465
0.0203287
0.00624977
0.0325689
0.0839678
0.0172838
0.0219114
0.0131435
0.000231055
0.00489666
0.0529544
0.695414
0.0195421
0.0210972
0.0269969
0.0445242
0.0192793
0.00408912
0.00362095
0.000148883
0.0048632
0.00470974
0.0045893
0.0774142
0.0140065
0.0158838
0.00638907
0.00594203
0.0518774
0.0373767
0.00883333
0.017511
0.0102021
0.0183301
0.0039912
0.00990842
0.00163118
0.0148994
0.0261204
0.0135143
0.00567451
0.00273837
0.0242937
0.0242083
0.0199013
0.00921919
0.00346656
0.0096364
0.0112865
0.0151289
0.00211038
0.0323349
0.0225913
0.00310149
0.664268
0.00942106
0.0367219
0.00264984
0.0146516
0.0151901
0.0180626
0.0166916
0.0052756
0.000589256
0.0030948
0.00521182
0.00676147
0.0071847
0.00629506
0.019051
0.00944019
0.0345589
0.0116188
0.0343052
0.00177339
0.00915206
0.0173985
0.0653986
0.00107789
0.056927
0.0484559
0.021171
0.041491
0.0345903
0.00192288
0.0416802
0.0203039
0.0316157
0.0193912
0.0125817
0.0210769
0.0725281
0.0366115
0.0142038
0.0168269
0.0216397
0.0454449
0.0383936
0.0322096
0.028893
0.00233541
0.0611426
0.00936271
0.00895088
0.0049092
0.0608149
0.0332186
0.0427716
0.0454379
0.0681555
0.00763825
0.026155
0.00110697
0.000116281
0.0108839
0.0103397
0.0297793
0.0336843
0.390307
0.0137017
0.0121438
0.00187996
0.0466478
0.0263322
0.0265983
0.0368003
0.00494112
0.00348638
0.0236979
0.010803
0.0169954
0.0541586
0.0345382
0.00920958
0.077657
0.0476441
0.022082
0.0434888
0.00186259
0.051043
0.0341644
0.0469882
0.0116668
0.0223036
0.0073298
0.0198021
0.0211751
0.0132544
0.0236904
0.00566236
0.00221865
0.0321273
0.0238671
0.00327312
0.0730289
0.0533169
0.0253577
0.0213932
0.0471157
0.00728345
0.0214704
0.0180168
0.679072
0.000355355
0.0163849
0.00667678
0.613635
0.0176074
0.00606197
0.0186191
0.0146778
0.00489435
0.00173296
0.00230281
0.014724
0.0653975
0.00150405
0.0321697
0.0216724
0.123623
0.00443614
0.00768328
0.0107179
0.000590235
0.0106075
0.130968
0.207534
0.0182403
0.0393717
0.0179697
0.00997973
0.000968815
0.00356437
0.00697015
0.431946
0.00931985
0.00838099
0.00503177
0.0242077
0.0158373
0.000420302
0.0811021
0.00692713
0.0139741
0.00239791
0.0513525
0.000509293
0.00236242
0.00887925
0.485578
0.0167764
0.0165937
0.00104186
0.0548999
0.742031
0.0117212
0.00536804
0.0157504
0.00144439
0.000741777
0.0116397
0.0436575
0.0191707
0.023875
0.00869541
0.00162418
0.0139984
0.0502818
0.0212497
0.0203907
0.000764961
0.00379977
0.0123662
0.00460922
0.000707414
0.0387456
0.0459305
0.0537809
0.597782
0.477877
0.847749
0.0189504
0.551073
0.0250832
0.0422282
0.125133
0.0168099
0.018813
0.312172
0.0404055
0.476833
0.0390951
0.0602264
0.011
0.0105673
0.462218
0.000724204
0.679996
0.0105756
0.0401567
0.0168435
0.0166259
0.688671
0.0184948
0.00114118
0.00140435
0.0158359
0.0211951
0.0293262
0.0152576
0.00937457
0.00571044
0.0660011
0.000589098
0.00822337
0.0118987
0.012218
0.00966347
0.00736951
0.0105398
0.0042689
0.0191417
0.00339197
0.00166639
0.00653094
0.0626613
0.00337335
0.0138712
0.0184962
0.0145055
0.00731639
0.0276446
0.0361554
0.0274612
0.00280864
0.0498368
0.0227243
0.00244712
0.0202286
0.000633119
0.00289782
0.00870837
0.00263533
0.021348
0.0374797
0.0688494
0.0179256
0.0117874
0.0347732
0.000477558
0.0152865
0.0118819
0.00645158
0.0416434
0.00691582
0.0285098
0.0144663
0.00924245
0.014349
0.807904
0.0178831
0.00238566
0.00546182
0.0180089
0.00158103
0.00405664
0.00409024
0.0196142
0.0214549
0.012645
0.0425246
0.0238909
0.00404351
0.0224755
0.0303416
0.0140956
0.0248296
0.00515425
0.00857715
0.00770443
0.0395087
0.00119493
0.0558125
0.027377
0.0465504
1.14607
0.0160368
0.6986
0.0172228
0.00824371
0.00617266
0.00918912
0.0187057
0.578527
0.0172666
0.0379211
0.0131077
0.0306407
0.0174277
0.0145632
0.0106083
0.008205
0.0122595
0.0291187
0.00985981
0.0120967
0.00222766
0.00562942
0.0201994
0.00434047
0.0255817
0.0192779
0.0168234
0.00157519
0.0603566
0.00178269
0.044385
0.00235019
0.00740778
0.0145096
0.00458235
0.433292
0.0661455
0.00115401
0.0203227
0.00247926
0.0311849
0.0369098
0.0658688
0.0819891
0.00982031
0.0125158
0.138559
0.241004
0.0219731
0.0122569
0.0279272
0.00220424
0.00428129
0.0329463
0.0206891
0.00831945
0.000786324
0.0140355
0.0198426
0.593531
0.00832891
0.0157907
0.0466362
0.00408821
0.0215899
0.0258496
0.00181167
0.749373
0.0628221
0.619138
0.00449623
0.00318232
0.0430296
0.0100047
0.778229
0.0309198
0.00545308
0.0040347
0.0389159
0.0283759
0.00910062
0.0440065
0.00201598
0.00109599
0.0227074
0.00127941
0.0116585
0.0150409
0.0185214
4.35575e-05
0.109644
0.0220557
0.00653021
0.0234888
0.0270731
0.00897447
0.0132087
0.0291149
0.0231498
0.0690259
0.0248777
0.0617862
0.0112233
0.0100436
0.00403225
0.0239739
0.0103576
0.0120738
0.0279561
0.0177621
0.621355
0.00497011
0.0147443
0.0073571
0.0385972
0.655051
0.00092893
0.0254235
0.0430638
0.499165
0.00224699
0.0100264
0.0182525
0.0721794
0.0544247
0.0115172
0.0405013
0.0283161
0.00615257
0.0244672
0.00146381
0.000667452
0.0108066
0.00486793
0.01762
0.0201387
0.364983
0.000188743
0.033612
0.0173425
0.420587
0.0040415
0.0327872
0.0147739
0.0077902
0.00127354
0.00307444
0.588235
0.25434
0.755619
0.0076957
0.0509418
0.516764
0.00849757
0.00796623
0.775846
0.0568457
0.00736399
0.00260209
0.0201581
0.00509477
0.659122
0.00723744
0.0110588
0.00814372
0.101018
0.00401744
0.0129847
0.00141215
0.00894185
0.0535655
0.310633
0.340632
0.0346143
0.0273159
0.0694447
0.00597173
0.00655753
0.0258999
0.0138603
0.0105099
0.00991298
0.00314869
0.0144916
0.0382233
0.0322849
0.0135173
0.0410151
0.0271888
0.00359391
0.00258438
0.0203093
0.0532071
0.00891338
0.0564243
0.0298552
0.0237865
0.634979
0.0631885
0.0756123
0.0776654
0.0153544
0.000540116
0.000712535
0.00728025
0.692616
0.0161856
0.00510315
0.00574875
0.00471617
0.0127338
0.0234208
0.0313253
0.00743071
0.0420194
0.459106
0.0174627
0.0055195
0.724602
0.035367
0.0122726
0.0248835
0.0256893
0.0189257
0.0172128
0.0079555
0.0126035
0.0167802
0.00068079
0.041981
0.00266431
0.0106358
0.00533586
0.00756844
0.0252765
0.00792087
0.0490534
0.0500644
0.031348
0.0260445
0.0572685
0.0304906
0.0418767
0.0102422
0.0364695
0.0156038
0.000756912
0.0123967
0.0555546
0.368612
0.0412051
0.00969108
0.0217147
0.320917
0.0347472
0.0102518
0.00463338
0.362474
0.0158661
0.0268746
0.0198048
0.568082
0.00365559
0.00888688
0.00740629
0.00453589
0.0432327
0.00582939
0.0112133
0.0109156
0.000978131
0.0226025
0.000522273
0.0318022
0.00790098
0.0184535
0.0284411
0.00933422
0.0202913
0.00787313
0.653384
0.531114
0.0177431
0.00385057
0.00223401
0.0251161
0.00337798
0.00482498
0.0101153
0.0160757
0.00643694
0.00397527
0.037871
0.00968913
0.0161762
0.0205936
0.0140516
0.0152995
0.0213565
0.0198243
0.0291954
0.0274601
0.0297969
0.0329424
0.0385824
0.0644019
0.0820022
0.040529
0.0585263
0.038348
0.0121326
0.0495641
0.0468631
0.00574818
0.0273661
0.0049915
0.0121446
0.0511992
0.643197
0.0338721
0.00790342
0.0175253
0.00882856
0.498364
0.0113059
0.0153102
0.015262
0.155922
0.774407
0.0307622
0.0370852
0.0347513
0.00608652
0.000126372
0.0251214
0.0201736
0.00258921
0.0173728
0.0188939
0.0228195
0.00203518
0.00358764
0.0148131
0.0158551
0.0119268
0.00295401
0.000696723
0.00340372
0.0148356
0.000798114
0.021585
0.00739054
0.000203509
0.0279548
0.00671112
0.0257383
0.0145284
0.0180467
0.00868974
0.00974354
0.00917286
0.00448059
0.0153593
0.0314177
0.00866557
0.722199
0.0166018
0.0195751
0.0117219
0.0206909
0.0126982
0.0365554
0.00507935
0.0134439
0.754693
0.0128316
0.00241899
0.0308369
0.035935
0.0114532
0.014608
0.0490305
0.816573
0.01119
0.0200636
0.0185123
0.0227897
0.0116985
0.00538902
0.0112129
0.0443832
0.0629859
0.0190721
0.000441663
0.014088
0.108066
0.0222263
0.0158637
0.0321016
0.034001
0.0186287
0.0381243
0.0683869
0.0093477
0.0702111
0.0594769
0.0312359
0.0234179
0.135663
0.0129372
0.00976928
0.00506789
0.00251717
0.0469532
0.011836
0.00187628
0.0346626
0.0384087
0.012433
0.00804688
0.0130175
0.0178508
0.0140212
0.0347688
0.0194454
0.0115005
0.0194634
0.0538174
0.0276928
0.00152201
0.0188663
0.0023915
0.0199176
0.0243256
0.0292867
0.0362578
0.102965
0.578853
0.00446896
0.494136
0.0205219
0.0485398
0.683738
0.0232716
0.0284106
0.0120365
0.0325882
0.0526054
4.04969e-05
0.0080598
0.000116193
0.0128546
0.0086303
0.00400243
0.0682964
0.545132
0.0413653
0.0261869
0.00642444
0.0325769
0.0139169
0.0355789
0.00147066
0.00692456
0.0293483
0.00318858
0.0316386
0.00851924
0.0142667
0.0023869
0.000324753
0.0202112
0.00702707
0.0140874
0.00545811
0.192446
0.0140393
0.00622033
0.042556
0.0530693
0.0281993
0.016829
0.018326
0.0705478
0.0740403
0.306982
0.573623
0.0425081
0.102718
0.00465654
0.0039555
0.0136042
0.0201258
0.0608492
0.0563103
0.000927079
0.0146772
0.0157946
0.106564
0.0245235
0.0137714
0.760205
0.0147809
0.0240367
0.0513562
0.0385024
0.0198632
0.011082
0.02033
0.0323276
0.0453515
0.01065
0.0247926
2.59497e-05
0.00127255
0.00276476
0.00662658
0.014296
0.0570542
0.709706
0.00871644
0.0108552
0.0163675
0.00266383
0.00108609
0.00973655
0.0341911
0.00814858
0.185666
0.0175485
0.0130664
0.055459
0.0182048
0.764374
0.00299826
0.0323376
0.0211268
0.0114893
0.00706744
0.0418972
0.764314
0.736664
0.6513
0.00185954
0.403805
0.042359
0.0190006
0.0542482
0.0458706
0.102077
0.0192041
0.0176206
0.00288274
0.53243
0.0352144
0.0568004
0.000249227
0.00133815
0.0209451
0.0223253
0.00949089
0.00792778
0.026248
0.771807
0.0103474
0.524261
0.0152891
0.0188597
0.0151512
0.0110156
0.0124574
0.0278132
0.0122375
0.0449624
0.00902034
0.0524267
0.0551123
0.0123975
0.00869833
0.010188
0.0272677
0.0236109
0.00530418
0.048888
0.0139928
0.614355
0.0258357
0.00756114
0.0456133
0.0110778
0.0250438
0.0214284
0.00284535
0.00466714
0.00232812
0.00896735
0.0297075
0.031638
0.0578915
0.0562042
0.455453
0.0757815
0.0194185
0.0181131
0.00527869
0.00463138
0.0647077
0.0353779
0.668691
0.0562596
0.130207
0.00620755
0.0392087
0.718055
0.0469647
0.0224602
0.0178445
0.036045
0.496422
0.00816842
0.0381123
0.00629119
0.764446
0.00998097
0.087844
0.620477
0.024895
0.0114108
0.0237985
0.620305
0.0462574
0.0129383
0.00428877
0.022777
0.0171486
0.00767117
0.138887
0.110153
0.00922815
0.0125255
0.00990676
0.00017269
0.013443
0.0382756
0.00690599
0.000806214
0.00928243
0.0329229
0.00710167
0.046672
0.174296
0.0168371
0.0102528
0.0493887
0.0183277
0.00168015
0.014824
0.0075443
0.0749848
0.0125166
0.0167706
0.00927422
0.0554734
0.00821071
0.00407402
0.00121067
0.00398904
0.0341343
0.0137653
0.0127236
0.0438891
0.0415814
0.00372543
0.0431631
0.0202097
0.0152168
0.0197189
0.118315
0.0838909
0.0137206
0.000947463
0.0211331
0.723408
0.0176037
0.0209277
0.0594641
0.106938
0.0669066
0.0305803
0.0577851
0.0425849
0.0825239
0.0340723
0.0226296
0.00843138
0.0342045
0.00502366
0.0540597
0.0906833
0.391035
0.012663
0.0302009
0.0212322
0.0212588
0.00630037
0.0408712
0.0302348
0.00492172
0.0116199
0.00270267
0.00261092
0.502787
0.00809091
0.755087
0.00498486
0.00970519
0.00856392
0.0257701
0.0302409
0.0243044
0.0377006
0.79648
0.0108543
0.0191718
0.0101012
0.0377551
0.0355353
0.0149951
0.0327045
0.038134
0.0623351
0.0329459
0.0609934
0.602141
0.0862159
0.0903168
0.313234
0.00717208
0.0155539
0.00848227
0.0199118
0.11072
0.0214766
0.00587984
0.59578
0.0304487
0.0950798
0.0718845
0.572036
0.0198706
0.0989536
0.581563
0.0166074
0.066333
0.217945
0.256276
0.0545428
0.0452796
0.0507274
0.00195165
0.018614
0.0251928
0.018527
0.0461374
0.0386929
0.00400999
0.0127512
0.0314537
0.738366
0.083465
0.014347
1.09688
0.0531831
0.0694655
0.0283504
0.0044972
0.0119059
0.442646
0.0147143
0.0424958
0.0211255
0.0393081
0.013085
0.00995253
0.713819
0.0252562
1.8008e-06
0.00168058
0.0409839
0.0150563
0.0054866
0.0357758
0.0306286
0.011283
0.0115376
0.0489969
0.00984145
0.0130011
0.00471175
0.0014331
0.0292977
0.00316274
8.06722e-05
0.0108491
0.0503092
0.000170424
0.033585
0.0312045
0.0583213
0.00133799
0.0191154
0.00716581
0.0103139
0.016913
0.0111595
0.00702263
0.00454285
0.0226106
0.017579
0.0108671
0.00279352
0.00159409
0.00188919
0.00374559
0.00178607
0.016068
0.00483568
0.00278961
0.00671337
0.00368265
0.0298581
0.00954997
0.00754246
0.0153304
0.0197005
0.00584578
0.0062786
0.0166651
3.03417
0.0224298
0.00272759
0.00490229
0.0100899
0.0146519
0.0088893
0.00717817
0.0108035
0.000441328
0.769247
0.0519194
0.0527461
0.0114627
0.013869
0.0111507
0.00891077
0.028679
0.654766
0.00343014
0.00686538
0.0172571
0.030758
0.0116738
0.00290657
0.0458891
0.0269363
0.00767449
0.00700808
0.00250478
0.0323343
0.0050035
0.0208147
0.0123413
0.00726024
0.000110706
0.0297629
0.0305494
0.00468042
0.0151583
0.00605204
0.00850587
0.0182298
0.0118713
0.00543638
0.0301643
0.026149
0.0233482
0.000225994
0.000217959
0.019793
0.0111614
0.0232074
0.00327308
0.00763275
0.0432818
0.725827
0.0156262
0.0110172
0.00670854
0.00537317
0.0078874
0.00886461
0.0111069
0.145925
0.000502324
0.00669038
0.0501916
0.00933231
0.0189756
0.0213592
0.032473
0.0144035
0.0117261
0.00284151
0.0016827
0.0112029
0.0586529
0.0331342
0.0817625
0.0166804
0.0540786
0.0154445
0.0190591
0.0140622
0.0020422
0.00140381
0.578165
0.10652
0.0416273
0.10284
0.0654564
0.0288637
0.012632
0.00356626
0.560237
0.0193984
0.01434
0.00115558
0.764142
0.013548
0.00619161
0.0209214
0.0206949
0.0192116
0.0475312
0.0206736
0.00501431
0.0151877
0.0132492
0.00606397
0.779923
0.00627109
0.074413
0.00196211
0.112432
0.0579083
0.00758308
0.00989855
0.0194088
0.0159884
0.0280946
0.024447
0.29363
0.586265
0.0580755
0.0251757
0.00107896
0.0126768
0.0185907
0.00151582
0.00364084
0.0149688
0.0194182
0.434811
0.0213742
0.783769
0.0139639
0.286755
0.0386528
0.00733919
0.0115143
0.11984
0.339157
0.329373
0.646402
1.49534
1.43782
0.0469596
0.552265
0.114094
0.76261
0.204738
0.595331
0.017643
0.34921
0.835987
0.106693
0.203383
0.718696
0.45123
0.261777
0.51093
0.330325
0.19305
0.104955
0.364981
0.0615105
0.398704
0.12055
0.120902
0.492662
0.211504
0.0976951
0.0634355
0.0454573
0.0769714
0.0115564
0.0481466
0.0333808
0.00229951
0.0177616
0.0255201
0.00134294
0.0707898
0.0344992
0.000332562
0.0618862
0.0338225
0.783042
0.0158138
0.00468964
0.0277726
0.0341476
0.00846951
0.0551149
0.0485201
0.047338
0.0248386
0.00784791
0.063749
0.00543392
0.0251062
0.0140484
0.0126382
0.0339911
0.0274323
0.0113219
0.0329336
0.0480634
0.00100677
0.0162051
0.00346372
0.00317165
0.00870235
0.0154793
0.0238687
0.0388296
0.0562931
0.0244988
0.0408045
0.474219
0.000381916
0.0389584
0.00150524
0.0159332
0.0251398
0.0113415
0.0053345
0.0121244
0.0189997
0.00521643
0.0591764
0.00637435
0.082857
0.0139236
0.0308864
0.744868
0.0520083
0.0184924
0.0236168
0.0596251
0.612148
0.0192541
0.02373
0.0440533
0.021748
0.019495
0.0365625
0.0378669
0.00178631
0.0294027
0.0044345
0.0166042
0.00749912
0.0146822
0.00727976
0.0125515
0.77027
0.0209854
0.00659287
0.0386384
0.0187336
0.0228406
0.645964
0.00924305
0.00425313
0.00706869
0.0104103
0.0141985
0.0258455
0.0134069
0.0187852
0.631161
0.006705
0.0213131
0.00325802
0.0168071
0.00228227
0.00173411
0.0189622
0.0282787
0.0390364
0.02121
0.00198776
0.00421224
0.0647545
0.042154
0.0208878
0.0594859
0.00425994
0.680751
0.000208915
0.0127566
0.00542932
0.055976
0.0202041
0.0305641
0.595357
0.0045268
0.0876184
0.00111045
0.0269522
0.655984
0.0242996
0.0268997
0.0143279
0.00802414
0.0043723
0.0272538
0.0289284
0.00678902
0.0138881
0.0031788
0.0396919
0.0133377
0.00828162
0.0172323
0.00799945
0.00543053
0.0100278
0.0313561
0.0139091
0.0240191
0.021966
0.0182331
0.0162031
0.0124863
0.685227
0.00227057
0.697298
0.0165445
0.0471413
0.0060766
0.60367
0.0829412
0.00989789
0.0641615
0.0130142
0.0369708
0.511562
0.00121761
0.0251277
0.000377278
0.0491595
0.0073758
0.0226481
0.0306143
0.0651896
0.00248945
0.0665862
0.00788325
0.0235978
0.0616781
0.576859
0.00670412
0.00188724
0.021118
0.70251
0.0384835
0.0505231
0.0311065
0.0496797
0.0015899
0.0162982
0.0671853
0.00598969
0.0746501
0.00608923
0.00668378
0.00238188
0.0208445
0.00062498
0.00506683
0.0130815
0.00386553
0.00950198
0.0188281
0.0157944
0.0261911
0.00916568
0.031395
0.00715769
0.0106195
0.0297213
0.00384242
0.0476418
0.0477416
0.00865926
0.0370307
0.00985164
6.15587e-05
0.029611
0.0174703
0.028362
0.0537517
0.0368965
0.00416517
0.017613
0.0241897
0.0165631
0.03332
0.00383498
0.00971065
0.0790261
0.00448573
0.0166519
0.0270049
0.0189427
0.0637973
0.0090518
0.0100881
0.637912
0.0108126
0.0204636
0.0266424
0.00873575
0.00228396
0.00496194
0.00754498
0.0119474
0.00824925
0.0174763
0.00990391
0.0260345
0.00630551
0.00211833
0.0585972
0.0348564
0.0306894
0.0260821
0.0241748
0.00204303
0.00878548
0.27077
0.0117359
0.0236311
0.0333023
0.0117494
0.0210129
0.00406506
0.0152344
0.0240797
0.0289754
0.00502027
0.0503436
0.034393
0.0164816
0.0451535
0.00807525
0.177401
0.00219509
0.0073272
0.0420785
0.0118019
0.00787285
0.000582796
0.0339015
0.67218
0.00997566
0.0140313
0.0307368
0.0123309
0.00298134
0.0264536
0.613176
0.0151235
0.0203699
0.052319
0.00867486
0.0169941
0.012922
0.00779226
0.00098094
0.0167834
0.048897
0.0652258
0.0168588
0.0487434
0.00032629
0.0234103
0.0982628
0.0781612
0.675217
0.0205074
0.00874817
0.117964
0.0705591
0.0683851
0.000525397
0.0264175
0.00198769
0.00254947
0.367394
0.0064113
0.0182971
0.000442208
0.0109442
0.00385932
0.0235017
0.00751616
0.00414453
0.0331564
0.00471746
0.0315879
0.0132813
0.00546326
0.00794721
0.0410622
0.0212822
0.0342535
0.0337626
0.00180882
0.0312538
0.753389
0.00461307
0.0185987
0.0284961
0.0689169
0.0181308
0.0377938
0.0430445
0.00377066
0.0478597
0.0041808
0.00743132
0.0146213
0.0467222
0.711282
0.0161845
0.0123281
0.0424776
0.000741307
0.00543468
0.0177513
0.0238534
0.0298207
0.00603847
0.0287371
0.107096
0.0135858
0.099193
0.00361565
0.0623326
0.530205
0.0326807
0.0180454
0.0588134
0.027461
0.0147207
0.0474249
0.049354
0.776776
0.0426092
0.00201216
0.0234657
0.00165688
0.0445193
0.0223022
0.0044744
0.0222275
0.565841
0.00123735
0.0924592
0.00081959
0.0258585
0.199827
0.0172087
0.0143352
0.0190004
0.0217126
0.0186669
0.0213475
0.0157393
0.015969
0.0446201
0.00724687
0.0656766
0.0249166
0.0327366
0.00244381
0.00703076
0.0211135
0.00478847
0.00585954
0.0180469
0.0307853
0.010648
0.490115
0.00562077
0.0410123
0.00389421
0.00752081
0.0112683
0.107108
0.000254105
0.00744648
0.0518189
0.00391347
0.000785216
0.0357254
0.00644393
0.0242918
0.0079882
0.0853685
0.0246636
0.0497187
0.0634442
0.0123254
0.0152049
0.0118749
0.00104826
0.0955726
0.552289
0.581374
0.17659
0.00344937
0.0479152
0.0159501
0.0408035
0.00142247
0.01492
0.00298524
0.00314722
0.0482439
0.0011092
0.0729139
0.0279214
0.6449
0.00301671
0.0117829
0.000467866
0.00719623
0.0237916
0.0012148
0.0138325
0.00640917
0.0386653
0.145464
0.00777067
0.0289849
0.698688
0.010234
0.015633
0.507854
0.0116147
0.0158595
0.0107193
0.0109161
0.0026725
0.002377
0.00266774
0.0376808
0.000888395
0.00795385
0.00251672
0.00461708
0.0594541
0.00872823
0.0152323
0.0235552
0.00260732
0.00166398
0.0223591
0.00745541
0.011501
0.0184365
0.0151783
0.0111108
0.0164353
0.000139857
0.0310655
0.00858874
0.0281845
0.028821
0.48231
0.00484696
0.0337745
0.0257584
0.0102547
0.0205707
0.0265962
0.0124121
0.0340808
0.0101478
0.368622
0.0104506
0.0010294
0.0153239
0.00276555
9.84831e-05
0.0281861
0.00564773
0.0112032
0.026854
0.00131797
0.548186
0.00978423
0.000461126
0.00311944
0.00863223
0.00829557
0.0103488
0.0476396
0.0144517
0.0130857
0.0181148
0.0481495
0.117931
0.0138003
0.0293844
0.00602746
0.0167621
0.00316551
0.0262114
0.0208659
0.0204013
0.0232761
0.000839855
7.83272e-05
0.00993517
0.00414481
0.00871841
0.00511988
0.0245921
0.00294853
0.0143797
0.00132194
0.0349899
0.0168167
0.00271737
0.0469884
0.00142509
0.0141846
0.035667
0.0160796
0.00548848
0.270791
0.000999484
0.00604412
0.0225199
0.013518
0.00866572
0.73571
0.565279
0.0523695
0.00478351
0.0758496
0.0371694
0.00335748
0.0157861
0.579712
0.0254562
0.119853
0.00338144
0.0147365
0.0734003
0.0482016
0.259716
0.0908241
0.0326354
0.382837
0.0186933
0.00656215
0.018421
0.0277788
0.0690735
0.0375505
0.0235213
0.012744
0.00601109
0.0443995
0.0335722
0.0258362
0.0134963
0.0099974
0.0079541
0.0463444
0.0217658
0.00783327
0.00988424
0.0122383
0.0466109
0.208668
0.0575036
0.00644135
0.00619151
0.0313873
0.0178623
0.0313119
0.0131217
0.0193427
0.00225507
0.0374417
0.0369143
0.00122858
0.685776
0.00138208
0.00052058
0.0422532
0.00896439
0.00464556
0.00819888
0.00580297
0.00790495
0.00820865
0.0371465
0.0212777
0.040221
0.051473
0.00210954
0.090312
0.000191327
0.0449617
0.00515454
0.00215208
0.000788933
0.00741747
0.0235509
0.0030819
0.00892875
0.0192685
0.0063031
0.0260768
0.0243143
0.0359294
0.0191693
0.0152835
0.0361626
0.00838791
0.00173766
0.00606122
0.0514611
0.0262554
0.00508695
0.016877
0.126296
0.0141651
0.00356437
0.045666
0.0173699
0.0154638
0.018265
0.0627728
0.122416
0.0164603
0.0311907
0.00697703
0.0200973
0.0254751
0.00694531
0.0266208
0.0163949
0.0409937
9.65132e-05
0.00213981
0.559071
0.0380642
0.0324491
0.0517478
0.0110567
0.0368014
0.0496887
0.201018
0.0152587
0.00256849
0.0281176
0.0302399
0.00342266
0.0128213
0.0163738
0.075941
0.0475701
0.010972
0.00716536
0.0120368
0.0247721
0.0602175
0.0154006
0.00692947
0.565913
0.735008
0.00153166
0.0295588
0.0257649
0.0202704
0.0378591
0.366039
0.75135
0.0559781
0.0318952
0.0272579
0.0325537
0.0122168
0.0454288
0.00479076
0.00566607
0.0573022
0.536162
0.0547196
0.105573
0.0567094
0.651883
0.0727265
0.0135549
0.0211718
0.0421878
0.0158691
0.0440697
0.0334268
0.0446728
0.00616515
0.00785834
0.228287
0.0121215
0.020074
0.0063884
0.010823
0.0197796
0.126544
0.0253912
0.0396845
0.0317436
0.0489402
0.0869271
0.693511
0.00479814
0.0277098
0.0832363
0.0359889
0.0163479
0.0411615
0.0517175
0.0035523
0.0347457
0.0131708
0.00239578
0.01086
0.0263742
0.00823183
0.0369703
0.0650762
0.00413829
0.121023
0.692026
0.01046
0.0298687
0.017573
0.00027955
0.00536858
0.0040658
0.801013
0.0308647
0.477446
0.0195614
0.0416933
0.00373267
0.0332399
0.00352791
0.584829
0.0121585
0.0504072
0.0611329
0.0123949
0.0107851
0.017448
0.00526606
0.00695087
0.533113
0.0102192
0.0396107
0.0554571
0.0308638
0.00510931
0.00244647
0.0119967
0.024278
0.0424963
0.0374803
0.0262631
0.0486931
0.564979
0.0164321
0.00270759
0.166097
0.0123328
0.0514659
0.0343767
0.0205624
0.022895
0.0391673
0.0100662
0.0189629
0.027239
0.593438
0.538959
0.0137386
0.033763
0.00370234
0.0338782
0.0330549
0.228562
0.788811
0.0032403
0.174823
0.669619
0.0542102
0.0636196
0.0152985
0.00944773
0.0177592
0.0238237
0.0514642
0.0338428
0.01239
0.0205221
0.527605
0.0290286
0.03142
0.000978164
0.0471965
0.0206362
0.0230826
0.0258543
0.0536196
0.481257
0.00744568
0.447574
0.0225524
0.0291398
0.0352277
0.0317471
0.0385439
0.0262078
0.00961809
0.0638298
0.00978228
0.000326571
0.00339194
0.00341188
0.0398983
0.0322912
0.0223877
0.0133653
0.00998464
0.0275214
0.787154
0.0921147
0.00258333
0.0266855
0.0680741
0.0104486
0.0284204
0.0070722
0.419525
0.019599
0.053225
0.00785157
0.00719203
0.00435387
0.022325
0.00675555
0.0990474
0.00241624
0.0226437
0.0222683
0.0081497
0.00715349
0.0080567
0.00148964
0.0214396
0.00961205
0.00068704
0.0121441
0.0137268
0.00277034
0.000326711
0.00285592
0.00130721
0.00105055
0.603563
0.0434067
0.384627
0.00369553
0.0369772
0.649535
0.0385291
0.0484254
0.00634851
0.0364004
0.710356
0.0162376
0.0136782
0.712971
0.039183
0.0078883
0.00406601
0.0096046
0.0274133
0.0134382
0.021675
0.0355984
0.0701682
0.0206257
0.031586
0.0562529
0.00385948
0.0138148
0.014249
0.0117076
0.00313315
0.0154036
0.111308
0.0107273
0.00541004
0.0113113
0.0545602
0.0435095
0.0323933
0.00679033
0.000556442
0.0133268
0.0123024
0.0205209
0.00695297
0.0278084
0.00429478
0.0122351
0.0258567
0.00941965
0.205043
0.035802
0.0130053
0.018171
0.00995435
0.0145168
0.0378359
0.0032796
0.0034675
0.0186206
0.00516516
0.00441223
0.0088505
0.01698
0.0208851
0.0126072
0.0019507
0.0323962
0.0278905
0.725528
0.0339392
0.00174975
0.0311586
0.00463152
0.0184217
0.0724706
0.0190289
0.00922028
0.0197997
0.00319696
0.0190183
0.0035886
0.00231285
0.0450078
0.075735
0.0101183
0.007981
0.012992
0.0218092
0.000847588
0.0873605
0.0146242
0.00890451
0.015845
0.0116175
0.0188153
0.00964057
0.00184134
0.0137688
0.013072
0.0113446
0.012753
0.0296966
0.0183183
0.0262092
0.0434687
0.0214269
0.0225207
0.00337044
0.00851402
0.0132285
0.000775014
0.0155825
0.00149009
0.0147715
0.00579887
0.0556358
0.0131647
0.083841
0.0119684
0.0085015
0.0268938
0.00682478
0.0296015
0.0476312
0.00324068
0.436821
0.00610103
0.00784989
0.00933395
0.0311683
0.0024358
0.0121095
0.0299822
0.0135866
0.0313367
0.016095
0.00906731
0.00100671
0.0219864
0.00502478
0.0106007
0.0179207
0.0147065
0.0148588
0.0101947
0.00724517
0.00106925
0.0103286
0.00831685
0.00317491
0.0189894
0.0132381
0.000652706
0.00307249
0.00797117
0.00268715
0.0173435
0.0203467
0.00792234
0.00101467
0.0194533
0.0323204
0.0534515
0.0209919
0.00263061
0.0374197
0.0194218
0.00627086
0.0121979
0.0233446
0.0409301
0.0139395
0.0264491
0.0467108
0.0292824
0.0056522
0.00740942
0.00373854
0.0629338
0.0162608
0.00182557
0.0212628
0.0105898
0.0416206
0.0285042
0.0366197
0.0100258
0.00564101
0.00914836
0.0116523
0.0134489
0.000636933
0.0242865
0.0214731
0.0453155
0.00856291
0.0606568
0.00755398
0.35226
0.00810747
0.00942037
0.00148982
