538.997, 14.5301, 2.81338
516.845, 0.80967, -1.37819
505.88, 26.5706, 2.94661
506.044, 22.4372, -1.7575
501.98, -10.1441, -2.88996
499.227, -20.241, -1.25347
505.571, -9.64929, 1.70901
499.802, 19.3964, -0.304991
510.122, 15.4814, 2.88117
540.97, -8.5838, 2.54421
516.345, 15.6181, -1.73356
510.348, 26.888, -0.480512
548.395, -1.22003, -3.10666
535.55, 8.22035, 0.0522651
518.61, 23.381, -1.11417
528.328, 12.5821, -1.80152
506.748, -16.4026, -1.76887
541.66, 10.0933, 3.00069
517.454, 20.192, 0.427959
509.606, -12.6516, -2.86375
532.277, -9.12847, 0.211107
550.649, 8.36271, 0.170607
520.468, 12.5547, -1.97051
517.843, 12.9465, 2.14205
552.484, 6.65431, 2.0063
521.327, 16.9595, 0.661996
546.149, -5.92038, 3.05748
506.844, 19.0329, 2.7487
539.27, 13.527, 0.0479084
501.62, -18.0311, -2.13844
516.409, 11.9398, 1.72678
514.6, -15.691, 2.25159
577.977, -2.18496, 0.761902
528.543, -10.6941, 0.562336
514.976, 18.7871, -0.262606
561.027, 5.12229, -2.71117
510.748, 27.5448, 2.28487
503.899, -2.47663, 0.335859
509.896, 20.2845, -1.4832
508.183, -10.8341, 1.49896
527.963, -5.03356, 0.65856
507.883, 20.0078, 0.931002
509.813, -7.87191, 2.32888
528.748, 19.6827, 0.524143
505.529, -16.6328, -1.80166
545.594, -3.58933, 1.6281
517.869, -4.24881, 2.42692
502.37, 27.3472, 2.54464
535.575, 12.3161, 1.84896
544.458, 11.1484, 0.0394352
541.376, -2.48266, 1.3126
507.934, 29.6393, 2.39947
523.217, -2.23779, 0.646717
560.211, 6.16923, -3.03702
544.282, -7.84318, 1.844
498.159, 13.9614, 0.478068
506.819, -0.751375, 2.39419
504.394, 14.6766, -2.81233
521.259, 22.773, 3.08147
500.599, -8.39885, 0.279768
502.821, -18.2952, 3.07142
505.704, -21.1232, -0.64194
533.866, -18.9829, -1.76871
576.518, -1.44941, -1.68721
576.801, -0.0939946, -2.70082
624.385, 44.4771, 2.56993
611.436, 33.0929, 0.115541
623.349, 47.6365, -2.85137
620.717, 43.5006, -1.14416
622.346, 65.4404, 1.20332
620.799, 52.1956, -2.28148
624.304, 55.2359, 1.70869
613.289, 40.382, 1.58124
624.284, 46.7665, 3.07573
613.677, 35.7785, -2.61683
607.659, 30.3358, -2.28977
654.328, 4.76329, 2.13932
623.809, 38.1984, -0.434669
654.716, -18.9366, 0.446949
631.664, 30.0292, -0.899127
589.33, 6.82079, -0.540545
616.847, 15.3118, -2.01816
623.47, 8.47533, 0.509268
646.514, 3.58426, -1.35712
648.806, -4.43446, -0.350357
578.393, 2.97294, 1.88599
595.166, 66.7691, -1.21445
605.161, 63.3921, 0.800736
585.738, 79.9478, 1.65599
513.486, 7.4078, -0.451884
613.926, 69.9282, 2.24079
595.627, 72.6162, 0.538042
594.698, 62.2889, -0.137099
595.985, 68.3536, 1.30229
646.655, 7.38824, 0.684111
632.743, 34.391, 3.07471
639.15, 34.4201, -0.515111
606.429, 10.0253, 1.511
600.691, 52.0285, -1.49419
611.432, 37.1618, -2.92261
593.402, 45.3946, 2.50716
597.08, 44.5313, -0.192338
605.814, 42.3916, 0.748053
613.522, 56.3852, -1.90305
601.393, 50.5528, -1.20845
604.628, 44.237, 1.63969
589.511, 51.0169, -2.704
586.196, 82.7762, -2.76467
580.206, 72.4776, 1.91684
587.415, 77.8922, 0.675245
576.791, 77.9008, 2.23253
592.861, 62.3776, 0.852517
611.028, 61.7147, -0.277658
599.509, -6.68548, 1.33828
623.415, 15.1324, -0.0362406
572.01, -21.5612, 2.20652
610.348, -60.7359, 1.29714
578.486, 4.32458, 2.23049
561.381, -17.0369, 2.55003
538.841, -51.6626, -2.64082
550.083, -55.6361, -0.10746
535.363, 72.3493, 1.10307
571.668, -30.511, 0.944028
554.056, 68.9094, -2.33262
569.98, 78.4164, -2.78392
571.15, 55.1116, -0.450626
580.326, 28.9284, -1.06909
581.928, 27.0099, 0.445466
576.92, 3.62309, 2.70098
596.754, 67.6527, 3.03629
615.813, 49.5821, -0.46073
599.895, 72.4732, 2.7631
610.116, 70.4229, -2.4301
598.174, 49.9809, 0.387591
646.872, 25.0629, -0.545376
603.935, 70.3171, -0.744218
632.763, 31.3749, 2.38125
597.203, 61.9348, 0.747927
586.059, 26.5339, -2.14578
502.15, -7.0126, 0.227226
520.719, -24.092, 1.15288
520.218, -50.1843, 1.93132
550.964, -60.7966, 0.983222
576.462, 7.72319, -1.36033
534.004, -61.6632, -2.93585
576.013, 8.26224, 2.87566
576.041, 7.97291, 0.274893
636.155, 51.4809, -3.12102
617.711, 37.8441, 0.944206
624.488, 40.1493, -1.35322
602.987, 29.504, 2.85495
617.104, 35.1384, -1.64777
633.962, 33.6445, -2.07036
561.432, 41.5935, -2.35987
529.327, 72.5964, -0.471541
533.494, 62.8906, 1.88293
550.002, 47.0154, -2.5771
545.386, 78.2955, -2.62007
606.298, -42.7101, 2.09508
609.116, -47.2656, 0.35163
629.328, -21.608, 2.48538
637.433, -26.2518, 1.91959
612.274, -14.2758, -0.636033
612.354, -17.0301, 1.79545
621.061, -23.0475, -1.80672
629.233, -47.8226, 1.0784
525.91, 18.7057, -1.89166
576.101, 4.64795, 2.80497
549.281, -3.0476, -0.284
514.007, -13.2848, 1.7627
563.2, 7.13287, 2.49903
520.589, -9.10824, -0.734331
534.465, 12.5673, 0.809761
591.231, -30.54, -2.17193
514.333, 37.5063, -0.559888
554.983, 58.5069, 0.876979
571.08, 29.534, 1.52664
568.45, 18.9989, -2.7799
555.543, 78.2432, -1.2981
557.952, 28.788, -0.384822
555.538, 27.6544, 1.9655
550.389, 39.2733, 2.62129
558.321, 28.7542, -1.65455
563.113, 47.9107, 1.65016
554.999, 59.4401, 0.613744
558.916, 61.2345, 2.94247
572.837, 5.91452, 2.73054
560.867, -60.4581, 0.984449
570.269, -7.24413, 2.72873
567.962, -28.6384, -1.41841
569.143, -54.8273, 1.24067
572.93, 5.92435, -0.784245
573.238, 5.4431, 2.20583
538.234, 45.6808, -2.3589
572.343, 5.63258, -0.217858
572.352, 6.9564, 0.562656
571.976, 5.95763, 0.477359
572.907, 7.05014, -1.7339
538.582, 72.2811, 0.601742
531.435, 68.736, 2.28706
504.796, 28.6094, 3.07966
516.008, 63.0076, 0.923824
635.967, 17.0324, -1.16814
619.395, 10.6942, -2.72029
571.965, 6.25772, -1.95802
572.531, 6.93391, -1.71181
496.178, 26.6759, 1.28099
495.004, 18.1405, 1.70674
500.673, 7.06497, -1.19187
519.605, 5.41046, 1.54793
512.709, 6.95684, -1.17997
502.206, 6.68768, -3.08635
511.95, 3.10906, 2.52525
518.866, 5.72842, -1.20458
528.361, 4.6332, 1.40532
517.54, -9.04582, -2.99243
499.291, -15.9602, -1.76726
525.786, -2.90889, 0.332531
493.984, -12.2719, 1.74657
504.904, -2.94732, 0.954429
501.585, -2.99644, -1.40451
505.437, -4.90644, -0.51183
496.64, -5.42129, -2.80393
573.271, 6.25537, -1.47432
572.443, 6.03027, 0.246652
573.206, 6.25341, 3.00409
573.337, 6.01926, -0.564169
576.066, 4.83381, -2.74865
572.711, 5.89121, 0.408236
572.482, 6.56781, 1.89819
572.497, 5.67358, 2.26563
576.838, 4.57552, -2.52862
572.734, 5.62265, 1.16711
646.184, -18.6197, -0.386494
612.233, 7.05563, -0.145376
622.497, 11.7083, 2.25698
623.589, 19.7967, -2.76578
624.658, 30.7764, -2.16479
626.774, 59.7215, 0.422703
605.95, 45.3367, -2.14883
577.337, 13.9225, -0.88962
641.08, -0.518693, -1.51595
648.708, 29.9791, -1.7338
633.335, 36.922, 2.40564
646.965, 27.9939, -1.30063
647.713, 10.1479, 2.48444
651.443, 18.7171, 0.725408
616.243, 20.887, 2.22596
621.989, 22.7099, -2.34839
630.022, -39.3784, 0.966152
599.791, 11.1367, -0.334709
633.926, 19.48, -2.30459
624.059, -55.1635, -2.04593
589.299, -5.47613, 0.409827
620.741, -53.5257, -1.94014
614.816, -45.2863, 1.97836
586.073, -14.7893, -1.78341
585.739, -44.4831, 3.0606
590.246, -60.8381, -2.20622
613.246, 30.2405, 2.49729
578.594, 3.98597, 1.81432
614.993, 65.8969, -0.303414
622.555, -56.963, 1.1335
576.96, 2.80892, -0.390578
503.616, -21.2257, -0.300401
532.347, -57.8679, -1.12084
577.855, 1.86898, -0.376997
519.115, -50.225, -0.429372
530.897, -45.4728, 2.04326
618.861, -51.0723, 1.99731
521.796, -44.9032, 2.45814
520.232, -31.4065, 2.08707
654.445, -8.30626, -2.21733
603.787, -41.3121, -2.92111
617.159, -60.2839, 1.19143
552.418, -15.44, 3.03634
648.632, 23.8582, 1.30824
620.034, -57.6438, 0.756623
582.131, -2.68155, 2.33334
632.425, -48.4159, 1.94326
639.395, -49.0213, 0.96633
614.584, -37.1648, 2.22361
623.901, -37.5256, -0.764391
633.507, -34.2839, -1.43882
638.933, -24.7415, 2.04011
636.536, -55.426, 2.77712
537.079, -18.0771, 2.17228
518.031, -22.3317, -0.186382
519.772, -19.0514, 0.911219
515.591, -11.7827, -2.89518
549.058, 1.60636, -0.658146
520.945, 4.75442, -1.37075
577.262, -2.47335, -2.12977
575.797, -1.13915, 2.68173
626.843, -33.7602, 1.10576
634.009, -38.8531, 2.31833
576.216, -1.86084, -1.64846
577.31, -2.50453, 0.300997
630.016, -35.7528, 0.379412
576.973, -3.72748, -1.54234
576.432, -3.03859, -0.542861
577.043, -3.6306, -1.69755
576.869, -2.87756, 2.02104
576.267, -3.55862, -3.06204
575.045, -3.33351, -0.337783
574.882, -3.33026, -0.636217
575.559, -3.8596, -1.49691
575.688, -2.89914, 2.26215
575.824, -3.62099, 1.55559
574.772, -3.15558, 1.36617
574.952, -3.32996, -1.69304
594.765, 75.4588, 2.11352
589.035, 57.0057, 2.33867
590.855, 53.5336, 1.13087
586.395, 55.6557, -2.11578
596.312, 65.5879, -0.492703
574.247, -2.44554, 2.26848
592.214, 54.0008, -1.96214
585.859, 24.4554, 3.00847
573.71, -2.37574, -0.466252
573.617, -2.54603, 2.4332
517.543, -60.686, 0.478957
549.039, -37.7273, -2.14042
547.615, -58.0858, -2.05302
513.083, -55.5731, -2.42032
582.833, -76.5091, 2.81964
572.791, -3.12118, -3.11657
572.784, -2.78109, -1.8071
573.307, -4.18464, -1.2766
599.625, -20.6317, 0.326313
560.137, -49.9073, -3.12821
557.074, -71.0083, -1.07243
566.905, -51.3303, -2.43008
563.746, -53.3721, -0.854153
539.736, -69.0934, 0.399139
554.007, -63.4497, -0.380968
541.423, -48.8407, -1.89647
529.032, -59.9069, -2.5831
607.507, -71.3581, 1.99918
602.961, -71.221, 2.97412
596.027, -61.4958, 1.05028
629.999, 49.1863, 1.31761
614.507, 61.2979, -2.27713
615.528, 58.5518, 0.954273
601.693, 36.6022, -2.25797
608.136, 43.342, -2.74505
610.511, 47.9814, -0.435381
598.313, 29.4375, 0.0506216
540.332, -16.5952, -2.21273
542.324, -18.8768, -2.63639
501.71, -31.2735, -0.792699
529.294, -21.6084, 0.257078
534.122, -24.3147, 0.423168
572.827, -2.9716, 1.43858
643.158, 35.9788, 1.17822
620.137, 7.592, -0.928613
630.992, -14.2702, 1.14604
605.446, -2.01476, 0.255714
624.949, -21.8541, 0.522647
647.218, -20.2528, -2.30488
565.547, 68.1677, -1.82456
549.373, 69.0724, -0.279874
577.319, -4.06487, 1.88762
637.926, 20.2871, 2.08501
575.263, -43.6309, 2.58039
638.777, 31.1485, 1.93322
638.649, 31.5389, -0.453541
609.8, 38.6071, 1.38031
601.724, 37.1605, -1.86175
577.032, -1.79298, 0.713315
612.211, 30.4866, -1.3105
629.189, 48.6792, -0.172188
576.765, -5.02813, 1.24517
575.548, -3.48073, -0.39972
575.772, -3.84653, 0.21769
576.69, -3.48324, -1.30723
554.234, -78.9858, -0.229769
576.311, -4.29197, 0.137639
577.305, -3.68385, -1.12813
576.919, -3.60629, -2.92295
576.479, -5.04672, -0.35027
576.451, -4.29291, -0.217028
576.494, -4.63121, 0.778444
576.524, -4.35114, 1.178
501.207, -34.6526, -0.251825
530.688, -11.1631, 0.961183
575.302, -5.91583, 0.0968629
574.342, -6.97294, 1.20718
573.545, -6.47269, 2.78272
575.576, -5.7404, -3.12178
572.849, -7.59713, -1.39104
575.548, -6.0403, 0.399447
574.985, -6.53444, -0.101855
572.744, -7.0362, -0.859864
574.856, -6.96103, -2.35925
572.567, -7.50953, 2.47217
572.497, -7.25999, 0.0259973
574.077, -7.63989, 2.73125
573.862, -7.01351, -2.42383
574.022, -8.40746, 0.798237
573.949, -7.94833, -2.64452
571.69, -6.65047, -0.150303
568.321, -3.63631, -0.808743
573.721, -6.83114, 0.251387
560.976, 0.998772, 0.289406
561.793, 56.8889, -2.49979
565.993, -1.48812, 1.40732
564.656, -0.611326, -0.518482
569.553, -4.02637, -1.06512
570.544, -5.51709, 1.07322
559.053, -0.385787, 2.7877
560.697, -0.385249, -2.8331
562.764, -1.8213, 3.00859
568.715, -4.25612, 0.170852
569.467, -4.89201, 1.23222
564.047, -2.15749, -2.23343
563.748, -1.5471, -0.997145
567.585, -4.16732, 2.1753
563.35, -1.94795, -0.177042
567.786, -3.44792, -2.9492
564.092, -1.46379, 2.4733
567.81, -4.08159, 1.11103
567.837, -3.35601, 2.46961
567.533, -3.53044, 0.697648
561.795, -0.882118, 0.570277
563.274, -1.92388, -0.96298
567.478, -5.61293, -2.85351
566.567, -7.15436, 1.24272
566.532, -3.47021, 2.28211
564.191, -10.7114, 0.546094
559.288, -0.115988, 0.606446
565.127, -2.2019, -0.64064
566.985, -3.42397, 0.923807
560.334, -0.125884, -2.77107
566.308, -3.08698, -0.556487
563.569, -1.60521, 1.51011
560.567, -0.684075, -2.31675
560.628, 0.0721233, 0.591224
563.91, -1.63918, -1.49493
562.933, -1.71352, -1.6944
563.076, -1.44074, 0.766799
560.466, -0.239426, -1.56259
559.669, 0.240358, 1.03984
559.608, 0.281385, 1.97332
559.811, 1.18985, -2.1549
559.327, 0.439891, 0.844875
559.533, 0.821537, 2.30257
560.37, 0.218093, -0.403412
559.392, 0.726496, -1.56841
563.513, -1.31116, -2.53966
561.788, 0.147407, -3.0053
559.571, 0.965271, 2.05936
560.366, 1.01934, 1.9196
562.141, -0.618611, 0.801352
561.135, 0.882922, -0.696691
562.9, -0.204554, -0.00612011
560.441, -0.405622, -3.09424
560.032, 0.564958, -2.41528
559.833, 0.636604, 1.97975
563.055, -0.647859, 0.36159
560.099, 0.0205475, -2.28317
560.42, 0.269842, -2.34584
561.114, -0.769716, -1.69188
559.837, 0.297917, 2.45876
560.352, 0.673961, 1.35934
560.65, 0.271309, -0.9257
561.109, -0.209653, 2.21689
559.562, 0.714532, 0.771105
560.315, 0.767625, 2.38486
559.805, 0.327692, 1.5973
560.343, 0.261917, -2.62316
559.219, 0.170063, 1.57865
554.53, -0.52413, 2.46529
559.668, 0.0255943, -0.852217
559.838, 0.908234, 2.95032
559.487, 0.0412081, -2.12061
554.797, -0.506284, -1.87741
554.753, -0.471181, 0.45956
555.476, -0.334109, -0.949925
563.289, -1.70962, 2.70812
563.053, -0.272726, -1.22158
560.869, -0.455853, 2.00126
560.498, -0.210507, -2.64408
562.471, -0.759278, 2.67377
562.281, -1.43251, -3.07707
572.941, -10.9118, 1.6728
568.878, -7.38251, 1.88582
567.26, -6.33151, -0.117387
567.597, -5.71723, -2.54758
562.805, -0.13806, -2.36204
568.078, -6.51071, 1.84424
567.312, -6.49209, -2.95613
567.452, -5.85635, -0.14592
571.591, -10.7342, -2.83284
567.483, -6.10626, 1.04441
571.469, -9.95357, -1.20583
567.806, -5.54969, -3.07923
570.603, -9.21318, -3.11226
565.869, -4.46844, 0.190048
568.044, -6.96084, 2.357
570.348, -8.97485, -0.813645
566.288, -4.3654, 2.98787
573.182, -11.8067, 2.94144
573.076, -11.1949, 2.80991
566.875, -5.32389, 1.14862
570.139, -8.25907, 0.486349
570.538, -8.06312, 3.04021
569.002, -6.95906, 2.93946
564.755, -3.09718, -1.82871
570.696, -8.20729, -0.0415399
565.311, -3.54319, 0.650972
568.615, -6.22328, -0.94793
573.107, -11.1174, 2.03805
573, -11.1772, 1.68351
567.672, -6.58315, 1.29998
572.982, -11.1266, 2.33209
572.146, -11.2494, -0.405962
570.067, -9.16097, -1.5444
570.947, -9.98262, -0.727837
571.768, -10.1802, -0.278553
568.201, -5.4768, -0.464544
569.247, -6.75856, 2.64666
574.002, -11.7911, -0.88133
563.281, -11.1727, -1.43476
564.974, -9.75892, 0.484301
564.574, -9.52421, 1.09165
570.584, -7.74615, 1.36808
561.63, -12.786, 1.69864
560.913, -13.4242, -2.86615
565.953, -8.19052, -1.96116
562.874, -12.0926, 0.890446
561.822, -12.5569, -1.64728
563.661, -11.3756, 1.77529
559.601, -14.7832, 0.033203
561.247, -14.4197, -2.19076
560.48, -14.0746, -0.399696
560.187, -15.6916, -0.527449
562.279, -12.3988, -0.360904
560.613, -14.8119, 2.6388
562.614, -12.4181, 0.755831
559.064, -15.2556, -2.39693
560.053, -15.4814, 1.16712
561.268, -14.2957, -2.73031
561.514, -14.1927, 2.49047
559.853, -15.7752, -1.31195
561.582, -14.1692, 1.05895
560.335, -14.5807, -0.94477
559.614, -14.4924, 2.76701
561.672, -12.55, 0.609763
559.569, -14.3378, 2.77868
560.401, -14.0065, -1.11271
560.579, -14.3956, -1.36268
559.818, -15.183, 1.71501
561.627, -12.6241, -2.36191
559.888, -15.5963, -2.48122
560.087, -14.1829, -1.32978
560.516, -11.8082, 2.43668
560.108, -14.6842, 1.2617
557.118, -13.3898, -3.01867
554.872, -12.5959, 1.12913
561.03, -11.6939, -1.44985
557.525, -13.4186, 2.91459
560.897, -13.7026, -1.37543
560.317, -13.263, -0.179577
560.689, -10.5269, -0.276631
560.941, -12.8703, -1.25648
558.261, -14.5216, 1.34471
560.705, -13.1268, -2.47203
554.766, -12.6374, 0.718113
561.324, -12.2603, 0.121498
561.038, -12.7126, -2.28107
559.658, -15.23, 2.55615
560.285, -14.23, 2.14178
559.19, -14.8818, -0.0804933
559.736, -13.0138, 1.93405
558.332, -12.6886, 1.11424
560.056, -13.1694, -0.0986088
561.089, -14.3771, 2.2677
556.443, -12.1405, -0.744499
560.501, -14.66, 2.2819
560.23, -16.0174, -0.157253
559.889, -14.2735, 0.0656331
559.415, -14.9849, -0.655004
560.284, -15.9701, 2.52285
575.413, -32.0061, -2.18063
575.476, -33.1668, 2.25398
560.566, -16.1079, 1.78928
567.203, -25.3363, 2.33554
576.691, -38.2949, 2.38792
561.356, -18.0467, -2.85479
574.625, -35.9572, 2.21686
571.533, -30.2642, 2.9536
576.39, -37.2998, 1.68746
569.051, -28.1179, -2.01035
575.413, -37.4871, -1.79168
572.226, -35.0315, 2.98662
570.385, -30.6947, -2.90273
562.484, -19.4643, -1.17953
564.594, -23.1942, 0.802248
569.957, -32.4335, -2.55251
570.552, -33.4365, -1.48642
563.404, -21.2533, -2.28861
563.227, -21.1957, 1.32785
569.75, -31.2885, 2.6368
568.294, -29.7517, -1.87173
567.833, -28.2468, 1.66374
564.656, -22.4954, -1.91146
567.544, -28.6694, 1.03656
565.979, -25.9558, -2.66488
569.624, -31.7215, -0.786615
571.816, -35.5178, -1.05592
572.519, -37.0842, 1.42507
564.112, -22.4077, 3.12322
563.689, -20.8133, 2.17965
571.372, -35.421, 1.9418
564.033, -22.4116, -2.9508
563.819, -21.4427, -2.5912
563.41, -20.5781, -0.484906
569.488, -31.7781, -0.914261
567.989, -29.9018, 0.837558
567.687, -28.7406, -2.47255
568.319, -19.9773, 1.72456
565.067, -24.1527, 1.39852
568.798, -19.5026, 0.874828
572.99, -36.3013, -2.05887
567.305, -27.1708, -0.775424
574.429, -37.9363, -0.348329
574.291, -38.2147, -1.36117
566.73, -27.0575, -0.995476
568.497, -28.515, -1.41179
567.518, -27.4512, -0.883608
567.042, -27.0145, -0.946872
572.229, -34.5828, -1.22223
571.015, -33.7104, 1.38396
566.487, -25.686, -1.2921
566.719, -26.4747, 2.28167
570.65, -32.9718, -1.75547
573.737, -35.7594, 0.560842
567.878, -28.2254, -2.93809
572.214, -34.8779, -0.477546
573.101, -37.0495, 1.02607
566.807, -27.6471, -1.30078
570.242, -32.3292, 3.05349
566.715, -25.7563, -0.834565
571.773, -34.3072, -1.36977
564.482, -28.7657, 2.19946
568.5, -29.2034, -2.00816
574.903, -39.5686, 0.870207
571.11, -33.6495, -2.2549
569.569, -30.8661, -2.61133
572.229, -34.8437, 2.53654
569.782, -30.8776, 1.20129
572.611, -35.2104, 2.13921
570.391, -31.1351, -1.27612
571.286, -33.1532, -1.47537
569.03, -29.2235, 0.1775
572.325, -34.4551, -1.56754
572.941, -34.5328, -0.71656
568.964, -29.5035, -1.46793
571.159, -32.905, -2.67951
569.228, -29.3858, -1.7696
571.313, -32.2135, 1.56233
572.576, -34.6967, -1.09689
574.792, -37.9324, 0.954642
570.696, -31.5174, 0.237209
574.964, -36.9808, 3.00003
575.885, -37.1803, 1.84282
572.597, -33.6143, 2.23528
575.416, -36.8665, 0.998191
570.703, -31.2596, -2.95267
574.699, -34.9576, -0.720805
572.241, -33.8738, 1.29364
575.763, -38.2886, 2.442
574.279, -34.7353, 0.567711
576.123, -34.4762, 0.887285
574.632, -35.2471, -1.77763
575.565, -31.6686, -1.49652
572.959, -32.6991, 0.927432
573.982, -35.3509, 3.0694
575.534, -32.7163, 3.06658
576.115, -35.4737, 0.0479876
576.451, -34.6669, -2.85756
576.799, -33.3765, -0.772983
574.936, -32.6844, -0.125124
574.656, -34.4024, 0.335108
574.875, -35.8139, 2.99357
574.396, -35.6528, 2.11668
576.152, -36.6392, 2.47859
576.539, -35.4818, 2.51425
575.006, -36.5789, 0.14616
574.333, -35.5385, -1.77201
576.143, -35.9312, -1.0097
574.415, -35.7756, 1.79798
575.689, -36.5052, 0.367464
576.014, -32.044, -2.20155
576.355, -29.4748, 0.719393
576.279, -35.875, 2.80353
576.141, -35.5592, -2.70773
574.962, -32.0602, 2.41496
574.699, -30.5077, 2.64808
575.183, -32.161, -0.0543874
573.653, -31.2941, -3.12776
575.931, -30.9537, -3.0019
573.913, -31.4236, -0.632861
577.23, -30.2514, -1.7221
577.083, -31.1977, -2.75499
575.707, -30.7104, 0.851898
573.865, -31.1333, -2.67289
575.249, -31.1394, 0.0422982
576.3, -32.828, 1.59285
576.606, -32.871, -2.73458
577.248, -30.8962, 1.49622
577.218, -31.0527, 0.460081
572.869, -32.1758, 0.435589
575.291, -31.6496, 0.192422
575.813, -32.7589, 2.00833
573.486, -30.9418, -0.762117
573.736, -30.8593, -0.481184
575.206, -31.7003, 0.163552
577.099, -29.4672, -2.38918
576.575, -30.5777, 0.388122
581.462, -28.1823, 1.73812
584.258, -27.3115, 0.230013
584.889, -27.763, 1.63712
579.59, -28.6176, 0.900275
581.845, -26.9393, -0.932412
583.982, -25.9476, -0.745762
583.786, -26.1366, 2.59752
587.709, -26.1237, -1.12616
584.843, -25.993, 2.34442
582.061, -27.3392, -1.93055
582.788, -26.9115, 0.758896
586.833, -25.4775, -1.10304
583.125, -26.9945, 1.25613
582.663, -28.9559, -0.00864553
585.077, -30.431, -1.68831
585.381, -25.8429, 2.39632
583.015, -25.6439, -2.15025
582.824, -25.3383, -0.314386
596.474, -35.7079, -2.15865
588.045, -31.3874, -3.11022
584.898, -30.2944, -2.39067
582.771, -26.8173, -0.760662
580.814, -26.2115, 1.21029
585.725, -25.8022, 0.0959037
592.042, -32.7233, 1.00032
591.73, -33.7592, -0.520295
589.746, -31.7461, 2.62484
590.658, -32.6005, -0.446336
584.156, -25.6997, 2.28448
584.539, -24.7098, 1.83256
585.923, -25.9646, -1.108
581.663, -25.9305, 2.61616
639.194, -56.48, 2.64746
647.252, -64.9306, -0.303815
584.766, -25.6046, 1.50993
636.123, -82.6756, 2.89892
626.385, -57.8459, 2.33422
640.567, -72.0812, -0.12537
615.104, -75.3715, 2.68186
619.538, -85.4571, -1.80941
586.004, -25.9812, 1.36402
586.331, -24.5945, 2.69403
611.802, -98.0861, -0.24774
627.218, -91.8179, 1.301
624.929, -91.8052, 1.35577
584.21, -105.513, 0.25964
586.553, -24.9528, 1.81026
607.437, -72.1852, 0.492731
581.509, -54.8529, 2.14341
573.556, -81.3777, 2.04853
573.212, -69.22, 2.07484
568.468, -92.9222, 1.30675
590.117, -77.5272, -0.832537
585.058, -58.5384, -1.80035
584.126, -88.3041, -1.50234
578.203, -71.9399, 0.361509
567.05, -74.0643, 1.06922
574.028, -49.3241, -2.12528
557.656, -73.9919, -2.69915
534.131, -75.2319, 0.246654
547.01, -73.6662, 0.702791
544.327, -71.6528, 2.94589
558.623, -50.1374, -2.56846
565.841, -76.5779, 1.04395
598.612, -83.8121, 1.98922
589.729, -48.0529, 0.201143
564.35, -62.3357, 2.25655
587.194, -70.4736, 2.70135
574.334, -82.451, 2.81546
559.738, -92.7522, 1.58374
531.858, -82.0052, 2.08961
556.529, -50.8406, -2.83081
545.638, -73.0075, 2.58462
536.782, -62.5207, 2.41214
553.975, -45.0486, -1.11789
555.717, -40.478, 1.93818
589.106, -28.9402, 1.93638
585.834, -29.7603, -0.441188
585.846, -29.565, 1.44209
590.365, -29.9472, 0.84936
588.18, -28.8134, 0.99345
599.108, -32.442, -0.661077
601.523, -29.5147, -1.34171
590.921, -30.4297, 0.378486
600.267, -30.2001, -0.760759
601.482, -29.9707, -0.45269
601.779, -31.5324, -1.16808
604.425, -30.6383, -2.24646
595.251, -30.1208, 2.39625
599.49, -30.3203, 0.437614
594.822, -29.8729, 2.56894
593.933, -31.3607, 1.24873
605.444, -31.1988, -1.64183
604.481, -31.2372, -1.12077
602.33, -31.7728, 0.665818
598.734, -31.8917, 0.443042
605.625, -31.8806, -0.911314
600.358, -30.743, -2.94426
597.905, -30.3831, 0.73841
598.581, -29.4201, 1.86693
603.348, -29.4085, -0.110575
605.991, -28.7035, -0.630034
595.389, -29.4791, -2.92656
604.102, -28.1203, 1.70111
596.29, -29.3718, 1.2803
597.894, -29.1192, 0.262814
602.796, -30.159, -2.22182
596.714, -29.9485, -1.00102
597.446, -30.6645, 2.31375
601.832, -30.1361, -1.47191
607.26, -29.0694, -0.134879
598.102, -29.78, -1.26385
596.465, -29.9813, -2.25665
602.855, -29.7297, -2.97036
599.52, -30.3204, 0.334995
599.923, -29.635, 2.99376
599.751, -29.5166, -1.706
598.271, -30.3558, -2.67853
599.631, -29.9309, -0.731358
599.923, -29.8082, 3.01943
603.974, -29.3805, -2.68004
602.168, -28.9569, 2.3871
605.179, -28.5535, 1.82412
606.237, -28.8676, 2.16857
603.354, -28.7837, -0.0165716
606.262, -29.0528, 0.22556
601.926, -29.6945, -1.36899
603.16, -28.8932, -0.983246
655.337, 8.74959, -2.11557
661.07, 15.4383, -1.2679
625.964, -9.82363, -0.946474
638.859, 3.52091, 2.41745
644.925, 11.0751, 0.941896
647.731, 18.8392, 1.34815
619.54, -1.69774, 2.64292
635.624, 31.4212, 0.784454
635.547, 29.4788, 0.776998
613.551, -3.34752, 0.547686
623.556, 22.6981, 3.12547
621.719, 22.5563, -1.50075
605.819, -29.0762, -1.66582
603.576, -29.4395, -1.98264
604.002, -29.3165, -2.45674
607.032, -28.9435, 1.57765
604.27, -29.1781, 2.14556
606.016, -28.8188, -1.58678
607.15, -29.1, 2.91536
604.916, -29.8987, -2.94644
606.871, -28.6579, 1.64824
606.12, -29.8315, -0.61513
606.539, -29.2412, 2.09178
606.756, -28.7358, -0.147945
607.169, -28.598, 1.59943
606.618, -29.1909, 2.13617
607.061, -28.5399, 2.22678
607.154, -28.7539, 1.8957
606.641, -30.1134, 1.71861
607.246, -29.4012, 0.386469
596.971, -32.002, -2.46501
581.525, -36.4466, -1.53782
601.271, -30.1398, 0.408048
603.476, -29.9151, 2.02027
590.833, -29.6853, 0.0664559
590.783, -27.8644, -2.90188
594.054, -28.1072, 0.598013
581.74, -26.1745, -2.00383
599.267, -28.0928, 2.3854
590.001, -28.014, -0.204087
544.303, 17.9998, 2.29807
553.547, 25.737, 1.09551
573.988, 12.5951, 0.760738
578.037, 22.8987, -1.34528
567.309, 29.0224, -1.6134
586.812, 45.9031, -0.209121
601.218, -2.60616, 2.51176
590.363, -26.7059, 0.0719489
580.827, -22.4215, -2.98104
585.822, -25.1693, -1.85359
601.497, -28.0925, -1.08872
585.807, -25.3887, -1.42142
588.331, -25.7585, 2.22568
582.567, -23.8068, -1.83495
584.56, -25.2318, 2.85967
599.608, -27.9171, -2.97598
586.199, -24.9019, 1.32623
600.999, -28.4778, -2.44851
580.651, -24.0774, 2.16075
583.864, -23.9608, 2.83282
595.348, -27.4507, 0.941391
580.747, -23.3402, 0.444065
599.021, -28.3009, -2.04267
595.109, -26.7151, -1.64763
528.187, -26.0125, -1.88929
597.226, -27.8281, -2.89865
589.662, -25.6511, -0.425218
589.373, -25.6601, 1.00639
584.24, -24.1413, -2.36382
588.712, -24.43, 0.189321
525.542, -30.1444, -0.717397
591.618, -25.7476, -0.710117
592.042, -25.4647, -2.09768
584.07, -22.8834, -1.79848
592.27, -25.4193, -1.03771
590.633, -25.0067, 1.62482
595.058, -26.7681, -1.29857
588.955, -23.8394, 2.67193
592.729, -26.3673, 0.323214
590.788, -24.6484, 2.26652
583.875, -21.6643, -0.952986
594.188, -25.9447, -1.65543
587.518, -23.3986, -1.90455
586.377, -22.2221, -0.99651
588.909, -24.3563, 0.185898
582.492, -21.2368, 2.03054
586.02, -22.2151, -1.79297
591.127, -25.6117, -1.98372
585.729, -23.1095, -3.08063
584.236, -21.4946, 1.26394
585.168, -21.7824, -0.14393
586.393, -23.6312, 0.0136194
583.152, -21.3234, 1.62158
584.558, -22.6505, -1.61119
583.136, -21.928, -2.16091
590.064, -25.1538, 1.54785
588.35, -24.5736, 1.72541
585.701, -22.9706, 0.161328
586.525, -22.4833, 0.594001
585.277, -21.6555, -0.333546
588.536, -23.8035, 2.0612
581.638, -21.0133, 1.02447
562.956, 10.5593, 1.54526
587.51, -23.2255, 0.216186
556.51, 20.3549, 0.662561
553.979, 40.0799, 2.21483
578.799, 4.00035, 0.751905
586.915, -23.8725, 0.0269197
585.915, -18.6524, 3.04615
523.043, 2.91831, 0.110078
585.947, -21.9644, -0.984388
585.624, -21.3104, 2.76407
522.842, 20.9975, 0.210948
587.359, -18.0113, 0.233776
586.688, -25.3175, 0.745382
532.859, 8.42967, -2.80538
555.42, -31.0428, 0.452173
527.133, 2.7967, 0.862515
519.358, 2.59121, -1.58897
528.192, -13.6035, 0.476339
547.418, -27.8504, 0.64374
560.72, -19.9639, -2.01015
541.584, 3.85219, -1.11492
529.702, -25.7054, -2.58565
515.637, -38.8381, -2.89618
656.203, 2.05689, -2.72391
518.317, -28.9411, 0.862822
584.409, -20.7938, 1.62324
587.125, -19.6923, 1.10167
585.496, -19.3111, -1.66875
583.172, -19.8222, 1.52047
584.465, -21.3796, 2.56609
549.868, -84.9808, -1.94397
527.661, -73.259, 3.1415
544.022, -82.9031, -2.46333
587.192, -83.5206, 0.987337
573.78, -50.2533, 0.121333
564.122, -84.9553, 0.182841
555.756, -95.3991, -2.24299
537.319, -63.0526, -0.651866
534.667, -57.0177, 0.134448
526.606, -75.2137, -2.77632
582.225, -20.1874, 2.3637
582.497, -19.8172, 2.96338
582.846, -19.6748, 2.87816
553.167, -52.5068, -1.28777
578.643, -22.0714, -0.614687
578.667, -22.6577, -1.89504
577.478, -23.8252, -0.00129
578.546, -22.5461, -0.0199746
577.721, -22.6947, 1.177
578.125, -24.0941, 2.13234
576.874, -25.8014, 2.65396
580.241, -21.6876, 0.110802
578.621, -26.0217, -0.136742
575.653, -23.2431, -1.04003
576.057, -25.0093, 1.80536
577.575, -24.5203, -1.30149
615.812, -85.0271, 1.68406
607.26, -89.2683, -2.80524
580.391, -103.004, 2.48312
587.961, -47.7911, 2.32997
614.518, -69.2749, 2.28349
614.318, -54.9443, -2.87142
624.847, -84.9506, -2.92765
575.141, -24.0419, -0.405393
577.629, -22.973, -2.18408
576.862, -25.1565, 2.64431
574.408, -23.9841, -3.02278
576.18, -26.6505, -2.25776
578.768, -22.4914, -2.89568
578.543, -22.3171, 0.566944
577.469, -21.764, 0.117351
574.276, -23.8776, -1.34296
578.672, -25.1707, 1.96227
577.365, -24.3932, -0.910605
574.577, -22.7451, -1.35601
574.936, -22.8592, -2.33865
575.621, -23.4918, -1.39494
576.021, -22.2337, -0.961616
575.371, -24.7603, -0.852877
574.503, -24.2676, 0.112434
573.303, -20.6692, 0.326568
575.481, -23.341, 1.78314
567.467, -10.3367, -0.221106
571.994, -18.8272, -0.4086
563.972, -5.40241, -0.731297
568.007, -13.943, 2.83744
568.902, -16.0497, 1.23387
567.502, -14.0228, 2.93642
562.706, -7.49281, 2.58059
563.24, -7.53958, -2.67718
560.835, -4.26412, 0.477328
566.267, -12.0089, -1.93025
569.1, -16.6047, -1.82337
561.754, -6.01377, -1.06677
562.372, -5.66675, 2.95336
569.303, -16.0937, -0.993028
563.986, -8.2011, -2.4866
566.724, -12.4279, -1.56749
561.994, -6.12824, -1.79767
567.858, -14.348, -2.6174
562.016, -4.63124, -1.0064
565.09, -8.79366, 2.96543
568.983, -15.5209, 2.9818
560.447, -2.49655, -2.73174
567.803, -13.4208, 0.811116
566.106, -10.4006, 2.6471
569.378, -17.6162, -0.934685
561.238, -3.1687, -2.68333
563.102, -5.53094, 0.18909
565.311, -8.70696, 2.30881
565.722, -9.15556, 1.20238
567.498, -18.3083, 1.94459
568.775, -17.9487, 2.71216
568.391, -18.497, -0.602051
568.402, -18.6728, -0.889833
567.562, -17.57, 1.69159
567.859, -18.9122, -0.107944
567.736, -18.8839, -0.909122
565.522, -19.278, 1.22205
562.947, -19.3556, -1.62613
562.844, -18.8835, 0.0178607
566.591, -19.0482, 1.93072
565.897, -18.5785, 0.62383
563.021, -19.3061, 1.87755
565.223, -18.7749, 2.59805
565.321, -18.9827, -2.59503
563.416, -19.2388, -1.59376
564.047, -19.3999, 0.564129
565.324, -19.1734, 2.44585
564.142, -18.9229, 0.838779
562.435, -19.0056, -2.56129
562.569, -19.5954, 0.385401
562.881, -19.871, -0.759169
561.704, -19.4371, -2.01581
560.999, -16.8658, -1.90127
562.678, -20.1128, -1.88853
563.587, -20.6111, 1.94204
563.094, -20.0136, -2.87825
612.919, -76.2625, -2.33012
562.826, -20.3841, 2.3892
562.359, -20.7873, 1.04888
562.878, -20.1238, 0.0392707
562.666, -20.2198, 0.397927
562.243, -19.73, -0.883575
563.494, -8.56937, -2.18929
562.446, -16.5835, -2.72353
561.79, -9.24317, 2.20714
561.478, -9.12684, 2.88407
562.683, -15.0374, -2.03249
562.118, -17.3057, 3.11769
562.681, -16.5776, -2.72063
564.659, -18.823, 3.06558
561.432, -10.735, -2.80166
562.006, -17.3679, -0.520976
562.411, -15.5666, 1.83767
562.504, -15.8371, -0.205097
561.675, -15.696, -2.54321
562.012, -13.4103, 2.25791
561.63, -10.9316, -1.0629
560.515, -11.5819, -0.506932
561.608, -12.5302, 2.84095
562.06, -15.242, 2.12162
562.057, -14.7878, -1.20902
561.781, -13.8741, 0.606297
561.2, -12.8842, 2.25885
562.068, -14.0409, 0.0982284
561.322, -12.338, 0.0696827
561.243, -13.3992, -0.331683
561.419, -15.5532, -1.96974
560.126, -10.3297, -0.381883
557.237, -16.4714, 1.77699
514.965, -70.8665, -2.60547
510.821, -80.602, 0.956039
555.271, -15.5113, -1.13162
537.447, -48.9114, 0.0338593
526.015, -68.92, 1.30965
555.558, -15.286, -0.12285
555.188, -15.2489, -1.65327
557.378, -16.0377, -3.05654
557.351, -15.5529, 2.09154
557.424, -14.983, -1.41444
556.432, -12.2034, -1.98118
557.144, -13.0293, -1.36012
555.743, -15.5111, 1.65975
557.102, -13.0739, -0.297177
554.887, -15.0242, 1.12825
557.386, -16.3413, -1.75178
555.671, -15.0836, 1.7658
556.044, -15.734, 0.785856
556.093, -15.3533, -2.4311
555.689, -15.2645, 1.79093
554.85, -15.5965, -0.800236
555.693, -15.5975, -2.13956
554.85, -15.2481, -0.355383
555.178, -14.9984, -0.681357
555.912, -15.2882, -1.45656
556.032, -16.0267, 2.04768
526.78, -62.7512, -1.61268
555.761, -15.5671, -1.24629
555.266, -15.8131, -0.57673
575.38, 62.28, 0.894443
576.827, 55.0287, 1.14043
555.251, -14.7845, 0.448616
555.552, -15.5934, -2.92915
554.991, -15.1448, -1.21169
557.423, -16.3617, -1.03532
557.581, -17.0395, -2.29377
555.24, -15.2918, -2.54479
580.953, 51.8477, 1.59039
560.028, -17.1968, -2.87433
555.999, -15.8061, 0.267937
560.795, -16.9071, -1.92049
557.475, -15.9881, -2.46552
555.701, -15.5615, -2.60024
556.336, -16.1316, -1.63863
559.452, -15.8958, -0.961619
557.497, -15.6781, 0.227736
556.851, -15.2672, 3.02404
557.938, -15.7924, -0.158271
561.833, -16.3451, 1.59068
559.572, -16.0039, -2.03043
561.911, -15.8106, 1.93106
562.735, -16.6332, -0.795393
557.462, -13.256, -0.943558
558.455, -15.8559, -1.99914
562.306, -16.1213, -2.19676
557.378, -13.353, 3.13127
557.85, -14.9412, 0.739851
557.786, -12.9409, 1.04969
557.921, -13.1002, 0.859043
557.811, -13.6157, 2.60906
557.687, -13.444, -2.90704
557.869, -11.4672, -3.03234
557.678, -13.0365, 1.91267
557.764, -11.4942, 1.6676
557.826, -11.5031, -0.658097
528.139, 8.93823, 2.9768
498.75, 26.3932, 0.316392
548.472, -12.2477, -1.08302
496.648, -9.52898, 2.32449
557.42, -11.4375, -1.04507
561.984, -10.3011, -0.430605
564.435, -11.9774, -2.71172
617.938, -62.6412, 1.17158
561.284, -11.3051, 0.96216
562.234, -10.5463, 0.192458
564.015, -10.7338, 2.01152
561.765, -10.1532, 1.14016
563.977, -10.4132, -1.58296
561.002, -10.2666, 0.125349
560.129, -10.8512, 3.05454
564.328, -9.9378, 0.00439605
564.194, -9.9761, -0.289297
561.15, -10.3866, -0.898266
560.977, -10.6545, 0.217525
561.415, -10.7199, 2.89769
595.506, 59.662, 2.19665
562.208, -10.4662, -1.96648
563.496, -10.987, 2.5119
563.847, -16.4971, -0.72462
525.627, -72.2397, -1.92606
524.172, -70.7299, -1.24265
563.806, -11.5737, 0.119715
522.99, -50.2855, -1.26799
563.942, -11.6869, -0.233406
562.52, -11.6972, 1.58589
563.56, -11.8354, -0.600716
563.393, -11.7209, 0.839557
564.723, -16.2464, 0.00963752
564.378, -19.5521, 2.85871
563.976, -12.5272, -0.452108
563.487, -13.0499, -1.26554
563.953, -20.2705, 2.16663
563.613, -14.0324, -1.14174
514.78, -41.462, -0.951801
563.814, -13.2584, -0.709289
564.335, -17.2483, -0.0263883
564.919, -15.9799, 1.00106
564.561, -19.7757, -1.02454
563.47, -16.4618, -2.65874
563.65, -14.8097, -0.568821
564.499, -16.2705, -1.3243
562.288, -17.0557, -2.21703
564.806, -19.9903, -0.316232
536.604, -62.3994, 3.06818
564.822, -20.3259, -2.77472
564.824, -18.8156, -0.559253
564.344, -16.0509, 0.761536
564.748, -20.2644, 1.33036
566.002, -18.6176, -0.0205841
560.888, -10.0672, -1.81928
560.195, -10.3247, -1.31404
623.824, 33.7373, -1.93935
618.134, 23.9725, -0.124969
623.125, 1.36443, -2.31066
564.613, -11.3802, 0.179418
563.263, -11.0426, -2.8322
600.076, 37.2954, -2.15576
593.542, 29.7596, 1.89999
631.379, 28.1202, -1.08159
606.7, 14.5842, 2.8109
636.266, 1.19437, -0.27409
563.585, -9.67823, -0.700388
564.599, -10.3564, -0.93706
562.99, -8.9912, 1.33908
564.083, -12.0249, -0.918251
564.278, -11.5475, 2.92244
565.276, -10.8622, 2.56072
564.549, -9.17487, -0.15238
527.987, 19.3143, 1.35728
502.444, 36.3825, -2.88912
518.461, 20.4669, 0.778553
564.551, -9.351, -0.547362
551.44, -10.4144, 1.91506
524.095, -20.5338, 2.4296
501.74, -26.7899, -1.2643
491.796, -29.5128, -2.5048
521.707, -23.8588, -0.370384
563.556, -5.11326, -0.925659
563.238, -3.99653, -3.05698
563.452, -6.10661, -1.8473
563.719, -4.19728, -0.859412
563.921, -4.72762, -2.45882
563.231, -5.507, 0.678364
597.612, 50.4216, -2.07348
604.6, 54.6944, -3.07145
605.331, 44.3666, -0.0695215
620.932, 34.4864, 0.0700011
625.255, 15.0029, -2.71451
612.356, -0.929505, -0.225118
640.713, -7.919, -2.82324
562.164, -2.33764, 1.6366
563.008, -5.67143, -2.2062
560.145, -4.67034, 2.62624
502.257, 16.967, -2.81948
533.657, 0.485018, -2.15843
562.982, -5.08659, 1.02402
510.368, 1.51958, 1.21598
562.958, -3.10446, 2.74099
562.665, -2.32281, 2.70858
562.654, -3.31503, 2.47485
563.636, -1.95346, -2.87233
562.699, -4.15671, 2.74836
563.746, -0.0905437, 1.65533
562.323, -3.2256, 1.17597
562.801, -2.29787, 1.4252
564.326, -0.511849, -1.45515
564.102, -0.447715, -0.345113
498.879, 37.9397, 3.05853
562.704, -2.55024, -3.05084
562.369, -2.48756, -1.75365
565.827, 32.8878, 1.03034
536.858, 56.3078, 0.897002
525.362, 43.1539, 0.981389
533.107, 10.8381, 2.79417
501.411, 49.5147, 0.610964
530.051, 60.7503, 0.433835
539.31, 39.9868, 2.89123
527.283, 52.0729, -1.14139
528.032, 43.8439, 1.6535
564.484, 0.285479, 1.83288
565.223, 0.691697, -2.89777
571.75, 0.388237, 1.15661
569.908, 1.08767, 1.37357
570.407, 1.63199, -2.61217
565.708, 1.43829, 1.32324
566.969, 1.2504, -0.124484
565.135, 0.61433, -1.47377
564.773, 0.639484, -1.76239
567.696, 0.925493, 1.81047
565.982, 1.74804, -3.02084
566.231, 1.20005, -0.466858
569.042, 1.16429, 2.97538
520.023, 59.7277, -2.18763
569.103, 1.07479, 3.10487
574.285, 1.40729, -3.10139
564.499, 4.38454, -0.216366
563.094, 3.56361, 1.89016
563.165, 3.25468, 0.21304
562.255, 3.84489, -1.68963
563.195, 3.37681, 1.62729
563.103, 3.64306, -2.13813
563.493, 3.30325, -1.76073
563.163, 3.58877, 2.4809
564.072, 3.93866, -0.549713
562.166, 4.10295, -1.4248
562.188, 4.74778, 0.72224
562.742, 3.07056, -1.25729
562.261, 4.79282, 1.74869
561.969, 4.19699, -1.1487
528.433, 62.1711, 0.318425
557.962, 5.78799, 1.26896
558.421, 5.54478, -0.727407
562.565, 3.39742, -1.00807
550.304, 13.9031, -2.15997
563.839, 3.5407, -1.06199
498.243, -29.9479, 2.56151
491.814, -21.5013, -2.32826
566.153, 0.681094, -0.287589
567.764, -0.232035, 1.53785
565.137, 3.37174, 2.06335
563.068, 2.68334, -2.00088
568.958, 0.388633, -2.61054
570.167, 0.123381, 2.93793
564.133, 3.26643, -1.39792
568.026, 0.460957, 2.33664
566.497, 0.809836, -1.82668
565.042, 2.47342, -1.13416
583.315, -65.6962, 2.9503
567.607, -39.6998, -2.53572
555.145, -59.0358, 0.820803
535.833, -66.7203, 2.07068
568.452, -0.406276, 3.00317
566.162, -0.13709, 2.14419
565.999, 0.253521, 2.755
565.438, 1.60963, 2.84206
568.481, -0.638818, 1.11642
567.935, -0.604651, -0.638589
567.32, 0.734345, -2.401
566.11, -0.10878, 2.48737
573.686, -1.60132, -2.73224
572.335, -0.765919, 0.0412989
567.729, -0.0947981, 0.702542
567.32, -0.129075, -2.0498
568.919, 0.0492115, 2.08642
566.844, 1.08699, -1.36505
568.999, 0.00563779, 1.67978
567.698, 0.0462426, 0.899752
572.195, -0.376643, -3.0837
568.84, -0.0362326, 2.94435
573.31, -0.681734, 0.818318
571.858, -0.433073, 1.77296
573.884, -0.0242936, 0.409125
570.491, -0.334144, -2.49505
569.452, 0.0698912, 1.2712
570.837, -0.604755, 2.30895
572.31, -0.200283, -1.43085
571.734, -0.471495, -1.52266
569.883, -0.255359, 3.10326
572.82, -0.699449, 0.0214785
572.973, -0.808661, 2.32945
572.642, -1.05335, 2.05737
573.713, -0.571217, -1.65077
571.637, -0.0788256, 1.34308
571.495, -0.110182, -1.77463
570.882, -0.451585, 0.0790083
572.128, -0.759082, 2.69657
572.574, -0.341825, 1.20651
573.555, -1.20307, -2.12907
571.446, -0.799957, 2.9708
576.048, -3.97091, -0.880534
573.468, -1.49483, -0.35507
576.603, -4.37065, -1.43544
573.182, -1.30891, -3.06704
575.872, -4.15233, 2.45868
576.907, -5.6354, -0.703129
573.499, -0.347324, -1.42689
575.162, -3.52697, 0.961255
574.558, -4.03947, -0.0118615
573.518, -2.78044, -2.52706
573.267, -0.654962, 0.699407
576.614, -4.50801, 0.495823
573.351, -20.693, -2.97998
573.593, -26.6276, -2.37014
571.99, -12.302, -0.114301
574.655, -3.16145, 2.94305
574.69, -4.97711, -1.64678
573.68, -7.60619, -2.97439
573.677, -4.17445, 2.32836
574.112, -6.07782, -0.210836
576.324, -3.93878, -0.387383
573.816, -13.5368, 1.44741
573.931, -28.022, -0.733698
574.124, -9.41021, 1.18034
575.263, -14.3617, -1.18622
574.917, -5.88387, 1.56068
572.911, -33.8361, -1.17402
572.982, -27.1793, 1.12313
572.721, -33.2986, 2.1293
573.31, -21.9348, -2.33866
573.886, -11.5165, 2.1786
576.001, -3.74449, -1.63651
576.074, -3.79599, 0.632914
574.056, -3.25973, -0.610946
575.666, -4.28507, 2.90372
577.938, -3.69754, 0.938391
577.716, -3.5977, -0.346327
577.765, -6.50608, 0.45079
576.045, -3.94439, -2.80772
576.261, -5.28122, 1.68596
577.178, -5.78638, 2.71548
576.149, -4.79264, 0.838019
577.226, -3.7687, -2.86807
577.336, -4.58341, -1.03993
577.963, -6.54406, -2.87077
577.38, -6.08209, 2.74044
578.396, -3.88982, 2.86021
632.23, 19.7179, 0.556927
577.044, -5.12824, 0.666764
576.985, -4.84182, 2.06401
578.106, -5.99448, 2.41325
577.624, -5.66172, 0.1732
578.978, -5.66588, -1.91632
582.694, -5.3817, -0.133571
586.511, -4.57053, -1.821
586.444, -5.2746, 1.56042
578.15, -5.47855, -0.625572
581.664, -5.75631, 0.979066
585.336, -5.62453, -0.975599
582.071, -5.73801, 2.5868
581.642, -5.63853, -1.06957
581.148, -6.09006, -2.8304
586.346, -6.2792, -0.886105
580.927, -5.60069, -1.10208
586.545, -6.44777, 1.29281
582.699, -6.03949, 0.936884
583.029, -5.75429, -2.3682
580.297, -5.55167, -2.35755
580.828, -5.60121, 1.28848
584.094, -5.59977, -1.04213
585.995, -5.85077, 1.49419
585.407, -5.22343, 2.86234
583.17, -5.45204, -2.09029
585.717, -5.8957, -2.57892
584.52, -5.72382, -1.60162
584.702, -5.41968, 0.33237
583.624, -5.53673, 2.37758
586.215, -5.59382, -2.58101
586.76, -6.36836, 2.81838
586.047, -5.89091, -1.30553
586.518, -5.00544, 1.23692
586.52, -5.02677, 0.218654
586.884, -4.97663, -0.242729
586.794, -5.65053, -2.9399
586.583, -5.47397, 3.00154
586.326, -3.62689, 2.75786
586.306, -6.35882, -1.61319
586.631, -7.71762, 0.424351
586.333, -9.82529, 0.71929
585.809, -9.2576, -1.60269
586.106, -6.19623, 1.56654
586.296, -6.45385, 0.0816996
586.613, -10.2607, 2.50004
586.723, -10.8904, 1.14749
586.452, -9.40401, 0.32924
587.12, -12.1491, -0.535004
586.821, -10.6828, 2.93904
586.935, -8.53254, 0.26101
587.017, -10.3041, -0.181568
587.143, -10.583, 1.35827
588.107, -12.4796, 0.282342
587.057, -9.13176, -1.8352
588.208, -12.4344, -1.6773
587.341, -12.1987, 2.35489
587.993, -13.3148, -2.94696
587.807, -12.287, 2.11055
588.098, -12.8952, -0.00828473
590.333, -10.7848, -1.3405
587.665, -13.6557, 0.220275
587.3, -13.6365, -1.31937
587.906, -11.2546, -0.114793
587.435, -12.8654, -1.98183
588.041, -13.0432, 0.666928
587.248, -12.072, -3.08656
586.669, -13.8448, 1.02442
585.58, -14.2823, -2.50975
582.025, -14.1885, -0.457747
579.728, -14.7625, -2.99073
585.976, -14.3071, -2.5618
576.576, -16.3542, 2.69686
579.954, -15.7078, 2.98941
578.691, -16.4901, 0.332249
577.701, -17.205, 0.767271
585.208, -14.7831, -2.90172
578.181, -17.6475, 2.94051
577.31, -17.9859, -1.74404
581.419, -16.3166, 3.04059
580.055, -16.7565, 2.67966
577.487, -18.2551, 1.60375
576.412, -18.0718, -2.22786
579.304, -17.0677, 1.43538
581.077, -15.9156, -2.13978
576.514, -18.2398, 0.372454
576.078, -18.507, -3.05647
582.831, -15.3535, 1.08784
579.267, -16.4445, 1.47076
583.023, -15.2428, -2.54499
577.937, -17.2505, 2.37418
581.003, -16.5752, 0.27728
576.42, -17.8369, -2.30363
576.448, -17.7925, -0.884421
581.475, -16.2851, -0.730818
579.435, -16.7646, 2.45997
576.77, -17.2858, -1.16115
578.471, -16.7785, 1.93577
579.647, -16.8234, -0.256308
576.054, -17.6221, 2.00147
577.718, -17.1649, -1.6634
577.904, -17.2873, -1.69952
579.39, -16.3246, 1.72593
576.907, -17.2864, -2.5919
577.711, -17.3795, -0.603032
578.088, -17.3173, 1.39901
576.323, -17.8164, -1.08116
576.381, -17.3159, 2.73742
577.542, -17.2447, 0.830625
576.962, -17.4627, 3.0297
576.774, -17.8333, -2.67734
576.975, -17.639, -0.0363705
576.021, -17.5923, -2.08677
575.796, -17.2628, -1.32257
575.807, -17.9235, 1.33176
577.15, -17.6379, 0.10008
576.689, -21.6127, -1.79623
576.579, -20.5978, 1.65911
581.258, -33.0216, 1.66469
578.628, -27.3163, -2.48936
581.416, -35.4188, 2.832
580.03, -29.9134, -2.51382
581.215, -35.9561, 0.213959
578.962, -32.2217, -0.768981
578.76, -33.7939, 1.29466
577.775, -27.8542, -1.44849
576.254, -19.3547, -0.467539
577.296, -24.1106, 1.17805
577.278, -23.9368, 1.48577
576.662, -23.4823, -2.47829
579.429, -35.2128, -0.83717
578.256, -37.0263, -2.46936
576.002, -34.7412, -1.46765
572.079, -34.027, 1.42196
567.169, -33.8617, 0.187562
564.979, -30.1747, 0.557493
577.816, -23.9373, -1.57466
572.354, -9.3199, -2.73424
574.549, -14.7847, -3.10753
573.202, -11.936, -2.71674
573.902, -6.39644, -2.9615
574.517, -5.51067, 2.97214
576.158, -16.5218, 2.84528
575.433, -8.18739, 2.20063
575.995, -17.1218, -3.10929
575.839, -11.2905, -3.05158
576.21, -17.0413, 1.01629
576.662, -3.94754, -2.14682
576.31, -16.5335, 0.168051
575.952, -7.85308, 2.38667
576.543, -14.7081, 1.83185
582.399, -17.2891, 1.19595
582.58, -17.2092, -0.94181
579.174, -17.8093, -3.09497
575.015, -4.95542, -0.601224
582.376, -16.8139, -1.99382
585.617, -15.4348, 1.38446
579.133, -17.1465, -1.88348
582.998, -16.0367, 1.94422
584.653, -15.3285, 0.814939
587.773, -14.4016, 0.718519
588.757, -13.9368, 3.01118
587.912, -14.0358, 0.496829
585.088, -15.1403, -1.58187
583.171, -15.4386, 1.22022
584.822, -14.7718, -1.88134
587.173, -14.5436, -2.95006
587.766, -13.8389, -1.5669
584.152, -15.4063, -2.69479
587.892, -13.7187, 2.15075
584.52, -15.2489, 2.39676
581.795, -15.9687, -2.53335
586.712, -14.543, 0.0959269
584.661, -14.9498, -1.61034
588.261, -13.8257, -1.11666
584.676, -14.7212, -1.34282
585.868, -14.1805, 3.13516
584.216, -15.0345, -2.08151
583.818, -15.0504, -0.687758
585.766, -14.0753, 1.06684
588.005, -13.6419, -0.0697286
588.442, -13.4725, 1.01425
588.349, -13.9514, 1.20363
587.122, -14.1076, -0.468721
587.822, -13.4146, -0.263287
585.398, -14.7391, 1.86352
586.867, -14.2069, 2.905
587.21, -14.1967, -3.00749
588.387, -13.8961, 0.97747
588.742, -13.537, -0.227104
588.029, -13.5468, -0.340069
586.383, -14.0553, 2.20085
587.998, -13.6256, 2.24534
587.505, -13.8726, 1.2147
588.498, -11.3895, -0.505367
587.961, -10.7384, -0.341615
589.764, -10.6152, -1.94885
586.077, -7.94179, -2.76165
586.94, -9.10337, 2.35716
588.48, -12.714, -3.10001
587.943, -12.3508, 2.36171
586.305, -5.96555, -0.304957
589.055, -10.8503, -0.411377
588.352, -10.8741, -2.06091
584.759, -3.9649, -1.68893
581.34, 1.54757, -1.61743
590.273, -10.7793, -0.510839
589.803, -10.3521, 0.553579
590.365, -11.0145, 0.498793
593.761, -9.14667, -1.97606
590.296, -10.833, -2.5439
595.14, -7.16601, 2.20226
592.658, -8.72118, -1.82128
593.672, -5.58965, 1.1717
609.503, 47.4481, -1.12894
599.493, 21.5943, 0.450532
594.363, -6.32841, 0.989185
592.24, -9.40288, -2.26548
591.913, -9.20176, 3.0634
593.851, -7.34974, -0.277773
592.011, -8.98673, -0.427319
593.116, -6.83036, -1.01683
592.594, -7.00043, 0.0769787
594.687, -5.14007, 1.35493
594.401, -5.65205, 2.29561
594.191, -7.72579, -1.08576
593.032, -6.14866, 3.08535
597.567, -10.7763, -1.04103
597.545, -10.1589, 0.603823
595.375, -9.12649, -1.91045
593.9, -8.77416, 1.79592
599.517, -10.5841, -2.87427
595.402, -9.42579, 0.460302
652.596, -61.465, -1.33967
596.802, -9.91482, 0.246437
634.056, -40.0205, -0.567955
653.896, -54.2589, 2.29352
654.879, -57.5381, 0.187603
640.296, -43.9589, -2.563
655.38, -55.2264, -0.997689
650.654, -53.0215, -1.39097
658.35, -61.9712, 2.1447
640.618, -42.7917, 1.44483
650.654, -54.7635, -0.392007
653.356, -59.1281, 2.50423
655.025, -57.0574, 2.41146
632.424, -41.3594, -1.31787
597.118, -9.86703, 1.81176
648.544, -63.4451, -1.93001
600.312, -13.5989, -2.87325
600.877, -9.12214, 2.23329
600.207, -8.81575, 1.0063
600.595, -9.38068, -1.12901
599.751, -9.21514, -1.81382
600.748, -9.25962, 2.69756
600.508, -7.88133, -1.53317
600.138, -8.58811, -2.90038
600.123, -6.90622, -1.13024
600.03, -8.47602, -3.1108
598.74, -6.51498, 0.636541
600.5, -6.95589, -0.198053
675.241, 8.36831, 1.11134
599.849, -6.6187, -3.05776
606.59, 70.837, 1.3854
599.943, 72.8877, 2.08619
610.492, 57.2523, -0.628022
612.805, 65.1905, -2.11317
603.194, 68.2148, 1.18254
661.564, 13.5384, -2.6851
600.441, -9.59324, -2.28261
598.078, -10.1565, -1.5653
599.408, -9.36759, -0.633172
600.716, -8.80911, -3.1144
598.902, -10.0076, 2.31211
597.325, -10.8144, 0.428321
600.569, -9.20978, -2.76514
597.876, -10.3115, 2.0699
601.038, -8.71629, 2.08314
598.092, -12.0534, 0.897413
597.654, -10.6418, -3.13896
598.503, -10.5331, 2.25731
597.988, -12.2247, 0.425407
642.465, -66.7468, -2.74501
630.903, -71.6612, -0.00714097
620.343, -83.7539, 1.23532
596.676, -7.49135, 0.562757
617.575, -56.0282, 2.77645
597.694, -10.5911, -1.63985
593.263, -7.92653, -0.125965
596.286, -9.53727, -1.94601
596.426, -8.94678, 1.47987
592.367, -7.60782, 2.9925
595.227, -9.00255, -1.18063
597.458, -10.62, 0.47785
594.786, -8.70792, 2.99257
592.409, -7.2357, -2.96957
596.214, -9.45591, 2.88684
597.771, -12.4091, -2.5314
597.348, -10.8663, -3.13547
637.468, -77.1611, -2.43593
618.897, -44.0942, -2.44389
629.295, -51.7133, -0.816619
638.005, -68.7888, 1.58622
631.054, -54.8369, -2.55772
598.126, -12.0209, 2.4836
620.501, -41.5765, 2.57156
635.956, -62.7445, -1.23028
637.241, -66.9069, -0.930829
627.053, -54.2601, -2.66454
630.977, -54.8549, -1.52652
641.875, -56.1942, -1.42137
633.755, -45.8855, -2.58314
651.816, -60.1349, 0.92371
641.564, -53.4993, -2.80701
620.066, -46.9478, 0.707367
633.001, -53.7111, -1.14306
656.069, 11.453, 2.68762
603.595, -92.0986, -1.96981
636.174, 50.4627, 0.375693
629.895, 23.2622, -1.72327
617.584, -63.8513, 2.22483
608.235, -75.9478, -2.6791
603.248, -15.0593, 0.0922279
664.807, -59.947, -1.44154
651.15, -56.0456, 0.335367
603.221, -15.4438, 1.78357
654.713, -73.1241, 0.466584
653.101, -74.7753, -1.16623
616.734, -46.1234, -0.0633616
642.419, -15.9314, 1.97478
626.122, -68.714, -1.45508
628.017, -74.0594, -0.411198
615.772, -43.8761, 3.04832
639.12, -77.4182, 1.69104
646.424, -75.4988, -3.05006
599.082, -12.9278, 1.51308
599.213, -13.4104, 2.26558
598.966, -13.4619, -0.085817
601.87, -14.6583, -1.62673
602.16, -14.691, -2.82573
601.793, -14.6502, -1.07485
598.986, -13.5006, 1.91399
598.976, -13.4293, -2.98026
601.805, -14.6631, -2.44059
599.242, -13.9543, -0.268338
522.652, -24.5127, -2.49034
561.811, -20.0231, -0.853849
553.614, -29.8099, -1.97952
575.537, 41.2563, 0.598561
588.536, 30.0392, -0.695714
521.006, -26.5875, -1.92031
557.88, -24.8758, 2.84853
587.24, -30.8597, 0.671684
568.781, -61.7642, -2.99817
544.644, -56.0749, -2.37102
622.582, 60.3395, -2.69974
623.43, 39.524, -1.46663
598.239, -11.9767, 2.28415
597.631, -10.5798, 2.99971
597.766, -10.4127, -1.08337
598.807, -12.8277, 2.73817
597.3, -8.891, 1.5587
598.757, -11.7827, -1.35192
598.002, -7.58485, -2.91876
598.398, -10.1882, -2.45871
598.577, -8.71915, -2.97631
599.542, -7.51688, -2.61412
599.273, -11.5905, -0.218104
599.048, -13.0628, -2.89894
598.53, -11.0896, -2.54736
599.055, -11.8146, 2.42002
598.433, -12.6287, 0.18015
599.741, -9.3505, 1.46704
599.053, -12.3523, 2.27941
600.002, -9.2807, 2.56531
598.592, -9.31677, -2.5898
597.993, -11.1144, 0.964077
598.736, -12.5872, 1.72593
599.489, -8.8616, -0.256399
598.453, -10.9611, -2.6841
600.207, -9.1631, -2.50482
599.402, -10.086, -2.11098
598.352, -11.8591, 3.08487
598.248, -10.1602, 0.603066
598.809, -11.6315, 1.1957
599.667, -9.52129, -2.02152
595.767, -3.86552, 2.19429
598.452, -7.76141, -1.97112
598.674, -10.6093, -2.34386
597.924, -7.709, 3.12333
599.419, -8.70884, -1.76128
599.24, -8.32974, -1.91431
598.043, -8.36913, 0.977795
556.625, -8.82487, -1.87221
522.185, -30.9076, -0.65547
596.597, -3.83032, -0.401841
597.457, -8.07962, 3.11821
597.587, -8.32764, -1.6216
597.589, -6.22559, 0.477797
596.681, -3.86443, 0.33812
596.297, -4.85347, 1.42792
597.139, -3.58463, -1.16661
597.05, -5.70211, -0.585288
597.225, -3.65508, -1.78459
598.362, -2.80355, -2.14596
524.54, -7.05832, 1.3396
597.911, -3.94814, 2.07594
595.107, -4.72995, 1.84412
597.144, -2.96263, -1.50608
595.173, -2.60477, -2.09211
598.092, -4.63888, 2.57638
598.705, -2.54433, -1.75584
597.47, -2.91721, -0.929155
663.895, 25.9256, -1.90934
633.376, 10.7292, -1.57611
639.317, 8.85843, -2.08241
659.56, 15.7358, 0.0737327
657.152, 15.9354, -2.02343
662.2, -53.7781, 1.29083
637.529, 3.4081, -0.820085
649.215, -3.5836, 3.12244
639.026, -11.69, 2.75792
673.604, 3.6533, 1.2297
600.976, 1.29803, -2.24635
599.805, -0.868573, 3.14097
554.385, 12.7871, 0.890639
639.575, 51.2261, 2.5701
574.174, 6.99284, -2.45925
519.367, 9.73878, 1.35847
631.433, 25.6991, -1.91131
650.17, 36.0194, 1.13708
652.047, 30.8739, -3.04367
675.031, -16.9429, 2.44661
660.201, 19.1278, 1.88324
657.679, 13.3838, 0.578591
678.337, 18.6948, -0.0864985
653.974, 20.307, 2.4041
637.786, 11.9949, 1.43314
638.599, 25.0779, 0.493157
642.858, 20.263, -1.32024
632.191, 22.4601, 1.00539
638.296, 15.4131, -1.31813
590.384, -74.0196, 1.65022
586.924, -75.6642, 1.3181
630.046, -54.529, 0.42404
596.006, -62.1111, -1.49567
615.705, -76.6745, -0.507092
597.862, -5.00921, -0.497612
598.381, -5.2875, -1.89781
599.955, -1.83106, 2.24011
665.187, -35.8795, 0.618949
655.335, -22.7564, 2.41747
603.271, -63.059, 1.76607
597.871, -26.3168, 2.27553
590.443, -62.6363, 2.98007
593.952, -45.7367, 1.01217
568.729, 8.44041, 0.815701
531.092, 36.5186, 2.2778
602.32, -63.7133, -1.03292
607.642, -65.0684, 1.06622
530.698, -1.41575, 1.45386
595.922, -4.02879, 3.06409
535.92, -4.16972, -0.944196
556.618, -6.34648, 1.61068
535.422, -1.9917, -2.43028
540.724, 2.61245, 2.26691
535.181, -0.385595, -1.41965
537.834, 8.28642, 0.421792
543.94, -5.02342, -1.7832
528.251, -8.09466, -1.34329
661.949, -11.5347, -2.6771
662.606, -10.6842, 0.676007
596.512, -3.7878, -0.553028
634.802, -7.48648, 1.53313
594.855, -7.82152, -2.76489
652.225, -7.36805, -1.97474
638.033, -6.78133, 2.92161
665.223, -11.8727, -1.97937
653.391, -9.53879, -0.291405
664.042, -10.8898, 2.2991
675.567, -13.0639, -1.07897
662.627, -10.6218, -1.78478
648.237, -9.15185, -3.06059
673.153, -12.7162, -0.627442
597.955, -2.914, 2.76075
651.836, -9.54655, 2.77977
598.315, -2.55811, 2.24306
675.402, -13.158, -3.00345
676.742, -12.9793, -2.17933
661.895, -10.4286, -1.33202
645.928, -8.89824, 0.411053
668.347, -11.0746, -0.56075
663.796, -11.4739, 2.35514
632.676, -7.40089, 1.42595
596.967, -5.47135, 1.5694
647.995, -9.74515, -2.03573
596.201, -4.37502, 2.99956
652.049, -9.74227, 2.11486
676.824, -12.9585, 0.0334011
671.661, -12.2893, -2.93967
665.317, -11.589, 3.0186
597.097, -2.65168, 0.105933
595.977, -6.71123, -1.32984
648.58, -9.39552, -2.2057
596.195, -6.58625, 2.5772
647.899, -9.40233, -0.389432
657.765, -10.097, 2.93015
659.663, -11.0331, 0.365901
595.518, -7.0555, 1.18992
678.451, -12.7259, 2.17227
678.278, -13.3753, -2.76783
596.264, -6.57297, 1.92205
675.999, -12.4451, -3.01226
677.15, -11.9511, -0.233939
656.644, -10.377, 1.08373
675.22, -12.5661, 2.43519
672.97, -11.5718, 1.97687
598.191, -4.50862, 1.59881
652.667, -9.72877, 0.0728731
658.673, -10.6471, -1.60366
677.695, -12.0307, -0.712876
635.569, -7.82178, -2.97041
668.908, -12.2059, 1.8369
673.63, -13.3279, -1.87531
595.993, -5.96522, -1.32448
663.939, -11.3929, -1.9079
675.351, -13.0113, 0.33122
655.532, -10.1088, -1.673
665.148, -10.7098, 0.902595
661.728, -10.9726, 0.543083
667.503, -11.1302, -2.35248
658.546, -9.95424, 0.562576
598.423, -2.99125, 0.149689
674.477, -12.6484, 0.517897
596.044, -5.17198, 0.337782
665.009, -10.7695, -1.87822
597.976, -5.48376, -1.49108
654.983, -10.2316, 2.92777
677.366, -12.3506, 0.152544
