538.975, 14.4434, 2.78692
516.854, 0.799353, -1.4078
505.882, 26.592, 2.89633
506.032, 22.4162, -1.7339
502.067, -10.2051, -2.82838
499.256, -20.2602, -1.20752
505.513, -9.68086, 1.71435
499.81, 19.3755, -0.270072
510.134, 15.5734, 2.81604
540.977, -8.50985, 2.58575
516.424, 15.5743, -1.75341
510.367, 26.7937, -0.540277
548.358, -1.20997, -3.06146
535.552, 8.24911, 0.051847
518.704, 23.3417, -1.18026
528.402, 12.5195, -1.76325
506.674, -16.4026, -1.72579
541.607, 10.0815, 2.95098
517.446, 20.1017, 0.482782
509.596, -12.7288, -2.82756
532.221, -9.15856, 0.260046
550.626, 8.37783, 0.1662
520.478, 12.6344, -1.96272
517.768, 12.9334, 2.11405
552.432, 6.73756, 1.94233
521.344, 17.0226, 0.64343
546.222, -5.90043, 3.11688
506.922, 18.9819, 2.78761
539.312, 13.5547, 0.086118
501.558, -18.0034, -2.08266
516.322, 11.9355, 1.76038
514.563, -15.7522, 2.28837
577.922, -2.2752, 0.771483
528.489, -10.777, 0.605436
514.9, 18.716, -0.27729
561.004, 5.06392, -2.69271
510.696, 27.5469, 2.26492
503.876, -2.39705, 0.34708
509.804, 20.3385, -1.46807
508.216, -10.8298, 1.53336
527.947, -4.96679, 0.655615
507.868, 20.1017, 0.976286
509.823, -7.80201, 2.38956
528.725, 19.7742, 0.458254
505.52, -16.6263, -1.80188
545.542, -3.57277, 1.6144
517.966, -4.18051, 2.41845
502.272, 27.4294, 2.47547
535.596, 12.2697, 1.86599
544.472, 11.183, 0.039245
541.344, -2.53852, 1.31324
507.924, 29.6733, 2.46037
523.157, -2.16935, 0.665581
560.242, 6.24936, -2.9933
544.369, -7.82306, 1.80268
498.126, 14.0075, 0.415558
506.856, -0.792845, 2.37751
504.446, 14.7648, -2.83974
521.163, 22.761, 3.05963
500.511, -8.31094, 0.282635
502.863, -18.3591, 3.1041
505.725, -21.2156, -0.596606
533.958, -18.9792, -1.71981
576.585, -1.49593, -1.64974
576.794, -0.185663, -2.63881
624.395, 44.4205, 2.605
611.366, 33.093, 0.160959
623.295, 47.6814, -2.85603
620.646, 43.4984, -1.15582
622.381, 65.3544, 1.20314
620.847, 52.2246, -2.29417
624.256, 55.2227, 1.72413
613.276, 40.4324, 1.61598
624.209, 46.7862, 3.09453
613.64, 35.7355, -2.64235
607.62, 30.3212, -2.22813
654.406, 4.70019, 2.19047
623.852, 38.1004, -0.375172
654.727, -18.911, 0.503429
631.579, 29.9589, -0.847999
589.254, 6.85419, -0.576707
616.92, 15.2432, -2.0494
623.462, 8.50078, 0.555444
646.536, 3.6444, -1.36511
648.791, -4.35404, -0.347166
578.344, 3.00928, 1.84405
595.176, 66.754, -1.22639
605.102, 63.3794, 0.734857
585.82, 79.9507, 1.70255
513.563, 7.44972, -0.387773
613.878, 69.9628, 2.21949
595.578, 72.6036, 0.5985
594.741, 62.2885, -0.069574
596.059, 68.3276, 1.30309
646.555, 7.2979, 0.618596
632.777, 34.4855, 3.02593
639.152, 34.4936, -0.450539
606.432, 10.0666, 1.49903
600.756, 51.9828, -1.4452
611.383, 37.2465, -2.94257
593.476, 45.3302, 2.46744
597.16, 44.6154, -0.252344
605.886, 42.3866, 0.680368
613.484, 56.3227, -1.86433
601.371, 50.4763, -1.14368
604.725, 44.2721, 1.62947
589.568, 51.0514, -2.63624
586.29, 82.7868, -2.83454
580.11, 72.4238, 1.90575
587.362, 77.8629, 0.615182
576.818, 77.9961, 2.24748
592.897, 62.2963, 0.896206
611.124, 61.662, -0.314613
599.548, -6.65477, 1.31619
623.448, 15.0499, -0.093934
572.049, -21.6027, 2.19195
610.332, -60.7361, 1.35629
578.572, 4.31344, 2.26039
561.365, -17.0723, 2.59692
538.898, -51.6813, -2.60276
550.003, -55.7021, -0.151123
535.393, 72.3481, 1.05146
571.692, -30.5217, 0.912035
554.04, 68.9547, -2.3772
569.939, 78.3372, -2.76329
571.078, 55.089, -0.450758
580.306, 28.9714, -1.06007
581.868, 27.0564, 0.422451
576.863, 3.56014, 2.71739
596.77, 67.6087, 3.02165
615.912, 49.6348, -0.400638
599.919, 72.3736, 2.77218
610.145, 70.5103, -2.4554
598.11, 49.9619, 0.430635
646.789, 25.1138, -0.497524
603.948, 70.284, -0.779873
632.671, 31.2814, 2.32612
597.145, 62.0118, 0.765087
586.078, 26.6128, -2.21217
502.249, -6.99815, 0.288332
520.742, -24.0367, 1.09522
520.239, -50.1475, 1.86901
550.873, -60.8524, 1.02495
576.547, 7.69417, -1.30881
533.949, -61.6182, -2.87056
575.952, 8.16277, 2.93128
576.107, 8.04164, 0.3292
636.115, 51.5271, 3.13148
617.752, 37.9247, 0.916717
624.444, 40.1746, -1.37143
602.987, 29.4102, 2.8325
617.08, 35.198, -1.59596
633.953, 33.7374, -2.04418
561.344, 41.6525, -2.34362
529.336, 72.5199, -0.404892
533.522, 62.9467, 1.82751
549.969, 47.1046, -2.54159
545.37, 78.3154, -2.55683
606.366, -42.7667, 2.11768
609.143, -47.2761, 0.284041
629.325, -21.543, 2.5312
637.511, -26.3437, 1.88794
612.324, -14.2259, -0.626989
612.409, -17.0814, 1.85575
621.159, -23.0961, -1.81115
629.172, -47.9052, 1.08106
526, 18.7303, -1.83905
576.058, 4.7365, 2.84583
549.246, -2.9687, -0.268363
514.068, -13.278, 1.72793
563.232, 7.22896, 2.44347
520.577, -9.15347, -0.791301
534.495, 12.5993, 0.874167
591.238, -30.6076, -2.16873
514.247, 37.5933, -0.547398
555.033, 58.4789, 0.842098
570.999, 29.5075, 1.46713
568.444, 18.9009, -2.80886
555.458, 78.1635, -1.29244
558.017, 28.8164, -0.397707
555.512, 27.6751, 2.0143
550.388, 39.3035, 2.56707
558.322, 28.725, -1.67477
563.078, 47.9703, 1.66687
555.027, 59.4449, 0.551447
558.857, 61.1787, 2.99601
572.826, 5.93243, 2.71749
560.863, -60.539, 1.05334
570.206, -7.34188, 2.75629
567.996, -28.6875, -1.38069
569.092, -54.7724, 1.29715
572.91, 5.95313, -0.767428
573.188, 5.52206, 2.24776
538.155, 45.7786, -2.29954
572.258, 5.58235, -0.208676
572.285, 6.90093, 0.563793
572.045, 5.8723, 0.415168
572.973, 7.13065, -1.79707
538.666, 72.3734, 0.60714
531.363, 68.6495, 2.34109
504.789, 28.5137, 3.12394
516.075, 63.0761, 0.908371
636, 17.046, -1.13042
619.313, 10.666, -2.77982
572.048, 6.28101, -1.91351
572.578, 6.94245, -1.70241
496.103, 26.7028, 1.24365
494.991, 18.1675, 1.75329
500.769, 6.97363, -1.12254
519.55, 5.36687, 1.57184
512.756, 7.0156, -1.16518
502.211, 6.58841, -3.05164
511.948, 3.18539, 2.45619
518.897, 5.80123, -1.14459
528.434, 4.72269, 1.45335
517.613, -9.07542, -3.05325
499.242, -16.056, -1.79852
525.715, -2.90659, 0.381945
493.931, -12.2369, 1.74349
504.871, -3.03563, 1.01856
501.574, -2.93022, -1.38024
505.378, -4.97175, -0.571912
496.736, -5.3771, -2.84367
573.308, 6.20292, -1.41056
572.367, 6.07592, 0.212045
573.17, 6.34108, 2.99308
573.38, 6.08052, -0.517016
576.055, 4.84294, -2.79549
572.792, 5.93853, 0.402249
572.541, 6.4799, 1.93372
572.575, 5.68358, 2.26209
576.768, 4.58124, -2.46313
572.7, 5.65565, 1.15823
646.182, -18.6355, -0.423411
612.206, 7.15552, -0.121872
622.441, 11.7228, 2.26883
623.554, 19.7195, -2.73508
624.597, 30.6928, -2.19993
626.715, 59.6867, 0.41905
605.876, 45.2479, -2.15147
577.389, 13.9696, -0.839248
641.038, -0.561484, -1.57488
648.785, 29.946, -1.75576
633.388, 36.9048, 2.41464
646.998, 28.0738, -1.23692
647.672, 10.1721, 2.49198
651.536, 18.6925, 0.706377
616.238, 20.9054, 2.25233
622.039, 22.6521, -2.3027
630.082, -39.3421, 0.985567
599.887, 11.1825, -0.349144
633.965, 19.4897, -2.27077
624.011, -55.2356, -2.09369
589.236, -5.47664, 0.452633
620.672, -53.4461, -1.90935
614.791, -45.3587, 1.98257
586.157, -14.7198, -1.79689
585.715, -44.3866, 3.01215
590.215, -60.9371, -2.19431
613.27, 30.2473, 2.52873
578.528, 3.95863, 1.85834
614.936, 65.952, -0.283151
622.493, -57.0502, 1.11303
577.013, 2.76822, -0.361261
503.593, -21.217, -0.287835
532.312, -57.9277, -1.12761
577.832, 1.92278, -0.380285
519.175, -50.296, -0.492299
530.945, -45.4359, 2.02981
618.886, -51.1456, 1.98838
521.738, -44.8737, 2.40102
520.247, -31.4586, 2.12561
654.422, -8.34169, -2.19681
603.727, -41.3574, -2.94707
617.121, -60.3503, 1.14293
552.473, -15.3631, 3.09535
648.718, 23.7916, 1.37444
619.949, -57.5501, 0.691589
582.189, -2.77029, 2.31531
632.477, -48.4413, 1.9505
639.431, -48.9252, 1.01573
614.684, -37.1095, 2.16049
624.001, -37.5451, -0.7372
633.607, -34.3321, -1.40488
638.973, -24.7938, 2.02543
636.464, -55.3534, 2.78496
537.137, -18.1218, 2.19206
518.103, -22.3819, -0.255823
519.757, -19.1264, 0.863393
515.538, -11.8575, -2.87299
549.07, 1.61097, -0.692853
521.024, 4.80745, -1.31345
577.19, -2.4461, -2.19965
575.776, -1.04589, 2.7366
626.861, -33.8539, 1.05398
633.916, -38.8046, 2.38208
576.118, -1.79745, -1.71434
577.28, -2.51323, 0.281357
629.94, -35.7086, 0.366443
576.923, -3.7632, -1.51264
576.406, -2.97027, -0.563291
576.985, -3.68768, -1.69882
576.842, -2.90137, 2.0875
576.223, -3.48946, -3.13113
575.083, -3.41055, -0.37954
574.932, -3.27129, -0.581641
575.512, -3.93791, -1.53222
575.699, -2.92012, 2.31926
575.906, -3.65003, 1.55583
574.82, -3.18886, 1.3643
575.047, -3.30425, -1.71147
594.816, 75.4931, 2.17538
589.096, 56.9107, 2.36666
590.84, 53.6301, 1.15289
586.317, 55.6778, -2.08678
596.32, 65.6295, -0.478576
574.196, -2.50156, 2.29573
592.313, 54.0124, -1.95674
585.928, 24.5019, 2.9808
573.753, -2.39321, -0.512389
573.711, -2.5055, 2.38063
517.612, -60.762, 0.487908
549.003, -37.6636, -2.15601
547.637, -58.0772, -2.03963
513.154, -55.6076, -2.45612
582.824, -76.5696, 2.77626
572.712, -3.14827, 3.11957
572.866, -2.84396, -1.75139
573.405, -4.21325, -1.22813
599.554, -20.6861, 0.391052
560.141, -49.9188, 3.10721
557.047, -71.0199, -1.03073
566.909, -51.4219, -2.39291
563.765, -53.3533, -0.920149
539.668, -68.9967, 0.459677
554.073, -63.4835, -0.430419
541.408, -48.9198, -1.9226
529.122, -59.9916, -2.51771
607.489, -71.2662, 1.96613
602.884, -71.2273, 2.91102
596.058, -61.4834, 1.02312
629.905, 49.201, 1.38246
614.478, 61.3045, -2.31374
615.564, 58.5166, 0.979891
601.689, 36.5966, -2.27559
608.109, 43.2516, -2.76614
610.514, 48.0247, -0.38018
598.247, 29.3958, 0.090455
540.298, -16.6755, -2.24996
542.39, -18.8833, -2.5713
501.765, -31.2135, -0.747151
529.271, -21.5279, 0.284311
534.172, -24.3858, 0.432885
572.761, -3.06999, 1.4397
643.203, 35.8869, 1.23164
620.076, 7.68723, -0.992057
631.022, -14.2342, 1.15228
605.534, -2.0451, 0.29196
624.945, -21.9164, 0.478201
647.145, -20.2476, -2.24738
565.637, 68.1821, -1.87503
549.294, 69.0072, -0.349509
577.259, -3.98481, 1.89324
637.972, 20.2509, 2.13379
575.306, -43.6593, 2.58687
638.755, 31.0838, 1.90688
638.581, 31.539, -0.391741
609.849, 38.531, 1.4263
601.775, 37.1595, -1.86492
576.952, -1.76008, 0.760151
612.141, 30.5646, -1.35571
629.263, 48.7429, -0.141655
576.723, -4.99289, 1.21567
575.633, -3.45375, -0.437146
575.868, -3.81152, 0.154831
576.616, -3.54709, -1.25316
554.202, -79.0671, -0.219914
576.306, -4.37517, 0.169526
577.266, -3.60314, -1.15101
576.866, -3.60347, -2.94235
576.523, -4.96722, -0.334746
576.521, -4.38746, -0.22091
576.523, -4.72549, 0.710269
576.458, -4.3634, 1.1706
501.112, -34.6365, -0.192097
530.786, -11.166, 0.989827
575.386, -5.95094, 0.096593
574.296, -7.06528, 1.27055
573.541, -6.45945, 2.8106
575.52, -5.71736, 3.11277
572.833, -7.617, -1.34779
575.548, -6.1365, 0.446936
575.035, -6.58617, -0.117396
572.669, -6.99157, -0.858688
574.774, -7.05167, -2.41816
572.642, -7.48238, 2.43171
572.5, -7.22656, -0.030081
574.112, -7.69308, 2.77772
573.887, -7.02703, -2.43582
574.114, -8.41154, 0.739859
573.972, -7.86953, -2.70599
571.77, -6.63183, -0.215272
568.253, -3.538, -0.788941
573.748, -6.76117, 0.19312
560.897, 0.964833, 0.226182
561.696, 56.8833, -2.55053
566.017, -1.58379, 1.41067
564.745, -0.591288, -0.553404
569.598, -3.97621, -1.0702
570.58, -5.60645, 1.01037
559.108, -0.443314, 2.8535
560.676, -0.419431, -2.87903
562.787, -1.7345, 2.9614
568.719, -4.17048, 0.149991
569.552, -4.92268, 1.16817
563.95, -2.10671, -2.27089
563.824, -1.52726, -1.00613
567.543, -4.07142, 2.13807
563.333, -1.9265, -0.240882
567.767, -3.53065, -2.9748
564.08, -1.50727, 2.47536
567.789, -3.99963, 1.1453
567.906, -3.33374, 2.43029
567.628, -3.55102, 0.753196
561.782, -0.890481, 0.522938
563.253, -1.97015, -1.00454
567.432, -5.53837, -2.90971
566.495, -7.20994, 1.23629
566.524, -3.39387, 2.34109
564.267, -10.7182, 0.566966
559.243, -0.154523, 0.583676
565.084, -2.25552, -0.676725
567.03, -3.40251, 0.891059
560.256, -0.085279, -2.79052
566.25, -3.0429, -0.495774
563.471, -1.57876, 1.51013
560.658, -0.733083, -2.25849
560.571, 0.104846, 0.600943
563.84, -1.68653, -1.5192
563.008, -1.75099, -1.71449
562.978, -1.41069, 0.835515
560.455, -0.333712, -1.49971
559.641, 0.177842, 0.973247
559.646, 0.300094, 1.94474
559.826, 1.1988, -2.13221
559.239, 0.369678, 0.889292
559.483, 0.75379, 2.32853
560.449, 0.268921, -0.436493
559.446, 0.698016, -1.51747
563.506, -1.31647, -2.56752
561.841, 0.104023, -2.9397
559.553, 0.865297, 2.05323
560.443, 0.924183, 1.92979
562.097, -0.56782, 0.839258
561.148, 0.869297, -0.758096
562.809, -0.202245, -0.035673
560.471, -0.315975, -3.03965
560.055, 0.648186, -2.39672
559.872, 0.683103, 2.04266
563.073, -0.718693, 0.352494
560.03, 0.011369, -2.32776
560.515, 0.195209, -2.28613
561.117, -0.726208, -1.64892
559.786, 0.359975, 2.394
560.333, 0.585597, 1.39432
560.642, 0.296584, -0.971235
561.114, -0.150401, 2.1717
559.475, 0.803374, 0.736846
560.337, 0.66864, 2.35606
559.729, 0.356001, 1.53252
560.288, 0.353181, -2.6658
559.294, 0.223034, 1.61492
554.625, -0.478653, 2.48493
559.617, -0.021521, -0.907118
559.799, 0.864843, 2.99256
559.465, 0.137988, -2.07204
554.801, -0.54781, -1.87936
554.816, -0.480497, 0.461625
555.421, -0.241072, -1.0146
563.328, -1.80022, 2.74331
563.063, -0.332302, -1.15532
560.816, -0.479119, 1.95167
560.518, -0.24919, -2.61133
562.523, -0.69722, 2.74301
562.211, -1.48022, -3.12555
572.877, -10.892, 1.64624
568.867, -7.32558, 1.87732
567.223, -6.26057, -0.104981
567.532, -5.73839, -2.51637
562.803, -0.231348, -2.33093
568.03, -6.5401, 1.77492
567.339, -6.39574, -2.97271
567.517, -5.79685, -0.194249
571.652, -10.6616, -2.89095
567.412, -6.04591, 1.07687
571.389, -10.0273, -1.18537
567.892, -5.63523, -3.07808
570.568, -9.23374, -3.08874
565.884, -4.37697, 0.229215
567.962, -6.95006, 2.40433
570.346, -9.02582, -0.851367
566.314, -4.30902, 2.95987
573.203, -11.8708, 3.00234
573.121, -11.1869, 2.77028
566.914, -5.36264, 1.14318
570.106, -8.28212, 0.488076
570.538, -8.03055, 3.09316
569.034, -6.91928, 2.97292
564.84, -2.99931, -1.76307
570.791, -8.1198, -0.014809
565.249, -3.46976, 0.683514
568.563, -6.14977, -0.952226
573.02, -11.0333, 2.0675
572.944, -11.1538, 1.62602
567.758, -6.53011, 1.24481
572.97, -11.0416, 2.27926
572.172, -11.2895, -0.431398
569.99, -9.13302, -1.56256
570.857, -9.98433, -0.670609
571.776, -10.2399, -0.265895
568.105, -5.4646, -0.40188
569.345, -6.84926, 2.63567
573.979, -11.8537, -0.838118
563.373, -11.2351, -1.41526
564.999, -9.79229, 0.507127
564.525, -9.48952, 1.12198
570.564, -7.7442, 1.33923
561.602, -12.8714, 1.65597
560.935, -13.3275, -2.81443
565.953, -8.10411, -1.98831
562.902, -12.1228, 0.916329
561.921, -12.6448, -1.63244
563.588, -11.3327, 1.75817
559.556, -14.7255, -0.0073
561.242, -14.4642, -2.18258
560.507, -14.0198, -0.434183
560.147, -15.6822, -0.584761
562.337, -12.4257, -0.298956
560.615, -14.7479, 2.67624
562.66, -12.4087, 0.733664
559.105, -15.3372, -2.32713
559.971, -15.3848, 1.14593
561.352, -14.3308, -2.75699
561.416, -14.2364, 2.54468
559.911, -15.6979, -1.30678
561.499, -14.2087, 1.06479
560.314, -14.672, -0.978732
559.582, -14.5787, 2.8317
561.718, -12.5396, 0.582211
559.495, -14.3752, 2.78177
560.464, -14.063, -1.17253
560.523, -14.37, -1.30014
559.887, -15.1616, 1.6503
561.618, -12.5755, -2.36982
559.879, -15.6345, -2.52662
560.12, -14.1875, -1.34386
560.55, -11.8628, 2.3774
560.131, -14.752, 1.28905
557.102, -13.4813, -2.96223
554.819, -12.5958, 1.1363
561.08, -11.6676, -1.42966
557.536, -13.4625, 2.97252
560.821, -13.647, -1.42357
560.378, -13.2225, -0.222333
560.63, -10.4798, -0.28668
560.971, -12.9702, -1.22644
558.27, -14.564, 1.39718
560.797, -13.1505, -2.49254
554.785, -12.6449, 0.670416
561.392, -12.1944, 0.179582
561.081, -12.6875, -2.30312
559.67, -15.1527, 2.52572
560.206, -14.2807, 2.19306
559.181, -14.7852, -0.132528
559.776, -13.105, 1.90298
558.41, -12.7433, 1.08327
560.119, -13.2556, -0.148522
561.159, -14.3303, 2.26691
556.434, -12.1109, -0.75017
560.501, -14.5961, 2.32314
560.157, -15.9567, -0.158078
559.957, -14.2835, 0.064508
559.338, -15.0188, -0.675232
560.283, -16.0625, 2.55894
575.469, -32.0885, -2.15825
575.437, -33.114, 2.21315
560.616, -16.1372, 1.82804
567.175, -25.3703, 2.4037
576.691, -38.3576, 2.41908
561.401, -17.9521, -2.80395
574.6, -35.9941, 2.18955
571.544, -30.227, 2.919
576.358, -37.3444, 1.65519
568.978, -28.064, -2.01852
575.343, -37.5868, -1.8231
572.245, -34.9451, 3.01711
570.388, -30.7495, -2.86814
562.559, -19.4293, -1.22997
564.687, -23.1278, 0.751339
570.05, -32.406, -2.51914
570.608, -33.4616, -1.42661
563.342, -21.2291, -2.26341
563.312, -21.2617, 1.31324
569.754, -31.3799, 2.65744
568.368, -29.7944, -1.8403
567.85, -28.2079, 1.67473
564.678, -22.4435, -1.89806
567.538, -28.6901, 1.02544
566.012, -25.9111, -2.69515
569.567, -31.6483, -0.750046
571.795, -35.5799, -1.12117
572.56, -37.0387, 1.38327
564.104, -22.4473, -3.09575
563.748, -20.8935, 2.19442
571.4, -35.4945, 1.94779
563.982, -22.3122, -2.98671
563.722, -21.4169, -2.62814
563.413, -20.5432, -0.467207
569.582, -31.7425, -0.896937
568.079, -29.812, 0.872564
567.655, -28.7907, -2.40998
568.39, -19.9052, 1.78609
565.125, -24.0876, 1.41617
568.82, -19.5435, 0.882639
572.974, -36.3297, -1.99205
567.373, -27.11, -0.823677
574.406, -37.9966, -0.407903
574.226, -38.2806, -1.42447
566.827, -27.0961, -0.935039
568.403, -28.6108, -1.38648
567.586, -27.446, -0.847485
567.05, -27.0639, -0.976565
572.182, -34.5051, -1.23625
571.069, -33.77, 1.36847
566.558, -25.7392, -1.24677
566.73, -26.5348, 2.21918
570.648, -32.9245, -1.7163
573.692, -35.8371, 0.529902
567.97, -28.1414, -2.88344
572.222, -34.8541, -0.40826
573.002, -37.0576, 1.06387
566.837, -27.6324, -1.23916
570.178, -32.2523, 2.98718
566.794, -25.8376, -0.874167
571.84, -34.32, -1.37925
564.542, -28.783, 2.2297
568.511, -29.173, -2.02964
574.913, -39.6233, 0.90264
571.182, -33.5752, -2.18863
569.585, -30.9019, -2.62649
572.294, -34.9246, 2.59883
569.736, -30.952, 1.26301
572.596, -35.1173, 2.13888
570.356, -31.1466, -1.33403
571.333, -33.0856, -1.42381
568.981, -29.3115, 0.194273
572.414, -34.4968, -1.547
572.955, -34.4472, -0.743067
568.887, -29.4249, -1.51876
571.213, -32.9905, -2.62277
569.174, -29.3544, -1.80149
571.241, -32.28, 1.55943
572.664, -34.6024, -1.0907
574.879, -37.9143, 0.948604
570.693, -31.5759, 0.212217
575.025, -37.0157, 3.00843
575.877, -37.107, 1.84995
572.685, -33.6767, 2.26709
575.376, -36.9015, 0.944169
570.669, -31.3485, -2.94595
574.655, -34.8685, -0.718195
572.151, -33.9305, 1.22921
575.774, -38.3802, 2.49464
574.31, -34.7651, 0.586393
576.108, -34.5568, 0.871455
574.597, -35.3192, -1.77598
575.561, -31.6255, -1.47045
573.02, -32.7509, 0.949966
574.069, -35.3769, 3.04691
575.477, -32.7986, 3.11837
576.093, -35.5167, 0.051452
576.425, -34.6868, -2.86144
576.759, -33.4017, -0.777969
574.852, -32.6957, -0.138266
574.718, -34.4572, 0.397321
574.895, -35.9108, 3.05235
574.361, -35.6517, 2.11936
576.17, -36.5744, 2.46458
576.439, -35.4421, 2.57548
575.095, -36.6081, 0.088088
574.257, -35.4944, -1.83146
576.17, -35.9142, -1.05387
574.416, -35.8602, 1.76722
575.613, -36.4918, 0.32116
575.998, -31.9783, -2.1498
576.283, -29.4337, 0.702588
576.187, -35.8234, 2.74063
576.128, -35.5604, -2.72298
574.954, -32.0496, 2.38264
574.653, -30.4963, 2.58021
575.261, -32.1737, -0.104405
573.633, -31.2855, -3.07648
576.028, -31.0219, -2.9969
573.887, -31.4496, -0.627233
577.156, -30.1625, -1.67498
576.991, -31.2688, -2.75058
575.731, -30.7603, 0.882536
573.925, -31.1866, -2.67767
575.191, -31.0487, 0.037864
576.248, -32.8792, 1.62517
576.569, -32.8377, -2.69048
577.202, -30.8548, 1.52395
577.309, -31.0201, 0.479345
572.911, -32.1474, 0.48954
575.374, -31.5537, 0.129672
575.797, -32.7616, 2.04869
573.581, -30.891, -0.731156
573.77, -30.8057, -0.488218
575.18, -31.6006, 0.193995
577.085, -29.4584, -2.3597
576.644, -30.6349, 0.332052
581.494, -28.1375, 1.70833
584.238, -27.3034, 0.278093
584.855, -27.7456, 1.66078
579.584, -28.6381, 0.839342
581.945, -26.9378, -0.917367
584.015, -25.9144, -0.753406
583.735, -26.1422, 2.62688
587.681, -26.0785, -1.06465
584.836, -26.0011, 2.33245
582.022, -27.3946, -1.86662
582.871, -26.9354, 0.731783
586.889, -25.5155, -1.04509
583.176, -27.0584, 1.32391
582.666, -28.9964, -0.046585
585.041, -30.4771, -1.67944
585.311, -25.8673, 2.43031
583.034, -25.5609, -2.11714
582.871, -25.3212, -0.288665
596.439, -35.7601, -2.10901
587.987, -31.3935, -3.1001
584.885, -30.3703, -2.45871
582.692, -26.8442, -0.790976
580.892, -26.2155, 1.19128
585.797, -25.7198, 0.052589
592.043, -32.8206, 0.962567
591.766, -33.8149, -0.566441
589.842, -31.6966, 2.60315
590.573, -32.6163, -0.453822
584.158, -25.7061, 2.25847
584.527, -24.7467, 1.79284
585.954, -25.9166, -1.07462
581.727, -25.9465, 2.64207
639.098, -56.5451, 2.64691
647.167, -64.9362, -0.264377
584.741, -25.7041, 1.56566
636.06, -82.7062, 2.8362
626.403, -57.7967, 2.37619
640.558, -72.0853, -0.11608
615.129, -75.4312, 2.74079
619.525, -85.5537, -1.77259
585.981, -25.9789, 1.30195
586.333, -24.6485, 2.72315
611.853, -98.0977, -0.309531
627.259, -91.7465, 1.31443
624.917, -91.8678, 1.33641
584.214, -105.467, 0.299604
586.547, -24.8564, 1.77789
607.346, -72.0996, 0.431395
581.534, -54.8119, 2.16725
573.631, -81.4543, 2.03831
573.13, -69.1478, 2.08213
568.422, -92.9215, 1.28011
590.15, -77.4855, -0.778844
585.042, -58.4967, -1.82953
584.192, -88.2084, -1.55299
578.238, -71.9483, 0.348827
567.148, -74.1004, 1.02948
574.098, -49.4183, -2.08657
557.648, -74.0622, -2.75475
534.104, -75.2755, 0.300631
547.086, -73.6003, 0.732738
544.265, -71.5984, 2.97066
558.705, -50.0567, -2.50219
565.765, -76.5466, 1.01052
598.684, -83.8582, 1.99302
589.795, -48.0978, 0.187693
564.431, -62.2396, 2.20043
587.158, -70.5069, 2.63234
574.262, -82.5319, 2.78664
559.737, -92.6635, 1.61422
531.875, -81.9989, 2.0369
556.479, -50.7906, -2.78763
545.668, -73.0654, 2.534
536.695, -62.4674, 2.38013
553.994, -45.1216, -1.07357
555.648, -40.5032, 1.88935
589.078, -28.9848, 1.86896
585.848, -29.7316, -0.452066
585.77, -29.6187, 1.41662
590.382, -30.0098, 0.823406
588.086, -28.7895, 1.00353
599.056, -32.4221, -0.701942
601.622, -29.5193, -1.27293
590.957, -30.3718, 0.325096
600.312, -30.1029, -0.733996
601.517, -29.9378, -0.491102
601.775, -31.5191, -1.12242
604.476, -30.7363, -2.24351
595.258, -30.2076, 2.34359
599.398, -30.3892, 0.423208
594.795, -29.8697, 2.60787
594.031, -31.2934, 1.31367
605.46, -31.2944, -1.64662
604.508, -31.2233, -1.14095
602.241, -31.8212, 0.629744
598.774, -31.8773, 0.50386
605.58, -31.8329, -0.901141
600.278, -30.8414, -2.92879
597.94, -30.3115, 0.677594
598.558, -29.4894, 1.84226
603.331, -29.4428, -0.149938
606.059, -28.6388, -0.634921
595.421, -29.4531, -2.91314
604.1, -28.0417, 1.71599
596.367, -29.4503, 1.24348
597.812, -29.1172, 0.246836
602.732, -30.0845, -2.28507
596.809, -29.9892, -0.956647
597.348, -30.6611, 2.36727
601.866, -30.1429, -1.43023
607.206, -29.0224, -0.07341
598.037, -29.803, -1.28503
596.494, -30.0486, -2.24402
602.828, -29.6586, -2.9997
599.616, -30.2521, 0.275498
600.002, -29.5872, 2.92744
599.822, -29.5637, -1.67648
598.337, -30.2886, -2.6292
599.693, -29.8993, -0.666768
599.947, -29.8566, 3.05465
604.048, -29.4456, -2.62651
602.217, -28.921, 2.44597
605.204, -28.5797, 1.87037
606.319, -28.9457, 2.1256
603.348, -28.7084, 0.001536
606.296, -29.0451, 0.282095
601.916, -29.7398, -1.31803
603.225, -28.8416, -1.04671
655.329, 8.7644, -2.16662
661.056, 15.4022, -1.29828
625.9, -9.88635, -0.892165
638.816, 3.42625, 2.39054
644.923, 11.075, 0.957734
647.762, 18.9303, 1.33516
619.5, -1.72224, 2.7006
635.539, 31.3636, 0.834485
635.496, 29.5315, 0.715745
613.53, -3.31046, 0.483478
623.639, 22.7932, 3.12491
621.662, 22.5521, -1.47436
605.823, -29.0766, -1.60102
603.609, -29.4647, -1.98651
604.035, -29.2945, -2.42087
607.025, -28.9069, 1.61202
604.337, -29.1352, 2.15398
605.998, -28.8119, -1.5214
607.173, -29.0164, 2.8496
604.881, -29.8123, -2.98426
606.929, -28.6822, 1.71436
606.11, -29.7353, -0.659372
606.567, -29.2115, 2.11847
606.739, -28.7238, -0.186528
607.077, -28.5212, 1.53683
606.584, -29.1898, 2.06979
607.033, -28.5678, 2.25704
607.113, -28.7107, 1.94127
606.699, -30.0317, 1.66056
607.185, -29.4577, 0.40823
597.04, -32.0227, -2.48596
581.515, -36.4692, -1.47475
601.23, -30.1333, 0.374669
603.563, -30.0065, 2.04977
590.859, -29.7323, 0.071014
590.883, -27.9298, -2.96757
594.058, -28.1424, 0.590794
581.818, -26.1911, -2.00619
599.261, -28.1878, 2.45024
589.987, -28.0501, -0.188329
544.243, 18.0342, 2.36107
553.591, 25.7526, 1.11658
574.042, 12.6816, 0.787606
578.095, 22.8635, -1.3888
567.362, 29.0433, -1.59486
586.827, 45.8949, -0.264274
601.174, -2.58041, 2.4922
590.348, -26.634, 0.055894
580.914, -22.4771, -2.99519
585.845, -25.2451, -1.80625
601.515, -28.1454, -1.11255
585.749, -25.2939, -1.45826
588.232, -25.7043, 2.1937
582.523, -23.8716, -1.78362
584.584, -25.23, 2.79834
599.65, -27.9729, -2.92706
586.278, -24.9411, 1.27644
601.02, -28.42, -2.43818
580.626, -24.1229, 2.11146
583.927, -23.8851, 2.89881
595.434, -27.5287, 0.964023
580.803, -23.4258, 0.378789
599.045, -28.2469, -2.09797
595.055, -26.7556, -1.67756
528.183, -25.9844, -1.83047
597.159, -27.8247, -2.83899
589.743, -25.6762, -0.362848
589.453, -25.7584, 1.00329
584.158, -24.2041, -2.32705
588.629, -24.4734, 0.203291
525.499, -30.0753, -0.761798
591.693, -25.6594, -0.733707
592.039, -25.4134, -2.0892
584.099, -22.7865, -1.73886
592.356, -25.3823, -1.06135
590.703, -25.0812, 1.63403
594.962, -26.8346, -1.27815
589.039, -23.7694, 2.63205
592.688, -26.4104, 0.271392
590.769, -24.663, 2.22894
583.788, -21.6263, -0.902566
594.183, -25.8941, -1.61144
587.497, -23.3112, -1.86071
586.41, -22.2751, -0.935965
588.898, -24.3535, 0.130031
582.41, -21.2804, 2.03872
586.005, -22.2291, -1.72357
591.175, -25.5421, -2.03803
585.716, -23.1837, -3.1159
584.238, -21.429, 1.26918
585.22, -21.78, -0.171362
586.446, -23.7146, 0.076477
583.081, -21.2408, 1.65204
584.545, -22.6078, -1.54697
583.212, -22.0201, -2.15066
590.001, -25.0631, 1.56437
588.323, -24.6627, 1.65879
585.73, -22.9815, 0.155704
586.617, -22.5279, 0.62037
585.234, -21.7127, -0.283695
588.631, -23.8307, 2.08424
581.584, -21.0392, 1.04503
562.968, 10.4637, 1.49064
587.578, -23.2536, 0.219761
556.521, 20.4171, 0.644128
553.955, 40.1016, 2.19279
578.758, 3.9601, 0.701397
586.892, -23.9698, 0.033225
585.897, -18.6203, 3.03643
523.11, 2.82494, 0.127887
585.878, -22.0016, -0.956255
585.527, -21.3676, 2.82268
522.899, 21.069, 0.217451
587.324, -17.9858, 0.284335
586.64, -25.4053, 0.744004
532.941, 8.47789, -2.80134
555.337, -31.077, 0.400102
527.172, 2.88749, 0.816374
519.42, 2.60066, -1.5712
528.107, -13.612, 0.462537
547.447, -27.8025, 0.603121
560.666, -19.8775, -1.97129
541.57, 3.8323, -1.08617
529.69, -25.7972, -2.53932
515.582, -38.782, -2.94497
656.294, 2.02913, -2.76858
518.378, -28.9576, 0.796154
584.377, -20.8535, 1.61514
587.199, -19.7085, 1.16497
585.57, -19.3107, -1.65152
583.11, -19.751, 1.53871
584.523, -21.3387, 2.57764
549.899, -84.8908, -2.00412
527.609, -73.1748, -3.09392
544.087, -82.8731, -2.48221
587.167, -83.5882, 0.942059
573.727, -50.1846, 0.126975
564.095, -84.9034, 0.186727
555.834, -95.3922, -2.18511
537.222, -63.1151, -0.679331
534.638, -57.0591, 0.070981
526.619, -75.1724, -2.81952
582.286, -20.1638, 2.38953
582.461, -19.8207, 2.91053
582.77, -19.6453, 2.94811
553.242, -52.5915, -1.31927
578.662, -22.0053, -0.547
578.637, -22.6845, -1.94339
577.497, -23.8229, 0.065135
578.597, -22.6264, -0.071346
577.694, -22.6364, 1.16683
578.08, -24.1393, 2.08781
576.843, -25.8576, 2.69784
580.327, -21.6009, 0.050615
578.686, -25.9223, -0.079625
575.738, -23.3079, -1.09474
576.059, -24.9342, 1.84902
577.553, -24.4238, -1.34842
615.785, -85.1262, 1.69042
607.326, -89.1731, -2.76661
580.385, -102.918, 2.5401
587.924, -47.7158, 2.3876
614.481, -69.1883, 2.23881
614.4, -54.9493, -2.88969
624.92, -84.9713, -2.97251
575.165, -24.0653, -0.38327
577.548, -23.0664, -2.15454
576.937, -25.2086, 2.59636
574.465, -24.0584, -2.97333
576.098, -26.6655, -2.31997
578.679, -22.4499, -2.9372
578.579, -22.2331, 0.630972
577.523, -21.8474, 0.103599
574.325, -23.8643, -1.32195
578.705, -25.2067, 1.95939
577.348, -24.4106, -0.96087
574.525, -22.7014, -1.39921
574.947, -22.8264, -2.36576
575.674, -23.4937, -1.40644
576.059, -22.1352, -0.921133
575.315, -24.686, -0.883821
574.554, -24.2856, 0.117395
573.207, -20.6582, 0.297623
575.569, -23.2904, 1.71778
567.379, -10.4093, -0.172609
572.03, -18.8951, -0.425915
563.926, -5.3705, -0.720003
567.921, -14.0182, 2.80902
568.923, -15.9685, 1.17155
567.428, -14.0906, 2.95175
562.675, -7.57074, 2.51439
563.157, -7.60363, -2.66673
560.91, -4.21298, 0.500835
566.33, -12.023, -1.92782
569.137, -16.6709, -1.77283
561.816, -5.99191, -1.06481
562.379, -5.67638, 2.96944
569.34, -16.0963, -0.986986
564.083, -8.25652, -2.4644
566.734, -12.331, -1.62564
562.003, -6.0413, -1.79005
567.894, -14.2878, -2.6366
561.938, -4.58702, -1.0638
565.056, -8.8803, 2.90412
568.906, -15.46, 3.03556
560.402, -2.56122, -2.72797
567.896, -13.3404, 0.807973
566.012, -10.3868, 2.715
569.444, -17.6952, -0.960728
561.17, -3.23172, -2.64615
563.184, -5.60894, 0.220575
565.333, -8.65872, 2.28185
565.73, -9.12961, 1.22697
567.519, -18.3128, 1.99914
568.732, -17.8493, 2.71953
568.367, -18.5178, -0.620851
568.311, -18.6312, -0.862621
567.619, -17.5815, 1.723
567.943, -18.8646, -0.152778
567.747, -18.8874, -0.865056
565.582, -19.3228, 1.20738
562.947, -19.3377, -1.60137
562.845, -18.9826, -0.036413
566.633, -18.9651, 1.96957
565.838, -18.6715, 0.646112
563.095, -19.245, 1.87267
565.157, -18.8282, 2.55545
565.319, -18.929, -2.57698
563.401, -19.2179, -1.58812
563.951, -19.446, 0.60328
565.255, -19.186, 2.49596
564.148, -18.8993, 0.796037
562.494, -18.9128, -2.54704
562.516, -19.5772, 0.430399
562.786, -19.7797, -0.824014
561.759, -19.388, -1.98948
560.969, -16.8796, -1.88909
562.722, -20.104, -1.8967
563.538, -20.6096, 1.91384
563.169, -20.0374, -2.90702
612.948, -76.2734, -2.3875
562.86, -20.3544, 2.4523
562.308, -20.8677, 1.08818
562.843, -20.0578, 0.061313
562.733, -20.1652, 0.375051
562.248, -19.784, -0.849303
563.487, -8.66275, -2.12635
562.496, -16.6805, -2.6813
561.883, -9.18925, 2.21827
561.426, -9.10145, 2.87001
562.6, -15.0183, -2.01598
562.148, -17.4042, 3.10734
562.621, -16.5132, -2.68617
564.609, -18.9008, 3.07047
561.493, -10.7531, -2.75893
562.09, -17.324, -0.471741
562.51, -15.6204, 1.78522
562.544, -15.8072, -0.237328
561.731, -15.6068, -2.56839
562.019, -13.3776, 2.30107
561.626, -10.8628, -1.04519
560.592, -11.6042, -0.495143
561.595, -12.4642, 2.90766
562.053, -15.2066, 2.11475
562.145, -14.8208, -1.20022
561.719, -13.9106, 0.665035
561.186, -12.9001, 2.19273
562.031, -14.0581, 0.052867
561.41, -12.3047, 0.085522
561.162, -13.38, -0.354608
561.439, -15.6253, -2.00579
560.134, -10.3025, -0.398619
557.282, -16.5103, 1.7789
514.977, -70.7724, -2.67308
510.868, -80.5338, 0.926428
555.328, -15.5163, -1.18998
537.397, -48.9394, -8e-05
525.943, -68.9329, 1.3364
555.48, -15.2716, -0.135869
555.227, -15.2709, -1.65022
557.302, -15.9386, -3.01966
557.302, -15.5343, 2.09825
557.372, -14.9951, -1.44361
556.458, -12.2965, -2.03383
557.117, -13.1221, -1.32269
555.726, -15.5044, 1.70527
557.048, -13.1515, -0.278625
554.891, -15.0652, 1.06721
557.331, -16.2476, -1.68439
555.738, -15.1813, 1.76357
556.096, -15.8338, 0.752617
556.156, -15.4209, -2.48616
555.699, -15.2595, 1.78642
554.908, -15.5252, -0.731112
555.642, -15.581, -2.08758
554.935, -15.2457, -0.304519
555.092, -14.9846, -0.620292
555.828, -15.2943, -1.45388
556.054, -16.0706, 2.02801
526.769, -62.7032, -1.60697
555.838, -15.6345, -1.21201
555.297, -15.7357, -0.536559
575.369, 62.2876, 0.943708
576.835, 55.0753, 1.09921
555.166, -14.7661, 0.51609
555.458, -15.4935, -2.9049
555.08, -15.0726, -1.20294
557.477, -16.3584, -0.975517
557.649, -17.0257, -2.31963
555.289, -15.2724, -2.49252
580.903, 51.8913, 1.52568
559.964, -17.2357, -2.86765
556.049, -15.7835, 0.269164
560.78, -16.907, -1.98117
557.409, -16.0238, -2.42089
555.717, -15.6435, -2.62464
556.34, -16.1321, -1.60237
559.355, -15.8472, -1.02186
557.593, -15.7136, 0.178281
556.929, -15.3553, 2.98309
558.028, -15.7355, -0.169283
561.923, -16.3399, 1.61793
559.582, -16.0368, -2.03187
561.848, -15.7896, 1.9193
562.774, -16.6716, -0.817212
557.546, -13.3183, -0.966599
558.45, -15.9328, -1.98032
562.224, -16.1537, -2.12803
557.474, -13.292, 3.07004
557.91, -14.9191, 0.733232
557.744, -13.0345, 0.982185
557.929, -13.0019, 0.870546
557.865, -13.7088, 2.63539
557.769, -13.5301, -2.92454
557.876, -11.5369, -3.06042
557.619, -13.1094, 1.91861
557.856, -11.439, 1.63762
557.821, -11.4971, -0.687505
528.121, 8.83976, 2.90819
498.8, 26.3527, 0.254901
548.527, -12.3082, -1.13414
496.687, -9.48808, 2.27643
557.518, -11.4486, -0.99421
561.892, -10.304, -0.458556
564.354, -11.9182, -2.67314
617.987, -62.6353, 1.22553
561.261, -11.3248, 0.937525
562.27, -10.6329, 0.228555
563.974, -10.7042, 2.04553
561.725, -10.2463, 1.143
564.029, -10.4384, -1.57497
560.963, -10.3355, 0.116107
560.143, -10.8947, 3.00699
564.3, -9.94882, 0.045126
564.141, -9.92384, -0.333358
561.14, -10.4278, -0.909373
560.885, -10.6485, 0.246857
561.477, -10.6652, 2.96522
595.549, 59.6377, 2.25556
562.305, -10.4, -1.89714
563.463, -11.0203, 2.54016
563.836, -16.4503, -0.757671
525.606, -72.3331, -1.95069
524.088, -70.6971, -1.26354
563.726, -11.5539, 0.171193
522.961, -50.2929, -1.21008
564.033, -11.6858, -0.176712
562.566, -11.6957, 1.56995
563.556, -11.9058, -0.634087
563.441, -11.72, 0.871016
564.751, -16.2782, 0.008606
564.307, -19.6338, 2.89284
563.954, -12.6094, -0.386708
563.584, -12.9749, -1.25109
564.016, -20.2774, 2.12482
563.621, -14.0619, -1.14461
514.731, -41.4598, -0.921724
563.738, -13.2855, -0.7561
564.3, -17.2787, 0.023925
564.93, -16.0322, 0.946975
564.652, -19.8427, -1.08985
563.548, -16.48, -2.71431
563.697, -14.8315, -0.516288
564.45, -16.2259, -1.3659
562.256, -16.9835, -2.23541
564.776, -19.8905, -0.293107
536.545, -62.308, 3.07622
564.814, -20.2875, -2.8247
564.792, -18.7617, -0.498456
564.431, -16.065, 0.749554
564.741, -20.2636, 1.26334
566.075, -18.5762, -0.039315
560.87, -10.0577, -1.80469
560.256, -10.3285, -1.31532
623.773, 33.7767, -1.97015
618.079, 23.9747, -0.060013
623.154, 1.31051, -2.28364
564.586, -11.3792, 0.235843
563.311, -11.0362, -2.7646
600.055, 37.2129, -2.10447
593.542, 29.7946, 1.96022
631.443, 28.0922, -1.15038
606.735, 14.5491, 2.8209
636.3, 1.18403, -0.31173
563.523, -9.75341, -0.669766
564.635, -10.2644, -0.894244
562.901, -9.06714, 1.36866
563.992, -11.9377, -0.914887
564.235, -11.5905, 2.93348
565.323, -10.7765, 2.59101
564.59, -9.09902, -0.176873
528.044, 19.2847, 1.35316
502.418, 36.4381, -2.84494
518.501, 20.4981, 0.721382
564.644, -9.30301, -0.574026
551.51, -10.4822, 1.95746
524.015, -20.5738, 2.37796
501.658, -26.8121, -1.24404
491.842, -29.4515, -2.56627
521.771, -23.8395, -0.439611
563.543, -5.0778, -0.877252
563.265, -3.94869, -3.00079
563.543, -6.0567, -1.79281
563.744, -4.19826, -0.900322
563.87, -4.78962, -2.52658
563.288, -5.56026, 0.714149
597.548, 50.3768, -2.05493
604.506, 54.7865, -3.13703
605.385, 44.4531, -0.036241
620.969, 34.5863, 0.066254
625.267, 15.1024, -2.70798
612.259, -0.978185, -0.191953
640.806, -7.90371, -2.87557
562.259, -2.30463, 1.6323
563.063, -5.74, -2.25773
560.202, -4.75941, 2.59485
502.316, 16.9542, -2.86935
533.748, 0.392619, -2.17646
562.937, -5.13773, 0.992415
510.277, 1.48237, 1.16159
562.94, -3.01341, 2.76802
562.689, -2.33696, 2.76091
562.689, -3.37033, 2.43427
563.732, -2.04552, -2.84706
562.725, -4.21481, 2.77337
563.839, -0.014834, 1.60659
562.362, -3.19566, 1.15835
562.813, -2.28506, 1.41531
564.407, -0.412858, -1.44359
564.139, -0.471327, -0.378767
498.929, 37.8789, 3.00453
562.686, -2.52891, -3.06582
562.387, -2.55001, -1.7467
565.848, 32.9276, 1.0249
536.817, 56.2306, 0.920802
525.41, 43.1262, 0.952455
533.107, 10.7771, 2.78984
501.461, 49.5771, 0.650005
529.993, 60.6873, 0.408163
539.297, 40.0723, 2.85371
527.365, 52.0914, -1.14063
528.085, 43.7503, 1.68081
564.455, 0.230944, 1.77978
565.151, 0.608642, -2.83665
571.721, 0.381728, 1.18424
570.005, 1.10877, 1.35378
570.325, 1.63551, -2.56273
565.805, 1.44015, 1.33991
566.947, 1.19577, -0.119701
565.204, 0.531508, -1.42162
564.824, 0.72834, -1.82562
567.748, 0.844289, 1.86533
565.999, 1.72359, -3.05438
566.252, 1.16476, -0.446815
569.123, 1.20781, 2.96609
520.014, 59.8167, -2.24174
569.158, 1.11468, 3.12728
574.287, 1.35532, -3.1095
564.438, 4.40176, -0.177512
563.056, 3.62076, 1.83058
563.25, 3.3192, 0.232451
562.333, 3.93541, -1.64821
563.26, 3.43032, 1.59358
563.06, 3.73762, -2.13088
563.498, 3.36835, -1.74296
563.075, 3.59593, 2.43864
564.077, 3.9674, -0.57516
562.192, 4.08836, -1.43905
562.233, 4.74597, 0.778297
562.744, 3.14864, -1.20124
562.298, 4.80543, 1.76751
562.034, 4.12625, -1.18718
528.493, 62.1038, 0.359471
557.989, 5.83145, 1.23277
558.393, 5.44519, -0.686687
562.477, 3.33083, -1.0118
550.242, 13.8557, -2.15291
563.848, 3.53686, -1.07415
498.29, -29.9581, 2.56336
491.87, -21.4125, -2.28721
566.192, 0.740567, -0.315387
567.71, -0.249006, 1.52155
565.148, 3.43592, 2.07956
563.045, 2.7268, -1.99709
568.928, 0.457169, -2.67037
570.08, 0.215311, 2.89236
564.204, 3.25008, -1.46621
568.118, 0.497145, 2.40171
566.54, 0.780474, -1.82462
565.088, 2.49576, -1.11154
583.414, -65.743, 2.88131
567.646, -39.7692, -2.47121
555.173, -59.0214, 0.866215
535.889, -66.7345, 2.04828
568.457, -0.319309, 2.99056
566.086, -0.230516, 2.2015
565.989, 0.311883, 2.8041
565.411, 1.56931, 2.80457
568.579, -0.707948, 1.08458
567.982, -0.533699, -0.64483
567.319, 0.782013, -2.44908
566.188, -0.055095, 2.52289
573.644, -1.54273, -2.7467
572.238, -0.778958, -0.024867
567.779, -0.149085, 0.734879
567.347, -0.212383, -2.11291
568.992, -0.003544, 2.0715
566.922, 0.989221, -1.38591
569.037, -0.071747, 1.6197
567.652, 0.058799, 0.840258
572.123, -0.278874, -3.07437
568.743, -0.055182, 2.94796
573.297, -0.675783, 0.875522
571.785, -0.355049, 1.74024
573.808, -0.046693, 0.384681
570.428, -0.350369, -2.49428
569.496, 0.021338, 1.21408
570.792, -0.57798, 2.34512
572.291, -0.146293, -1.40824
571.757, -0.448234, -1.49998
569.867, -0.251745, 3.07811
572.749, -0.794438, 0.074739
572.924, -0.811396, 2.36768
572.722, -1.00206, 1.99589
573.745, -0.520523, -1.61397
571.572, -0.141841, 1.33317
571.48, -0.137933, -1.78927
570.896, -0.520813, 0.020844
572.226, -0.747001, 2.64727
572.549, -0.250281, 1.14309
573.564, -1.24946, -2.10565
571.502, -0.752521, 2.93898
576.005, -3.98944, -0.851743
573.489, -1.45332, -0.378221
576.546, -4.38173, -1.47113
573.209, -1.34143, -3.03452
575.823, -4.09152, 2.42665
576.947, -5.66155, -0.76889
573.562, -0.444554, -1.42238
575.14, -3.45585, 0.927883
574.634, -4.13887, -0.011428
573.507, -2.77284, -2.53174
573.284, -0.705398, 0.769281
576.566, -4.58958, 0.491338
573.342, -20.6895, -3.03014
573.527, -26.5917, -2.41361
572.061, -12.2158, -0.122934
574.695, -3.08726, 2.90439
574.628, -4.87764, -1.63567
573.654, -7.53464, -3.0214
573.753, -4.25173, 2.31891
574.098, -6.04816, -0.242932
576.317, -3.95344, -0.359505
573.777, -13.5577, 1.49801
573.955, -28.0876, -0.792987
574.062, -9.33352, 1.22956
575.226, -14.2711, -1.11646
574.864, -5.85504, 1.51124
572.996, -33.8391, -1.10417
573.002, -27.2194, 1.10077
572.795, -33.3157, 2.09197
573.358, -21.9589, -2.2795
573.795, -11.4285, 2.15133
576.092, -3.8225, -1.64832
576.004, -3.70322, 0.665732
574.013, -3.33139, -0.541811
575.635, -4.29348, 2.93869
578.021, -3.65553, 0.918786
577.681, -3.51675, -0.320999
577.84, -6.4676, 0.491474
576.018, -3.96216, -2.77953
576.281, -5.18276, 1.74106
577.119, -5.75683, 2.68116
576.132, -4.83261, 0.86204
577.158, -3.78142, -2.90572
577.239, -4.65267, -1.05966
578.007, -6.49607, -2.80985
577.437, -6.01422, 2.68532
578.368, -3.93042, 2.83725
632.206, 19.7079, 0.607818
577.106, -5.09182, 0.716805
576.981, -4.75149, 2.00236
578.042, -5.93576, 2.35343
577.616, -5.57041, 0.174969
578.882, -5.58014, -1.9441
582.781, -5.37541, -0.167053
586.479, -4.64856, -1.77843
586.451, -5.18242, 1.58516
578.06, -5.49913, -0.640991
581.705, -5.80193, 1.03508
585.393, -5.61798, -0.993165
582.144, -5.82122, 2.52422
581.666, -5.66528, -1.07298
581.174, -6.04501, -2.82315
586.259, -6.19193, -0.896884
581.011, -5.68409, -1.03743
586.531, -6.35976, 1.33511
582.661, -5.95525, 0.879859
582.983, -5.79239, -2.33837
580.333, -5.57253, -2.29438
580.791, -5.69304, 1.22492
584.079, -5.65119, -1.06602
586.082, -5.79499, 1.45612
585.373, -5.16366, 2.87167
583.268, -5.38802, -2.11266
585.796, -5.80702, -2.61481
584.488, -5.78068, -1.63035
584.632, -5.5045, 0.27685
583.533, -5.61932, 2.33099
586.25, -5.58291, -2.53837
586.819, -6.41202, 2.77164
586.055, -5.89218, -1.33378
586.448, -5.01769, 1.24865
586.59, -5.04245, 0.168988
586.827, -5.01437, -0.187486
586.857, -5.66678, -2.93493
586.631, -5.46553, 2.9347
586.421, -3.56015, 2.80289
586.248, -6.30552, -1.57518
586.704, -7.7828, 0.493146
586.286, -9.88044, 0.658785
585.738, -9.20682, -1.59891
586.011, -6.26808, 1.63585
586.35, -6.44632, 0.06173
586.529, -10.1716, 2.43744
586.738, -10.8084, 1.0961
586.552, -9.4909, 0.374064
587.054, -12.1721, -0.548713
586.864, -10.7017, 2.97779
586.931, -8.47318, 0.195187
587.069, -10.2043, -0.149735
587.128, -10.556, 1.37299
588.053, -12.4898, 0.26355
587.102, -9.09901, -1.8015
588.15, -12.3774, -1.68756
587.28, -12.137, 2.29693
588.053, -13.2783, -2.94167
587.877, -12.3337, 2.06534
588.171, -12.8186, -0.05076
590.417, -10.711, -1.35283
587.665, -13.7516, 0.256764
587.251, -13.7148, -1.36261
587.962, -11.2324, -0.111182
587.497, -12.8562, -2.04361
588.04, -12.9954, 0.711844
587.304, -12.1098, -3.05227
586.693, -13.8736, 0.959173
585.598, -14.3727, -2.53589
582.01, -14.1571, -0.483053
579.771, -14.7591, -2.99901
586.002, -14.2184, -2.5061
576.507, -16.3721, 2.76444
579.903, -15.6787, 3.03857
578.691, -16.5888, 0.296031
577.799, -17.1466, 0.820705
585.153, -14.7264, -2.94263
578.16, -17.5634, 3.00581
577.319, -17.9163, -1.78017
581.517, -16.2408, 3.10012
580.033, -16.7603, 2.63469
577.448, -18.2751, 1.62967
576.486, -18.1396, -2.29032
579.309, -17.0902, 1.38945
581.091, -15.8211, -2.14725
576.427, -18.233, 0.408899
576.099, -18.4426, -3.04727
582.925, -15.257, 1.11157
579.32, -16.4876, 1.43688
582.983, -15.1638, -2.58649
577.988, -17.1607, 2.35913
581.05, -16.4954, 0.32025
576.378, -17.8824, -2.23836
576.543, -17.7798, -0.924421
581.406, -16.1969, -0.749574
579.403, -16.681, 2.49487
576.862, -17.3443, -1.23077
578.536, -16.6817, 1.98927
579.745, -16.8945, -0.217781
576.042, -17.5734, 2.03812
577.816, -17.0922, -1.61448
577.88, -17.3665, -1.76426
579.477, -16.3873, 1.79014
576.943, -17.2325, -2.59894
577.804, -17.4571, -0.607548
578.035, -17.3976, 1.37679
576.244, -17.7409, -1.105
576.479, -17.2885, 2.7245
577.618, -17.2719, 0.768683
576.957, -17.5183, 3.0582
576.819, -17.9074, -2.61742
576.985, -17.5484, -0.011466
576.001, -17.6245, -2.04996
575.707, -17.18, -1.2967
575.842, -17.9246, 1.33575
577.176, -17.6676, 0.06489
576.755, -21.6684, -1.784
576.657, -20.6123, 1.68564
581.165, -32.9348, 1.64804
578.684, -27.3107, -2.55745
581.495, -35.3505, 2.84265
580.093, -29.8351, -2.5754
581.217, -35.9583, 0.18833
578.944, -32.2514, -0.699756
578.814, -33.8835, 1.32632
577.788, -27.9496, -1.41719
576.225, -19.3874, -0.531066
577.205, -24.1172, 1.1456
577.24, -23.9166, 1.55345
576.632, -23.4258, -2.46259
579.44, -35.1843, -0.87505
578.175, -37.0785, -2.47657
576.083, -34.6767, -1.49337
572.073, -34.1036, 1.48839
567.104, -33.9525, 0.221846
564.982, -30.1042, 0.609808
577.759, -23.9096, -1.52415
572.443, -9.28174, -2.77027
574.517, -14.8195, -3.11666
573.177, -11.8417, -2.75561
573.905, -6.42368, -2.98153
574.53, -5.52724, 2.94699
576.192, -16.5357, 2.7787
575.527, -8.1785, 2.1819
575.99, -17.1151, -3.11633
575.785, -11.1911, -3.06558
576.306, -17.0081, 1.03739
576.714, -3.93419, -2.17815
576.385, -16.4865, 0.113993
575.992, -7.76646, 2.37945
576.52, -14.7362, 1.84098
582.409, -17.218, 1.21652
582.663, -17.2514, -0.943172
579.171, -17.8198, -3.06219
574.997, -4.93177, -0.665217
582.455, -16.864, -1.94801
585.645, -15.5163, 1.4539
579.209, -17.2454, -1.81431
582.939, -16.0489, 1.97263
584.663, -15.391, 0.780509
587.697, -14.4937, 0.683578
588.703, -13.8867, 2.94991
587.977, -14.1254, 0.434638
585.037, -15.0885, -1.62916
583.112, -15.3834, 1.25454
584.859, -14.6843, -1.94513
587.114, -14.5115, -3.00169
587.826, -13.8317, -1.57721
584.058, -15.4216, -2.7313
587.893, -13.6484, 2.21581
584.605, -15.242, 2.44773
581.697, -16.0433, -2.55212
586.645, -14.6221, 0.13302
584.698, -14.8781, -1.55345
588.272, -13.8139, -1.12251
584.762, -14.7244, -1.38158
585.927, -14.1928, -3.07816
584.141, -15.0492, -2.03678
583.835, -15.0093, -0.732766
585.768, -14.1457, 1.08044
587.93, -13.7177, -0.138707
588.454, -13.4904, 1.05692
588.447, -13.9177, 1.13636
587.109, -14.1293, -0.512078
587.792, -13.4053, -0.241311
585.322, -14.7899, 1.83295
586.865, -14.1185, 2.96453
587.178, -14.1337, -3.04302
588.448, -13.8002, 1.00635
588.756, -13.4972, -0.267846
588.017, -13.6442, -0.288989
586.353, -14.0462, 2.16217
587.962, -13.5661, 2.28642
587.41, -13.7778, 1.25438
588.42, -11.3786, -0.507897
587.93, -10.7292, -0.334368
589.688, -10.5202, -2.00857
586.153, -7.89555, -2.72547
586.966, -9.19521, 2.31444
588.403, -12.7709, -3.0543
588.036, -12.2534, 2.29965
586.262, -6.01742, -0.321543
589.139, -10.8072, -0.476146
588.418, -10.8577, -2.06185
584.786, -3.92942, -1.66831
581.261, 1.64321, -1.64511
590.271, -10.7469, -0.576967
589.9, -10.259, 0.530148
590.336, -10.9159, 0.539136
593.848, -9.0642, -1.91967
590.345, -10.8255, -2.49468
595.054, -7.21095, 2.17842
592.605, -8.82084, -1.84909
593.69, -5.56331, 1.1096
609.579, 47.3659, -1.12712
599.423, 21.5771, 0.404769
594.404, -6.25253, 0.994967
592.233, -9.37487, -2.27137
591.818, -9.11113, 3.038
593.861, -7.3582, -0.246157
591.998, -8.9733, -0.468736
593.144, -6.85469, -1.03486
592.629, -7.01246, 0.063989
594.65, -5.13653, 1.32453
594.423, -5.70685, 2.34912
594.224, -7.71167, -1.04243
593.089, -6.24445, 3.03265
597.54, -10.7872, -1.08229
597.458, -10.1225, 0.635289
595.459, -9.21178, -1.9529
593.934, -8.71854, 1.74644
599.428, -10.6469, -2.86851
595.442, -9.50139, 0.400625
652.634, -61.506, -1.39513
596.809, -9.87552, 0.250218
634.118, -40.0878, -0.574544
653.936, -54.2639, 2.33046
654.801, -57.4844, 0.170648
640.367, -43.8602, -2.62987
655.322, -55.2695, -0.994695
650.638, -53.121, -1.37287
658.288, -62.0517, 2.08507
640.546, -42.867, 1.41807
650.689, -54.7278, -0.374671
653.384, -59.0836, 2.49872
654.948, -57.1075, 2.47886
632.462, -41.3779, -1.33741
597.099, -9.90897, 1.7554
648.644, -63.462, -1.91543
600.314, -13.6488, -2.84158
600.826, -9.06809, 2.20871
600.223, -8.89225, 0.974304
600.538, -9.30917, -1.19856
599.654, -9.2794, -1.88145
600.67, -9.27886, 2.69541
600.464, -7.8669, -1.53831
600.05, -8.58244, -2.93741
600.205, -6.83277, -1.13251
599.985, -8.38588, 3.12108
598.797, -6.47408, 0.592535
600.41, -7.00033, -0.164673
675.142, 8.29637, 1.07417
599.927, -6.68566, -3.07944
606.551, 70.9359, 1.42815
599.945, 72.9411, 2.05446
610.489, 57.209, -0.574653
612.78, 65.2108, -2.15938
603.211, 68.3067, 1.12494
661.604, 13.4594, -2.62425
600.364, -9.68443, -2.25249
598.092, -10.174, -1.52632
599.404, -9.42018, -0.577618
600.793, -8.7301, 3.10511
598.855, -10.0606, 2.27893
597.317, -10.7578, 0.491728
600.644, -9.30088, -2.72414
597.951, -10.3122, 2.01691
601.062, -8.66527, 2.08906
598.092, -12.0813, 0.873326
597.745, -10.5599, -3.13765
598.602, -10.5131, 2.26812
597.962, -12.2565, 0.472311
642.37, -66.7382, -2.69244
630.948, -71.6209, -0.030557
620.255, -83.8135, 1.2403
596.594, -7.57905, 0.558117
617.517, -55.9915, 2.84346
597.786, -10.565, -1.6553
593.166, -7.91487, -0.167065
596.311, -9.62773, -1.89242
596.367, -8.96203, 1.54553
592.372, -7.5273, 3.00872
595.175, -8.95578, -1.19077
597.403, -10.6505, 0.42221
594.702, -8.63339, 3.01343
592.411, -7.25016, -2.97671
596.236, -9.49448, 2.91521
597.712, -12.3674, -2.54003
597.418, -10.8833, -3.11703
637.486, -77.1168, -2.44641
618.822, -44.1598, -2.42914
629.201, -51.635, -0.865701
638.013, -68.8684, 1.59462
631.095, -54.771, -2.57003
598.175, -12.0205, 2.54847
620.502, -41.5276, 2.50694
636.027, -62.763, -1.21194
637.275, -66.8341, -1.00038
627.151, -54.3519, -2.67223
631.016, -54.8611, -1.58926
641.815, -56.1943, -1.48674
633.816, -45.8147, -2.63528
651.865, -60.1312, 0.954176
641.487, -53.5035, -2.80166
620.08, -46.8761, 0.68055
632.914, -53.7619, -1.17323
655.991, 11.5228, 2.63018
603.693, -92.1175, -1.94824
636.248, 50.5581, 0.421951
629.924, 23.1783, -1.72158
617.626, -63.8335, 2.18472
608.307, -75.904, -2.65544
603.347, -15.1465, 0.093264
664.768, -59.8855, -1.46283
651.184, -56.1199, 0.292841
603.296, -15.4841, 1.79529
654.763, -73.1521, 0.516359
653.112, -74.6871, -1.12975
616.68, -46.1896, -0.067229
642.348, -15.9866, 1.90806
626.024, -68.6911, -1.39476
627.967, -74.1139, -0.475054
615.84, -43.8896, 3.01772
639.058, -77.3694, 1.67657
646.336, -75.5124, -3.05152
599.048, -12.9471, 1.4431
599.122, -13.3946, 2.3111
599.01, -13.4321, -0.044633
601.862, -14.5799, -1.57374
602.169, -14.736, -2.79287
601.756, -14.7379, -1.04494
599.03, -13.5682, 1.91135
598.923, -13.4037, -3.03321
601.754, -14.7418, -2.40052
599.181, -13.8791, -0.26365
522.64, -24.5286, -2.44669
561.903, -19.9614, -0.859929
553.632, -29.7285, -1.91658
575.633, 41.2414, 0.588373
588.593, 29.968, -0.73644
520.955, -26.6058, -1.98568
557.927, -24.9177, 2.91436
587.162, -30.7632, 0.644714
568.858, -61.758, -2.93755
544.662, -56.0293, -2.34009
622.578, 60.2656, -2.74668
623.527, 39.5921, -1.52172
598.309, -12.0501, 2.26347
597.712, -10.6112, 3.02209
597.7, -10.4211, -1.07362
598.755, -12.7775, 2.70596
597.26, -8.81193, 1.54423
598.74, -11.8014, -1.33096
598.069, -7.6713, -2.96881
598.323, -10.259, -2.48683
598.666, -8.7902, -2.965
599.528, -7.44273, -2.61579
599.363, -11.5903, -0.185444
599.065, -13.1362, -2.93841
598.629, -11.0661, -2.54216
599.04, -11.7769, 2.38389
598.475, -12.63, 0.174136
599.766, -9.39948, 1.43299
598.976, -12.4452, 2.33932
600.023, -9.35398, 2.54287
598.617, -9.3028, -2.54331
598.009, -11.2006, 0.934322
598.832, -12.6451, 1.7298
599.479, -8.7842, -0.288361
598.479, -11.0551, -2.74873
600.281, -9.20152, -2.44419
599.316, -10.16, -2.14579
598.424, -11.9311, 3.06867
598.149, -10.1144, 0.580085
598.742, -11.6731, 1.14085
599.648, -9.42666, -1.98418
595.845, -3.78534, 2.17541
598.405, -7.73329, -2.01013
598.667, -10.6133, -2.34432
597.911, -7.78998, 3.11472
599.41, -8.74102, -1.80775
599.257, -8.41965, -1.90452
597.947, -8.31083, 1.00421
556.66, -8.84713, -1.93362
522.204, -30.928, -0.689259
596.658, -3.75826, -0.398722
597.474, -7.9924, 3.06885
597.615, -8.2861, -1.64073
597.542, -6.27946, 0.438219
596.7, -3.92302, 0.287709
596.24, -4.77179, 1.4893
597.147, -3.67887, -1.19479
597.133, -5.61793, -0.563459
597.321, -3.57136, -1.73205
598.408, -2.8453, -2.13166
524.546, -7.12477, 1.3354
597.949, -4.01137, 2.06225
595.187, -4.81656, 1.83709
597.072, -2.98402, -1.49168
595.107, -2.56582, -2.03097
597.995, -4.59933, 2.58098
598.608, -2.53404, -1.82171
597.458, -2.97358, -0.870027
663.816, 25.9461, -1.91526
633.446, 10.7074, -1.56943
639.25, 8.77277, -2.02742
659.609, 15.7512, 0.031491
657.074, 15.9178, -2.01771
662.211, -53.7211, 1.32066
637.594, 3.37136, -0.848371
649.207, -3.55523, 3.07519
639.119, -11.748, 2.77925
673.587, 3.56714, 1.18927
600.895, 1.26314, -2.2135
599.711, -0.798658, -3.08241
554.476, 12.8611, 0.898931
639.658, 51.1476, 2.55189
574.103, 7.06598, -2.43993
519.323, 9.72864, 1.41202
631.487, 25.7042, -1.9222
650.105, 35.9423, 1.10524
652.142, 30.9179, -3.10214
675.126, -16.9055, 2.46083
660.297, 19.117, 1.91955
657.719, 13.3885, 0.61798
678.287, 18.6412, -0.049208
653.996, 20.3926, 2.45322
637.841, 11.9298, 1.38781
638.614, 25.1154, 0.499242
642.91, 20.1694, -1.26899
632.263, 22.4116, 1.06439
638.237, 15.3836, -1.27666
590.413, -74.0886, 1.6042
586.962, -75.6335, 1.36029
629.983, -54.6174, 0.429444
596.003, -62.0335, -1.48359
615.775, -76.6893, -0.467368
597.943, -4.98536, -0.506099
598.418, -5.28898, -1.8962
599.855, -1.91377, 2.1947
665.193, -35.9722, 0.557459
655.427, -22.7497, 2.4027
603.205, -63.1262, 1.7251
597.966, -26.3811, 2.32448
590.352, -62.544, 2.92476
593.918, -45.8024, 1.03014
568.653, 8.43439, 0.799546
531.097, 36.5762, 2.32456
602.249, -63.6892, -1.05276
607.564, -65.0661, 1.00474
530.634, -1.47258, 1.45544
595.963, -4.0201, 3.03784
536.01, -4.25378, -0.971629
556.693, -6.39179, 1.64363
535.5, -1.95187, -2.39037
540.821, 2.59296, 2.20346
535.246, -0.308905, -1.42403
537.84, 8.25995, 0.438673
543.947, -5.04183, -1.78046
528.162, -8.11862, -1.41106
661.993, -11.5273, -2.66316
662.693, -10.6004, 0.616491
596.446, -3.75066, -0.503943
634.88, -7.44596, 1.55792
594.803, -7.87728, -2.74736
652.25, -7.34104, -2.00711
638.025, -6.86735, 2.94037
665.171, -11.9171, -1.92874
653.45, -9.61357, -0.246656
664.102, -10.8858, 2.29133
675.469, -12.9868, -1.05798
662.62, -10.6204, -1.8067
648.237, -9.05931, -3.0045
673.154, -12.7329, -0.569917
598.022, -2.85099, 2.72971
651.776, -9.48721, 2.84975
598.37, -2.4867, 2.18378
675.404, -13.213, -2.97294
676.698, -12.921, -2.2358
661.966, -10.4228, -1.32378
645.881, -8.88961, 0.378364
668.294, -11.0636, -0.492674
663.787, -11.384, 2.34121
632.579, -7.34328, 1.49022
596.948, -5.56323, 1.50797
648.007, -9.67898, -2.00748
596.161, -4.39369, 3.01633
651.974, -9.6637, 2.05088
676.808, -12.9998, -0.020458
671.628, -12.1924, -2.92766
665.222, -11.5209, 2.97516
597.078, -2.72096, 0.039359
595.947, -6.75788, -1.37363
648.561, -9.46574, -2.19293
596.131, -6.61733, 2.57658
647.91, -9.42499, -0.416671
657.81, -10.1465, 2.9518
659.641, -11.1197, 0.342985
595.566, -7.11817, 1.25663
678.495, -12.6966, 2.10708
678.337, -13.3371, -2.81691
596.234, -6.54498, 1.87916
675.932, -12.4705, -3.00091
677.139, -11.9832, -0.202243
656.711, -10.3761, 1.03259
675.136, -12.602, 2.47744
672.886, -11.5736, 1.97052
598.187, -4.53989, 1.66644
652.693, -9.6595, 0.039422
658.624, -10.6701, -1.56367
677.641, -12.1135, -0.750456
635.543, -7.77299, -3.03986
668.961, -12.1265, 1.81674
673.625, -13.2415, -1.89268
596.053, -6.04365, -1.2856
663.97, -11.3535, -1.89687
675.315, -13.0207, 0.330055
655.495, -10.031, -1.62384
665.212, -10.7444, 0.96784
661.819, -11.067, 0.524561
667.499, -11.0825, -2.36166
658.516, -10.0165, 0.567069
598.415, -2.9689, 0.09697
674.54, -12.7329, 0.582457
596.037, -5.20487, 0.316666
664.962, -10.8617, -1.9065
597.991, -5.55951, -1.5378
655.02, -10.2143, 2.96515
677.465, -12.4407, 0.220215
