0.0298785
0.635207
0.0111208
0.012361
0.188344
0.0140419
0.231984
0.0386644
0.0419746
0.124614
0.00387554
0.494346
0.451509
0.113407
0.0180656
0.105091
0.0933624
0.0134765
0.187772
0.145751
0.0146922
0.0159417
0.035674
0.0259637
0.564461
0.0826929
0.130404
0.062421
0.412648
0.155678
0.0413557
0.0121688
0.085542
0.195184
0.112149
0.269158
0.149851
0.213212
0.00781958
0.0728947
0.0109227
0.0324813
0.0129733
0.309876
0.525663
0.313063
0.00873306
0.066094
0.0289697
0.138664
0.0711505
0.00459196
0.0178278
0.457625
0.00960863
0.343219
0.072473
7.33063e-05
0.455562
0.0143276
0.18113
0.0108871
0.194112
0.0538173
0.0169758
0.0528523
0.563397
0.14119
0.0236859
0.143784
0.046277
0.0531233
0.151596
0.433091
0.514277
0.226045
0.0702454
0.159402
0.0924126
0.0265487
0.00545891
0.202463
0.318994
0.182434
0.0769414
0.420901
0.16449
0.014953
0.23141
0.147807
0.0260541
0.0512565
0.0114321
0.0532613
0.315805
0.0314804
0.523968
0.0255365
0.249642
0.223133
0.0655602
0.358801
0.189092
0.256756
0.496491
0.261653
0.110813
0.0231091
0.234766
0.0118336
0.0113689
0.183421
0.225716
0.265492
0.502059
0.0205882
0.169409
0.322891
0.0705494
0.263834
0.17973
0.054921
0.335419
0.0463017
0.0506386
0.500121
0.00389465
0.0276271
0.252103
0.228071
0.0203209
0.145423
0.23355
0.151651
0.258906
0.016381
0.0609704
0.0294181
0.0126239
0.0313522
1.32089
0.0455002
0.122575
0.485818
0.468834
0.0342773
0.64783
0.067313
0.0203609
0.261999
0.013494
0.615537
0.153692
0.136858
0.0479791
0.0480121
0.02421
0.104066
0.0848985
0.0329982
0.180345
0.454588
0.197372
0.0626029
0.0496053
0.113211
0.495672
0.0114873
0.0641969
0.649955
0.579133
0.272323
0.172789
0.142241
0.00722424
0.0307066
0.282306
0.334444
0.0956389
0.10557
0.320805
0.0278363
0.0318143
0.0192692
0.327933
0.0289346
0.497963
0.0203336
0.471426
0.105851
0.00750042
0.0918059
0.262957
0.0154962
0.0784015
0.0905589
0.161378
0.0219098
0.123691
0.439207
0.0523305
0.2165
0.0240819
0.0126567
0.0332348
0.225986
0.157067
0.00780385
0.0449187
0.0376619
0.0310504
0.206234
0.111367
0.0237396
0.109115
0.254159
0.0454437
0.0545308
0.0133349
0.0147263
0.153896
0.483828
0.00643885
0.0125924
0.213267
0.0169551
0.160892
0.146139
0.165318
0.0276806
0.64527
0.65433
0.0401318
0.0370378
0.167397
0.274693
0.0940528
0.0432004
0.0175983
0.0251773
0.00240819
0.0100073
0.036783
0.0124328
0.00837863
0.0288142
0.0153732
0.309949
0.0257489
0.00184567
0.0117281
0.0221459
0.387665
0.0177886
0.660838
0.612295
0.273588
0.262477
0.00291818
0.0150881
0.0479812
0.0160614
0.858486
0.0638391
0.0285978
0.00742124
0.312634
0.0375034
0.268277
0.00686419
0.02153
0.0336163
0.281458
0.0323607
0.00371897
0.0195333
0.0340401
0.0236181
0.124312
0.019169
0.0173304
0.116704
0.125141
0.00682572
0.2279
0.657515
0.00767012
0.0431538
0.00348775
0.0237566
0.0403845
0.0951365
0.148979
0.133415
0.104361
0.251845
0.0838804
0.069275
0.0980473
0.0104568
0.00788616
0.0582118
0.21014
0.028068
0.0784408
0.00525011
0.0202897
0.106852
2.50945
0.266566
0.0434567
0.0175588
0.367911
0.0139963
0.0325765
0.0248373
0.0546775
0.252337
0.451193
0.0300154
0.0817252
0.43788
0.457018
0.0348668
0.35272
0.00947622
0.0896677
0.0242203
0.0180006
0.0116563
0.209445
0.113616
0.111543
0.0797481
0.0055708
0.0176943
0.108942
0.28341
0.73221
0.0655312
0.114593
0.0415457
0.431651
0.115987
0.0122723
0.0192096
0.127445
0.0256266
0.0551136
0.00966269
0.0866349
0.408873
0.18208
0.0917877
0.110509
0.173618
0.0700658
0.0922954
0.181533
0.238705
0.0255869
0.00733573
0.390803
0.337005
0.0698195
0.296172
0.0284278
0.0720554
0.0283603
0.0177795
0.142999
0.182387
0.0481541
0.220087
0.00794261
0.0216038
0.21142
0.00599277
0.0230778
0.286669
0.133434
0.132658
0.182081
0.0296201
0.184351
0.155337
0.582193
0.0476994
0.0107046
0.398149
0.342279
0.289019
0.0165011
0.0129631
0.104688
0.0386812
0.155305
0.0184044
0.339023
0.14418
0.00482394
0.160503
0.0188949
0.6664
0.167953
0.218572
0.17464
0.270428
0.144158
0.180817
0.199674
0.190408
0.0662618
0.313874
0.473729
0.0152961
0.329267
0.0791513
0.0195074
0.0641853
0.0735697
0.0347487
0.358845
0.0221127
0.0111568
0.0682185
0.0130267
0.463519
0.0193018
0.073634
0.00750267
0.275706
0.175849
0.322421
0.0595553
0.602072
0.00712823
0.252875
0.270002
0.327506
0.00863387
0.443282
0.0128089
0.2038
0.0219943
0.0194026
0.483463
0.038027
0.297068
0.00499615
0.125793
0.00541328
0.16086
0.0408396
0.0208026
1.15211
0.0230462
0.148768
0.0450714
0.328526
0.270253
0.0625193
0.0186791
0.21325
0.253472
0.00576575
0.102574
0.128474
0.0511103
0.00566191
0.102677
0.0549641
0.0142235
0.0730754
0.166712
0.0392951
0.118064
0.192038
0.0210068
0.0170886
0.0743619
0.00997415
0.0594589
0.0234768
0.0145372
0.0202743
0.0161899
0.103412
0.417511
0.0156545
0.0134106
0.0157385
0.0155538
0.0483613
0.00648556
0.572013
0.108102
0.0107107
0.343158
0.0346154
0.15355
0.00833106
0.444274
0.292569
0.0335609
0.0809699
0.0163557
0.0586811
0.0111119
0.402143
0.00942193
0.0302779
0.00831141
0.0109913
0.0411269
0.101138
0.0626531
0.795885
0.0393314
0.0219342
0.0243108
0.0210876
0.0181961
0.000611301
0.045965
0.0083506
0.0188503
0.00514664
0.0373191
0.127613
0.0397624
0.0433684
0.0432158
0.0424364
0.0620217
0.856783
0.0192955
0.0138803
0.114147
0.115939
0.0771702
0.126168
0.163174
0.0214429
0.0165728
0.0136173
0.0216021
0.0274055
0.0217401
0.0142661
0.0292427
0.00749078
0.0239243
0.0429843
0.436407
0.0169694
0.0200832
0.0250004
0.0347427
0.0401038
0.0518199
0.032718
0.0350865
0.0494324
0.0728934
0.0187137
0.109998
0.0122392
0.0076107
0.536251
0.0197555
0.0124441
0.040394
0.537471
0.0178239
0.00330822
0.0536857
0.0110477
0.0147474
0.00554744
0.0640471
0.00767653
0.164393
0.00732894
0.0106701
0.0401341
0.0007239
0.0239115
0.030259
0.117955
0.0103607
0.0222578
0.245539
0.0568403
0.0046145
0.007959
0.00833449
0.013165
0.0235061
0.387656
1.50202
0.0227548
0.0309646
0.0461839
0.0107818
0.00702139
0.00413554
0.0139813
0.388491
0.0239194
0.0571876
0.0282013
0.028924
0.0158518
0.0170844
0.0263126
0.0516177
0.027782
0.0195532
0.011316
0.0116441
0.013618
0.0358761
0.00914236
0.0207519
0.00558019
0.0693317
0.299236
0.00805875
0.00206783
0.0339187
0.0932492
0.0082573
0.0100804
0.0142463
0.011887
0.0220739
0.00936716
2.64677
0.0852107
0.0178866
0.0278544
0.0176041
0.0048503
0.0159661
0.0206621
0.00944689
0.0174423
0.0121643
0.0123455
0.0215006
0.0214079
0.00996643
0.00465013
0.0544483
0.0124235
0.00842291
0.00377527
0.0431302
0.0167231
0.174465
0.0102013
0.146005
0.0129098
0.00722868
0.238887
0.00816754
0.0222762
0.0605202
0.0338252
0.04192
0.0660204
0.0372475
0.0259836
0.048362
0.106796
0.150445
0.00734466
0.0179387
0.151335
0.309066
0.131689
0.135262
0.194787
0.0103948
0.672971
0.0342875
0.00353749
0.0393099
0.0124924
0.0196419
0.018177
0.0273636
0.0541388
0.0684903
0.0424427
0.0363943
0.00693286
0.0114293
0.158056
0.0303103
0.449729
0.0476526
0.00410949
0.0772385
0.0144195
0.097772
0.019873
0.146829
0.263851
0.0620163
0.0126743
0.133685
0.385152
0.112193
0.524316
0.0985698
0.256305
0.00330621
0.0293658
0.0411373
0.00562158
0.173961
0.451816
0.0352645
0.0443744
0.0148762
0.101709
0.00918688
0.334008
0.151382
0.0131497
0.590089
0.205415
0.153517
0.00558654
0.124405
0.0632991
0.142175
0.0278503
0.303714
0.0278121
0.29748
0.270958
0.00640374
0.0221
0.0684274
0.00746964
0.459686
0.171927
0.0120665
0.1201
0.00113802
0.0567903
0.148321
0.022497
0.113263
0.00725434
0.0147146
0.0164196
0.113755
0.00719127
0.00937932
0.20122
0.134241
0.0071
0.00724017
0.2893
0.023486
0.00851827
0.146054
0.0210358
0.147221
0.00608594
0.0278262
0.00958124
0.0133374
0.0536129
0.127532
0.0050621
0.0171674
0.0949313
0.0404172
0.278885
0.0320388
0.0827951
0.0144118
0.212212
0.251946
0.0107926
0.0322025
0.0170747
0.231622
0.0085723
0.0264845
0.059684
0.0370495
0.113558
0.0619431
0.175121
0.443597
0.0545052
0.403308
0.141656
0.0990198
0.0234799
0.169197
0.318639
0.285163
0.467035
0.032213
0.0940672
0.0410262
0.216168
0.154806
0.0295308
0.137698
0.0517742
0.0139773
0.0056975
0.0069196
0.0114565
0.0335809
0.00408995
0.0217011
0.0515707
0.0223022
0.127539
0.308061
0.0591536
0.122279
0.0832682
0.177012
0.0205566
0.0336097
0.0632811
1.07764
0.0496734
0.232443
0.286117
0.0190353
0.0505788
0.068995
0.0142531
0.121288
0.3892
0.208792
0.0404688
0.169328
0.0140437
0.348288
0.0084064
0.0345489
0.0715212
0.312844
0.63392
0.0837031
0.0029051
0.197847
0.0915758
0.351472
0.154754
0.087138
0.0279345
0.0091063
0.0905841
0.0125894
0.0221006
0.015762
0.0970314
0.119014
0.0781704
0.0422467
0.0123654
0.330105
0.520967
0.0127875
0.0287319
0.358714
0.359967
0.21446
0.0124263
0.141348
0.0333101
0.26087
0.258504
0.113557
0.163396
0.0292993
0.495165
0.015081
0.0200717
0.0351822
0.00699679
0.240849
0.00656072
0.0205163
0.191594
0.420194
0.180014
0.037602
0.0176
0.104863
0.0249934
0.00759228
0.00699425
0.0224803
0.0133264
0.112311
0.0200249
0.0074103
0.0150161
0.126948
0.174113
0.315148
0.00564452
0.158414
0.532689
0.269461
0.255933
0.480401
0.291939
0.00286583
0.00935147
0.190178
0.0122111
0.0266239
0.0198175
0.110916
0.0252251
0.0138372
0.0258509
0.0788617
0.218283
0.0162486
0.158122
0.231393
0.206351
0.00757181
0.51499
0.0242053
0.299723
0.172139
0.0335176
0.0419403
0.27684
0.0108726
0.0265666
0.0564454
0.00410966
0.142948
0.0281001
0.0241776
0.344852
0.995342
0.00992036
0.257342
0.0157831
0.108558
0.242781
0.240528
0.00279735
0.0284607
0.131316
0.0881151
0.0223049
0.19286
0.114973
0.220896
0.328318
0.104084
0.0908968
0.0404371
0.00271413
0.172856
0.035233
0.0248504
0.117251
0.00931861
0.218022
0.0129504
0.141891
0.194509
0.0189631
0.127542
0.0254819
0.0130207
0.0166556
0.0030926
0.111334
0.180814
0.279823
0.481917
0.0514583
0.0349412
0.0152732
0.0321948
0.0153522
0.0262151
0.0347275
0.202463
0.102882
0.244507
0.116971
0.466423
0.028828
0.572874
0.281444
0.016522
0.224261
0.683277
0.023721
0.0290353
0.0217035
0.00647816
0.10844
0.0127341
0.101897
0.0704557
0.0257192
0.0311269
0.103608
0.0337239
0.035927
0.151913
0.165378
0.00702015
0.0183464
0.0205218
0.0270276
0.0286995
0.0485301
0.427442
0.339819
0.0211709
0.0194679
0.0292918
0.0215813
0.0159759
0.0140445
0.0184163
0.779013
0.0235732
0.00451204
0.0177152
0.155814
0.631721
0.0221352
0.218347
0.061036
0.0454814
0.0951097
0.0755607
0.246291
0.0629182
0.0588206
0.0313563
0.0738079
0.0230901
0.00893366
0.0221593
0.0473037
0.016851
0.0469873
0.000821697
0.114799
0.00364984
0.0210522
0.051977
0.970065
0.042832
0.0371298
0.00575068
0.00882073
0.00165266
0.238904
0.145434
0.0320595
0.0124789
0.0111516
0.0417422
0.0119081
0.212821
0.00780349
0.0113578
0.14587
0.0920172
0.047785
0.0302189
0.0113856
0.0234256
0.0575819
0.0369991
0.0119778
0.0308956
0.173413
0.0291422
0.0302938
0.0584705
0.106296
0.0416601
0.0878042
0.395609
0.0322976
0.0341849
0.0679197
0.0680287
0.0155376
0.0142877
0.0133858
0.0169209
0.011476
0.190673
0.0395694
0.274296
0.0355945
0.0750557
0.015753
0.0519089
0.0222886
0.0144747
0.545289
0.215234
0.00974008
0.0107632
0.00775359
0.0105099
0.0177954
0.00975545
0.00592505
0.0075121
0.0243702
0.374883
0.041139
0.0101745
0.0295888
0.0209036
0.0372733
0.00240712
0.0340921
0.0120203
0.0260314
0.0824262
0.0735858
0.02506
0.0103282
0.0335072
0.070523
0.0356821
0.0248185
0.0997073
0.00968519
0.0227579
0.0274226
0.0138234
0.217891
0.139152
0.0590409
0.00865012
0.0415431
0.00476223
0.0103102
0.0296771
0.019853
0.0144793
1.75791
0.00318715
0.348785
0.0699997
0.053082
0.124761
0.0582252
0.0310992
0.00684785
0.119181
0.0253883
0.0762804
0.194568
0.0275785
0.0391179
0.00807399
0.022979
0.326144
0.100013
0.0139241
0.0717162
0.0141815
0.231697
0.126507
0.0300934
0.0836044
0.0534095
0.0416273
0.0209703
0.0484221
0.434099
0.0176202
0.189645
0.0311594
0.0145324
0.0196347
0.39457
0.0242055
0.00832876
0.0366116
0.0180623
1.07465
0.0965229
0.0303473
0.0118112
0.0389272
0.013926
0.00757349
0.021458
0.00249643
0.0134064
0.0154214
0.0165599
0.0139701
0.0313855
0.00811356
0.0155694
0.261827
0.0166511
0.0166562
0.263276
0.0392012
0.0994795
0.0210401
0.268829
0.0292874
0.0498796
0.0124629
0.0982927
0.321547
0.148875
0.00632631
0.184698
0.378648
0.294103
0.0304727
1.08863
0.119538
0.387111
0.0765575
0.0145076
0.447775
0.283177
0.0204439
0.15923
0.17028
0.379103
0.00500779
0.0102606
0.106113
0.0605032
0.159567
0.206404
0.0527476
0.139306
0.0147513
0.0289971
0.134698
0.0652765
0.14479
0.0149461
0.0748237
0.00884881
0.123367
0.285027
0.0204792
0.377869
1.34116
0.0679941
0.443851
0.459765
1.38266
0.025363
0.0469228
0.375205
0.00786346
0.347492
0.481324
0.390663
0.0420987
0.00500332
1.12068
0.0287096
0.0704915
0.149726
0.31332
0.390083
0.148714
0.299518
0.00639543
0.0860098
0.00734268
0.0420857
0.011926
0.57265
0.0619858
0.0935809
0.412403
0.0200181
1.0691
0.0425801
0.0834865
0.195691
0.0525172
0.0503225
0.0973275
0.161601
0.0613434
0.139697
0.0238451
0.00916175
0.0170729
0.304949
0.048245
0.958158
0.199473
0.0764966
0.323366
0.0152817
0.0702001
0.0314872
0.00766384
0.401585
0.0158743
0.021307
0.0130925
0.0104816
0.0187539
0.298975
0.00245245
0.00969675
0.11742
0.0175567
0.0423341
0.0266
0.0195893
0.158611
0.00346684
0.542971
0.0303937
0.0279192
0.109385
0.0979749
0.237926
0.0838625
0.0877573
0.0651075
0.286217
0.173686
0.777521
0.0350663
0.128341
0.48525
0.490789
0.0302526
0.36611
0.0113956
0.0734959
0.00579361
0.344509
0.432723
0.00791594
0.0462187
4.22385
0.00366389
0.155013
0.0279573
0.0996938
0.260476
0.0703336
0.861852
0.0463265
0.0530149
0.0139347
0.00447148
0.205862
0.0235068
0.268971
0.00919238
0.186178
0.00717355
0.0134222
0.493344
0.244654
0.00993091
0.243364
0.0859445
0.750501
0.0807555
0.456219
0.0984399
0.0519749
0.0817908
0.189672
0.133308
0.00599698
0.639054
0.196544
0.0196432
0.00101326
0.0264285
0.0191185
0.00720003
0.0312906
0.347314
0.264575
0.194051
0.0637338
0.00785636
0.207949
0.263855
0.0750184
0.143168
0.0359618
1.04567
0.622835
0.0288712
0.0881408
0.296213
0.184623
0.0260357
0.183583
0.024237
0.0282637
0.3517
0.323051
0.177248
0.0816849
0.0313867
0.244131
0.292377
0.425969
0.0856051
0.0584448
0.088074
0.0589771
0.215283
0.508475
0.0352706
0.203605
0.557786
0.129307
0.0652443
0.0526225
0.100777
0.543757
0.020774
0.555536
1.14511
0.0278189
0.00734666
0.384531
0.0220237
0.388063
0.170915
0.568223
0.0390976
0.141822
0.0245179
0.877052
0.0911733
0.0164232
0.0916883
0.101939
0.107334
0.043271
0.212426
0.0057519
0.0544558
0.228289
0.745361
0.293287
0.0080616
0.539246
0.131135
0.461595
0.0614664
0.0975357
0.0468623
0.00992756
0.0106964
0.00549798
0.495561
0.0353356
0.0215956
0.333669
0.00177323
0.0125236
0.0111178
0.0107949
0.0504037
0.0186926
0.0128171
0.0106741
0.0332301
0.00755199
0.0608099
0.15039
0.0910735
0.0345717
0.0788519
0.0943089
0.0137489
0.000739913
0.0128382
0.0298536
0.0122122
0.0301289
0.217553
0.498893
0.0503476
0.193351
0.0350152
0.00337534
0.00502907
0.0323019
0.0113232
0.0655541
0.0416092
0.207388
0.139822
0.0785848
0.421069
0.0839898
0.0328955
0.038606
0.0148716
0.0186067
0.300271
0.0220167
0.0304376
0.053063
0.172803
0.0791782
0.460826
0.0293967
0.0404578
0.0358395
0.0142024
0.0929603
0.0559781
0.0449069
0.106869
0.0192085
0.941403
0.0660713
0.1365
0.00514994
0.0690132
0.108891
0.0299823
0.0260257
0.149392
0.0290984
0.0130702
0.030059
0.242145
0.0386879
0.0165209
0.0754321
0.500613
0.00282381
0.00767906
0.079352
0.310878
0.00987097
0.120212
0.108171
0.00661505
0.0164816
0.00474981
0.00406404
0.0118935
0.00453406
0.063486
0.0478867
0.294304
0.107699
0.0239284
0.0988491
0.0121474
0.0614008
0.0262473
0.0130586
0.0519095
0.0388114
0.141719
0.053258
0.0444538
0.18615
0.565455
0.0746638
0.0283805
0.0402077
0.0428131
0.00850359
0.140131
0.012647
0.148093
0.0142246
0.0582282
0.0311615
0.00952711
0.0431904
0.107749
0.00931831
0.0783147
0.0405737
0.0294511
0.0422266
0.0786493
0.00907175
0.0606892
0.0668865
0.00677254
0.123739
0.0210669
0.0885441
0.0143777
0.0659901
0.157579
0.00740002
0.031075
0.0377546
0.0492892
0.0302363
0.00323809
0.0133789
0.0394311
0.00970595
0.0791132
0.0570681
0.0172464
0.0123308
0.0408192
0.104765
0.0380576
0.0160677
0.0292755
0.078556
0.00873294
0.115804
0.0321475
0.0139645
0.0981629
0.132104
0.0174349
0.037179
0.0632981
0.0775701
0.0430733
0.0715379
0.0879636
0.014203
0.191442
0.0420248
0.0428573
0.0331376
0.0129999
0.2219
0.0310772
0.0227464
0.0531206
0.00977148
0.0317486
0.0149843
0.0410117
0.885945
0.0327965
0.0215774
0.00975508
0.0120383
0.0686926
0.0366773
0.0144239
0.00389928
0.0156533
0.0622691
0.012824
0.0263292
0.201199
0.184103
0.0182818
0.101422
0.00908594
0.0410504
0.0282787
0.00225761
0.00359721
0.00323662
0.0186096
0.051701
0.0242405
0.00700598
0.218337
0.0329891
0.0412611
0.00503218
0.021001
0.011343
0.242661
0.0846035
0.0666723
0.00769461
0.0173666
0.0357649
0.0792243
0.0437466
0.0245877
0.0250411
0.00447168
0.00602614
0.0115755
0.00721708
0.0304052
0.0223349
0.0208124
0.0266335
0.0186461
0.0233325
0.137696
0.0463384
0.0126149
0.0260811
0.300705
0.100441
0.0033508
0.0808289
0.0187937
0.0283374
0.0183702
0.0595399
0.0614278
0.0553526
0.0575145
0.00542413
0.0277208
0.00937863
0.0403771
0.00733425
0.00940342
0.0208445
0.0181036
0.0402141
0.0133019
0.0173904
0.0105903
0.0036548
0.0509683
0.368393
0.00760551
0.0841913
0.0233784
0.0348875
0.0258165
0.0258999
0.0147373
0.00792244
0.00534341
0.00728626
0.00267182
1.08041
0.0335227
0.0135002
0.015655
0.0175788
0.0248513
0.0168637
0.0557608
0.0188125
0.0186827
0.0254744
0.0175708
0.00823019
0.0382701
1.15033
0.0299459
0.0201285
0.00244448
0.0337605
0.0298405
0.0283707
0.0250008
0.0301741
0.0215836
0.0999975
0.013565
0.180556
0.0176219
0.0218414
0.0145037
0.00749609
0.0258797
0.00314306
0.00793218
0.0311512
0.627971
0.0444889
0.0280983
0.115337
0.0221352
0.0186966
0.014667
0.259438
0.0349064
0.0197505
0.0356883
0.00574013
0.0300829
0.0138109
0.135831
0.0109274
0.0576075
0.00225684
0.043091
0.117062
0.0124587
0.0208375
0.0292806
0.0430149
0.033771
0.00249904
0.0258263
0.0269638
0.0113772
0.0134348
0.0103559
0.00749858
0.0143324
0.0276685
0.0551349
0.0116821
0.00118687
0.019255
0.207226
0.0103476
0.0103032
0.0144849
0.872717
0.0297068
0.0127528
0.0359736
0.244195
0.0258609
0.169251
0.225378
0.101603
0.0980153
0.48355
0.617705
0.126996
0.0437506
0.0954051
0.426135
0.0166367
0.0312015
0.873013
0.0175896
0.00850103
0.0157634
0.43021
0.526049
0.012865
0.0850552
0.0506534
0.00940496
0.396879
0.12058
0.0290721
0.0126765
0.0522638
0.0370834
0.296098
0.00710689
0.0426452
0.245567
0.0219769
0.387269
0.0628442
0.0179747
0.0136586
0.0596245
0.118637
0.0516395
0.0174309
0.0410364
0.0102956
0.0238045
0.178155
0.0141034
0.0481334
0.0328067
0.116075
0.180847
0.00173348
0.0252943
0.0282358
0.012594
0.00212293
0.242291
0.0234149
0.0155762
0.0371279
0.00465511
0.102768
0.016511
0.0353631
0.0461159
0.0114261
0.00398404
0.0285679
0.0106413
0.481689
0.0255247
0.00811011
0.247527
0.0119312
0.0265029
0.0126205
0.214524
0.173916
0.018184
0.570347
0.00465747
0.0110705
0.0357361
0.0233852
0.0780475
0.015282
0.0104461
0.0174493
0.214664
0.0619419
0.0224889
0.0244947
0.0138831
0.0071801
0.0192472
0.00957863
0.278626
0.0169196
0.0144534
0.0237489
0.0251548
0.0964711
0.0290995
0.00900267
0.0908014
0.0166362
0.0121677
0.123761
0.0154325
0.0177981
0.298207
0.00879981
0.0514731
0.00873906
0.0426357
0.321377
0.0553488
0.0192745
0.0377762
0.00383461
0.291894
0.0109085
0.0188939
0.0183467
0.0863013
0.0243953
0.00735867
0.207807
0.0129489
0.035839
0.033408
0.0484469
0.0260001
0.0144344
0.123154
0.00806672
0.00746723
0.495178
0.110949
0.0137968
0.0038975
0.0197075
0.330275
0.0397264
0.0255938
0.0513651
0.021356
0.0196733
0.0241983
0.338104
0.182281
0.0587743
0.00966194
0.0108628
0.20688
0.0266852
0.049382
0.0864748
0.031494
0.0419085
0.255728
0.271544
0.0535892
0.0257852
0.0280335
0.0182227
0.0522348
0.0704453
0.019687
0.345745
0.0106506
0.0248264
0.0113495
0.0224437
0.116905
0.00287361
0.0305738
0.00959187
0.114063
0.0303611
0.0392208
0.00466952
0.507906
0.0164698
0.0229746
0.0139053
0.0208326
0.021029
0.116809
0.0539868
0.0197487
0.00215985
0.0188823
0.0490963
0.00638762
0.0282057
0.0414564
0.27226
0.0102589
0.0254849
0.0321469
0.00664991
0.0258661
0.0379416
0.00978892
0.110503
0.0097498
0.0085675
0.0892713
0.014856
0.0168672
0.23039
0.0180517
0.376689
0.00912529
0.00895055
0.00776323
0.0175674
0.0383136
0.0218147
0.0348166
0.00388937
0.0116608
0.252003
0.0240902
0.0416834
0.0524727
0.485026
0.00634828
0.380595
0.00279221
0.0230237
0.0969121
0.0329811
0.0138406
0.86183
0.016494
0.269579
0.0014061
0.0422672
0.00753559
0.0241184
0.271112
0.00302703
0.212241
0.480396
0.421367
0.0534138
0.0216088
0.0181478
0.0807501
0.00925614
0.00587872
0.111134
0.0142833
0.0949832
0.0280945
0.161513
0.0868759
0.0349595
0.418742
0.24534
0.29401
0.0289214
0.155947
0.00741225
0.00375929
0.0168815
0.47855
0.129329
0.521375
0.0344113
0.0123823
0.050585
0.0402232
0.0610415
0.013219
0.0232189
0.0243818
0.137455
0.139462
0.0159206
0.420339
0.53212
0.00459097
0.161296
0.00752673
0.0628217
0.00227588
0.0702802
0.00295517
0.0330196
0.0133785
0.0671924
0.0920019
0.175372
0.0832253
0.383816
0.131155
0.097245
0.0268296
0.0788645
0.0299604
0.0303147
0.0102566
0.0511857
0.0611503
0.330195
0.343495
0.0126231
0.0158391
0.297645
0.00538366
0.00980569
0.0964565
0.0395044
0.0159199
0.131234
0.942016
0.154929
0.399586
0.349172
0.0342817
0.00854098
0.240989
0.0862298
0.260566
0.00771287
0.0206731
0.0203505
0.277661
0.0353409
0.0105114
0.0559598
0.356844
0.00943055
0.1982
0.18173
0.0653095
0.0482205
0.233814
0.0362802
0.0435237
0.0170172
0.433782
0.057109
0.0359107
0.0463324
0.337378
0.101529
0.00811719
0.00633033
0.00901738
0.0943045
0.105697
0.0214607
0.018879
0.23107
0.444358
0.0127483
0.00998027
0.0269644
0.119241
0.0146369
0.451234
0.0402309
0.00639509
0.0643672
0.0217451
0.418168
0.0235984
0.0383397
0.0257924
0.146382
0.140201
0.0829542
0.274238
0.0244048
0.634652
0.168057
0.176169
0.0400499
0.0295426
0.00920712
0.207067
0.10813
0.0283261
0.0938262
0.0221121
0.00933104
0.0553662
0.00659083
0.011756
0.0145378
0.0625327
0.0225778
0.0130559
0.0240661
0.00861954
0.0216952
0.0194289
0.00578697
0.181568
0.00815353
0.0408632
0.015217
0.0051809
0.0365708
0.0210089
0.0185763
0.0625581
0.0315321
0.036138
0.0161969
0.230222
0.016154
0.0177457
0.0344102
0.0237659
0.0892601
0.122765
0.0156328
0.523863
0.00301726
0.0497488
0.661397
0.0469591
0.129364
0.0320258
0.214405
0.561876
0.182915
0.350125
0.115264
0.215489
0.32259
0.0383969
0.365838
0.100881
0.0497357
0.0216733
0.0909423
0.334856
0.121664
0.0224442
0.14027
0.522324
0.0318189
0.0435273
0.399662
0.303777
0.077181
0.0196353
0.329506
0.442819
0.160269
0.350621
0.297298
0.0448147
0.286727
0.791096
0.305043
0.0165886
0.309386
0.345868
0.358425
0.464767
0.474994
0.0252513
0.0130749
0.0150303
0.622442
0.208569
0.587617
0.973755
0.0610966
0.00271286
0.0623478
0.0110114
0.00978393
0.068302
0.0161178
0.0137435
0.00333001
0.00819533
0.00999648
0.00613991
0.414028
0.0219836
0.0112945
0.919959
0.0123873
0.0246453
0.00932242
0.0057488
0.00480781
0.00912993
0.0188131
0.0164386
0.0136354
0.0150952
0.20699
0.0275716
0.9294
0.0226347
0.0180281
0.022695
0.0167845
0.0400302
0.0391228
0.048169
0.0649877
0.16638
0.0666573
0.0138263
0.182549
0.100984
0.0185546
0.0226857
0.0233595
0.0122713
0.549234
0.0585656
0.0127628
0.0394804
0.0801532
0.10046
0.283661
0.0349218
0.177362
0.0280042
0.0153515
0.023572
0.0855087
0.274944
0.0351136
0.0100413
0.0196369
0.110159
0.387653
0.00696261
0.0284012
0.461193
0.181559
0.00560767
0.00915252
0.00181453
0.0328774
0.0186263
0.0709928
0.0527104
0.362563
0.27728
0.0224869
0.00393251
0.0261068
0.025051
0.0358328
0.0168085
0.398979
0.236666
0.0436245
0.0289765
0.593114
0.0066964
0.0212779
0.0282793
0.0305619
0.00675316
0.000911786
0.070263
0.013695
0.0506522
0.0318955
0.00833556
0.250338
0.0134002
0.170838
0.00408446
0.0190154
0.0225609
0.00565757
0.00392553
0.0155438
0.0956374
0.0171168
0.0319661
0.0474551
0.0380446
0.0483884
0.0204513
0.00991729
0.0255416
0.0275384
0.179178
0.00249544
0.031958
0.0404608
0.0331275
0.166757
0.022272
0.0871231
0.011436
0.0768965
0.00797232
0.471497
0.0124642
0.0359364
0.0965299
0.0157239
0.00181973
0.0220726
0.125688
0.0215801
0.165184
0.0200795
0.46533
0.0804111
0.0106085
0.00997845
0.00978291
0.0135799
0.0378954
0.114551
0.0042979
0.00962651
0.018341
0.032241
0.017896
0.0249556
0.0828253
0.00944225
0.293077
0.028898
0.284888
0.258601
0.0130273
0.0525327
0.0186487
0.100081
0.0147864
0.0463354
0.036395
0.0455491
0.00846057
0.00134621
0.388885
0.0329058
0.0114983
0.0181748
0.0178008
0.0364848
0.00505557
0.343854
0.0183487
0.0269707
0.0182095
0.0143754
0.0929299
0.00406534
0.0188656
0.0268428
1.68069
0.0289587
0.0392382
0.0277439
0.018535
0.0165641
0.012971
0.0331036
0.116714
3.74705
0.00660724
0.228712
0.0528882
0.0360772
0.0134655
0.207592
0.0598902
0.0163693
0.214947
0.620776
0.0127656
0.284358
0.106908
0.00885496
0.228795
0.0671537
0.00122816
0.0803005
0.0409142
0.0341391
0.0234296
0.172456
0.0086418
0.0164406
0.0256977
0.03012
0.0095525
0.0793629
0.114724
0.00772176
0.214736
0.0389414
0.0876585
0.00210707
0.0283149
0.0377836
0.0162082
0.291564
0.0188923
0.0442985
0.0129963
0.284603
0.016541
0.0257745
0.00948388
0.00766035
0.0101464
0.0654157
0.0232344
0.0930958
0.0384064
0.00902837
0.115066
0.162864
0.0716403
0.00838663
0.0304113
0.0158617
0.033662
0.042345
0.196703
0.0364131
0.0237611
0.00457608
0.255676
0.859634
0.00446621
0.012903
0.00663671
0.0746253
0.0711455
0.0501529
0.07307
0.0263296
0.00781718
0.0271463
0.19065
0.0240428
0.0401735
0.121996
0.0615168
0.0635121
0.112515
0.0235423
0.0268662
0.0242257
0.0500838
0.000944266
0.13002
0.0436112
0.208381
0.0463822
0.000912954
0.230148
0.0790679
0.0256345
0.0254345
0.0381042
0.0820299
0.0296052
0.0104791
0.0373435
0.00445238
0.00199868
0.0691998
0.0169033
0.0924514
0.47388
0.0303369
0.0246503
0.0334381
0.179762
0.262298
0.0197656
0.0367728
0.0263102
0.00873748
0.054835
0.0889717
0.0284413
0.0505127
0.0377209
0.0436196
0.0351268
0.0214576
0.0219742
0.20887
0.00492014
0.0139864
0.235091
0.00652807
0.0809466
0.0503814
0.0563315
0.0176631
0.195652
0.0591055
0.0192526
0.0267414
0.28863
0.0113087
0.0554297
0.0254362
0.00706859
0.0233367
0.0180123
0.0245966
0.0542773
0.0101078
0.0343481
0.0196259
0.0188654
0.0400568
0.0225355
0.00738659
0.0436084
0.00991186
0.00461011
0.00921737
0.00840131
0.0109338
0.0175847
0.0391375
0.00684254
0.134609
0.00916217
0.0146038
0.0748453
0.0263794
0.176747
0.0125244
0.00820564
0.00757159
0.0173912
0.0295248
0.517254
0.012477
0.0277054
0.0114708
0.0115981
0.0268826
0.0117025
0.0372177
0.00135374
0.0615801
0.0362518
0.00471402
0.0183284
0.0333744
0.0190202
0.00994027
0.0451965
0.00610952
0.0158789
0.0136561
0.0377159
0.00279218
0.00711029
0.00751904
0.607779
0.0128808
0.0171324
0.021645
0.0319415
0.00337244
0.00498806
0.0165438
0.0133815
0.0171577
0.0129028
0.0183285
0.0337293
0.0210626
0.00497674
0.00248284
0.0095168
0.0105397
0.0247555
0.00204463
0.00797291
0.0202096
0.0141472
0.231485
0.0125987
0.0298306
0.0272259
0.0112542
0.027834
0.0133455
0.0160371
0.00164206
0.0233
0.0153155
0.031151
0.012894
0.053769
0.0138776
0.0379893
0.0205798
0.216077
0.254828
0.0106931
0.0117012
0.00709884
0.0399179
0.0283157
0.0159342
0.00561051
0.0239311
0.359633
0.0350945
0.0722286
0.0355444
0.0961252
0.00713332
0.0276048
0.0530526
0.0189646
0.0222587
0.0736424
0.0180546
0.196253
0.00472805
0.0102708
0.0193386
0.02187
0.0153713
0.0294624
0.00690336
0.0167289
0.0123929
0.0209256
0.0225128
0.0309274
0.0126583
0.0199761
0.0160798
0.0258159
0.0223262
0.00565424
0.0221355
0.0206939
0.00390823
0.0371856
0.0264104
0.0411217
0.0396185
0.056
0.0184016
0.0103396
0.0267322
0.0066238
0.00740287
0.00104827
0.0204688
0.0179006
0.0142349
0.0221807
0.0153097
0.0137291
0.0182061
0.00599145
0.00507896
0.0192558
0.00244251
0.00553665
0.0106966
0.00106142
0.0333209
0.00746442
0.0522309
0.00664751
0.0139704
0.00478902
0.028031
0.00273113
0.0193263
0.0186906
0.0290623
0.0242142
0.0177084
0.00860467
0.0173671
0.0440659
0.0231976
0.0210091
0.0336442
0.019428
0.00856535
0.0052159
0.0220001
0.00620615
0.0101594
0.00777937
0.0257156
0.0106238
0.0250649
0.0156982
0.00612507
0.0253442
0.0386744
0.00701715
0.0120966
0.0190491
0.0230692
0.0323445
0.0281745
0.0102008
0.0195162
0.00950539
0.0155212
0.0284852
0.0085028
0.0161044
0.0073466
0.0203479
0.0203902
0.0176456
0.0128955
0.0379659
0.0130098
0.0357556
0.0117879
0.0220312
0.00949932
0.0106245
0.011069
0.0307328
0.0136934
0.000556396
0.015019
0.0086117
0.00878113
0.00339469
0.0194208
0.033351
0.0188319
0.0126975
0.0295028
0.0290381
0.00590982
0.0168789
0.0464388
0.00948275
0.0262018
0.0108902
0.00998876
0.0114609
0.0223174
0.0115566
0.0189693
0.0104621
0.0111917
0.0145863
0.0169634
0.0114405
0.0220783
0.0205629
0.0165241
0.015264
0.0181177
0.0247393
0.0159035
0.0141468
0.0174967
0.00553141
0.0573143
0.016266
0.00402106
0.00897929
0.0189196
0.000984742
0.052292
0.0165414
0.0210859
0.00422076
0.0629665
0.0292066
0.0177131
0.0208856
0.0393181
0.0249572
0.0408226
0.124717
0.0103391
0.185555
0.020437
0.0532275
0.0180844
0.0209615
0.206214
0.0305964
0.0307353
0.0718934
0.125388
0.00665067
0.00789004
0.0306183
0.0262178
0.00964297
0.436819
0.125203
0.0140522
0.0935975
0.0146705
0.12979
0.466122
0.262399
0.0148016
0.0176486
0.391079
0.0247178
0.0519916
0.0281203
0.00194973
0.0110882
0.0560463
0.17342
0.265312
0.0103598
0.0103845
0.0131864
0.0954721
0.0564503
0.354917
0.00896933
0.0708909
0.00212574
0.015546
0.0389639
0.729067
0.199467
0.849631
0.0268351
0.0218356
0.404488
0.0512692
0.0424048
0.0196267
0.0238188
0.240624
0.0224388
0.0222455
0.14219
0.116063
0.0517207
0.274569
0.0133703
0.31024
0.00959495
0.128022
0.0161489
0.0552279
0.0131442
0.182966
0.104904
0.0191036
0.0306324
0.0357323
0.0419834
0.0711498
0.0578925
0.236052
0.12481
0.20579
0.0182905
0.100226
0.418305
0.015176
0.0906865
0.141265
0.0525284
0.015193
0.00755692
0.111767
0.0336445
0.221286
0.00811709
0.0187517
0.00901175
0.0668031
0.0653335
0.0674794
0.024912
0.0485735
0.385016
0.00847728
0.136032
0.0230773
0.0277884
0.020357
0.141863
0.101066
0.0287736
0.00647215
0.016031
0.0155666
0.00727148
0.0438984
0.0195513
0.0235962
0.00774221
0.209407
0.0215649
0.0150737
0.0665985
0.0204507
0.147635
0.137191
0.207576
0.0302678
0.0378398
0.0140709
0.0568674
0.0377141
0.036134
1.2691
0.0138177
0.0323427
0.0233629
0.0451452
0.0364898
0.0351212
0.0104146
0.0246283
0.0516375
0.361615
0.00331372
0.0187916
0.066825
0.00544643
0.191788
0.0353298
0.0243859
0.31761
0.0247994
0.0362515
0.017819
0.0321428
0.010227
0.0415761
0.279225
0.36363
0.081542
0.00790559
0.0182572
0.0238039
0.0172885
0.0280938
0.0509731
0.503585
0.420657
0.0093804
0.0240731
0.00938019
0.193866
0.0450653
0.127126
0.0177827
0.250219
0.316496
0.0270153
0.0134063
0.0106203
0.114261
0.00693737
0.110812
0.0828287
0.0253068
0.0120207
0.00712257
0.0249192
0.0137415
0.0185744
0.179205
0.342169
0.297267
0.0106014
0.010663
0.170097
0.0186712
0.265596
0.149327
0.0308853
0.0209655
0.058908
0.0268302
0.00907693
0.0172575
0.336862
0.0151408
0.0684557
0.0176866
0.0335301
0.687834
0.0248714
0.0724387
0.00707728
0.204966
0.0121006
0.0821825
0.145384
0.0566112
0.0205335
0.0413183
0.00553346
0.000943456
0.218146
0.025252
0.0766194
0.0436333
0.30695
0.322446
0.0153117
0.00523122
0.192745
0.00929945
0.00983855
0.00880686
0.0786102
0.0308827
0.58119
0.0159254
0.0426225
0.0533209
0.0152818
0.0708839
0.384642
0.00840016
0.0610665
0.0995088
0.0560978
0.337042
0.00419513
0.0181718
0.366712
0.0839342
0.256372
0.0370287
0.0101008
0.0182416
0.0202126
0.29098
0.435314
0.109311
0.141157
0.0189531
0.0998872
0.0296162
0.480692
0.0599778
0.191536
0.0480915
0.0611084
0.0230125
0.339342
0.292385
0.0122022
0.0184841
0.290625
0.0748673
0.193295
0.472723
0.0318544
0.0604934
0.319519
0.311293
0.674429
0.223937
0.104807
0.0638329
0.0263842
0.310439
0.157067
0.0470426
0.204666
0.136536
0.0438168
0.0687452
0.0264421
0.0295343
0.109774
0.0499285
0.305663
0.00987066
0.306242
0.0154195
0.215012
0.0311784
0.00656699
0.017235
0.0388797
0.0196254
0.0277034
0.014294
0.0202831
0.230312
0.0384054
0.0317822
0.0444329
0.0444197
0.198891
0.0142581
0.00688334
0.0131342
0.0082448
0.107435
0.020552
0.00727322
0.0164771
0.169554
0.0159949
0.050525
0.133249
0.0212743
0.401271
0.0284812
0.0128564
0.0256709
0.0142228
0.0190959
0.00942202
0.0111948
0.0407496
0.19407
0.0220478
0.00769177
0.0189115
0.412911
0.0192358
0.011099
0.010856
0.0603239
0.0860638
0.0437444
0.125057
0.0903347
0.00299335
0.163504
0.0983575
0.0328585
0.299634
0.220961
0.00913937
0.154911
0.0105731
0.0188685
1.63193
0.0940148
0.0783167
0.0344551
0.0619307
0.0249851
0.124726
0.490317
0.0166219
0.0308952
0.0229639
0.220412
0.0829888
0.185279
0.928561
0.73868
0.618889
0.192662
0.0954105
0.0164701
0.0419587
0.0999361
0.02964
0.0390867
0.234476
0.218082
0.0043733
0.0152591
0.0335338
0.0114558
0.00731702
0.0798801
0.197861
0.328456
0.0402948
0.0499247
0.0299611
0.035805
0.0550044
0.2368
0.0225658
0.0143144
0.296111
0.391314
0.206216
0.187768
0.0155092
0.0136398
0.0293448
0.0208811
0.232332
0.0159795
0.411198
0.210746
0.335183
0.0172039
0.011434
0.0123844
0.0180165
0.00357144
0.0828737
0.0863199
0.0276246
0.00489377
0.587765
0.364535
0.142211
0.271977
0.0369123
0.0399597
0.403185
0.0301323
0.00587024
0.0460418
0.0106737
0.0148599
0.0025104
0.0342157
0.0271055
0.00191813
0.0678752
0.00320919
0.0758266
0.0255639
0.0150543
0.0366216
0.788561
0.00922045
0.0455891
0.0244938
0.0109041
0.0151888
0.260215
0.00664615
0.219999
0.0560112
0.021127
0.0180695
0.0382762
0.366633
0.38831
0.0264635
0.274487
0.436442
0.127555
0.346485
0.0539299
0.00839857
0.64721
0.0108549
0.139046
0.0198966
0.249763
0.00921903
0.296212
0.0119447
0.453724
0.483299
0.00953885
0.0105441
0.0596823
0.0586969
0.328022
0.134206
0.0346368
0.559468
0.142911
0.0900261
0.0597333
0.219855
0.0626808
0.290645
0.113486
0.0229525
0.215861
0.0732046
0.06854
0.0829147
0.335072
0.692464
0.0167205
0.142779
0.0109052
0.0168759
0.145868
0.0130023
0.381779
0.0214775
0.00785092
0.0684488
0.0166705
0.224242
0.0624619
0.0112898
0.461679
0.124136
0.36041
0.0408507
0.285909
0.0237818
0.0383335
0.0140268
0.0311784
0.255236
0.129963
0.00108926
0.0274586
0.0103491
0.162166
0.347676
0.354424
0.147446
0.0764256
0.0932446
0.0284461
0.0194227
0.481185
0.208812
0.0381361
0.0330584
0.0601902
0.00433107
0.0159679
0.034662
0.0186318
0.0669313
0.107142
0.838232
0.0216842
0.017216
0.36504
0.0380927
0.0480255
0.00600473
0.260087
0.0519943
0.0357883
0.00418837
0.0680967
0.507227
0.014073
0.0157135
0.0699533
0.0334977
0.0293423
0.0283199
0.0204494
0.0526627
0.118568
0.410979
0.151193
0.0446004
0.0582166
0.158802
0.0939032
0.0385687
0.0429561
0.00353671
0.0311192
0.60747
0.0355339
0.0708064
0.00422517
0.078849
0.225157
0.0278019
0.00594691
0.0315593
0.0356561
0.0263716
0.0948541
0.0145614
0.0188194
0.0202792
0.0205703
0.0231119
0.0304853
0.0374291
0.0924273
0.0756068
0.0352712
0.221019
0.0697099
0.0361789
0.0198178
0.00789353
0.00831068
0.0212525
0.0446572
0.0316423
0.0301052
0.0367832
0.036395
0.0390267
0.0157137
0.227832
0.00875905
0.00545188
0.0068399
0.0169821
0.012485
0.43818
0.0102395
0.0117596
0.0139969
0.00862347
0.0271092
0.0197424
0.0273136
0.0305777
0.015088
2.50529
0.0176773
0.0418515
0.0228455
0.0277322
0.101874
0.0298992
0.0229574
0.00616593
0.0263449
0.00967425
0.0250617
0.00561638
0.182289
0.0317528
0.00764902
0.0162478
0.0072499
0.0741299
0.0224336
0.0206213
0.0287702
0.0232146
0.292642
0.0577246
0.0247982
0.409399
0.0447569
0.0116752
0.021862
0.110198
0.0893497
0.175938
0.0243564
0.349942
0.0443958
0.0194177
0.0236136
0.0271969
0.0279673
0.00491527
0.00765917
0.105969
0.0180068
0.00218022
0.0153751
0.025731
0.0600093
0.0207729
0.0387935
0.0231834
0.0130376
0.0107586
0.00601546
0.00910881
0.0233701
0.0341726
0.00717919
0.00349104
0.0423737
0.022635
0.0172503
0.0177579
0.0154465
0.0263129
0.244151
0.0036745
0.0302091
2.41278
0.010106
0.01436
0.0194295
0.00307593
0.0133762
0.0112472
0.0338179
0.106905
0.0309499
0.00877664
0.0125171
0.00112223
0.00277631
0.00728962
0.0143148
0.0112906
0.0280553
0.0284586
0.0254111
0.0423075
0.0193124
0.0900602
0.0182561
0.0123772
0.0171575
0.329093
0.197299
0.0385219
0.0361966
0.0295608
0.017932
0.0102245
0.0133645
1.17497
0.00285202
0.0136816
0.00408353
0.242111
0.0166075
0.0191275
0.029045
0.19416
0.0446552
0.0172535
0.0396018
0.0233179
0.0173363
0.0200762
0.0313261
0.0125047
0.0158317
0.010368
0.0115333
0.0148955
0.0165948
0.150016
0.033813
0.0273086
0.00289725
0.00793103
0.0164585
0.0111913
0.0156719
0.0141209
0.0223104
0.00894087
0.0327123
0.0121865
0.421201
0.0109196
0.146514
0.0179075
0.0774398
0.00270501
0.195137
0.0618593
0.0603784
0.266273
0.0140307
0.190121
0.0251541
0.282734
0.19227
0.244252
0.128656
0.0862886
0.27281
0.159856
0.0951023
0.395536
0.152842
0.23355
0.0181387
0.120066
0.104261
0.331454
0.0349469
0.0624231
0.0458278
0.0677349
0.363902
0.0853009
0.0488271
0.00425632
0.12656
0.00695035
0.746294
0.083577
0.011616
0.41914
0.102246
0.154108
0.270804
0.119265
0.0170565
0.263141
0.00967292
0.0178942
0.00908715
0.00758867
0.0251789
0.0215249
0.00503467
0.180618
0.0119452
0.010923
1.38929
0.00628928
0.211527
0.0423295
0.00664196
0.0199508
0.0345485
0.0758157
0.0198641
0.309071
0.0826923
0.0283992
0.161134
0.0553031
0.0218788
0.0320754
0.023187
0.0201684
0.00932082
0.433436
0.222407
0.00243807
1.58599
0.0199445
0.00182544
0.00778515
0.0662528
0.0462337
0.0132121
0.0864623
0.010246
0.0632493
0.0368393
0.00245081
0.0461688
0.0320612
0.0277628
0.145923
0.00749568
0.00819441
0.202931
0.244573
0.0225413
0.0248661
0.0133473
0.0120679
0.0650783
0.0172741
0.0370263
0.0226853
0.0599998
0.416187
0.00249436
0.153899
0.0196858
0.0268378
0.0078846
1.55167
0.0429393
0.183195
0.24829
0.0146338
0.0234461
0.00851614
0.236509
0.00361498
0.182529
0.0127196
0.249441
0.140598
0.151385
0.0341619
0.0317269
0.187307
0.0249755
0.00625552
0.18033
0.162385
0.0237964
0.0575792
0.180094
0.0264352
0.0242566
0.0824008
0.0116538
0.598292
0.0843672
0.0106183
0.368505
0.238039
0.0729242
0.0262031
0.247417
0.0688092
0.0296232
0.199045
0.0157781
0.0104335
0.0186079
0.268456
0.255186
0.11969
0.045667
0.269808
0.0162358
0.0474958
0.248847
0.711489
0.243331
0.0713067
0.354074
0.0925834
0.00922156
0.0445086
0.0363037
0.0482974
0.283949
0.43041
0.138028
0.193232
0.021285
0.0951537
0.0171118
0.309211
0.0153777
0.0691512
0.113667
0.465778
0.49224
0.182717
0.365453
0.396477
0.225394
0.0226047
0.0125402
0.305152
0.655302
0.122836
0.00617816
0.0180817
0.0148706
0.0154213
0.351556
0.0169068
0.210587
0.0143369
0.147556
0.0137747
0.225975
0.209636
0.0461923
0.0183879
0.234701
0.282868
0.0559701
0.0652362
0.0453093
0.212591
0.062605
0.0450244
0.29153
0.539206
0.07014
0.0189358
0.220215
0.30735
0.188033
0.00858613
0.288356
0.0856035
0.0392663
0.467061
0.262968
0.339532
0.0155437
0.0368172
0.272563
0.00756483
0.260778
0.203656
0.0606531
0.260826
0.0641201
0.0135988
0.0156917
0.0277818
0.0732624
0.00767402
0.443704
0.112867
0.0682952
0.197546
0.021219
0.256608
0.255919
0.0207489
0.0434979
0.111097
0.112344
0.0311764
0.0268192
0.0399446
0.110331
0.144349
0.03268
0.0320649
0.0558808
1.31261
0.0366875
0.0861022
0.104224
0.0662926
0.0361455
0.433356
0.00712151
0.275305
0.0145673
0.0165461
0.130454
0.198805
0.0498629
0.104816
0.0974379
0.114465
0.0338418
0.0342156
0.0438526
0.142259
0.125323
0.382454
0.0051878
0.0170169
0.0648269
0.0324965
0.00343453
0.0642298
0.0519571
0.308478
0.129235
0.567994
0.0061915
0.0523834
0.00897833
0.0186492
0.853294
0.00694722
0.0468593
0.0541846
0.0129049
0.204134
0.14284
0.013292
0.0104214
0.00405524
0.0190037
0.010591
0.0741318
0.58017
0.0600389
0.094657
0.0366607
0.0240194
0.00690916
0.151256
0.00604652
0.00697351
0.122597
0.0486449
0.130601
0.232216
0.0158751
0.161268
0.0140997
0.522765
0.0484383
0.102062
0.0311908
0.0731265
0.0258169
0.0556849
0.0195411
0.00754781
0.0233048
0.0229639
0.045915
0.0864644
0.0757449
0.048958
0.0392808
0.00624218
0.0308249
0.184323
0.0629164
0.0227736
0.313118
0.120347
1.57955
0.0121949
0.0162088
0.0233018
0.131078
0.439123
0.344173
0.17526
0.0193136
0.200175
0.0817554
0.0546951
0.343874
0.367816
0.620706
0.00618932
0.000542842
0.226559
0.162107
0.00232969
0.0991601
0.103323
0.0136543
0.0892725
0.00568724
0.0329491
0.0969335
0.0307079
0.0893022
0.0209598
0.0385644
0.0121894
0.0085084
0.0288775
0.0205657
0.00488466
0.188154
0.369646
0.516548
0.0242505
0.232022
0.0508606
0.473906
0.0654527
0.633333
0.353349
0.0398058
0.281907
0.0458259
0.712077
0.438799
0.301656
0.650523
0.00420316
0.293911
0.0184895
0.016589
0.14081
0.0548669
0.00763006
0.108037
0.0525414
0.021608
0.00495516
0.35165
0.456101
0.160136
0.0298178
0.0196201
0.024537
0.0309487
0.0156199
0.0172027
0.229457
0.227076
0.0890312
0.403802
0.357697
0.0224981
1.02314
0.159951
0.111269
0.0113224
0.0170095
0.357258
0.571419
0.819817
0.696618
0.183315
0.0145933
0.636812
0.0204976
0.225026
0.023256
0.378541
0.316828
0.0967344
0.328338
0.407266
0.108149
0.0493399
0.0195944
0.206925
0.264006
0.0483111
0.276554
0.0213526
0.0279117
0.0859677
0.187732
0.0428426
0.148864
0.087399
0.0630198
0.0772633
0.279087
0.000647843
0.078296
0.0611311
0.0213082
0.0524456
0.21206
0.0479601
0.0684228
0.1853
0.0347351
0.0754566
0.113077
0.092035
0.0408227
0.0146778
0.175103
0.295119
0.182304
0.0409579
0.53934
0.135906
0.613287
0.062057
0.0116767
0.0716428
0.0876034
0.00821698
0.424814
0.0380198
0.0182704
0.0059971
0.213141
0.454238
0.0239765
0.227277
0.109755
0.0440413
0.390685
0.0249229
0.0207176
0.0138818
0.0120192
0.0181815
0.0290434
0.552823
0.0257468
0.00176115
0.39537
0.0103905
0.0434536
0.0177924
3.12394
0.300226
0.00385815
0.0181344
0.0198763
0.0254964
0.423964
0.00671292
0.0201305
0.198028
0.416432
0.0548759
0.235152
0.296435
0.231503
0.0206621
0.176859
0.280395
0.0142204
0.131352
0.0818255
0.0566695
0.056817
0.0512821
0.0902775
0.391744
0.283005
0.0258018
0.305204
1.17952
0.104496
0.279834
0.0270747
0.164586
0.0360365
0.605473
0.259857
0.00420358
0.0424319
0.457503
0.0200659
0.0170059
0.344794
0.00813507
0.0775096
0.370968
0.040796
0.10265
0.118931
0.349458
0.145002
0.00446295
0.142336
0.358928
0.270343
0.157816
0.112278
0.0111109
0.17664
0.0242092
0.0200204
0.789833
0.107041
0.0313393
0.368171
0.0486052
0.121167
0.0922457
0.180478
0.00602492
0.420439
0.468714
0.0316646
0.218802
0.162368
0.116115
0.0343276
0.260224
0.110961
0.0221696
0.127418
0.0587882
0.00727866
0.049319
0.00978131
0.0884986
0.0104379
0.0218517
0.854679
0.0162549
0.0446554
0.611569
0.467556
0.00833062
0.0108061
0.177176
0.0287875
0.00916716
0.158167
0.0116594
0.0507447
0.124653
0.0383353
0.0213995
0.279842
0.0280191
0.0664206
0.195593
1.03521
0.0154637
0.0102598
0.0838372
0.072621
0.0631307
0.00569311
0.0854345
0.365584
0.0453412
0.104079
0.298437
0.0769417
0.185579
0.00638032
0.0141415
0.0165855
0.1943
0.030217
0.0132837
0.343884
0.361022
0.642885
0.139266
0.0244439
0.0981
0.0916518
0.0206702
0.142043
0.0109028
0.556666
0.027776
0.520395
0.511058
0.220488
0.30074
0.019846
0.0241099
0.614227
0.0564418
0.390095
0.159636
0.00619571
0.135539
0.0199266
0.0698696
0.0171983
0.0169289
0.180124
0.035023
0.562005
0.0830283
0.306255
0.463821
0.399492
0.438615
0.0607991
0.217943
0.29245
0.0641895
0.254994
0.373715
0.28938
0.258119
0.137288
0.0262294
0.217812
0.079569
0.675445
0.00893684
0.0283779
0.13337
0.00480933
0.107132
0.30227
0.0201605
0.0214296
0.00738299
0.0213165
0.208912
0.0360041
0.0562408
0.0541594
0.0250441
0.0451601
0.0165297
0.0803144
0.0447533
0.0536433
2.65657
0.383601
0.0427333
0.020204
0.346953
0.488716
0.0282253
0.727313
0.0192492
0.0259401
0.651837
0.348417
0.0553878
0.0330861
0.037594
0.0241373
0.0131078
0.00453679
0.080924
0.0134367
0.0103395
0.041997
0.0443375
0.0959479
0.0136934
0.22491
0.0425585
0.119803
0.417324
0.861905
0.0559539
0.489216
0.014255
0.412593
0.201027
0.0326315
0.192347
0.015265
0.00496796
0.0393323
0.12547
0.197791
0.620466
0.109898
0.0036794
0.124781
0.0136276
0.339129
0.01535
0.0591788
0.0319753
0.0311055
0.00492891
0.107138
0.00389179
0.0355129
0.195672
0.0338876
0.471928
0.00763634
0.38793
0.0171161
0.135509
0.00904069
0.253542
0.0555265
0.0808264
0.00865333
0.141906
0.0270007
0.00913185
0.455287
0.0214191
0.0122328
0.0916432
0.438314
0.0400584
0.973056
0.0303367
0.0115938
0.0596577
0.232693
0.0766612
0.102287
0.00886011
0.250588
0.0885563
0.105443
0.0687892
0.0428175
0.0731515
0.463756
0.00507566
0.82327
0.297435
0.213794
0.014188
0.044542
0.0232108
0.013226
0.0083334
0.0092978
0.00339788
0.00947329
0.749044
0.00785354
0.0177625
0.01874
0.0183627
0.0477434
0.242397
0.011988
0.0187247
0.0188343
0.061474
0.0045276
0.0124501
0.0574878
0.0125994
0.0575851
0.00799765
0.509747
0.495303
0.033632
0.00639064
0.00495956
0.0172946
0.286915
0.0132915
0.0253593
0.14925
0.0711797
0.0218051
0.0378629
0.685221
0.0114887
0.0054733
0.0264176
0.137525
0.0270693
0.0304214
0.0119748
0.060102
0.215302
0.028016
0.00742313
0.0207448
0.881259
0.00787158
0.00872823
0.00596118
0.00441453
0.0139589
0.0818064
0.0658729
0.316572
0.0281128
0.00750256
0.00944359
0.0107515
0.0241338
0.0125241
0.0145524
0.00724203
0.019294
0.0230108
0.0160084
0.00189188
0.012642
0.0181375
0.00529443
0.0143645
0.0166463
0.60039
0.104683
0.00264042
0.00466065
0.131192
0.015318
0.136923
0.012405
0.0302478
0.0308115
0.0300966
0.452687
0.0188416
0.0267115
0.17631
0.800204
0.0118445
0.0358661
0.0240498
0.0155728
0.137612
1.05464
0.00837353
0.00926154
0.0120326
0.514795
0.0187472
0.57212
0.0103062
0.0207779
0.480036
0.169589
0.336305
0.125014
0.0494266
0.927804
0.0200582
0.0172653
0.148992
0.664918
0.20917
0.0493948
0.0672717
0.550043
0.684167
0.0823199
0.00251696
0.441476
0.379203
0.0295741
0.0747696
0.742928
0.965274
0.777853
0.0147024
0.865104
0.0331742
2.51169
0.0165476
0.0544622
0.137285
0.285073
0.0374567
0.0230694
1.38994
0.0196429
0.913952
0.476437
0.32147
0.108386
0.018521
0.0454604
0.0751325
0.0537342
0.0261687
0.688846
0.252369
0.0631327
0.672858
0.060291
0.0409733
0.0774004
0.254566
0.00657014
0.103884
0.118767
0.00460823
0.158497
0.379341
0.101532
0.120049
0.0281253
0.0649997
0.355469
0.377392
0.0363272
0.0210297
0.130006
0.101233
0.427034
0.0105017
0.0134399
0.0316305
0.0297168
0.0821523
0.140726
0.0364681
0.0864661
0.767195
0.075977
0.174083
0.199076
0.277535
0.0184741
0.0179126
0.0744416
0.0503109
0.00591985
0.0674603
0.461881
0.0508773
0.0402808
0.128839
0.0737403
0.0706084
0.0369224
0.0385344
0.0229684
0.238253
0.241869
0.245891
0.0247204
0.131083
0.0198919
0.0260262
0.0802147
1.61963
0.113989
0.309296
0.137406
0.374065
0.315024
0.0800104
1.51646
0.0319807
0.0242533
0.034596
0.0434706
0.0246166
0.0641119
0.261034
0.0179897
0.0925567
0.0501387
0.0827065
0.0016228
0.047095
0.181338
0.607623
0.0157018
0.370611
0.0303159
0.230176
0.131945
0.0989593
0.023053
0.0170974
0.027501
0.0187337
0.110707
0.0495368
0.438301
0.0056742
0.0987028
0.278511
0.0092764
0.014819
0.0152339
0.0280692
0.105771
0.0522853
0.0256072
0.0116383
0.0230862
0.0451142
0.26415
0.00634902
0.0486793
0.0673048
0.0456496
0.065547
0.0194574
0.0116049
0.109522
0.28404
0.00379225
0.260483
0.100809
0.883195
0.0587888
0.0112906
0.0657098
0.00251764
0.102283
0.196633
0.0128809
0.0508069
0.0679232
0.0852679
0.00377373
0.0288643
0.0466226
0.20336
0.0105894
0.0206333
0.0182516
0.00535128
0.00952979
0.0520694
0.01975
0.163621
0.180276
0.0307067
0.0447245
0.0166684
0.0640094
0.292115
0.0451354
0.02882
0.00714893
0.0453066
0.296446
0.413323
0.0559671
0.0145319
0.287876
0.0230973
0.376164
0.0157746
0.0213734
0.05903
0.0241255
0.0167629
0.0613578
0.0354851
0.39702
0.0116227
0.0179893
0.0158332
0.0286636
0.0364358
0.0430528
0.0318626
0.0739832
0.0204976
0.0318668
0.0173469
0.0333316
0.0178901
0.0310982
0.0395678
0.00332837
0.0260104
0.080461
0.0187093
0.104821
0.0830195
0.0318773
0.00852935
0.0264443
0.155398
0.0255885
0.342906
0.123081
0.00679579
0.0111041
0.715585
0.00258337
0.00954436
0.198468
0.354296
0.0227245
0.0384945
0.501937
0.0126056
0.0201428
0.0093766
0.0465523
0.00764652
0.0105496
0.0196487
0.516156
0.0168688
0.0130116
0.0082645
0.146138
0.0629132
0.159474
0.064674
0.0189407
0.194069
0.0153616
0.0104642
0.241684
0.361385
0.352781
0.065486
0.069073
0.00826644
0.0094669
0.00560811
0.0131703
0.00536214
0.0223313
0.0347466
0.183255
0.0148485
0.0107771
0.0156808
0.00369075
0.00526518
0.0143267
0.0745152
0.121057
0.0101498
0.00500949
0.0309015
0.0978524
0.0345994
0.223245
0.0677458
0.0590359
0.0289692
0.0317779
0.00301846
0.0435098
0.0891847
0.206916
0.0805303
0.0183268
0.109922
0.0187032
0.0240384
0.0198318
0.0852102
0.16267
0.002951
0.0280903
0.0111983
0.00230267
0.188376
0.162287
0.0967561
0.00805736
0.088135
0.0173428
0.0169052
0.0430477
0.00798431
0.491796
0.517176
0.369709
0.00994482
0.0199097
0.0578426
0.0195942
0.262977
0.0429273
0.00341127
0.182284
0.0295202
0.0319413
0.0556149
0.0363841
0.0215905
0.0602369
0.0538889
1.1705
0.0028425
0.0391558
0.0132636
0.0224334
0.0181999
0.06525
0.0259558
0.00975613
0.367736
0.0174163
0.06395
0.0138099
0.674301
0.871903
0.0111532
0.0232357
0.0294727
0.0114346
0.0331226
0.120632
0.38152
0.204083
0.0115189
0.175294
0.0237293
0.0143876
0.0176293
0.0184917
0.139206
0.0202178
0.0228741
0.00939464
0.00453496
0.0255062
0.0413803
0.00429427
0.0162287
0.0493452
0.0675825
0.0383988
0.0110886
0.00854979
0.058734
0.00452467
0.0894978
0.403552
0.0685635
0.244663
0.0519782
0.015098
0.00387318
0.0341002
1.79991
0.041314
0.0565927
0.00235137
0.357511
0.0946641
0.214341
0.00749986
0.0379882
0.00926291
0.019052
0.0298579
0.000259708
0.0105609
0.0520195
0.0137423
0.235095
0.0500722
0.0285645
0.00942166
0.0037871
0.0105286
0.0681141
0.0343728
0.0116186
0.00738921
0.0150011
0.05928
0.00474958
0.403427
0.00984402
0.0487928
0.295367
0.573482
0.0834445
0.54017
0.0210806
0.00828156
0.0648988
0.453273
0.0690174
0.0276161
0.0682386
0.238354
0.160663
0.0170421
0.142209
1.55686
0.0532899
0.0186402
0.0220679
0.0501599
0.0488076
0.334838
0.269043
0.180216
0.0609136
0.0114743
0.107132
0.0657605
0.0292927
0.308553
0.0643366
0.332446
0.00572288
0.0143227
0.142704
0.0166556
0.0620334
0.00424436
0.138505
0.0690814
0.561938
0.190866
0.0669985
0.00995286
0.0226953
0.029654
0.0687808
0.052364
0.0238889
0.0584005
0.123789
0.0357669
0.223452
0.538024
0.0710687
0.0474021
0.039071
0.0455232
0.0887729
0.0759322
0.192417
0.290813
0.288961
0.0797853
0.0278038
0.0236572
0.00897369
0.0172566
0.0350163
0.00466399
0.0377207
0.0144503
0.0168037
0.0160576
0.0683915
0.0238213
0.0673818
0.0231856
0.523252
0.0862388
0.112609
0.0821948
0.0370422
0.0170377
0.0153782
0.0499963
0.100795
0.583181
0.0335125
0.321688
0.0487389
0.0489239
0.266033
0.0159869
0.00587568
0.0356257
0.0152963
0.23017
0.0191691
0.0335348
0.0413931
0.0232769
0.060744
0.19724
0.223452
0.385126
0.0222941
0.048924
0.01756
0.0808659
0.00770245
0.11984
0.00211017
0.043614
0.100138
0.121733
0.0229812
0.0153464
0.00614717
0.158526
0.0466057
0.126829
0.141062
0.0749352
0.00764237
1.08442
0.0168077
0.0600179
0.0463696
0.0124099
0.0455861
0.00638404
0.0368207
0.0263155
0.0458003
0.0395414
0.0386555
0.200648
0.0152044
0.0573725
0.0447021
0.531518
0.0433613
0.0232579
1.2787
0.0559499
0.00677088
0.00857272
0.0134463
0.0331623
0.0258514
0.00103617
0.136118
0.0203065
0.607821
0.0216293
0.037277
0.566255
0.0076255
0.109756
0.0776043
0.0349686
0.0697578
0.0231808
0.0102949
0.351263
0.0727567
0.0126719
0.0309732
0.321998
0.045208
0.020605
0.0111767
0.00480782
0.0191157
0.00435701
0.00691068
0.0646575
0.0150379
0.0508475
0.0625016
0.0186753
0.0149513
0.0155409
0.0162539
0.0128089
0.00303277
0.0453445
0.0197289
0.119221
0.0138989
0.0180424
0.0346837
0.150658
0.381905
0.0481913
0.00738424
0.691876
0.0113047
0.031829
0.164659
0.0092133
0.0547523
0.00832555
0.0513516
0.0227311
0.0132239
0.0129712
0.0314187
0.0182582
0.049864
0.180064
0.0105178
0.0315326
0.0778902
0.131976
0.037202
0.0136008
0.0266937
0.0181277
0.0744298
0.0198686
0.0344455
0.0354281
0.0253612
0.285943
0.0484061
0.0412071
0.0245416
0.0372333
0.46757
0.0426096
1.03717
0.0124171
0.0195159
0.0142591
0.69379
0.0049715
0.459023
0.0254707
0.00951383
0.127508
0.0556837
0.0721849
0.276371
0.0313193
0.03618
0.032932
1.24892
0.0117357
0.0502266
0.0043983
0.0773788
0.0330025
0.0231252
0.737064
0.0293106
0.00861056
0.00937915
0.0197966
0.0645088
0.0239863
0.0199345
0.00314726
0.0155526
0.0191291
0.0217183
0.00731536
0.00800565
0.0192264
0.210187
0.00902658
0.00854078
0.718543
0.345363
0.0254199
0.390149
0.00930043
0.079409
0.731225
0.157199
0.0123342
0.192894
0.0375519
0.0211371
0.0240761
0.0190382
0.0135189
0.977914
1.40359
0.0924609
0.063845
0.0351415
0.0172983
0.100661
0.0144134
0.129702
0.0626473
0.0116079
0.370498
0.0284457
0.0146896
0.0137695
0.0236325
0.914882
0.024281
0.0230624
0.687594
0.00876509
0.0145837
0.0294647
0.129882
0.0448469
0.074454
0.505865
0.0215152
0.0248471
0.350998
0.031439
0.177462
0.40918
0.0671102
0.312862
0.0468573
0.123441
0.118602
0.432115
0.00746312
0.0226328
0.158453
0.0111149
0.028835
0.699694
0.0620521
0.036818
0.00587901
0.625634
0.445449
0.127626
0.0425725
0.1314
0.166287
0.0132727
0.0467172
0.160885
0.0582067
0.125892
0.190159
0.317459
0.361926
0.0260047
0.00823362
0.108787
0.173966
0.0300394
0.0826731
0.508453
0.0224665
0.0292124
0.00825231
0.357157
0.477192
0.0133332
0.0289865
0.0486334
0.354867
0.049155
0.0610956
0.137929
0.0184505
0.0047908
0.365374
0.0242786
1.02622
0.0487494
0.270834
1.04297
0.217295
0.157073
0.0558241
0.0369559
0.0485859
0.0737848
0.0739763
0.0391018
0.0616593
0.0157419
0.49202
0.255209
0.00554013
0.266382
0.816563
0.0318675
0.677723
0.389178
0.024786
0.0216391
0.530764
0.0894345
0.109896
0.016972
0.00642824
0.0400294
0.492384
0.131888
0.258633
0.0163974
0.755641
0.05025
0.602074
0.343946
0.094886
1.21227
0.291796
0.0142712
0.309602
0.392558
0.0509896
0.49685
0.252877
0.299264
0.0392343
0.33818
0.521599
0.0371201
0.241661
0.138919
0.0405479
0.00858832
0.0146454
0.0693939
0.853987
0.0102485
0.0135075
0.233736
0.00743759
0.0422593
0.0582002
0.00673963
0.00723714
0.0276307
0.0140026
0.0389897
0.0578294
0.144944
0.0256394
0.0432011
0.0662876
0.00233687
0.0176932
0.598769
0.0260473
0.0288548
0.772075
0.0208328
0.753935
0.337017
0.119196
0.329381
0.0479869
0.0845495
0.00528168
0.080955
0.25654
0.0286327
0.708092
0.0100473
0.0184143
0.0125699
0.0286266
0.018742
0.0168457
0.036655
0.014193
0.0173873
0.0129795
0.0135831
0.0861138
0.00365945
0.177988
0.133232
0.751655
0.174385
0.0366443
0.0139836
0.610687
0.00791651
0.265345
0.0978748
0.0158858
0.02053
0.013145
0.0283438
0.0216436
0.102546
0.176581
0.108398
0.0115852
0.0286304
0.0528807
0.044345
0.0160315
0.364332
0.0211484
0.0136279
0.265086
0.0332087
0.0116862
0.00689352
0.043031
0.0176115
0.0119834
0.0253066
0.0114093
0.025809
0.443929
0.0423559
0.218086
0.301236
0.179273
0.377716
0.0229266
0.0154068
0.22908
0.0701888
0.302956
0.0807622
0.0588053
0.076938
0.0346734
0.00662037
0.0228151
0.0939619
0.0227648
0.165
0.109113
0.00835998
0.0152229
0.00135755
0.12729
0.00428634
0.0423592
0.0112097
0.0038652
0.0772007
0.0583064
0.0230699
0.197109
0.0139508
0.0348192
0.0164139
0.247498
0.144458
0.00946862
0.0877463
0.0452975
0.0706631
0.00535212
0.00834657
0.123015
0.222303
0.00872668
0.0441038
0.0401017
0.0239809
0.0429265
0.00887854
0.0292316
0.018646
0.0278627
0.0191818
0.0414009
0.410097
0.0134623
0.00555668
0.0190738
0.0126946
0.323833
0.0941446
0.321403
0.0398363
0.0263687
0.016363
0.914536
0.277022
0.00988063
0.0295881
0.0282296
0.0137589
0.015064
0.00968521
0.0465827
0.0498719
0.0366795
0.0298165
0.0588822
0.0203562
0.0378523
0.0356226
0.0230795
0.0113336
0.0819998
0.0418446
0.0115489
0.00450359
0.0290731
0.0254736
0.0117153
0.0251566
0.0138341
0.0323045
0.0194993
0.0335979
0.016419
0.0262505
0.0166731
0.0295325
0.0289188
0.0198299
0.309736
0.00697347
0.0104026
0.00654106
0.118948
0.00210109
0.0162796
0.0190187
0.0134766
0.0561876
0.0303009
0.00436945
0.100824
0.0161233
0.0226102
0.0220879
0.0356785
0.0125872
0.055217
0.00545196
0.011062
0.0196998
0.0200059
0.0312767
0.0807899
0.0188406
0.0383789
0.0241486
0.0137263
0.0493469
0.00646425
0.013918
0.0360829
0.0289493
0.00135864
0.00801758
0.00820805
0.0172521
0.00402321
0.0699146
0.201864
0.0302602
0.0138877
0.0737198
0.0324945
0.00773991
0.0151936
0.0111619
0.0336458
0.0437514
0.0568745
0.444183
0.00607204
0.0093582
0.0545267
0.666444
0.0117968
0.101816
0.0163696
0.00386913
0.286054
0.0346809
0.0296928
0.144235
0.197298
0.0518889
0.0192025
0.105792
1.05535
0.0160775
0.277359
0.109278
0.0155024
0.056329
0.122875
0.0130474
0.0725169
0.449396
0.439421
0.018761
0.0490203
0.00511161
0.01156
0.137099
0.332392
0.190069
0.0581397
0.440393
0.0125583
0.0112243
0.180079
0.310537
0.00446091
0.0183869
0.135952
0.0665496
0.0605065
0.00698888
0.00896819
0.0264298
0.216245
0.138714
0.011711
0.142746
0.0476511
0.354647
0.0326927
0.0441579
0.0769368
0.00713611
0.00908127
0.334483
0.07646
0.0155373
0.640561
0.0391278
0.277814
0.0326693
0.210702
0.0144871
0.00370425
0.298882
0.191301
0.142711
0.0228508
0.406235
0.0416478
0.0326889
0.133816
0.0763254
0.0170275
0.036776
0.0038534
0.0600857
0.365526
0.0150209
0.443243
0.0246199
0.172231
0.273187
0.34663
0.0933885
0.0330164
0.0352421
0.363197
0.0792078
0.951825
0.540492
0.151359
0.0258115
0.217048
0.377173
0.131554
0.251956
0.118715
0.0227095
0.718382
0.310579
0.313734
0.0901797
0.0381136
0.296147
0.196878
0.351102
0.0112856
0.338158
0.0481421
0.392092
0.464854
0.0750497
0.122743
0.122425
0.0694166
0.619164
0.0175973
0.14496
0.163223
0.5744
0.00942513
0.0562523
0.0492452
0.0329122
0.0166169
0.003308
0.0872865
0.0298243
0.106716
0.269347
0.341656
0.073393
0.343472
0.0786178
0.0574873
0.0126298
0.0106835
0.0732617
0.0435031
0.00699512
0.217767
0.428881
0.0117697
0.0130779
0.0252506
0.0176883
0.258297
0.0213975
0.0238423
0.0135444
0.206357
0.119961
0.292102
0.480137
0.121148
0.0207575
0.298065
0.0688959
0.00431096
0.0149564
0.0342839
0.0330186
0.438054
0.179206
0.0162086
0.172632
0.299383
0.00453288
0.29774
0.647389
0.183618
0.00800669
0.286277
0.0080645
0.189657
0.0421331
0.430952
0.163613
0.0699725
0.0717691
0.165786
0.220388
0.249346
0.19731
0.18261
0.0191176
0.053654
0.294444
0.0215051
0.148332
0.443984
0.0146187
0.279599
0.266145
0.432816
0.3216
0.252781
0.214405
0.138214
0.226111
0.0196999
0.0441186
0.251383
0.320454
0.00557608
0.0104327
0.0666123
0.0854415
0.185934
0.223931
0.216088
0.211273
0.0226698
0.0927429
0.314405
0.0319853
0.0609244
0.0360812
0.0752718
0.18235
0.0361428
0.0387028
0.326722
0.020075
0.116869
0.0889636
0.0732598
0.0221347
0.344245
0.014431
0.0147186
0.0596078
0.110747
0.228753
0.203416
0.0420849
0.202309
0.0616994
0.0413965
0.279702
0.138953
0.110389
0.00504812
0.0225381
0.169251
0.0518829
0.27438
0.0350585
0.0540842
0.0140771
0.165288
0.36664
0.092543
0.0822452
0.00503304
0.0210625
0.159505
0.0787248
0.0556593
0.00916236
0.09675
0.0213804
0.0657593
0.0332421
0.0520881
0.0351701
0.0354003
0.124963
0.0689892
0.225194
0.00162741
0.00778788
0.189505
0.379967
0.00331814
0.0346952
0.0515381
0.262455
0.114046
0.056246
0.00874709
0.065592
0.0436598
0.220911
0.0419084
0.0493565
0.0526609
0.014091
0.320634
0.260968
0.0374972
0.00179469
0.411021
0.0467642
0.0347858
0.37159
0.142847
0.0274547
0.210989
0.0453415
0.0281883
0.113124
0.133562
0.0158295
0.150561
0.0379637
0.178338
0.429733
0.0170788
0.464808
0.425004
0.00411317
0.0360486
0.0601535
0.11788
0.168258
0.00464306
0.221583
0.409118
0.0501793
0.0313956
0.0182095
0.225283
0.429738
0.475095
0.0413145
0.216567
0.013217
0.0310242
0.206846
0.0320296
0.02567
0.172061
5.7892
0.220393
0.0426919
0.014096
0.0513997
0.235194
0.0519293
0.0348101
0.15429
0.00384828
0.0131272
0.0365117
0.0222886
0.0142312
0.246006
0.0450797
0.00511928
0.0134466
0.0311525
0.0303953
0.179639
0.0203322
0.0245778
0.63901
0.0212443
0.00492817
0.0343507
0.0180809
0.0421016
0.245671
0.00950719
0.0111804
0.0149267
0.0220244
0.208262
0.0218736
0.0117019
0.0379101
0.411318
0.0494074
0.138098
0.0195547
0.198477
0.0252234
0.0252228
0.0703985
0.0119239
0.664726
0.148388
0.0399716
0.0510115
0.282699
0.564391
0.0138823
0.277384
0.0749626
0.0120022
0.315961
0.012116
0.128382
0.0101932
0.460313
0.0790871
0.0238699
0.486969
0.0208877
0.0173161
0.460706
0.0525582
0.0400661
0.034008
0.312186
0.122402
0.0115847
0.171306
0.195398
0.51765
0.0435811
0.315866
0.569025
0.050669
0.22523
0.477819
0.00773396
0.0310323
0.0132822
0.0569943
0.0860403
0.0414298
0.598301
0.0125299
0.669682
0.0145068
0.020959
0.0158237
0.00749702
0.00595835
0.0319566
0.0292105
0.151424
0.18244
0.932876
0.0156337
0.895186
0.00971196
0.0403727
0.0201987
0.00834917
0.0176609
0.423857
0.128631
0.0150173
0.12035
0.250079
0.0107349
0.0478209
1.00984
0.0698722
0.142673
0.0741987
0.219248
0.213959
0.0241121
0.154389
0.045992
0.644371
0.0601842
0.0210851
0.389485
0.0852577
0.130692
0.0547638
0.272287
0.0111846
0.0076045
0.328449
0.0115597
0.0189976
0.0946613
0.00826956
0.0167137
0.0280962
0.0349587
0.10386
0.241123
0.0236134
0.0365492
0.0198907
0.00589818
0.0373601
0.00971534
0.0379241
0.00718142
0.020127
0.0141064
0.010724
0.093185
0.375127
0.0365035
0.475145
0.0464625
0.0103112
0.0185579
0.0187962
0.00307515
0.777764
0.623088
0.34449
0.181141
0.0202366
0.168884
0.0258122
0.0232458
0.216174
0.00375707
0.0527468
0.016782
0.0433243
0.0916044
0.0022851
0.00663217
0.218671
0.0209608
0.00875257
0.0206193
0.0423994
0.00704567
0.0527315
0.332382
0.0380519
0.563607
0.00576151
0.437093
0.107801
0.10889
0.0473777
0.00921659
0.234144
1.80136
0.815002
0.0128975
0.104164
0.00271901
0.0236638
0.207967
0.00662443
0.0164179
0.133413
0.0581481
0.0176536
0.102106
0.0810682
0.126725
0.120767
0.00565112
0.0120389
0.646758
0.019968
0.0488579
0.538039
0.491022
0.248246
0.183949
0.0155214
0.0867148
0.0785566
0.0143403
0.980279
0.318456
0.137733
0.0629012
0.23147
0.0750677
0.0118264
1.41519
0.19531
0.0451615
0.0758071
0.00604951
0.16252
0.0156572
0.597858
0.205686
0.347362
0.0178773
0.188652
0.170796
0.00636451
0.398705
1.09502
0.0140234
0.441602
0.00260925
0.713544
0.0408368
0.0402068
0.0107682
0.0380488
0.0452954
0.624475
0.01735
0.0552089
0.00435013
0.292003
0.194498
0.0294263
0.127887
0.108616
0.0895935
0.256296
0.0233082
0.0184965
0.0415854
0.11141
0.134294
0.0901915
0.308458
0.00979783
0.266423
0.0571778
0.122084
0.0200254
0.28442
0.450641
0.0604508
0.680685
0.496027
0.01703
0.108791
0.0268653
0.013579
0.255245
0.0324058
0.0748903
0.26702
0.353211
0.0938575
0.280542
0.0786701
0.0252759
0.0126199
0.0598359
0.102654
0.0273846
0.00849543
0.0119579
0.309759
0.010016
0.050119
0.0361674
0.00289914
0.190754
0.129339
0.0706101
0.0603801
0.0544019
0.0101401
0.0062301
0.0492214
0.0446183
0.0518378
0.0546579
0.0221564
0.0710208
0.562544
0.0155914
0.0515186
0.00886883
0.613633
0.148966
0.148531
0.0334393
0.00839408
0.00956526
0.138476
0.0895874
0.865028
0.00647809
0.0242486
0.13916
0.0315464
0.118886
0.173221
0.0507022
0.0958085
0.0203964
0.0342278
0.0445094
0.205287
0.00855442
0.0144343
0.0679223
0.0191163
0.00182145
0.16881
0.0990424
0.438268
0.0352556
0.00164286
0.0668759
0.37922
0.0603798
0.0943408
0.0485895
0.0140146
0.0582514
0.336364
0.0219499
0.590345
0.0248524
0.00476182
0.010044
0.0228059
0.0563262
0.00802567
0.447136
0.0529225
0.0259856
0.0190981
0.00769961
0.118427
0.0266508
0.21937
0.107825
0.231814
0.466125
0.00983275
0.101242
0.103155
0.139571
0.0188123
0.0364535
0.429798
0.0407066
0.40276
0.0160655
0.0128545
0.0061065
0.0425408
0.258965
0.0185825
0.189718
0.00702085
0.249116
0.0136275
0.0217559
0.0302755
0.188299
0.291433
0.146693
0.0937131
0.0183478
0.0549325
0.017632
0.0156971
0.0314747
0.0768719
0.0139012
0.065662
0.0136102
0.0413797
0.00567944
0.0773988
0.0170847
0.320597
0.154662
0.00806342
0.0382341
0.165548
0.00617655
0.264112
0.00288361
0.156796
0.083305
0.247947
0.183953
0.0341316
0.0298362
0.0145379
0.0426934
0.0814078
0.462894
0.000505862
0.0762602
0.0913506
0.0953906
0.0236625
0.0344234
0.0167193
0.121282
0.139503
0.0133443
0.090585
0.367247
0.0409828
0.441386
0.00257314
0.00565572
0.0422706
0.0326282
0.00691976
0.0022824
0.0195717
0.0312417
0.336452
0.025222
0.0147063
0.0136463
0.0872764
0.0387625
0.0311813
0.00717881
0.0518701
0.0022072
0.0084512
0.0258343
0.0194431
0.161114
0.0178407
0.044721
0.0103379
0.0570083
0.0153155
0.451245
0.366804
0.0300615
0.0317998
0.0169056
0.0477001
0.00343666
0.0500952
0.412189
0.341764
0.0116035
0.0586924
0.0326825
0.00410017
0.013857
0.0151612
0.0436038
0.0294325
0.00777989
0.0209484
0.0141265
0.0206602
0.0202782
0.00712694
0.0130691
0.0154973
0.0146681
0.0036887
0.0136073
0.00587305
0.0173924
0.00528988
0.0155156
0.017603
0.264282
0.0531302
0.00670106
0.171226
0.015159
0.0742597
0.301367
0.0578814
0.0191562
0.00323555
0.00651316
0.0105265
0.0791459
0.00582556
0.0598172
0.0262068
0.0313457
0.207533
0.0573239
0.0169623
0.00186534
0.100071
0.0286608
0.0173357
0.0767537
0.0387862
0.0250302
0.0133332
0.0245879
0.135149
0.0282724
0.00950951
0.0441946
0.0242746
0.0946332
0.0211386
0.0212757
0.0602383
0.0351659
0.010802
0.0134356
0.0337591
0.0255696
0.0229189
0.044395
0.116973
0.0392019
0.0169476
0.0306928
0.0224008
0.00525269
0.0394803
0.0159885
0.0117153
0.00385581
0.302943
0.0295093
0.0182875
0.126686
0.0248739
0.0217717
0.0145833
0.0262542
0.00894117
0.00757055
0.0259729
0.016913
0.0310591
0.0283939
0.0164169
0.0191429
0.0366511
0.0271045
0.00603685
0.0212245
0.00867664
0.00209023
0.00661722
0.0182293
0.0346461
0.00412627
0.00795499
0.0196026
0.00793347
0.00412808
0.0065322
0.0154359
0.0133236
0.0244142
0.00878448
0.00903521
0.0177942
0.0114524
0.0149528
0.0284875
0.0169879
0.0326714
0.247281
0.0118312
0.0139739
0.0257222
0.0209227
0.00657947
0.00349118
0.0244149
0.0135894
0.0147477
0.0066421
0.00743948
0.00844176
0.0111561
0.00184149
0.0174376
0.0228102
0.00753464
0.00796391
0.0293214
0.0353069
0.0157135
0.0132818
0.00405989
0.00373511
0.194528
0.0262003
0.0159108
0.0236167
0.0111185
0.00709723
0.0164342
0.00517852
0.00495441
0.0218878
0.00173297
0.0116453
0.0114743
0.0261729
0.0719109
0.0184384
0.0174117
0.00823935
0.027213
0.427343
0.145075
0.329042
0.112126
0.0275086
0.0200696
0.109222
0.230838
0.104128
0.0351448
0.200808
0.0621137
0.0294689
0.05793
0.0088194
0.00839421
0.172731
0.014284
0.0255937
0.168419
0.0213917
0.173851
0.0815295
0.0251022
0.154416
0.034945
0.0263071
0.030477
0.14733
0.25825
0.0658958
0.0312616
0.0610534
0.0602507
0.0471716
0.101417
0.0413722
0.0313583
0.0267725
0.0117599
0.0149012
0.0932063
0.00958245
0.00815581
0.0275877
0.00888921
0.0729331
0.0310358
0.136475
0.105637
0.0663133
0.00436658
0.192944
0.241271
0.144709
0.0101645
0.171803
0.0259493
0.0121562
0.0818317
0.163355
0.119159
0.130148
0.103743
0.00258165
0.123863
0.0393492
0.0230954
0.0223141
0.0490584
0.311679
0.0117866
0.0175583
0.0274322
0.159643
0.078518
0.0164425
0.0369632
0.0364948
0.0126828
0.0381476
0.0107286
0.436581
0.0134116
0.0437848
0.183476
0.0114295
0.284938
0.0874218
0.268742
0.00560352
0.216925
0.0978105
0.111698
0.0825416
0.0197098
0.0529701
0.0105574
0.0496825
0.0201951
0.133786
1.05624
0.0307172
0.0117707
0.0350464
0.0474301
0.00273801
0.0290248
0.0804111
0.0592903
0.246445
0.00564739
0.0357692
0.0306901
0.0797951
0.00503014
0.00789693
0.058098
0.00420173
0.0120191
0.173606
0.0349159
0.0157748
0.00539614
0.0401385
0.188655
0.00982241
0.0161203
0.0266362
0.0678133
0.144157
0.162477
0.0992351
0.0158418
0.022236
0.0610829
0.0249936
0.181256
0.0112863
0.0214371
0.0158031
0.0489661
0.22689
0.0712859
0.0617794
0.0296346
0.0184465
0.103105
0.0561835
0.298974
0.196693
0.0290422
0.0217536
0.0274429
0.018049
0.415864
0.394586
0.129166
0.0450066
0.037288
0.0156046
0.0620957
0.286853
0.0136257
0.144161
0.0364629
0.00578113
0.517397
0.405027
0.0129355
0.105925
0.00804246
0.00613536
0.142481
0.0399371
0.232184
0.0260521
0.101023
0.0688686
0.00450641
0.0625903
0.0102175
0.316436
0.376644
0.0648428
0.032457
0.394149
0.11714
0.0653911
0.131465
0.00696318
0.0109823
0.0143797
0.100372
0.0815707
0.239336
0.0280139
0.111359
0.0149049
0.0310426
0.078114
0.24816
0.35966
0.0419432
0.0114056
0.0498062
0.0196754
0.241323
0.00743143
0.192508
0.00437292
0.0367069
0.461433
0.245637
0.445045
0.0999362
0.117076
0.109722
0.195772
0.303178
0.00725881
0.0542922
0.0776887
0.122744
0.514265
0.0756767
0.152887
0.308669
0.484874
0.149177
0.271631
0.109269
0.136974
0.0494899
0.0228806
0.288034
0.232902
0.234727
0.0226463
0.0119954
0.396018
0.0569444
0.124904
0.357908
0.152443
0.0105485
0.0108137
0.0193703
0.0414888
0.0219648
0.450351
0.470702
0.0285837
0.0322385
0.014746
0.0254322
0.121145
0.0211708
0.301237
0.0126487
0.18524
0.275102
0.0133139
0.104256
0.110293
0.0226392
0.344346
0.0224425
0.112481
0.0789036
0.389775
0.0749071
0.0270429
0.0271031
0.0375739
0.0368486
0.0172944
0.306835
0.00564914
0.0906714
0.0309919
0.0437218
0.106387
0.078692
0.0175408
0.0136763
0.270657
1.33313
0.832206
0.0866333
1.20183
0.220604
0.0660932
0.0457172
0.0814326
0.575585
0.0133776
0.354404
0.372249
0.16526
0.026286
0.844282
0.261061
0.0643068
0.0263565
0.131845
0.353221
0.33309
0.21132
0.00427095
0.0232611
0.301196
0.0716281
0.050663
0.0388165
0.244692
0.00489991
0.00394128
0.16186
0.457621
0.463331
0.0493941
0.235953
0.382783
0.0627392
0.0241138
0.216361
0.0941116
0.0176314
0.0129509
0.271429
0.0279438
0.179938
0.033395
0.282313
0.672741
0.0600375
0.0604488
0.019778
0.0191586
0.436019
0.0239621
0.15687
0.0628774
0.0129429
0.204524
0.0556379
0.0304075
0.0495161
0.342641
0.151941
1.00212
0.609488
0.652947
0.00437535
0.0960218
0.0256345
0.058327
0.468233
0.0554214
0.212054
0.183055
0.525927
0.294983
0.106988
0.0272821
0.360698
0.0109983
0.169089
0.0968087
0.0114795
0.243177
0.262785
0.388585
0.0734749
0.0208454
0.00632696
0.0137098
0.0141086
0.309291
0.299224
0.314749
0.590163
0.012132
0.0196624
0.00837074
0.523254
0.114546
0.15047
0.00718131
0.0623322
0.2573
0.0281304
0.0130653
0.0317235
0.0193862
0.0329829
0.0212233
0.0366531
0.0280317
0.0452229
0.0272413
0.0237346
0.0210669
0.0336521
0.0110592
0.0816447
0.0199989
0.0171543
0.0282824
0.120911
0.0823601
0.0898079
0.0174699
0.0105463
0.00644401
0.0133621
0.0611139
0.225503
0.0152596
0.0659108
0.0159043
0.00758589
0.00334819
0.255602
0.0799589
0.00421609
0.134206
0.0428589
0.0365116
0.0128036
0.00955296
0.020168
0.0255368
0.0566521
0.0702277
0.0251918
0.0115975
0.0041419
0.0118265
0.0168498
0.149349
0.53744
0.451721
0.00162498
0.023307
0.0173809
0.0442529
0.736282
0.305738
0.824687
0.059219
0.0390054
0.0947088
0.0254462
0.190101
0.076681
0.432554
0.00905998
0.348955
0.375954
0.0566485
0.0901905
0.011786
0.0989915
0.161287
0.0182647
0.0583676
0.0134018
0.220213
0.0725717
0.0554796
0.0102523
0.0909964
0.0154419
0.120005
0.0118474
0.00546212
0.0430673
0.0156136
0.100723
0.517002
0.0241601
0.0106001
0.114898
0.162373
0.115167
0.0246583
0.101831
0.0114516
0.00842355
0.0692707
0.0369971
0.138991
0.111556
0.0393193
0.00314367
0.119642
0.0377755
0.041184
0.0552792
0.0700271
0.0108157
0.00488047
0.124549
0.203174
0.0513735
0.00727807
0.0249654
0.0397955
0.304694
0.00677359
0.0287052
0.0146248
0.0739648
0.0183829
0.423138
0.0201444
0.381898
0.021002
0.0967176
0.0887578
0.00529221
0.00742633
0.0168259
0.0510558
0.0484288
0.0111229
0.00918202
0.0186703
0.0486142
0.0772295
0.0095146
0.0831711
0.0257681
0.0324026
0.278812
0.0363085
0.240801
0.00515688
0.136625
0.0238839
0.01354
0.0122885
0.108039
0.234079
0.136524
0.896033
0.0124155
0.0194583
0.0126276
0.0162831
0.0203073
0.278567
0.19801
0.13603
0.0168899
0.052951
0.0385077
0.0812134
0.136027
0.0110423
0.0823825
0.00179354
0.253199
0.0163581
0.0635518
0.0712717
0.0166019
0.027302
0.00188447
0.00987961
0.0479123
0.0568841
0.00146667
0.0337291
0.00997622
0.0534596
0.211394
0.00957425
0.00542788
0.0434382
0.0718775
0.00129326
0.0144118
0.0272205
0.00400884
0.0104269
0.0187995
0.0129132
0.0178344
0.0310239
0.0567857
0.0362819
0.0338659
0.191955
0.0982528
0.553037
0.0273422
0.00455156
0.0263819
0.790284
0.215721
0.186297
0.0226464
0.0680576
0.00607978
0.397243
0.195069
0.0409726
0.0345207
0.463463
0.0257536
0.00991975
0.027005
0.154989
0.0346277
0.122316
0.437994
0.0288989
0.010997
0.0211839
0.0135973
0.0129017
0.042377
0.0270468
0.0428912
0.00903453
0.012749
0.0255343
0.0245126
0.0117775
0.0024855
0.050898
0.0160571
0.0193617
0.286741
