0.0030959
0.00516908
0.000145264
0.00423188
0.000162125
0.000268473
0.00821345
0.521357
0.00288977
0.0214418
0.0056696
0.0119655
0.0314751
0.00657156
0.0131333
0.00567682
0.00387616
0.0046397
0.00858544
0.00348575
0.000759128
0.00439931
0.000975689
0.0071916
0.0131311
0.0167235
0.00962511
0.00165868
0.0107387
0.00143326
0.00897787
0.00811402
0.00530148
0.00318279
0.00170492
0.00180551
0.0121934
0.0171288
0.0033211
0.00934591
0.000124608
0.0138036
0.00705021
0.00602034
0.00457892
0.00339417
0.0001798
0.000233297
0.00565345
0.00359227
0.000702219
0.0460454
0.00694305
0.00218911
0.0182472
0.000224814
0.381934
0.00910221
0.00738234
3.0357e-05
0.01897
0.0240819
0.000135272
0.017369
0.0546044
0.0153511
0.0068725
0.000302793
0.000204987
0.0100737
0.0188213
0.000146629
0.00517244
0.00234935
0.0158355
0.0125077
0.00614638
0.00274514
0.00752992
0.00706627
0.00389509
0.00601827
0.011262
0.00281886
0.0123036
0.00467798
0.0139963
5.91035e-05
0.00313818
0.0255832
0.000871038
0.0745815
0.00748419
0.0122611
7.71406e-05
0.0029107
0.0258118
0.0132404
0.00558626
0.00546271
0.0616337
0.0288627
0.013369
0.00224135
0.0176316
0.00892827
0.0100458
0.0107659
0.00208795
0.017675
0.00768017
0.00514999
0.0205692
0.0229808
0.030153
0.000498063
0.00136675
0.0102131
0.0195814
0.00953136
0.00401577
0.00372986
0.0294739
0.0353573
0.00329031
0.00583662
0.00579559
0.0172858
0.371913
0.00333061
0.0127766
0.00878859
0.00363515
0.0089212
0.00931627
0.00970684
0.00663721
0.00530219
0.00761169
0.0141015
0.00161738
0.027895
0.00541845
0.0016425
0.00430236
0.000767785
0.00309637
0.00457669
0.0379301
0.00419086
0.0143657
0.00644711
0.000639974
0.0185795
0.0076268
0.0101738
0.000269215
0.000262626
0.00575731
0.000720397
0.00713621
0.0104229
0.00626259
0.00636181
0.510878
0.00291176
0.00385526
0.00168959
0.0038466
0.00625567
0.532766
0.00905353
0.00218778
0.000530991
0.0224961
0.00739902
0.00317544
0.00946545
0.0167535
0.00551707
0.00225057
0.0103274
0.000375957
0.00999425
0.00272156
0.0332639
0.00472952
0.010123
0.000766171
0.00111316
0.00521218
0.00196414
0.00559025
0.00676744
0.00200801
0.0122874
0.00228525
0.00473517
0.0059297
0.00107733
0.00101414
0.00730913
0.00489178
0.00443298
0.00695013
0.00142358
0.00774231
0.00299687
0.0056332
0.00555897
0.0023647
0.00904966
0.00168911
0.00338615
0.00994519
0.00639827
0.0275358
0.00297344
0.00135001
0.0038353
0.0114927
0.00247889
0.00409568
0.00254886
0.0046017
0.00462748
0.0231894
0.00644702
0.00394498
0.0277332
0.00683441
0.0116385
0.00228963
0.0455612
0.0119205
0.00294097
0.00304575
0.000753034
0.00115052
0.00967547
0.00926538
0.00714293
0.0181912
0.448093
0.00255394
0.0069276
0.0177526
0.00425996
0.0246525
0.00329831
0.0105113
0.00227095
0.00464226
0.0174817
0.00281786
0.000886498
0.0147239
0.00406073
0.0037814
0.00680098
0.00101879
0.0100947
0.000384142
0.000961638
0.000178774
0.0067415
0.00322211
0.00143331
0.00828989
0.00639635
0.00381607
0.00409554
0.00162866
0.00157917
0.0059322
0.00667619
0.0167298
0.02271
0.00614932
0.00267481
0.00909877
0.00320134
0.0218821
0.00301309
0.00795224
0.0146844
0.00460639
0.00322934
0.00882571
0.00687794
0.0134643
0.00243655
0.0241275
0.00267367
0.00865848
1.46882e-05
0.00179952
0.00573305
0.00277408
0.00432917
0.00569421
0.00450096
0.00577719
0.00444774
0.00148024
0.00313094
0.00617306
0.00731376
0.00120922
0.0111467
0.0161595
0.00181962
0.00709574
0.00903589
0.00173517
0.00312994
0.0333925
0.0113418
0.507238
0.00754958
0.0056181
0.0124238
0.000474781
0.015291
0.0100066
0.0100353
0.00675267
0.0137246
0.000278324
0.0122798
0.00669616
0.00349854
0.00983835
0.0122788
0.00928179
0.00323453
0.000950211
0.00136068
0.0019535
0.00981861
0.00109638
0.00398647
0.0129781
0.00941382
0.000412296
0.00746551
0.00179171
0.0016304
0.00336612
0.0109265
0.0057185
0.000840045
0.00129603
0.00215801
0.00210184
0.000674801
0.0198988
0.00423129
0.0372833
0.00352649
0.535073
0.0106328
0.00137136
0.0055972
0.00241605
0.0118239
0.000659806
0.0691905
0.022922
0.00143107
0.00448075
0.000377754
0.00208352
0.014683
0.0176028
0.00838173
0.0100073
0.0125852
0.00654481
0.00446671
0.00193543
0.0106572
0.0023274
0.00820288
0.00308723
0.00518949
0.0200774
0.530348
0.00530551
0.00494737
0.00257624
0.00621597
0.00149285
0.0299021
0.00464454
0.00546961
0.020617
0.017302
0.00664102
0.000596705
0.00304874
0.00208413
0.00768823
0.00427567
0.00245056
0.348211
0.00485232
0.015105
0.000124309
0.00881995
0.0360021
0.00179735
0.0120756
0.00670987
0.029526
0.0152896
0.00297196
0.0173834
0.00783281
0.0400104
3.98871e-06
0.00362896
0.00573719
0.00226827
0.00291758
0.00341346
4.75614e-05
0.0146682
0.00683633
0.00523488
0.0076431
0.00739371
0.00460647
0.00363282
0.00712911
0.000401964
0.0109852
0.527019
0.00795467
0.0117107
0.0114811
0.00456629
0.00178455
0.515274
0.0406093
0.0102779
0.00995442
0.00146513
0.0100405
0.00280548
0.00530629
0.00366454
0.00361119
0.013734
0.0146229
0.000499359
0.0104958
0.0109075
0.00175961
0.00526716
0.0037249
0.00317215
0.0251534
5.24165e-05
0.0165816
0.0352775
0.0147845
0.00318248
0.00463206
0.00293701
0.0302304
0.0264548
0.0203586
0.005001
0.00748608
0.0246778
0.000849686
0.0326667
0.0116616
0.0371739
0.0127919
0.0362839
0.000793802
0.0177057
0.121126
0.0355103
0.00421324
0.0276648
0.0120669
0.0260127
0.0623775
0.0716602
0.0924469
0.111765
0.00774341
0.0727333
0.000136667
0.0153216
0.00237354
0.00245343
0.000310014
0.00841927
0.000542071
0.00236526
0.00869594
0.00443491
0.000189389
0.550368
0.00570307
0.00153248
0.00515583
0.0117155
0.00515582
0.00467697
0.00232135
0.00600486
0.00575523
0.00717534
0.00187
0.00466061
0.0112346
0.00686513
0.00308667
0.517348
0.00585279
0.00206724
0.0371444
0.00684842
0.000183311
0.0132081
0.0064017
0.00228851
0.00794145
0.00557743
0.0101612
0.00840923
0.0103733
0.00445235
0.0067105
0.00618021
0.00741831
0.00365405
0.00468416
0.00667213
0.00220727
0.00204107
0.00568321
0.0089796
0.00929414
0.000137648
0.00302713
0.00317232
0.00221889
0.0168169
0.0209965
0.0035089
0.0025719
0.0084187
0.00781301
0.00790742
0.010304
0.000909966
0.000384649
0.0178967
0.00413487
0.0060212
0.00243428
0.00392941
0.0195713
0.0115071
0.0126644
0.0141579
0.325626
0.00481829
0.00346476
0.008769
0.0115846
0.00320127
0.00633504
0.00214154
0.0104234
0.022882
0.00733085
0.00901206
0.00737636
0.0210976
0.0321698
0.0143719
0.002264
0.00420548
0.0198285
0.00270996
0.00312261
0.00138787
0.00230342
0.00565569
0.000355513
0.00423644
0.00468744
0.00472613
0.0147911
0.004987
0.00526922
0.00679543
0.00133109
0.000570198
0.0127524
0.422033
0.00443729
0.00487522
0.00734247
0.00440797
0.00444548
0.460506
0.00357804
0.00624557
0.00355244
0.00914792
0.0122879
0.00411224
0.00622755
0.0109325
0.527525
0.00141224
0.00287902
0.00434785
0.0057363
0.0212828
0.000429799
0.0075615
0.0176733
0.0152538
0.0189255
0.00038788
0.0197062
0.0120126
0.000423476
0.0141258
0.0226902
0.0143426
0.025204
0.0120317
0.0128876
0.00756393
0.0139561
0.0125215
0.00357396
0.00685872
0.00341094
0.00621304
0.00348379
0.00357186
0.00234883
0.00653857
0.00674199
0.000922744
0.00622135
0.0029005
0.00984924
0.00726555
0.00349284
0.00190885
0.0106269
0.00771286
0.0135711
0.00244131
0.00121389
0.00735039
0.0205907
0.0937647
0.00549545
0.018203
0.00326312
0.00370468
0.00161784
0.00475988
0.00264401
0.005237
0.442926
0.00187456
0.00423247
0.000675828
0.00797048
0.0179966
0.00445015
0.00641657
0.00395011
0.0113603
0.00267917
0.455221
0.00551999
0.000288509
0.00291472
0.00272453
0.014404
0.0244045
0.00169464
0.00228743
0.0119683
0.0130927
0.00334863
0.00242382
0.00211674
0.0056084
0.00649557
0.0132862
0.0029171
0.00680979
0.0106899
0.0586842
0.00840689
0.000174768
0.00132873
0.0105257
0.0180577
0.00189196
0.00274512
0.00903819
0.00726861
0.0183858
0.0213089
0.00662798
0.00102573
0.0132966
0.00944111
0.00240478
0.0073269
0.00352232
0.00259104
0.0015411
0.000516129
0.00657347
0.0147047
0.0193653
0.0130687
0.00238714
0.00163571
0.0140468
0.00500809
0.0191737
0.00708321
0.0157376
0.0143336
0.00958605
0.072675
0.017531
0.0130723
0.00685664
0.000272589
0.00311713
0.006114
0.00150435
0.00160214
0.00291486
0.0127473
0.00502573
0.0181569
0.0106113
0.00754506
0.0311414
0.00345756
0.0141853
0.00773405
0.0117809
0.00094559
0.5545
0.000251852
0.0130419
0.00841358
0.00779936
0.00791251
0.00785608
0.00454072
0.00770903
0.00710705
0.441887
0.00510815
0.0257047
0.0350205
0.0191657
0.054675
0.00467621
0.00864432
0.0244168
0.0110648
0.0173418
0.000927197
0.00499696
0.0113511
0.0205315
0.0116164
0.0114832
0.0106595
0.00668192
0.00273666
0.00906039
0.000547924
0.0131082
0.00706875
0.00433678
0.00366551
0.00857676
0.00155415
0.00870512
0.00285255
0.525994
0.0150275
0.00943259
0.00202135
0.0157831
0.00582193
0.0111915
0.00638349
0.021325
0.0333011
0.00876891
0.0272089
0.0244472
0.00112769
0.00222476
0.00409235
0.0214075
0.00094599
0.00718126
0.00827567
0.0313149
0.295129
0.00279131
0.00684273
0.00442932
0.0046684
0.105769
0.011852
0.0672151
0.00624252
0.00693926
0.00786027
0.00315582
0.0112706
0.0260335
0.00519632
0.013127
0.00715663
0.00896008
0.0044816
0.00522646
0.0241783
0.0096391
0.554985
0.0146668
0.00495752
0.313957
0.00115595
0.0133991
0.00927147
0.00639023
0.00908406
0.00147852
0.00243023
0.00063897
0.00869073
0.00480961
0.0214461
0.00084384
0.558314
0.000363972
0.0108223
0.0293954
0.0346515
0.0171744
0.00340613
0.482819
0.0288799
0.00409327
0.0391969
0.0110388
0.0156843
0.0106255
0.00349255
0.00144037
0.0208624
0.0155559
0.000359817
0.0300168
8.86101e-05
0.00457279
0.0178044
0.0169053
0.541576
0.000886328
0.46024
0.0133888
0.00141452
0.00385436
0.00885838
0.00400121
0.00209562
0.494607
0.00799151
0.0497185
0.00375298
0.00112132
0.00363161
0.0767325
0.456707
0.0123854
0.0138758
0.0240753
0.00397793
0.0122991
0.000813409
0.0141551
0.0353661
0.00557131
0.0157397
0.00346422
0.0114536
0.00652043
0.000591371
0.0143484
0.0143433
0.00173183
0.000857152
0.00723725
0.0121407
0.000761182
0.0069443
0.0105903
0.00988636
0.020383
0.00689821
0.0170773
0.0114785
3.61925e-05
0.0241512
0.011777
0.00981071
0.00722803
0.00643457
0.0088704
0.0136418
0.00512811
0.00975787
0.00229466
0.00172152
0.000741729
0.0242587
0.0108701
0.00517139
0.000735028
0.0179771
0.00618815
0.496439
0.00919681
0.00127942
0.01362
0.0206454
0.003187
0.000335368
0.00599711
0.00604609
0.0021462
0.000909665
0.0134094
0.533778
0.00587782
0.00223493
3.95662e-05
0.00648572
0.000315354
0.0122327
0.00152878
0.00792354
0.00508538
0.00964939
0.00887871
0.00355299
0.00686244
0.000145369
0.0153057
0.599974
0.0105049
0.00303162
0.00977224
0.01304
0.00648955
0.00881719
0.0242665
0.0103299
0.0168045
0.0116616
0.0123637
0.000888621
0.00396897
0.00953082
0.014274
0.232912
0.00294511
0.0068521
0.291799
0.0117571
0.388013
0.00162479
0.0150827
0.00297451
0.00517731
0.00652329
0.00638729
0.00597356
0.0112048
0.0118967
0.0107015
6.35408e-06
0.0133608
0.00199924
0.00738419
0.00609341
0.00177047
0.0795891
0.453569
0.00496415
0.016661
0.0138554
0.0386658
0.00365488
0.000351496
0.0113677
0.00209934
0.012923
0.000325193
0.00618069
0.00668458
0.0101755
0.00413516
0.00843291
0.00673383
0.0110926
0.00202665
0.0145041
0.00519532
0.00816962
0.0165138
0.00467001
0.00239896
4.1256e-05
0.00954261
0.00476232
0.0207912
0.00289757
0.0085672
0.00823596
0.00462564
0.0155951
0.0201265
0.0049398
0.000704117
0.0112713
0.00156894
0.00263065
0.0150503
0.0012423
0.00550318
0.0224562
0.0056934
0.00438349
0.00599749
0.00298087
0.00886806
0.0122568
0.00661746
0.00220043
0.0065868
0.0177482
0.0123438
0.0222394
0.0434899
0.0478
0.00825143
0.00215941
0.0149086
0.01199
0.00277936
0.039087
0.00243291
0.00940261
0.506521
0.00677191
0.0172269
0.00748883
0.00341624
0.00667038
0.0049213
0.0106901
0.00755947
0.00498201
0.5347
0.00992685
0.0136626
0.541114
0.00900014
0.00385975
0.00138305
0.00551186
0.00443604
0.00435717
0.00587716
0.002568
0.0053233
0.0105599
0.0018639
0.0115492
0.00976142
0.0039817
0.0189088
0.000327302
0.00953992
0.00599034
0.00988772
0.0106709
0.0123174
0.00550961
0.00312414
0.0345739
0.00728556
0.00573695
0.00871875
0.0145076
0.0180519
0.0110035
0.0164968
0.00228973
0.0100986
0.00648785
0.0120679
0.00600431
0.0030495
0.0136932
0.00126587
0.0149102
0.00241338
0.0100617
0.0068905
0.0031477
0.0129482
0.0202855
0.00805195
0.453973
0.00555863
0.00553483
0.00728808
0.00232858
0.0112273
0.00401832
0.00447347
0.00760838
0.0106676
0.0242811
0.0338285
0.00224568
0.0135282
0.0115504
0.0224402
0.00846487
0.00524063
0.00853237
0.00874735
0.00683267
0.00684116
0.0138254
0.0133005
0.00174894
0.00239093
0.00349873
0.00661626
0.0013963
0.00400271
0.00178266
0.0351083
0.0071848
0.00404289
0.00752136
0.00629947
0.00287042
0.00516013
0.00772891
0.00488041
0.00913518
0.00139792
0.00901437
0.0175211
0.00200978
0.00744558
0.00656217
0.00446948
0.00552239
0.000899769
0.0034233
0.0065737
0.0191126
0.0133893
0.000729848
0.00172868
0.0129873
0.0138742
0.00275441
0.00431033
0.0234588
0.00384911
0.0059388
0.000719875
0.00754243
0.00224944
0.00932789
0.00103629
0.0096982
0.00717343
0.0195126
0.00816534
0.00300601
0.0394915
0.00276471
0.561456
0.00464983
0.00573365
0.00566083
0.011755
0.00741603
0.00059616
0.00465779
0.0214733
0.00129625
0.00864027
0.0353347
0.0108619
0.00311047
0.00452591
0.00141161
0.00338253
0.0105105
0.0115974
0.0139946
0.0351139
0.022394
0.00683792
0.0248613
0.0315588
0.00858795
0.00226716
0.0036837
0.0132772
0.0306806
0.00893318
0.0153487
0.00922059
0.0177928
0.00104758
0.00712464
0.00467724
0.0044485
0.0247373
0.00552451
0.00343495
0.00436897
0.00255367
0.0103064
0.00277313
0.0115107
0.00389196
0.00196031
0.038263
0.00072469
0.0110379
0.0243426
0.0238828
0.00550464
0.0166078
0.0333544
0.0095384
0.00937749
0.00296746
7.73259e-05
0.0027627
0.00536436
1.13324e-05
0.0105667
0.00171407
0.560686
0.0315
0.0201258
0.00119227
0.027222
0.0380619
0.0133647
0.00772915
0.0116661
0.0293603
0.0109232
0.0466175
0.0446348
0.0173381
0.0142388
0.0266006
0.00792648
0.0387612
0.00211829
0.000386141
0.0469694
0.0175765
0.0190477
0.0536066
0.00163685
0.0139874
0.0062535
0.036917
0.0219405
0.00862661
0.0365758
0.00540301
0.065536
0.00538781
0.00964297
0.0286844
0.0540592
0.0234919
0.0724843
0.267133
0.0331599
0.0426851
0.109571
0.0364193
0.0250547
0.465375
0.124436
0.0183175
6.09654e-05
0.00834351
0.015034
0.0249715
0.0867734
0.0213204
0.000858221
0.0153351
0.0131979
0.0255421
0.00903433
0.0158048
0.00561034
0.0139267
0.000994521
0.00566417
0.00861361
0.00327486
0.000427905
0.014942
0.000305366
0.00233395
0.000615801
0.00374521
0.0051919
0.00180608
0.000911357
0.0117008
0.00483831
0.0028343
0.016085
0.0575726
0.0201767
0.000448846
0.00753875
0.00508271
0.00125934
0.000891429
0.0156762
0.00443712
0.00407098
0.000634734
0.00618841
0.00524839
0.00269815
0.000379338
0.00417891
0.000295709
0.00691178
0.00646916
0.00701362
0.0247805
0.00274629
0.00511411
0.00478292
0.0106486
0.00738029
0.00766449
0.0291269
0.00970538
0.00631853
0.0134018
0.0113275
0.00264719
0.0190432
0.0137611
0.029348
0.0123023
0.00488279
0.00511887
0.00504654
0.0167535
0.173623
0.00226547
0.00354225
0.01491
0.0144511
0.0074362
0.00950154
0.0135746
0.554751
0.00592499
0.0125884
0.005517
0.00160172
0.0288898
0.00303276
0.00927028
0.00694665
0.00575903
0.0139766
0.00785903
0.00687519
0.00849366
0.00650307
0.00469684
0.00129448
0.0152766
0.00200912
0.00343971
0.0046035
0.00108314
0.0200063
0.00475609
0.00167462
0.0109688
0.0014608
0.00343428
0.0196201
0.00431612
0.0125414
0.0286594
0.00541511
0.00272187
0.0216333
0.0130986
0.000674659
0.00632346
0.00257001
0.00102184
0.00154544
0.00166503
0.00241772
0.0312237
0.000152554
0.00802785
0.00301734
0.00541927
0.0111965
0.00278211
0.00380993
0.00863804
0.00224274
0.00934906
0.00353327
0.0210699
0.00175291
0.009515
0.0093875
0.00716614
0.0071313
0.499942
0.00284397
0.00662923
0.00376187
0.022382
0.00344504
0.00533383
0.0061759
0.00248063
0.00448129
0.00290567
0.00868296
0.0178737
0.00811524
0.00133488
0.00861969
0.00853986
0.00337963
0.00577812
0.0306176
0.0061887
0.000849829
0.000700795
0.00678378
0.000766473
0.0111636
0.00129267
0.0100406
0.00199904
0.0201027
0.00645121
0.00645544
0.00458805
0.00296126
0.00377878
0.00888825
0.00487313
0.00712068
0.00131673
0.00705897
0.0236841
0.000120267
0.00133605
0.00460684
0.00374339
0.00556396
0.00524855
0.00263958
0.00626166
0.00388167
0.00510636
0.0135191
0.0012292
0.00115317
0.00100585
0.00618517
0.0114535
0.00288189
0.0103818
0.0110482
0.00877129
0.00682177
0.0073556
0.0092261
0.0105537
0.00512765
0.0111734
0.000632153
0.00972011
0.00802227
0.00725366
0.000663339
0.00769779
0.00232849
0.0262043
0.00429554
0.00441778
0.0345782
0.00190549
0.0147594
0.00128246
0.0107558
0.494899
0.0141176
0.0281451
0.000328961
0.0103907
0.482506
0.0221945
0.0166159
0.00929799
0.0790305
0.0136865
0.00518957
0.00407023
0.0111308
0.0129114
0.00031227
0.00433639
0.00925329
0.00577991
0.0119528
0.00113766
0.00144949
0.004838
0.0112812
0.466319
0.437703
0.00218179
0.0141234
0.0115487
0.00387827
0.0240298
0.0164636
0.00587159
0.00191371
0.00609915
0.00680275
0.00237582
0.0111339
0.00983603
0.129528
0.0184635
0.00976605
0.00719764
0.00290639
0.00377307
0.00409756
0.0108963
0.0172616
0.56191
0.00799934
0.0160677
0.0413937
0.0691079
0.064817
0.000595976
0.0076634
0.00989106
0.0132513
0.0146682
0.000628352
0.00370977
0.193691
0.00158129
0.00506005
0.00670175
0.0161743
0.0151591
0.000114085
0.00124816
0.00788501
0.00206801
0.00533088
0.00715604
0.00942466
0.00794903
0.00509419
0.00834565
0.000491962
0.00115307
0.00217733
0.00723589
0.00657436
0.00941356
0.500064
0.0137776
0.00336019
0.0102366
0.0136358
0.00848577
0.00350291
0.00375763
0.0026623
0.00670456
0.0189601
0.0117668
0.0203902
0.0118724
0.00398667
0.0108999
0.0177804
0.0134397
0.0117899
0.0101777
0.00273537
0.0116252
0.000214187
0.00735861
0.00772524
1.17915
0.0124862
0.0115112
0.0192314
0.0120661
0.00244459
0.00983367
0.00665968
0.00542949
0.00220816
0.423854
0.00910908
0.00205492
0.00731343
0.0034033
0.00203661
0.0051543
0.000595469
0.00761315
0.000365248
0.00611727
0.0121438
0.000482792
0.0120364
0.00338465
0.0133262
0.000285791
0.00409289
0.0118081
0.00719006
0.00210232
0.00537434
0.0116769
0.00155525
0.0128488
0.0100832
0.0118958
0.0215434
0.0050469
0.00898768
0.00853454
0.0082068
0.0108504
0.0218748
0.00234407
0.00159824
5.07677e-05
0.00950367
0.00466751
0.00244028
0.00113192
0.0059154
0.00225404
0.00273301
0.00115428
0.00601829
0.0065678
0.0106584
0.0117747
0.00172221
0.011333
0.00996137
0.0153755
0.0816481
0.00883558
0.00306951
0.00348794
0.00469689
0.0160847
0.00984688
0.000904178
0.00333673
0.00817404
0.0104261
0.0167572
0.0043646
0.00313186
0.0124306
1.10333e-05
0.0119837
0.019498
0.0367924
0.0106221
0.0265317
0.0134349
0.0176123
0.00798791
0.0185209
0.00543428
0.0203664
0.00747258
0.0235577
0.00320527
0.0388339
0.00949138
0.0026767
0.0140025
0.00182297
0.00344409
0.0107483
0.00828553
0.000279536
0.00729625
0.0041259
0.00120921
0.00294053
0.00424677
0.00820321
0.0164185
0.00469775
0.00938635
0.00428488
0.000706519
0.000599616
0.00273125
0.0169668
0.00844634
0.0112977
0.00617215
0.0131848
0.0209278
0.00384796
0.000880418
0.000682132
0.00265327
0.000364357
0.00793237
0.00319462
0.00507885
0.0772925
0.0286698
0.00795244
0.00387172
0.00432616
0.0102503
0.0104466
0.0433408
0.000158878
0.0152501
0.0145108
0.0150335
0.0188871
0.000979709
0.00302249
0.00924258
0.0152082
0.00138121
0.00056185
0.00283879
0.00365217
0.319992
0.0072903
0.0237864
0.0233012
0.000143107
0.00688745
0.00887254
0.00110773
0.0158911
0.00788511
0.00708288
0.00167146
0.0048
0.00104959
0.00707573
0.00239539
0.0135744
0.00101216
0.00630791
0.0179745
0.00264177
0.00651672
0.573974
0.0105041
0.00241565
0.00282689
0.317952
0.00359162
0.0174559
0.003577
0.0382711
0.0169122
0.00473134
0.0184012
0.480945
0.00628155
0.408136
0.0109265
0.00700731
0.0106667
0.477453
0.00950114
0.496947
0.00141754
0.00794986
0.0189819
0.00628859
0.00702243
0.00428386
0.00891312
0.48094
0.0389997
0.00428393
0.00506491
0.00898496
0.00103595
0.00751882
0.0325932
0.524145
0.0105894
0.000163424
0.00594804
0.0021233
0.00537303
0.00555182
0.00862778
1.82354e-05
0.0524215
0.0109116
0.0107021
0.0049422
0.00551102
0.000226837
0.00445335
0.00487841
0.00426993
0.0159632
0.009518
0.00525634
0.00628204
0.00156008
0.00593113
0.0186299
0.0177723
0.026269
0.00565889
0.00914779
0.0264171
0.00660531
0.00186683
0.00790632
0.00732307
0.0120014
0.0210253
0.0236883
0.0152905
0.0122431
0.00102867
0.022698
0.00401127
0.0124104
0.0168235
0.00280578
0.486384
0.000328179
0.0129398
0.529206
0.00414045
0.000534635
0.00583034
0.00416179
0.00873914
0.0124012
0.00576289
0.00168441
0.00226486
0.00517351
0.00495914
0.0175938
0.00608915
0.0121498
0.00106741
0.00784309
0.00119889
0.00534046
0.0110208
0.000319789
0.00760912
0.00819428
0.00977798
0.00313005
0.00354493
0.00279873
0.00212296
7.50857e-05
0.00486207
0.00517005
0.00398674
0.0133753
0.0120676
0.450734
0.00782456
0.561848
0.0123113
0.00206377
0.00718564
8.64854e-05
0.0782089
0.423107
0.00318439
0.00331779
0.002271
0.00463422
0.00216009
0.471694
0.00291652
0.00226659
0.00685482
0.00684651
0.0292945
0.00162693
0.00486199
0.025358
0.00081046
0.00752969
0.009665
0.0153861
0.00165618
0.533345
0.0057974
0.00919411
0.0241558
0.00442195
0.00999862
0.000523772
0.00417205
0.0166963
0.000196984
0.0314905
0.0372603
0.0144007
0.000754428
0.00129608
0.000200519
0.0122485
0.0166867
0.00673746
0.0130759
0.0113044
0.00597166
0.00702046
0.0140419
0.0160129
0.00558174
0.0219749
0.559256
0.00930244
0.000967484
0.00341192
0.00979475
0.0108234
0.0163849
0.00317736
0.0149526
0.0089994
0.00502499
0.0181446
0.00568695
0.00130554
0.00651932
0.00266734
0.00131681
0.000666988
0.00595219
0.00744633
0.00290799
0.00331744
0.00265865
0.000806488
0.0088667
0.00614878
0.0115946
0.0082554
0.00816324
0.0101428
0.00340647
0.000103248
0.000920195
0.0051235
0.0133845
0.00371891
0.0133231
0.00417315
0.00224574
0.0209938
0.0126776
0.00880983
0.00641866
0.00190812
0.00222424
0.00211391
0.00658376
0.00985172
0.0040222
0.00546012
0.0114264
0.00743117
0.00776305
0.00447367
0.00551383
0.012892
0.038553
0.00512776
0.0208524
0.0133123
0.0059075
0.000706823
0.000363235
0.0392182
0.00920275
0.00653247
0.0127472
0.0212578
0.00337671
0.0621742
0.00833692
0.000500812
0.00171024
0.0079073
0.0152314
7.08967e-05
0.0409283
0.00205261
0.000569209
0.00414862
0.00670652
0.0063336
0.00673448
0.0164776
0.00464479
0.0179303
0.000599907
0.00623689
0.00887609
0.00100679
0.0055836
0.0191745
0.002405
0.0146072
0.00511767
0.00105703
0.0106078
0.00530118
0.00136185
0.00388192
0.000706818
0.00387821
0.00106055
7.57166e-05
0.000263336
0.0132252
0.349998
0.000681858
0.00349746
0.00384497
0.0321344
0.0329961
0.00123431
0.00557595
0.00775889
0.0121943
0.00753363
0.0411034
0.0074757
0.0015973
0.0544052
0.000669411
0.00297652
0.00752112
0.00787439
0.0165032
0.00865301
0.000986897
0.0273267
0.00465029
0.0139683
0.0139917
0.0176795
0.00190465
0.0015288
0.00528811
0.00175797
0.00127359
0.00179319
0.00335972
0.00491718
0.00125193
0.00525984
0.00690258
0.0059866
0.00362811
0.00805553
0.00437462
0.0172517
0.00231047
0.00332793
0.00739787
0.00131801
0.015751
0.0242752
0.0157317
0.0015563
0.00529863
0.00214272
0.00635769
0.000756448
0.0132981
0.00739101
0.214114
0.00256532
0.00176011
0.00312616
0.013574
0.011785
0.0105825
0.00842201
0.0032638
0.000908925
0.00921036
0.0017571
0.0126651
0.00360116
0.0299208
0.00763792
0.00429636
0.00936971
0.00612489
0.000646277
0.00646703
0.00978751
0.00865594
0.0029448
0.000485008
0.00642084
0.00699474
0.0224963
0.000570088
0.00471799
0.00955452
0.00865669
0.014446
0.00380834
0.00741787
0.0014745
0.0013254
0.00111168
0.00296881
0.00179654
0.00570478
0.00585015
0.00362791
0.00424987
0.00352518
0.00628253
0.00481007
0.0322595
0.00390706
0.0273827
0.000270527
0.00704039
0.00274697
0.0112064
0.004957
0.00588369
0.014495
0.00356275
0.0010545
0.00307432
0.00692589
0.0118122
0.00249045
0.0032821
0.0175139
0.00573497
0.485367
0.000916651
0.0159902
2.09397e-06
0.0153457
0.00661207
0.00444441
0.00122946
0.532031
0.00988935
0.00148927
0.00374326
0.00878864
0.0224276
0.00726962
0.00163539
0.00597003
0.00378461
0.00682006
0.0233369
0.00799403
0.00246751
0.00421719
0.491791
0.0202968
0.00755971
0.00739872
0.00598741
0.00499654
0.0120822
0.00361823
0.00364254
0.00312407
0.012105
0.00590854
0.011438
0.00525285
0.000799318
0.00629416
0.00778407
0.00602758
0.0454653
0.0030762
0.00273778
0.0191517
0.026713
0.003877
0.0087185
0.000169352
0.00175325
0.00338126
0.00389518
0.00600951
0.00450271
0.572953
0.0028973
0.237901
0.00349541
0.00398872
0.00406254
0.494257
0.00066392
0.0138767
0.0692913
0.0165874
0.0285918
0.00229367
0.00010257
0.00458841
0.00397645
0.0142831
0.0200703
0.0063736
0.151653
0.0153549
0.0175827
0.00539588
0.00336367
0.00530467
0.0171667
0.00269353
0.00103204
0.0109218
0.00144567
0.0249141
0.0103619
0.00142469
0.00866019
0.00380376
0.0325041
0.0284509
0.0292274
0.0176755
0.000474747
0.000501279
0.00282129
0.00457865
0.00919013
0.00128158
0.00396601
0.00630662
0.00260393
0.0146616
0.00818831
0.00385636
0.00178248
0.0156569
0.00117735
0.0360869
0.00568612
0.00542771
0.00262836
0.000176639
0.000533853
0.0174226
0.0082415
0.00424243
0.00181093
0.00673403
0.0083479
0.00417152
0.0010383
0.00478459
0.00663838
0.0115676
0.0167215
0.0116783
0.0130694
0.02576
0.00406178
0.0060979
0.00118522
0.464199
0.0145783
0.00413964
0.0139536
0.000877387
0.00302031
0.00598968
0.0139754
0.00498262
0.00211
0.00394795
0.00200343
0.00359587
0.016314
0.00512722
0.00158681
0.0200022
0.00176301
0.011459
0.00453479
0.00262148
0.359712
0.0403997
0.321127
0.00079836
0.00308536
0.00690713
0.00285657
0.00128253
0.000889988
0.000983609
0.00803206
0.00752314
0.00207859
0.00197648
0.0045491
0.00702251
0.000301769
0.00337188
0.0116152
0.00743686
0.00369104
0.09719
0.00209604
0.00260252
0.00430186
0.0205964
0.023585
0.00704365
0.0101853
0.00053685
0.000253973
0.00239544
0.0129857
0.00324213
0.0314973
0.00793966
0.00215244
0.0116098
0.00350279
0.0103498
0.0271006
0.00569274
0.0128274
0.00210663
0.0261653
0.00475574
0.00730555
0.488653
0.018174
0.0261702
0.0320788
0.0534375
0.0180781
0.0107895
0.0235758
0.00677082
0.602776
0.00564399
0.00713261
0.0225634
0.00441241
0.0112504
0.0297158
0.495478
0.00876994
0.00987379
0.00531711
0.0207329
0.00451494
0.010414
0.0159321
0.00447563
0.310178
0.542002
0.010621
0.00447094
0.00346606
0.0174171
0.0192313
0.0159063
0.0170114
0.00123539
0.0204595
0.0044419
0.0239604
0.00515402
0.00790298
0.00795646
0.00145408
0.00803506
0.00454891
0.05087
0.0169992
0.00266384
0.00475982
0.0163243
0.0064663
0.00342217
0.00488361
0.0250814
0.00456221
0.0037042
0.00325612
0.00885231
0.00762381
0.0185137
0.00364237
0.51348
0.00559362
0.000372295
0.00462865
0.00315186
0.0018664
0.00519434
0.00801412
0.00115174
0.00270247
0.00472473
0.00085826
0.0102857
0.00765233
0.0120964
0.0192386
0.00374692
0.00554656
0.00200382
0.0016686
0.00497243
0.00620007
0.00528366
0.00964234
0.0117259
0.000776665
0.00731831
0.00602487
0.00772172
0.00427057
0.00451246
0.0131449
0.00747111
6.76793e-05
0.000547971
0.00441535
0.0187445
0.0222152
0.0089193
0.0222879
0.00999531
0.00383661
0.00864168
0.00723453
0.0159178
0.00293646
0.518212
0.0284472
0.0137509
0.0242953
0.00865695
0.000791209
0.00949699
0.000743106
0.0106703
0.0291012
0.00636196
0.4841
0.00998741
0.0226811
0.0066494
0.005595
0.0144249
0.573519
0.00442256
0.0108871
0.0398819
0.00647264
0.00144105
0.00153763
0.00298179
0.00449762
0.0107097
0.00172705
0.0222769
0.0176921
0.00475755
0.0144151
0.00646947
0.021182
0.0056956
0.00288425
0.00199609
0.00660452
0.00159315
0.0191441
0.0113751
0.0107143
0.00359206
0.0261093
0.0114997
0.00578404
0.00775854
0.00805767
0.00459748
0.0202451
0.249685
0.0423045
0.416404
0.00403679
0.0101124
0.00743167
0.0151489
0.00947889
0.018999
0.0411782
0.0100007
0.00813233
0.0101152
0.00291515
0.00856559
0.00470502
0.00198468
0.00651389
0.00536681
0.00477271
0.00690276
0.000277488
0.00147559
0.00527843
0.459864
0.00346358
0.00560541
0.00109999
0.0148983
0.00824237
0.00412774
0.00263554
0.0566847
0.439974
0.521777
0.00551879
0.00967535
0.00279508
0.0059892
0.00886023
0.00159459
0.00916852
0.00308363
0.0420739
0.00994973
0.017021
0.00112294
0.0108775
0.00412697
0.0416621
0.00167842
0.0108063
0.0129961
0.00621575
0.012712
0.00213894
0.0234589
0.00695806
0.0057978
0.000179934
0.400343
0.000524717
0.358685
0.00416553
0.00487776
0.384894
0.00706362
0.00685232
0.00399919
0.00521516
0.000713356
0.0188755
0.00831089
0.000268752
0.0141556
0.00257805
0.00947993
0.0293752
0.00122585
0.00534404
0.00195106
0.00345342
0.00377681
0.00920632
0.0128331
0.015581
0.00159701
0.0238745
0.0514373
0.00654853
0.0308093
0.0224912
0.00231452
0.0172375
0.00669995
0.00188319
0.0028636
0.0253947
0.00308889
0.0191449
0.00171976
0.00484671
0.0125997
0.0214324
0.00597375
0.00249348
0.0141725
0.0116756
0.405869
0.00324372
0.515328
0.000638855
0.0398175
0.0358087
8.96123e-05
0.0248715
0.00954166
0.000562816
0.00806209
0.524234
0.0100253
0.00908619
0.00532746
0.00475225
0.0201265
0.0166432
0.00923171
0.0225071
0.0186081
0.0154408
0.539587
0.014332
0.00799684
0.00107641
0.00714021
0.396496
0.00650486
0.00267726
0.00471357
0.0246159
0.00800865
0.0041084
0.00728493
0.00581519
0.00968809
0.0268056
0.00635279
0.000112362
0.00460483
0.00218231
0.00821977
0.00587663
0.0208708
0.0146874
0.00840988
0.01358
0.0115963
0.00493213
0.00319555
0.00568331
0.0140043
5.69965e-07
0.0021135
0.00610124
0.00549091
0.00297012
0.018249
0.0113586
0.00403146
0.00483611
0.00383047
0.0127764
0.579028
0.0109789
0.000342017
0.000553042
0.00423412
0.00696663
0.00841859
0.00614849
0.0145191
0.0174544
0.00451243
0.00937277
0.00433597
0.00722015
0.0197887
0.00375548
0.0143811
0.00841157
0.0125503
0.00410215
0.0391352
0.0171059
0.00489946
0.00025459
0.00679209
0.000807892
0.00740689
0.00775162
0.00715444
0.00870437
0.00222297
0.527061
0.00570161
0.0130885
0.000546736
0.00989192
0.505763
0.0217443
0.000315501
0.0246187
0.00731967
0.00779847
0.00159353
0.00755216
0.00497481
0.00633893
0.00224783
0.000532032
0.00186295
0.00609722
0.00901957
0.00226031
0.00305907
0.00320579
0.0106875
0.00710375
0.0117726
0.00172879
0.0108364
0.00410688
0.00888323
0.0258484
0.000383677
0.000326224
0.00370221
0.00279007
0.0142532
0.527448
0.00125049
0.00454554
0.0091677
0.00243018
0.000612053
0.018882
0.00673582
0.0265462
0.0253
0.0387988
0.00107255
0.00275917
0.00347311
0.00484136
0.373853
0.0078094
0.002268
0.000436199
0.00913614
0.0106893
0.0378269
0.00144175
0.021637
0.00657358
0.028663
0.000612301
0.00209249
0.00628657
0.00360837
0.00095032
0.00578496
0.00579855
0.00383645
0.00476179
0.00403624
0.00765201
0.00489467
0.00534221
0.0160971
0.000371747
0.00478331
0.0235659
0.021317
0.0268649
0.0109401
0.00773684
0.00116683
0.0084513
0.00144063
0.0223707
0.00105208
0.00848917
0.000669092
0.014755
0.00984977
0.00824832
0.00403877
0.00211377
0.00941372
0.00873561
0.00788166
0.0101282
0.00789963
0.00648543
0.000214933
0.00280143
0.513458
0.00583578
0.00250013
0.00909831
0.392469
0.00792741
0.00566964
0.00763205
0.00157034
0.00311227
0.000387848
0.0123447
0.010024
0.00856812
0.00722146
0.00227574
0.00177193
0.00684945
0.0127027
0.000738872
0.0148015
0.00703664
0.00382376
0.0119194
0.0109926
0.0191082
0.0158493
0.0135664
0.00195904
0.00317501
0.00169888
0.00716618
0.0103011
0.00890141
0.0199841
0.00371815
0.00644083
0.00508805
0.0153609
0.511825
0.01496
0.0150551
0.00305608
0.000102954
0.014304
0.00320079
0.00803375
0.00327996
0.0050809
0.00260038
0.00342715
0.00304504
0.00788408
0.00181455
0.00777279
0.00830135
0.0119096
0.0191018
0.00496044
0.121296
0.000469716
0.00290974
0.0137258
0.00673119
0.00306341
0.0941434
0.0082539
0.00461122
0.0204321
0.0058001
0.0173239
0.0445257
0.0235211
0.00886466
0.000844905
0.00467907
0.00141218
0.00187702
0.00670629
0.00429386
0.00744784
0.0021007
0.0175411
0.00728816
0.0105276
0.0172383
0.0162373
0.00395965
0.00430796
0.393384
0.446712
0.0132934
0.0626438
0.482221
0.0231849
0.00157579
0.00352306
0.00543418
0.0101844
0.0154911
0.0111432
0.0460323
0.0107996
0.00130593
0.00347897
0.0116587
0.598148
0.0415072
0.00331187
0.0248409
0.0249793
0.0310985
0.0110719
0.0192083
0.00528347
0.00799396
0.0308154
0.0237392
0.00104639
0.0199624
0.0123287
0.00619648
0.000202601
0.0188087
0.026366
0.00636813
0.00629686
0.0057691
0.0023126
0.0128115
0.00253056
0.00896202
0.00114158
0.499196
0.0109958
0.439316
0.00030634
0.00484841
0.00570685
0.0164609
0.0158962
0.0752747
0.00588897
0.000379086
0.0114026
0.0127284
0.126113
0.00755258
0.00992664
0.564216
0.00563712
0.0189037
0.0103177
0.0127979
0.0123898
0.00145898
0.00897219
0.0089176
0.00239393
0.0189685
0.00392665
0.0123328
0.013463
0.0103027
0.00851376
0.00503169
0.00461641
0.0114818
0.0175811
0.491531
0.00700887
0.00285736
0.0107926
0.000530883
0.00215255
0.014665
0.00339497
0.002301
0.00325285
0.00602203
0.0154743
0.0141557
0.00450855
0.00117014
0.00714303
0.00685437
0.00988283
0.00240188
0.00227143
0.00740668
0.00744996
0.00198443
0.009779
0.000293373
0.00109555
0.0120598
0.0137713
0.0115801
0.00362281
0.0161558
0.021461
0.00493967
0.00559516
0.00077366
0.0101835
0.00468576
0.0016996
0.020261
0.0138478
0.00265962
0.0114195
0.0111319
0.0236996
0.00794326
0.0240836
0.0239154
0.00010188
0.0149815
0.00325207
0.00297898
0.00160669
0.00279051
0.0125945
0.0339376
0.00609287
0.0179761
0.0278512
0.0207522
0.00846075
0.0256407
0.0337016
0.0274134
0.00550958
0.00200597
0.0142
0.011455
0.00627037
0.0349326
0.000769936
0.0588481
0.0214721
0.00189083
0.0449678
0.00166884
0.00280939
0.0444565
0.00271546
0.03016
0.0183614
0.0075952
0.000951841
0.00433038
0.00017074
0.00355221
0.0045289
0.00938315
0.00137051
0.00355068
0.0134426
0.00797261
0.00315545
0.000143972
0.00122297
0.00473618
0.0298155
0.0130135
0.014369
0.00333584
0.00295794
0.00131212
0.00378404
0.00503251
0.00236453
0.0168022
0.000191323
0.0100717
0.00689341
0.00310958
0.00539606
0.00143889
2.11195e-05
0.00366725
0.00119325
0.0155106
0.00622209
0.00276222
0.00161532
0.004029
0.00931249
0.0344867
0.0049661
0.0237499
0.000644219
0.000831202
0.00250835
0.00928098
0.0026304
0.00354197
0.00901892
0.00268243
0.0162911
0.0100079
0.0404905
0.00991961
0.015088
0.0157741
0.0136673
0.00625451
0.00197927
0.0373715
0.0245809
0.00223797
0.0479653
0.0105862
0.000582262
0.0176633
0.0111199
0.00482861
0.00896338
0.0140802
0.0178125
0.00103663
0.0175848
0.0173481
0.00637886
0.008301
0.0158416
0.00988982
0.0136346
0.0321459
0.000237658
0.00773551
0.0157561
0.499642
0.0010497
0.00397305
0.000927069
0.00647776
0.0248895
0.0114925
0.00231351
0.0161766
0.00235193
0.00394178
0.000534137
0.0117183
0.0166349
0.0145218
0.0209247
0.00772003
0.0235856
0.0276658
0.012017
0.0307044
0.518236
0.0194178
0.0075917
0.0185595
0.0189183
0.00391174
0.0167072
0.0176673
0.00188172
0.0103667
0.0028055
0.00408599
0.0303248
0.00235372
0.0250888
0.00326694
0.000825896
0.025216
0.00884316
0.0378756
0.0161519
0.0057578
0.00797422
0.00948532
0.00811554
0.00851829
0.00219916
0.0099695
0.0130185
0.0103399
0.00156378
0.0122941
0.00451747
0.00963254
0.0107552
0.00370218
0.0274998
0.0033214
0.0166077
0.000964764
0.00293138
0.00867609
0.00173248
0.0143638
0.0100834
0.00235966
0.0155875
0.0281911
0.00756005
0.0183977
0.00628451
0.00998786
0.0182184
0.00702952
0.0101403
0.0134946
0.021748
0.00216153
0.00864156
0.0194028
0.00996166
0.00648269
0.00215905
0.0231865
0.0126168
0.00464108
0.00526185
0.0185797
0.00912124
0.0057013
0.00367972
0.0159116
0.00328395
0.00868975
0.007348
0.0108497
0.00268528
0.00634966
0.00454541
0.00062702
0.0107388
0.00823162
0.00848457
0.0298761
0.0163116
0.012594
0.00082955
0.0126552
0.000838578
0.419494
0.00245033
0.0026299
0.090069
0.00497077
0.0149079
0.0146093
0.00394168
0.00870766
0.0139782
0.00133847
0.00331246
0.0163313
0.00773946
0.0172192
0.0324444
0.00891358
0.0360293
0.0268385
0.0116322
0.0120164
0.0100405
0.00769458
0.00648219
0.00554518
0.0141326
0.0209631
0.0136035
0.0134332
0.0148989
0.0282093
0.00697752
0.0366712
0.011084
0.000650397
0.00542526
0.00310502
0.0210399
0.0116155
0.00132007
0.00915111
0.00324278
0.00676136
0.00382261
0.00648707
0.0207806
0.0145294
0.0112201
0.00405963
0.00855309
0.555915
0.00828013
0.00473482
0.0116138
0.017326
0.00905452
0.0135889
0.0235277
0.0161977
0.000839858
0.00890326
0.0217626
0.0132867
0.0242962
0.00678934
0.00978415
0.0657247
0.0190208
0.0117152
0.0134991
0.017222
0.0134115
0.0397258
0.00758304
0.0245406
0.0480666
0.0190093
0.00286564
0.0133872
0.00527974
0.00780112
0.0136187
0.00183213
0.00407649
0.0010014
0.00550773
0.0304375
0.0113215
0.003173
0.019087
0.0109548
0.00287231
0.0382353
0.0105417
0.020212
0.00678362
0.0336398
0.0179446
0.0176939
0.00700156
0.00540638
0.00212367
0.0271431
0.0118272
0.0181796
0.00174037
0.00366537
0.0112501
0.00403589
0.00973358
6.64629e-05
0.0346708
0.00647515
0.0332475
0.000524787
0.0041662
0.00632532
0.0420965
0.0181126
0.0126105
0.00827392
0.0312329
0.0744475
0.012013
0.0209011
0.00565797
0.00451721
0.0136347
0.0149667
0.00642926
0.00174674
0.000571024
0.00832134
0.00741677
0.00182754
0.0119857
0.0256073
0.013677
0.00362203
0.0439831
0.00545292
0.00275805
0.00628657
0.0107935
0.00741864
0.0212428
0.000149612
0.00473577
0.0217648
0.0126412
0.00633756
0.00429449
0.00783877
0.000326921
0.0070341
0.00775424
0.00595168
0.00885804
0.0093415
0.0144973
0.00549899
0.023838
0.0117982
0.00187707
8.13253e-05
0.106255
0.00124833
0.00760613
0.00356015
0.00734796
0.00103484
0.00637962
0.00796183
0.00292145
0.0147341
0.00472946
0.0447932
0.00546407
0.521977
0.01259
0.0154048
0.0231815
0.0130478
0.00754612
0.000226233
0.0155791
0.401116
0.0217777
0.0473123
0.0130251
0.00592147
0.00200768
0.024963
0.0039235
0.0145013
0.0184275
0.00122888
0.000412005
0.0277114
0.0343452
0.0097633
0.0145632
0.00159486
0.0119289
0.00676545
0.0651854
0.00541346
0.0302854
0.0203559
0.0753712
0.0278178
0.00911648
0.0168908
0.00802057
0.00619259
0.0176563
0.0461026
0.00313686
0.00634625
0.0198949
0.0668034
0.0549979
0.0248521
0.0870679
0.00171087
0.00526979
0.00853015
0.0170463
0.0108318
0.0267677
0.00758078
0.0144193
0.00164645
0.0142553
0.0207246
0.0192717
0.0191088
0.00757986
0.0013493
0.0053316
0.00609246
0.00677742
0.0162031
0.0151423
0.00258883
0.00200483
0.0234349
0.0203703
0.0060903
0.00648637
0.012443
0.00440669
0.00115037
0.00334126
0.0171286
0.0335952
0.0384265
0.00929288
0.00704711
0.0114478
0.00605135
0.000835557
0.00747452
0.00175784
0.0023898
0.00516494
0.000187365
0.00540233
0.00155084
0.00421138
0.000945627
0.00342302
0.00312804
0.00242199
0.00140103
0.123241
0.00490009
0.0123751
0.00777694
0.0120785
0.00418191
0.00226635
0.00943351
0.00185803
0.00988445
0.00946734
0.0100232
0.00269435
0.00416861
0.0038394
0.000858042
0.0150818
0.00215142
0.00498953
0.00072295
0.00882202
0.0018376
0.0167913
0.00882871
0.00679529
0.00489765
0.00465223
0.00751556
0.00932452
0.000916908
0.0143328
0.013756
0.00277905
1.59424e-05
0.00457504
0.00277849
0.00472765
0.00594329
0.0156693
0.00246193
0.0102147
0.00546702
0.00104392
0.0119306
0.00378198
0.47952
0.0058395
0.00856322
0.00871525
0.00090559
0.00515376
0.00643382
0.00799893
0.00165705
0.00724756
0.000510326
0.00563613
0.541907
0.00543588
0.00071848
0.00228571
0.00180012
0.00371382
0.00679041
0.000161303
0.00369713
0.0126757
7.09222e-05
0.00947667
0.0172253
0.0141518
0.00199082
0.00723156
0.00301125
0.00717675
0.00355352
0.0210151
0.486732
0.0050114
0.00373305
0.020455
0.00254435
0.00367823
0.00181992
0.0272001
0.00707542
0.00768454
0.0108765
0.021159
0.00952966
0.00858406
0.0195328
0.0110939
0.0014202
0.0180892
0.0505411
0.00676944
0.00324745
0.000320604
0.0155945
0.00066523
0.00247619
0.0117846
0.0180812
0.0109483
0.0127625
0.00693888
0.00441908
0.0139991
0.0283013
0.00297339
0.0053576
0.0164769
0.0069983
0.0151924
0.00744265
0.00908919
0.0280995
0.00863851
0.000148925
0.00199816
0.0148069
0.0216919
0.0201546
0.00188427
0.00387585
0.00187775
0.00264175
0.00293565
0.00903831
0.011026
0.0078349
0.000627212
0.00539962
0.0144183
0.000348599
0.00350945
0.00452138
0.00146592
0.00404226
0.0126656
0.00668162
0.00426402
0.000163905
0.00289946
0.00905525
0.01871
0.00226816
0.00614233
0.00268439
0.00745288
0.00287753
0.00732807
0.00782551
0.0054863
0.00198659
0.0385038
0.248579
0.00619695
0.00568908
0.0311734
0.000233903
0.00380345
0.0029494
0.404286
0.000544479
0.0204464
0.0010512
0.00184142
0.029837
0.0196462
0.0221314
0.0212255
0.280701
0.0187794
0.0488678
0.0513489
0.026233
0.011665
0.341669
0.0455764
0.0243132
0.103538
0.274644
0.275378
0.040049
0.0913785
0.0330254
0.421666
0.0825289
0.125596
0.0541462
0.0897031
0.125262
0.464181
0.0226362
0.0136209
0.0198966
0.121972
0.457539
0.590592
0.0122591
0.00683525
1.87366
0.0359849
0.0254818
0.0247624
0.088788
0.00280831
0.0162082
0.014444
0.0203214
0.00995519
0.00333843
0.00646711
0.0289019
0.00148654
0.0157837
0.00111395
0.0126464
0.00233345
0.00135281
0.0289248
0.00735285
0.00792536
0.00992292
0.00296572
0.0202386
0.0246988
0.00268174
0.00169669
0.0007769
0.0158835
0.0153451
0.0114256
0.00220704
0.00917321
0.00793147
0.00798599
0.00157954
0.0040224
0.0143386
0.0126667
0.00384688
0.00113496
0.00915436
0.00161822
0.00865616
0.000491675
0.00175469
0.0033303
0.0123712
0.00629462
0.00551064
0.000393485
0.0060427
0.00205351
0.0143494
0.0144695
0.001292
0.00687613
0.0153964
0.0157214
0.0185138
0.0115846
0.0124743
0.00294227
0.0113982
0.0117199
0.0148584
0.0216602
0.0444465
0.00757125
0.0340624
0.011608
0.00484852
0.0159645
0.0197597
0.0125649
0.0149973
0.0096075
0.0181716
0.00422816
0.0136174
0.00223427
0.0115254
0.00490639
0.00511819
0.0168825
0.00311594
0.000170194
0.0011062
0.00134522
0.00894932
0.0078002
0.0225568
0.00148513
0.00802806
0.00155715
0.0104055
0.0109426
0.00454453
0.0210571
0.0151653
0.0237419
0.00121094
0.00394198
0.0113226
0.0104746
0.00240307
0.00019874
0.0129138
0.0068538
0.00605468
0.000543112
0.00248441
0.0049818
0.00385011
0.0147632
0.0152821
0.013744
0.00916848
0.0100526
0.00163239
0.00945821
0.00664593
0.386672
0.00537342
0.00253853
0.00485533
0.0665349
0.0187222
0.0089373
0.00444615
0.0219774
0.00136826
0.0163927
0.00734102
0.0178079
0.00811507
0.0143514
0.00304379
0.00949687
0.00305885
0.00391168
0.00984912
0.420814
0.00637324
0.00625603
0.0160364
0.00500209
5.60357e-05
0.0241022
0.0085323
0.0450921
0.0127432
0.00118049
0.00170024
0.00188969
0.00669246
0.00828088
0.00127132
0.00626502
0.0120072
0.00264649
0.000367935
0.00317682
0.00484205
0.0282091
0.0231478
0.0675892
0.0331255
0.00463651
0.0116362
0.00229648
0.0119814
0.00719116
0.0018036
0.00544694
0.000398982
0.573012
0.00857693
0.0194708
0.00510152
0.0267669
0.00450551
0.00635214
0.0939379
0.0303497
0.00265034
0.000314855
0.00169872
0.00901854
0.00405045
0.00488509
0.000502768
0.00137099
0.00478708
0.0126877
0.00649335
0.00188717
0.00271213
0.00554491
0.00163621
0.00638848
0.014575
0.0118647
0.00249456
0.00161671
0.00725705
0.00610752
0.0034302
0.0113708
0.00756701
0.0033239
0.00331857
5.68811e-06
0.0258803
0.00392893
0.0255858
0.00471492
0.010389
0.0152277
0.00462503
0.00285623
2.68785e-05
0.00604123
0.00303691
0.0492313
0.00233948
0.00315641
0.0101814
0.00839752
0.0158648
0.00691486
0.00257533
0.00858113
0.0291976
0.00425458
0.0273429
0.00833508
0.00406044
0.000306073
0.0239559
0.000417464
0.318899
0.00338148
0.00994644
0.00426664
0.0161465
0.00108575
0.00601748
0.00404606
0.00512757
0.00859555
0.0659205
0.0104357
0.00401615
0.0025244
0.000945168
0.00241624
0.00733083
0.0165185
0.00289622
0.00549878
0.0170896
0.00280332
0.0101109
0.020508
0.0128787
0.0391568
0.00751945
0.0154566
0.0093092
0.0129469
0.0317954
0.0135165
0.0152929
0.0565691
0.00130174
0.00294811
0.0122819
0.497963
0.0150944
0.00173888
0.00799625
0.00249177
0.443236
0.515146
0.0102375
0.00521277
0.00355164
0.0013981
0.0319721
0.00188941
0.433149
0.00310026
0.00126017
0.0157992
0.00322682
0.00766109
0.0254901
0.007347
0.00825108
0.00808247
0.0145548
0.00565048
0.0163385
0.00491117
0.00192472
0.00938869
0.00635591
0.00358704
0.00228688
0.00239893
0.00532145
0.0026901
0.560194
0.022222
0.0159464
0.039893
0.00712727
0.0289709
0.0119077
0.006279
0.00356946
0.00124952
0.0196332
0.00888246
0.0112546
0.00376733
8.40801e-05
0.0120665
0.00663047
0.0067042
0.0079698
0.00719259
0.00875204
0.0033334
0.00280032
0.00363129
0.0127917
0.00168849
0.0211008
0.0271002
0.000157203
0.0173255
0.037352
0.0116943
0.0141557
0.00869511
0.00674046
0.00592316
0.0270789
0.00916333
0.000638342
0.00172764
0.0154123
0.00517651
0.016358
0.00323498
0.019903
0.00900124
0.00301428
0.0173939
0.00647451
0.000130001
0.00469174
0.00548198
0.0249264
0.00386865
0.00301257
0.00290907
0.000146157
0.00389467
0.0149676
0.00680936
0.00115254
0.00457117
0.00444144
0.01494
0.0174684
0.00361235
0.00590183
0.0133116
0.00820265
0.0143267
0.0120738
0.00249683
0.00329973
0.0139377
0.042559
0.0115042
0.0203046
0.0123478
0.0132709
0.00311511
0.00529058
0.015286
0.00483335
0.00454335
0.00765613
0.0202316
0.00619242
0.00408674
0.00432229
0.0137673
0.0459387
0.00543063
0.0113395
0.00425465
0.000930414
0.0081185
0.000806931
0.0131268
4.01797e-05
0.0132115
0.0122131
0.00730587
0.00327485
0.0126567
0.0134666
0.00978338
0.00491172
0.0067672
0.000800981
0.0210981
0.00775351
0.00603338
0.00715115
0.0080133
0.00407847
0.00565019
0.00933802
0.00772756
0.00926558
0.00950799
0.00706594
0.0174646
0.0109774
0.0101915
0.0108794
0.00433211
0.00653776
0.000973732
0.00684026
0.0250054
0.0185971
0.368398
0.00453865
0.0136213
0.000452338
0.012342
0.00453222
0.0183098
0.00269982
0.0133629
0.0120985
0.014627
0.00758253
0.00922461
0.0113463
0.00948786
0.00982094
0.00188818
0.0216551
0.00165321
0.0163915
0.014916
0.00143377
0.00647303
0.0208074
0.0353844
0.0016176
0.0255943
0.00577075
0.00915067
0.00446517
0.00721909
0.00987659
0.0232057
0.00657766
0.00115703
0.00632577
0.000877905
0.00417623
0.00276675
0.0468527
0.0289024
0.00407171
0.0245371
0.00499315
0.0085615
0.0001853
0.00010044
0.010051
0.00229029
0.0134586
0.00909063
0.00034215
0.0123308
0.000717868
0.00936958
0.00811683
0.017939
0.0149791
0.00367348
0.00249127
0.00358935
0.00352611
0.0158649
0.00571945
0.000533597
0.000775619
0.00120683
0.012838
0.00249216
0.0204322
0.00607479
0.00708969
0.00362099
0.0040937
0.000718318
0.00207046
0.00653375
0.00400724
0.00213485
0.0108674
0.00327766
0.00563597
0.00727171
0.00220459
0.00492798
0.0288347
0.0298516
0.0163609
0.0209163
0.577709
0.0486683
0.0188841
0.014913
0.303177
0.0105799
0.000212899
0.00144105
0.00474651
0.004162
0.00375198
0.00128827
0.00122712
0.000866504
0.00534772
0.00925412
0.000294791
0.00350333
0.00967245
0.00282098
0.00617525
0.00325055
0.00440318
0.0181855
0.00425128
0.00788642
0.000472764
0.011282
0.00989712
0.00453554
0.00252675
0.0105596
0.0093474
0.00296686
0.0383015
0.00355793
0.00359239
0.00334562
0.00141266
0.0116125
0.261184
0.0177249
0.0123608
0.0318321
0.00260657
0.0305349
0.0125871
0.206518
0.0173688
0.011886
0.0165173
0.0261279
0.0205771
0.296667
0.00469332
0.00421094
0.00449354
0.0741573
0.00021251
0.00833115
0.0196777
0.0188893
0.0159827
0.00328181
0.101031
0.568985
0.015705
0.017543
0.00553204
0.000397002
0.0209184
0.00789068
0.00574831
0.0118088
0.0018745
0.00820706
0.00443792
0.00699583
0.0069482
0.000748864
0.00871494
0.0188088
0.000318019
0.0118391
0.00473681
0.00398457
0.00489057
0.00804218
0.0288639
0.0108798
0.00451884
0.00357729
0.0103013
0.0158424
0.004368
0.00282904
0.00533056
0.00471744
0.00263932
0.00595402
0.00651918
0.796594
0.00244513
0.00160683
0.00191598
0.0108681
0.00281012
0.00129428
0.0125545
0.000761526
0.000884609
0.000544628
0.00268716
0.00305862
0.0064372
0.00427955
0.00721906
0.00473823
0.00973481
0.0168307
0.00324814
0.0132305
0.00602184
0.00732805
0.0066177
0.0115611
0.189872
0.00261023
0.0480629
0.00266516
0.00995118
0.000668845
0.00794323
0.0144207
0.00360713
0.013288
0.329833
0.0169142
0.0039222
0.00647584
0.00185952
0.0130563
0.00093523
0.009934
0.00912705
0.0205183
0.00923901
0.00336939
0.000628432
0.0135229
0.0110354
0.0113398
0.00265723
0.000348847
0.00462853
0.00582089
0.00405319
0.0174397
0.00160729
0.0154276
0.0217028
0.00350367
0.00207551
0.0200532
0.602126
0.0143192
0.00632821
0.00672311
0.0118262
0.0172051
0.00300298
0.0368932
0.0121107
0.00282726
0.0169281
0.0173619
0.020769
0.0289401
0.0103877
0.0394682
0.0174935
0.00967204
0.0299574
0.0467552
0.00325948
0.047145
0.411787
0.00213727
0.000229101
0.0489185
0.00458875
0.0142811
0.00075814
0.0111221
0.00262069
0.00670745
0.457882
0.0100154
0.0128633
0.00595375
0.00140388
0.0736294
0.0192028
0.485269
0.024491
0.0775309
0.00168835
0.0118173
0.00102079
0.00312823
0.00366818
0.00841192
0.552859
0.00906816
0.00888262
0.546884
0.0450986
0.0189517
0.023414
0.0320998
0.0124294
0.496568
0.00642005
0.00416772
0.00471158
0.00285476
0.0211255
0.00923151
0.00864256
0.00311914
0.00188057
0.0135626
0.000228726
0.00302709
0.00725495
0.00457045
0.0231039
0.00127475
0.0167725
0.0384548
0.0131015
0.00221332
3.11395
0.0231732
0.0144989
0.0108858
0.0141555
0.00590429
0.00144415
0.0211574
0.010479
0.0148808
0.0230751
0.00782171
0.00771107
0.00819749
0.0138985
0.00121266
0.0252899
0.0050017
0.00883202
0.00201607
0.018695
0.0078131
0.000199076
0.00178094
0.014652
0.012779
0.0151764
0.0137483
0.00373319
0.0128433
0.00401228
0.0218082
0.00771052
0.000746091
0.0136685
0.0258094
0.0179787
0.00503887
0.0294129
0.00184693
0.00359431
0.00838711
0.18673
0.00480837
0.00458127
0.0195174
0.511781
0.0019364
0.0192285
0.00882532
0.0158106
0.00724788
0.0190528
0.00658199
0.0032411
0.0155657
0.00175921
0.0173118
0.0254572
0.00293344
0.0113288
0.0232907
0.00819326
0.00957259
0.0128104
0.0179468
0.0408889
0.00479458
0.000189505
0.00174571
0.0048675
0.0142482
0.00784618
0.0058225
0.000414813
0.000168856
0.0204268
0.117936
0.0031482
0.0206881
0.0158097
0.0188679
0.00706432
0.000597059
0.0176883
0.0145919
0.0134262
0.0113258
0.0580327
0.00428632
0.00889923
0.0114326
0.0212898
0.0193841
0.00585464
0.0032417
0.011224
0.0338695
0.435009
0.0264131
0.0130199
0.0304125
0.0138006
0.0128675
0.00914945
0.00420023
0.0125093
0.000754993
0.00289244
0.00435577
0.00175726
0.0178835
0.00401205
0.0421166
0.00675041
0.0187648
0.0248145
0.0169813
0.0031209
0.0242405
0.00901226
0.0617256
0.0148232
0.00246135
0.000363144
0.00646133
0.00067229
0.00791895
0.00355776
0.0145658
0.00322265
0.00778212
0.0268942
0.00396637
0.00184036
0.0116343
0.00321863
0.00209231
0.00562802
0.00421795
0.00473677
0.0381565
0.00936144
0.0475968
0.00384695
0.0127193
0.0163341
0.0175604
0.0197078
0.00950778
0.0113975
0.00854087
0.0136769
0.00999255
0.000772011
0.0151854
0.000588238
0.00470475
0.0136526
0.00283593
0.0111778
0.00195341
0.0227255
0.00314436
0.014494
0.00925363
0.00560031
0.00144893
0.00531688
0.00642196
0.00496111
0.00947265
0.00821409
0.0154656
0.0102114
0.000488713
0.010996
0.00121254
0.0157419
0.00468512
0.00375816
0.00240569
0.00177061
0.0104282
0.00939969
0.0366733
0.0330128
0.00997879
0.00200066
0.000418125
0.0019173
0.00330759
0.0139621
0.00518737
0.00193323
0.0118668
0.00290048
0.00119854
0.00837586
0.00680626
0.00707623
0.00762502
0.000710711
0.0216709
0.00841022
0.0182173
0.00453301
0.00545498
0.000180953
0.00650406
0.000481227
0.00301495
0.00979446
0.527365
0.00406814
0.000811656
0.0345356
0.00890262
0.0108
0.00201808
0.00869921
0.0150889
0.011261
0.00184613
0.00580807
0.00901487
0.0337245
0.00373881
0.00208811
0.000922497
0.0030392
0.0164932
9.85158e-05
0.00989116
0.00458044
7.73672e-05
0.0112163
0.0068792
0.00144475
0.00964098
0.000553539
0.00271528
0.00221057
0.00622395
0.0147813
0.000317748
0.00567618
0.000346936
0.00516315
0.00156433
0.00991383
0.0207755
0.000795025
0.00117999
0.0019341
0.0017369
0.00321347
0.0106686
0.00421124
0.0055668
0.00126176
0.00567589
0.0242941
0.00497662
0.00529937
0.010054
0.00749542
0.00711141
0.00618413
0.0449522
0.00801515
0.00550211
0.00068493
0.0111699
0.00318439
0.00821521
0.00297038
0.0165488
0.0412996
0.014439
0.0196335
0.00977208
0.00195343
0.00137528
0.0127547
0.0108916
0.00233377
0.00389967
0.00524015
0.00322691
0.00415141
0.00733493
0.00443065
0.0030726
0.00081446
0.000175158
0.00396005
0.00487382
0.000938702
0.00357698
0.00687803
0.0165957
0.00376485
0.00116659
0.00691925
0.00513397
0.00380223
0.0113771
0.000149421
0.00842342
0.00977263
0.0109817
0.00315391
0.00706563
0.00424841
0.000875851
0.0129134
0.000995019
0.0115013
0.0107696
0.00511871
0.00396504
0.0085426
0.00855572
0.0045966
0.0108734
0.00871604
0.00345368
0.00394434
0.00556155
0.0184902
0.013289
0.00477347
0.0118168
0.00319386
