0.00215855
0.0017957
0.00108406
0.000566128
0.000369627
0.00337306
8.79467e-06
0.00120082
0.000508246
0.00181616
0.000877241
0.00201794
0.000895453
0.000495462
5.68238e-05
0.000878741
0.000434987
0.000546691
0.000431097
0.00184258
0.00034982
0.0184829
1.11044e-06
0.00088113
0.00398404
0.00222604
0.00333249
0.000213842
0.000798682
0.000528912
0.000354077
0.000246424
0.000386788
0.00891358
0.0034691
0.00281401
0.0013713
5.42322e-05
0.0133302
2.42651e-05
0.000226317
0.000438503
0.000608145
0.000941507
0.00331202
0.0165569
0.0010145
0.00113593
0.000678045
0.000992296
0.00133528
0.00284285
0.00150846
0.000867272
0.000761877
0.00031894
0.00298838
0.00280354
0.000777565
0.0209741
0.000450896
0.000536123
0.000580785
0.00111493
0.000820705
0.00129396
0.000332132
0.000118987
0.00120174
1.71606e-05
0.00039923
0.00169588
0.00336147
0.00293207
0.000178675
9.95689e-05
0.000630601
0.000656966
0.00105465
0.00187456
0.000928886
0.000572216
0.00226167
0.144576
0.00117429
0.00371124
0.00104819
0.0012156
0.000166142
0.00161163
0.00299425
3.47696e-05
0.000135784
0.000707504
0.000635482
0.000758446
0.000609732
0.00156873
0.000118548
0.00115553
0.000865665
4.23967e-05
0.000530275
0.00152674
0.000612693
0.0059734
0.00273801
0.00143451
0.00249145
0.000806993
0.000360243
0.00162239
0.000305536
0.000461424
0.000850013
0.000804766
0.00021079
0.000185063
0.00380799
0.00777364
0.00122499
8.96622e-05
0.000270279
0.00264087
0.00218706
0.00158126
0.00504399
0.00297012
0.00155346
0.00110779
0.00113068
0.000144982
0.000492037
0.00273326
0.00105051
0.00111804
0.00403747
0.000285078
4.41688e-05
0.00112267
0.000167082
0.00167205
0.000856241
0.00180133
0.000194051
0.00166898
0.00200236
0.00300692
0.000804072
0.000310352
0.000967748
0.000102865
0.000708989
0.00100695
0.000165817
0.000558391
0.000849189
0.00223603
0.000598001
6.43254e-05
0.000217722
5.78961e-06
0.000120924
0.00204171
0.00600558
0.000862888
0.00160014
0.000826815
0.00050984
0.000592112
0.00124733
0.0013163
0.000181108
0.00779565
0.00108472
0.00220654
0.00181
0.000788292
0.000826723
0.00108753
0.0094098
0.00785903
0.105034
0.000768267
0.0612251
0.00121544
0.00123724
0.000565351
0.00059185
0.000446409
0.00152209
1.44924e-05
0.00129263
4.52859e-05
0.00558972
0.0318544
0.0122355
0.00995787
0.000626443
0.000779195
0.00178878
0.00195701
0.00162056
0.000785854
0.00108705
0.00249912
0.00113364
3.87081e-05
0.00149781
0.000180712
0.0010843
0.000958138
0.00250263
0.00354306
0.00142634
0.000204237
0.000303079
0.0020577
0.00115622
0.000107572
0.000850993
0.000942482
0.000140572
0.000572745
0.00165453
0.000571102
0.000262715
0.00526806
0.00184772
0.00174414
0.000388478
0.00274087
0.0035076
0.000570844
6.89094e-06
0.00886711
0.000463988
0.00411639
0.000146129
0.000613249
0.000581262
0.000349699
0.0074685
0.0018186
0.000315008
0.00126198
0.000699863
0.00040266
0.000475358
0.000372286
0.000286021
0.00091543
0.00110538
0.00558112
0.0018071
0.000118928
0.00014761
0.000158934
0.000103732
3.11526e-05
0.000576649
0.00243726
0.00232269
0.00100932
0.0141474
0.00154548
0.00256537
0.000569315
0.00251777
0.00428126
0.000208707
0.00310077
0.000628777
0.00524548
0.000818092
0.000715146
0.000558173
0.000769785
0.000779448
0.000645326
0.00031904
0.00161233
0.000947611
0.00278883
0.000614605
0.00226286
0.00115882
0.000273322
0.000420098
0.159761
0.00110889
0.00135598
0.00133814
0.00196431
2.08934e-05
0.0745395
0.00117259
0.000905179
0.000236508
7.63259e-05
0.000241665
0.00131498
0.00276764
0.0028644
0.00357196
0.00365999
0.00114421
0.00160138
0.0019471
0.00167177
0.00432377
0.0100686
0.000600573
0.00103266
0.000536377
0.000861964
0.00144941
0.000472447
0.000697967
0.000752766
0.00128124
0.00159627
0.00142784
0.000918568
0.000968194
9.86898e-05
0.0042387
0.00112071
0.00299906
1.96547e-05
0.00017112
0.00203386
0.00165213
0.0164647
6.13319e-05
0.00575326
0.000207806
0.000497194
0.00127508
0.00252793
0.000657962
0.00121908
0.000934444
0.00111322
0.00466649
0.00265117
0.000429724
5.42203e-05
0.00131592
0.00137449
0.0122472
0.131554
0.000918673
0.00155321
0.00423303
0.00235407
0.00402198
0.00033764
0.000157568
0.00516997
0.00110561
0.000133496
0.0022771
0.000121382
0.000261615
0.000780384
0.0010096
0.00138646
0.000852381
0.00308497
0.00190576
0.00690417
0.000786703
0.00184862
0.00470332
0.000331353
0.00692123
0.000810304
0.00132538
0.000851735
0.00112829
0.0037952
0.00896502
0.00160789
9.30787e-05
0.103019
0.00213002
0.000450642
0.00181445
0.000225367
0.00146521
0.000789754
0.000363755
0.000428861
0.00248622
0.00180428
0.000240076
0.00254727
0.00612166
0.000343164
0.000427011
0.000588716
0.000435444
0.00155379
0.000181773
0.000557066
5.41836e-05
0.00187772
0.000424274
0.00115532
0.000753395
0.000490175
0.000126246
0.00175188
0.00440543
0.000409388
0.00265532
0.00170568
0.00271237
0.00107525
0.00225972
0.00127842
0.0016404
0.00158563
0.000956281
0.000167202
0.00118628
0.000555849
0.00502473
0.00434806
0.00079996
0.000842038
0.000227716
0.00157909
0.00232137
0.00254863
0.00117355
0.00286624
0.000463872
0.000951841
0.000559897
0.0015103
3.52554e-05
0.000744674
0.000164257
0.0018501
0.00373241
0.00290668
0.00521448
0.000737808
0.000774806
0.000227302
0.00105009
0.00178881
0.0017547
0.00153316
0.000866565
0.000579785
0.00164964
0.000250527
0.00101758
0.00595169
0.00075935
0.000530314
0.000298882
0.00184293
0.00161032
0.0094138
0.00584524
0.000936429
0.000724988
0.00141432
0.00195128
0.00123222
0.00895942
0.000402789
0.00181912
0.000112549
0.000253829
0.00563293
0.00574734
0.00317525
0.000730149
0.00112066
0.000340499
0.000128937
0.0115114
0.00339482
0.000359043
0.00089759
0.000559296
0.0114549
0.00248022
0.00122629
4.72941e-05
0.00704157
0.00141699
0.0021749
0.000665618
0.000141955
0.00176061
0.0470032
0.00699257
0.00801572
0.00033723
0.000696388
0.00310826
0.000396139
0.00247738
0.00245077
0.00164819
0.00561152
0.00284596
0.000256554
0.00855268
0.0020798
0.00140358
0.000574208
0.00163683
0.000104621
0.0155675
0.000722362
0.00235397
0.00259742
0.000250001
0.000309321
0.013928
0.000455519
2.42591e-05
0.00189745
0.000174983
0.0025978
0.000650269
0.000384035
0.00140399
0.000279777
0.0011189
0.000163553
0.000458846
0.00324017
0.00306064
0.00031817
0.000150381
0.000692447
0.00145943
0.00133612
5.26414e-05
0.000660947
0.0104143
0.00373354
0.00152251
0.00220217
0.00104823
0.00033549
0.000229934
0.000504033
0.00291714
0.00645057
0.00132745
0.00257039
6.7852e-05
0.0030306
0.00190604
0.000559722
0.000703007
0.002052
0.00169423
0.003907
0.137367
0.00143085
0.00062738
0.000502987
0.000412708
0.00421809
0.00157258
0.00276914
3.23988e-05
0.109653
0.000327848
0.00333344
0.00103606
0.00070952
0.000344214
0.00200368
0.00169534
0.00128794
0.00196607
0.000473229
0.000438746
0.000504072
0.00322709
3.36343e-05
0.00111198
0.00145003
0.000465778
0.00313427
0.000934581
0.000271315
0.00252336
0.0021114
0.0015787
0.00214699
0.00221703
2.84694e-05
0.000166272
0.00214746
1.62691e-05
0.000787704
0.000682054
0.00523134
0.00259375
0.000944581
0.00155852
0.00573461
0.000290191
0.00468354
0.00333821
0.0015138
0.000893204
0.000155783
0.0005475
0.00249871
0.000827215
0.004128
0.000398699
0.00267411
0.000295171
0.11273
0.000127821
8.16455e-05
0.000831678
0.135893
0.00385153
0.00233966
0.00121918
0.000798251
0.00190893
0.000274767
0.000326711
0.00387635
2.75066e-06
4.22724e-05
0.00209255
0.00201686
0.000434925
0.00155445
0.00304544
0.00118986
0.00121406
0.0012042
7.36338e-05
0.00031542
0.00792091
0.000922194
0.000867647
4.34003e-05
0.000344683
0.000832492
0.00540186
0.00157676
0.00040045
0.000396057
0.00209521
0.0146264
0.000513554
0.0214666
0.00682678
0.00146593
0.00155241
0.00136383
0.00025954
0.00209056
0.00107461
0.000802717
0.000749154
0.000300991
0.000492373
7.08328e-05
0.000813244
0.00128122
0.000432086
0.000121046
2.78018e-05
0.000869061
9.73848e-05
0.000623082
0.000756638
0.00358411
0.00196961
0.000325285
0.000645233
0.000676722
0.00094897
0.000586237
3.44435e-05
0.003403
0.00140019
0.000647634
0.000128092
0.00213881
0.00179287
0.000463738
6.56231e-05
0.000333818
0.00080596
0.000830453
0.000565077
0.0023413
0.147319
0.0067746
0.0115733
0.00095796
0.00386593
1.06638e-05
0.00462169
0.00212557
2.21708e-05
0.09904
0.0326202
0.000702166
0.000797236
0.00151091
0.00110078
0.000330431
0.00710352
0.000816121
0.00328958
4.15037e-05
5.10966e-05
0.00168768
0.00360847
0.0486545
0.00129776
0.000723752
0.00103757
0.00136338
7.73145e-05
0.000612918
0.000146381
3.45129e-05
0.000250994
0.000422614
0.000712375
0.0067005
0.0110574
0.00653003
0.00121546
0.00192748
0.000685747
0.000137977
0.000685349
0.00836426
0.131378
0.000236423
0.00254202
0.000211106
0.00141457
0.00120745
0.000376912
0.000544461
0.00249741
0.000403089
0.000226763
0.000309457
2.35689e-05
0.000358957
0.00637526
0.000243616
0.000774898
0.0014311
0.000258947
0.00140986
0.000870378
0.000323361
0.000543645
3.5194e-05
0.000432967
0.00181662
0.00126343
0.00245292
0.000575112
0.00031145
0.00678038
0.00010535
0.00035442
0.000477885
0.00474348
0.000696417
0.00265324
0.00254427
0.000878236
0.000103941
0.000889441
0.000324017
0.00380558
0.000131759
4.49883e-05
0.00238839
0.000186787
0.000652924
0.00171102
0.00104863
0.000637714
0.0031402
0.00684834
0.00123096
0.00238357
0.000241224
0.00263007
0.000851798
0.000556835
0.0197582
0.000478928
0.000999201
0.00626269
5.3431e-06
0.00226031
0.00312379
0.00420297
0.000130048
0.00182146
0.0026769
0.00203522
0.00190957
0.00238754
0.0101805
0.0010512
0.00179004
0.000892216
0.000778227
0.00203327
0.000635538
0.0129184
0.0011035
0.00030917
0.000539866
0.00718768
0.00102265
0.00103214
0.000911116
0.00377112
0.000488186
0.00402959
0.000423906
0.00219105
0.00294628
0.00031784
0.0032258
0.000497862
0.000928095
0.00189694
0.005032
7.36126e-05
0.000453018
0.000265182
0.00113739
0.000244806
0.00754347
4.79232e-05
0.000566627
0.00182652
0.000447886
0.00524742
0.00349953
0.000223114
0.00177016
0.00125809
5.07288e-05
0.00113582
0.00383962
0.00104536
0.006795
0.000403429
9.15462e-06
0.00220364
0.00466377
0.00353324
0.169168
0.00167182
0.00019983
0.00289931
0.000555798
0.00454937
0.00197956
0.000572342
0.000913821
0.00211496
4.66128e-05
7.83728e-05
0.139316
0.000734732
0.000337239
0.000770205
0.00159995
0.000943152
0.000188991
0.00100076
1.01025e-05
0.000856929
0.000589672
0.000314628
0.00149979
7.53749e-05
2.29372e-05
0.00028205
0.00207378
0.00149133
0.000184696
0.0421591
0.000183631
0.00146003
0.0113362
0.00266444
0.0033791
0.000236634
0.00962215
0.00148665
0.000477496
0.00252855
9.00251e-05
0.000183792
0.000948923
0.000411966
0.00196588
0.00174609
0.0169898
0.00168016
3.80459e-05
0.00294721
0.00223772
0.00409638
0.00136184
0.0014253
0.00102737
0.00025939
0.000581945
0.000382517
0.00798114
0.00187243
0.0028177
0.00272495
0.000441889
0.00196039
0.00244414
0.000436208
0.00306092
0.00152713
0.000596891
0.000133773
0.00029548
0.000454382
0.000391783
0.00318177
0.000946093
3.23177e-06
0.000596505
0.00117636
0.00103222
0.00442746
0.000703358
0.0070531
4.54047e-05
0.00296655
0.00128495
0.000541991
0.00617593
0.000625464
0.000456201
0.114754
0.000151277
0.00185689
0.0030423
0.000384595
0.00222652
0.00247997
4.81093e-05
0.000496348
0.000122952
0.000937849
0.00125629
0.0200412
0.00237816
0.000288765
0.000968708
0.00731003
0.00356694
0.00236748
0.00311731
0.00044938
7.7163e-06
0.000454636
0.00264467
0.000507319
0.000512705
0.00134843
0.000463048
0.00124441
1.41393e-05
0.000604812
0.00119501
0.00045075
0.000441138
0.00168211
0.00231545
0.00349519
0.00196782
0.000772017
0.000646019
0.00131492
0.00014156
0.000203364
0.148639
0.00183391
0.0011984
0.00119973
0.00169348
0.00143467
0.00466081
0.000535415
0.000238915
0.123565
0.000616488
0.120115
0.0001752
0.00135989
0.129071
0.109089
0.143949
0.000424769
0.00119939
0.00245016
0.0870374
0.00184448
0.00226697
0.00829453
0.000453793
0.00264818
5.81957e-05
0.00290065
0.00143469
0.00460678
0.00147273
0.000188149
0.000983894
0.000634074
0.000223168
8.08688e-05
0.000369288
0.00130775
0.000839583
3.18582e-05
0.000457908
0.000494492
0.000933041
0.00311635
0.01778
9.55605e-05
0.000257605
0.000636808
0.000859568
0.00150289
7.48313e-05
0.00187237
0.00087468
0.000845677
0.000572377
0.000805196
0.00109117
0.00170234
0.00219518
0.00465307
0.000729534
0.00267
0.000320112
0.0010476
0.0018563
0.00959141
6.83889e-05
3.79765e-05
0.00511685
0.00193379
0.000335815
0.00205095
0.000132026
0.00269209
0.00650027
0.00031044
0.000157778
0.00719168
0.00146086
0.00396903
0.00458121
0.00299265
0.00341401
0.00256804
0.00260984
0.00298011
0.000538242
0.0010661
0.00455844
0.00126175
0.000573966
0.00191868
0.0775217
0.00661339
0.00025346
0.000299707
0.000524395
0.00172005
0.00132445
0.00789792
0.00423565
0.000141043
0.000525225
0.0022726
0.00031829
0.00288008
0.000848525
0.00153261
0.00116121
0.000668117
0.00219053
6.51088e-05
0.000111985
0.00070017
0.000269277
0.00281972
0.00166213
0.00142461
0.0267252
0.000209302
0.00720863
9.73654e-05
4.44679e-05
0.00253148
0.00137662
0.0006099
0.00609092
0.00159823
0.000982817
0.00245537
0.000473258
0.000848036
0.00172086
0.000394932
0.00323001
0.00285269
0.0103142
0.000218793
0.088734
0.0036576
0.00133926
0.00593968
0.000720023
0.00345578
0.00172282
0.0225416
0.00422573
0.0109299
0.00119687
0.000938994
0.00100848
0.000356193
0.00123571
0.000290873
9.8904e-05
0.00240666
0.000137188
0.000801346
0.000208427
0.00187479
0.00114618
0.000131221
0.000597119
0.00312848
0.00426243
0.00111553
0.00375728
0.00090602
0.000935366
0.0015053
0.00173304
0.00792558
0.00109628
0.000727261
0.00108998
0.000719071
0.00138034
0.00034075
0.00343165
0.00105191
0.000305056
0.000167794
0.00117533
0.00145319
0.00064171
0.000909836
0.000749839
0.00384222
0.00113628
0.000652242
0.000524762
0.00182201
0.00129598
0.00444039
0.0942605
0.00339455
0.00101876
0.000154074
0.0005639
0.00786712
0.000753388
0.00144971
0.00110821
0.000254726
0.00803408
0.00166669
0.000616813
9.46363e-05
0.00212994
0.00131788
0.00513179
0.000809779
0.0023582
0.00762529
0.00254401
0.000114389
0.00384123
0.00207823
0.000382756
0.00023972
0.00411694
0.00320921
0.00213764
0.00106314
0.000224482
0.00128816
0.000543303
0.0011087
0.00120811
0.00396607
0.000852228
0.00187482
0.00280862
0.000574129
0.00523898
0.000138855
0.000516029
0.000712572
0.00546284
0.00110839
0.00128567
0.00102267
0.00117685
0.00166741
0.00072148
0.000418258
0.00098635
0.00053605
0.00120856
0.00199688
0.00162937
0.00179555
0.0028696
0.000850029
6.1702e-05
0.000201837
0.000123421
3.61604e-05
0.00188535
0.00124952
0.000363674
0.00300404
0.0014544
0.00030187
0.00058892
0.00157232
0.00210442
0.000141493
0.000838393
0.00203034
0.140047
0.00164363
0.00040168
0.00120111
8.49809e-05
0.000886645
0.000339163
0.00069398
0.000262007
0.00328748
0.00459759
0.0016783
0.00119307
0.00158005
0.0233867
0.000550182
0.00404998
0.0015129
0.000335074
0.000999592
0.000336327
0.0010132
4.07822e-05
0.00215067
0.000238686
0.000981361
0.00221657
0.00129144
0.000585822
0.00052917
0.00105598
0.00313464
0.000343905
3.32726e-05
0.00115899
0.00218846
0.0011622
0.000817756
0.00504213
0.00252619
0.000332062
3.39934e-05
9.14543e-05
0.000516769
0.00284714
0.00103072
0.000448362
0.00204803
0.00356028
0.0004499
0.00118677
0.000478317
0.00353953
0.00222897
0.00260275
0.000219272
0.011884
0.0950977
0.00404108
0.00105998
0.000225192
0.00264168
0.000233797
0.00542145
0.000466167
0.00153292
0.00244786
0.00127351
0.000757272
0.00341813
0.000270908
0.000627097
0.00400318
0.00135208
0.00426868
9.16224e-05
0.00420058
0.0013246
0.00234726
0.000751814
0.000168999
2.05456e-05
0.000490843
0.000215005
0.000295225
0.00039706
0.00270712
0.00414371
0.00105803
0.000439765
0.000469178
0.00130074
0.000667227
0.000121643
0.000682058
0.00114167
0.000279217
0.144284
0.00033391
0.00281307
0.000964618
0.000489974
0.00250754
0.00270319
0.000367494
0.00342461
0.00565304
0.00219597
0.00320025
0.144243
0.000972657
0.00528357
0.00568132
0.0276989
0.000178169
0.00165184
0.000560572
0.000974112
0.0029941
0.00562376
0.00112571
0.000873298
0.00614863
0.000153167
0.000147641
0.00028857
0.000269076
0.000785051
0.00136529
0.00180478
0.00722958
0.0013385
0.000551024
0.000617068
0.00369104
0.00262852
0.00178823
0.000272187
0.000296257
0.00065239
0.00026701
0.000367704
0.000447557
0.000541124
0.00059132
0.00265036
0.000609044
0.00216989
0.00147685
0.000109547
0.00365583
0.00324251
0.00195837
0.000511013
0.000760305
0.00123975
0.000419603
0.000744334
0.00085672
0.00238135
0.00153345
0.000470133
0.000654905
0.00338004
0.00502696
0.000864508
0.00218262
0.00101294
0.00378128
0.000163207
0.00212764
0.00282067
0.00203803
0.000467164
0.00101368
0.000712579
0.000334275
0.0037171
0.00146978
9.82778e-05
0.00318443
0.00453252
0.000215088
0.000407841
0.000395001
0.000572852
0.00362142
5.00228e-05
0.00173758
0.000244741
0.00124952
0.0021154
0.000374006
0.0135821
0.000643423
0.000162303
0.00030671
0.000182578
0.00529583
0.000189784
3.36921e-05
0.00195934
0.000820442
0.00361391
0.00164786
0.00066726
0.000472935
0.000893774
0.00112169
0.00738548
0.000941088
0.000370556
0.00583622
3.84993e-05
0.00186251
0.0668808
0.000624245
0.00407711
0.00131745
0.000738859
0.00129833
0.00131645
0.00161406
0.00203797
0.00321874
0.00186897
0.000501693
0.000984152
0.000890538
0.00287618
0.00300379
0.00194858
0.00105252
0.00453928
0.00193121
0.00223861
0.0200641
0.00164168
0.00204037
0.000691738
0.000924097
0.000354756
0.0008502
0.00406045
0.00213022
0.000899851
0.00408937
2.12746e-06
0.000171473
0.00124193
0.00153026
0.00673883
8.05401e-05
0.00121211
0.00111767
0.00121257
0.00235114
0.000509492
5.62822e-05
0.000599862
0.00014912
0.000625605
0.00266297
0.000399407
0.000560359
0.00534494
0.0026823
0.00190861
0.00188545
0.00164726
0.00251113
0.00062911
0.000724553
0.00168472
0.00725201
0.00218615
0.00127082
0.00222277
0.00180425
0.000378397
0.0092336
0.000884317
0.00646219
0.000263283
0.00161518
0.00123989
0.00218952
0.000750892
0.00179829
0.00141492
0.000130556
0.00108813
0.000855727
3.16051e-05
0.00220216
0.00116601
0.0036672
0.00221168
0.000925101
0.000643622
0.000237547
0.00062065
0.000562753
0.00157968
0.00108584
0.000878541
0.000340272
0.00119311
0.00100702
0.00110459
0.00542822
4.01687e-05
0.00241831
0.000188945
0.000364818
0.000137202
0.000377107
0.00110298
0.00233514
0.00167196
0.00148202
0.000303786
0.00271554
2.72087e-05
0.00677133
0.00118139
0.000419695
0.00137312
0.000236755
0.00305241
0.00403813
0.00159663
0.000171448
7.65753e-05
0.00404161
0.000790414
0.00347474
0.00108186
0.000934234
0.000287077
0.00305329
0.00201844
0.000614003
0.00108269
0.000396693
0.00341027
0.00240468
0.000597662
0.000408618
0.00222658
0.00256659
0.000514026
0.00209427
0.00311624
0.000259353
0.00742516
3.06202e-05
0.00146
0.00186826
0.00402372
0.000104403
0.000776044
0.000551898
0.000371671
0.000565802
0.000555904
0.00190238
0.000946087
0.00131498
0.00506244
0.000840119
6.61047e-05
0.000527616
0.00369997
0.00227622
0.00380945
0.000893908
0.00263599
0.00885921
0.000859714
0.0035012
0.00509572
2.54128e-05
0.000545246
0.000492601
0.000886243
0.00099268
0.00185598
0.000299502
0.00262477
0.000382033
0.122022
0.000265054
0.00169951
0.000755048
0.00217367
0.00217971
0.00192225
0.000188705
0.000342119
0.00130154
0.00020084
0.0130267
0.000802923
0.000909723
0.00120007
0.00526749
0.00298244
0.00886371
0.00293963
8.91502e-05
0.000502463
0.0140662
0.000296949
0.00119503
0.00208598
0.0017319
0.00103024
0.0024316
0.00190429
0.00019844
0.00220819
0.00243849
0.000650793
0.00240892
0.00355822
0.00376844
0.000789543
0.00100461
0.00085884
0.000947209
0.00433696
0.000528076
0.0098674
0.00155006
0.00248358
5.42098e-05
0.00109626
0.00204637
0.00285742
0.0109006
1.06505e-05
0.00512428
0.000974871
0.00363927
0.00259181
0.000825424
0.0103717
5.41895e-05
0.000750607
0.000485449
0.00132952
0.00364272
0.000448043
0.00154829
0.00014028
0.000414475
0.000632766
0.0019658
0.00144506
0.00170944
0.00513033
0.000704179
0.000742743
0.0002886
0.000996341
0.00235367
0.000813448
0.000992132
0.108855
0.00115084
0.000992259
0.00363368
0.000872672
0.0005098
0.00129663
0.000634607
0.00145898
0.000939081
0.00320546
0.000856381
0.00304517
0.000549275
4.51592e-05
3.69555e-06
0.14078
0.00873742
0.000493477
0.000228961
0.00147875
0.000951544
0.000660675
0.00587989
0.00183071
0.000825276
0.00055352
0.000472798
0.00272112
0.00107589
0.000223126
0.00122172
0.000306818
0.00441411
0.0028433
0.00109468
0.00120976
0.00078626
0.000876652
0.00506378
0.000372394
0.00210065
0.000348649
0.00107061
0.0017523
0.00257659
0.00150362
0.1359
0.000814728
0.00894308
0.00289279
0.00205376
0.000870105
0.00152435
8.41566e-05
0.00144617
0.000498393
0.00037368
0.00322967
0.00226635
0.00740959
0.000998472
0.0019511
0.00323342
0.100578
0.000294785
0.00501306
0.000463314
0.00112889
0.00110298
0.00152259
9.40326e-05
0.000214342
0.00181009
0.00153923
0.00115912
0.000992668
0.00032072
0.000496344
0.000842795
0.00601038
0.000468015
0.000293528
0.000285628
0.000231948
0.000541247
0.0024705
0.00293873
0.00045392
0.000382492
0.000257647
0.00218736
0.00130807
0.000421055
0.000822353
0.000429902
0.00146943
0.000688875
0.000587233
0.000654998
0.00084821
0.00248231
0.00200941
0.00377172
0.00121069
0.00546952
0.000529723
0.126673
0.115396
0.0175219
0.000816281
0.000391903
0.0036123
0.00369449
0.00141241
0.00648373
0.000934117
0.00121056
0.000992128
0.000101576
0.000662623
0.00205779
0.00463751
0.00174893
0.000114962
0.00255621
0.000231992
0.000448265
0.00749782
0.00294329
0.000372337
0.000606442
0.00143952
0.000294421
0.000386525
0.00418713
0.000506838
0.00159498
0.142755
0.000568433
0.000196092
0.00101627
0.0012032
5.10788e-05
0.000355422
0.000528766
0.0002037
1.2585e-05
0.0059184
0.00164361
0.00161737
0.0013172
0.000804779
0.000492304
0.00055593
0.000125267
0.000394213
0.000853365
0.00228827
0.00169671
0.001728
0.00377576
0.000572249
0.000232014
0.000443568
0.00141466
0.000487341
0.000850243
0.000202295
0.000557466
0.00017135
1.47956e-05
0.000478867
0.000683169
2.09812e-05
6.25544e-05
0.000703647
0.000748217
0.00225262
0.000415917
0.000185902
0.000635795
0.00279907
0.00049321
0.000891956
0.00372022
0.000789792
0.00117684
0.00124561
0.00125169
0.00122566
0.000424295
0.00113601
0.12902
1.48642e-05
0.0114171
0.000149821
0.000906878
0.000397337
0.000543696
0.000545375
0.000957733
0.0012725
0.000336578
0.0101888
0.000181228
0.00147179
0.141577
0.00393714
0.000267751
0.00158437
0.0556604
0.00121185
0.00315122
0.00054869
0.000317255
0.00121496
0.000388852
0.000521795
0.00265925
0.000433436
0.00458593
0.000158343
0.00233867
0.00250401
0.0338142
0.000189121
0.000305484
0.00208894
0.000823666
0.00122945
0.000209509
0.000593441
0.00110553
0.00143764
0.000128835
0.000319591
