0.153261
0.391516
0.0347542
0.0233848
0.657276
0.0139867
0.0375631
0.0369109
1.20104
0.0584114
0.187081
0.0162382
0.089577
0.0699514
0.0527435
0.0773545
0.0343177
0.0956824
0.068436
0.0473485
0.112977
0.0374743
0.0357562
0.0673792
0.0415049
0.0491291
0.00809595
0.0309408
0.0148761
0.0309962
0.0942085
0.0678586
0.00651812
0.208186
0.045912
0.151994
0.00765713
0.0216439
0.059213
0.0212799
0.027063
0.0337826
0.054849
0.161156
0.00620701
0.0779267
0.40461
0.015017
0.0533973
0.038906
0.0275528
0.0212377
0.165498
0.00231335
0.141857
0.00696387
0.0623574
0.00635406
0.222315
0.0127045
0.0370516
0.0140415
0.0500274
0.011774
0.0251513
0.0496177
0.132944
0.204637
0.060525
0.0028961
0.0607509
0.0335233
0.20137
0.154372
0.0388232
0.0109034
0.0067666
0.144387
0.00458058
0.162054
0.00732041
0.122456
0.0662532
0.106431
0.0253322
0.0275224
0.011967
0.103003
0.0694097
0.122448
0.108418
0.058747
0.25559
0.0701098
0.0108237
0.0768222
0.00873935
0.0260962
0.408466
0.0572755
0.217691
0.0475148
0.0936669
0.0809039
0.0275378
0.0969982
0.195935
0.00673099
0.124348
0.0386066
0.032519
0.230397
0.00872605
0.0441503
0.126547
0.0636716
0.100045
0.0277732
0.236884
0.0237826
0.239385
0.0267783
0.0159184
0.0219649
0.0129111
0.104918
0.00579125
0.0118369
0.0166259
0.0182727
0.384769
0.0369478
0.0053819
0.0611218
0.0258479
0.109941
0.105966
0.229114
0.0855425
0.0271851
0.240988
0.0116395
0.00756196
0.0105419
0.0103526
0.0106253
0.0104404
0.0075133
0.0235639
0.195194
0.1276
0.16759
0.0787893
0.0713756
0.027345
0.00498514
0.146888
0.0500105
0.098292
0.17437
0.147073
0.0120201
0.142458
0.122428
0.0981391
0.0275964
0.279744
0.0209352
0.0267169
0.138834
0.0322708
0.0561941
0.0562764
0.115288
0.0814187
0.104533
0.025044
0.0471768
0.04268
0.0924176
0.0200881
0.0601693
0.096295
0.144136
0.0683234
0.0210098
0.00986254
0.150005
0.0120779
0.201842
0.0962957
0.0141728
0.00708592
0.343215
0.0281603
0.00711249
0.0302378
0.00815706
0.0570179
0.0773909
0.106397
0.0129862
0.158003
0.0528286
0.0215276
0.00308076
0.0208647
0.00806202
0.044877
0.23149
0.0338924
0.0715984
0.00233265
0.0317724
0.226608
0.0829538
0.0311191
0.197653
0.0100332
0.0624115
0.0215017
0.00385109
0.0174565
0.023566
0.00843604
0.0232884
0.00991377
0.0267323
0.00572201
0.00974883
0.0200502
0.0123028
0.0235567
0.0292277
0.0882014
0.0622477
0.039838
0.0775981
0.0140444
0.11568
0.0033609
0.0565084
0.0156598
0.202278
0.499756
0.00387606
0.022579
0.0314331
0.172673
0.0371336
0.0161594
0.198058
0.0978176
0.0200228
0.0177364
0.0623819
0.0868333
0.123245
0.29408
0.0649901
0.0116984
0.104632
0.0197667
0.00534996
0.123939
0.09654
0.0124887
0.00938945
0.0398738
0.0282549
0.0102599
0.240394
0.0183761
0.0145564
0.0394346
0.0208804
0.00998674
0.0409331
0.0425577
0.0177153
0.012061
0.0196885
0.0487967
0.0604821
0.0867777
0.0125113
0.266604
0.00692183
0.170697
0.114757
0.0614987
0.176406
0.00922385
0.0179981
0.232152
0.165979
0.0259621
0.0202055
0.214682
0.00981721
0.00892721
0.0137654
0.0213978
0.0196946
0.00468392
0.0100473
0.00574897
0.00800755
0.0155964
0.00711576
0.0178149
0.00614117
0.0627135
0.0647395
0.037391
0.24886
0.017163
0.271992
0.0621618
0.0204529
0.0116345
0.0111222
0.0128572
0.349326
0.0106568
0.0332709
0.0145954
0.00507882
0.0090785
0.143536
0.0692425
0.0581
0.00994444
0.0714867
0.0127346
0.106365
0.0906893
0.00901258
0.111141
0.0724833
0.217452
0.0153703
0.0417784
0.0188498
0.0572188
0.2003
0.00840975
0.0603299
0.0144399
0.128271
0.024538
0.372182
0.0628458
0.0225299
0.0248312
0.0678241
0.0486413
0.0597833
0.031404
0.037325
0.0512758
0.305448
0.0103979
0.0814482
0.0643448
0.0195476
0.0614104
0.010788
0.230492
0.00517115
0.257426
0.19476
0.0049683
0.0184319
0.0278605
0.0199034
0.0205845
0.0151762
0.0144873
0.00710134
0.0153072
0.013757
0.00949529
0.0100405
0.00596059
0.0478365
0.020449
0.0263284
0.0048954
0.0159958
0.00684698
0.0140549
0.0141898
0.0186078
0.00671012
0.0228216
0.00499617
0.0181176
0.0116486
0.0115546
0.0259171
0.0240581
0.114894
0.0307355
0.0195232
0.0319845
0.0920053
0.0629963
0.0252389
0.0264926
0.0493696
0.00657497
0.0703127
0.0113988
0.00182573
0.0276436
0.0148075
0.0248366
0.0275395
0.034036
0.0395108
0.00702784
0.00340159
0.0180414
0.0971607
0.0429482
0.0420609
0.0349397
0.0154849
0.00372418
0.0174854
0.0213304
0.0353042
0.057575
0.0177121
0.0266227
0.0492533
0.00923399
0.0205631
0.0141777
0.0103082
0.0403079
0.0404608
0.0123938
0.0189487
0.0101193
0.0130357
0.0161956
0.0321987
0.0194211
0.0129484
0.0240825
0.0108913
0.00710537
0.0115237
0.0119174
0.00654344
0.0271562
0.0113553
0.0222872
0.0259368
0.00229826
0.00588117
0.0223531
0.0133112
0.0113557
0.0108566
0.0202227
0.0183873
0.00677974
0.0192029
0.0143244
0.00623256
0.0144887
0.00775494
0.0157322
0.0165924
0.0115904
0.0331145
0.022969
0.00893341
0.00544451
0.0177841
0.0205615
0.00407666
0.00386931
0.00909985
0.0796652
0.0733861
0.0280042
0.0160866
0.194291
0.0333653
0.0687951
0.0413553
0.0152313
0.00842494
0.00236033
0.0397701
0.00950793
0.0698194
0.0312584
0.0309596
0.0336083
0.0110803
0.0472996
0.00304565
0.0112659
0.0210033
0.0515062
0.0162855
0.0157925
0.0247086
0.00500079
0.0125718
0.0158086
0.0222554
0.00574155
0.00429285
0.0129201
0.0116685
0.0090147
0.0121696
0.00616034
0.0285904
0.096155
0.00398253
0.0399458
0.0403715
0.0096298
0.0255941
0.00827683
0.0614443
0.0170977
0.0118031
0.0110758
0.00723139
0.0156761
0.0151109
0.0108968
0.0103522
0.0105559
0.00401868
0.0104383
0.00859809
0.0135278
0.00985285
0.00887269
0.00871503
0.0117899
0.0117523
0.0117668
0.00551058
0.0206776
0.0048598
0.014884
0.0159668
0.0135783
0.0117274
0.0152183
0.0118326
0.00692812
0.00895614
0.0124717
0.0183706
0.0203264
0.00362707
0.0190403
0.011024
0.0209968
0.024889
0.0221314
0.0134054
0.0242659
0.0144177
0.008017
0.00353201
0.0335435
0.0193712
0.0180053
0.0188837
0.0142922
0.00803284
0.0165209
0.0224729
0.0318488
0.018849
0.119642
0.00349775
0.0586171
0.129128
0.100682
0.00609879
0.131951
0.00873679
0.0116156
0.176314
0.00702382
0.0808947
0.183696
0.110102
0.0170196
0.0137555
0.0728683
0.187953
0.0617076
0.0117655
0.0347176
0.184537
0.0217083
0.0192987
0.0140907
0.0169319
0.0100123
0.0979404
0.00431188
0.0106216
0.0311079
0.0171662
0.00749486
0.0591587
0.0178081
0.0841075
0.0634692
0.198654
0.0588904
0.0216914
0.0160001
0.0462022
0.100117
0.0205464
0.0237334
0.13835
0.0669751
0.0204407
0.0154828
0.123824
0.00757308
0.022381
0.0686976
0.0181327
0.0046452
0.0674816
0.0193381
0.0900186
0.00695182
0.0320051
0.00746585
0.085062
0.039727
0.0496501
0.091908
0.0222507
0.0940552
0.00848212
0.0136123
0.0534925
0.0479616
0.0206793
0.127864
0.0222218
0.0132138
0.0065727
0.0172527
0.0139054
0.00411423
0.0116718
0.0227027
0.0140236
0.0230136
0.0200359
0.00959744
0.0265977
0.00561547
0.029949
0.00804482
0.011586
0.0112596
0.0243118
0.0175476
0.00849653
0.0236714
0.00338844
0.0130307
0.0222794
0.0154123
0.0299295
0.00559381
0.00738689
0.0222488
0.0112071
0.0178901
0.00814653
0.0283848
0.0354709
0.0109257
0.0142276
0.00847165
0.0125893
0.0108045
0.0181328
0.0185387
0.0184877
0.00532308
0.0124523
0.00465467
0.0244911
0.0141733
0.014237
0.0101205
0.00854295
0.00850869
0.0203705
0.0118601
0.017583
0.00631697
0.0213943
0.025318
0.0112852
0.00439557
0.0133705
0.0356918
0.0168042
0.060295
0.0201239
0.0349545
0.0168866
0.00578689
0.00129662
0.014569
0.0135258
0.0381123
0.0131212
0.014336
0.0106029
0.0051736
0.0103482
0.0165729
0.00674703
0.135434
0.0152084
0.0156713
0.0101726
0.00511063
0.0201279
0.0699131
0.0840348
0.0558005
0.020439
0.0110168
0.0223063
0.00457249
0.00517034
0.115308
0.161741
0.011356
0.098303
0.0869427
0.0459947
0.0392981
0.0588461
0.00806105
0.010482
0.0364953
0.0175479
0.0402622
0.0243493
0.0176488
0.0569963
0.0361838
0.275161
0.0578353
0.162837
0.0142279
0.210123
0.0899977
0.0209101
0.11576
0.0851221
0.0696094
0.0192793
0.033785
0.0501232
0.345266
0.237925
0.142623
0.043903
0.153062
0.106393
0.125842
0.155694
0.0396042
0.165739
0.0783111
0.0269841
0.0847558
0.0278736
0.00871521
0.00966408
0.0142451
0.00963506
0.0051298
0.0599135
0.052203
0.0183671
0.0210908
0.327277
0.048159
0.023933
0.0308203
0.211388
0.0193354
0.00707264
0.0310269
0.0338764
0.0569281
0.00934696
0.00106587
0.0660111
0.0546408
0.00975278
0.0161442
0.00396409
0.016987
0.00941593
0.0109417
0.00394871
0.0236666
0.00616056
0.00211034
0.0191342
0.00557695
0.0293427
0.0209357
0.0110831
0.00673086
0.0281803
0.0173147
0.00509545
0.00725506
0.020079
0.00693887
0.0233458
0.0378043
0.01284
0.0351102
0.0365074
0.00117647
0.0138549
0.105763
0.0847041
0.119219
0.153994
0.131168
0.224132
0.00685543
0.022594
0.0187196
0.0398724
0.0382143
0.195609
0.0206358
0.0188719
0.0159995
0.0269608
0.0147181
0.00686858
0.0122981
0.023184
0.0368764
0.0102119
0.0133066
0.0115931
0.0165754
0.0360314
0.0320975
0.0179193
0.0124271
0.00981274
0.241634
0.00696995
0.0312914
0.0188299
0.237696
0.00921002
0.173587
0.0127777
0.00861451
0.0350916
0.0368665
0.0144249
0.370664
0.168448
0.436822
0.0531799
0.0624935
0.160221
0.00617255
0.0178309
0.00977171
0.0182034
0.133272
0.00838768
0.0349644
0.00178354
0.0655035
0.0218737
0.00502082
0.0216436
0.0393972
0.0078765
0.00942256
0.0354753
0.274274
0.00992869
0.0456109
0.00465553
0.00683596
0.0788062
0.0473535
0.0251883
0.023529
0.00644668
0.00882202
0.0361627
0.00513946
0.0307381
0.022153
0.0141007
0.00619505
0.00842431
0.0228201
0.0112727
0.00521246
0.00448521
0.00726952
0.0222487
0.00515056
0.0131554
0.032575
0.0112266
0.0222812
0.0192515
0.0040756
0.0140968
0.0375324
0.00238091
0.00469647
0.0208859
0.0160885
0.0243938
0.206337
0.00756692
0.092871
0.039073
0.212473
0.0127039
0.0117567
0.0251393
0.00824776
0.00976618
0.0225205
0.0214272
0.0337778
0.0307928
0.13214
0.0944376
0.0263126
0.0819732
0.12461
0.150082
0.0305525
0.132118
0.0248945
0.0287867
0.063586
0.0150754
0.0177545
0.0116493
0.0235738
0.0183832
0.0101988
0.00958686
0.0308682
0.175537
0.0286883
0.139377
0.00700084
0.0865429
0.208205
0.0141813
0.0128648
0.011132
0.00359979
0.185506
0.0152812
0.0276917
0.0124818
0.011277
0.00422235
0.0140626
0.00948972
0.00747026
0.0276689
0.00988371
0.0137693
0.0229123
0.124809
0.056549
0.0135929
0.0501069
0.104101
0.287262
0.0133478
0.00762705
0.024693
0.00924615
0.014955
0.0152737
0.012888
0.0127781
0.0215332
0.0136065
0.0119846
0.0133016
0.0121372
0.00332545
0.0157836
0.00747792
0.0183641
0.0321325
0.0169882
0.0204616
0.089643
0.00565408
0.147116
0.0257474
0.0793564
0.124964
0.17011
0.0311888
0.0144854
0.180537
0.0216646
0.0213982
0.0774299
0.0580298
0.103831
0.0120745
0.0556697
0.0447806
0.0192021
0.0583806
0.0136917
0.0200892
0.026876
0.453735
0.0237157
0.00666409
0.0170446
0.0411658
0.00525835
0.0303401
0.0218663
0.0213373
0.0193523
0.0140329
0.0151131
0.0160142
0.0443824
0.00628848
0.0165448
0.00694289
0.00784163
0.0118186
0.0175852
0.00888781
0.0144656
0.0239623
0.0150164
0.00937071
0.0243229
0.00551831
0.018837
0.0223135
0.00981713
0.0221135
0.0083169
0.00748077
0.0116825
0.00572689
0.0303629
0.00813953
0.0226777
0.00825776
0.00820537
0.0245105
0.0126716
0.0238882
0.0166482
0.0187192
0.0263095
0.0195448
0.0107604
0.0267911
0.00760982
0.0132682
0.0139279
0.032724
0.0167385
0.0130968
0.0047774
0.00886217
0.0218294
0.0180837
0.0100028
0.0189473
0.00962749
0.0173389
0.00932454
0.0243148
0.0320143
0.112189
0.0211298
0.00591671
0.081747
0.111256
0.00916317
0.0143167
0.0157912
0.0318023
0.0146106
0.00945458
0.0243433
0.00354527
0.0150458
0.00890045
0.0272362
0.0166831
0.0212686
0.0163035
0.0105288
0.0100361
0.0108752
0.0154399
0.0149015
0.00657592
0.0211765
0.0358426
0.0109671
0.0147766
0.0201851
0.0351345
0.0192787
0.0171799
0.0184482
0.0123607
0.0131358
0.0175958
0.151901
0.00672165
0.00916688
0.0262834
0.00607111
0.0164035
0.0093781
0.0246573
0.00488887
0.00557426
0.014736
0.0150816
0.0427867
0.0131032
0.0287496
0.00931933
0.0061401
0.0134397
0.0389984
0.0134868
0.026866
0.00750428
0.00836293
0.00776682
0.0239949
0.0122104
0.0127625
0.0148782
0.157807
0.0138661
0.0244673
0.178818
0.012071
0.00917405
0.0188309
0.021237
0.0208226
0.00150047
0.0122726
0.0131664
0.00685177
0.0133672
0.0196506
0.016203
0.0116437
0.00801845
0.00969879
0.00645556
0.00429811
0.00386762
0.0163694
0.0175135
0.062102
0.0222369
0.0191168
0.135848
0.0188946
0.009959
0.0154085
0.0121548
0.0426507
0.0122556
0.0193479
0.0471931
0.00927813
0.0142353
0.101676
0.00472685
0.00658671
0.0109828
0.00628924
0.00714877
0.0178282
0.0187635
0.0146176
0.01855
0.246349
0.0170433
0.0224585
0.00792922
0.0197091
0.016233
0.0137013
0.00588165
0.0150513
0.223939
0.0712526
0.00639657
0.00653911
0.0145656
0.163947
0.010101
0.0234804
0.0338861
0.0162572
0.0117571
0.0147791
0.0107681
0.0171932
0.00730785
0.0108186
0.102933
0.00815036
0.0659526
0.0178922
0.106989
0.0444976
0.212955
0.0216333
0.0970983
0.0241745
0.00145749
0.0101423
0.011697
0.00349182
0.0273336
0.320798
0.0238663
0.409179
0.0171671
0.0429023
0.216633
0.0324335
0.00724866
0.0106084
0.0143238
0.014923
0.0448606
0.0032252
0.0568031
0.0111448
0.0130786
0.0210704
0.00299726
0.0257058
0.0197054
0.00504572
0.00891159
0.0112613
0.0252246
0.00489646
0.015374
0.0180457
0.212774
0.160237
0.0325456
0.028254
0.0169067
0.0249223
0.178392
0.305535
0.0492404
0.0213922
0.0113121
0.0298474
0.0187793
0.0323904
0.0118173
0.0161599
0.0098125
0.0161168
0.008596
0.0251804
0.0114006
0.0193268
0.0645417
0.00860969
0.00893255
0.0265513
0.00822072
0.0113926
0.00468286
0.00642012
0.0185535
0.0113788
0.0118336
0.0114669
0.0244596
0.0162777
0.00464445
0.0119183
0.0134946
0.0388285
0.0149131
0.0104843
0.0281555
0.0113046
0.0310067
0.093829
0.0389296
0.0234805
0.0191102
0.0212957
0.0126095
0.0222839
0.0206115
0.00254163
0.054327
0.01882
0.0090086
0.0195857
0.0577957
0.114915
0.018042
0.0202102
0.0175615
0.0098394
0.00915956
0.0119221
0.0349779
0.00330227
0.0103089
0.0118283
0.028641
0.00692138
0.0336666
0.0114728
0.0296678
0.012054
0.00825155
0.0187267
0.0231383
0.00973145
0.00594994
0.0175431
0.0143088
0.0179103
0.0199534
0.00947879
0.00344174
0.0055268
0.0162384
0.0107341
0.0155186
0.01379
0.00633402
0.00636165
0.0220935
0.00753393
0.0147022
0.00451553
0.0184396
0.016414
0.0152454
0.0392228
0.018416
0.0250401
0.0297404
0.00778844
0.023704
0.0365105
0.00963218
0.0124344
0.0189843
0.150481
0.277571
0.0647622
0.0187547
0.00760085
0.0222432
0.00396036
0.022756
0.00768442
0.0275226
0.135142
0.147074
0.0990502
0.00918937
0.0278366
0.135096
0.146861
0.180593
0.165121
0.0140801
0.0173619
0.00591288
0.0119994
0.00788272
0.00407513
0.0319802
0.0136708
0.00400332
0.0192881
0.00804269
0.012411
0.00970252
0.0314645
0.0197452
0.00432403
0.259235
0.0113432
0.034032
0.0165777
0.00372466
0.00891742
0.0398932
0.014134
0.00928259
0.0192119
0.0423279
0.0139303
0.00316626
0.0313005
0.010026
0.0236619
0.0234789
0.0151379
0.00280935
0.0201556
0.0221423
0.0317573
0.02685
0.0117853
0.00567934
0.0269784
0.006502
0.0224047
0.0150128
0.00419335
0.00677525
0.0328026
0.0194491
0.0167327
0.00876414
0.00358443
0.00923191
0.00404745
0.0130661
0.00523917
0.013404
0.0103967
0.0263932
0.0290493
0.0223581
0.0177311
0.0109772
0.0158051
0.017558
0.00430423
0.0173723
0.00581837
0.00913826
0.0140723
0.0258233
0.0154112
0.0185927
0.0116247
0.0102471
0.0143545
0.0127996
0.0118091
0.0174452
0.014558
0.0136622
0.0110545
0.0225929
0.0115436
0.0463623
0.0414383
0.008155
0.0167348
0.00494765
0.0507132
0.00518984
0.0270362
0.0090629
0.0204827
0.0362976
0.0165268
0.0240173
0.032685
0.0151974
0.0309655
0.00944762
0.00726859
0.0121863
0.0176249
0.0102927
0.013021
0.0113039
0.00902674
0.0144664
0.00529906
0.00528096
0.00514608
0.0179114
0.0135352
0.0145432
0.00627938
0.0171001
0.00289992
0.0174012
0.0107226
0.0066282
0.00870445
0.00387599
0.00629443
0.0107588
0.0115748
0.010235
0.00139914
0.00848022
0.0269401
0.0254147
0.00458872
0.0249407
0.0153797
0.0345398
0.00961688
0.0140271
0.0709914
0.0301652
0.275646
0.00457287
0.0989572
0.00394912
0.00993376
0.0232712
0.0360337
0.0393665
0.0144096
0.00905798
0.00668506
0.0306874
0.0319843
0.107745
0.00528389
0.140659
0.198547
0.00966083
0.0116309
0.015597
0.0317304
0.00504074
0.109225
0.0253756
0.0212696
0.0307123
0.0203283
0.00842354
0.0321044
0.026979
0.0409568
0.0157062
0.0600123
0.011649
0.0238509
0.0371505
0.0877905
0.0221925
0.00474575
0.0083903
0.0120606
0.00616567
0.0354637
0.0101551
0.0318211
0.0228103
0.0172947
0.0412426
0.0295307
0.0395404
0.0235508
0.00562073
0.00494491
0.00834802
0.0252865
0.00339614
0.0152441
0.00590536
0.00681454
0.00735137
0.0243769
0.0287703
0.0272152
0.0136367
0.0109473
0.00257815
0.0131972
0.00807781
0.0246388
0.0145841
0.0330713
0.0406922
0.00382642
0.0130529
0.000430123
0.00713618
0.020636
0.0209228
0.0124025
0.00740875
0.0137243
0.00724123
0.04727
0.00479059
0.00795099
0.00905819
0.00883146
0.00981061
0.0136436
0.02277
0.00580792
0.0942419
0.335756
0.0190126
0.00973327
0.00960331
0.00449954
0.0121669
0.0281296
0.0184567
0.00648319
0.00930507
0.00238097
0.00804684
0.0503194
0.0564544
0.00424962
0.0165595
0.00758144
0.01608
0.0636982
0.0131735
0.206379
0.0106348
0.169075
0.154262
0.0360642
0.0316789
0.011363
0.0714985
0.107459
0.0333948
0.0290596
0.0198997
0.0220393
0.0951297
0.0101166
0.0102067
0.00518238
0.0198086
0.0109606
0.00484991
0.0130798
0.00857404
0.00824797
0.0198211
0.0045268
0.0171045
0.0635086
0.0046802
0.00954625
0.0184754
0.0699738
0.0218606
0.0151096
0.309191
0.0166787
0.00816512
0.0157371
0.0134166
0.00443685
0.0178555
0.0208956
0.0158537
0.010915
0.0120279
0.0168477
0.0133173
0.0159845
0.0608828
0.0330642
0.0466092
0.0128843
0.114374
0.00621935
0.0112918
0.00528124
0.00213688
0.00457409
0.00995236
0.013422
0.00542902
0.0084287
0.0107396
0.00797871
0.00829219
0.0513926
0.251709
0.234069
0.104923
0.00523519
0.0110065
0.298126
0.178177
0.068364
0.2864
0.19624
0.101764
0.0250164
0.34753
0.15648
0.157924
0.214834
0.178459
0.00814453
0.00894293
0.0722662
0.0489175
0.013501
0.00603702
0.00908368
0.14301
0.00588913
0.0281497
0.0147407
0.0642887
0.331801
0.110014
0.113243
0.0312103
0.0406868
0.00535839
0.0138732
0.0330693
0.0270873
0.0193631
0.00626055
0.0191478
0.0104135
0.00601482
0.0135775
0.0283972
0.0256491
0.220398
0.0339621
0.0285548
0.200408
0.020424
0.381416
0.0391788
0.0717851
0.0629604
0.0267758
0.0955225
0.0100468
0.0116011
0.0177473
0.0208657
0.00614245
0.028142
0.00444838
0.00629456
0.0355328
0.00445917
0.00964134
0.00287446
0.010427
0.0106769
0.0146211
0.00755016
0.0311892
0.00804831
0.024843
0.00972635
0.0206655
0.00976419
0.0111075
0.00965117
0.0250324
0.0154299
0.0246729
0.0420226
0.0102567
0.0159931
0.0296136
0.00905059
0.0185579
0.0144129
0.0062057
0.00230714
0.10556
0.021781
0.00593705
0.0200235
0.0213767
0.0131362
0.00876083
0.0204305
0.0136622
0.00415758
0.00251555
0.0457569
0.0411319
0.00735377
0.00607145
0.00849472
0.0129781
0.0103639
0.0106829
0.00483917
0.0971575
0.211719
0.196686
0.0942491
0.155679
0.0331522
0.179677
0.158864
0.0750578
0.00566315
0.00642654
0.0178627
0.0419329
0.237967
0.0647259
0.0228334
0.168946
0.177723
0.156762
0.00498437
0.116008
0.00567333
0.0160015
0.148928
0.165535
0.0480759
0.0909945
0.0870769
0.139286
0.140335
0.0482714
0.136709
0.387204
0.0292603
0.00574444
0.0355089
0.0148637
0.114876
0.234103
0.176103
0.0267053
0.0722778
0.0530043
0.0534162
0.00801703
0.0838695
0.109062
0.120322
0.00415916
0.13699
0.0847815
0.313859
0.0347881
0.0138497
0.171747
0.0922712
0.0212506
0.260654
0.0432167
0.00448758
0.0860882
0.0151434
0.0429336
0.0151347
0.26953
0.0149347
0.0830464
0.102059
0.154101
0.241289
0.0125723
0.0132075
0.16659
0.00535736
0.0256973
0.010932
0.144554
0.330401
0.104719
0.11799
0.116062
0.00642538
0.107594
0.0242579
0.118714
0.0171916
0.0227677
0.141737
0.0145903
0.0130949
0.124297
0.0179308
0.110402
0.112486
0.0875039
0.00708903
0.0117463
0.00982822
0.0201277
0.0381256
0.0175078
0.236152
0.0145991
0.0176521
0.00758947
0.27651
0.242331
0.00458127
0.238107
0.116981
0.0241603
0.0213473
0.254654
0.017404
0.0920313
0.0937663
0.188824
0.0795315
0.0705893
0.0105722
0.0516837
0.0081376
0.0154823
0.00751251
0.00764009
0.0079899
