0.176808
0.194619
0.188949
0.191932
0.192702
0.189322
0.189816
0.192826
0.191528
0.19358
0.188599
0.190464
0.189436
0.188997
0.196294
0.189513
0.18994
0.192383
0.189444
0.195027
0.187799
0.190398
0.19073
0.189204
0.195513
0.188618
0.189954
0.193434
0.188921
0.190414
0.190897
0.188314
0.194703
0.188471
0.190888
0.192423
0.189646
0.192617
0.189842
0.191054
0.192701
0.188604
0.190273
0.188721
0.191453
0.191636
0.189616
0.190221
0.190284
0.190844
0.195522
0.190019
0.189115
0.190958
0.191529
0.193693
0.189039
0.189303
0.19081
0.190517
0.192559
0.188497
0.187817
0.19235
0.188701
0.193957
0.191732
0.189713
0.193388
0.188581
0.192682
0.190613
0.189882
0.19479
0.190355
0.192446
0.189398
0.188203
0.19361
0.191484
0.192213
0.190569
0.189371
0.189776
0.188028
0.193193
0.191601
0.19061
0.189434
0.189309
0.192882
0.195553
0.18972
0.188509
0.190937
0.192264
0.195138
0.190402
0.189053
0.19048
0.192398
0.200526
0.190278
0.18992
0.191519
0.1929
0.19223
0.190414
0.188869
0.191762
0.188525
0.191377
0.190524
0.189053
0.194593
0.18992
0.192166
0.191706
0.190231
0.193155
0.190414
0.192568
0.190128
0.190024
0.192048
0.188719
0.193179
0.191619
0.190704
0.190262
0.190004
0.190102
0.189812
0.188671
0.190909
0.190239
0.192723
0.194673
0.189173
0.189135
0.190291
0.193462
0.195786
0.189205
0.18943
0.189684
0.193662
0.193914
0.189358
0.190283
0.192208
0.192064
0.187502
0.190697
0.19121
0.190107
0.192382
0.188239
0.190765
0.188866
0.195056
0.189746
0.190949
0.191043
0.1915
0.195553
0.189833
0.191673
0.191167
0.190231
0.194186
0.189369
0.194491
0.192291
0.191269
0.192315
0.188827
0.19289
0.193142
0.188674
0.188661
0.190034
0.192056
0.195745
0.189379
0.188635
0.191269
0.191756
0.194449
0.188646
0.190422
0.190767
0.193069
0.192776
0.189239
0.188615
0.191369
0.192532
0.189527
0.187762
0.190767
0.192762
0.193019
0.188921
0.191361
0.191073
0.193951
0.19303
0.188229
0.192355
0.190802
0.19478
0.192874
0.191094
0.191124
0.188129
0.193451
0.189815
0.192142
0.191496
0.189114
0.189605
0.190604
0.192658
0.192728
0.18839
0.190414
0.191665
0.192126
0.194674
0.189208
0.190277
0.192368
0.192677
0.193949
0.190326
0.189616
0.191151
0.191147
0.194149
0.19019
0.188988
0.192224
0.192518
0.191185
0.189196
0.190028
0.192166
0.193324
0.189083
0.191415
0.188608
0.193768
0.19162
0.188463
0.191704
0.189302
0.195065
0.193043
0.190263
0.190195
0.189798
0.194904
0.190788
0.188519
0.189893
0.191209
0.189791
0.19058
0.192065
0.194104
0.190341
0.188855
0.191829
0.193267
0.193612
0.190722
0.19009
0.19223
0.191686
0.194264
0.189876
0.188244
0.191395
0.193266
0.195801
0.189643
0.190351
0.19139
0.192107
0.192032
0.189224
0.188499
0.19322
0.194436
0.188279
0.191157
0.188926
0.194593
0.193647
0.1902
0.190707
0.190538
0.194771
0.192093
0.19119
0.190981
0.18917
0.194489
0.192048
0.189579
0.190612
0.190143
0.192209
0.19357
0.188933
0.192184
0.189896
0.190067
0.192572
0.189849
0.193897
0.189691
0.189283
0.190909
0.189557
0.193446
0.189861
0.189685
0.192715
0.192883
0.194315
0.190241
0.189898
0.190303
0.192872
0.191395
0.189142
0.189454
0.191273
0.19315
0.188817
0.189801
0.188751
0.195177
0.192126
0.189123
0.192148
0.189983
0.193052
0.191592
0.191461
0.191886
0.188396
0.195158
0.19133
0.189792
0.192005
0.190153
0.192417
0.192862
0.190011
0.192709
0.188337
0.188127
0.193845
0.190514
0.194426
0.190647
0.190712
0.193175
0.18895
0.194261
0.190022
0.189703
0.195457
0.187933
0.193173
0.188859
0.188283
0.19354
0.19018
0.193389
0.188068
0.19046
0.19132
0.192135
0.193155
0.189246
0.190433
0.191538
0.191528
0.189489
0.190054
0.190563
0.193421
0.192205
0.188388
0.18975
0.189043
0.195117
0.191351
0.189595
0.192299
0.189153
0.19293
0.191214
0.190398
0.19069
0.189037
0.188779
0.193325
0.188783
0.189719
0.190189
0.189007
0.193026
0.190286
0.194245
0.189556
0.188484
0.194517
0.190183
0.19405
0.189258
0.188612
0.193653
0.19007
0.194451
0.189155
0.189678
0.193388
0.188131
0.191178
0.189819
0.190362
0.190263
0.189865
0.188636
0.189777
0.191641
0.193436
0.19318
0.189086
0.189561
0.190764
0.19606
0.192544
0.18833
0.191819
0.189943
0.196336
0.192074
0.189576
0.191404
0.189153
0.190265
0.192562
0.188762
0.191341
0.18927
0.191537
0.194032
0.188946
0.193564
0.189162
0.190811
0.193549
0.18884
0.19471
0.191316
0.189374
0.194659
0.188296
0.195356
0.189292
0.189224
0.194981
0.190082
0.192727
0.189028
0.190469
0.193364
0.189794
0.19079
0.191367
0.191006
0.196465
0.189639
0.190327
0.191047
0.190862
0.195878
0.191384
0.189262
0.191836
0.191415
0.197549
0.189454
0.18917
0.189207
0.188598
0.194574
0.189959
0.188365
0.190745
0.188352
0.188711
0.190025
0.189793
0.190659
0.189504
0.189287
0.19382
0.189305
0.194032
0.189325
0.190646
0.194094
0.19055
0.194607
0.189143
0.189913
0.193916
0.188551
0.194718
0.189744
0.188283
0.193932
0.190335
0.191446
0.188612
0.189275
0.193778
0.189583
0.189929
0.19139
0.189974
0.196529
0.18942
0.191405
0.188925
0.190104
0.195897
0.189828
0.190672
0.191556
0.189658
0.196055
0.189571
0.188616
0.19166
0.188697
0.188943
0.190883
0.189967
0.192997
0.190591
0.189321
0.193882
0.189825
0.19194
0.189434
0.189739
0.194605
0.188197
0.193499
0.190912
0.188881
0.192741
0.191072
0.194624
0.18846
0.189467
0.19388
0.189341
0.194878
0.188753
0.190205
0.19352
0.18898
0.18961
0.191197
0.189686
0.194604
0.188633
0.190167
0.191742
0.189122
0.196851
0.190084
0.19093
0.189806
0.189151
0.197116
0.188518
0.188771
0.192616
0.190453
0.196753
0.18922
0.189479
0.190317
0.190455
0.193991
0.188666
0.189216
0.191178
0.190695
0.189859
0.193915
0.189283
0.193904
0.188032
0.188784
0.195401
0.190747
0.195033
0.190075
0.189565
0.193297
0.190958
0.19418
0.189399
0.190147
0.193627
0.1896
0.191276
0.189884
0.190297
0.194509
0.190426
0.190362
0.188519
0.188313
0.197891
0.189984
0.189356
0.190673
0.190061
0.196888
0.190774
0.189653
0.192615
0.191027
0.196426
0.189345
0.18848
0.190947
0.189139
0.194864
0.190668
0.188949
0.191266
0.188978
0.191837
0.189961
0.189396
0.194447
0.18928
0.191006
0.190336
0.188829
0.195177
0.189591
0.190288
0.194052
0.190955
0.195359
0.188371
0.189653
0.195404
0.188613
0.19029
0.190053
0.189827
0.198617
0.189319
0.190412
0.194334
0.190076
0.19891
0.189968
0.189693
0.196027
0.188367
0.198945
0.190972
0.188446
0.195839
0.189515
0.198509
0.189373
0.189613
0.19578
0.187401
0.199535
0.191731
0.191058
0.196028
0.190727
0.200714
0.190283
0.18964
0.197025
0.191159
0.199309
0.190734
0.19235
0.196856
0.190103
0.199617
0.191512
0.191405
0.196009
0.190225
0.20019
0.189949
0.190633
0.197602
0.192029
0.200827
0.19044
0.191106
0.197688
0.189704
0.199492
0.191387
0.1909
0.19731
0.190893
0.20166
0.189986
0.191274
0.197069
0.190633
0.194105
0.195546
0.189907
0.196583
0.189888
0.193953
0.196522
0.192073
0.195918
0.191376
0.193594
0.198388
0.191525
0.196749
0.191367
0.192461
0.192972
0.192281
0.198012
0.190992
0.19303
0.198437
0.191753
0.197712
0.190435
0.194047
0.19605
0.191747
0.197047
0.190505
0.195298
0.195648
0.189868
0.196319
0.190011
0.193755
0.196378
0.191718
0.196247
0.191118
0.193177
0.174271
0.173652
0.173316
0.195051
0.1871
0.192846
0.191184
0.190387
0.1953
0.19056
0.192453
0.191727
0.19123
0.192285
0.190293
0.192759
0.192394
0.19015
0.192221
0.189245
0.191475
0.193001
0.189315
0.192368
0.18867
0.191052
0.190768
0.190392
0.190492
0.189767
0.192789
0.193187
0.189498
0.189787
0.190244
0.190558
0.191287
0.18948
0.18613
0.194805
0.193024
0.189247
0.189278
0.190304
0.189379
0.196021
0.18861
0.188649
0.190227
0.188991
0.193316
0.188672
0.188611
0.191938
0.188564
0.190712
0.191778
0.189092
0.19249
0.189135
0.193278
0.191684
0.191129
0.194455
0.188947
0.191999
0.193424
0.190192
0.19192
0.189778
0.19345
0.191138
0.189018
0.188001
0.188774
0.191858
0.190717
0.188353
0.18941
0.192021
0.192458
0.193934
0.187853
0.189569
0.192291
0.192753
0.193738
0.18883
0.190744
0.192792
0.193813
0.194377
0.189151
0.189643
0.19307
0.192488
0.194011
0.190626
0.190923
0.191967
0.192086
0.193846
0.189053
0.189271
0.191937
0.188634
0.190041
0.189707
0.189279
0.192138
0.187736
0.191609
0.191179
0.188193
0.194729
0.189329
0.191301
0.190702
0.190218
0.193174
0.190549
0.192333
0.191964
0.187225
0.193743
0.189342
0.192804
0.191653
0.1893
0.192206
0.190971
0.192824
0.19106
0.18882
0.193272
0.189648
0.192142
0.191165
0.189087
0.192347
0.188711
0.192855
0.190512
0.18856
0.193747
0.190793
0.192472
0.192025
0.187578
0.191288
0.190131
0.19237
0.190837
0.190081
0.190684
0.190762
0.192287
0.191236
0.188254
0.18961
0.190491
0.191565
0.19338
0.188519
0.190376
0.191778
0.192101
0.206474
0.19139
0.19012
0.197152
0.195765
0.197934
0.191881
0.192341
0.198088
0.194042
0.196039
0.18876
0.190532
0.198053
0.19536
0.197411
0.191007
0.189629
0.19801
0.194427
0.195945
0.189826
0.190473
0.195583
0.193665
0.196337
0.188843
0.187569
0.195813
0.19331
0.196605
0.191008
0.190969
0.197786
0.196418
0.195818
0.191432
0.190227
0.197057
0.193669
0.193524
0.191952
0.192046
0.1936
0.194402
0.196906
0.18989
0.191133
0.197026
0.19397
0.196577
0.191906
0.19057
0.19788
0.194934
0.196339
0.190726
0.191378
0.196993
0.193755
0.195038
0.191235
0.190856
0.198145
0.194514
0.196237
0.191066
0.191423
0.19529
0.193921
0.196819
0.191764
0.191217
0.196767
0.193216
0.194902
0.190477
0.191175
0.197567
0.193513
0.196433
0.191742
0.191576
0.195539
0.193501
0.195566
0.191821
0.189348
0.197326
0.193223
0.196658
0.189684
0.190862
0.195118
0.192556
0.188893
0.19467
0.190216
0.195036
0.192781
0.191579
0.196916
0.192233
0.193518
0.193847
0.191852
0.196527
0.189209
0.197372
0.193031
0.190792
0.196437
0.189643
0.195362
0.194041
0.191375
0.196301
0.191036
0.195252
0.193054
0.187661
0.198261
0.191279
0.195479
0.194456
0.192248
0.19766
0.190846
0.195271
0.194171
0.191525
0.196136
0.18883
0.195812
0.192829
0.190334
0.194411
0.191364
0.195444
0.195651
0.18999
0.195712
0.19068
0.191884
0.198718
0.189263
0.197263
0.189924
0.190925
0.200227
0.191434
0.196228
0.191567
0.190187
0.199406
0.189794
0.196261
0.189558
0.191881
0.196922
0.192111
0.197084
0.190013
0.19046
0.197629
0.192551
0.196051
0.190984
0.189864
0.197522
0.19238
0.19487
0.190865
0.189397
0.196853
0.193399
0.195629
0.189973
0.19046
0.196065
0.193864
0.196521
0.190476
0.189464
0.197188
0.195425
0.196163
0.189801
0.190828
0.197696
0.194042
0.192927
0.191047
0.188311
0.197622
0.187262
0.193541
0.190849
0.192064
0.196242
0.1868
0.193088
0.191837
0.187843
0.191024
0.191271
0.196823
0.190829
0.190563
0.190806
0.190328
0.196257
0.191668
0.19077
0.192801
0.189203
0.19602
0.191001
0.188768
0.194341
0.188081
0.194867
0.190877
0.189971
0.191905
0.189534
0.194603
0.189893
0.190464
0.192979
0.190069
0.194029
0.190728
0.188723
0.193149
0.189002
0.191263
0.188156
0.190188
0.191273
0.191139
0.190043
0.189735
0.189059
0.19372
0.192843
0.188169
0.190882
0.189834
0.193126
0.191284
0.190673
0.190635
0.189581
0.193892
0.191962
0.188635
0.19106
0.189773
0.189939
0.19125
0.189383
0.192267
0.189584
0.189163
0.192823
0.189322
0.194709
0.188759
0.188576
0.193021
0.189331
0.193657
0.189458
0.188343
0.182777
0.18794
0.190083
0.191031
0.191616
0.188325
0.194797
0.188195
0.188347
0.195059
0.190298
0.194367
0.188319
0.189724
0.194493
0.188813
0.194024
0.18952
0.188831
0.192273
0.18835
0.189503
0.189182
0.190306
0.197629
0.187919
0.189132
0.192728
0.189097
0.195727
0.187648
0.190059
0.18754
0.188128
0.19454
0.189486
0.188843
0.187407
0.187079
0.193978
0.188265
0.192414
0.191229
0.188666
0.195156
0.190661
0.19115
0.190098
0.189108
0.197644
0.187591
0.19095
0.191526
0.190644
0.194805
0.193333
0.190114
0.191661
0.189857
0.19369
0.191738
0.190443
0.19191
0.187954
0.190213
0.191956
0.190529
0.190632
0.190385
0.189883
0.192926
0.189926
0.194502
0.188348
0.190903
0.194667
0.188953
0.194405
0.18942
0.189641
0.195183
0.190613
0.19548
0.190757
0.189976
0.19465
0.190784
0.192835
0.190361
0.191134
0.194123
0.190259
0.190287
0.192685
0.190224
0.196783
0.191571
0.190088
0.191859
0.189918
0.197439
0.190066
0.189584
0.192343
0.191461
0.197825
0.191763
0.191179
0.192724
0.189635
0.198333
0.190886
0.189945
0.192306
0.190902
0.19209
0.190984
0.190035
0.19336
0.190948
0.190493
0.194368
0.189653
0.194667
0.190112
0.189642
0.195085
0.190582
0.195565
0.189784
0.191049
0.194276
0.191107
0.19453
0.18628
0.19169
0.188966
0.188963
0.190748
0.190598
0.190968
0.194942
0.188938
0.194746
0.187674
0.188526
0.188528
0.191106
0.191604
0.190777
0.194895
0.189231
0.190617
0.192701
0.188524
0.193107
0.189581
0.18905
0.191557
0.190283
0.189029
0.190981
0.189504
0.193573
0.19048
0.172512
0.192773
0.172702
0.190823
0.194873
0.188432
0.188498
0.190799
0.187918
0.19489
0.187559
0.188713
0.190929
0.18778
0.186553
0.187647
0.188101
0.192621
0.187098
0.187954
0.185302
0.18723
0.194374
0.187223
0.188088
0.188309
0.188469
0.196866
0.18927
0.18704
0.18834
0.189096
0.192454
0.187148
0.189215
0.189137
0.189923
0.192198
0.190245
0.189124
0.190561
0.188107
0.198164
0.19009
0.189117
0.189715
0.189419
0.198301
0.18907
0.190204
0.190289
0.189329
0.192377
0.188452
0.18837
0.188823
0.19054
0.192624
0.187672
0.188688
0.194735
0.190139
0.190809
0.189225
0.188979
0.19554
0.188708
0.190343
0.189356
0.189368
0.194368
0.189368
0.188224
0.191966
0.189695
0.188856
0.190375
0.189763
0.195231
0.189562
0.189124
0.19015
0.190203
0.197873
0.189843
0.188325
0.189473
0.189092
0.19766
0.190298
0.190693
0.188677
0.18801
0.192472
0.190054
0.18856
0.190494
0.188847
0.193865
0.188509
0.189228
0.193731
0.189496
0.191801
0.188638
0.188467
0.194768
0.189269
0.192829
0.190321
0.189429
0.195414
0.189128
0.191494
0.187718
0.188584
0.190418
0.187524
0.188471
0.19165
0.188682
0.188914
0.190326
0.188329
0.197222
0.188962
0.189238
0.189917
0.187644
0.196962
0.189573
0.188742
0.189472
0.188081
0.197463
0.19038
0.188973
0.188634
0.190836
0.1908
0.189262
0.189369
0.190988
0.187142
0.192999
0.190649
0.189413
0.193868
0.189229
0.191501
0.189319
0.190032
0.194315
0.189706
0.191953
0.188549
0.189625
0.188436
0.188513
0.192661
0.190725
0.190172
0.189281
0.188357
0.189487
0.196246
0.188153
0.188206
0.188284
0.188926
0.196506
0.191121
0.189646
0.189797
0.190252
0.197577
0.18884
0.190352
0.190198
0.189501
0.192953
0.189268
0.186719
0.189294
0.188755
0.197801
0.189463
0.190178
0.19019
0.190948
0.195944
0.187304
0.189277
0.190455
0.189802
0.19222
0.189631
0.190092
0.189227
0.190379
0.192327
0.189901
0.189102
0.194285
0.189262
0.191626
0.189283
0.190673
0.193434
0.188387
0.192165
0.188834
0.188772
0.18945
0.188552
0.19062
0.190034
0.187406
0.188374
0.188525
0.190898
0.194603
0.188368
0.188639
0.190214
0.189211
0.196613
0.184799
0.193628
0.188807
0.193484
0.189016
0.188852
0.189434
0.188864
0.19017
0.189636
0.18877
0.188748
0.188945
0.191707
0.190088
0.190338
0.194705
0.188356
0.189764
0.190081
0.189008
0.194726
0.188161
0.191732
0.188912
0.188018
0.194442
0.188828
0.191448
0.188242
0.187712
0.194111
0.187317
0.192778
0.187894
0.187606
0.191926
0.18906
0.190713
0.190392
0.189945
0.19538
0.190054
0.193146
0.190375
0.189902
0.190064
0.190078
0.19333
0.18955
0.190376
0.190392
0.188718
0.191878
0.195184
0.190042
0.189307
0.189719
0.192388
0.192284
0.1888
0.189623
0.187923
0.192139
0.195417
0.18965
0.190208
0.188696
0.191411
0.195413
0.188589
0.190386
0.188687
0.190742
0.189601
0.188213
0.187823
0.195438
0.188972
0.192452
0.188376
0.190013
0.194642
0.189017
0.189819
0.188879
0.189184
0.195652
0.188719
0.191328
0.188253
0.189747
0.190881
0.188025
0.191613
0.188383
0.189882
0.189221
0.189871
0.193369
0.194063
0.190274
0.189889
0.188135
0.191877
0.193336
0.190956
0.190443
0.196219
0.193571
0.197397
0.191554
0.190215
0.195888
0.1937
0.197613
0.192031
0.191386
0.193325
0.190132
0.196642
0.189019
0.191056
0.195725
0.194026
0.195607
0.189762
0.18897
0.195826
0.193385
0.197077
0.192299
0.192103
0.198083
0.195154
0.197206
0.191436
0.191754
0.187273
0.196131
0.197348
0.191682
0.191112
0.187695
0.193217
0.196476
0.192583
0.19696
0.190995
0.19572
0.196914
0.190349
0.189325
0.196002
0.193854
0.19565
0.191099
0.190479
0.193051
0.194718
0.197143
0.191336
0.190861
0.197376
0.19459
0.198213
0.191619
0.191163
0.194747
0.193266
0.19783
0.189826
0.191805
0.194996
0.194494
0.196947
0.18985
0.19043
0.196889
0.193449
0.196323
0.190865
0.19117
0.198044
0.195312
0.19645
0.191527
0.191004
0.196467
0.193182
0.196323
0.18918
0.190763
0.197636
0.194388
0.19581
0.19161
0.190161
0.196894
0.193463
0.19429
0.190659
0.190776
0.197837
0.194547
0.194803
0.190307
0.189537
0.197128
0.195287
0.196052
0.190941
0.191252
0.196233
0.193595
0.197518
0.190622
0.190604
0.197717
0.194271
0.196233
0.19198
0.190757
0.197632
0.19592
0.198195
0.190347
0.191114
0.197746
0.193788
0.190443
0.187879
0.1903
0.197084
0.193009
0.191747
0.188316
0.191436
0.197254
0.194565
0.192243
0.19609
0.188102
0.197137
0.193082
0.189949
0.188431
0.188673
0.197682
0.195201
0.191168
0.185943
0.190972
0.197445
0.194656
0.19144
0.18927
0.1926
0.196962
0.193387
0.19169
0.188369
0.188739
0.196627
0.190486
0.195425
0.190097
0.192605
0.198552
0.194395
0.198028
0.19303
0.191114
0.197481
0.191967
0.19801
0.19051
0.191467
0.196878
0.195364
0.196725
0.19103
0.191633
0.196701
0.193319
0.19814
0.190436
0.191308
0.196919
0.194984
0.197974
0.191948
0.191594
0.19846
0.193576
0.197416
0.190509
0.192276
0.195884
0.194368
0.22879
0.189793
0.188783
0.188883
0.190839
0.18881
0.190091
0.191257
0.189826
0.192239
0.188727
0.189842
0.188614
0.196777
0.192731
0.188268
0.189178
0.18864
0.195071
0.193563
0.189483
0.190799
0.190702
0.195938
0.191681
0.189492
0.188874
0.188313
0.188328
0.191206
0.188146
0.191525
0.190712
0.189397
0.191456
0.187848
0.193979
0.18859
0.18888
0.191597
0.189028
0.196116
0.18892
0.190562
0.188369
0.190817
0.189376
0.189593
0.189981
0.190208
0.193149
0.189032
0.188992
0.18876
0.194126
0.191907
0.188203
0.190272
0.188897
0.193458
0.192551
0.189814
0.187066
0.188105
0.189294
0.191889
0.190129
0.189502
0.188696
0.189689
0.193366
0.188289
0.194429
0.187494
0.189857
0.193773
0.188437
0.194327
0.18984
0.188055
0.192618
0.190209
0.188528
0.188991
0.188178
0.190548
0.190261
0.188507
0.188743
0.188874
0.196123
0.193728
0.18926
0.190536
0.189975
0.194479
0.19302
0.188813
0.189651
0.189524
0.194597
0.192278
0.187745
0.189874
0.190807
0.191217
0.192904
0.19074
0.190234
0.190269
0.188423
0.1924
0.190371
0.19554
0.189494
0.188647
0.19224
0.191161
0.196005
0.188615
0.188642
0.192886
0.189499
0.189259
0.189344
0.18892
0.192357
0.187586
0.190546
0.190341
0.190074
0.197147
0.189584
0.189588
0.190539
0.189887
0.194876
0.192372
0.188249
0.189414
0.189925
0.193643
0.191921
0.189404
0.189155
0.189322
0.189624
0.190357
0.189908
0.189703
0.189681
0.189594
0.191958
0.189637
0.195798
0.18806
0.189174
0.191724
0.190255
0.194568
0.189607
0.188787
0.191498
0.189435
0.19563
0.190002
0.187662
0.193703
0.189057
0.187936
0.1897
0.191174
0.191715
0.187344
0.18921
0.188609
0.187897
0.196017
0.188569
0.18845
0.189835
0.189576
0.194484
0.190236
0.189002
0.190277
0.189359
0.195542
0.192308
0.189536
0.188004
0.189123
0.18943
0.193123
0.189107
0.19153
0.190373
0.189485
0.191099
0.189147
0.194057
0.18968
0.187738
0.192273
0.190896
0.195717
0.189021
0.189699
0.191237
0.189992
0.195082
0.188746
0.18907
0.19148
0.189268
0.193355
0.190007
0.190519
0.193302
0.187345
0.190017
0.188973
0.188935
0.192624
0.188759
0.190176
0.187986
0.189338
0.196804
0.190516
0.187095
0.189005
0.190321
0.197131
0.189392
0.189836
0.190183
0.189314
0.195946
0.190126
0.188973
0.188092
0.189893
0.196549
0.19005
0.189014
0.189354
0.188717
0.189482
0.191772
0.189256
0.194259
0.189438
0.188366
0.191342
0.189436
0.194863
0.188328
0.189845
0.191484
0.188485
0.1942
0.187918
0.189362
0.193013
0.188417
0.190639
0.188423
0.190073
0.196247
0.187745
0.189691
0.187875
0.188655
0.196563
0.188036
0.189477
0.18955
0.189556
0.195391
0.188333
0.187967
0.189159
0.188278
0.191083
0.188767
0.189221
0.195043
0.189423
0.188969
0.193532
0.188699
0.194667
0.189718
0.190127
0.191567
0.190169
0.195332
0.190794
0.189472
0.19076
0.189229
0.189245
0.190327
0.189227
0.192149
0.188574
0.18964
0.188344
0.190394
0.196802
0.188744
0.190476
0.188952
0.188669
0.197293
0.188094
0.189441
0.189136
0.187437
0.194499
0.188522
0.189349
0.187772
0.188863
0.190905
0.188808
0.190082
0.19436
0.190109
0.191421
0.188603
0.1888
0.195124
0.18849
0.188446
0.190891
0.187661
0.189952
0.190251
0.190197
0.192637
0.188652
0.190214
0.190351
0.188625
0.197135
0.190104
0.18847
0.188605
0.18855
0.197098
0.190017
0.189861
0.189197
0.188929
0.197455
0.188926
0.189035
0.193286
0.188379
0.191919
0.189496
0.18859
0.195189
0.188927
0.191515
0.188771
0.189274
0.193453
0.1882
0.19137
0.190136
0.189986
0.194148
0.189673
0.191251
0.189241
0.189737
0.189086
0.189136
0.18926
0.192572
0.188168
0.187984
0.188104
0.188623
0.197637
0.188665
0.187931
0.189458
0.188329
0.197744
0.188875
0.189253
0.189574
0.189987
0.192376
0.190037
0.189621
0.188947
0.187356
0.192255
0.190428
0.189308
0.19452
0.189327
0.193679
0.189376
0.190801
0.195079
0.189772
0.191682
0.189777
0.188833
0.190181
0.190483
0.192287
0.189256
0.1904
0.190709
0.189667
0.189709
0.193239
0.187472
0.187201
0.188165
0.189897
0.194448
0.189562
0.189316
0.189788
0.189528
0.195522
0.188548
0.188173
0.189704
0.189501
0.196797
0.190014
0.190141
0.189984
0.190421
0.19182
0.188431
0.188092
0.188266
0.188176
0.190972
0.190153
0.188397
0.195723
0.190038
0.192731
0.188836
0.190127
0.195534
0.189872
0.192296
0.189291
0.18852
0.189226
0.188346
0.191506
0.189826
0.188144
0.188618
0.188712
0.191347
0.19368
0.187253
0.189152
0.188891
0.188117
0.198338
0.188029
0.190203
0.188763
0.188225
0.190252
0.188102
0.188947
0.187519
0.189462
0.192471
0.18838
0.188684
0.195183
0.189921
0.192244
0.190392
0.189957
0.192174
0.188341
0.191881
0.189998
0.18909
0.19416
0.189408
0.190521
0.19031
0.18845
0.19521
0.187584
0.191683
0.190098
0.188717
0.191613
0.190385
0.192668
0.188217
0.189919
0.189417
0.189716
0.191191
0.194714
0.188803
0.189641
0.190672
0.191123
0.194936
0.188374
0.189348
0.188548
0.188755
0.191558
0.189877
0.189504
0.188892
0.187773
0.192212
0.1895
0.188206
0.195346
0.189418
0.192586
0.190456
0.18945
0.195479
0.1913
0.192059
0.189924
0.189353
0.196089
0.190186
0.191817
0.187617
0.189252
0.18984
0.190005
0.190995
0.190157
0.188575
0.189543
0.188616
0.190928
0.194857
0.188649
0.189386
0.19005
0.191008
0.195589
0.189225
0.187785
0.19029
0.19178
0.189454
0.189706
0.189211
0.19002
0.192081
0.195241
0.189214
0.188998
0.188756
0.191937
0.195586
0.188226
0.187947
0.188314
0.191331
0.196189
0.188504
0.189408
0.189724
0.19087
0.189276
0.188486
0.189895
0.19471
0.189135
0.191039
0.189372
0.188854
0.19333
0.188865
0.192042
0.18933
0.187704
0.193813
0.188941
0.190791
0.188917
0.189149
0.190097
0.190196
0.191323
0.192781
0.189116
0.188176
0.189335
0.191109
0.194371
0.188885
0.190358
0.189838
0.19081
0.195436
0.190554
0.190924
0.189574
0.193276
0.191538
0.18829
0.188669
0.189959
0.191303
0.190122
0.189526
0.189215
0.195436
0.191441
0.189485
0.190085
0.190399
0.195107
0.188202
0.189924
0.189456
0.189272
0.194265
0.189677
0.190619
0.18794
0.189795
0.188832
0.1898
0.192012
0.196218
0.19053
0.189229
0.189507
0.190997
0.194227
0.189332
0.189775
0.188531
0.19071
0.194002
0.188404
0.189863
0.189604
0.174633
0.17319
0.173588
0.174373
0.172129
0.190688
0.173014
0.195427
0.190892
0.188406
0.187191
0.188835
0.192921
0.191635
0.188683
0.188086
0.189715
0.18996
0.190398
0.18784
0.173675
0.175153
0.171267
0.172282
0.176313
0.172685
0.173637
0.173036
0.1731
0.172975
0.176838
0.173333
0.171165
0.189009
0.171813
0.191078
0.191691
0.190486
0.189309
0.192414
0.189417
0.193926
0.187334
0.188011
0.1928
0.18821
0.195037
0.188511
0.189337
0.193313
0.18841
0.19285
0.189432
0.188816
0.194086
0.186244
0.188647
0.188563
0.18902
0.194878
0.192056
0.187358
0.191178
0.189291
0.195087
0.191809
0.189562
0.193016
0.190918
0.195309
0.192673
0.188812
0.190185
0.187135
0.196543
0.189476
0.189457
0.193375
0.190276
0.19518
0.192766
0.187856
0.190979
0.188858
0.193536
0.191058
0.188582
0.192314
0.188307
0.190215
0.191316
0.188276
0.191294
0.189292
0.190883
0.189906
0.189812
0.192019
0.188558
0.187196
0.193723
0.188819
0.194749
0.188703
0.186032
0.194431
0.191102
0.193702
0.188378
0.188508
0.193496
0.188538
0.193799
0.189201
0.189038
0.193532
0.189984
0.193153
0.189779
0.189657
0.19454
0.189851
0.19355
0.188292
0.188939
0.195308
0.190597
0.192722
0.190393
0.189997
0.194528
0.189969
0.189272
0.190128
0.189351
0.198179
0.188462
0.190427
0.189011
0.190199
0.19575
0.189367
0.1913
0.189432
0.187921
0.197996
0.188652
0.188848
0.193527
0.189434
0.19626
0.190074
0.188425
0.192269
0.189914
0.197915
0.189348
0.187233
0.191135
0.188694
0.191579
0.191291
0.190326
0.190874
0.189518
0.187176
0.192886
0.188503
0.194592
0.188105
0.188678
0.195222
0.188256
0.193664
0.190552
0.188448
0.194317
0.188376
0.195224
0.188894
0.187835
0.195063
0.188672
0.188634
0.1895
0.190232
0.195978
0.18749
0.190489
0.191216
0.188888
0.195266
0.187714
0.188632
0.190722
0.189279
0.196274
0.188947
0.188054
0.191501
0.187478
0.194775
0.188408
0.188836
0.192963
0.188822
0.189868
0.192879
0.187986
0.195431
0.190042
0.189083
0.19594
0.187821
0.194024
0.188243
0.18823
0.19569
0.188345
0.196066
0.189212
0.187673
0.196176
0.188879
0.193114
0.190294
0.190303
0.190925
0.190408
0.189026
0.186674
0.190367
0.193347
0.190002
0.190025
0.192202
0.190139
0.195701
0.189019
0.190463
0.192188
0.189157
0.197734
0.189843
0.189982
0.192942
0.190276
0.196813
0.18785
0.189969
0.191375
0.188698
0.196138
0.189229
0.189428
0.191627
0.187557
0.194188
0.188107
0.189495
0.191742
0.189518
0.191705
0.191174
0.18815
0.194326
0.189686
0.194062
0.191273
0.188998
0.196128
0.191308
0.187235
0.194904
0.189248
0.19373
0.186584
0.189415
0.193667
0.187626
0.194171
0.189515
0.193035
0.192946
0.190667
0.195137
0.179517
0.189297
0.189128
0.192349
0.190518
0.193555
0.189367
0.187746
0.191486
0.188667
0.190516
0.191255
0.188825
0.193702
0.187701
0.19317
0.19279
0.187557
0.193635
0.189616
0.191298
0.19234
0.189699
0.193986
0.187961
0.192488
0.191941
0.189672
0.194569
0.189361
0.190375
0.192331
0.189492
0.195726
0.188326
0.19176
0.19236
0.189815
0.192303
0.188618
0.189697
0.1943
0.188113
0.189039
0.189289
0.188894
0.197688
0.189945
0.189288
0.192475
0.186922
0.195458
0.188052
0.189564
0.19117
0.188623
0.197066
0.188916
0.188269
0.191981
0.188026
0.198836
0.189316
0.188621
0.190239
0.186992
0.193288
0.188161
0.189149
0.19219
0.19054
0.19194
0.18961
0.188348
0.19502
0.189313
0.193386
0.191602
0.187558
0.193403
0.188641
0.192005
0.192002
0.188433
0.193788
0.188714
0.192365
0.191296
0.18999
0.192103
0.189977
0.191979
0.192322
0.189622
0.188382
0.202309
0.192417
0.195014
0.190199
0.188931
0.190274
0.188728
0.198543
0.189524
0.189034
0.191909
0.189666
0.19803
0.189079
0.190879
0.192782
0.187882
0.192517
0.189061
0.187702
0.188378
0.187949
0.192077
0.188679
0.187755
0.194007
0.187443
0.189513
0.188255
0.189626
0.193208
0.18802
0.191453
0.189171
0.187379
0.190037
0.187974
0.192026
0.193863
0.18897
0.188568
0.188251
0.191728
0.193605
0.190073
0.190411
0.189321
0.189007
0.196834
0.18893
0.188163
0.18932
0.18907
0.19321
0.188393
0.19015
0.188469
0.189072
0.191778
0.190205
0.189814
0.193822
0.190945
0.192523
0.188944
0.189192
0.195188
0.190096
0.190909
0.189773
0.188603
0.189715
0.188609
0.191547
0.189506
0.187953
0.188658
0.189653
0.189111
0.195749
0.189516
0.187394
0.18871
0.189895
0.194237
0.187077
0.190054
0.187042
0.188473
0.191558
0.189116
0.190412
0.189603
0.190188
0.189039
0.187576
0.18852
0.195722
0.188284
0.190191
0.188824
0.189203
0.193932
0.189757
0.191979
0.188948
0.189913
0.189861
0.188409
0.189899
0.190151
0.189096
0.188367
0.190891
0.191834
0.19496
0.187374
0.187107
0.18746
0.192319
0.192904
0.187962
0.190531
0.189292
0.192859
0.195141
0.189374
0.186781
0.188917
0.190681
0.191979
0.188073
0.187814
0.187983
0.19136
0.188053
0.189077
0.18892
0.195152
0.189621
0.191707
0.188467
0.188643
0.194015
0.188182
0.190337
0.188471
0.187721
0.193318
0.18845
0.191446
0.188237
0.189592
0.190317
0.187334
0.192184
0.193041
0.189186
0.188658
0.1898
0.191622
0.195652
0.189071
0.188387
0.189404
0.189866
0.192073
0.190836
0.188364
0.191074
0.19296
0.18924
0.189657
0.189524
0.189932
0.192069
0.188779
0.187922
0.189823
0.193978
0.188725
0.190643
0.190036
0.189956
0.194581
0.1906
0.192777
0.187408
0.187432
0.189873
0.189533
0.190822
0.189783
0.188356
0.189905
0.189969
0.19246
0.19603
0.190351
0.18981
0.188776
0.191341
0.193357
0.189806
0.190661
0.189508
0.190739
0.196206
0.18891
0.189902
0.189602
0.1894
0.187694
0.189726
0.189157
0.194398
0.190546
0.187755
0.18964
0.190217
0.193986
0.191953
0.190396
0.188532
0.188648
0.193886
0.18885
0.191265
0.190212
0.188976
0.188141
0.189594
0.19167
0.192606
0.190833
0.187509
0.187416
0.189079
0.188356
0.188547
0.187891
0.186706
0.190158
0.190626
0.188398
0.187278
0.190072
0.187885
0.188566
0.189693
0.194833
0.19176
0.189794
0.189787
0.188446
0.18842
0.190734
0.193979
0.188952
0.189853
0.188923
0.19196
0.194034
0.187524
0.188067
0.190212
0.193119
0.191023
0.188604
0.189581
0.19042
0.19281
0.195261
0.18861
0.186089
0.188447
0.191794
0.193991
0.190564
0.188726
0.189487
0.191248
0.195165
0.189644
0.190777
0.189881
0.19291
0.190475
0.190121
0.189434
0.190745
0.193161
0.189542
0.186589
0.188127
0.194926
0.191669
0.189862
0.190368
0.188622
0.196222
0.192473
0.188708
0.189972
0.189163
0.193746
0.191725
0.18937
0.189201
0.190117
0.192263
0.190917
0.189232
0.190343
0.187058
0.179547
0.193713
0.194671
0.189269
0.18929
0.191631
0.188339
0.190632
0.188577
0.189787
0.19113
0.191148
0.195544
0.191503
0.19182
0.191425
0.189503
0.192637
0.189898
0.195293
0.194541
0.191642
0.196782
0.188274
0.192879
0.190621
0.191897
0.18724
0.194978
0.19094
0.18916
0.191681
0.188955
0.194879
0.191919
0.19122
0.19532
0.191246
0.19206
0.191455
0.190027
0.187432
0.188186
0.194471
0.189572
0.189561
0.190598
0.190808
0.190528
0.18853
0.192587
0.190483
0.193802
0.193101
0.190526
0.196011
0.190723
0.194054
0.193237
0.189165
0.194787
0.189158
0.194518
0.193073
0.190551
0.19616
0.18906
0.190179
0.187357
0.190035
0.192255
0.187228
0.191713
0.18928
0.186437
0.192328
0.185999
0.190337
0.193851
0.189458
0.193969
0.189141
0.195952
0.190509
0.190039
0.196418
0.190634
0.193353
0.194474
0.185579
0.195466
0.189382
0.194924
0.193336
0.191812
0.195034
0.189386
0.194018
0.189743
0.189084
0.193508
0.189143
0.193498
0.190565
0.19054
0.192739
0.190652
0.193451
0.188419
0.188371
0.19367
0.186524
0.190762
0.189236
0.188905
0.186701
0.186661
0.197874
0.18985
0.191645
0.187795
0.189738
0.211519
0.189543
0.195013
0.191034
0.194684
0.188318
0.188389
0.185741
0.180396
0.189472
0.19036
0.191844
0.189013
0.191911
0.193488
0.210305
0.186531
0.188802
0.193645
0.186166
0.190995
0.186993
0.190099
0.194012
0.18667
0.194079
0.189989
0.189904
0.193187
0.190935
0.19168
0.186093
0.195114
0.187218
0.189656
0.190939
0.189538
0.198093
0.190931
0.189012
0.192998
0.190616
0.195469
0.190037
0.191044
0.191425
0.186996
0.196527
0.196506
0.191611
0.185992
0.187549
0.196583
0.188625
0.194736
0.189528
0.189228
0.197841
0.18838
0.194003
0.189342
0.190003
0.197362
0.189138
0.198284
0.189605
0.188948
0.197118
0.189608
0.1899
0.19419
0.189266
0.197305
0.189846
0.188957
0.195005
0.191553
0.201169
0.191859
0.191406
0.195472
0.189823
0.19647
0.189469
0.188889
0.195014
0.18548
0.197565
0.185463
0.18881
0.19319
0.185057
0.195075
0.188587
0.190469
0.180363
0.193973
0.186662
0.187161
0.197665
0.188634
0.199842
0.188897
0.192054
0.188539
0.191504
0.199709
0.192152
0.192551
0.185952
0.186047
0.196319
0.190582
0.19225
0.183354
0.196896
0.188
0.188715
0.19521
0.189649
0.196312
0.190095
0.190857
0.194346
0.189857
0.19759
0.190327
0.19086
0.194785
0.191451
0.227029
0.190381
0.190818
0.195846
0.191098
0.19846
0.191241
0.192361
0.195307
0.191555
0.196725
0.190812
0.190078
0.196021
0.190359
0.199587
0.191087
0.20657
0.195764
0.192362
0.196293
0.190769
0.191227
0.196473
0.19248
0.199637
0.192022
0.192367
0.197294
0.191271
0.197441
0.190819
0.192546
0.192953
0.191745
0.198051
0.190807
0.190647
0.195691
0.187168
0.187456
0.191975
0.19622
0.191386
0.191377
0.199146
0.191109
0.195028
0.192282
0.19182
0.215244
0.190168
0.195782
0.192429
0.189904
0.200207
0.190045
0.196009
0.192257
0.191155
0.199155
0.191625
0.192838
0.18991
0.192709
0.198325
0.226072
0.193607
0.191107
0.199026
0.19144
0.192291
0.196828
0.191668
0.198399
0.191428
0.189534
0.19485
0.190457
0.199312
0.189592
0.191616
0.195692
0.189677
0.194334
0.194777
0.189051
0.194977
0.190632
0.189752
0.195225
0.190352
0.19581
0.192748
0.191428
0.197383
0.18962
0.194192
0.189342
0.192283
0.198195
0.191539
0.196707
0.189408
0.190355
0.198856
0.190776
0.195767
0.189351
0.191159
0.198832
0.19151
0.196522
0.189538
0.191799
0.199419
0.191611
0.190149
0.191852
0.191401
0.199355
0.18962
0.190012
0.195558
0.189924
0.19914
0.190706
0.191602
0.195525
0.191375
0.197519
0.190136
0.189832
0.19694
0.192328
0.199862
0.189452
0.192295
0.195565
0.190152
0.197748
0.18945
0.19261
0.19593
0.191535
0.199182
0.192694
0.191202
0.197004
0.191505
0.198553
0.191772
0.191389
0.194768
0.190021
0.198767
0.190616
0.190506
0.194586
0.190737
0.197637
0.191881
0.190409
0.195905
0.191436
0.19826
0.192198
0.190247
0.194251
0.190744
0.194405
0.195409
0.191019
0.195452
0.190565
0.192716
0.194937
0.190753
0.194303
0.189722
0.193277
0.196921
0.190862
0.192579
0.191567
0.193872
0.19653
0.191563
0.194117
0.191744
0.194059
0.197389
0.191537
0.19566
0.191174
0.19162
0.197233
0.192219
0.196047
0.190915
0.193194
0.195551
0.191702
0.196552
0.190359
0.189496
0.196464
0.186764
0.192345
0.189508
0.194865
0.213728
0.192222
0.196246
0.191291
0.19396
0.19541
0.191715
0.193546
0.19028
0.195351
0.186397
0.191678
0.19641
0.192213
0.200871
0.190467
0.190476
0.19638
0.190372
0.199059
0.189675
0.191853
0.19584
0.189995
0.198251
0.190291
0.189446
0.194451
0.190512
0.194504
0.194179
0.189598
0.196618
0.191039
0.19437
0.195597
0.190093
0.195112
0.191266
0.194232
0.195006
0.19084
0.194112
0.189611
0.192776
0.195836
0.190244
0.19498
0.189904
0.194328
0.19583
0.189718
0.194598
0.176955
0.196331
0.189359
0.172848
0.192081
0.19459
0.190267
0.192653
0.190117
0.190275
0.190995
0.190345
0.193556
0.190388
0.191029
0.189912
0.191379
0.192413
0.196214
0.190493
0.190657
0.19077
0.192056
0.19585
0.191176
0.191453
0.190431
0.193499
0.196076
0.190609
0.190705
0.191249
0.192716
0.195668
0.19167
0.189797
0.191606
0.19295
0.19477
0.188596
0.174354
0.173194
0.19165
0.190307
0.189406
0.190773
0.188679
0.189384
0.188106
0.18828
0.193382
0.189173
0.191021
0.193945
0.188477
0.189855
0.187936
0.189731
0.196005
0.191532
0.192739
0.189827
0.188191
0.195283
0.189865
0.190839
0.189734
0.187818
0.189351
0.188596
0.19395
0.193324
0.189391
0.191292
0.192416
0.19224
0.195525
0.189204
0.189681
0.193778
0.192926
0.196518
0.190478
0.1902
0.192101
0.194178
0.195708
0.189299
0.191523
0.192562
0.193174
0.195811
0.186863
0.191027
0.193827
0.192401
0.197052
0.189284
0.188999
0.193577
0.192126
0.192967
0.189429
0.189742
0.19272
0.192827
0.190579
0.193589
0.189521
0.192834
0.188685
0.191014
0.193324
0.189876
0.196448
0.190053
0.192168
0.190757
0.189168
0.1949
0.188578
0.192839
0.193228
0.189493
0.192679
0.189365
0.192411
0.192299
0.189654
0.189581
0.191953
0.193076
0.196567
0.191321
0.189969
0.192246
0.19141
0.19478
0.189237
0.191113
0.19194
0.192419
0.19319
0.189463
0.189093
0.192249
0.194119
0.195166
0.190723
0.190871
0.192449
0.193098
0.192738
0.189004
0.190029
0.192539
0.191759
0.189383
0.191168
0.189105
0.192355
0.191606
0.186942
0.192583
0.19109
0.193631
0.194094
0.190296
0.193364
0.189323
0.196172
0.190946
0.189205
0.193512
0.190845
0.1937
0.189009
0.191676
0.193735
0.189759
0.191141
0.189163
0.193294
0.191972
0.189672
0.186725
0.192063
0.192842
0.194472
0.188768
0.190415
0.193018
0.191702
0.196428
0.191035
0.188854
0.192828
0.19283
0.195551
0.190317
0.190337
0.193254
0.193309
0.194376
0.189446
0.19108
0.19386
0.19304
0.191547
0.190522
0.189104
0.192642
0.193185
0.191094
0.194248
0.18927
0.195077
0.191749
0.189032
0.192432
0.188181
0.194123
0.190773
0.190327
0.192353
0.190918
0.195267
0.190276
0.190376
0.192501
0.190238
0.195227
0.191911
0.189633
0.191136
0.189587
0.193767
0.193787
0.188618
0.192774
0.190321
0.190489
0.188496
0.191288
0.19327
0.18947
0.188716
0.191269
0.193008
0.195535
0.188985
0.190025
0.192427
0.192397
0.195404
0.189555
0.189212
0.19161
0.191376
0.193193
0.188413
0.189265
0.192303
0.192152
0.189574
0.190418
0.189752
0.194829
0.192514
0.189947
0.193243
0.189081
0.194429
0.192324
0.18984
0.191578
0.191128
0.194828
0.19113
0.189253
0.191407
0.189596
0.194922
0.191264
0.190362
0.191556
0.189512
0.191845
0.193481
0.18977
0.19358
0.189435
0.189958
0.193716
0.189029
0.195306
0.190142
0.190108
0.191079
0.190734
0.193087
0.190553
0.189289
0.192553
0.192033
0.19415
0.189375
0.188845
0.193901
0.191724
0.19145
0.189238
0.190362
0.190838
0.191282
0.189266
0.192521
0.188817
0.193759
0.194007
0.188801
0.192546
0.188514
0.194212
0.192434
0.190629
0.192507
0.18928
0.195016
0.193338
0.187076
0.191564
0.187932
0.196017
0.192893
0.189524
0.190001
0.190253
0.195188
0.191209
0.190573
0.191796
0.189965
0.195601
0.19346
0.187895
0.193063
0.187345
0.191835
0.188452
0.195944
0.189397
0.188615
0.193209
0.190458
0.194314
0.189768
0.190909
0.195068
0.190322
0.194706
0.188485
0.189107
0.19492
0.188576
0.191643
0.190339
0.188221
0.19276
0.190884
0.190038
0.192316
0.189209
0.194946
0.191867
0.189889
0.192311
0.190018
0.194789
0.190059
0.190188
0.191386
0.188444
0.195503
0.191777
0.190277
0.193627
0.190475
0.194122
0.191467
0.189326
0.19162
0.188718
0.195088
0.193884
0.188021
0.191059
0.188541
0.192671
0.182447
0.189979
0.19251
0.189175
0.189606
0.190248
0.188728
0.175555
0.191126
0.194493
0.18914
0.188806
0.190175
0.194355
0.19416
0.190242
0.192493
0.189651
0.193667
0.192307
0.189883
0.183337
0.189762
0.196714
0.189816
0.189722
0.190471
0.191437
0.192316
0.189103
0.1957
0.189009
0.189444
0.194281
0.187646
0.195439
0.19119
0.190902
0.196081
0.189068
0.192644
0.189463
0.183565
0.192104
0.190463
0.19188
0.191127
0.188426
0.19139
0.190372
0.191624
0.188452
0.19083
0.190333
0.190127
0.189798
0.188622
0.191082
0.193484
0.190364
0.190477
0.190138
0.193371
0.192904
0.189868
0.190886
0.190248
0.193344
0.192194
0.189097
0.191697
0.18949
0.190202
0.194909
0.189446
0.195853
0.187855
0.190735
0.188092
0.189109
0.193039
0.19097
0.198068
0.189724
0.190613
0.193408
0.187232
0.199126
0.191642
0.190499
0.191192
0.186797
0.199005
0.190347
0.191569
0.192788
0.190008
0.196993
0.189178
0.190587
0.191101
0.190858
0.198534
0.189392
0.189806
0.193766
0.188176
0.19452
0.190396
0.195137
0.188673
0.191504
0.195388
0.189899
0.196547
0.189621
0.19026
0.196099
0.190015
0.195598
0.19041
0.189972
0.192685
0.190338
0.194002
0.188601
0.187971
0.195002
0.191373
0.19466
0.188174
0.187708
0.1935
0.186911
0.191905
0.1899
0.195073
0.1911
0.190504
0.192998
0.189072
0.193211
0.190881
0.187977
0.190737
0.189209
0.188742
0.189748
0.194735
0.190324
0.189353
0.195038
0.190589
0.196908
0.189595
0.189524
0.195028
0.188522
0.193604
0.189612
0.189825
0.196422
0.189243
0.194627
0.189849
0.190124
0.195855
0.188491
0.195979
0.189088
0.176211
0.174173
0.192117
0.185586
0.173834
0.187473
0.190661
0.191691
0.189073
0.18992
0.188704
0.188044
0.196326
0.189947
0.189595
0.188677
0.189191
0.197723
0.189867
0.189422
0.190284
0.189513
0.196378
0.187687
0.187729
0.189815
0.189698
0.188861
0.189026
0.189198
0.194572
0.188289
0.19081
0.19499
0.18976
0.194285
0.18823
0.189053
0.189069
0.180795
0.190445
0.17522
0.190705
0.186907
0.188705
0.190008
0.185903
0.188684
0.177057
0.18925
0.188292
0.187498
0.189822
0.191647
0.188127
0.19298
0.183895
0.193303
0.187972
0.18954
0.188437
0.191194
0.195264
0.189264
0.190853
0.190623
0.189994
0.188234
0.189098
0.188975
0.190211
0.189477
0.187735
0.1884
0.18835
0.188584
0.1923
0.190372
0.189938
0.188466
0.189811
0.191755
0.189106
0.189386
0.193885
0.187741
0.190763
0.188455
0.187305
0.193969
0.189503
0.190607
0.188657
0.189767
0.193191
0.190725
0.192895
0.188459
0.188055
0.188682
0.190841
0.188614
0.192162
0.188634
0.191096
0.190213
0.189666
0.196541
0.18844
0.190343
0.18915
0.188598
0.196083
0.188357
0.190092
0.190808
0.190156
0.197098
0.18853
0.188254
0.190065
0.190188
0.196888
0.187342
0.190844
0.188828
0.188811
0.194008
0.189661
0.18981
0.190944
0.187487
0.192575
0.190033
0.188554
0.188734
0.189616
0.189722
0.190328
0.188093
0.188971
0.190982
0.192771
0.189207
0.189368
0.189955
0.189348
0.196642
0.189687
0.189444
0.190128
0.191345
0.196597
0.190463
0.188411
0.188345
0.188791
0.197147
0.188869
0.18801
0.188983
0.189509
0.197441
0.189577
0.190378
0.187185
0.189498
0.193267
0.189008
0.190277
0.189287
0.189191
0.197089
0.190354
0.183642
0.189643
0.191597
0.19015
0.191009
0.18964
0.18741
0.192868
0.190808
0.190407
0.191116
0.189831
0.19293
0.187681
0.189872
0.190374
0.190321
0.191578
0.19473
0.191138
0.189213
0.193363
0.19477
0.194652
0.190162
0.188922
0.191863
0.190301
0.195994
0.190214
0.191624
0.187681
0.193403
0.190692
0.188294
0.193448
0.189735
0.193299
0.192508
0.191242
0.190303
0.187271
0.192978
0.191268
0.186927
0.193532
0.190422
0.193654
0.191069
0.187389
0.190171
0.188662
0.195082
0.189483
0.187645
0.192666
0.191782
0.195326
0.190249
0.189938
0.193288
0.192466
0.196478
0.187477
0.19096
0.189221
0.191788
0.191488
0.187799
0.190364
0.188734
0.192737
0.1923
0.186459
0.192916
0.190178
0.194442
0.192288
0.189914
0.191201
0.193353
0.193147
0.195262
0.189696
0.188973
0.193028
0.191703
0.19474
0.190883
0.189859
0.192311
0.191009
0.19549
0.1907
0.190317
0.193167
0.193248
0.196469
0.190279
0.190481
0.192473
0.192288
0.192592
0.190248
0.190882
0.192361
0.194109
0.190142
0.190425
0.189021
0.191646
0.193332
0.189771
0.192374
0.190714
0.194883
0.188118
0.191682
0.193175
0.18931
0.19578
0.188593
0.193402
0.191687
0.190194
0.196311
0.192042
0.192879
0.192236
0.190035
0.19221
0.189346
0.193265
0.191323
0.190609
0.193289
0.188542
0.192948
0.189829
0.188993
0.195941
0.192196
0.18838
0.189482
0.187553
0.191554
0.191586
0.193497
0.189654
0.189965
0.193979
0.18841
0.190867
0.188517
0.193431
0.191359
0.188292
0.189702
0.189206
0.194321
0.189503
0.193127
0.188442
0.187837
0.189985
0.190407
0.190542
0.18956
0.192279
0.190779
0.194038
0.190726
0.190696
0.192515
0.189957
0.192574
0.19011
0.188225
0.196916
0.190464
0.189036
0.18945
0.186568
0.194421
0.192598
0.189527
0.189345
0.190438
0.195693
0.187855
0.194575
0.190171
0.186934
0.191579
0.19305
0.194353
0.1899
0.189396
0.191783
0.191811
0.192011
0.189236
0.189401
0.190783
0.197361
0.18885
0.190787
0.18852
0.19551
0.193975
0.189784
0.19193
0.190744
0.195091
0.192319
0.190367
0.193806
0.190393
0.195975
0.193016
0.19024
0.191245
0.190413
0.194611
0.193316
0.188424
0.192818
0.189376
0.192135
0.190243
0.190275
0.19151
0.187807
0.194148
0.191571
0.186559
0.191073
0.189761
0.193918
0.190321
0.190176
0.191376
0.189505
0.193828
0.191473
0.192194
0.189193
0.188143
0.194113
0.1909
0.18966
0.190752
0.18936
0.194967
0.192046
0.191278
0.193482
0.188159
0.194564
0.1917
0.188051
0.192812
0.18821
0.196563
0.193779
0.18969
0.192293
0.189815
0.190465
0.192355
0.189271
0.192006
0.19117
0.191834
0.195722
0.189289
0.193248
0.19086
0.189347
0.192219
0.19402
0.194301
0.189687
0.187653
0.191954
0.193351
0.196882
0.190505
0.187989
0.192878
0.194151
0.192543
0.191073
0.189628
0.191536
0.190842
0.189342
0.193259
0.189418
0.194881
0.192815
0.187131
0.191412
0.189225
0.195872
0.193217
0.190418
0.190833
0.188133
0.195604
0.192726
0.190267
0.192081
0.189919
0.192143
0.192536
0.190243
0.193254
0.19014
0.190044
0.192002
0.189318
0.194674
0.189783
0.190105
0.19568
0.188981
0.195736
0.18967
0.190413
0.19562
0.190165
0.195295
0.189981
0.190328
0.194219
0.189377
0.195366
0.191053
0.190451
0.195615
0.18995
0.191181
0.191097
0.189626
0.193465
0.193875
0.19158
0.189356
0.190029
0.194162
0.193272
0.190894
0.192139
0.189325
0.195228
0.193042
0.188474
0.192061
0.189699
0.194949
0.192907
0.190735
0.191171
0.189863
0.195807
0.193317
0.189848
0.193208
0.190772
0.196658
0.191892
0.188674
0.192794
0.190039
0.192377
0.192294
0.190802
0.192605
0.190044
0.189583
0.193604
0.189106
0.196299
0.189486
0.191588
0.195329
0.188562
0.196042
0.190475
0.189342
0.195406
0.190254
0.193425
0.190066
0.189143
0.194065
0.190038
0.193504
0.189554
0.190191
0.195584
0.190587
0.195722
0.190044
