0.180285
0.203481
0.193428
0.193685
0.199191
0.195812
0.198949
0.192544
0.192518
0.199006
0.195826
0.198851
0.192946
0.192448
0.1992
0.195918
0.197839
0.191946
0.193242
0.19876
0.19616
0.198777
0.192349
0.192754
0.198693
0.196213
0.197944
0.192669
0.192567
0.196806
0.196201
0.199508
0.193267
0.192607
0.19757
0.195638
0.192854
0.189609
0.19259
0.196005
0.195023
0.192257
0.196473
0.19234
0.197589
0.196758
0.191531
0.19715
0.192493
0.197953
0.195702
0.191978
0.197573
0.193
0.198029
0.195201
0.193137
0.199053
0.191327
0.196215
0.195544
0.192605
0.198366
0.192846
0.199791
0.196365
0.192554
0.198628
0.191976
0.19763
0.195408
0.192985
0.198401
0.192914
0.197585
0.194831
0.19326
0.197816
0.191176
0.198325
0.195751
0.193634
0.196985
0.191812
0.199019
0.195564
0.192983
0.197628
0.193495
0.198092
0.19601
0.192211
0.198324
0.193646
0.197748
0.195382
0.193147
0.197777
0.192428
0.198625
0.195917
0.192633
0.196583
0.193726
0.198915
0.196223
0.192397
0.197808
0.19226
0.197342
0.195662
0.191474
0.19836
0.192843
0.197703
0.195885
0.192643
0.199417
0.192791
0.198336
0.195603
0.191705
0.197394
0.193098
0.197258
0.19661
0.192636
0.199288
0.192823
0.196039
0.195879
0.192562
0.198679
0.193085
0.198464
0.195883
0.19228
0.199609
0.193551
0.199105
0.196528
0.190983
0.195859
0.192617
0.198511
0.195085
0.191862
0.198174
0.1927
0.199878
0.193823
0.191724
0.198022
0.192557
0.192175
0.200488
0.191797
0.19815
0.191977
0.192493
0.200183
0.191673
0.197576
0.192394
0.19324
0.200667
0.192749
0.198743
0.192669
0.193008
0.200449
0.193112
0.197979
0.191522
0.191839
0.200578
0.192678
0.198695
0.191971
0.191586
0.200771
0.192148
0.197632
0.191685
0.191902
0.201058
0.192886
0.197448
0.19278
0.19228
0.200088
0.192548
0.196976
0.191492
0.191793
0.200387
0.191958
0.198574
0.191276
0.191174
0.20051
0.192942
0.19831
0.191322
0.191749
0.200976
0.192705
0.197916
0.191816
0.190364
0.200548
0.192239
0.192032
0.197351
0.192555
0.202076
0.192358
0.192973
0.197659
0.192147
0.199807
0.192793
0.191801
0.197403
0.191934
0.20072
0.192713
0.193431
0.197622
0.19217
0.196738
0.192672
0.19317
0.1982
0.191389
0.197405
0.196282
0.191783
0.19828
0.192287
0.195996
0.195793
0.192829
0.198164
0.192664
0.196602
0.193209
0.192791
0.198871
0.191696
0.19512
0.195772
0.193417
0.198064
0.190575
0.197062
0.196504
0.192829
0.199758
0.192969
0.197734
0.195171
0.191427
0.198972
0.19256
0.198958
0.195779
0.191977
0.197183
0.190869
0.198683
0.195272
0.192522
0.198544
0.191553
0.199222
0.196132
0.192171
0.199279
0.192595
0.198884
0.195751
0.192514
0.196887
0.192696
0.197784
0.194415
0.191597
0.199797
0.192491
0.199682
0.195737
0.192484
0.197686
0.192844
0.19097
0.195604
0.191942
0.199067
0.192171
0.192708
0.201135
0.191537
0.197676
0.192722
0.191473
0.201572
0.192391
0.197763
0.19187
0.192629
0.199894
0.192497
0.197949
0.191265
0.19349
0.201284
0.192666
0.197752
0.19285
0.191912
0.20173
0.192183
0.198805
0.193621
0.192003
0.202078
0.193446
0.196055
0.192657
0.192466
0.200891
0.192861
0.197811
0.19093
0.193066
0.201427
0.191841
0.198888
0.193456
0.192594
0.201098
0.191628
0.198559
0.193145
0.192551
0.202866
0.191911
0.197178
0.192331
0.192658
0.201027
0.193225
0.198771
0.193796
0.191927
0.201844
0.193059
0.196949
0.191783
0.193368
0.201157
0.193034
0.197887
0.19137
0.192566
0.201765
0.193589
0.198249
0.192994
0.192396
0.199809
0.192597
0.197694
0.193538
0.192662
0.201548
0.19323
0.197638
0.193092
0.191708
0.202109
0.19366
0.198905
0.192492
0.191394
0.201704
0.191686
0.198655
0.193279
0.19177
0.200224
0.191658
0.198872
0.193509
0.192955
0.201683
0.193756
0.198471
0.191274
0.192715
0.204372
0.192113
0.192531
0.193341
0.192312
0.20238
0.19207
0.192767
0.19219
0.191907
0.202228
0.192036
0.192242
0.196207
0.192412
0.201196
0.191804
0.192323
0.198545
0.192809
0.202261
0.192222
0.192287
0.197785
0.192875
0.200202
0.192787
0.192677
0.19783
0.191925
0.20169
0.192165
0.192893
0.199161
0.192539
0.201622
0.192219
0.193274
0.198492
0.191752
0.201721
0.192174
0.192324
0.198521
0.19301
0.20396
0.193366
0.193019
0.198169
0.194178
0.201001
0.19268
0.192127
0.198274
0.191767
0.2024
0.192948
0.193036
0.199296
0.192087
0.200979
0.191641
0.192867
0.199125
0.192562
0.201502
0.19205
0.193103
0.199059
0.19194
0.202618
0.191943
0.193099
0.1989
0.192589
0.201672
0.192544
0.192447
0.198047
0.191463
0.202094
0.193663
0.192735
0.198389
0.192637
0.202308
0.192932
0.19192
0.198808
0.192611
0.201843
0.192716
0.192469
0.19887
0.192648
0.202258
0.192271
0.192597
0.201101
0.19225
0.201778
0.192363
0.191677
0.198439
0.191234
0.195858
0.196957
0.1928
0.197485
0.192614
0.194709
0.197272
0.192791
0.198649
0.191404
0.194862
0.198891
0.193352
0.198044
0.19256
0.194092
0.198445
0.192708
0.199136
0.191566
0.195508
0.199329
0.192089
0.19868
0.192391
0.195931
0.198222
0.193091
0.198637
0.192388
0.196118
0.198573
0.193557
0.197557
0.191484
0.195669
0.198
0.191821
0.197767
0.191919
0.196188
0.197336
0.192352
0.197601
0.191991
0.194348
0.198922
0.191585
0.198319
0.192385
0.193966
0.19875
0.192896
0.199176
0.192414
0.193245
0.1979
0.193201
0.199009
0.191977
0.194829
0.198769
0.192359
0.192023
0.192752
0.196329
0.198733
0.193729
0.192502
0.191336
0.194349
0.19954
0.192416
0.193671
0.196977
0.194027
0.198563
0.192643
0.193449
0.198684
0.194268
0.197535
0.193465
0.192356
0.196176
0.195816
0.198223
0.193287
0.192894
0.198703
0.194654
0.19883
0.193667
0.192751
0.198628
0.194804
0.197194
0.192522
0.19229
0.19792
0.195834
0.198182
0.193329
0.191624
0.199332
0.195535
0.19889
0.192318
0.192947
0.19842
0.195512
0.198028
0.192567
0.192408
0.199425
0.195648
0.19852
0.192886
0.192844
0.197916
0.196227
0.197661
0.1925
0.19229
0.198669
0.197029
0.197882
0.192328
0.192024
0.199734
0.19548
0.19894
0.193068
0.192811
0.199077
0.194289
0.198764
0.192226
0.193225
0.197861
0.193318
0.199195
0.192602
0.192071
0.198806
0.192387
0.199857
0.191101
0.191618
0.197518
0.19277
0.195515
0.191245
0.192724
0.19829
0.1917
0.19512
0.195977
0.191963
0.199568
0.192838
0.194889
0.199287
0.1929
0.198648
0.19225
0.195197
0.198528
0.192438
0.198379
0.192061
0.195113
0.197966
0.192859
0.197487
0.192128
0.195454
0.197731
0.193066
0.19746
0.193028
0.195848
0.197907
0.193275
0.198205
0.193449
0.195655
0.199079
0.192815
0.198044
0.192523
0.19533
0.199363
0.193358
0.19924
0.192547
0.195893
0.199385
0.19313
0.197031
0.192516
0.19602
0.198135
0.191253
0.198496
0.193345
0.195288
0.198245
0.193201
0.198951
0.192954
0.194788
0.199086
0.192204
0.19883
0.192828
0.19549
0.19772
0.193209
0.198903
0.192875
0.196345
0.199441
0.192969
0.198448
0.193503
0.196532
0.199247
0.193022
0.197233
0.192044
0.19578
0.199419
0.191949
0.197732
0.191694
0.195262
0.199152
0.192662
0.198761
0.192349
0.196478
0.198925
0.191937
0.191367
0.189114
0.19739
0.199391
0.192006
0.192527
0.191669
0.195878
0.198575
0.191696
0.191403
0.197156
0.195804
0.197391
0.191445
0.192151
0.199108
0.195783
0.19894
0.192648
0.190919
0.198541
0.195449
0.198301
0.192471
0.194252
0.199012
0.195949
0.198743
0.193044
0.193456
0.199096
0.194538
0.197489
0.191724
0.193164
0.198582
0.196516
0.198789
0.192268
0.191571
0.196838
0.196111
0.19768
0.192104
0.19336
0.19829
0.197489
0.198143
0.190106
0.193027
0.198373
0.196089
0.197566
0.192454
0.193657
0.199212
0.196127
0.199296
0.191186
0.191771
0.19937
0.195851
0.196903
0.192096
0.191409
0.199839
0.198156
0.197593
0.191128
0.192148
0.19944
0.195605
0.198632
0.192512
0.192934
0.199095
0.195647
0.19901
0.193277
0.193073
0.198165
0.195135
0.198305
0.192792
0.193393
0.198592
0.196739
0.198873
0.193145
0.19288
0.198738
0.195416
0.197549
0.191834
0.193289
0.199227
0.196722
0.198014
0.191014
0.193349
0.198069
0.196462
0.199398
0.193015
0.192616
0.199192
0.196434
0.198574
0.192718
0.191838
0.197797
0.195274
0.192727
0.198685
0.193032
0.198923
0.197064
0.19284
0.197525
0.191134
0.198205
0.196096
0.192815
0.198969
0.192056
0.197177
0.194481
0.192445
0.199042
0.192289
0.19773
0.195117
0.193727
0.197981
0.191983
0.197243
0.196287
0.192991
0.198414
0.192932
0.198164
0.19502
0.192542
0.197883
0.192704
0.198703
0.195639
0.193764
0.199009
0.192115
0.197718
0.194811
0.193476
0.19896
0.192155
0.198061
0.196135
0.192204
0.197829
0.193204
0.19862
0.196654
0.192252
0.196988
0.193183
0.197053
0.194482
0.192864
0.198407
0.193553
0.19816
0.195224
0.192345
0.19921
0.192989
0.199253
0.195444
0.19213
0.198034
0.190515
0.190819
0.192768
0.19101
0.190704
0.190663
0.189973
0.193568
0.189489
0.194585
0.18961
0.189476
0.192155
0.189679
0.195875
0.190822
0.1903
0.193775
0.188459
0.190239
0.191246
0.189524
0.189256
0.192711
0.189564
0.189259
0.190464
0.196659
0.193835
0.189512
0.191444
0.190044
0.194875
0.192654
0.189287
0.191234
0.190844
0.195805
0.192921
0.190915
0.191069
0.190865
0.191613
0.192552
0.190439
0.192157
0.190719
0.189986
0.193213
0.191209
0.196142
0.191332
0.190741
0.192591
0.188382
0.195119
0.189259
0.190049
0.193976
0.190939
0.190641
0.191048
0.190631
0.191689
0.190303
0.190248
0.190601
0.190871
0.195906
0.193506
0.191815
0.190574
0.189891
0.196112
0.192839
0.189434
0.191278
0.190956
0.195502
0.192055
0.189577
0.190979
0.189834
0.189623
0.193208
0.190255
0.191971
0.190698
0.190154
0.192032
0.18963
0.195866
0.189992
0.18898
0.19384
0.1904
0.19518
0.191134
0.191402
0.19359
0.190395
0.190338
0.190711
0.190058
0.192524
0.190938
0.190542
0.190237
0.189906
0.196677
0.190786
0.19045
0.189328
0.189793
0.195379
0.192788
0.190761
0.190895
0.191311
0.196525
0.191751
0.190465
0.190622
0.190338
0.190682
0.191927
0.18998
0.191441
0.190655
0.190825
0.193561
0.188462
0.195697
0.189745
0.190018
0.192434
0.190167
0.196118
0.19039
0.190585
0.193599
0.189557
0.196301
0.190831
0.190459
0.191737
0.190299
0.191064
0.190651
0.191279
0.193068
0.190415
0.190439
0.190637
0.189908
0.19833
0.190048
0.190612
0.190634
0.189366
0.196986
0.190406
0.189088
0.190516
0.190748
0.190528
0.19216
0.19098
0.190976
0.190573
0.191495
0.193705
0.190555
0.195873
0.18948
0.190639
0.192512
0.189931
0.196239
0.190672
0.189987
0.191996
0.191044
0.197058
0.19066
0.190166
0.193663
0.190079
0.193297
0.190131
0.190558
0.192166
0.189996
0.189848
0.191265
0.189385
0.19877
0.190157
0.190295
0.190121
0.189914
0.198375
0.190962
0.191271
0.189881
0.190352
0.197095
0.190011
0.189843
0.191494
0.190047
0.192455
0.190116
0.190746
0.191054
0.190224
0.19441
0.191091
0.189879
0.190829
0.191518
0.191055
0.193412
0.189962
0.196016
0.189628
0.19092
0.193428
0.191381
0.195738
0.1907
0.18983
0.192556
0.189705
0.197102
0.190763
0.190217
0.193043
0.189675
0.191048
0.190357
0.191073
0.192138
0.190907
0.190567
0.189997
0.190884
0.198824
0.190783
0.190558
0.19011
0.19109
0.198722
0.190807
0.190518
0.190611
0.190779
0.197839
0.189596
0.190369
0.190753
0.190797
0.193934
0.191018
0.190185
0.192293
0.19116
0.193719
0.190931
0.190446
0.196659
0.190007
0.190453
0.190533
0.191062
0.195783
0.1908
0.190621
0.191959
0.190343
0.189439
0.190228
0.190711
0.192813
0.190135
0.189037
0.190184
0.190804
0.199148
0.190088
0.190847
0.190441
0.190449
0.197273
0.190951
0.191258
0.19049
0.191191
0.1981
0.190566
0.189973
0.189173
0.191038
0.192059
0.190956
0.190942
0.192942
0.190672
0.193457
0.190662
0.190025
0.196156
0.190148
0.192982
0.189988
0.189201
0.196688
0.191247
0.191959
0.190108
0.189844
0.190089
0.189084
0.189686
0.192902
0.190376
0.191194
0.190254
0.190467
0.196628
0.190066
0.19031
0.19001
0.19074
0.198538
0.191232
0.18959
0.190359
0.190615
0.197148
0.189818
0.190738
0.190071
0.190859
0.192566
0.189749
0.190686
0.192303
0.19022
0.193013
0.190455
0.189663
0.196173
0.190628
0.193718
0.189687
0.191358
0.195639
0.190635
0.193438
0.190249
0.191104
0.19143
0.191062
0.192355
0.188791
0.190097
0.18905
0.190875
0.190696
0.197952
0.190921
0.1887
0.190214
0.189023
0.200288
0.189392
0.190303
0.190081
0.189762
0.191158
0.19101
0.190039
0.189779
0.19015
0.192468
0.190527
0.190664
0.195576
0.190291
0.19281
0.190647
0.190401
0.193006
0.188973
0.193793
0.190689
0.189239
0.195645
0.190571
0.19311
0.190141
0.189996
0.190968
0.190791
0.193523
0.191092
0.190557
0.190056
0.189868
0.191081
0.196947
0.190467
0.18992
0.190507
0.188227
0.197491
0.189465
0.188011
0.189464
0.189334
0.193592
0.191328
0.190243
0.190855
0.190188
0.193886
0.190821
0.191531
0.195586
0.189244
0.192312
0.190541
0.190972
0.194911
0.190181
0.193817
0.190005
0.190594
0.196184
0.191089
0.194364
0.190933
0.189201
0.191542
0.190336
0.191057
0.191309
0.190273
0.190597
0.189829
0.192959
0.196573
0.189347
0.190637
0.190531
0.192792
0.194854
0.190521
0.189665
0.18977
0.191797
0.198358
0.190922
0.190212
0.190227
0.190349
0.19332
0.18998
0.190875
0.194724
0.190478
0.192454
0.190454
0.191409
0.196414
0.189636
0.192025
0.188401
0.189897
0.196567
0.189964
0.192276
0.190506
0.190483
0.190373
0.190888
0.193352
0.189615
0.190809
0.188976
0.190457
0.19151
0.193907
0.189261
0.189803
0.190704
0.192733
0.196158
0.19096
0.190132
0.190963
0.191702
0.196265
0.189841
0.189995
0.190646
0.19064
0.192293
0.188784
0.190139
0.195332
0.190428
0.192868
0.190117
0.190616
0.195401
0.18976
0.191974
0.191845
0.190841
0.194825
0.190836
0.192912
0.191299
0.190963
0.191118
0.190968
0.193025
0.190364
0.189921
0.190638
0.190311
0.192335
0.195275
0.190484
0.190683
0.191254
0.192689
0.1955
0.190583
0.188743
0.189183
0.192995
0.196024
0.190996
0.18976
0.191617
0.192508
0.189817
0.190479
0.190307
0.190526
0.192966
0.190909
0.190326
0.190028
0.194461
0.190249
0.193739
0.191305
0.190905
0.196835
0.190846
0.192192
0.191581
0.19066
0.19347
0.191075
0.192005
0.191209
0.190631
0.195966
0.190124
0.192201
0.191201
0.191154
0.191779
0.190339
0.194142
0.191058
0.191142
0.190159
0.190417
0.193555
0.195728
0.189447
0.190377
0.190116
0.193069
0.196789
0.190199
0.189375
0.191361
0.192415
0.195024
0.190967
0.189948
0.189247
0.192932
0.190607
0.190837
0.190587
0.189104
0.193196
0.190737
0.191003
0.189073
0.196441
0.193075
0.190968
0.191425
0.190851
0.195831
0.193692
0.190797
0.190814
0.190404
0.196127
0.190364
0.19186
0.188119
0.190337
0.190511
0.191168
0.19286
0.196393
0.190936
0.189093
0.189981
0.192498
0.192381
0.191204
0.18965
0.189768
0.192431
0.196089
0.190698
0.190512
0.189867
0.193155
0.190241
0.189615
0.190171
0.193579
0.193376
0.19025
0.189906
0.189079
0.19532
0.193495
0.190991
0.189876
0.189901
0.195719
0.1925
0.191219
0.189664
0.190608
0.19042
0.190238
0.191331
0.191
0.190406
0.190431
0.190062
0.192432
0.195924
0.191174
0.189668
0.19018
0.193041
0.196882
0.190929
0.18987
0.191018
0.192292
0.196544
0.190714
0.189632
0.191111
0.193311
0.191028
0.190485
0.190586
0.189592
0.191742
0.189863
0.190455
0.191286
0.195428
0.194304
0.189626
0.190467
0.190878
0.194431
0.191695
0.191336
0.191345
0.19001
0.19009
0.19297
0.190419
0.191004
0.191162
0.189941
0.190112
0.192097
0.196178
0.188897
0.190343
0.189927
0.192503
0.196712
0.189573
0.189393
0.190067
0.193051
0.190859
0.190428
0.189993
0.189526
0.194338
0.189735
0.191093
0.189912
0.196662
0.193542
0.189413
0.190581
0.189586
0.195138
0.192725
0.189323
0.190328
0.190592
0.189973
0.192146
0.19068
0.190158
0.18968
0.191377
0.194435
0.190318
0.195934
0.190548
0.19173
0.192707
0.190743
0.194091
0.190904
0.189734
0.188765
0.192573
0.194581
0.190726
0.188432
0.190094
0.191628
0.189487
0.190575
0.189785
0.196172
0.193148
0.190999
0.189741
0.190537
0.195374
0.191473
0.189719
0.190098
0.190468
0.195157
0.192333
0.191088
0.190787
0.191488
0.190397
0.193158
0.190504
0.191344
0.189065
0.189184
0.193057
0.190276
0.195905
0.189424
0.190305
0.19328
0.189895
0.196698
0.189443
0.190833
0.191938
0.191478
0.190654
0.190833
0.191086
0.19037
0.193451
0.189677
0.190214
0.189884
0.195568
0.194168
0.190921
0.190019
0.19145
0.195491
0.192704
0.190038
0.191555
0.191249
0.195564
0.194139
0.190088
0.205911
0.19047
0.196006
0.193285
0.190979
0.191226
0.190853
0.191108
0.191645
0.191789
0.191277
0.190963
0.190597
0.193182
0.191011
0.195429
0.191248
0.190549
0.193712
0.190714
0.197345
0.190049
0.191251
0.192916
0.19013
0.195753
0.191013
0.190016
0.193959
0.190219
0.191286
0.18984
0.19047
0.197146
0.189561
0.190687
0.190503
0.19077
0.196572
0.193515
0.190266
0.190526
0.191042
0.196934
0.192437
0.190238
0.191055
0.191153
0.195545
0.193515
0.191453
0.191393
0.188947
0.191108
0.192842
0.190573
0.195582
0.19049
0.189518
0.192187
0.189183
0.196371
0.191433
0.19001
0.193259
0.189389
0.196116
0.191174
0.190918
0.193049
0.190678
0.190237
0.189752
0.189117
0.193752
0.189086
0.191809
0.189129
0.189625
0.198166
0.189221
0.188731
0.189443
0.189929
0.196119
0.192931
0.190858
0.190732
0.189818
0.189868
0.191373
0.190486
0.191601
0.191687
0.190714
0.192112
0.189126
0.195055
0.189983
0.190808
0.192484
0.189205
0.194682
0.190097
0.190418
0.191978
0.189607
0.190908
0.190763
0.188695
0.193577
0.190315
0.190286
0.191473
0.19142
0.19899
0.189952
0.189849
0.190427
0.18953
0.19728
0.189957
0.189848
0.191301
0.190403
0.197097
0.190899
0.190705
0.190071
0.190427
0.19057
0.19305
0.189602
0.194465
0.190971
0.190065
0.19241
0.189968
0.195012
0.191014
0.190405
0.193041
0.190672
0.196321
0.189689
0.19054
0.193709
0.188924
0.189934
0.189982
0.190342
0.193242
0.189804
0.191195
0.190018
0.190795
0.19875
0.190582
0.191509
0.191715
0.189793
0.198188
0.190031
0.189465
0.191291
0.191616
0.199219
0.190641
0.189806
0.190388
0.190082
0.192402
0.191171
0.191421
0.190984
0.190148
0.190462
0.192457
0.190139
0.196509
0.190347
0.190937
0.191594
0.18895
0.19643
0.189864
0.191037
0.192423
0.190591
0.190205
0.189094
0.190878
0.193889
0.19107
0.19055
0.191423
0.190329
0.199157
0.189358
0.190197
0.190081
0.190765
0.196524
0.190312
0.189836
0.19118
0.190566
0.199012
0.189005
0.190706
0.190205
0.189687
0.193542
0.190258
0.18894
0.195152
0.189664
0.189888
0.189849
0.188785
0.194903
0.190478
0.190124
0.194116
0.190858
0.196298
0.190544
0.189319
0.192402
0.19028
0.191359
0.19083
0.190161
0.192977
0.188796
0.189175
0.190645
0.189488
0.199022
0.190759
0.189026
0.190142
0.189818
0.199741
0.190718
0.19103
0.190227
0.189847
0.194978
0.190487
0.190278
0.189392
0.190568
0.193843
0.191857
0.189765
0.195123
0.190738
0.191983
0.19139
0.189723
0.19534
0.188593
0.191101
0.192541
0.191045
0.194872
0.190816
0.189726
0.193262
0.190705
0.191191
0.190379
0.19023
0.195482
0.18847
0.189993
0.19042
0.189288
0.197775
0.190717
0.190662
0.190168
0.189782
0.198336
0.189974
0.189765
0.19121
0.189409
0.19167
0.189112
0.190586
0.192327
0.189859
0.192979
0.191346
0.190663
0.196501
0.190921
0.193224
0.190421
0.190034
0.195741
0.1896
0.193819
0.189819
0.19029
0.191153
0.190191
0.191106
0.19183
0.191186
0.189205
0.188987
0.189902
0.196651
0.189956
0.191301
0.190829
0.190784
0.196534
0.189614
0.190157
0.189996
0.19021
0.197622
0.19109
0.190856
0.189772
0.189878
0.191882
0.189805
0.190607
0.196228
0.190455
0.193773
0.190306
0.190284
0.196121
0.191379
0.193596
0.190128
0.189773
0.196384
0.190466
0.193127
0.191442
0.189856
0.190167
0.190379
0.192387
0.191154
0.18943
0.18977
0.189788
0.190616
0.197473
0.190835
0.190113
0.190662
0.190413
0.197651
0.190981
0.19058
0.189439
0.190626
0.198624
0.19039
0.191087
0.190694
0.190102
0.192444
0.190954
0.189122
0.193993
0.190575
0.192994
0.190541
0.197176
0.195407
0.190822
0.19246
0.191125
0.190146
0.196707
0.190064
0.193754
0.190416
0.189269
0.191017
0.189951
0.193021
0.190176
0.190164
0.188306
0.190489
0.191919
0.196329
0.190327
0.190311
0.190215
0.190502
0.194842
0.19023
0.19064
0.190468
0.190757
0.196585
0.190481
0.190827
0.190461
0.190348
0.192357
0.190656
0.189793
0.196572
0.19007
0.192728
0.190019
0.190993
0.195186
0.189427
0.193072
0.190429
0.190092
0.195883
0.189046
0.192537
0.190105
0.191021
0.19074
0.190711
0.192797
0.190537
0.19065
0.191103
0.189372
0.192254
0.195394
0.189502
0.189462
0.189457
0.191884
0.195933
0.191382
0.189275
0.190682
0.189295
0.191274
0.191203
0.190255
0.190452
0.191435
0.19324
0.190304
0.190274
0.194961
0.190467
0.193443
0.189574
0.190844
0.196856
0.189734
0.193713
0.191284
0.191497
0.197395
0.191417
0.193588
0.191071
0.189458
0.191917
0.189638
0.192934
0.190482
0.191372
0.191045
0.190166
0.193598
0.196969
0.190457
0.189927
0.190157
0.192832
0.195503
0.191617
0.19052
0.190698
0.194172
0.195865
0.191567
0.190992
0.190618
0.19268
0.190835
0.19123
0.190659
0.190757
0.191859
0.190089
0.190976
0.189807
0.197065
0.18969
0.192428
0.18956
0.191253
0.196808
0.188858
0.190195
0.187659
0.189992
0.189557
0.189358
0.192817
0.190146
0.189453
0.190521
0.190133
0.191934
0.195512
0.189152
0.189517
0.189857
0.192011
0.194211
0.190574
0.190026
0.189692
0.193588
0.19659
0.19153
0.190137
0.190879
0.192256
0.188758
0.191761
0.189573
0.1936
0.192506
0.191169
0.190285
0.191618
0.194728
0.18998
0.190319
0.189347
0.189624
0.196924
0.189567
0.192002
0.189391
0.190912
0.190275
0.189337
0.192578
0.190706
0.189616
0.191049
0.190307
0.192072
0.194589
0.190585
0.190686
0.188276
0.193304
0.194743
0.190313
0.19009
0.189922
0.192549
0.189756
0.190757
0.189232
0.190526
0.193537
0.190489
0.190193
0.190645
0.194807
0.192406
0.190789
0.189762
0.191345
0.196591
0.191181
0.190067
0.190581
0.189823
0.195316
0.190807
0.190723
0.190673
0.191412
0.190651
0.190487
0.192655
0.193242
0.189749
0.190073
0.190746
0.193539
0.196115
0.18937
0.189698
0.190559
0.193075
0.196452
0.191519
0.191445
0.189938
0.193567
0.195442
0.190483
0.190721
0.191389
0.192992
0.18977
0.189319
0.189627
0.196535
0.192569
0.191128
0.190519
0.1906
0.194499
0.19318
0.190855
0.190976
0.190435
0.194903
0.193156
0.190672
0.189512
0.190192
0.189864
0.192439
0.188467
0.189265
0.190798
0.190384
0.190646
0.192741
0.196879
0.18969
0.1904
0.191377
0.193183
0.195224
0.18983
0.19136
0.189723
0.190529
0.193536
0.190826
0.188601
0.190397
0.192311
0.189647
0.189175
0.190254
0.197395
0.191903
0.189282
0.190116
0.190913
0.195979
0.192401
0.191123
0.189062
0.189562
0.196207
0.192354
0.189056
0.19065
0.190753
0.18975
0.192574
0.191404
0.189675
0.190855
0.190009
0.188864
0.188765
0.196166
0.189751
0.189549
0.190174
0.192396
0.194319
0.190362
0.190179
0.190303
0.193463
0.190702
0.189957
0.189211
0.190245
0.192456
0.190299
0.190425
0.190818
0.195618
0.19328
0.190202
0.19096
0.190046
0.194204
0.192833
0.189911
0.190604
0.189593
0.196536
0.193645
0.190503
0.190778
0.188764
0.190954
0.192794
0.189939
0.190804
0.190929
0.189943
0.193456
0.189591
0.19568
0.189269
0.190941
0.191812
0.189801
0.195563
0.18998
0.189386
0.189937
0.193433
0.189425
0.189505
0.190106
0.191049
0.192722
0.190274
0.190791
0.190997
0.195595
0.193054
0.191184
0.190696
0.190179
0.195096
0.193532
0.190162
0.190643
0.190583
0.196522
0.191993
0.190197
0.191539
0.189917
0.189614
0.192628
0.190262
0.193267
0.190794
0.191301
0.191757
0.190213
0.196435
0.190082
0.190581
0.193437
0.190488
0.195987
0.189769
0.190848
0.193711
0.191736
0.195763
0.189826
0.190433
0.192987
0.189642
0.190887
0.189432
0.191379
0.194898
0.193144
0.191312
0.190834
0.190779
0.196597
0.193551
0.190395
0.191414
0.190108
0.196185
0.194284
0.190413
0.191356
0.190399
0.196071
0.193731
0.18971
0.190695
0.191171
0.191201
0.19348
0.190136
0.190368
0.190516
0.190136
0.19275
0.190618
0.19495
0.190721
0.190437
0.192306
0.191113
0.196209
0.190529
0.191195
0.192871
0.190696
0.197612
0.190129
0.189781
0.193378
0.190536
0.19086
0.191251
0.189568
0.194763
0.190657
0.189738
0.190263
0.189988
0.195755
0.193561
0.191401
0.191356
0.191544
0.195871
0.192731
0.189901
0.190391
0.189548
0.196258
0.193894
0.190143
0.189757
0.190598
0.191288
0.192494
0.190714
0.19244
0.189292
0.189362
0.193795
0.190368
0.195807
0.189979
0.191652
0.192209
0.190887
0.195803
0.190725
0.191106
0.193554
0.190659
0.194773
0.191106
0.190753
0.194853
0.191098
0.191203
0.190234
0.190945
0.193204
0.190367
0.19117
0.192253
0.191059
0.198173
0.190549
0.191057
0.190579
0.190636
0.199319
0.189505
0.19081
0.190517
0.190284
0.196379
0.192122
0.189155
0.190265
0.190627
0.19196
0.193394
0.190964
0.191148
0.191539
0.191722
0.19342
0.189894
0.197117
0.19056
0.190104
0.193511
0.190054
0.196948
0.189852
0.190573
0.192324
0.189541
0.196437
0.190059
0.190482
0.19351
0.189551
0.191986
0.192607
0.190099
0.192713
0.190505
0.191776
0.189941
0.189308
0.197011
0.190569
0.191588
0.191011
0.19005
0.198453
0.190228
0.190684
0.190973
0.189449
0.200685
0.19032
0.190729
0.190604
0.189978
0.198419
0.191487
0.191655
0.190592
0.190108
0.192515
0.190638
0.189703
0.192183
0.191304
0.189735
0.193146
0.191195
0.19633
0.190975
0.191314
0.192572
0.190608
0.196446
0.191031
0.190291
0.192597
0.191487
0.190094
0.191122
0.19016
0.192856
0.190923
0.190705
0.189254
0.190938
0.199007
0.190393
0.188734
0.190711
0.189995
0.197445
0.189992
0.190327
0.190278
0.190309
0.198574
0.190175
0.190983
0.189004
0.189844
0.194072
0.18986
0.190017
0.191782
0.19065
0.191345
0.189016
0.189543
0.194657
0.190458
0.190702
0.194211
0.191316
0.19593
0.190477
0.190651
0.193335
0.190882
0.195277
0.190291
0.190981
0.193998
0.190349
0.190468
0.190777
0.189828
0.195395
0.189616
0.190759
0.190254
0.190053
0.198542
0.189245
0.19139
0.190346
0.190439
0.200147
0.190604
0.190915
0.190254
0.190572
0.198742
0.191349
0.190594
0.190652
0.19159
0.193256
0.191706
0.191002
0.19619
0.190825
0.173781
0.17804
0.178658
0.174885
0.173588
0.174636
0.173685
0.177204
0.178183
0.177405
0.174016
0.174071
0.173331
0.174311
0.17324
0.179518
0.176355
0.175015
0.173428
0.173549
0.174177
0.175991
0.175648
0.180902
0.173283
0.174518
0.174119
0.175502
0.173898
0.184891
0.177008
0.174248
0.172501
0.175996
0.179323
0.177766
0.17413
0.174367
0.173519
0.174788
0.174293
0.174127
0.177294
0.175229
0.17642
0.174707
0.173963
0.174007
0.173915
0.174542
0.179724
0.176675
0.173716
0.174369
0.173162
0.174584
0.173858
0.179465
0.177115
0.173986
0.176827
0.174015
0.17432
0.17579
0.174479
0.178541
0.174619
0.177367
0.174371
0.176927
0.178575
0.174488
0.179221
0.175449
0.177075
0.174436
0.174428
0.174129
0.17552
0.173446
0.179671
0.175932
0.174015
0.176737
0.175235
0.177417
0.174368
0.181187
0.174872
0.174271
0.192741
0.173739
0.173515
0.175995
0.177985
0.179213
0.176791
0.176677
0.174385
0.175362
0.174187
0.174892
0.175145
0.178829
0.178893
0.173394
0.178003
0.174883
0.175168
0.174956
0.174149
0.171755
0.179349
0.178607
0.174521
0.176897
0.17374
0.176247
0.197
0.179482
0.175445
0.174608
0.175332
0.17392
0.178032
0.173718
0.188947
0.179373
0.175059
0.174311
0.174209
0.176497
0.174029
0.177362
0.17494
0.17735
0.191435
0.179859
0.180392
0.17463
0.177007
0.198391
0.190072
0.190232
0.190558
0.192728
0.196224
0.190493
0.190293
0.190126
0.193108
0.191304
0.190561
0.191736
0.190747
0.193515
0.190777
0.189024
0.191666
0.190399
0.192917
0.18996
0.190552
0.190231
0.196554
0.192953
0.190884
0.190672
0.189155
0.195872
0.193157
0.190476
0.190112
0.190581
0.194662
0.192627
0.189395
0.190042
0.190681
0.19027
0.191177
0.193127
0.192571
0.18978
0.189498
0.189602
0.193862
0.196164
0.190294
0.189213
0.193593
0.192769
0.195452
0.190373
0.190572
0.189881
0.191983
0.194994
0.191287
0.190635
0.189428
0.19242
0.190702
0.190317
0.189836
0.196025
0.192227
0.190748
0.190854
0.190755
0.196451
0.193393
0.189938
0.190213
0.191234
0.195375
0.192866
0.19111
0.190875
0.189751
0.195126
0.193073
0.190075
0.190613
0.189147
0.189593
0.192011
0.190354
0.190502
0.191027
0.189144
0.190479
0.193216
0.196441
0.191141
0.190995
0.189342
0.191503
0.195529
0.190436
0.189894
0.190176
0.193528
0.195697
0.190288
0.190595
0.191231
0.192976
0.190181
0.190853
0.190716
0.191202
0.193692
0.189657
0.18984
0.190649
0.195711
0.19208
0.190332
0.1901
0.191048
0.195951
0.192505
0.191175
0.190617
0.190447
0.196077
0.193189
0.187472
0.190823
0.189379
0.19595
0.193418
0.189545
0.190904
0.190352
0.190282
0.193799
0.190484
0.189237
0.190137
0.189545
0.193093
0.190061
0.195718
0.190314
0.189302
0.193824
0.1908
0.197137
0.188526
0.189524
0.193088
0.19068
0.196168
0.191048
0.189839
0.191746
0.188689
0.195048
0.191245
0.189617
0.189839
0.189121
0.195245
0.189526
0.189103
0.188745
0.18897
0.196727
0.190082
0.190562
0.190204
0.19282
0.19651
0.189256
0.190624
0.189704
0.192758
0.192045
0.190224
0.189181
0.190586
0.190966
0.19052
0.190358
0.189579
0.191931
0.192891
0.189377
0.190334
0.190293
0.19665
0.193785
0.190697
0.189409
0.191295
0.197221
0.192953
0.190156
0.19089
0.189149
0.19629
0.193335
0.190914
0.19025
0.190105
0.19558
0.193022
0.190271
0.190566
0.190698
0.195766
0.192917
0.189795
0.190211
0.18968
0.190727
0.192994
0.190669
0.190869
0.190154
0.189128
0.19229
0.191055
0.197043
0.191094
0.191205
0.191175
0.190127
0.196081
0.189927
0.189715
0.191735
0.19049
0.196606
0.189662
0.190256
0.193704
0.191086
0.195361
0.188984
0.188582
0.192447
0.190376
0.190752
0.190257
0.19107
0.192978
0.191655
0.190575
0.19113
0.189239
0.195146
0.190502
0.190167
0.189318
0.191176
0.196352
0.193866
0.18913
0.191174
0.190412
0.196688
0.193594
0.190427
0.190989
0.189988
0.196911
0.193319
0.191461
0.189478
0.191211
0.191599
0.191996
0.189226
0.190932
0.189627
0.191383
0.193041
0.190152
0.195821
0.189491
0.191561
0.193094
0.190039
0.195665
0.189394
0.190385
0.193932
0.188568
0.19571
0.189709
0.189396
0.19256
0.189335
0.189788
0.191128
0.190373
0.198416
0.18934
0.190279
0.190173
0.190959
0.199026
0.19063
0.189644
0.190248
0.18967
0.195941
0.192415
0.191655
0.190429
0.191374
0.195798
0.192471
0.189913
0.190405
0.190701
0.190547
0.192933
0.18953
0.195874
0.191049
0.189977
0.192674
0.191186
0.195323
0.190492
0.19137
0.196431
0.190535
0.196402
0.190576
0.190889
0.192543
0.191726
0.194789
0.18908
0.189733
0.192914
0.189229
0.191236
0.191564
0.190661
0.191908
0.191022
0.189273
0.19006
0.190055
0.198755
0.190334
0.190898
0.189969
0.190436
0.197743
0.190928
0.190508
0.189429
0.191319
0.198069
0.190017
0.19021
0.190152
0.190428
0.1983
0.190735
0.190319
0.190413
0.191604
0.190954
0.190758
0.189885
0.191712
0.190965
0.189396
0.192355
0.188982
0.195499
0.189208
0.190937
0.193025
0.190208
0.195216
0.190286
0.18978
0.191726
0.191162
0.191242
0.190886
0.190892
0.193803
0.189332
0.19013
0.190851
0.190149
0.198938
0.189269
0.189218
0.190757
0.190182
0.196326
0.190807
0.190357
0.190006
0.190373
0.193866
0.189846
0.188559
0.191246
0.190334
0.192349
0.189213
0.191298
0.194575
0.189175
0.191277
0.190609
0.191092
0.191791
0.19052
0.191306
0.21675
0.191042
0.190696
0.19047
0.193618
0.191684
0.189468
0.196779
0.191563
0.194051
0.19078
0.189025
0.19427
0.190023
0.193321
0.191097
0.190904
0.195769
0.19093
0.191253
0.191472
0.190596
0.196497
0.191839
0.193322
0.18908
0.191983
0.196871
0.189427
0.194455
0.191258
0.19217
0.19691
0.191694
0.194245
0.19046
0.190255
0.197155
0.191206
0.193125
0.191368
0.191323
0.197059
0.191876
0.192444
0.190152
0.1907
0.195765
0.19154
0.191497
0.193395
0.191905
0.196497
0.191645
0.191427
0.192433
0.189737
0.191787
0.191465
0.192338
0.192211
0.190142
0.199736
0.192523
0.192111
0.193316
0.191914
0.192697
0.191671
0.191977
0.193503
0.191493
0.191125
0.190879
0.190806
0.200544
0.190994
0.19159
0.190344
0.191766
0.199236
0.191643
0.190332
0.191863
0.191355
0.199204
0.191696
0.190973
0.18993
0.190465
0.199049
0.19046
0.191278
0.191176
0.190669
0.197284
0.191284
0.190147
0.190136
0.190654
0.19229
0.191107
0.190152
0.196558
0.190731
0.193882
0.18972
0.190805
0.196704
0.191059
0.193095
0.190105
0.19121
0.195372
0.189693
0.194466
0.191382
0.19069
0.196722
0.191259
0.193035
0.190945
0.190805
0.192319
0.190094
0.192612
0.191988
0.189434
0.190732
0.19104
0.191317
0.198673
0.19063
0.190497
0.189759
0.190971
0.198111
0.190577
0.191095
0.190396
0.190618
0.197677
0.19172
0.19025
0.191175
0.190675
0.193367
0.191232
0.190632
0.194034
0.190489
0.194024
0.19168
0.189855
0.194694
0.189045
0.194154
0.191098
0.189927
0.196477
0.190386
0.192933
0.190342
0.190785
0.190887
0.19144
0.194122
0.19095
0.190197
0.189862
0.190509
0.193543
0.196394
0.19118
0.191176
0.191861
0.19161
0.197109
0.191434
0.191169
0.191386
0.190813
0.19737
0.189702
0.190333
0.190758
0.190908
0.193886
0.190395
0.190147
0.190325
0.190087
0.193962
0.191761
0.190185
0.196012
0.190828
0.19389
0.190423
0.191361
0.196535
0.190227
0.193459
0.1913
0.190366
0.190768
0.191322
0.192578
0.189806
0.19111
0.191234
0.190624
0.191867
0.196076
0.190509
0.19099
0.190802
0.193635
0.194598
0.188556
0.191689
0.190478
0.192877
0.196335
0.19129
0.188848
0.18961
0.190229
0.191989
0.191386
0.19061
0.195974
0.190378
0.192521
0.191028
0.191116
0.196306
0.189808
0.193701
0.188891
0.190151
0.196513
0.191245
0.192698
0.190628
0.190824
0.190759
0.190438
0.192747
0.190478
0.191928
0.192613
0.189879
0.192956
0.195027
0.190402
0.191929
0.191197
0.196
0.196898
0.190164
0.190401
0.189947
0.193139
0.197153
0.191233
0.190632
0.191408
0.191704
0.191127
0.190866
0.191466
0.191587
0.19073
0.192929
0.191245
0.192084
0.195867
0.191847
0.193967
0.190088
0.19221
0.195416
0.191064
0.19388
0.191184
0.190385
0.194804
0.191013
0.19293
0.190987
0.191872
0.192146
0.19046
0.193052
0.191018
0.190767
0.191839
0.191986
0.191738
0.195885
0.1901
0.190033
0.191222
0.193405
0.196733
0.190583
0.191074
0.189926
0.193782
0.197943
0.191795
0.191507
0.191828
0.192174
0.196465
0.18988
0.192278
0.190652
0.192775
0.191384
0.190631
0.191313
0.195441
0.193469
0.191667
0.191515
0.191007
0.196757
0.19373
0.191129
0.191195
0.19083
0.196294
0.191805
0.193196
0.191258
0.191308
0.194672
0.19051
0.19395
0.190355
0.191901
0.191698
0.19108
0.191687
0.190875
0.191155
0.190877
0.192394
0.19261
0.197021
0.191327
0.191528
0.191524
0.19362
0.196037
0.190831
0.191397
0.191431
0.192906
0.196732
0.190393
0.189471
0.191242
0.194274
0.195939
0.190601
0.191151
0.191505
0.193008
0.196105
0.191113
0.190863
0.191109
0.19257
0.19062
0.190765
0.190387
0.191986
0.191998
0.191591
0.190781
0.191632
0.196047
0.193715
0.191118
0.191235
0.191653
0.196477
0.193734
0.191218
0.191276
0.190499
0.195733
0.193042
0.191198
0.192287
0.191764
0.191184
0.191128
0.192817
0.191381
0.189601
0.190364
0.190641
0.193782
0.195655
0.19072
0.189898
0.191832
0.193381
0.19568
0.190491
0.190797
0.191042
0.193901
0.195974
0.191445
0.190969
0.190374
0.192437
0.194383
0.191351
0.19109
0.191118
0.194021
0.191889
0.190481
0.191596
0.191394
0.1941
0.190701
0.191471
0.19109
0.195018
0.194239
0.190445
0.191655
0.191799
0.196903
0.194285
0.191466
0.191538
0.189977
0.196447
0.193477
0.189976
0.191484
0.191672
0.19303
0.193129
0.191674
0.190529
0.190864
0.197939
0.195448
0.192542
0.191278
0.191226
0.195349
0.192863
0.191653
0.19168
0.189428
0.190449
0.194745
0.191308
0.191358
0.191688
0.19122
0.192479
0.191124
0.191913
0.190914
0.191265
0.192708
0.190897
0.195426
0.191187
0.191399
0.189973
0.192531
0.195853
0.191772
0.191821
0.191765
0.193549
0.196377
0.190506
0.19059
0.190921
0.193953
0.196007
0.190772
0.191304
0.191918
0.193493
0.192097
0.191118
0.190678
0.191807
0.194435
0.19149
0.191718
0.191017
0.193313
0.192561
0.18991
0.191531
0.190598
0.197292
0.193773
0.19159
0.191414
0.190165
0.195089
0.191541
0.190863
0.191913
0.190699
0.197295
0.19415
0.190617
0.191747
0.1915
0.191384
0.192733
0.190029
0.190979
0.191015
0.192151
0.19347
0.192004
0.195782
0.190067
0.190751
0.192436
0.190663
0.19446
0.19008
0.19103
0.194166
0.191183
0.195783
0.19083
0.190902
0.190076
0.193384
0.192386
0.190858
0.191152
0.190409
0.192324
0.190532
0.190735
0.19154
0.197137
0.194054
0.189585
0.190951
0.190428
0.197393
0.193049
0.190865
0.191596
0.190166
0.195306
0.19349
0.191532
0.191701
0.190601
0.190549
0.194267
0.190407
0.191493
0.190228
0.191598
0.193013
0.190534
0.195921
0.191003
0.190105
0.193346
0.191193
0.196369
0.191253
0.190342
0.192643
0.191311
0.196252
0.189469
0.190713
0.193123
0.190931
0.191191
0.189799
0.191571
0.193827
0.191702
0.191011
0.192026
0.190332
0.19575
0.192161
0.190644
0.191359
0.191439
0.196493
0.192663
0.191046
0.190861
0.190181
0.196817
0.191955
0.191413
0.191062
0.191216
0.195748
0.194184
0.191228
0.190495
0.190639
0.191818
0.195706
0.192124
0.199307
0.192601
0.191985
0.19593
0.193565
0.198831
0.192208
0.19322
0.201196
0.19369
0.198971
0.192533
0.192231
0.200718
0.191696
0.198377
0.191948
0.193013
0.199937
0.19356
0.19789
0.192688
0.192912
0.201844
0.193127
0.195695
0.192176
0.19275
0.201443
0.193781
0.198567
0.191936
0.191471
0.202689
0.192593
0.198685
0.193433
0.192569
0.202148
0.192899
0.196538
0.192973
0.192675
0.202041
0.193312
0.197669
0.192695
0.192172
0.201485
0.19296
0.198231
0.192208
0.192558
0.201869
0.192354
0.196633
0.192636
0.192727
0.200771
0.192537
0.198388
0.192343
0.191101
0.20234
0.193792
0.198766
0.192102
0.192372
0.201997
0.192101
0.197062
0.19307
0.192122
0.202295
0.193234
0.198117
0.192933
0.192516
0.20246
0.192443
0.198262
0.191086
0.192465
0.202993
0.192619
0.196863
0.191496
0.191711
0.201575
0.19305
0.198207
0.191388
0.192083
0.202752
0.193305
0.198054
0.191397
0.191283
0.200489
0.191722
0.19572
0.193296
0.193399
0.201682
0.192763
0.198541
0.190937
0.191379
0.201526
0.191967
0.193434
0.197129
0.193113
0.200876
0.192263
0.192351
0.197479
0.192316
0.199547
0.192652
0.193099
0.199508
0.190587
0.199098
0.192356
0.193199
0.197102
0.191427
0.196838
0.192013
0.190909
0.194019
0.192079
0.199677
0.191294
0.190295
0.192821
0.192222
0.198029
0.190487
0.191802
0.193328
0.190486
0.196117
0.191301
0.189969
0.192919
0.191504
0.191376
0.19603
0.191637
0.19619
0.190874
0.192227
0.196661
0.191124
0.197216
0.191909
0.191662
0.196151
0.191214
0.196358
0.190519
0.191111
0.199805
0.192495
0.199102
0.191772
0.192642
0.200908
0.192168
0.198882
0.191084
0.192756
0.202023
0.191932
0.197634
0.193209
0.19213
0.201519
0.191915
0.198525
0.192278
0.193995
0.200769
0.191461
0.191989
0.190892
0.192914
0.20234
0.191876
0.192589
0.198637
0.193152
0.201703
0.192023
0.192422
0.197328
0.191815
0.201563
0.192677
0.190986
0.197762
0.191342
0.202055
0.191627
0.193185
0.199108
0.192693
0.199655
0.191915
0.191807
0.19771
0.19317
0.200373
0.191646
0.193144
0.197413
0.193818
0.200972
0.192278
0.192578
0.198331
0.191702
0.201914
0.193345
0.191946
0.199151
0.192475
0.201336
0.191956
0.192055
0.20046
0.193008
0.201203
0.191354
0.193101
0.199039
0.192106
0.202684
0.192025
0.192146
0.19823
0.192449
0.202185
0.19273
0.193599
0.198659
0.192708
0.201273
0.193095
0.193531
0.199494
0.19296
0.202571
0.192462
0.19242
0.196753
0.192723
0.202991
0.193286
0.192132
0.19889
0.192443
0.202622
0.192584
0.192051
0.198751
0.191309
0.201497
0.191839
0.192293
0.19781
0.192686
0.201631
0.192394
0.193261
0.198101
0.192046
0.203189
0.192555
0.1928
0.198834
0.192777
0.203158
0.192914
0.192519
0.198276
0.192635
0.202571
0.193178
0.191732
0.198087
0.192482
0.202375
0.192614
0.192385
0.198679
0.192833
0.195624
0.192746
0.191862
0.198354
0.193113
0.196561
0.197923
0.192758
0.198425
0.193382
0.195948
0.198628
0.192259
0.198187
0.192918
0.196758
0.196711
0.193423
0.197043
0.192278
0.195166
0.198878
0.19348
0.197827
0.192645
0.194821
0.198372
0.192174
0.197497
0.19232
0.195273
0.198661
0.192401
0.198298
0.192374
0.195168
0.197512
0.192725
0.198065
0.192904
0.194696
0.199077
0.192897
0.19603
0.19243
0.195338
0.198843
0.191824
0.201132
0.19125
0.192167
0.192083
0.191224
0.19102
0.191522
0.193292
0.190448
0.190436
0.192078
0.191631
0.192653
0.195362
0.190293
0.189976
0.190905
0.195537
0.196197
0.189897
0.190271
0.190729
0.190576
0.19676
0.190582
0.190064
0.191297
0.190826
0.193202
0.190667
0.190571
0.191155
0.190339
0.193156
0.19
0.189518
0.195777
0.189525
0.193652
0.191699
0.191587
0.195524
0.19027
0.193178
0.191892
0.190683
0.194779
0.189622
0.193548
0.191454
0.190464
0.189565
0.19132
0.192355
0.195057
0.191092
0.190773
0.19028
0.193046
0.195744
0.189743
0.19032
0.189476
0.19293
0.194581
0.191807
0.190337
0.190061
0.192666
0.190618
0.189865
0.191022
0.191911
0.189812
0.194057
0.19043
0.192075
0.195688
0.190295
0.193142
0.191877
0.191134
0.19501
0.19112
0.193843
0.190171
0.190932
0.19607
0.191148
0.192892
0.190589
0.191079
0.19073
0.190581
0.192613
0.191024
0.191354
0.191772
0.189861
0.192683
0.194517
0.191505
0.190191
0.191189
0.194144
0.195988
0.191079
0.191485
0.190449
0.192256
0.195243
0.190877
0.191283
0.190519
0.192828
0.190425
0.18873
0.190453
0.194067
0.191293
0.19456
0.189986
0.190103
0.195055
0.19113
0.192234
0.19032
0.1911
0.195089
0.190768
0.192852
0.190187
0.191048
0.189872
0.191076
0.193113
0.190211
0.189927
0.191315
0.190609
0.192986
0.194796
0.191255
0.189832
0.190995
0.193086
0.194569
0.191036
0.189596
0.190119
0.192561
0.191241
0.189773
0.191397
0.190286
0.193966
0.190268
0.190136
0.190211
0.193998
0.193731
0.190161
0.18892
0.191305
0.195396
0.1909
0.19217
0.190628
0.190068
0.194034
0.190108
0.193464
0.189648
0.191702
0.189485
0.189762
0.192384
0.193685
0.191296
0.190907
0.190791
0.191644
0.195326
0.189897
0.190758
0.190266
0.192755
0.195809
0.191011
0.191055
0.190896
0.192726
0.189939
0.190079
0.190582
0.191362
0.192455
0.190427
0.190473
0.191097
0.194485
0.191881
0.192019
0.190196
0.190281
0.194459
0.191959
0.188711
0.191268
0.190615
0.191021
0.189774
0.193532
0.189705
0.191029
0.190516
0.189849
0.191436
0.195738
0.191022
0.189872
0.190644
0.193218
0.195628
0.191017
0.19124
0.190263
0.192677
0.190564
0.190114
0.191452
0.189731
0.193889
0.191806
0.190428
0.190548
0.194722
0.192215
0.190311
0.190025
0.190774
0.195754
0.19317
0.190862
0.19142
0.18989
0.194159
0.192208
0.190359
0.190032
0.190659
0.190903
0.191411
0.19133
0.191826
0.192275
0.191655
0.190371
0.193505
0.194371
0.190893
0.190051
0.190345
0.194013
0.196016
0.190863
0.19156
0.191888
0.192579
0.192849
0.190703
0.191804
0.191698
0.194522
0.190001
0.190675
0.189833
0.194232
0.193058
0.190706
0.192303
0.191283
0.195063
0.194893
0.190854
0.192075
0.19109
0.194402
0.19452
0.190299
0.190773
0.190524
0.195056
0.194627
0.190631
0.19017
0.188825
0.191619
0.19308
0.190553
0.195322
0.189201
0.190499
0.192333
0.190062
0.194974
0.190753
0.189532
0.189463
0.192053
0.193969
0.18814
0.190426
0.190185
0.193003
0.190335
0.190982
0.189884
0.192525
0.193462
0.191752
0.19034
0.189445
0.195796
0.194122
0.190255
0.189172
0.190827
0.193857
0.194316
0.190775
0.190764
0.190834
0.191505
0.193953
0.19072
0.190955
0.189613
0.19107
0.193045
0.190305
0.19558
0.189037
0.191031
0.192731
0.18999
0.194191
0.190109
0.190737
0.189166
0.192955
0.194392
0.190328
0.190675
0.190232
0.193916
0.189956
0.190935
0.190037
0.196612
0.192341
0.189981
0.190031
0.189223
0.195122
0.193571
0.189763
0.190525
0.189608
0.193459
0.19389
0.190939
0.190194
0.189726
0.190934
0.194095
0.1909
0.191156
0.19163
0.191369
0.193451
0.191303
0.194115
0.19067
0.192202
0.194071
0.190655
0.193984
0.19164
0.189866
0.193639
0.190521
0.194922
0.190358
0.189683
0.192758
0.190527
0.19013
0.19008
0.190979
0.19603
0.192177
0.190655
0.190679
0.189721
0.194694
0.193047
0.19099
0.190102
0.189826
0.19434
0.19214
0.189851
0.188784
0.18967
0.190157
0.193517
0.190212
0.192137
0.18946
0.189317
0.193313
0.190774
0.195968
0.191331
0.190229
0.193999
0.191907
0.193689
0.190067
0.189611
0.192829
0.190103
0.190279
0.189755
0.190956
0.192979
0.191105
0.191699
0.190804
0.189549
0.193377
0.192923
0.189652
0.191181
0.190265
0.195851
0.19381
0.190085
0.190302
0.190929
0.190859
0.19392
0.190435
0.190396
0.190447
0.190573
0.194312
0.191379
0.196714
0.192258
0.190675
0.193061
0.190187
0.195751
0.190488
0.190517
0.194294
0.190852
0.194443
0.190907
0.190149
0.193025
0.19103
0.189915
0.191655
0.191672
0.193455
0.190314
0.190866
0.189103
0.190279
0.196183
0.189709
0.188585
0.190781
0.190219
0.195687
0.192533
0.189638
0.190603
0.190423
0.189355
0.190269
0.190095
0.191415
0.191002
0.189763
0.193886
0.188172
0.193043
0.188834
0.19027
0.192071
0.190078
0.195556
0.190622
0.189546
0.192622
0.189333
0.190571
0.190714
0.189759
0.194889
0.191711
0.189298
0.189615
0.189374
0.19723
0.190008
0.189353
0.190335
0.189852
0.196156
0.190729
0.190394
0.189614
0.190771
0.190196
0.193159
0.190938
0.189103
0.188948
0.190785
0.192233
0.190026
0.194324
0.190286
0.18865
0.192408
0.191049
0.19359
0.191548
0.190001
0.191756
0.190664
0.189383
0.191372
0.190613
0.193871
0.191287
0.188838
0.190037
0.189829
0.195618
0.190512
0.189077
0.190722
0.190475
0.194115
0.19012
0.18898
0.189032
0.190765
0.191797
0.190355
0.191267
0.192798
0.190065
0.189217
0.190265
0.189336
0.194736
0.188931
0.189109
0.192246
0.189378
0.194256
0.190233
0.189968
0.192063
0.19177
0.191073
0.190213
0.190735
0.192611
0.189678
0.190005
0.19048
0.189454
0.196446
0.190339
0.189929
0.189853
0.1904
0.198477
0.191284
0.190224
0.189004
0.188835
0.197197
0.189148
0.189941
0.190991
0.190291
0.1931
0.191061
0.189222
0.192873
0.191179
0.191684
0.189711
0.190287
0.194616
0.190388
0.190515
0.191307
0.190803
0.194644
0.19043
0.190946
0.196489
0.189731
0.193981
0.191562
0.1906
0.194568
0.190547
0.193737
0.19172
0.191431
0.195697
0.19039
0.190781
0.192147
0.189683
0.197664
0.191458
0.19034
0.194634
0.191102
0.198691
0.189312
0.190906
0.193497
0.190072
0.198916
0.191004
0.192217
0.193825
0.191532
0.20022
0.190913
0.191394
0.194529
0.192126
0.198528
0.191444
0.190678
0.192577
0.190153
0.196768
0.189195
0.191706
0.194011
0.191744
0.19322
0.192251
0.190662
0.194882
0.190214
0.192794
0.192649
0.190033
0.19702
0.189742
0.193785
0.191426
0.19125
0.196271
0.189874
0.192304
0.192804
0.189225
0.195204
0.190861
0.189452
0.192858
0.190418
0.192581
0.191261
0.19061
0.19558
0.191604
0.191108
0.191918
0.19123
0.197032
0.189122
0.189701
0.19482
0.190748
0.198346
0.190671
0.190031
0.192785
0.190212
0.197965
0.191124
0.190716
0.194416
0.19089
0.198962
0.190269
0.189971
0.194685
0.188595
0.194815
0.191313
0.191706
0.194136
0.190651
0.192973
0.192225
0.191044
0.196905
0.191231
0.192594
0.192677
0.191102
0.196229
0.190235
0.193387
0.192651
0.191634
0.196606
0.191466
0.194113
0.194206
0.190727
0.197288
0.189687
0.192977
0.192612
0.190019
0.193581
0.189367
0.191672
0.1928
0.190332
0.190923
0.191307
0.19113
0.198272
0.190332
0.190564
0.193512
0.190273
0.197576
0.19092
0.190224
0.193377
0.190676
0.198552
0.191152
0.191028
0.191504
0.190155
0.196046
0.191674
0.190952
0.192678
0.190674
0.193449
0.192311
0.190671
0.197246
0.190474
0.194122
0.193637
0.190569
0.197085
0.190969
0.193219
0.192704
0.190799
0.196088
0.190275
0.192289
0.193015
0.191755
0.192988
0.189476
0.19224
0.193671
0.190761
0.190281
0.192055
0.192772
0.19549
0.189885
0.190925
0.194278
0.194259
0.195555
0.18912
0.191668
0.194122
0.191121
0.195657
0.189968
0.189946
0.192031
0.19163
0.195563
0.189236
0.190262
0.193339
0.190133
0.192257
0.192278
0.1909
0.197423
0.190913
0.193477
0.19427
0.19054
0.19557
0.19094
0.193046
0.194072
0.190672
0.19728
0.190952
0.193012
0.193356
0.19006
0.196578
0.189374
0.193499
0.19305
0.190604
0.193681
0.190262
0.192481
0.193775
0.190776
0.191028
0.193063
0.193393
0.195752
0.18952
0.190331
0.194513
0.192842
0.19489
0.190525
0.191007
0.193048
0.194415
0.194485
0.191258
0.190248
0.192711
0.192683
0.192791
0.189856
0.190755
0.193315
0.191124
0.192814
0.193266
0.190624
0.195643
0.190329
0.194459
0.193227
0.19
0.196625
0.189817
0.194001
0.193625
0.191764
0.195166
0.188828
0.195054
0.193779
0.190048
0.19225
0.18994
0.19385
0.193449
0.19003
0.191392
0.191048
0.194328
0.197258
0.190628
0.190343
0.193451
0.192193
0.196029
0.19089
0.192209
0.192401
0.19328
0.196182
0.190478
0.192203
0.193975
0.193861
0.194918
0.191469
0.190985
0.192539
0.194842
0.192944
0.190212
0.196055
0.190718
0.191115
0.189706
0.190503
0.189362
0.194619
0.191828
0.189556
0.19024
0.190084
0.195138
0.189796
0.192053
0.189571
0.191174
0.190703
0.190339
0.192606
0.189651
0.19006
0.188318
0.193201
0.195573
0.195656
0.191734
0.192504
0.198045
0.197224
0.19787
0.192332
0.191221
0.197401
0.195101
0.198812
0.191176
0.192867
0.198121
0.1954
0.196744
0.19173
0.192019
0.197924
0.194671
0.19829
0.191833
0.192975
0.197919
0.195963
0.197216
0.191368
0.19255
0.197955
0.194646
0.197508
0.191658
0.191503
0.19809
0.196363
0.197226
0.189181
0.188226
0.189824
0.19261
0.190906
0.18899
0.190172
0.194047
0.191649
0.189623
0.191548
0.190975
0.196041
0.193349
0.189534
0.188613
0.189101
0.19555
0.192608
0.190827
0.191154
0.190036
0.18949
0.190057
0.192962
0.189246
0.191042
0.189811
0.191292
0.19243
0.195517
0.188316
0.189512
0.190931
0.192704
0.196252
0.189695
0.189022
0.189741
0.191665
0.190831
0.189939
0.189292
0.192052
0.192128
0.190096
0.190709
0.189395
0.195975
0.193519
0.191064
0.189729
0.190042
0.195235
0.193361
0.189723
0.190774
0.189971
0.18979
0.192326
0.187888
0.19019
0.189715
0.190836
0.190105
0.191597
0.195074
0.189551
0.19031
0.190679
0.193367
0.195121
0.189579
0.190489
0.189571
0.193628
0.195037
0.190137
0.189961
0.190213
0.192296
0.190736
0.19034
0.191116
0.195516
0.191984
0.190604
0.191033
0.189212
0.195526
0.192715
0.190423
0.190279
0.190221
0.195473
0.192117
0.1892
0.190128
0.188298
0.190272
0.192629
0.190805
0.193339
0.19134
0.189723
0.192783
0.189346
0.194557
0.189357
0.190117
0.189933
0.191297
0.19532
0.188986
0.18918
0.191161
0.191282
0.191373
0.188808
0.189403
0.190839
0.193552
0.189159
0.190402
0.190072
0.195418
0.193351
0.19062
0.189939
0.190119
0.195296
0.193183
0.189355
0.189924
0.191157
0.191468
0.192702
0.189715
0.189293
0.190444
0.189147
0.194424
0.190769
0.193831
0.188787
0.189273
0.1926
0.190402
0.195845
0.190687
0.18932
0.189042
0.190978
0.189512
0.189824
0.190844
0.191031
0.191335
0.191369
0.190483
0.190953
0.19349
0.192185
0.189046
0.189832
0.18981
0.193804
0.191638
0.189412
0.190395
0.189759
0.189901
0.191704
0.189683
0.189847
0.190512
0.189768
0.1915
0.190066
0.197125
0.190024
0.190684
0.193911
0.190379
0.194609
0.190685
0.190696
0.192428
0.19099
0.189674
0.191254
0.190926
0.189808
0.193487
0.190422
0.189937
0.189615
0.196249
0.192658
0.189627
0.19035
0.190184
0.194925
0.192646
0.190291
0.1907
0.189591
0.190509
0.1934
0.18883
0.190262
0.190847
0.189533
0.193055
0.190129
0.195349
0.190577
0.189431
0.192833
0.190433
0.196047
0.188946
0.190649
0.192615
0.189294
0.195675
0.189733
0.189992
0.191468
0.190895
0.189088
0.190883
0.189656
0.193435
0.192407
0.191029
0.190205
0.189303
0.196753
0.193934
0.189793
0.189149
0.189335
0.194661
0.193281
0.18979
0.191485
0.189545
0.191219
0.193766
0.189571
0.193843
0.190965
0.190534
0.193485
0.19109
0.194741
0.190856
0.189827
0.192094
0.190974
0.195865
0.188005
0.189625
0.192766
0.190113
0.190031
0.190573
0.190444
0.193533
0.190619
0.189435
0.189843
0.189622
0.198031
0.190177
0.189682
0.190193
0.190257
0.196364
0.191609
0.189417
0.190139
0.190382
0.190077
0.192072
0.191267
0.190788
0.190721
0.190013
0.19243
0.190858
0.194127
0.190792
0.190547
0.19314
0.190451
0.194128
0.19006
0.190605
0.192517
0.188817
0.190964
0.188969
0.190087
0.191924
0.191008
0.189439
0.191338
0.190512
0.197503
0.189535
0.190679
0.191042
0.189657
0.197198
0.18944
0.188256
0.190062
0.190302
0.191151
0.191467
0.189835
0.189871
0.189953
0.19096
0.193064
0.190641
0.195786
0.189893
0.189366
0.193827
0.189629
0.196564
0.189382
0.189499
0.193063
0.19014
0.19164
0.188108
0.190448
0.193334
0.189924
0.18927
0.189828
0.191329
0.198249
0.189861
0.1885
0.188714
0.189739
0.197809
0.190403
0.190856
0.189865
0.190159
0.191765
0.190172
0.189985
0.190064
0.190203
0.190442
0.192797
0.189729
0.195367
0.191126
0.19078
0.192903
0.189553
0.195085
0.188962
0.188894
0.193081
0.1909
0.189626
0.188702
0.190124
0.193012
0.190744
0.189859
0.189316
0.191152
0.196528
0.190311
0.190213
0.189453
0.189138
0.197696
0.190372
0.189786
0.190184
0.189135
0.193742
0.189581
0.189935
0.188831
0.19005
0.190923
0.197647
0.192376
0.194198
0.192837
0.192427
0.200224
0.191817
0.196819
0.192852
0.192731
0.200386
0.19153
0.196663
0.191474
0.191277
0.199403
0.192691
0.196224
0.19238
0.191781
0.200458
0.193566
0.19619
0.192156
0.19175
0.199353
0.191838
0.197354
0.191017
0.191896
0.198593
0.192489
0.197169
0.191815
0.191984
0.199238
0.191377
0.191669
0.194621
0.191525
0.199412
0.191276
0.191176
0.195335
0.191244
0.19914
0.189676
0.190349
0.195769
0.191182
0.198667
0.191013
0.191741
0.196352
0.191732
0.199076
0.191614
0.192481
0.197235
0.19238
0.198485
0.192298
0.19235
0.194078
0.191088
0.199602
0.19225
0.192267
0.196981
0.1919
0.19961
0.190855
0.19178
0.19726
0.192395
0.199011
0.191501
0.192147
0.196068
0.19226
0.197971
0.192313
0.192061
0.196387
0.190976
0.194628
0.191283
0.191469
0.196549
0.193096
0.194467
0.19727
0.191867
0.197691
0.191522
0.193661
0.197029
0.19195
0.196373
0.191943
0.194839
0.196663
0.193719
0.19745
0.192773
0.194796
0.198035
0.191593
0.196152
0.193199
0.19412
0.198036
0.193111
0.196793
0.191508
0.194656
0.197677
0.192277
0.197459
0.192213
0.196341
0.198135
0.192517
0.196343
0.191661
0.196222
0.197403
0.191836
0.196098
0.191249
0.195837
0.19653
0.192503
0.196753
0.192098
0.195305
0.197337
0.192117
0.196312
0.19156
0.195698
0.196756
0.191264
0.197194
0.192632
0.195514
0.197595
0.191356
0.197959
0.191472
0.197538
0.197031
0.192417
0.197609
0.192174
0.195361
0.197291
0.191159
0.197445
0.191852
0.197301
0.197184
0.19239
0.193039
0.191594
0.194915
0.197701
0.192035
0.192432
0.197354
0.191135
0.197027
0.192287
0.191984
0.195712
0.19214
0.199046
0.191529
0.192289
0.196796
0.191506
0.198822
0.193026
0.191087
0.197192
0.19298
0.200101
0.192069
0.191885
0.196495
0.192775
0.200754
0.192353
0.19157
0.197037
0.191997
0.199456
0.19263
0.192305
0.197067
0.192276
0.199472
0.192508
0.191951
0.197322
0.192526
0.199103
0.192376
0.192119
0.197405
0.192446
0.201456
0.192491
0.19191
0.198478
0.19191
0.198932
0.192323
0.191482
0.195464
0.193315
0.199861
0.192226
0.192597
0.195945
0.192044
0.199737
0.190782
0.191875
0.196973
0.192131
0.195728
0.194936
0.19196
0.196532
0.191153
0.195667
0.196358
0.192281
0.197477
0.191319
0.195605
0.197348
0.191711
0.196617
0.192653
0.1963
0.196843
0.192821
0.196487
0.191898
0.195447
0.195774
0.19051
0.197041
0.192648
0.196597
0.197943
0.192143
0.196551
0.192066
0.195398
0.196437
0.191286
0.195975
0.191601
0.195389
0.196995
0.191841
0.19626
0.191263
0.195109
0.196213
0.193392
0.196819
0.192076
0.194924
0.197787
0.191989
0.191108
0.195813
0.195641
0.197705
0.191493
0.191771
0.196596
0.194863
0.196678
0.191627
0.19263
0.196886
0.194454
0.196386
0.192509
0.191608
0.196068
0.194387
0.196198
0.192033
0.191616
0.197419
0.195272
0.195374
0.19139
0.191974
0.198113
0.194215
0.196728
0.190328
0.192159
0.196929
0.195089
0.196224
0.192328
0.191821
0.197002
0.195552
0.196194
0.19215
0.191404
0.196782
0.193808
0.191931
0.19136
0.193027
0.197703
0.192436
0.195639
0.195906
0.192579
0.195822
0.192154
0.194608
0.197556
0.192035
0.196617
0.192176
0.195677
0.197576
0.19142
0.196733
0.192057
0.195313
0.195792
0.191988
0.195955
0.191417
0.195196
0.196323
0.191001
0.196041
0.191936
0.195591
0.196346
0.191296
0.196298
0.191493
0.194953
0.195933
0.19104
0.198121
0.192586
0.195029
0.195189
0.192175
0.19694
0.193511
0.194868
0.196045
0.19096
0.192718
0.197001
0.195805
0.197434
0.192738
0.192389
0.196995
0.195478
0.197772
0.192536
0.19173
0.197108
0.195596
0.196137
0.192156
0.191244
0.196644
0.195801
0.197735
0.190145
0.191849
0.196571
0.195542
0.19597
0.192127
0.19273
0.197538
0.195083
0.196495
0.191969
0.192829
0.197256
0.194618
0.196711
0.190658
0.191847
0.196289
0.195246
0.197972
0.192376
0.192086
0.196271
0.193719
0.195545
0.191286
0.191753
0.196438
0.194912
0.191263
0.195321
0.1914
0.196885
0.194188
0.192214
0.19605
0.191103
0.196532
0.193936
0.191537
0.196601
0.192634
0.196572
0.194548
0.191338
0.196271
0.191333
0.195837
0.193872
0.190716
0.197393
0.192827
0.19554
0.195197
0.191644
0.196701
0.191735
0.197104
0.190987
0.191848
0.198033
0.192749
0.196547
0.191071
0.195378
0.195794
0.198347
0.196211
0.191767
0.194814
0.197822
0.192141
0.192124
0.194566
0.193681
0.196587
0.190967
0.190926
0.196342
0.197031
0.197218
0.191918
0.191503
0.195263
0.195215
0.196394
0.192163
0.192988
0.195687
0.195475
0.196582
0.190714
0.191762
0.196652
0.193509
0.195484
0.191037
0.191631
0.196013
0.195276
0.197231
0.192481
0.192467
0.195839
0.195476
0.196058
0.1915
0.190578
0.196236
0.197037
0.190704
0.188939
0.192368
0.19624
0.195853
0.191168
0.195309
0.192141
0.195481
0.193887
0.190603
0.196602
0.190591
0.19647
0.193971
0.192006
0.196935
0.192593
0.19796
0.194324
0.192248
0.195757
0.190874
0.195696
0.193177
0.19153
0.195366
0.190431
0.196055
0.19497
0.191878
0.197574
0.19157
0.196791
0.194051
0.190756
0.197162
0.190392
0.193062
0.195124
0.190224
0.19721
0.191894
0.19254
0.200393
0.191893
0.196057
0.19177
0.19151
0.200647
0.191404
0.196444
0.190962
0.192264
0.199951
0.191147
0.1963
0.191392
0.191656
0.196474
0.192511
0.195579
0.19159
0.192018
0.197918
0.194255
0.195557
0.189814
0.192621
0.197136
0.19365
0.197138
0.191373
0.190923
0.197313
0.194188
0.190286
0.19039
0.192033
0.195135
0.195574
0.19185
0.194547
0.191221
0.195922
0.193375
0.191681
0.19712
0.19087
0.196582
0.194763
0.190911
0.196533
0.191242
0.196184
0.195641
0.191108
0.196842
0.191312
0.195451
0.196309
0.190814
0.196365
0.193311
0.195301
0.195222
0.192437
0.197064
0.190775
0.196287
0.19296
0.191919
0.197255
0.191618
0.19267
0.195723
0.190529
0.196733
0.191474
0.191133
0.198343
0.192285
0.196349
0.191894
0.191706
0.198546
0.192087
0.196489
0.192927
0.191046
0.19965
0.191506
0.196299
0.191256
0.192603
0.199371
0.19077
0.196036
0.192377
0.191494
0.199432
0.19103
0.196789
0.191747
0.191505
0.199611
0.191955
0.19598
0.190973
0.190532
0.200123
0.193027
0.196318
0.191547
0.191595
0.200283
0.190688
0.190771
0.195649
0.192813
0.196525
0.191995
0.192157
0.197379
0.190345
0.196053
0.19417
0.192904
0.197867
0.191669
0.197233
0.195307
0.191068
0.196843
0.190901
0.196952
0.195635
0.191413
0.19625
0.19085
0.196131
0.195262
0.191436
0.196335
0.19225
0.195992
0.192144
0.191305
0.196019
0.191149
0.196776
0.195522
0.191999
0.197523
0.192482
0.191234
0.2321
0.191572
0.190595
0.190449
0.19097
0.191064
0.190359
0.193627
0.189965
0.190093
0.193014
0.19013
0.195959
0.188657
0.190016
0.192013
0.188995
0.194269
0.190245
0.189962
0.192628
0.188642
0.190383
0.190798
0.189648
0.196792
0.19121
0.190984
0.190381
0.189651
0.196863
0.190744
0.190794
0.190133
0.18876
0.194814
0.192604
0.189607
0.19095
0.189245
0.190244
0.193978
0.189061
0.190701
0.189623
0.190042
0.192414
0.190345
0.194343
0.190262
0.189766
0.193119
0.190063
0.195252
0.18991
0.19028
0.192261
0.191136
0.189682
0.189268
0.19038
0.191553
0.190498
0.189192
0.1903
0.190032
0.198435
0.190461
0.190178
0.190823
0.189026
0.199594
0.188821
0.190083
0.189537
0.189267
0.191284
0.19116
0.191261
0.190894
0.190874
0.190621
0.193658
0.190528
0.196331
0.190047
0.189391
0.19336
0.190382
0.196364
0.189537
0.189834
0.193155
0.188869
0.190728
0.190254
0.18965
0.192372
0.190675
0.190524
0.189825
0.189058
0.198252
0.190402
0.191289
0.189062
0.189891
0.197633
0.191151
0.19
0.189089
0.189552
0.194667
0.189311
0.189235
0.190058
0.190182
0.190531
0.192575
0.190767
0.195243
0.190683
0.191409
0.193307
0.19039
0.194424
0.190165
0.189628
0.193047
0.190201
0.194867
0.190189
0.190135
0.194219
0.190567
0.189766
0.190609
0.189905
0.198512
0.189579
0.189391
0.191473
0.18956
0.198386
0.190223
0.18955
0.190379
0.190024
0.197165
0.190514
0.190582
0.190643
0.190468
0.19423
0.190178
0.189592
0.190196
0.190716
0.193544
0.19034
0.189729
0.194459
0.191665
0.190417
0.191569
0.190337
0.196081
0.18945
0.189459
0.193003
0.190364
0.189648
0.190039
0.189116
0.193392
0.190244
0.189935
0.19149
0.188727
0.198281
0.189617
0.1908
0.190578
0.189607
0.19808
0.19075
0.191132
0.190697
0.189894
0.19183
0.189475
0.19022
0.19079
0.190489
0.193148
0.189807
0.190427
0.195249
0.189845
0.191993
0.190382
0.189113
0.195805
0.189784
0.190461
0.193629
0.190501
0.191011
0.189273
0.189437
0.192422
0.189628
0.189428
0.190714
0.190439
0.198381
0.188011
0.190355
0.190119
0.189767
0.197375
0.190182
0.190676
0.189468
0.190392
0.193342
0.189946
0.189156
0.190325
0.191115
0.192038
0.189165
0.189837
0.195293
0.191296
0.191702
0.190823
0.190564
0.194669
0.191043
0.191559
0.191144
0.190836
0.190065
0.189778
0.192116
0.192916
0.188112
0.190442
0.18999
0.190778
0.197994
0.190534
0.189002
0.190578
0.188626
0.198887
0.189884
0.190924
0.190907
0.189238
0.19236
0.190447
0.189987
0.191129
0.189461
0.193997
0.189862
0.190082
0.195961
0.191518
0.193937
0.191698
0.189944
0.196528
0.190571
0.193152
0.190434
0.19092
0.196057
0.188477
0.192597
0.190651
0.18947
0.190318
0.191003
0.190656
0.19516
0.189785
0.19082
0.190723
0.189384
0.197645
0.191183
0.189968
0.191924
0.189863
0.199107
0.19127
0.19039
0.191365
0.191009
0.193074
0.189985
0.190187
0.191076
0.191378
0.193439
0.191023
0.190721
0.196221
0.191776
0.192458
0.191429
0.191555
0.19715
0.190267
0.194113
0.190493
0.188884
0.195034
0.19066
0.193812
0.189585
0.189967
0.190023
0.190391
0.192601
0.196558
0.190244
0.190938
0.189746
0.192522
0.196844
0.18957
0.190366
0.191111
0.191385
0.197242
0.191092
0.190996
0.190458
0.190755
0.193295
0.190313
0.19063
0.191265
0.191455
0.193175
0.190361
0.190907
0.1953
0.189455
0.193174
0.190371
0.189679
0.194561
0.190709
0.192786
0.191047
0.191011
0.196607
0.1902
0.19191
0.190412
0.190773
0.190771
0.190654
0.192534
0.190001
0.190295
0.191051
0.19006
0.192792
0.197267
0.18981
0.191588
0.190182
0.193297
0.197333
0.189673
0.190478
0.190689
0.189423
0.199408
0.189294
0.189558
0.190002
0.190474
0.192552
0.190065
0.190794
0.195652
0.190723
0.194002
0.19013
0.19052
0.196746
0.190757
0.193106
0.189995
0.189926
0.195711
0.191414
0.19306
0.19123
0.191507
0.194575
0.191241
0.19231
0.190793
0.190061
0.189582
0.190588
0.193442
0.195688
0.190983
0.19022
0.189048
0.192077
0.196322
0.189975
0.189924
0.191788
0.193297
0.195154
0.190819
0.189702
0.190621
0.192919
0.195717
0.189039
0.190691
0.190396
0.193047
0.190211
0.191305
0.188297
0.19639
0.190069
0.193012
0.191378
0.189925
0.197054
0.191571
0.1928
0.191197
0.190443
0.196988
0.189243
0.192283
0.1914
0.190278
0.196705
0.190612
0.192726
0.191187
0.190848
0.191155
0.190007
0.194852
0.190899
0.190685
0.189598
0.190721
0.193039
0.195952
0.19028
0.190385
0.190207
0.193147
0.196098
0.18971
0.190534
0.191255
0.193348
0.194331
0.188911
0.190394
0.19022
0.192303
0.190786
0.190046
0.190447
0.191226
0.192763
0.189666
0.191
0.190675
0.195893
0.189264
0.192066
0.191253
0.190578
0.19459
0.189243
0.191931
0.191041
0.190385
0.196642
0.18972
0.192341
0.190824
0.190708
0.19074
0.190201
0.192377
0.196325
0.190267
0.190687
0.190732
0.193135
0.195499
0.189987
0.189893
0.190894
0.192561
0.195023
0.190767
0.190709
0.191107
0.193494
0.195592
0.188481
0.190812
0.190612
0.192507
0.190834
0.191292
0.190861
0.191554
0.1937
0.191467
0.190889
0.189876
0.196273
0.193555
0.19056
0.1909
0.190932
0.195244
0.193486
0.190761
0.189134
0.191044
0.190966
0.190297
0.192438
0.191125
0.190354
0.191535
0.190866
0.192885
0.195055
0.190733
0.190313
0.190811
0.192076
0.197137
0.190393
0.19083
0.19
0.192621
0.195264
0.189531
0.191122
0.191116
0.192747
0.196133
0.189659
0.190039
0.188822
0.19309
0.189921
0.190741
0.190232
0.196223
0.19225
0.190143
0.190986
0.189482
0.196542
0.192794
0.190296
0.191339
0.19016
0.195917
0.193191
0.190453
0.191501
0.190001
0.189821
0.189382
0.191016
0.191594
0.191291
0.191073
0.190749
0.19216
0.195238
0.190817
0.19117
0.191245
0.193657
0.195653
0.190147
0.190326
0.19102
0.192417
0.190272
0.190248
0.190372
0.190735
0.193992
0.189976
0.190164
0.190554
0.195926
0.193709
0.190938
0.190972
0.190267
0.195241
0.192343
0.190007
0.19096
0.18979
0.19597
0.192313
0.190702
0.190858
0.191417
0.191068
0.193488
0.18933
0.190757
0.190703
0.189916
0.191236
0.193002
0.195313
0.190792
0.189829
0.191495
0.192498
0.195971
0.189854
0.190503
0.190614
0.192452
0.190525
0.190615
0.190563
0.191482
0.19369
0.190016
0.190375
0.190318
0.195595
0.192564
0.19122
0.190805
0.190021
0.194441
0.192615
0.190443
0.190942
0.190015
0.196079
0.192475
0.189854
0.189512
0.190405
0.190396
0.193476
0.19059
0.194457
0.202099
0.190734
0.192617
0.191196
0.196155
0.191265
0.189766
0.193542
0.191235
0.196684
0.189748
0.190177
0.190859
0.191254
0.196359
0.190373
0.190406
0.190026
0.19436
0.190648
0.190316
0.188832
0.195971
0.191721
0.190562
0.18992
0.191091
0.194119
0.193593
0.190345
0.189975
0.190107
0.196189
0.193014
0.191173
0.190102
0.191343
0.190349
0.191761
0.190208
0.190702
0.190098
0.190082
0.191954
0.189574
0.195464
0.190449
0.190596
0.193564
0.190144
0.195439
0.18861
0.190045
0.193175
0.190151
0.190883
0.190371
0.189835
0.189244
0.192625
0.190805
0.19025
0.189908
0.194976
0.192376
0.189477
0.190579
0.190681
0.196163
0.193118
0.190014
0.190775
0.190596
0.189581
0.193224
0.190915
0.190222
0.190532
0.190346
0.194111
0.189668
0.195288
0.189524
0.189891
0.194375
0.18952
0.193683
0.189961
0.190546
0.193659
0.189861
0.196351
0.190048
0.190587
0.192714
0.190217
0.190872
0.188521
0.190444
0.196643
0.192428
0.189418
0.188886
0.187843
0.194143
0.192066
0.190291
0.19026
0.189434
0.195492
0.19395
0.19015
0.190832
0.190494
0.189836
0.192755
0.190546
0.191093
0.189818
0.189965
0.193617
0.190083
0.195622
0.18981
0.189483
0.193333
0.190712
0.195216
0.190378
0.189182
0.19241
0.190456
0.190431
0.190561
0.190987
0.193816
0.191148
0.190343
0.188924
0.190141
0.196974
0.190476
0.189185
0.190363
0.189282
0.194864
0.193034
0.190621
0.190837
0.190304
0.191649
0.192463
0.190189
0.189802
0.189116
0.190714
0.193195
0.189196
0.19631
0.191756
0.19035
0.191593
0.189271
0.195488
0.189662
0.189024
0.192299
0.188972
0.195704
0.188763
0.1895
0.193097
0.188737
0.189802
0.189925
0.188432
0.198077
0.1888
0.189056
0.190005
0.188054
0.197432
0.189552
0.189635
0.18949
0.189521
0.188493
0.192092
0.188827
0.188841
0.188819
0.188099
0.191699
0.189041
0.194275
0.18899
0.188783
0.19211
0.189528
0.194378
0.188847
0.188267
0.192019
0.188786
0.18915
0.189158
0.189282
0.196969
0.189409
0.189116
0.189842
0.187981
0.197751
0.189351
0.190209
0.190991
0.189485
0.197052
0.189563
0.188482
0.189783
0.189051
0.189486
0.191934
0.190319
0.19557
0.189187
0.188027
0.191357
0.188235
0.195594
0.189532
0.189807
0.193182
0.189063
0.194899
0.189064
0.191285
0.191513
0.189335
0.188228
0.189923
0.189836
0.196854
0.190124
0.190206
0.189507
0.190185
0.19712
0.189378
0.190504
0.189371
0.190526
0.192556
0.19068
0.187988
0.188845
0.189078
0.189682
0.192932
0.191031
0.195464
0.19193
0.191052
0.204885
0.189223
0.194856
0.190336
0.190721
0.193722
0.189579
0.195406
0.189906
0.190231
0.193028
0.189825
0.191148
0.190457
0.189659
0.190371
0.216509
0.189237
0.188431
0.189163
0.19161
0.18906
0.189876
0.190588
0.190926
0.19792
0.190269
0.189936
0.189129
0.189348
0.198786
0.189361
0.190025
0.188928
0.189908
0.191302
0.188769
0.189037
0.192128
0.189859
0.191872
