0.0123732
0.00182413
0.0113882
0.000819593
0.00246166
0.0122255
0.0257488
0.0148405
0.00176212
0.0111396
0.00298336
0.00404917
0.0100267
0.00195661
0.0032756
0.00660295
0.00700734
0.00170714
0.00434949
0.00213575
0.00624642
0.00588579
0.00516564
0.00698316
0.00598132
0.0059925
0.0369313
0.00243494
0.00530893
0.0044074
0.00853776
0.0159037
0.00127554
0.0155289
0.0134406
0.00157549
0.054879
0.019151
0.00730092
0.00424785
0.000698286
0.0101933
0.0114952
0.0016347
0.014112
0.00268832
0.00788846
0.0094305
0.0152101
0.00501511
0.000683731
0.0120406
0.000567876
0.00184665
0.0111297
0.00478418
0.00597396
0.00177247
0.0115627
0.0117822
0.00328038
0.00146927
0.0062231
0.000373826
0.00246356
0.0055077
0.00258477
0.00715602
0.000226881
0.00575964
0.017681
0.0123152
0.00864753
0.0044857
1.06777e-05
0.00128384
0.0010334
0.00738805
0.00395144
0.00785303
0.00429201
0.00952293
0.0172594
0.00174993
0.00913
0.00669899
0.0011
0.00294799
0.00666846
0.00101875
0.0120709
0.00170776
0.0019138
0.025768
0.00907081
0.00332398
0.00124374
0.00407029
0.00570452
0.00592661
0.000411727
0.000578121
0.0223792
0.0071213
0.00607003
0.00518485
0.0272527
0.000239194
0.00782653
0.00545725
0.00189227
0.00194187
0.00209285
0.0111976
0.00234548
0.000364652
0.00309563
0.0157488
0.00858264
0.00361776
0.0120745
0.0186629
0.00398674
0.0107249
0.0050112
0.016589
0.0111701
0.00354273
0.0109424
0.000889049
0.0035552
0.00345277
0.00773416
0.0110913
0.000202421
0.01632
0.0236859
0.00876988
0.0104731
0.0120669
0.0102201
0.000455252
0.0123086
0.00840134
0.000254848
0.00833678
0.00159497
0.00239541
0.00875004
0.0147241
0.00503962
0.00553783
0.000711292
0.0030473
0.0028517
0.00481134
0.00214398
0.00551716
0.0106713
0.00720164
0.00834936
0.00238013
0.00653178
0.00618846
0.000538572
0.00465391
0.00275729
0.00955053
0.00065033
0.0307696
0.00886153
0.0121367
0.00018531
0.0134939
0.010233
0.00554967
0.00292234
0.00529917
0.00681219
0.00193239
0.00156568
0.000582149
0.00565291
0.00163665
4.07412e-05
0.00901829
0.000980781
0.0068855
0.00490235
0.00587283
0.00319006
0.00526896
0.00813802
0.00616599
0.02401
0.0407285
0.0185541
0.00598927
0.00506538
0.00499128
0.004531
0.00371566
0.000156489
0.00367958
0.00649503
0.0126278
0.00627904
0.00449757
0.0057418
0.00161069
0.00164144
0.00625201
0.00346588
0.0104707
0.00744069
0.0123426
0.0156772
0.00605417
0.00430216
0.00990143
0.000372906
0.00353088
0.0173195
0.0027045
0.00145958
0.00168399
0.000987432
0.0235523
0.0122968
0.00173331
0.00234979
0.00472748
0.00975346
0.0141934
0.00176291
0.00256439
0.00402616
0.00315101
0.0618547
0.0178626
0.021077
0.00209887
0.000896428
0.00278704
0.0183465
0.00782408
0.00335484
0.00208398
0.01372
0.000538653
0.00935151
0.0107798
0.011865
0.0100075
0.0136832
0.00684354
0.0118433
0.00235345
0.00723387
0.0148416
0.00110971
0.00195603
0.000330192
0.00275586
0.0070083
0.00753327
0.00720203
0.00475749
0.000127948
0.0140876
0.00289705
0.000580791
0.0107914
0.00138586
0.0273645
0.00227557
0.00323175
0.00289455
0.000359327
0.00264552
0.000409191
0.00615805
0.00656849
0.0111218
5.47525e-05
0.0171328
0.00373543
0.00237583
0.00471904
0.00120539
0.00347028
0.00402693
0.00229199
0.00978524
0.0128007
0.0048146
0.0233936
0.00417749
0.00525499
0.00710348
0.00850458
0.0086238
0.00344274
0.00172678
0.0363877
0.00821472
0.00944681
0.00656525
0.00247475
0.00472462
0.00912838
0.00140686
0.00359379
0.00649133
0.00408697
0.00343829
0.00583002
0.00522316
0.000425484
0.00233293
0.021109
0.00321873
0.0110041
0.00273175
0.00322962
0.00996652
0.00779512
0.0138484
0.0376846
0.00435996
0.00378045
0.0022031
0.00215642
0.00585467
0.00388137
0.0164672
0.000821208
0.0127457
0.0139079
0.0114092
0.000343156
0.00294134
0.00396145
0.000845647
0.0010091
0.00962006
0.00503986
0.0096924
0.0078004
0.00367505
0.00320895
0.00611168
0.00157774
0.00156942
0.00382056
0.0118418
0.000462077
0.0108491
0.00555797
0.00612202
0.00434727
0.00245311
0.00409486
0.00114005
0.00492449
0.00638094
0.010677
0.00141754
0.00192422
0.0184808
0.00862028
0.00445887
0.000731907
0.00698163
0.00294466
0.0186637
0.0102079
0.00214412
0.00227541
0.0071705
0.00286946
0.00600167
0.0127599
0.0213095
0.0119724
0.0119174
0.00444044
0.00984391
0.00530519
0.00128462
0.0218171
0.00337854
0.00967501
0.0117153
0.00984031
0.00278825
0.00103923
0.00118806
0.00817929
0.010494
0.000272499
0.0127447
0.00921778
0.00307498
0.0039544
0.00876325
0.000941099
0.00357658
0.000436953
0.0222272
0.00513902
0.00746688
0.000773689
0.00126118
0.00737431
0.00756629
0.00425915
0.0012998
0.00100518
0.00246464
0.00314506
0.00444042
0.00230062
0.00714429
0.00252537
0.0031405
0.0100213
0.00172527
0.0146033
0.00305709
0.0134665
0.00458206
0.00564737
0.00730532
4.30872e-05
0.00181105
0.000542994
0.0122231
0.00676663
0.00767152
0.00970218
0.00403708
0.000873524
0.00612727
0.000274188
0.00160519
0.00833446
0.0036613
0.00154237
0.0186306
0.0126525
0.000661811
0.0184003
0.0196753
0.00140942
0.0155703
0.00240878
0.00896905
0.00919018
0.00574597
0.00783764
0.00323908
0.00619323
0.00244852
0.00894769
0.0276072
0.00241337
0.00348454
0.00312871
0.00526694
0.00452397
0.012265
0.0150213
0.00692062
0.00316652
0.00346811
0.00121286
0.00603624
2.36209e-05
0.00279959
0.00487842
0.00362931
0.0116724
0.000151131
0.00275712
0.0143137
0.0118264
0.000192494
0.00501732
0.00129399
0.00694248
0.013184
0.00333164
0.000566502
0.00529843
0.0107837
0.00827442
0.0158787
0.00883546
0.0123278
0.0019754
0.00190651
0.0115789
0.0040954
0.000922673
0.00800076
0.000350511
0.0031223
0.00205117
0.0172761
0.00213592
0.0205096
0.00143074
0.0137312
0.0123409
0.00928176
0.0104268
0.00556625
0.00602992
0.00383512
0.00340572
0.00894355
0.00713442
0.0245894
0.0115225
0.000879509
0.00067576
0.00774339
1.50379e-05
0.0073006
0.00548812
0.00214445
0.00821585
0.0186969
0.00860718
0.00308815
0.0154532
0.00193902
0.0035015
0.0110218
0.00296538
0.00628063
0.0172891
0.00921055
0.00203631
0.00642664
0.000357273
0.0122414
0.00186873
0.00506069
0.00158577
0.00525751
0.00854501
0.00447039
8.87184e-05
0.00467888
0.00461548
0.00788741
0.0222238
0.000642512
0.00957544
0.00407426
0.0118979
0.000369958
0.00445175
0.00959996
0.00156708
0.00584143
0.00512777
0.00879894
0.00474793
0.00211119
0.00368974
0.00373449
0.00619565
0.0155991
0.00160968
0.00283837
0.00266129
0.00544936
0.0201829
0.0046827
0.00718335
0.00442078
0.00949221
0.00499453
0.00166187
0.0113016
0.0015209
0.00479017
0.0136568
0.00279625
0.0150263
0.00328776
0.00129735
0.0111986
0.00204183
0.00836888
0.000254387
0.00348111
0.0114798
0.000534655
0.00360125
0.00452194
0.00859153
0.00256424
0.011583
0.00879939
0.0270977
0.000140459
0.0197434
0.00431211
0.00913191
0.00472446
0.00377236
0.000765815
0.0121674
0.00380899
0.00412681
0.0030163
0.00483387
0.0059372
0.00377544
0.00276154
0.00722213
0.0100011
0.00516359
0.00785968
0.0026476
0.000389566
0.00811368
0.00154111
0.000476313
0.00540832
0.00469461
0.016049
0.00340062
0.00150373
0.000637107
0.0101706
0.0244329
0.00556256
0.0109186
0.00278322
0.00832605
0.0199399
0.00535039
0.0219785
0.00232837
0.00516662
0.00100551
0.00358612
0.00614647
0.00457115
0.0103529
0.0122322
0.0112023
0.00553326
0.00487894
0.0047854
0.0113616
0.00266401
0.00848791
0.00334841
0.00477988
0.00398475
0.00547883
0.0054494
0.00320366
0.00607462
0.0111094
0.0075672
0.00432462
0.0091199
0.00614158
0.000345333
0.0159194
0.00632578
0.00473643
0.00345618
0.00866738
0.00705418
0.00110313
0.00518355
0.014881
0.00970719
0.00305398
0.00341836
9.19781e-05
0.00497181
0.011003
0.0132753
0.00330058
0.00800297
0.00261876
0.00299524
0.00745996
0.00471382
0.00647615
0.0023534
0.00514623
0.000181994
0.000238869
0.00833952
0.00533449
0.0103214
0.00412572
0.00266704
0.0171767
0.00465203
0.00305586
0.0106578
0.00956404
0.0100084
0.00991077
0.0067333
0.0165273
0.00747948
0.00700159
0.0118073
0.000963017
0.00477146
0.00647489
0.00161004
0.00390723
0.00600461
0.00231816
0.00750235
0.00427512
0.00778662
0.00170443
0.00675849
0.0107763
0.00793944
0.00810341
0.00130364
0.00102221
0.0130294
0.00322073
0.000239739
0.00419148
0.00208526
0.0116939
0.00335973
0.00418909
0.00133094
0.0165711
0.00258279
0.00730073
0.00323153
0.00723679
0.00197733
0.00558833
0.000270221
0.00291553
0.000757542
0.011895
0.00572451
0.00279329
0.00202034
0.0102822
0.00712297
0.00657988
5.24035e-05
0.0143082
0.00664644
0.00112275
0.00260245
0.00892524
0.00555299
0.00679365
0.00255405
0.00941168
0.00790715
0.00777448
0.000510095
4.70253e-05
0.0139912
0.00320425
0.00113238
0.0146953
0.000544699
0.00274727
0.00557377
0.00178252
0.00833376
0.00312158
0.00625627
0.0087867
0.00160438
0.00574165
0.0565359
0.00236774
0.00843441
0.00575373
0.00505997
0.00137127
0.0110619
0.011972
0.0007133
0.0101435
0.00588497
0.00477018
0.00181517
0.00053275
0.0152222
0.00488816
0.00630894
0.00312103
0.00180453
0.00198625
0.00465661
0.010059
0.00273309
0.00296339
0.00359218
0.00252561
0.00775087
0.00772442
4.42888e-05
0.0125746
0.00153731
0.011157
0.00444455
0.00621719
0.0020706
0.00232108
0.00053061
0.0069856
0.00592525
0.00232906
0.00389132
0.00172772
0.000502903
0.00578892
0.000523911
0.00549578
0.0205599
0.00168924
0.00315948
0.00178946
0.000976106
0.00625718
0.00909494
0.0125304
0.0143298
0.000588967
0.0048857
0.00193587
0.00841785
0.00836871
0.00402965
0.00116054
0.00330579
0.00647637
0.000659066
0.0105377
0.00201868
5.85809e-05
0.00567139
0.006353
0.00618033
0.00521385
0.00772918
0.00422975
0.0216989
0.00991249
0.00569756
0.00202735
0.00652009
0.000350708
0.000175197
0.00921759
0.0183041
0.00585753
0.0110741
0.00320809
0.0503722
0.0298242
0.0153454
0.0106591
0.00818342
0.00201733
0.00697852
0.00634493
0.00516086
0.00302483
0.00612284
0.00114808
0.00409287
0.00294421
0.000263609
0.0117297
0.00406224
0.0116965
0.00225164
0.00618662
0.0463794
0.00185026
0.00383198
0.00976604
0.0115627
0.0133674
0.000831896
0.00333635
0.0018805
0.00542304
5.93536e-05
0.0249863
0.00262175
0.00228113
0.010906
0.00802665
0.00112823
0.00684679
0.00229197
0.00255002
0.000428539
0.000131123
0.000660447
0.00706783
0.0184356
0.00507759
0.00925795
0.00435183
0.0014713
0.00266958
0.00417379
0.000682815
0.0179802
0.00412674
0.00677865
0.00764893
0.011131
0.00905765
0.0035998
0.0105757
0.00082632
0.00813123
0.013506
0.00839571
0.00828419
0.00891377
0.0101184
0.0097325
0.00177149
0.00716109
0.00863037
0.00300898
0.00319656
0.000797977
0.00290831
0.000551484
0.00464835
0.00206778
0.00376521
0.00334887
0.00120426
0.000968038
0.00727827
0.00206346
0.00912499
0.00152927
0.000774646
0.00261334
0.0035709
0.0036691
0.00677771
6.6104e-05
0.00358471
0.00478419
0.00818907
0.0104012
0.0278723
0.00120441
0.00904588
0.0097531
0.00321509
0.000691749
0.00800263
0.0115497
0.00475284
0.0101945
0.00113417
0.00244008
0.000984496
0.0148676
0.00495744
0.00560453
0.00284797
0.0158741
0.0120395
0.00210229
0.00407382
0.0104928
0.0188481
0.00517484
0.00329098
0.000188378
0.00968256
0.012597
0.00657059
0.00234253
0.0015132
0.015884
0.00243331
0.00296598
0.0102375
0.00702915
0.00550643
0.0262362
0.00246141
0.00255427
0.00866548
0.00945835
0.0069695
0.00852811
0.0104764
0.00757504
0.0127674
0.00575034
0.000439852
0.00555107
0.00534537
0.00162448
0.00275832
0.0135664
0.00137616
0.00431089
0.0244364
0.000424475
0.0101091
0.00896933
0.00330583
0.0104096
0.00520419
0.00270914
0.00326668
0.00823197
0.00633389
0.00458073
0.00279905
0.00480198
0.00563681
0.00527824
0.00332597
0.000574385
0.00933522
0.00109649
0.0104038
0.000165626
0.00276919
0.00285553
0.00670451
0.0121958
0.0046107
0.000643881
0.00028463
0.00376111
0.0128082
0.00775035
0.000866198
0.0024395
0.0152019
0.00264978
0.00464221
0.0124245
0.00594962
0.0149774
0.0178768
0.00088439
0.00480444
0.0203105
0.00864985
0.00565816
0.0114579
0.00419421
0.0190883
0.0026289
0.00549035
0.0244085
0.00375177
0.0120133
0.00170277
0.0137353
0.0135092
0.00520189
0.00493991
0.0140942
0.0046223
0.00238548
0.0248599
0.00260901
0.0200272
0.00758057
0.00485977
0.00419778
0.00512836
0.00202159
0.00367746
0.0102817
0.00305436
0.00846948
0.00304826
0.00223538
0.00178716
0.0127024
0.00115322
0.0341474
0.00558405
0.00305239
0.00450914
0.0111862
0.00838297
0.00742902
0.0125805
0.00351826
0.00911857
0.00364248
0.00697014
0.00844128
0.0059782
0.000777826
4.44719e-05
0.0148429
0.00550839
0.00603358
0.0144682
0.00224196
0.00639814
0.0189152
0.00138514
0.00064216
0.00699013
0.00968691
0.0085259
0.00428672
0.0287917
0.00404317
0.00239624
0.0162674
0.0331007
0.00835082
0.017248
0.00425443
0.00220147
0.0080187
0.0422248
0.006861
0.0105807
0.014919
0.0139801
0.00350211
0.000630259
0.00740126
0.0116475
0.00517978
0.00167967
0.00593258
0.0056278
0.00757553
0.00198163
0.00831346
0.00486302
0.00672777
0.00176025
0.000562924
0.0139229
0.011571
0.00527282
0.00188843
0.00379465
0.00744488
0.00456623
0.00195977
0.00330852
0.0157126
0.00314416
0.00171872
0.00460648
0.0288948
0.00663222
0.00560321
0.0254652
0.0482057
0.0402311
0.0294742
0.00190654
0.0104242
0.0140673
0.00182423
0.0122297
0.00582256
0.0105296
0.00238558
0.0096376
0.00554192
0.0263024
0.0055036
0.00261027
0.0127714
0.00839142
0.00898831
0.0238125
0.0176053
0.0178807
0.011464
0.0147138
0.0106514
0.00674038
0.00265472
0.00381431
0.0109744
0.00188977
0.000454888
0.00849825
0.00767567
0.000651873
0.00785011
0.0254753
0.00458435
5.92902e-05
0.00269143
0.00417412
0.00554961
0.00410556
0.015742
0.00483521
0.00328513
0.00733067
0.00254692
0.000909403
0.00388579
0.0029258
0.00637076
0.0113755
0.00172742
0.000717561
0.00920379
0.00330719
0.00989047
0.00108876
0.00979812
0.0129203
0.00599058
0.00538547
0.0047209
0.019622
0.00235305
0.0079233
0.00334214
0.00385166
0.00234885
0.00871435
0.00128458
0.00268815
0.0122408
0.00259817
0.00131106
0.00693447
0.00394639
0.000165588
0.00551973
0.00545475
0.00688073
0.00130723
0.000248668
0.0031002
0.00347237
0.0084181
0.0120237
0.00056009
0.000825125
0.0133086
0.00591533
0.00385222
0.00289101
0.00514381
0.00581576
0.0388934
0.00736753
0.0101117
0.00897577
0.0116331
0.0033242
0.00238521
0.0130537
0.0133233
0.000675087
0.013213
0.00610155
0.00992973
0.0128873
0.0308527
0.000445281
0.0205019
0.00561367
0.0125452
0.021623
0.00458411
0.00764287
0.00922312
0.00173647
0.000951842
0.00317665
0.0104317
0.00362319
0.00154229
0.0140536
0.00154862
0.00348566
0.00554037
0.00474387
0.00344092
0.00107191
0.000790779
0.00064229
0.000605165
0.00913705
0.00855429
0.0174642
0.00955655
0.0123473
0.000391638
0.00387924
0.00523314
0.00779963
0.00330092
0.00694467
0.00879407
0.0220419
0.011061
0.0342819
0.0129653
0.0111604
0.00230694
0.0317338
0.00470702
0.0074608
0.00803361
0.0406858
0.00044388
0.0101507
0.00489193
0.00376977
0.0135456
0.00119973
0.00523309
0.0180033
0.00786742
0.0118517
0.00083133
0.00700037
0.00810634
0.00244228
0.00118804
0.00979698
0.000523387
0.00880948
0.00271046
0.000432136
0.000178056
0.00649313
0.000960131
0.00580625
0.00105679
0.00557356
0.00870068
0.0073976
0.00403011
0.0114652
0.00826352
0.000818279
0.00513054
0.010013
0.00809939
0.00488699
0.00451283
0.00823789
0.00144561
0.0106062
0.0134837
0.00927759
0.000857227
0.00398867
0.0176929
0.00215238
0.00442342
0.0128592
0.0133739
0.0177824
0.0167955
0.0270756
0.0093276
0.00458611
0.013329
0.0168546
0.00154143
0.00862904
0.0065327
0.00087058
0.00379934
0.000170022
0.00360345
0.00604947
0.00811159
0.012605
0.00651686
0.0134615
0.0136503
0.00728377
0.00144538
0.0126801
0.00601446
0.00743893
0.00117995
0.00802993
0.00743478
0.0265855
0.00514463
0.00845865
0.00464079
0.00120617
0.00188881
0.00688795
0.000476952
0.0176563
0.00478579
0.000483234
0.00167998
0.00142595
0.00924694
0.00170074
0.000517327
0.00148176
0.00425945
0.0161766
0.00802793
0.0108388
0.00654475
0.00210234
0.00944812
0.00441682
0.00448446
0.00579042
0.00994324
0.00730907
0.00633386
0.00591872
0.00827705
0.000121941
0.00950695
1.62867e-05
0.00310362
0.0152233
0.0149358
0.00014938
0.00460471
0.00485316
0.00360764
0.000118045
0.0169967
0.00644442
0.00303622
0.0062292
0.00454304
0.00169804
0.00257303
0.0218125
0.00109177
0.0123484
0.00324545
0.0230175
0.00100153
0.00695218
0.00161167
0.00106931
0.000408859
0.0146715
0.0193405
0.00111768
0.00541073
0.00275761
0.018865
0.0114487
0.00799767
0.009493
0.00533371
0.00179944
0.00554681
0.0180007
0.0453674
0.00484139
0.00231504
0.00387201
0.00662752
0.000316826
0.00238473
0.00709423
0.00772848
0.00510983
0.00413806
0.00161057
0.00951172
0.0150471
0.00590813
0.00366563
0.00722218
0.00375608
0.00253765
0.00611478
0.00419049
0.00201824
0.0101708
0.00841189
0.00806269
0.00294589
0.00198679
0.00183454
0.00993656
0.00838241
0.00662461
0.00316128
0.0036375
0.00361903
0.00415074
0.0118417
0.00338808
0.00182006
0.00232421
0.00790692
0.00896258
0.00413461
0.00571023
0.00149544
0.00829973
0.00273874
0.000140691
0.00440499
0.00151299
0.0114892
0.00108046
0.00371446
0.019733
0.00805704
0.00655656
0.00403831
0.00922569
0.00264077
0.0079941
0.00824643
0.013932
0.00590643
0.00627269
0.0106557
0.0076489
0.00197818
0.0103456
0.00304272
0.00523133
0.0155862
0.00341051
0.00621005
0.00901969
0.00651403
0.00761218
0.00469254
0.0133411
0.010433
0.00347688
0.00920026
0.00696279
0.00442525
0.00895282
0.00458908
0.0018554
0.00211924
0.00778651
0.00206331
0.0152709
0.00342238
0.000347526
0.00890057
0.00699258
0.00713922
0.0122466
0.00872687
0.000969251
0.016056
0.00323552
0.00211325
0.000389599
0.00226782
0.00415876
0.000806772
0.0103036
0.00257037
0.00536521
0.00606996
0.00796367
0.00362279
0.0035967
0.0142863
0.00214995
0.00701132
0.00674232
0.00348228
0.0303865
0.0158057
0.0133587
0.0114554
0.00322525
0.00920338
0.00450341
0.00704149
0.00514977
0.00109765
0.00431224
0.00434955
0.000489101
0.012271
0.0212682
0.00705331
0.00109541
0.0130188
0.00792602
0.0141432
0.000624769
0.0203195
0.0127366
0.00309052
0.00405669
0.00704269
0.00521122
0.0159028
0.0206591
0.0130056
0.00287416
0.0278474
0.00142271
0.00177572
0.0197652
0.00192458
0.000961675
0.0123242
0.00357321
0.0184529
0.00969758
0.00258033
0.00101773
0.000547524
0.00356351
0.00169686
0.000234476
0.0195652
0.00354182
0.0126096
0.00381499
0.00235481
0.00621741
0.00805338
0.00502108
0.00834715
7.75485e-05
0.00280419
0.00123936
0.00287447
0.00620428
0.0107902
0.0133308
0.00132417
0.00265699
0.00306577
0.00327979
0.00199707
0.00448951
0.00831548
0.00270854
0.000972766
0.00220612
0.00368738
0.00767018
0.0105489
0.00119915
0.0100526
0.0021353
0.0152477
0.00233243
0.0151187
0.00873989
0.00116042
0.0105412
0.00302841
0.00837012
0.00533537
0.0124939
0.00793531
0.00727989
0.00420321
0.000204964
0.00805028
0.0107747
0.0125541
0.0116394
0.0206541
0.00677581
0.0108357
0.00718572
0.0057172
0.00423697
0.00774957
0.0210958
0.00693902
0.000474985
0.00523479
0.0058935
0.00489064
0.00793551
0.00687621
0.0125995
0.00200938
0.00272262
0.00601119
0.0114306
0.0132367
0.00504103
0.00142654
0.0213421
0.011201
0.000900308
0.00171678
0.0132207
0.00604918
0.00394228
9.16308e-05
0.00390028
0.00555476
0.00634337
0.00561139
0.00309742
0.0099308
0.0167581
0.00426231
0.0227858
0.00417071
0.00247518
0.0080799
0.00569586
0.00694822
0.00742173
0.00706413
0.00704586
0.00576245
0.00319215
0.00270416
0.00335289
0.00417443
0.00192296
0.0122233
0.00522894
0.00308964
0.00571291
0.000924201
0.0121125
0.0158451
0.0331633
0.00128791
0.01223
0.000201639
0.00348433
0.015806
0.00377914
0.00111323
0.00301485
0.00326485
0.00183871
0.00279096
0.00748221
0.00618358
0.00174754
0.0103544
0.00322532
2.73199e-05
0.000150264
0.0189811
0.00474001
0.00679508
0.0146227
0.0103396
0.00170608
0.000832325
0.00622567
0.00489786
0.00882482
0.00168137
0.00101342
0.0111334
0.00338025
0.00655872
0.00613176
0.00177175
0.000373481
0.0127192
0.00255167
0.00585232
0.00836711
0.0066345
0.00309094
0.00937535
0.00598643
0.0036948
0.00855258
0.00678343
0.00635409
0.0036884
0.0118045
0.0129617
0.000981971
0.00717659
0.0026374
0.00182889
0.00129806
0.00828698
0.00168818
0.00257739
0.00356193
0.0105113
0.0225886
0.000545278
0.00550948
0.0104844
0.0123121
0.00485392
0.00810964
0.00102745
0.0161669
0.00376051
0.0232885
0.00331839
0.00633894
0.000756489
0.00867233
0.00292233
0.00970712
0.0164878
0.00696361
0.00755214
0.0029867
0.00860419
0.0138151
0.00748967
0.00807362
0.00308841
0.0132696
0.000941986
0.00326893
0.0110572
0.0052731
0.000378232
0.00838064
0.00882674
0.00197472
0.000853107
0.000370645
0.00192624
0.000463718
0.0181598
0.00719137
0.0117028
0.00548352
0.0126457
0.004094
0.0149185
0.00836194
0.00937743
0.0154677
0.00305142
0.0109096
0.00738913
0.00591294
0.00757804
0.000689614
0.00226485
0.0056092
0.011484
0.000975314
0.0101223
0.018882
0.00530306
0.00826804
0.00221623
0.00640159
0.0071547
0.0050968
0.00315156
0.00171928
0.00802336
0.0171879
0.00683038
0.00128758
0.00711871
0.0038313
0.000451822
0.00715
0.00640292
0.00421814
0.0056439
0.00179431
0.00111671
0.00778915
0.00490725
0.00423717
0.00147205
0.00535467
0.000389541
0.00856432
0.00351316
0.00727271
0.0103664
0.0229506
0.00982321
0.00246614
0.0162666
0.00132218
0.0182771
0.0112888
0.00546757
0.0139025
0.00655507
0.000725511
0.00118532
0.00437885
0.00182308
0.0093401
0.00168938
0.000496196
0.00880595
0.0112727
0.00102724
0.00817371
0.00439926
0.00997649
0.00575805
0.00809351
0.00922378
0.00245769
0.00706371
0.0197746
0.00207868
0.00200446
0.00110913
0.0103187
6.02708e-05
0.00723186
0.00421098
0.00328984
0.00477821
0.00316636
0.00501515
0.00153087
0.00340269
0.0125576
0.00772781
0.00156802
0.00778384
0.00863076
0.011984
0.0014774
0.00361706
0.00227296
0.001931
0.00285306
0.00989827
0.00964155
0.00355733
0.00687497
0.000305617
0.0146893
0.00502907
0.00621597
0.0023531
0.00226103
0.0101302
0.0125984
0.0153385
0.0047819
0.0013829
