0.180587
0.191925
0.193329
0.188097
0.188538
0.192822
0.186742
0.189702
0.188309
0.188562
0.195165
0.187431
0.188619
0.18779
0.187739
0.196278
0.189126
0.1886
0.189493
0.188479
0.188395
0.190438
0.188123
0.190427
0.186908
0.186945
0.191351
0.186927
0.192482
0.187173
0.18689
0.192237
0.189038
0.192689
0.18844
0.188524
0.192467
0.186578
0.18978
0.188594
0.188521
0.196459
0.188168
0.188693
0.189533
0.188387
0.19547
0.187348
0.18815
0.189399
0.188599
0.192251
0.188346
0.188174
0.189803
0.189044
0.187856
0.192012
0.188089
0.192748
0.187032
0.187228
0.193036
0.189792
0.194067
0.190142
0.189594
0.193348
0.18957
0.190452
0.188118
0.189568
0.193957
0.187789
0.188902
0.1887
0.189801
0.195592
0.188062
0.189556
0.190579
0.188082
0.195528
0.188333
0.188928
0.190796
0.189076
0.194702
0.186402
0.189275
0.189042
0.189389
0.196225
0.189085
0.188517
0.190353
0.18817
0.192591
0.188594
0.190136
0.190033
0.188576
0.188777
0.191169
0.187734
0.193932
0.188594
0.188179
0.194823
0.188998
0.194969
0.187968
0.190106
0.193504
0.189466
0.191231
0.188211
0.185762
0.192692
0.187147
0.188753
0.187786
0.188427
0.19404
0.18817
0.187842
0.190349
0.188017
0.195502
0.189812
0.188689
0.18974
0.185886
0.194626
0.187801
0.189168
0.190742
0.188655
0.190622
0.189219
0.188144
0.192075
0.188347
0.193386
0.19058
0.187237
0.194484
0.187908
0.192976
0.188004
0.18941
0.191745
0.188362
0.189666
0.193808
0.190019
0.191687
0.190127
0.190513
0.194059
0.189203
0.190084
0.188672
0.187423
0.194915
0.189044
0.188774
0.191663
0.188134
0.19409
0.187007
0.187481
0.190383
0.186695
0.1965
0.188096
0.187352
0.189249
0.186115
0.189758
0.189726
0.189773
0.191886
0.186294
0.189043
0.18655
0.186061
0.191375
0.188819
0.193357
0.188633
0.189331
0.192205
0.189905
0.192693
0.18862
0.18822
0.190106
0.187913
0.191416
0.190351
0.189494
0.194278
0.188536
0.192546
0.189368
0.188856
0.193258
0.188159
0.192129
0.190473
0.189858
0.192488
0.189566
0.192136
0.189502
0.190047
0.191078
0.188331
0.191212
0.190823
0.188234
0.190073
0.191548
0.190509
0.19683
0.189737
0.188685
0.192517
0.189871
0.197082
0.188027
0.187974
0.191242
0.188973
0.196283
0.189254
0.18627
0.188486
0.185793
0.193964
0.187457
0.188412
0.191139
0.186788
0.192848
0.188935
0.189736
0.192994
0.18948
0.191099
0.191594
0.190116
0.194122
0.188112
0.191228
0.189856
0.188944
0.194425
0.189475
0.193109
0.190209
0.18852
0.192376
0.189972
0.189727
0.190633
0.187663
0.193737
0.188285
0.191141
0.190737
0.188996
0.191409
0.18884
0.193087
0.19061
0.188893
0.18936
0.190878
0.189461
0.193069
0.188313
0.189995
0.190195
0.18995
0.197056
0.188799
0.188696
0.189798
0.189014
0.192355
0.189496
0.190936
0.191363
0.189632
0.192454
0.189711
0.190319
0.192898
0.189155
0.190764
0.19045
0.188454
0.194131
0.190197
0.191932
0.192094
0.187109
0.194033
0.189917
0.192446
0.191388
0.187809
0.194959
0.186576
0.188801
0.189792
0.189361
0.169889
0.192822
0.189308
0.188214
0.188329
0.188482
0.19512
0.189765
0.189941
0.191496
0.189348
0.19115
0.188653
0.188353
0.189888
0.188908
0.189672
0.189761
0.189323
0.193755
0.18907
0.190981
0.189768
0.189486
0.19514
0.189461
0.191445
0.191418
0.18915
0.194382
0.188709
0.192035
0.190576
0.190059
0.190079
0.189014
0.191457
0.191365
0.1886
0.188016
0.189159
0.19179
0.192707
0.18954
0.189505
0.190571
0.189877
0.194651
0.189941
0.189933
0.189502
0.192159
0.192204
0.189504
0.189698
0.192219
0.194513
0.19456
0.188485
0.190409
0.191574
0.188507
0.189324
0.190825
0.19009
0.194133
0.188305
0.192013
0.190144
0.189581
0.194418
0.189743
0.191705
0.191483
0.190109
0.19442
0.188954
0.189492
0.190427
0.189806
0.190181
0.189593
0.192718
0.191516
0.189542
0.190509
0.190029
0.192441
0.191163
0.189047
0.188943
0.190348
0.19236
0.193244
0.189296
0.189484
0.191684
0.191338
0.192674
0.188442
0.190318
0.19193
0.19249
0.193771
0.188164
0.189219
0.190619
0.192077
0.188783
0.191322
0.187181
0.193243
0.1878
0.190871
0.191359
0.189861
0.194234
0.188451
0.193127
0.190551
0.18764
0.193401
0.189641
0.191924
0.192254
0.188973
0.191168
0.188804
0.192066
0.191933
0.189982
0.189198
0.190217
0.191917
0.194099
0.189669
0.188785
0.19128
0.193787
0.194308
0.18966
0.189702
0.189213
0.192395
0.19116
0.188554
0.190128
0.19137
0.191249
0.190094
0.190965
0.190165
0.191611
0.192482
0.188172
0.19186
0.189513
0.194973
0.192209
0.189235
0.19149
0.188843
0.194303
0.193039
0.189755
0.191242
0.1883
0.19383
0.187906
0.191445
0.190948
0.18923
0.188551
0.191568
0.190956
0.19466
0.189631
0.189024
0.190509
0.19163
0.194941
0.188465
0.189006
0.190095
0.190877
0.194173
0.188596
0.189364
0.19007
0.19188
0.191881
0.188863
0.190039
0.192502
0.19178
0.190227
0.191733
0.189238
0.19483
0.19157
0.190109
0.190056
0.189166
0.194756
0.192172
0.189662
0.191616
0.188981
0.191607
0.189282
0.188685
0.19053
0.189332
0.1897
0.190009
0.191585
0.194354
0.189109
0.189997
0.190713
0.192065
0.193418
0.189913
0.189175
0.191662
0.192183
0.194642
0.189458
0.189424
0.191768
0.193409
0.192218
0.189812
0.189787
0.190971
0.192169
0.18967
0.191261
0.187803
0.190809
0.192484
0.189515
0.190474
0.188246
0.19298
0.191028
0.190202
0.191628
0.189958
0.195151
0.192076
0.189241
0.191394
0.189847
0.190401
0.191922
0.18979
0.191552
0.188543
0.189052
0.191516
0.192053
0.19448
0.189914
0.189589
0.189649
0.192098
0.194983
0.189076
0.190042
0.189579
0.190723
0.194517
0.188908
0.189496
0.190921
0.191145
0.191221
0.18875
0.189616
0.191257
0.190722
0.189734
0.189612
0.189857
0.193196
0.192645
0.188956
0.190342
0.188804
0.194694
0.192539
0.188905
0.191262
0.188903
0.193191
0.190906
0.188416
0.191774
0.189334
0.194165
0.190488
0.186431
0.192196
0.188936
0.189639
0.191075
0.188468
0.194562
0.18852
0.19029
0.192398
0.187229
0.193226
0.188231
0.189582
0.190379
0.191986
0.193548
0.18744
0.189537
0.190609
0.191077
0.189767
0.188064
0.189795
0.193825
0.190544
0.188674
0.190602
0.188751
0.193395
0.19124
0.189588
0.189077
0.188535
0.194346
0.190852
0.189535
0.191049
0.189281
0.19008
0.192202
0.190004
0.193232
0.188351
0.190422
0.192829
0.189112
0.193301
0.187729
0.189755
0.19286
0.187743
0.19418
0.190547
0.189051
0.191846
0.191601
0.189716
0.190169
0.187676
0.197285
0.193743
0.191734
0.195589
0.1913
0.197295
0.194124
0.19033
0.196004
0.19156
0.197173
0.194665
0.191133
0.197386
0.191284
0.196275
0.194692
0.191229
0.196375
0.192099
0.197454
0.193802
0.191411
0.197476
0.19139
0.196931
0.194032
0.191228
0.196734
0.191043
0.196299
0.19516
0.191362
0.197254
0.191242
0.197484
0.194065
0.190744
0.197581
0.19155
0.198053
0.194417
0.191673
0.196954
0.190952
0.198012
0.194939
0.191908
0.196108
0.191668
0.197657
0.194958
0.191114
0.197009
0.191389
0.190935
0.199581
0.191486
0.197073
0.191218
0.19163
0.200452
0.190889
0.196353
0.190554
0.190578
0.199976
0.190493
0.196197
0.191178
0.191222
0.200715
0.190838
0.195778
0.187804
0.191292
0.194986
0.191873
0.193377
0.18814
0.192094
0.201222
0.190799
0.196327
0.190236
0.192096
0.199064
0.190601
0.196802
0.19041
0.190046
0.199317
0.190499
0.195611
0.189458
0.192015
0.199219
0.19099
0.196559
0.189962
0.191211
0.200434
0.19014
0.195579
0.19084
0.191007
0.199979
0.190289
0.194168
0.190326
0.188368
0.199542
0.190094
0.195916
0.190111
0.189994
0.199169
0.191422
0.197453
0.191002
0.191572
0.199096
0.190609
0.196702
0.190017
0.191414
0.20004
0.190945
0.196727
0.191768
0.191561
0.196518
0.191428
0.19052
0.195251
0.191062
0.198737
0.190941
0.191483
0.196112
0.189952
0.199065
0.190448
0.191036
0.19566
0.190853
0.199282
0.190468
0.190652
0.196832
0.191269
0.198927
0.191392
0.191111
0.197514
0.191172
0.199607
0.191145
0.191512
0.197006
0.191444
0.19922
0.19086
0.191505
0.197498
0.191358
0.199151
0.190112
0.190692
0.197296
0.19024
0.200645
0.191028
0.190646
0.196804
0.189797
0.189335
0.187117
0.189924
0.1959
0.191109
0.191885
0.197226
0.190944
0.196824
0.191012
0.191058
0.197107
0.190498
0.196163
0.191418
0.191473
0.199928
0.191586
0.196899
0.190394
0.191337
0.198143
0.190606
0.196278
0.191014
0.191135
0.200028
0.190248
0.196363
0.191058
0.191381
0.199678
0.19108
0.19687
0.189521
0.189979
0.198328
0.190041
0.196382
0.190085
0.190768
0.200128
0.191113
0.190784
0.196174
0.191532
0.199403
0.190176
0.189847
0.195438
0.191314
0.199813
0.188458
0.190643
0.196058
0.191381
0.198667
0.191675
0.190766
0.196434
0.189062
0.199117
0.190223
0.190706
0.197314
0.191244
0.199094
0.191601
0.190941
0.196862
0.191288
0.198438
0.190781
0.19042
0.195976
0.191585
0.198802
0.190473
0.187974
0.197426
0.190468
0.20033
0.19084
0.188077
0.197982
0.191189
0.199922
0.190992
0.19105
0.196679
0.191448
0.198406
0.191207
0.190691
0.197691
0.190539
0.198799
0.190967
0.191053
0.197359
0.190765
0.193284
0.18768
0.191786
0.197938
0.191249
0.193486
0.187858
0.190209
0.196344
0.190428
0.192135
0.196116
0.191001
0.196456
0.188897
0.19269
0.195774
0.191587
0.196103
0.191884
0.193426
0.196022
0.188806
0.196251
0.190539
0.193691
0.197303
0.189962
0.196624
0.190707
0.193377
0.198134
0.190051
0.196244
0.191599
0.193321
0.197204
0.190646
0.197548
0.191031
0.193087
0.196972
0.191771
0.196086
0.19079
0.194546
0.197822
0.191483
0.195641
0.191333
0.193822
0.196459
0.189376
0.194291
0.189422
0.193671
0.196818
0.190534
0.192009
0.188098
0.190646
0.199836
0.190206
0.191835
0.196277
0.191729
0.198971
0.191067
0.192119
0.195994
0.191564
0.198822
0.190064
0.190834
0.197438
0.190179
0.198766
0.191158
0.190248
0.197342
0.191373
0.200126
0.191598
0.191393
0.198833
0.191098
0.199112
0.190511
0.191249
0.197137
0.190279
0.199184
0.19138
0.190865
0.19749
0.191756
0.200433
0.189593
0.19099
0.196267
0.190754
0.198574
0.190418
0.190567
0.197044
0.191382
0.200071
0.191655
0.190892
0.196846
0.191107
0.194028
0.188058
0.190325
0.196992
0.19113
0.194362
0.195337
0.191838
0.196148
0.191089
0.193899
0.195383
0.191008
0.196495
0.191446
0.194868
0.197703
0.19081
0.196764
0.191272
0.194676
0.197474
0.189881
0.196243
0.190815
0.194835
0.197343
0.191269
0.19706
0.191713
0.194679
0.197084
0.19154
0.196311
0.19116
0.194271
0.197616
0.191095
0.197291
0.191164
0.194418
0.19625
0.191534
0.196673
0.190948
0.193883
0.196738
0.191309
0.196256
0.190832
0.194221
0.197744
0.190557
0.196774
0.190645
0.194262
0.196896
0.19135
0.195099
0.191561
0.193257
0.196529
0.191695
0.191098
0.188117
0.193691
0.197595
0.190915
0.191293
0.194941
0.194251
0.196165
0.191471
0.191127
0.196932
0.193594
0.194545
0.188224
0.194295
0.1906
0.189848
0.192938
0.191668
0.1956
0.19111
0.192138
0.192911
0.191116
0.19402
0.19161
0.193682
0.196126
0.190913
0.196005
0.190387
0.194324
0.196751
0.19126
0.197023
0.191106
0.193642
0.196098
0.190613
0.196213
0.191779
0.194591
0.19725
0.191313
0.196764
0.191572
0.194623
0.197425
0.189983
0.19553
0.189358
0.188973
0.196966
0.168389
0.195495
0.192033
0.188716
0.190975
0.195825
0.194434
0.19536
0.190458
0.19177
0.195183
0.194888
0.196504
0.191795
0.191125
0.195332
0.192551
0.195467
0.190898
0.191469
0.196391
0.193889
0.196013
0.191424
0.190619
0.196001
0.193678
0.194893
0.190763
0.191453
0.195641
0.193132
0.195487
0.190655
0.191629
0.196479
0.192533
0.196327
0.19118
0.191393
0.19641
0.192836
0.191294
0.19504
0.190352
0.196468
0.194009
0.191473
0.195309
0.190832
0.195695
0.194442
0.191476
0.193977
0.191889
0.19581
0.194928
0.190455
0.196338
0.190499
0.195881
0.194197
0.189792
0.195984
0.190661
0.194009
0.190082
0.193954
0.196603
0.191047
0.19598
0.191369
0.193434
0.19657
0.190699
0.196288
0.191324
0.194028
0.195535
0.190602
0.195932
0.190456
0.194046
0.196513
0.19052
0.19157
0.192162
0.195161
0.195854
0.190595
0.191196
0.190734
0.192619
0.194809
0.188502
0.188459
0.195315
0.193357
0.195832
0.191079
0.191801
0.195727
0.19455
0.196038
0.188359
0.19132
0.197173
0.194614
0.196059
0.187006
0.190457
0.191846
0.19303
0.194851
0.189709
0.187026
0.194661
0.193099
0.195227
0.189969
0.189998
0.192905
0.193689
0.195277
0.189883
0.190215
0.196036
0.194737
0.196187
0.191805
0.191216
0.196271
0.193518
0.197063
0.191395
0.191446
0.195084
0.195393
0.194683
0.190709
0.191942
0.196359
0.194836
0.195909
0.19146
0.191339
0.196675
0.194643
0.196147
0.191251
0.191329
0.19685
0.194673
0.195995
0.191706
0.1874
0.193772
0.191567
0.196705
0.190899
0.191889
0.192894
0.194202
0.195657
0.19157
0.191082
0.196509
0.192932
0.194846
0.190149
0.190783
0.196474
0.194072
0.195338
0.189543
0.190466
0.195435
0.195121
0.196754
0.189821
0.191277
0.196933
0.194672
0.195734
0.191219
0.190621
0.196301
0.194336
0.195718
0.190793
0.191299
0.197047
0.196209
0.190558
0.190315
0.191097
0.195993
0.195153
0.190769
0.196554
0.191899
0.19647
0.194275
0.191797
0.194665
0.190673
0.195323
0.192147
0.192243
0.196229
0.188581
0.196228
0.194543
0.191513
0.194931
0.191443
0.195869
0.193935
0.191658
0.196324
0.190322
0.196619
0.194681
0.191405
0.196222
0.191255
0.195374
0.194808
0.190803
0.195529
0.191908
0.195785
0.193884
0.191885
0.195327
0.191091
0.196132
0.193804
0.191979
0.196414
0.19162
0.196083
0.193038
0.191998
0.195391
0.190913
0.190934
0.193954
0.191522
0.196143
0.191979
0.19152
0.197872
0.1911
0.196466
0.191115
0.191609
0.198572
0.191328
0.196554
0.192183
0.192342
0.197492
0.192058
0.19579
0.191306
0.191657
0.197962
0.191118
0.195496
0.19174
0.191446
0.199174
0.192009
0.195701
0.19163
0.19181
0.198542
0.191854
0.194146
0.191042
0.191771
0.198384
0.192016
0.195756
0.191518
0.19071
0.199168
0.1906
0.194714
0.191935
0.19168
0.1995
0.19093
0.195872
0.1916
0.191691
0.198533
0.19066
0.196303
0.191121
0.18952
0.200338
0.191893
0.19641
0.191772
0.190421
0.19958
0.191458
0.196544
0.191342
0.191264
0.198677
0.192034
0.190485
0.190976
0.191079
0.199708
0.192161
0.19201
0.188667
0.19131
0.200107
0.191367
0.191096
0.194389
0.191161
0.195229
0.192211
0.191556
0.195842
0.191047
0.196578
0.193784
0.204225
0.196164
0.191099
0.199107
0.19012
0.190473
0.194801
0.190176
0.195063
0.192919
0.189944
0.195281
0.191097
0.19487
0.195
0.192153
0.196713
0.190545
0.19667
0.193806
0.190703
0.196375
0.191372
0.195837
0.193698
0.190661
0.19551
0.191781
0.195388
0.190698
0.191123
0.196169
0.191674
0.19556
0.193319
0.191882
0.196877
0.191447
0.194219
0.193933
0.19113
0.196055
0.191798
0.196487
0.193723
0.191268
0.194968
0.191359
0.191028
0.199358
0.191441
0.194795
0.191249
0.190794
0.199538
0.190803
0.195612
0.191613
0.191121
0.199107
0.191637
0.195896
0.191747
0.190684
0.199278
0.191071
0.195234
0.191381
0.1908
0.199328
0.191216
0.194678
0.191158
0.19114
0.199654
0.19103
0.196001
0.19086
0.191804
0.199127
0.190222
0.195346
0.191339
0.191148
0.200065
0.189599
0.195602
0.191601
0.190914
0.19801
0.190668
0.195946
0.190447
0.191643
0.198981
0.190945
0.190564
0.190635
0.191148
0.197886
0.19141
0.191404
0.195037
0.190772
0.198393
0.190456
0.189408
0.195896
0.191785
0.197204
0.191331
0.191278
0.195689
0.191232
0.198674
0.191372
0.192182
0.195267
0.1884
0.197518
0.19082
0.192098
0.195427
0.191805
0.197752
0.19051
0.190682
0.195854
0.190277
0.197441
0.191913
0.191899
0.196569
0.18857
0.198939
0.191286
0.191603
0.195715
0.191359
0.19874
0.188215
0.192006
0.196255
0.190748
0.198399
0.192045
0.192067
0.195149
0.188046
0.198746
0.190606
0.188447
0.197246
0.191033
0.198774
0.19178
0.191821
0.193788
0.190953
0.198802
0.191488
0.191167
0.195001
0.19133
0.199958
0.190505
0.191781
0.195357
0.19116
0.198209
0.191106
0.191284
0.19553
0.19129
0.198714
0.191119
0.190779
0.196193
0.191674
0.199835
0.19132
0.191487
0.196999
0.19171
0.195464
0.188358
0.187539
0.194028
0.188787
0.189264
0.188188
0.187469
0.19219
0.187679
0.189908
0.189286
0.188466
0.192447
0.188253
0.188157
0.190551
0.18947
0.194966
0.188577
0.188788
0.191476
0.188909
0.190715
0.188748
0.189392
0.190358
0.18879
0.188462
0.189572
0.186499
0.196364
0.188709
0.188373
0.186854
0.188721
0.195255
0.186868
0.188386
0.188637
0.187817
0.191435
0.188542
0.187806
0.191939
0.187236
0.190726
0.187815
0.188292
0.192322
0.188963
0.188851
0.188816
0.187978
0.188858
0.18671
0.188399
0.190719
0.187665
0.18749
0.186528
0.183567
0.193315
0.18746
0.186309
0.187026
0.185345
0.194748
0.187646
0.186688
0.186769
0.187181
0.191151
0.187753
0.187853
0.188481
0.187186
0.191135
0.188682
0.189093
0.193822
0.188071
0.191472
0.188134
0.187181
0.192988
0.186049
0.190767
0.18875
0.188465
0.192797
0.186848
0.189994
0.187683
0.184823
0.186551
0.18573
0.185757
0.194333
0.187297
0.187789
0.187338
0.188377
0.195891
0.18913
0.188162
0.189125
0.188529
0.191034
0.188467
0.188052
0.194159
0.187998
0.190155
0.188745
0.188555
0.194187
0.188609
0.189868
0.187926
0.188971
0.193588
0.188839
0.191196
0.188765
0.189853
0.187764
0.188766
0.188655
0.194797
0.188908
0.188901
0.188915
0.187044
0.195263
0.188228
0.188918
0.188793
0.189226
0.197159
0.187825
0.189302
0.188974
0.187811
0.191236
0.189012
0.188538
0.193264
0.189431
0.191849
0.188618
0.18828
0.193702
0.188209
0.191331
0.189705
0.189854
0.192856
0.187214
0.191983
0.18807
0.186386
0.188272
0.187874
0.190619
0.192281
0.188577
0.187896
0.187887
0.18824
0.194198
0.189262
0.188864
0.187194
0.187652
0.190584
0.187194
0.1875
0.186737
0.187741
0.189923
0.187807
0.187552
0.192801
0.186644
0.189129
0.188457
0.189435
0.194114
0.188255
0.190838
0.189205
0.188308
0.189796
0.187776
0.190533
0.192928
0.187996
0.188686
0.188322
0.191565
0.192925
0.186956
0.188795
0.18788
0.189578
0.195961
0.1882
0.188231
0.187851
0.187456
0.189091
0.186226
0.18892
0.193245
0.188799
0.191199
0.187589
0.18945
0.191456
0.188394
0.1898
0.188364
0.188493
0.18946
0.187988
0.190701
0.187739
0.187614
0.189643
0.188265
0.192035
0.194121
0.188331
0.18767
0.18913
0.190785
0.193146
0.188722
0.187546
0.189101
0.190705
0.190623
0.188633
0.186921
0.189392
0.18884
0.191157
0.188642
0.18836
0.194487
0.187533
0.191456
0.188289
0.187508
0.193096
0.188518
0.192226
0.187822
0.188244
0.190233
0.187321
0.190693
0.191629
0.189069
0.187862
0.187654
0.191695
0.192646
0.188896
0.187783
0.188627
0.190297
0.193671
0.187982
0.187432
0.188405
0.190962
0.188162
0.188883
0.187653
0.193799
0.187285
