510.254, -8.908, -1.24591
499.598, -15.7692, 2.17641
501.644, -10.4673, -0.69018
516.289, 1.49727, 1.99267
537.475, -2.32165, -2.84572
504.385, 36.1221, 2.50243
531.208, 18.7996, -2.33002
561.044, 3.57217, -2.29002
506.723, -19.0101, 1.10245
530.274, -7.11979, -0.601265
518.699, -14.9609, -1.73842
577.409, -1.57752, 0.907778
523.819, 22.9121, 0.906548
513.027, -18.204, 0.817971
525.133, -3.78868, -1.68887
498.812, -9.50052, 1.38884
506.839, 19.3557, -3.133
503.387, 25.591, 3.01168
564.768, 3.17522, -1.97776
526.076, 14.0425, -1.17829
513.537, 20.3552, -2.90688
507.948, -2.65877, 1.68422
517.124, 21.8277, 2.49882
508.289, -19.3178, -0.932099
504.925, 20.1058, 0.685376
519.531, 24.0564, -2.75781
543.999, 13.5893, 2.77277
524.921, 22.3786, 0.976016
503.923, 0.395754, 2.38532
511.526, -10.1118, 2.25035
559.256, 6.5749, 0.293493
513.246, -11.2311, 2.33098
501.539, 26.5264, 1.40509
531.999, 9.86538, -1.57205
500.896, -21.7796, 0.412683
517.534, 14.7866, 1.45344
518.68, 21.2086, -2.39441
517.436, 11.9371, 2.55405
512.806, -2.32846, 1.83087
517.208, -10.7866, 1.06215
502.723, -0.584094, 2.3749
546.678, 6.49618, 3.00071
531.726, -10.7979, -1.67658
549.917, -1.68038, 1.76351
546.684, -0.0435825, 0.486811
498.4, 18.0691, 0.69994
497.587, 2.5369, 0.578125
512.556, -0.763785, 2.73791
559.292, 5.2723, 1.51635
503.921, 29.1113, 2.13807
513.577, 13.3281, -2.55373
502.13, 16.643, 1.86744
519.93, -3.20214, -0.277679
554.664, -1.49137, 1.07536
513.273, 12.8669, 0.464055
536.932, 8.07228, -2.66294
522.279, 17.4496, -1.20141
527.28, 19.6149, -0.0360585
502.657, 33.4847, 1.7429
536.318, -8.66277, 1.48795
518.555, -1.14564, 2.55239
518.961, -22.4647, 3.1407
536.661, -17.2638, 2.13957
576.288, -1.62106, -1.39917
628.08, 51.3745, 1.34365
621.614, 40.3075, 1.82173
616.77, 40.3343, 1.275
596.934, 19.9342, -3.13557
618.89, 39.46, 2.8289
599.423, 29.7009, 2.0423
606.586, 37.9468, 2.60531
614.48, 45.0522, -2.75024
613.104, 44.9229, 3.06614
617.137, 40.0113, -1.33392
607.695, 27.6923, -1.25992
612.874, 38.4462, 1.9091
636.275, 54.433, 1.95881
629.366, -2.92369, -0.299445
641.347, 13.8746, -2.66172
633.095, 31.2384, -0.874156
599.596, 12.222, 1.39616
597.334, 8.36916, -1.37591
643.212, 11.4069, 2.16154
655.968, 7.54627, 0.837671
655.802, -9.78321, 0.784304
610.936, 63.277, -1.44552
598.718, 79.8154, 2.54878
578.411, 3.53271, 0.250317
577.829, 4.3983, -1.47427
610.064, 75.8621, -1.29965
592.049, 69.2261, 1.75284
589.117, 45.6184, 0.950977
622.264, 70.1504, -2.05341
623.018, 14.8714, -0.975962
599.236, 72.4406, -0.34218
629.408, 31.217, -0.214419
648.618, 30.1908, -1.09273
601.015, 9.52955, -1.49876
596.421, 47.0016, 1.77438
606.91, 71.911, 1.272
618.613, 50.8147, -0.748516
598.463, 72.042, -0.210528
627.429, 68.1728, 1.0453
587.265, 18.6138, 1.06339
611.214, 65.2967, -2.31207
603.346, 73.5988, 1.80552
580.85, 77.6474, 2.83629
591.554, 45.5233, 1.62233
586.654, 54.8781, 0.0160052
591.955, 38.317, 0.584818
587.901, 47.2558, 1.68807
601.627, 33.7549, -0.190569
605.377, 48.2776, -0.882416
628.243, -47.4303, 2.9073
646.898, 25.869, -0.739991
619.61, -39.9733, 2.86563
609.159, -57.5656, 0.00309181
576.012, 7.3057, -0.270253
553.562, -29.8951, 1.78587
551.184, 73.2371, -3.12571
553.743, 39.3056, 2.03982
565.916, 28.9629, 1.8886
567.902, -47.4601, 0.805724
566.307, 59.0751, 1.99449
569.82, 71.0446, 0.628058
570.333, 48.4744, -2.61044
579.484, 76.4104, 0.84713
583.795, 67.8244, 2.38471
601.231, 67.3633, -0.123128
613.801, 66.5569, -0.674717
617.005, 66.3414, -2.82421
605.048, 48.2359, 2.66107
591.308, 42.9258, -2.69075
593.304, 48.9622, 2.58394
604.986, 50.5814, -2.02632
607.105, 59.9709, -1.95574
630.709, 28.885, 0.437338
638.234, 31.5788, 1.12597
606.724, 78.1782, -1.82336
542.406, 0.326511, 2.04171
552.523, -11.0865, -2.74414
527.465, -55.4902, -0.982163
550.555, -63.6097, 2.07715
576.588, 6.66855, -0.139715
576.556, 7.80723, 0.129898
574.586, 5.10289, 1.18126
576.627, 7.38299, 2.25904
606.469, 28.4874, 1.98087
612.329, 35.1552, 2.87675
635.725, 53.5384, -0.584736
624.208, 48.8399, -2.16551
634.736, 42.7459, -0.0108867
607.307, 25.2327, 0.0912261
544.935, 77.1241, -2.01336
530.991, 68.2495, 2.99504
528.475, 69.8483, -1.73049
542.719, 57.3763, -1.63896
553.415, 63.2336, -2.08255
611.579, -51.813, -0.755413
575.69, 7.54122, -0.844033
608.463, -54.9372, 1.29258
634.739, -26.7689, -1.01386
613.594, -18.5493, -1.52818
625.45, -28.7244, 2.96862
627.957, -30.6511, -0.510663
630.492, -48.008, 2.83331
513.507, 21.1329, -0.692902
601.821, -55.2621, 0.334374
508.478, -16.2601, 3.06093
516.624, -4.97593, -1.61016
500.097, 15.5978, -1.01711
508.583, -7.95633, 1.754
510.409, -0.950518, 1.0298
541.645, 11.125, -0.64588
530.246, 28.3034, 1.85085
562.624, 36.4087, 0.928261
574.137, 26.8746, -2.03443
579.748, 49.2078, -2.88895
561.754, 81.1959, 2.51954
571.218, 58.6332, 1.01164
578.457, 54.1646, 1.69957
554.358, 34.3387, -1.46289
556.651, 53.0292, 2.44524
557.47, 48.013, 2.79773
572.105, 22.7948, 2.64946
551.622, 73.9695, 2.52112
572.469, 6.48579, 1.9047
560.024, -65.0469, 2.56672
562.606, -44.8813, -0.199023
567.517, -40.4458, 1.37719
571.113, -50.4116, 2.71789
572.16, 5.94825, -2.3743
572.324, 7.10318, -1.54483
544.534, 37.8158, 1.83566
572.609, 6.10914, 1.02745
572.286, 5.84477, -1.34333
572.671, 6.21715, -0.32314
572.516, 6.80567, 0.995833
537.534, 75.4399, -1.67184
530.822, 69.6169, -2.36399
498.327, 29.6789, 2.71167
515.22, 63.9406, 2.22978
618.886, 13.9383, 2.79648
650.459, 11.7285, 0.232253
572.076, 7.62002, 2.39712
572.417, 6.71428, 1.21489
496.478, 26.8212, -1.42877
494.502, 18.2502, -2.8205
501.26, 6.3695, -0.0137773
507.167, 5.4291, -0.84181
527.847, 6.45359, -2.32954
498.369, 4.97862, 1.03601
493.472, 6.86064, -2.82513
538.616, 6.49222, -0.199748
514.727, 5.97738, 3.05192
495.359, -17.4864, -2.23484
495.629, -13.4878, -2.87173
521.523, -5.54499, -0.227848
513.52, -4.40658, 2.20492
500.21, -5.03182, 3.09389
526.584, 0.480958, 1.91071
515.099, -5.80299, -1.95714
501.289, -7.01437, -0.70013
572.498, 7.19974, -0.5194
572.191, 6.6819, 2.7093
573.118, 6.08151, -0.663877
572.796, 5.40803, -0.642982
572.988, 5.44052, 0.29797
573.051, 6.18802, 1.93539
572.477, 5.21505, -2.03628
577.98, 3.71964, -1.83935
573.127, 5.36617, -1.99761
575.259, 5.20605, -2.41012
641.622, -16.9986, -1.64754
653.645, 8.91509, 2.57346
649.76, 13.9805, -1.52352
618.635, 23.1141, -0.163664
594.434, 12.742, 2.03704
604.351, 18.3115, 0.36531
623.467, 41.3027, -1.27308
583.789, 30.9212, -1.1206
652.708, 3.81103, -0.615106
616.916, 17.3129, 0.724819
640.034, 14.0257, -0.313902
621.545, 26.6274, 2.86602
622.514, 32.4839, 2.04247
577.68, 4.96545, -3.05947
602.622, 13.8501, 2.78449
628.193, 27.4194, 1.09824
634.972, 36.0148, 2.42013
651.238, 24.7983, -1.23891
636.937, 19.0782, -0.821205
627.648, 16.904, 0.602737
635.198, -42.5913, -3.04697
607.361, -33.6082, 2.9246
604.556, -35.017, -0.454569
597.117, -38.3759, -2.47366
619.113, -56.5539, 1.34034
583.032, -22.2856, -2.48813
623.374, 36.7686, -0.2981
578.524, 4.02811, -1.4552
617.919, 70.7651, 1.33196
614.512, -45.6699, -2.70769
578.368, 4.37623, -0.99602
519.589, -15.5481, 0.780073
577.233, 4.30463, -1.12708
577.349, -2.0942, -0.36755
501.622, 2.94815, 2.4225
542.392, -32.5503, -2.3262
619.104, -51.6413, 0.362633
543.09, -24.6144, -0.956967
510.567, -37.2678, -1.15219
642.043, -6.62916, 2.67148
616.375, -61.4164, 1.81293
596.822, -27.2404, -1.24817
518.81, -38.9531, -0.219615
614.196, -68.7531, -1.79437
603.494, -51.1728, -2.97322
610.385, -48.1112, 0.202741
512.318, -5.33801, 1.82116
607.016, -14.3631, 0.941881
653.067, -22.3438, 2.38704
617.514, -27.9309, -2.16765
609.278, -17.8611, -1.18807
649.543, -25.3712, -0.388596
576.511, -4.02029, 3.02425
556.586, -8.7059, 1.07323
507.785, -21.8141, 1.64943
552.098, -7.84573, 1.45327
525.666, -2.45583, -2.40701
534.254, 2.74672, -1.67822
525.796, 3.19568, 0.784488
577.648, -2.40985, -0.138175
577.294, -3.23254, -0.534714
581.912, -4.34753, 0.809093
644.623, -46.139, -3.02679
642.368, -43.7519, 0.641388
642.904, -44.4461, -2.74782
581.312, -4.04219, -2.63005
576.468, -2.53408, -1.6754
583.362, -5.36099, -2.68985
576.936, -3.35823, -1.65804
576.172, -4.53676, 2.15717
576.724, -4.13332, 0.418861
574.911, -2.7595, 1.18573
575.812, -3.26054, 1.10844
576.277, -2.59268, 3.08498
576.176, -5.43119, -0.777599
575.282, -2.98907, -2.80568
575.009, -2.80814, 0.697438
576.079, -3.40621, 2.30799
580.869, 16.6917, 2.09285
588.055, 52.8626, -1.62598
593.426, 60.0754, -0.541501
590.139, 67.3616, 2.34526
598.414, 71.3064, 1.27699
573.723, -2.37941, 1.84929
592.753, 52.3267, -2.19886
604.698, 68.1894, 2.93701
573.75, -2.2753, 0.0477551
573.916, -2.46336, 0.248881
539.36, -38.8677, -0.580667
525.575, -63.4436, 2.90311
557.763, -21.6793, 2.21503
533.753, -55.0181, 0.363097
580.658, -52.9357, 2.40989
572.606, -3.53035, 1.16181
572.783, -3.299, 1.69579
572.447, -3.61661, -2.90403
629.47, -41.1062, -0.654291
637.293, -27.1484, -2.21361
565.598, -71.1887, 2.61348
564.743, -56.8643, 1.7501
547.122, -69.7216, -2.64768
558.437, -82.7375, -0.857177
551.244, -56.0725, -2.58742
558.836, -26.1526, 1.7068
540.334, -46.3763, 1.22293
603.26, -62.7299, -2.95896
603.167, -71.4478, -1.70704
598.79, -69.1115, 1.65447
632.342, 51.3217, -1.51474
610.636, 55.1422, -2.68494
607.204, 46.9679, -1.47536
602.088, 37.2619, -0.0125706
613.941, 51.4885, 3.0208
612.026, 50.4477, -1.92661
612.369, 46.4351, -2.75488
513.691, -22.6576, 0.657694
505.42, -48.0141, 2.19964
501.513, -33.1533, 1.55417
531.96, -31.9364, -0.759907
532.573, -22.4773, -2.7378
572.659, -2.9604, -2.17494
639.875, 33.6159, 3.08839
639.322, 14.0992, 1.23084
612.172, 3.35395, 0.332357
636.621, -4.01454, -2.32318
613.786, -8.61157, -0.837926
627.074, -13.5003, -1.01802
563.506, 64.6409, -1.85882
549.343, 69.1053, -2.62703
579.225, -0.372521, 1.58779
646.965, 23.1651, 0.803461
575.4, -48.1616, 0.20175
645.488, 35.3912, 0.16868
624.409, 48.2603, 2.3143
640.611, 37.0014, 2.2669
577.359, 0.0108173, -0.575357
578.103, -1.01312, -2.91198
605.606, 25.1159, -0.068949
578.675, -1.07609, -2.54052
614.283, 35.0196, 3.08932
629.775, 52.1502, 2.56207
577.526, -3.44031, -0.56738
576.997, -3.09022, 1.83187
577.922, -2.5618, -0.387956
577.02, -4.03847, -2.32272
577.622, -2.72913, -0.832369
576.433, -4.04583, -2.48092
576.482, -4.40689, 0.802791
576.563, -4.75602, -2.03361
576.452, -4.51347, -0.279175
576.734, -4.46045, 1.11199
509.473, -27.2694, 3.10857
532.639, -11.6344, -1.31215
574.271, -7.55185, 2.49638
575.59, -6.24822, 2.46977
574.22, -6.24264, 1.03957
575.184, -6.07625, -0.558239
574.287, -7.6442, 2.10462
573.362, -6.91485, 2.81175
574.57, -7.62976, 0.202058
573.699, -7.15601, -2.04584
573.788, -6.81461, 0.386125
572.485, -7.29099, -3.12914
575.478, -6.1305, 1.31244
574.731, -6.81361, 0.271271
575.111, -6.67016, -0.299234
574.382, -6.41822, 0.147334
571.938, -6.47201, -1.04317
571.853, -6.2796, -0.478628
569.576, -5.09665, -1.01769
563.411, -0.903529, -0.854269
561.397, -0.150402, -0.287285
560.424, 0.592328, -2.1828
571.962, 73.5013, 2.92801
564.538, -1.39866, 0.207342
566.082, -2.04702, -2.0634
566.137, -2.87641, -1.92234
566.416, -3.41763, 1.12946
564.199, -2.49991, -1.29043
566.471, -3.44327, 2.76954
568.655, -3.88204, 1.96766
569.784, -4.89759, -0.500597
569.739, -5.19982, 1.21816
563.878, -2.07517, 0.0500949
567.446, -2.95456, -1.77417
565.314, -2.49184, 0.162081
567.249, -3.63309, 1.67473
567.825, -5.14668, -0.717517
564.861, -11.814, -0.887827
566.423, -2.56743, 1.22978
570.131, -4.82187, 0.613233
564.852, -2.11637, 0.924303
568.344, -4.64574, -0.970634
568.104, -4.68994, -1.80597
568.006, -3.56598, -0.618806
561.88, -12.6412, -3.09801
564.063, -2.11987, -1.46665
563.225, -1.67615, 0.487476
563.27, -1.36268, 0.350689
563.88, -1.56644, 0.712221
563.684, -2.06193, 2.43175
562.121, -1.34041, -2.85927
561.653, -0.557929, 0.171873
564.997, -2.07976, -2.02933
567.067, -3.09219, -1.73145
560.179, 0.343475, 1.98106
560.297, 0.36363, 2.04363
563.041, -1.7951, -2.79301
561.695, -0.841828, 3.03763
562.882, -1.40232, 2.03543
560.234, 0.129728, 2.15215
561.154, 0.155364, 3.00697
558.939, 0.423808, -0.347564
562.388, -0.387793, -1.31899
561.797, -0.515034, -1.61273
561.634, -1.06214, 0.414966
559.779, 0.687214, -0.632532
561.456, -0.30851, -1.80246
559.783, 0.4717, -0.239051
560.623, -0.170462, 1.15031
560.564, 1.3364, 0.912671
562.351, -0.80272, 2.245
562.298, 0.226112, 0.990266
559.667, 0.201481, 2.34009
560.505, -0.236664, -0.0388136
560.03, 0.258552, 2.42516
561.018, 0.158984, 0.857679
561.785, -0.19956, -2.08003
560.211, -0.0457267, 0.335135
562.266, 0.0993544, -2.89374
559.798, 0.0545096, 0.165893
561.425, -0.187599, -1.51014
559.66, 0.630432, 0.635513
561.305, -0.166366, -1.8273
560.796, 0.5968, 0.704944
561.161, 0.249927, 2.43826
559.861, 1.30874, 0.949057
559.645, 0.219576, 0.416753
559.758, 0.102941, -0.390976
553.532, -0.737009, -0.357194
553.239, -1.58548, 1.92792
560.186, 0.569778, -1.79804
559.383, 0.351477, 2.32618
554.811, -0.886837, -2.7818
559.849, 0.455845, 0.460109
554.171, -0.522486, -0.340059
565.923, -2.59327, 3.04478
562.158, -0.990302, -0.833524
566.97, -2.88375, 2.72479
571.037, -7.45073, -0.338407
567.455, -4.5929, 2.11341
562.826, -0.419888, -0.860022
571.507, -9.88928, 3.08535
570.799, -10.1974, 2.52355
568.14, -7.1835, -0.512863
566.977, -5.78387, 1.89015
565.455, -4.91012, 2.39382
563.41, -3.06682, 2.28509
572.467, -11.6379, -2.42961
570.118, -9.26345, 2.82649
566.298, -4.89562, 1.41963
564.893, -3.63637, 2.48801
564.37, -3.1036, -0.319675
563.989, -3.072, 0.941826
567.169, -6.3854, 1.58832
564.011, -3.10799, 2.93798
566.138, -4.37738, -0.49276
564.297, -3.83082, 3.01284
572.179, -11.2085, -2.87402
567.847, -5.91066, -2.34428
565.773, -4.30743, -2.0036
569.597, -7.17755, 0.993119
570.79, -9.30075, -2.70823
565.684, -4.04766, -1.31799
565.701, -3.88695, 1.38918
570.19, -7.90578, -1.05118
574.144, -11.9091, 0.891858
567.788, -4.99427, 2.18692
565.429, -3.76042, -0.179235
569.452, -7.63812, 2.76296
569.748, -8.29888, 1.41923
568.474, -6.74482, -1.90679
566.451, -4.44432, 1.09744
568.248, -5.67413, -0.782461
567.177, -5.9975, -0.784449
572.454, -11.9116, 1.18923
571.811, -10.3712, 1.31242
567.062, -4.63541, -1.03638
570.04, -9.01516, -1.16789
573.076, -10.8011, 1.28101
573.971, -11.1924, -0.421624
560.758, -14.4042, 1.871
570.536, -7.25413, -1.01645
565.054, -9.43068, 1.25101
562.617, -11.8703, 2.21401
558.852, -15.1426, 2.91691
559.137, -15.2215, -1.3022
563.934, -10.4143, 1.65998
559.604, -15.3862, 2.43108
560.581, -14.6822, 1.59099
565.719, -8.22862, -1.95051
559.745, -15.1836, 1.14052
559.449, -15.0478, -1.63368
561.129, -13.5104, -2.10124
564.567, -10.4831, -0.0266811
565.371, -9.19566, -2.81363
561.003, -13.7746, 1.27899
559.905, -15.7974, 1.33433
559.758, -14.6588, 2.01144
559.316, -14.5987, 2.22863
564.321, -10.9322, 2.59538
562.247, -12.5415, 0.380402
560.106, -14.5064, 1.1731
560.341, -13.6212, 2.19251
561.965, -13.23, -0.864917
561.353, -14.0244, 1.20051
560.426, -14.3157, -1.18184
559.863, -15.2522, 0.504007
560.664, -13.7317, -1.23867
559.659, -13.9381, -2.6152
558.332, -14.2452, -0.0737384
559.731, -14.2708, -1.80028
558.283, -12.8525, -2.33055
557.922, -12.6386, -1.05411
563.168, -11.6694, -1.24367
558.755, -12.5288, -2.96534
558.104, -13.9059, 2.60405
558.34, -13.9842, -1.51886
560.782, -11.6478, -1.51063
561.702, -13.5539, 0.286488
561.414, -12.804, -1.64991
561.874, -13.0478, -1.33511
559.079, -14.3563, 1.38285
559.169, -12.9467, -0.1416
558.149, -13.1306, -0.822867
560.166, -12.3665, -0.0393319
558.862, -12.4785, 2.47676
560.931, -13.1686, -2.09965
560.842, -12.8265, 2.61019
561.814, -13.856, 2.95113
560.351, -12.6881, -0.594861
559.783, -13.9579, 1.47241
556.828, -12.4018, -2.59022
561.181, -13.8883, 0.665415
560.011, -15.9912, -0.719026
560.74, -16.8337, 0.796747
559.153, -14.1569, 1.00155
560.261, -15.1273, -0.828568
560.437, -16.1662, 3.03579
560.475, -15.9372, 1.59587
566.18, -22.4185, 2.53238
574.118, -30.8002, 1.50244
560.032, -15.4814, 0.737592
563.375, -19.7481, 0.433428
572.745, -32.8773, 2.86432
575.255, -37.454, 0.0646632
575.92, -37.9217, 2.35696
564.254, -21.7693, -0.679496
568.414, -26.0696, 2.0501
576.167, -37.6902, -2.27853
560.846, -17.3085, -0.857108
572.696, -33.8788, 1.29645
568.606, -28.3687, -0.539662
563.206, -20.6239, -2.26993
569.304, -29.4962, -1.63126
574.982, -39.0447, -0.5859
563.805, -20.9592, -3.00767
568.118, -29.1201, 2.75417
564.934, -23.745, 1.90638
570.715, -32.8938, 1.4245
563.725, -22.1379, 2.1935
564.29, -22.1198, 3.0261
574.223, -38.4528, 2.62324
563.239, -20.2867, 0.100142
562.772, -20.2507, -0.817822
566.274, -26.2186, -1.26003
573.525, -38.4275, -0.836031
564.153, -21.5952, 1.78261
570.422, -33.6024, -0.609172
564.18, -22.7072, 2.84742
573.128, -38.1535, 2.96108
565.008, -23.6395, -2.60485
569.086, -31.0987, 3.08212
563.771, -22.112, -0.18392
564.604, -22.8035, -0.276727
573.019, -38.9398, 1.62862
566.265, -26.7667, -1.74489
569.167, -31.0574, 2.04457
573.637, -38.3984, 2.13304
572.227, -36.8288, -0.990417
568.889, -30.4781, -0.80034
572.453, -35.0251, 0.525644
567.837, -28.2745, 1.69759
572.419, -35.557, -2.84838
564.362, -22.6638, -2.60679
571.22, -33.272, 2.10679
566.238, -26.0013, 0.595131
571.173, -33.7965, -2.06342
573.557, -38.0352, 0.196873
568.934, -29.3291, 3.05486
573.688, -36.8338, -1.55569
568.551, -29.5536, -2.6335
565.452, -24.1521, -2.30962
572.239, -35.6193, -2.59224
567.801, -26.819, -2.13922
566.79, -26.9272, 1.75813
567.851, -27.6199, 0.791629
574.867, -39.0244, -3.12351
573.909, -38.6994, -0.108769
571.523, -33.771, 2.6503
573.425, -37.1375, -2.90923
570.068, -30.8447, 0.344338
572.175, -34.771, -1.49799
564.664, -29.3561, -2.27063
572.323, -35.0354, -2.20719
571.241, -33.941, 1.69142
567.62, -28.3811, -2.72912
574.995, -38.5491, -2.48117
573.063, -35.7986, -1.94672
570.493, -31.2371, -0.969832
573.992, -37.2125, -2.97476
572.914, -35.1484, 1.76326
571.07, -31.9567, -1.54727
574.789, -37.354, 2.61756
569.384, -30.5226, -2.45826
570.317, -30.8765, -1.19592
569.722, -29.8749, 0.876629
574.432, -36.9459, 2.27593
574.063, -35.5683, -0.654763
572.697, -35.1063, -1.5164
572.802, -33.7626, -0.0166455
575.075, -38.3844, -0.684105
570.772, -31.4367, -2.19581
573.33, -35.3568, -0.860252
574.268, -36.935, 1.19177
575.416, -37.2183, 1.17841
572.738, -34.3779, 1.53299
571.542, -33.0467, -2.02547
575.43, -36.4054, 3.12428
575.224, -37.8231, 2.36177
575.004, -34.5473, 2.17668
573.721, -34.1517, 3.04898
574.956, -35.3074, -0.618823
576.004, -32.174, -1.02158
575.041, -33.7328, -2.06572
574.916, -35.6859, -0.455811
575.426, -37.7709, 1.64631
575.911, -34.4393, 1.92598
576.092, -36.8421, -1.30463
574.124, -33.5864, 1.85165
575.948, -34.2519, -2.07155
574.821, -35.6435, -1.40866
575.944, -33.0994, -1.74291
574.28, -34.626, 0.149513
576.295, -33.6569, -0.346585
574.696, -35.6261, 0.567996
575.615, -36.4969, -2.34296
575.136, -34.4139, 0.16625
574.85, -34.8943, -1.4052
576.014, -36.1096, 1.88903
575.832, -35.325, -3.07259
575.419, -35.9186, -2.24092
575.371, -29.3141, -3.01026
573.698, -36.1141, 1.32592
575.454, -32.3679, 0.323387
576.859, -32.4106, -3.11918
576.25, -31.8521, 0.00139489
575.934, -33.2355, -1.88967
575.761, -29.2904, 0.810715
575.658, -34.5582, -0.757778
574.519, -31.0659, 1.33258
575.755, -29.4755, 0.460369
576.599, -29.9076, 0.964984
574.323, -31.5877, -2.64355
573.956, -31.0299, -2.90317
576.668, -33.0263, 1.29709
576.289, -33.6533, -0.145388
575.144, -31.5359, 1.51555
575.621, -30.9183, -2.56341
575.367, -32.3737, 2.85808
577.152, -31.266, -0.929191
577.091, -32.2251, -0.477528
576.414, -33.1382, -2.14688
577.608, -30.7414, 1.76499
575.799, -30.0948, -1.30957
576.805, -31.9096, -0.256529
576.044, -31.9985, 0.163933
576.68, -31.0327, -2.35326
583.916, -27.4265, -2.98034
580.57, -28.5224, 2.17975
583.011, -27.9762, -1.72941
584.246, -27.1215, 1.13372
583.124, -27.0788, -0.0596889
583.45, -26.6803, -0.594178
582.084, -27.0787, 0.446146
582.591, -27.5832, -2.60842
580.187, -27.2222, 1.70641
589.103, -25.5684, -2.42358
587.361, -26.7905, -0.733225
580.783, -28.1174, -3.07376
584.172, -25.9094, 0.613822
586.42, -24.917, -3.00615
586.885, -24.6633, -2.99704
586.917, -24.8203, -1.30443
602.548, -38.0549, -2.42323
599.216, -36.4358, -3.12072
587.129, -30.9145, -2.19127
583.756, -27.7211, -0.746407
586.321, -29.7856, -0.896541
591.037, -31.2026, 0.770288
583.374, -26.4354, 2.6496
584.225, -25.6192, 2.83542
586.092, -24.6604, 1.52813
582.234, -24.8599, -1.49943
584.726, -25.5108, 0.0718541
584.198, -27.0745, 0.166798
584.366, -27.9303, 1.87386
584.005, -26.4886, 0.446664
587.264, -26.0158, -1.46067
588.668, -24.123, 3.12155
644.146, -73.5492, -0.70115
583.117, -25.832, 0.525167
585.009, -25.1191, -1.70123
584.676, -26.0052, 2.96843
633.083, -62.5959, 2.06154
623.204, -57.5856, -1.20513
628.872, -83.0985, 1.59515
585.585, -24.7339, 1.89497
586.322, -24.7853, 1.58672
587.272, -24.4247, -0.220575
624.056, -71.2907, -1.52954
619.211, -79.0364, 2.15205
587.025, -24.5699, -1.73671
584.016, -103.794, -0.597836
587.459, -24.2801, 2.46141
613.648, -86.8509, 2.09865
578.341, -70.9075, 0.522726
572.175, -87.5372, 2.43078
564.973, -96.9865, 1.84034
586.497, -25.2901, -2.46757
591.617, -87.4853, -2.55941
564.146, -76.6161, -2.62561
591.375, -76.8748, 1.28236
558.891, -71.2915, 0.412081
560.589, -88.1104, 1.14089
555.866, -81.483, -1.80178
546.708, -75.0898, 1.65213
550.174, -58.7254, -1.89144
555.827, -62.3517, -0.583751
570.892, -53.2443, -2.44981
534.086, -70.9968, -2.56422
601.372, -104.027, -2.94716
595.935, -74.8316, 0.955961
561.87, -87.352, -1.86107
586.1, -104.864, -0.751107
577.44, -107.131, 0.788435
555.333, -99.0337, 1.02285
543.156, -78.2875, 2.01351
535.713, -79.7413, -1.82844
543.111, -61.0574, -0.126826
550.338, -58.9715, -1.19162
564.297, -54.6105, 1.63795
524.403, -65.5334, -2.17563
534.46, -52.9856, -1.60363
585.912, -30.9033, -2.65355
589.001, -28.7022, 1.96675
587.876, -29.5938, -1.91222
586.579, -29.3255, 2.83833
519.649, -57.5581, 2.2217
592.484, -30.4988, 0.240134
589.815, -30.1463, -2.48612
592.917, -30.6596, 2.79537
607.106, -28.991, -1.33796
593.72, -30.8406, -2.96169
597.264, -30.3865, 2.12855
602.921, -30.8568, -2.56532
596.727, -30.0076, -1.32013
595.766, -31.218, 1.10094
602.948, -31.566, 1.85216
594.293, -31.0898, 0.700841
600.83, -30.8454, -1.33964
605.176, -31.9411, 0.206776
604.231, -31.5403, 2.76847
605.525, -32.0449, -0.0617763
594.954, -30.9957, 2.61393
594.645, -32.0243, 2.95721
603.231, -29.8025, 0.178821
604.529, -29.7123, 0.771919
603.683, -29.4035, 1.23474
597.344, -29.8812, -1.76625
604.754, -29.5184, 1.82662
600.857, -28.5774, 0.924775
600.594, -29.4415, 0.424638
595.232, -30.4273, 1.48147
595.906, -29.3447, 2.51868
597.712, -29.902, -2.49986
598.444, -29.4156, -1.30091
602.997, -29.8418, 0.210654
595.653, -30.4942, -1.30528
603.276, -29.9309, 1.42229
596.327, -30.4773, -0.261639
602.501, -29.8315, 1.69281
597.504, -30.4828, 1.66978
604.319, -30.0383, -2.41833
597.753, -29.6351, 0.200792
607.545, -29.6416, 3.10586
600.645, -30.3623, -2.58675
607.849, -28.5798, 0.0784718
607.499, -29.1918, -1.99715
604.729, -28.8279, -1.54155
601.436, -29.6138, -1.29701
600.514, -28.6965, -0.145294
601.233, -28.8496, 1.8697
600.306, -29.9377, 2.35603
601.025, -29.5376, 2.74971
601.574, -29.2584, 0.173184
601.067, -29.7504, 1.38845
604.218, -29.9923, 2.73456
640.129, 3.69925, 3.10429
630.227, -3.96592, 0.77347
635.981, 9.84527, -1.92785
625.041, 1.52377, 0.741568
619.465, -7.67856, 0.312532
639.186, 16.0127, 0.327784
633.795, 32.4464, -2.86302
640.663, 40.7953, -2.96371
631.359, 27.8142, -1.4023
626.766, 43.7737, 0.108131
604.208, -29.8973, 2.48614
603.461, -29.1585, -1.6631
604.435, -28.7714, -1.44892
607.086, -29.2933, 1.71556
604.49, -28.9835, 1.82826
606.02, -29.3586, -0.0967785
604.753, -29.555, -2.2253
607.164, -29.2523, -2.32359
606.98, -28.492, -0.0382982
606.944, -28.9183, 1.6939
606.251, -28.411, 3.02711
607.171, -28.4844, -2.38902
606.397, -29.0746, -0.882309
606.71, -29.2601, -1.92255
606.915, -28.9967, 0.825558
606.573, -29.2063, 0.163325
606.568, -28.6179, 0.338838
606.836, -29.2357, -1.25887
596.566, -33.2138, -2.4386
597.324, -31.1148, -0.976187
596.515, -31.8222, -2.41247
581.079, -32.8098, 1.21926
603.664, -29.5287, 1.31782
597.32, -27.9668, 0.244752
581.301, -26.0889, -3.08812
602.395, -28.7459, -0.480009
592.109, -27.2735, 2.93532
603.92, -29.0319, 0.13657
599.11, -27.5072, -2.03609
552.322, 27.0236, 1.37346
565.649, 24.0686, 2.04573
582.589, 27.2278, 1.35243
576.403, 17.7467, 2.81339
584.458, 28.7018, 0.733887
588.785, 43.7343, -0.920324
588.292, 45.3532, 1.49745
585.858, -23.7569, -2.71046
600.658, -27.2256, -2.00868
597.138, -27.4075, -1.12556
593.07, -27.2585, -0.887126
584.174, -23.8268, 0.586848
587.521, -25.8323, -0.595961
600.482, -28.7468, -3.06409
595.868, -27.7834, 0.442585
600.775, -28.0971, -2.83187
593.542, -27.5904, 2.19317
600.746, -28.5931, 2.53908
585.458, -24.7305, 2.20285
596.701, -27.4572, -2.02141
594.955, -26.6291, -0.268265
583.666, -23.5705, 0.44385
587.718, -25.6169, -2.41814
549.618, -27.2702, 1.32773
585.443, -24.0492, 1.96056
591.971, -26.15, -2.99373
533.744, -27.3553, -2.47678
587.668, -24.1011, 1.88551
584.215, -23.5728, -1.87298
592.375, -26.0873, -3.00682
582.025, -21.9198, 1.66321
585.629, -23.9867, 0.408703
592.423, -25.4575, -1.68448
592.33, -26.3234, 2.4991
595.313, -27.2281, 2.76827
593.61, -26.6605, 0.711138
590.244, -25.6182, -1.54187
591.287, -25.2341, 3.09131
590.091, -25.201, 1.32167
589.106, -23.7313, -2.69166
589.378, -25.0522, -0.808765
583.229, -21.6773, -1.6852
592.794, -25.6296, 2.4207
585.57, -22.5601, -1.01834
593.625, -26.585, 1.95114
588.116, -23.7455, -2.21146
583.894, -21.6975, -1.71036
588.562, -23.688, -1.16852
591.519, -25.7467, 1.27319
585.151, -22.3044, -2.91483
587.779, -24.3777, 0.197054
590.636, -24.9149, -1.29409
529.313, -12.9054, 2.28022
586.004, -24.248, -2.87076
586.244, -22.6863, 2.94885
544.146, 13.5261, -1.0925
582.558, -22.1752, 0.190295
589.675, -24.0631, -3.03324
581.793, -21.0842, 0.55238
588.706, -23.1182, -2.88609
524.214, -12.4891, -2.88888
542.653, 36.2016, -2.19773
585.362, 9.40188, -1.79045
551.649, 37.7003, -0.175775
571.183, 9.26501, 1.46251
567.437, 34.4794, 2.29191
585.996, -24.4439, -2.19166
585.149, -19.7042, 0.250029
583.465, -21.4332, -0.956266
539.29, 6.03617, -3.10682
586.706, -22.7214, -0.114722
527.406, 30.111, 2.63377
585.768, -19.5362, -2.39521
520.502, 6.1447, 1.34967
526.124, 9.24667, 0.670218
521.439, 16.2853, 2.27275
541.283, -1.07995, 0.0797337
531.531, -7.71354, 0.775646
518.619, -17.8382, -0.957096
510.473, -27.3163, 2.37147
545.605, -22.69, -2.07297
586.019, -18.6224, 0.113503
510.9, -3.57322, 0.763006
512.828, -25.5868, -1.16013
519.795, -38.1987, -1.60027
515.469, -37.5776, -2.13101
515.174, -38.5154, 0.253045
587.843, -18.0739, -0.678364
585.196, -21.497, -2.44271
583.967, -20.4754, -0.842981
536.569, -56.9013, -1.98378
558.096, -71.7552, 1.8291
532.871, -69.0042, 2.76642
570.828, -42.4832, 3.05293
546.851, -81.6217, -0.13289
549.258, -70.7009, 0.537442
571.422, -60.0033, 2.26851
538.323, -47.4511, 3.10584
523.657, -71.7279, 2.82198
539.994, -53.6196, -0.925499
526.415, -75.6405, -0.026614
582.834, -19.7926, -0.912041
584.216, -18.8122, 0.188781
582.78, -19.9239, -2.7018
566.177, -37.3337, -0.781906
578.213, -22.5135, -0.360599
579.959, -21.4384, -1.2205
579.269, -22.2769, -1.19186
576.081, -23.5968, 1.29255
575.156, -25.3672, -3.01339
577.568, -28.0226, -2.09239
576.561, -25.2743, -2.96713
576.715, -28.9047, 1.09303
574.758, -24.2621, 0.451765
577.099, -24.4106, 1.83267
575.116, -24.9711, 2.97548
575.943, -25.2436, -1.03784
574.385, -60.5648, -0.924651
569.992, -96.3137, 2.23419
586.641, -86.9353, -0.29918
585.827, -99.7994, -2.88576
612.613, -59.8522, -0.779713
626.035, -81.1661, -0.0406182
606.359, -50.5908, -0.695592
575.347, -28.1722, 0.223553
576.995, -24.8609, 1.66538
575.721, -26.9516, -1.87227
575.227, -27.196, -1.08983
576.386, -27.8727, -2.19237
579.219, -23.5442, 2.79437
577.009, -24.3697, 2.17524
575.588, -28.0019, -0.19424
576.425, -25.0361, -1.9994
578.545, -22.8508, 0.0664862
576.521, -26.3337, 0.199844
574.805, -24.2881, -2.98757
576.73, -22.9023, 1.51977
576.876, -22.7451, 2.69194
575.457, -24.1444, -0.952928
574.542, -23.2576, 2.18507
574.421, -23.9474, -1.27157
572.969, -20.3011, -3.04658
572.321, -20.0785, 1.02314
561.995, 0.487271, 2.79614
573.004, -21.1962, 0.479895
573.544, -22.2083, 1.86966
565.754, -10.4973, 0.950668
558.808, -3.1095, 2.89158
570.613, -18.3211, 0.742835
569.647, -17.0417, -0.69243
563.595, -8.66711, 0.714681
559.094, -1.54139, -2.73891
563.351, -7.41923, 0.430881
562.258, -7.22287, -3.05749
560.184, -2.77349, -1.4306
558.36, -0.856689, 2.56412
566.767, -12.8398, 2.26111
572.191, -19.7505, 1.02738
572.162, -19.8952, -2.33152
568.298, -14.8254, -0.547628
568.21, -14.6618, 0.754411
568.12, -14.4589, 2.7671
559.99, -1.80297, -0.203789
569.597, -17.5476, 0.437503
563.507, -7.72803, 2.04499
563.121, -6.1087, 0.423237
570.123, -17.5187, -0.65076
569.006, -17.6415, -0.864183
570.531, -18.2264, 2.29654
567.062, -11.4415, -2.83305
565.138, -8.66371, 0.574192
567.913, -18.874, 0.480393
564.612, -5.3617, -1.39261
568.856, -17.3807, 3.09663
567.127, -18.2512, -1.89781
567.143, -18.0182, 1.28899
567.68, -17.8916, -0.784375
568.295, -18.4433, 3.03613
567.617, -18.6414, 2.92158
566.96, -18.7278, -2.3861
563.413, -19.4041, 0.75283
562.02, -19.5649, 0.389367
562.724, -18.6624, 2.11152
565.765, -18.3884, -2.09707
565.431, -18.739, 1.91407
564.979, -18.8693, 2.30308
563.218, -19.3538, 2.56475
563.673, -19.5732, 0.910571
562.524, -19.2435, -1.17381
562.376, -18.9523, -1.70376
563.9, -19.2383, 1.66995
563.157, -19.9239, -0.53169
562.296, -19.9483, -0.585468
562.687, -20.4166, 2.33898
562.796, -20.2295, 2.86619
562.295, -18.3135, 1.73911
563.401, -20.9552, 0.0728059
562.761, -20.0622, -1.77752
562.635, -21.1075, 1.48432
612.988, -76.3541, 1.75634
562.96, -20.525, -1.00252
563.41, -20.1961, -3.12368
562.968, -20.231, 0.219425
562.438, -20.771, 0.634544
562.14, -19.7883, -2.10005
563.322, -12.5995, -0.263459
562.678, -8.66729, 2.94629
561.865, -11.3156, -0.882397
563.088, -18.3885, -2.88057
562.084, -14.3457, 1.59461
561.582, -15.5285, -2.8346
563.577, -19.1088, -2.20727
564.54, -19.0206, 0.22531
561.872, -13.4762, -2.06466
561.61, -12.4162, -2.46797
561.516, -11.7947, -1.3237
561.339, -9.08879, -2.62096
561.972, -14.1716, 1.62061
562.337, -14.1976, -2.99171
560.727, -10.1845, 1.58765
561.057, -13.1184, -2.4133
561.376, -15.082, -0.421087
561.398, -9.72534, -1.48057
560.745, -11.8573, -0.533619
561.539, -16.0227, -0.454784
560.079, -15.7203, 0.762552
555.459, -16.7666, -2.00653
561.223, -12.7179, -2.38354
561.239, -14.079, -0.160268
560.851, -15.4405, 0.700247
560.03, -10.8414, 2.80337
560.648, -8.94104, 1.45472
557.144, -16.3156, -0.923334
557.672, -16.2438, -0.987112
511.411, -79.9377, 0.451485
531.392, -57.4332, 2.46313
525.137, -68.5204, 0.837554
558.316, -15.9588, 1.95565
558.628, -16.1277, -2.18214
558.491, -15.9595, -3.06021
558.41, -16.1467, 2.45287
558.662, -16.3224, 2.29756
558.896, -16.3795, 0.0671626
556.552, -15.5077, 0.927279
557.476, -16.2491, -0.902343
555.882, -15.5673, -1.07491
556.094, -15.496, -1.46866
555.882, -15.3402, -1.01433
554.842, -14.6699, -0.815567
556.403, -15.4754, 2.31327
555.663, -15.5908, -2.89927
555.664, -14.8429, -1.58828
555.615, -14.7542, -0.0777706
556.69, -15.8495, 1.87953
504.956, -73.5014, 1.90295
555.663, -14.7583, -1.64778
555.574, -15.929, -0.782168
556.203, -15.741, 2.30116
523.065, -68.2801, 2.73076
555.401, -15.6842, 0.00317557
555.185, -15.9669, 0.367742
566.019, 27.5438, 0.979751
575.219, 49.6479, 0.526714
576.659, 47.1841, -1.52539
554.998, -15.3583, -1.28152
555.624, -15.0796, -2.07956
555.703, -14.7202, -2.41053
554.864, -14.5742, -1.51504
559.296, -17.6373, 2.5944
580.489, 47.2967, -0.17591
555.396, -14.7389, -0.762793
556.05, -15.0025, 2.85086
561.225, -16.9468, -0.85775
559.699, -16.2935, -1.73948
562.606, -16.6609, 2.89782
562.498, -15.4342, 2.48547
559.332, -15.8497, 2.46052
560.156, -15.8194, 1.87947
562.438, -15.3515, 3.01735
561.626, -15.9594, 1.51494
561.609, -15.7262, 2.97216
563.266, -16.4953, 0.120407
562.198, -15.5729, 1.54185
558.249, -14.6356, 2.66425
562.212, -16.513, -1.42758
561.38, -16.6042, -1.07977
560.219, -15.9742, -1.39011
557.589, -13.2249, 2.93496
557.902, -15.0074, 0.175341
557.677, -12.9117, 2.31444
557.981, -13.0298, 1.95578
557.675, -13.3689, 1.06852
557.912, -13.3977, -0.113353
557.982, -13.1167, 2.00879
558.015, -13.4869, -2.35996
557.982, -12.9214, 2.38815
557.778, -11.2467, -1.77545
504.692, 27.5005, 0.19164
547.587, -6.6788, -2.52698
487.837, 4.91359, -1.45959
491.759, -10.2467, 0.894544
557.825, -11.623, 0.364332
558.048, -11.2882, -2.16228
563.691, -12.053, 1.61097
614.121, -60.5398, 2.10619
561.495, -10.914, -0.765892
562.596, -10.8178, 2.99254
562.094, -10.9726, -2.43953
562.893, -9.71546, 1.82092
561.456, -10.773, -0.995635
564.137, -9.83696, -2.66372
563.69, -9.98919, 1.90766
562.627, -10.3848, 3.12236
561.061, -10.5998, 2.81519
563.299, -11.0771, -0.669249
561.29, -10.4612, -2.36984
563.102, -10.8729, 1.08758
589.992, 47.8, -1.87295
563.734, -12.0469, -2.89963
563.727, -14.9006, -1.73587
563.498, -12.2454, -0.841876
562.81, -12.1872, -2.68815
551.423, -39.5067, -1.73002
522.612, -76.506, -2.49601
532.011, -41.6661, 1.5701
563.965, -11.0808, -2.88622
564.37, -14.4435, 2.74735
563.623, -13.8831, 1.58571
563.35, -13.3546, 0.210543
564.407, -16.5054, 2.00939
561.358, -13.8881, -2.82104
564.834, -15.8397, -2.38073
564.619, -16.1928, -1.69138
564.118, -16.2968, 2.37584
564.868, -20.2497, 2.51038
501.208, -49.2642, 1.38622
564.259, -18.344, -0.320691
563.893, -14.6587, 1.04048
564.04, -17.8746, 0.16182
564.368, -21.2384, -1.93164
564.627, -16.6494, -0.725744
564.409, -17.4004, 2.66748
562.207, -16.9126, -0.946289
563.859, -15.8243, 2.65721
524.839, -81.5422, -1.30644
564.678, -19.1085, 2.10629
564.834, -18.7813, -1.65372
563.553, -15.9402, -1.85224
564.788, -16.4997, 2.85608
564.996, -17.4383, 0.417878
564.619, -16.4467, -2.87599
562.577, -10.5854, -3.00871
561.506, -9.40389, 1.71507
626.678, 28.1619, 3.08518
611.775, 0.48793, 0.026784
601.983, -9.55592, -2.27086
564.06, -11.1148, -0.882898
564.946, -10.7027, -0.496098
586.717, 16.0408, -2.38978
593.737, 20.9535, 0.799596
595.745, 16.1763, -2.34642
592.733, -1.83767, -0.55662
620.292, 10.8921, 0.198916
564.738, -10.9799, 1.04042
564.792, -12.3633, -1.28736
564.371, -13.3219, 1.34643
564.992, -9.2512, -0.163719
564.245, -10.6337, -2.90801
564.323, -11.0142, -2.96522
564.066, -11.1357, -1.77637
563.808, -11.8416, 3.10567
532.057, 13.0072, -1.34663
502.596, 29.0733, -2.07405
496.881, 21.3496, -1.4539
504.181, 8.42063, -2.09349
531.526, -19.2261, 0.565231
525.326, -20.8316, -2.6749
511.976, -24.5691, 2.80263
504.319, -27.6052, 0.190712
563.865, -3.93205, 1.02948
563.057, -7.53303, -2.35488
562.844, -9.63517, -1.27369
563.232, -8.17663, -0.189994
563.357, -2.79486, 3.12114
562.847, -2.95177, -1.98492
599.662, 52.9654, -0.0463355
597.014, 46.6583, 2.71359
609.228, 49.3591, 0.530465
603.463, 25.9873, 1.5787
624.583, 43.1663, -0.76355
636.099, -3.24759, 0.209363
639.954, -9.6626, 2.03724
562.231, -2.399, 0.293129
563.123, -3.12731, 1.78918
562.221, -4.22479, 2.9343
523.357, 8.59976, -0.902535
505.297, 7.93148, 2.93563
562.428, -2.21184, -1.97128
503.529, 2.66107, 0.733979
562.386, -4.11947, -2.4253
562.094, -2.73222, 1.48439
563.386, -3.47426, -0.264496
563.688, -1.13768, 0.136708
563.579, -0.612374, -1.28887
563.771, -0.284985, -0.136383
563.246, -2.66754, 0.664828
562.853, -2.78679, 0.708525
563.459, -2.5448, -1.86408
562.2, -2.25941, -2.19407
496.372, 39.6189, 0.618581
562.586, -2.54079, 0.517007
562.981, -1.97705, 2.1407
568.647, 69.4987, 0.508015
537.224, 60.2155, -1.67028
505.458, 54.1095, 2.20632
492.76, 25.4036, 1.12381
565.368, 1.12669, -2.44733
525.685, 68.5394, 0.663173
545.374, 30.0795, -1.61135
540.414, 33.496, -1.84781
525.267, 46.7749, -1.39807
510.519, 48.2247, -1.79606
571.151, -0.247714, 1.29162
623.496, -44.2167, 2.36209
611.601, -48.4633, -2.63776
564.948, 0.701025, -2.16931
572.267, 2.05244, 3.13874
567.121, 0.708581, -1.93966
573.857, 1.95728, 1.37936
569.45, 1.18163, -0.891334
569.301, 1.47041, -2.62661
572.016, 1.44411, -2.7923
571.168, 1.43821, -3.00188
566.796, 1.39098, 1.29824
528.582, 48.4261, -1.59879
564.773, 4.21046, 0.878241
573.618, 1.78194, -2.80529
562.911, 3.9939, 2.8553
564.499, 4.29425, -2.98607
562.446, 3.23183, 0.908148
562.378, 3.60439, -1.33131
564.881, 2.94278, 2.95768
564.969, 3.58165, -2.25745
562.222, 3.0438, -2.34766
563.644, 3.22763, -1.40651
564.844, 3.69468, 1.44838
563.168, 2.86199, 0.753536
563.88, 3.39924, -0.557257
562.783, 3.26963, -0.131405
563.255, 3.98215, -0.734627
563.016, 3.43798, 2.31142
530.282, 59.0896, -1.47182
524.151, 63.8367, -2.94955
557.635, 5.81935, 0.279228
557.978, 5.65711, 1.66498
507.815, -27.7782, -2.49805
506.432, -26.6915, 1.0349
504.229, -26.6434, -2.41338
567.022, 0.148704, -0.930377
487.976, -17.5609, 2.81694
567.205, -0.0293598, -0.746845
569.417, 0.795905, 0.0218141
567.287, 0.8787, 2.05921
569.269, 0.643878, 1.96558
565.032, 2.99145, -2.0898
565.053, 2.21679, -3.0061
567.461, 0.893526, -0.653164
565.098, 3.35, -2.67437
568.238, -0.520457, -2.10751
579.819, -51.7882, -0.982593
573.364, -71.8362, 1.65434
543.551, -72.1533, -0.108018
531.81, -71.9392, 2.96072
566.515, 0.523201, -2.71695
568.106, 0.148106, -0.58602
566.66, 0.393681, -3.00377
565.612, 0.455958, 2.10084
565.642, -0.176609, 2.70113
568.109, 0.0713451, 1.16083
566.71, -0.311721, 2.77426
569.867, -0.159859, -0.205811
570.635, -0.516792, 1.30578
568.314, -0.622145, 2.47836
572.582, -1.30122, -1.15718
567.328, -0.238416, 1.97874
573.114, -0.302731, 0.0926487
567.416, 0.173184, 0.869957
573.877, -0.364165, -0.863165
568.047, 0.758615, 0.550109
567.095, 0.0996645, 2.48649
569.416, -0.0679267, -0.121582
569.661, -0.0625372, -1.00035
569.555, -0.183366, -0.363361
569.379, -0.24893, -1.03592
569.454, -0.317412, 1.98165
572.785, -0.773946, -1.01225
573.656, -0.30551, -0.965017
569.128, -0.249393, -0.940494
570.176, -0.262996, -1.18811
570.928, -0.533407, 0.544421
572.432, -0.143802, 1.22217
571.513, -0.165365, -1.55976
572.271, -0.598379, 0.0728199
570.888, -0.386361, 1.55255
571.711, -0.00639556, 1.02512
571.072, -0.0421975, 2.8158
573.237, -0.114364, -1.87927
572.061, -0.683461, 1.51455
573.026, -1.275, 1.38165
572.128, -0.227453, -2.15464
571.264, -0.0618177, -2.73645
571.703, -0.568591, 0.910265
572.992, -0.680768, -2.14585
575.661, -4.33825, -1.49033
574.648, -3.3761, 2.11268
574.406, -2.53273, -0.822917
573.007, -1.67642, -1.90491
576.425, -6.04343, 1.99413
576.25, -6.45606, 0.0737174
575.949, -3.99347, -3.07441
573.572, -1.51969, 2.50412
574.775, -5.15354, -1.56185
573.982, -2.62211, 2.19576
572.896, -0.992218, 1.21911
573.114, -5.93691, 3.03517
572.94, -1.6502, -1.19267
573.404, -2.1149, -2.96744
571.779, -17.0223, 1.58466
572.444, -32.752, -1.35683
573.7, -15.7212, 0.576433
573.516, -8.25383, 0.672608
573.869, -6.02151, 1.34522
575.621, -3.96833, 0.0472728
573.68, -20.0216, 0.915426
575.201, -3.66243, -1.76031
575.084, -3.19969, -3.00549
576.825, -4.70751, -2.64189
573.652, -14.0933, 0.833467
574.493, -3.05149, 0.923113
578.397, -5.66333, 0.684208
573.202, -32.7155, -1.61269
574.341, -5.109, 0.752204
575.498, -6.34293, 2.01622
579.637, -5.21736, 1.54502
574.836, -3.27302, 1.73642
575.623, -4.96201, -2.67495
578.137, -6.27381, 0.229117
577.266, -4.25771, 2.92846
575.453, -2.70316, 1.57544
577.775, -3.27578, -2.32036
576.72, -4.31118, -2.94288
576.544, -5.98291, 2.49412
575.898, -3.76806, -2.76457
577.361, -6.09884, -2.11944
576.584, -5.67259, -1.69593
576.707, -4.72233, 2.53428
577.195, -4.23478, -2.992
577.419, -3.88037, -1.4631
635.471, 20.8875, -1.05816
576.913, -5.0786, -0.700113
576.258, -5.99433, -1.80944
578.584, -5.95987, 0.165478
579.216, -6.10338, 0.92129
585.004, -5.54988, -1.16221
578.907, -5.71295, -0.462352
581.488, -5.43931, -1.90876
584.106, -5.02499, 1.6448
586.747, -5.53162, -1.55377
586.818, -5.36311, 2.86357
586.405, -6.05736, -0.450758
581.898, -5.7012, 1.29778
581.753, -5.64178, -2.87297
582.454, -6.50236, 2.85225
580.908, -5.85681, 2.58311
580.09, -5.87214, -2.17034
586.757, -6.23313, 0.652758
580.657, -5.86217, 0.511168
584.671, -5.8078, 1.02376
582.5, -5.62172, 0.648828
585.7, -5.60461, -1.63215
586.488, -5.97274, -0.478419
586.167, -5.57566, -0.775404
584.94, -5.59882, 2.42629
584.774, -5.75296, -1.9564
585.32, -5.40218, 2.31675
585.5, -5.63006, 0.210158
585.18, -5.76611, 1.7519
583.494, -5.46541, -1.48327
586.391, -5.9685, 3.04429
584.039, -5.5688, 2.01632
585.227, -5.94962, -0.0159957
586.43, -5.9661, -2.43912
586.43, -5.21198, -0.195778
586.589, -5.95642, 2.60305
586.618, -4.93367, -1.35095
586.401, -5.63088, -0.118624
586.06, -5.29865, -0.561568
586.012, -6.32331, -0.289002
586.455, -11.5338, 0.491697
586.274, -8.79463, -0.905978
585.094, -14.32, -0.5227
586.607, -7.07361, 0.285681
587.126, -14.0131, -0.145436
587.234, -13.1222, 2.30326
586.871, -8.00112, -0.820982
586.657, -7.71764, 1.98389
587.668, -13.0309, -0.670191
587.791, -14.2768, 0.95411
587.282, -12.4719, 1.01809
587.483, -10.0506, 2.53691
587.737, -12.1578, -0.896258
586.613, -9.46598, 2.74747
586.808, -10.6162, 2.36069
587.883, -10.8818, -2.66177
588.256, -12.9612, -3.11789
587.61, -14.0317, -1.81015
587.881, -10.6622, -0.236741
587.328, -13.815, 0.472864
589.699, -10.595, -1.74391
587.699, -12.648, -0.0775711
588.099, -13.1451, -0.525167
587.575, -12.15, -1.23936
587.01, -11.5631, -0.664902
587.51, -12.4663, -2.0458
587.956, -13.8951, 2.20784
587.34, -13.8399, 0.556795
585.566, -14.6668, 2.97748
581.799, -14.4396, 1.28469
581.865, -14.5745, 1.00252
577.427, -16.0513, 0.856584
576.4, -17.0417, -2.35296
578.88, -16.1855, -2.84311
578.594, -16.4519, 2.4569
584.562, -14.6607, -0.467521
582.439, -15.8125, -1.94115
584.32, -14.84, -1.74376
579.729, -17.1048, 0.116118
580.874, -16.6198, -0.922704
578.748, -17.2957, 1.96791
579.894, -17.1209, -1.41846
576.422, -17.7723, 2.234
577.354, -17.8998, 2.78033
575.863, -18.6979, -0.570156
582.144, -15.8461, -0.766156
577.425, -17.5817, -1.32671
580.83, -16.1832, -2.26904
581.028, -16.1702, 3.04312
581.353, -15.7585, -2.15061
575.797, -18.0111, 2.2096
578.032, -16.837, -0.773452
581.478, -16.2961, 0.821917
580.675, -16.2391, 2.96047
576.2, -17.5149, -0.0239329
579.933, -16.5717, 1.33281
580.867, -16.2981, -0.691964
576.188, -17.8805, -0.582895
576.202, -17.4959, 2.36961
578.915, -16.8216, -1.60628
577.847, -16.8262, -2.39675
577.724, -16.7184, -2.92781
576.571, -17.4179, -2.93856
578.72, -16.9413, 0.348872
577.568, -17.132, -1.68805
577.39, -17.466, -3.06127
578.255, -17.4334, 2.68032
576.495, -17.3547, 0.922835
577.515, -17.0205, -1.57788
576.7, -18.0546, -0.700693
577.004, -17.3314, -1.6571
576.869, -17.8224, 0.581663
576.06, -17.4373, 2.70493
575.531, -17.0354, 3.12525
575.932, -18.8104, -2.00844
575.989, -19.232, 3.01659
577.225, -22.1402, -1.17077
577.07, -20.8864, 1.75077
578.698, -26.8792, 1.5968
579.799, -30.8017, -2.84909
578.911, -26.513, 1.59545
582.584, -36.8548, 0.404161
577.766, -23.8168, -3.01113
577.093, -23.1058, -2.11437
578.837, -32.2677, -1.27126
576.997, -23.3866, 0.462382
577.518, -25.9869, 2.58064
579.676, -36.3895, -1.26037
576.586, -19.8917, -0.423775
578.816, -35.929, -1.29527
577.657, -27.0879, -1.98472
576.935, -22.119, -2.03534
576.185, -33.8164, -2.03911
573.005, -31.6218, -0.979772
567.128, -34.4319, 1.5187
572.913, -22.6158, 2.82799
581.309, -31.8854, 1.82348
576.139, -18.1451, -0.990504
572.407, -7.56195, -1.30269
573.695, -11.1787, -2.75001
573.68, -7.94018, -0.31569
575.085, -11.6039, -1.93538
574.63, -4.12081, 1.96772
575.758, -15.2812, -1.0964
576.251, -12.0199, 0.492321
576.007, -14.1966, 2.40614
576.136, -13.8496, 2.87407
576.435, -8.07138, -2.62819
576.356, -16.5171, 0.39458
575.808, -15.5151, 0.218451
576.174, -11.4739, -2.67186
579.253, -17.6071, -1.13235
574.892, -8.71783, -1.2364
576.442, -15.3133, -0.819221
575.13, -4.029, 0.349553
585.295, -16.2475, 2.76734
583.933, -16.1401, 2.12942
586, -14.9942, -2.21105
579.499, -17.1316, -2.22535
582.002, -16.3318, 2.93233
582.672, -15.7647, 0.245581
588.215, -14.0053, 2.53755
581.853, -15.807, 3.06679
583.4, -15.7062, -0.837887
587.295, -14.0914, 1.35041
580.018, -16.7492, 1.94054
584.33, -15.0247, 2.69703
582.915, -15.4552, 0.857126
589.001, -13.007, 3.04509
582.591, -16.1061, 0.938814
585.612, -14.5553, 0.42603
581.842, -15.819, -0.151614
587.309, -14.5645, -1.18017
587.064, -14.3787, -2.60288
587.345, -13.9732, 0.0514767
588.648, -13.3639, -0.850227
583.191, -15.259, -2.22437
583.792, -15.2598, -2.7844
588.682, -13.5489, 2.46979
588.018, -13.524, -1.8957
586.582, -14.2396, -1.15172
584.559, -14.8644, 1.21724
587.262, -13.7206, -1.08496
587.44, -13.747, 1.95782
586.658, -14.2288, 1.26897
588.343, -13.1904, -3.00599
584.963, -14.7119, -0.608826
585.752, -14.7152, 3.01938
585.608, -14.8128, -2.16035
587.965, -12.9408, -0.888739
588.132, -13.8717, -1.82434
587.516, -13.9264, -0.951191
589.239, -10.9365, 1.39695
587.283, -13.4375, 1.39278
589.207, -10.4207, 0.736234
589.137, -10.69, 2.35956
588.344, -12.6788, -1.386
587.297, -10.1983, -2.42574
587.157, -10.3278, -0.671022
584.298, -0.929248, -1.54797
590.139, -10.6762, -3.08951
588.563, -11.8544, 0.0394578
587.237, -9.45667, 1.87698
584.126, -1.49256, -0.243269
586.427, -7.88895, 0.72577
583.081, -1.7768, 0.725941
589.61, -11.3418, 0.390596
594.215, -8.78502, -0.968545
590.138, -10.1623, -0.636857
590.356, -10.7048, -2.25513
593.24, -9.43263, 2.91916
594.29, -8.23054, 0.487804
594.37, -7.18129, 1.00786
594.287, -6.36811, -0.232523
607.401, 38.4398, 1.91596
604.209, 38.3603, 0.726039
591.929, -8.87133, -1.22214
594.347, -5.77239, 1.96885
593.75, -5.92031, -1.02488
594.013, -5.86301, 2.86086
592.604, -6.55982, -3.08097
592.468, -6.06992, 2.98294
594.39, -6.58199, -2.01725
594.785, -7.49552, 2.94981
594.413, -6.77066, -0.232401
593.08, -7.72237, 1.96174
593.718, -5.33113, 0.10865
596.146, -3.64431, -2.50458
594.294, -5.14692, -0.0793898
593.931, -8.59928, 1.56623
598.459, -10.5822, -0.314302
598.757, -11.8512, -2.51618
651.615, -60.0987, -1.83152
596.331, -10.2938, -0.550194
597.38, -9.44698, -1.5995
646.666, -50.443, -1.74098
657.526, -58.4501, -0.878393
643.48, -48.8715, 0.0472508
630.604, -37.1397, -2.0602
640.329, -44.1362, -1.46803
650.941, -53.8582, 0.174567
655.562, -57.2699, -0.91006
645.929, -47.924, 0.449528
636.504, -41.5421, 1.46257
624.843, -32.9558, -2.68857
638.88, -45.1797, -3.13721
630.823, -38.7732, -0.870186
632.352, -40.4901, 3.08462
600.373, -12.8225, 1.1303
599.86, -13.9905, -1.10446
599.236, -10.1456, 0.724229
600.299, -8.38552, 2.21196
600.546, -9.3901, -0.605429
599.598, -9.08843, 0.920393
601.003, -8.80996, -1.7471
599.479, -9.76886, -1.4942
599.599, -8.91363, 2.88385
600.718, -7.60809, -1.70193
599.309, -6.78359, 2.66214
598.675, -6.68216, 2.05498
599.278, -7.20003, -1.89964
675.689, 8.19047, 2.39033
599.914, -6.77923, 0.633202
606.586, 67.6637, 0.742778
599.936, 56.693, 1.41742
610.466, 61.9922, 0.43083
608.883, 55.7057, -2.18302
602.198, 27.136, -2.8098
652.748, 10.0979, 0.604223
675.06, -9.28869, -2.46136
599.982, -9.68966, 2.68972
600.32, -8.47648, 1.4729
599.879, -9.51506, 1.93208
598.259, -10.2637, -1.54018
600.062, -9.96787, -2.92133
599.774, -9.48441, -2.89855
601.335, -7.9386, 3.09303
598.218, -11.4938, 2.03918
598.677, -10.393, -2.55432
598.136, -11.516, -2.13008
598.166, -12.3541, -2.12818
599.14, -10.3789, 1.92832
596.401, -10.3448, 1.48708
596.991, -9.69327, -2.2455
616.908, -69.8482, -2.3
595.975, -6.54546, -2.51123
596.922, -10.4282, -1.86347
598.123, -8.78159, -1.5552
597.109, -11.0311, -0.283063
597.926, -11.1338, 1.3303
591.494, -7.04531, -2.42904
599.158, -10.5012, -1.05329
594.409, -8.01176, 1.27907
597.923, -10.3793, -0.485433
597.602, -9.55926, -0.212106
591.606, -7.20423, -2.75706
597.129, -9.97684, -0.0792189
597.551, -12.2119, 1.31071
598.719, -10.6592, -0.116288
621.433, -51.0631, -1.29126
636.935, -78.7396, 1.27611
630.533, -51.4409, -0.980763
627.107, -61.5782, 1.33246
611.975, -31.7176, 2.31018
634.631, -65.8877, -1.50216
624.872, -50.3923, 2.17594
635.887, -68.7668, -2.59217
615.993, -39.1149, -3.06762
635.755, -60.4485, -2.94796
637.116, -64.4613, 2.41591
640.34, -50.2069, 0.747878
634.678, -46.0081, -0.0695336
647.384, -68.793, -3.06019
645.059, -59.3431, -1.26373
642.02, -55.7595, 2.21015
640.592, -65.8576, 1.75197
614.704, -62.3834, 1.82642
618.308, -39.665, 0.526079
616.664, 19.0125, -3.04738
617.81, -85.3243, -0.592368
604.185, -29.5494, -0.565263
607.051, -56.1034, -2.6252
603.744, -15.225, 1.68449
660.929, -56.7597, -1.66089
602.317, -15.0794, 0.907868
602.478, -15.0705, 1.36171
638.794, -54.9288, -0.364044
645.678, -66.8041, -2.90619
633.019, -80.0294, 2.60734
620.848, -57.9804, 1.47751
625.312, -67.3594, 1.49046
627.059, -69.5053, -2.62447
627.926, -72.713, -0.0234991
614.768, -36.0046, -1.70721
647.275, -78.6929, -0.888359
599.674, -13.4176, 1.27005
601.647, -14.7382, 2.64448
598.696, -13.0476, -1.41468
599.19, -12.941, 2.81007
601.827, -14.7421, -2.78802
601.534, -14.8725, 0.679088
601.996, -14.5743, 1.56191
602.071, -14.6436, 1.21187
599.133, -13.6081, -0.0148494
599.142, -14.0505, 1.44
530.349, -23.6501, -2.40479
555.567, -21.935, 0.406963
537.015, -39.7526, -2.03092
542.442, -24.2313, -0.793804
546.379, -44.6067, -1.31154
552.891, -59.5137, 0.114921
534.129, -43.5079, 0.0361309
542.815, -59.0436, -0.190433
547.9, -53.4139, 2.25091
566.451, -38.8312, 0.473404
569.86, -58.9949, -2.04802
594.907, -4.21305, -0.780479
597.869, -7.83171, 2.92198
598.807, -11.4165, -1.86772
598.705, -10.7319, -1.16158
597.361, -9.2018, -1.0927
597.825, -8.88892, 1.72372
598.466, -9.67235, 0.703954
598.771, -12.3962, 0.475013
599.749, -8.96475, 0.552862
598.696, -9.68206, 2.31421
600.861, -8.84919, 0.317291
599.559, -7.28544, 2.9321
599.249, -7.88023, 0.602927
600.342, -9.96137, -1.65899
599.162, -9.31326, -0.359803
598.406, -9.61655, -0.362861
598.665, -10.7553, 1.37279
598.864, -12.8627, 1.41108
598.879, -8.64639, -0.551976
598.572, -10.1659, -0.305879
598.931, -11.9566, -0.0101934
598.672, -10.6004, 2.53572
598.467, -7.69702, 1.5303
599.246, -12.0931, -2.62698
598.031, -10.4466, -1.14372
598.782, -10.7045, 1.99565
600.013, -8.96265, 1.00183
599.027, -10.7375, -2.61614
598.593, -9.53676, -1.92346
597.724, -7.51527, -1.28832
598.119, -7.69632, -0.828062
600.35, -9.72237, 1.63951
600.298, -9.70347, 2.83832
597.543, -7.25533, -2.59039
599.869, -8.89915, 2.99684
598.852, -8.90542, -0.530063
597.329, -7.46157, -0.29735
530.637, -7.52375, 1.2457
526.379, -28.5568, 1.66522
594.704, -2.29837, -3.08784
596.331, -2.61689, -2.65418
597.857, -7.00129, 0.326636
595.917, -3.59506, 2.34684
597.442, -6.43575, -1.79041
597.838, -7.41742, -0.334416
597.333, -6.41691, 2.70577
595.573, -3.12903, -2.43399
596.673, -4.93755, -1.13191
596.46, -5.21126, 2.13457
560.375, -6.46685, 2.11196
602.8, -0.6616, -2.12264
596.551, -4.95051, -1.82274
595.385, -4.51048, 0.800362
597.195, -3.21688, -2.90666
597.106, -5.18535, 3.11834
596.108, -3.68663, -0.0147563
598.154, -2.09469, -2.94759
666.815, 27.5272, 1.96595
649.036, 17.3332, -0.601367
646.23, 10.7682, -1.15523
656.95, 14.126, 0.838096
673.226, 22.239, 2.6169
616.105, -18.9649, -0.493787
676.813, 16.1452, 2.89401
644.803, -34.0604, 1.02657
665.503, -13.2624, 1.00178
626.115, -12.7725, 2.14235
598.898, -0.443613, -1.91701
599.114, -1.0802, -2.03783
542.426, 17.879, 2.81964
526.27, 29.6524, -0.11647
533.556, 24.2674, -2.34775
547.59, 5.75012, 0.876541
641.501, 35.1836, -0.741202
628.981, 20.8265, 2.9924
623.596, 10.6417, -0.595228
642.575, 16.3175, 1.07366
634.468, 15.8504, 1.81135
640.243, 14.2103, -2.30977
569.123, 68.425, -1.02813
624.345, 10.109, 1.31299
653.134, 24.9247, -2.51842
658.452, 28.1936, -0.30321
634.933, 23.5066, 1.14106
642.551, 26.9212, -1.26116
671.14, 23.0659, 2.24983
668.057, 4.80921, 0.684507
582.415, -61.9758, -2.15191
580.327, -71.7879, -1.31631
596.222, -81.9537, 0.292253
607.39, -36.6048, -0.959155
597.648, -4.94372, -0.487906
598.417, -0.957163, 2.90294
599.03, -2.96573, -1.53864
632.875, -20.2748, -0.0286358
664.134, -27.6039, -0.08995
601.721, -65.729, -1.4203
550.105, -0.390467, -1.11069
598.613, -53.2247, -1.1562
603.709, -32.1354, 2.00047
526.747, 18.3289, 3.08003
606.697, -18.1296, 2.12371
604.068, -75.6264, -1.33731
607.103, -35.2685, -2.17001
596.387, -6.79047, -0.378725
595.507, -5.41401, -1.63512
597.129, -6.4061, 2.92787
533.391, -7.97648, 1.08461
534.398, -9.8268, 0.280598
530.667, 3.51539, 0.151349
528, 1.25665, -2.98032
536.266, 2.29884, -1.88933
525.822, 1.36986, -3.09912
597.107, -5.62461, -0.0739552
595.492, -4.45368, -0.704081
597.844, -5.1803, -2.75772
678.203, -12.3515, 2.71776
676.469, -12.3561, -1.92656
595.425, -7.07581, 2.35908
674.64, -9.52317, -0.521582
659.791, -8.92142, 1.69981
597.631, -2.59053, 1.39065
652.247, -9.74614, -0.845562
598.088, -3.21349, 1.73467
662.573, -11.0206, 2.75598
596.969, -5.64146, 2.71914
671.103, -12.2242, -2.03134
662.951, -11.3181, 1.98007
663.258, -10.798, 1.7015
650.685, -10.1109, -2.43333
597.617, -5.82353, 0.238843
674.127, -12.9204, -2.51522
651.791, -10.0482, -2.68793
636.627, -7.79403, -1.66686
672.018, -12.9571, -2.44975
659.695, -10.2751, 2.41701
665.353, -11.908, -1.27586
673.656, -12.3341, -2.96829
678.387, -12.3533, 0.268246
657.895, -9.83453, -1.81708
596.141, -4.84005, 2.60285
668.468, -11.8224, 0.592046
678.529, -13.8876, -0.49536
666.851, -11.9513, -1.80793
676.155, -12.3398, 2.82121
676.835, -12.242, -0.289797
674.214, -12.7739, -0.874295
675.685, -13.174, -1.85444
655.133, -9.9209, 2.21788
641.34, -8.66203, 0.81936
662.914, -10.99, -0.924741
635.015, -7.72338, -1.55453
633.479, -7.55932, -1.91557
642.424, -8.96604, 1.48253
677.791, -12.6392, 2.4587
678.548, -13.758, 0.80904
598.15, -3.04111, -3.00545
596.312, -5.10556, 0.34458
672.953, -12.716, 0.655412
597.379, -4.83183, 2.03838
596.507, -5.94855, -0.889358
668.63, -12.0688, -1.16415
661.12, -11.1305, -2.95535
632.304, -7.47898, -0.606265
597.057, -2.57488, -0.145131
652.03, -10.3892, -0.792485
675.44, -13.6681, -0.295749
671.698, -12.2267, -2.56073
663.045, -11.1446, 2.28059
644.123, -8.71788, 1.34694
597.933, -5.51833, -1.83678
596.638, -4.13971, -0.67753
662.012, -11.2409, -2.24249
677.993, -12.4083, 0.766265
597.017, -5.74775, -1.22735
641.168, -8.78686, -2.66559
595.889, -4.39466, -2.09002
665.226, -10.9971, 2.11487
672.756, -12.6074, 2.20101
669.135, -12.0109, 1.21158
672.278, -12.5128, 2.76865
674.685, -12.984, -2.63781
670.314, -12.4408, 1.99491
