0.000887174
0.0168151
0.00142672
0.278692
0.675711
0.000625991
0.0467476
0.424868
0.409866
0.0194496
0.00185535
0.0686408
0.237713
0.00220709
0.000223909
0.661617
0.467902
0.00515183
0.00366931
0.000905426
0.796421
0.00582066
0.4959
0.00153507
0.581634
0.00242067
0.00104287
5.3916e-05
0.0510168
0.0113172
0.00146874
0.0479927
0.548118
0.465789
0.295086
0.655675
0.00726068
0.00520851
0.770532
0.000554301
0.0340961
0.000433657
0.71255
0.00404186
0.00770143
0.464261
0.561998
0.392871
0.205506
0.00133365
0.0302778
0.773076
0.519048
0.000603406
0.00521754
0.74682
0.567055
0.0336487
0.00182233
0.467377
0.00100399
0.578818
0.478899
0.0384368
0.00135386
0.00520094
0.296383
0.55339
0.000798838
0.38132
0.00989417
0.00183835
0.244102
0.00429425
0.416159
0.0556848
0.0010349
0.00797229
0.00105825
0.477815
0.00014475
0.662297
0.0179894
0.277047
0.00272927
0.00203402
0.00484353
0.0326939
0.623575
0.00147045
0.00422568
0.00130395
0.0437732
0.0917605
0.00014018
0.0113793
0.0441152
0.599083
0.00825828
0.0052568
0.000583561
0.00139757
0.512293
0.00292474
0.516703
0.00161501
0.0927981
0.00497941
0.113746
0.00549639
0.00232866
0.000174616
0.010453
0.00102233
0.00580241
0.00332567
0.423331
0.00709052
0.000599194
0.00222885
0.00213821
0.191606
0.00638416
0.738977
0.00128745
0.000348965
0.49279
0.461087
5.15743e-05
0.667328
0.581984
0.0083898
0.693143
0.00054238
0.00305963
0.000274268
0.000511659
0.0110154
0.754378
0.00028002
0.462391
0.00619721
0.0016529
0.000161222
1.76832
0.00790541
0.0640997
0.00109483
0.758111
0.000517341
0.00345679
0.765413
0.00437739
0.00265527
0.00470308
0.00236198
0.000659154
0.00046684
0.00249923
0.000366699
0.722022
0.0013003
0.0019628
0.417536
0.0210268
0.034779
0.000368046
0.179066
0.0066276
0.514905
0.00277156
0.000400924
0.0477234
0.517918
0.702232
0.456757
0.345771
0.659192
0.00144342
0.2122
0.379326
0.346859
0.00115033
0.367685
0.00137049
0.754629
0.0211912
0.000484645
0.0644692
0.32332
0.00451154
0.00160532
0.0974816
0.00817942
0.00673025
0.965423
0.254424
0.000813115
0.000519567
0.372401
0.00102159
0.00108879
0.0218203
0.0272688
0.184304
0.618913
0.613663
0.00701619
0.000395661
0.00189415
0.000176667
0.0109126
0.662385
0.00464515
0.00279575
0.000555957
0.00088331
0.32907
0.0010979
0.00212676
0.000577445
0.00155503
0.00291006
0.650867
0.000250016
0.450295
0.00560962
0.464262
0.0173826
0.529511
0.00301479
0.023489
0.0145767
0.0058933
0.519979
0.0195646
0.000288483
0.00179421
0.443652
0.687041
6.87239e-05
0.00184479
0.00156369
0.0034876
0.0204938
0.000814327
0.432825
0.532142
0.0015982
0.00104025
0.00215504
0.553886
0.312227
0.680351
0.00675347
0.533096
0.00414736
0.000101902
0.00410277
0.477451
0.00203219
0.000910531
0.721714
0.294669
0.766164
0.318181
0.00450193
0.00474142
0.0268689
8.10445e-05
0.00416046
0.0161083
0.151984
0.00119085
0.644753
0.0194905
0.744118
0.340185
0.00190884
0.0189126
0.0120947
0.000818659
0.0266498
0.00832586
0.0067289
0.000221483
0.751317
0.000546409
0.00138921
0.373267
0.0130856
0.377716
0.0156668
0.313973
0.677015
0.0100589
0.000804669
0.741582
0.301657
0.00224547
0.318301
0.00553023
0.000795468
0.0066624
0.0108258
0.00362666
0.350066
0.00383294
0.0528792
0.29254
0.49869
0.00197848
0.0232786
0.50293
0.000371737
0.00156686
0.660248
0.00075071
0.00464847
0.00563908
0.604512
0.0012088
0.00255967
0.450813
0.524442
0.00127831
0.48955
0.3701
0.0377561
0.00371845
0.00421534
0.00760337
0.00016138
0.017548
0.00779522
0.0201763
0.417707
0.00229613
0.0193773
0.000989782
0.00339919
0.0182444
0.00330516
0.000430425
0.000945168
0.0139683
0.00115914
0.00509513
0.000358339
0.608579
0.00190649
0.000299529
0.0036653
0.0286858
0.0012384
0.057647
0.000118439
0.0210816
0.637557
0.0022722
0.491686
0.00184803
0.583653
0.00168123
8.5183e-05
0.00308697
0.0250998
0.360076
0.0462921
0.00365663
0.571994
0.00733556
0.00153325
0.0016497
0.00513787
0.00332147
0.00109643
0.77964
0.00543568
0.42087
0.00485175
0.359513
0.00107362
0.652087
0.00205649
0.604848
1.5006
0.266327
0.00242611
0.0168554
0.000362017
0.0022662
0.018195
0.498392
0.294504
0.684208
0.00167367
0.0136076
0.656725
0.0112959
0.00667473
0.000331723
0.698436
0.000383663
0.00968312
0.000248226
0.710198
0.795407
0.000478068
0.001064
0.0126512
0.00507875
0.00146786
0.0166759
0.626549
0.889296
0.000484376
0.0357558
0.0176242
0.05854
0.0143628
0.374254
6.46212e-05
0.00572601
0.713452
0.00834174
0.852413
0.00278097
0.676939
0.716324
0.000813545
0.00758861
0.000660851
0.748942
0.728729
0.00398024
0.000274071
0.35151
0.0217409
3.12236
0.000494723
0.0114108
0.00655321
0.0244036
0.27626
0.00392588
0.000229601
0.419222
0.00141016
0.0111517
0.4616
0.0644236
0.00373798
0.000415317
0.725876
0.0017617
0.000672473
0.574382
0.556274
0.0146995
0.00248924
0.00520606
0.329432
0.00974861
0.0158127
0.549591
0.530002
0.723659
0.00393459
0.00102936
0.0257019
0.00952478
0.0110137
0.655508
0.0133462
0.7635
0.574601
0.00529443
0.00221268
0.0048691
0.0078855
0.611011
0.687456
0.000191843
0.00049904
0.456028
0.052818
0.000711574
0.00329837
0.0394571
0.381723
0.12785
0.0040794
0.751719
0.00919068
0.00363885
0.0203491
0.00312595
0.486602
0.617977
0.584368
0.582885
0.439514
0.305882
0.00187081
0.00854547
0.0372695
0.576983
0.283416
0.0131954
0.00136974
0.0117658
0.183895
0.0017563
0.000836647
0.0111008
0.0597877
0.0185115
0.00240732
0.0842809
0.000422146
0.746308
0.000931102
0.000251607
0.0526252
0.0445996
0.000109638
0.000595665
0.00202056
0.100442
0.170715
0.000967805
1.59143
0.015125
0.0145977
0.411192
0.00292261
0.00293019
0.00185342
0.0188747
0.0281632
0.000310593
0.594144
0.00242675
0.000600486
0.0211291
0.958831
0.00966404
0.00871421
0.000903566
0.238417
0.000711046
0.667988
0.00690875
0.538884
0.888452
0.000794775
0.435103
0.000971409
0.00298963
0.624288
0.49183
0.0427
0.000714564
0.67419
0.698015
0.420735
0.000530132
0.747541
0.481527
0.284655
0.00060867
0.420738
8.27691e-05
0.000562489
0.417855
0.0920409
0.492398
0.00755646
0.000358536
0.53912
0.295377
0.549428
0.0205173
0.346694
0.729868
0.000393167
0.0290293
0.673148
0.392449
0.00437653
0.540424
0.0190365
0.000465365
0.00658237
0.666306
0.108912
0.743304
0.54801
0.769298
0.699832
0.0120894
0.57027
5.77584e-05
0.00875437
0.00633969
0.257971
0.646887
0.00100143
0.378292
0.183315
0.000609137
0.771956
0.519067
0.244539
0.0115064
5.73208e-05
0.019886
0.697477
0.474224
0.000642408
0.00184607
0.00392381
0.505483
0.000236455
0.00488294
0.00840834
0.53928
0.785174
0.664957
0.393599
0.0278501
0.166586
0.00087625
0.000353203
0.00166293
0.619212
0.0271819
0.631284
0.00117484
0.000209339
0.00108239
0.00563272
0.00136483
0.0197596
0.0357545
0.00468653
0.00131314
0.0116461
0.444452
0.0985781
0.699357
0.00132847
0.00499597
0.00143434
0.643437
0.625821
0.00126871
0.000448794
0.00459283
0.346273
0.0436681
0.00867519
0.000624764
0.00266518
0.00591276
0.000486681
0.00340062
0.65332
0.576983
0.734728
0.00126199
0.00145938
0.00811064
0.0287408
0.763089
0.564342
0.00239026
0.00871549
0.000819084
0.433351
5.19448e-05
0.436024
0.0245983
0.00125342
0.00778358
0.00458437
0.00073036
0.00542328
0.74228
0.0274128
0.603724
0.000680737
0.0041037
0.0190896
0.549561
0.276804
0.000183846
0.374534
0.0388662
0.453598
0.293341
0.0171204
0.00426543
0.562449
0.53479
0.713051
0.756811
0.00137552
0.490399
0.0981464
0.00107173
0.0145844
0.724134
0.00341195
0.764008
0.518955
0.00163395
0.77196
0.025015
0.560696
0.461934
0.258656
0.575619
0.00123594
0.684144
0.701327
0.00616883
0.470715
0.743849
0.0266418
0.00183951
0.461334
0.00118704
0.348567
0.000884189
0.584627
0.500586
0.00877484
0.000511882
0.770284
0.732911
0.0239938
0.0139772
0.00178666
0.0187284
0.00401949
0.629872
0.000259427
0.00198586
0.637277
0.00106614
0.00893528
0.391079
0.305706
0.00184217
0.00247925
0.00531088
0.00920302
0.00187423
0.527809
0.751984
0.399881
0.0166571
0.017711
0.00132295
0.00257309
0.00203354
0.000399047
0.00116974
0.00356792
0.000603252
0.00128212
0.00728355
0.00361722
0.00136473
0.621798
0.02214
0.624281
0.0161228
0.0195339
0.000447479
0.00220743
0.0225992
0.482955
0.33785
0.000768473
0.000211283
0.00229767
0.00337573
0.532625
0.000264045
0.00146437
0.607169
0.0154761
0.170765
0.00514754
0.455528
0.438344
0.632789
0.00681303
0.00653968
0.0126881
0.0199318
0.00559893
0.00172495
0.00613276
0.784489
0.00063162
0.00682604
0.00406767
0.00513
0.0203227
0.0101804
0.733126
0.00169349
0.0758215
0.720682
0.000502445
0.587657
0.00275994
0.001506
0.624641
0.00553407
0.00207854
0.00885089
0.0134933
0.00117799
0.00314567
0.00110433
0.00366298
0.0214167
0.000791223
0.0102125
0.0204686
0.0176184
0.00323653
0.0168737
0.4379
0.349812
0.000347703
0.000300714
0.392107
0.788911
0.53
0.000407497
0.000366115
0.0120485
0.549224
0.00594944
0.000498882
0.345115
0.000147929
0.0028963
0.725448
0.00087923
0.0227168
0.000374659
0.00807785
0.267146
0.0045917
0.639608
0.00917818
0.582195
0.0104706
0.047966
0.0043777
0.000515282
0.00123909
0.0695519
0.00199571
0.0468963
0.000519052
0.494591
0.0173428
0.0164707
0.576838
0.434092
0.00175915
0.000430956
0.466492
0.0356783
0.000995688
6.30065e-05
0.000562493
0.0121117
0.00407764
0.456282
0.00550869
0.00196365
0.13176
0.0157336
0.051997
0.00196153
0.00149768
0.000232777
3.42263e-05
0.0273174
0.00102324
0.0072437
0.0156783
0.0345636
0.0264369
0.00718537
0.0106054
0.65022
0.502267
0.00116696
0.014031
0.00492847
0.00138877
0.000699535
0.112006
0.00301809
0.0103177
0.0055883
0.00780969
0.00118444
0.00873682
0.00300133
0.0021166
0.477223
0.375428
0.138412
0.96205
0.463889
0.084618
0.319122
0.00500475
0.000179078
0.47708
0.337775
0.226436
0.0519473
0.00515976
0.00579918
0.540222
0.0115502
0.00114121
0.374535
0.622897
0.645088
0.00529647
0.549737
0.00445116
0.610928
0.000571371
0.00237808
0.0058414
0.291209
0.696621
0.00595698
0.572324
0.0773002
0.319933
0.00187686
0.000443652
0.334498
0.00141948
0.00335035
0.00656871
0.497292
0.54135
0.0104962
0.0130119
0.000360638
0.000361103
0.238314
0.0116295
0.0104056
0.484485
0.00746158
0.000881212
0.00645036
0.669626
0.0665518
0.000574976
0.000583107
0.0355514
0.669904
0.00293253
0.30856
0.0140825
0.55766
0.00291548
0.339252
0.000294883
0.00205204
0.00115263
0.380094
0.0008362
0.575256
9.13652e-05
0.014194
0.0554485
0.00574227
0.000451779
0.0173563
0.000400715
0.0159186
0.23007
0.0159184
0.751359
0.0019383
0.427401
0.622156
0.622077
0.00906208
0.438291
0.0042079
0.744762
0.754947
0.0106969
0.0170474
0.799074
0.791712
0.736216
0.159781
0.473536
0.12096
0.697324
0.439956
0.209862
0.166939
0.000644295
0.68204
0.435027
0.338065
0.0663295
0.706304
0.762453
0.0035182
0.00436759
0.000172662
0.000357083
0.000479184
0.0158663
0.558866
0.0585906
0.81774
0.00222401
0.0034458
0.000839047
0.00200471
0.563503
0.0124346
0.000908221
0.507112
0.0101078
0.701285
5.43699e-05
0.000909391
0.381718
0.00657824
0.00185641
0.00202373
0.0014432
0.424941
2.35106e-05
0.722608
0.00334072
0.0032166
0.0231416
0.0180008
0.291387
0.00012974
0.368931
0.497992
0.509834
0.235947
0.337576
0.419063
0.0171735
0.0212662
0.00593671
0.00347079
0.000813485
0.000622509
0.784485
0.00597532
0.628958
0.00053848
0.0636956
0.00160172
0.443188
0.658481
0.0177362
0.677431
0.00162669
0.00273151
0.48217
0.417262
0.0419741
0.18403
0.834771
0.00582263
0.00439356
0.00696931
0.0799846
0.00417992
0.0027972
0.00760907
0.0258835
0.00080498
0.0213456
0.00127287
0.493115
0.0114141
0.528282
0.0078608
0.00796266
0.539744
0.0460906
0.222476
0.00119339
0.0370234
0.00148399
0.0283629
0.0107462
0.00393823
0.300735
0.358298
0.00603317
0.00100775
0.000986066
0.0230434
0.000950221
0.270036
0.670151
0.539709
0.689626
0.357236
0.323045
0.0332403
0.0258126
0.554244
0.0136543
0.403097
0.00439304
0.00441639
0.00259876
0.628347
0.00730366
0.000502268
0.00732532
0.0294351
0.00561046
0.0480064
0.771112
0.00155745
0.258514
0.721928
0.914561
0.00454743
0.00408131
0.00354373
0.00107613
0.330515
0.0314554
0.000399242
0.0028255
0.0140141
0.0422947
0.00443463
0.000505547
0.75116
5.67578e-05
0.000289185
0.000992347
0.463017
0.0124014
0.0253827
0.44261
0.443928
0.480405
0.0222245
0.000623859
0.00275192
0.072122
0.00190449
0.711475
0.700624
0.704554
0.0261719
0.00128919
0.00159302
0.633607
0.00218648
0.00208109
0.050983
0.292854
0.0741287
0.775674
0.518994
0.132486
0.487142
0.00267839
0.0136566
0.0202352
0.00586222
0.0126085
0.25051
0.00448401
0.325308
0.00240222
0.0369178
0.00010434
0.000949546
0.688793
0.458286
0.000775842
0.409609
0.000616935
0.656542
0.177076
0.00915553
0.001001
0.41954
0.00958539
0.352652
0.00275728
0.553393
0.0257335
0.404556
0.00147964
0.781022
0.00606439
0.000689685
0.00501243
0.00272521
0.00811532
0.732875
0.182002
0.593117
0.558717
5.85861e-05
0.486496
0.00374588
0.0393707
0.458421
0.00152473
0.00030216
0.00194401
0.0128463
0.785372
0.0100668
0.00240592
0.000605263
0.722127
0.401572
0.00250185
0.460178
0.00215213
0.00150909
0.00268463
0.646322
0.364528
0.454089
0.757568
0.00478841
0.161252
0.00277526
0.0104451
0.622629
0.00631928
0.28783
0.00141273
0.0554963
0.000517874
0.0440594
0.000819134
0.000902268
0.757701
0.000720474
0.386319
0.000733225
1.29009e-05
0.00224372
0.0182439
0.525347
0.12427
6.01615e-05
0.00163176
0.00253798
0.0355465
0.635904
0.00149255
0.00103652
0.004191
0.018068
0.00309329
0.004032
0.419593
0.000649435
0.763974
0.0010627
0.00796782
0.0117899
0.473401
0.760779
0.000713691
0.00400478
0.00356473
0.000163899
0.00534519
0.0106157
0.00203654
0.00450158
0.000554758
0.64648
0.718099
0.57847
0.00226431
0.474908
0.00184143
0.00545552
0.096145
0.020044
0.64402
0.634477
0.00168487
0.00141038
0.571329
0.00127103
0.00808055
0.012609
0.0100426
0.0020277
0.360573
0.122054
0.000818188
0.960711
0.90797
0.666502
0.371641
0.0159558
0.748736
0.00187527
0.472754
0.338008
0.387866
0.504626
0.000623139
0.663165
0.641442
0.00198112
0.000554747
0.0114846
0.00256649
0.693016
9.08619e-05
0.00616058
0.532403
0.649958
0.00485326
0.145532
0.582248
0.0219784
0.00045156
0.761951
0.00148341
0.580204
0.00157064
0.0124634
0.452044
0.00782219
0.616703
0.00240775
0.0053292
0.00247763
0.517039
0.0215475
0.667904
0.0300237
0.00640705
0.00304038
0.493858
0.520284
0.000319726
0.660276
0.526561
0.00910919
0.697588
0.00165221
0.00113222
0.00574767
0.00935694
0.0992238
0.0227768
0.0360968
0.778413
0.328342
0.736116
0.00320217
0.711261
0.624866
0.523775
0.762184
0.00145996
0.00159599
0.459522
0.0010247
0.00228538
0.00581044
0.000408133
0.00954845
0.0104433
0.0253206
0.00106481
0.593057
0.00678258
0.000608144
0.0090741
0.00662241
0.00808848
0.000839923
0.000664776
0.223055
0.00109646
0.0274024
0.018827
0.798416
0.000169457
0.0355086
0.0321459
0.701154
0.000839929
0.000992475
0.0029167
0.654135
0.00860625
0.00447376
0.0530383
0.633196
0.36793
0.589441
0.000688219
0.00105059
0.00214952
0.518285
0.00045698
0.0935089
1.23063
0.517995
0.211057
0.572912
0.00151138
0.0296371
0.676235
0.644116
0.00544513
0.189209
0.0024631
0.00194785
0.751281
0.000395577
0.000704275
0.0157733
0.225785
0.784733
0.0108119
0.00534054
0.00217478
0.0357182
0.744503
0.0168885
0.0106843
0.00340955
0.649163
0.000588703
0.00171288
0.632023
0.00306662
0.559034
0.0189509
0.000548239
0.000392246
0.032126
0.00931883
0.0704273
0.00216717
0.00494226
0.00930727
0.453637
0.000910315
0.00306408
0.247912
0.00186491
0.17349
0.0049732
0.493946
1.48657
0.00620935
0.00271508
0.000117008
0.291149
0.36936
0.535425
0.00163831
0.509622
0.568986
0.00612601
0.579372
0.00740905
0.00392949
0.0118766
1.61081
0.00180664
0.000970465
0.00382325
0.00186554
0.389015
0.577102
0.119328
0.13862
0.00139886
0.00765005
0.00832435
0.00104931
0.00171121
0.0258598
0.00431924
0.698633
0.534989
0.0124811
0.00186052
0.778483
0.0394361
0.732634
0.00351372
0.0051768
0.0157865
0.411605
0.00217324
0.76715
0.022746
0.00307028
0.562797
0.46893
0.585028
0.0252926
0.302703
0.0203865
0.0329979
0.738091
0.00136755
0.676688
0.973785
0.00137343
0.613064
0.725384
0.00179471
0.714682
0.591233
0.000875462
0.730709
0.00686172
0.00159655
0.00782954
0.453132
0.234743
0.47815
0.308761
0.763463
0.489199
0.494579
0.00206787
0.000787547
0.0333606
0.268679
0.0208188
0.00619162
0.582785
0.50507
0.000816315
0.739241
0.00534083
0.635883
0.0263454
0.786109
0.597926
0.388421
0.0352721
0.239775
0.0113966
0.0419207
0.341631
0.0240468
0.00341501
0.00083222
0.00783113
0.00279782
0.00598674
0.00740667
0.522646
0.00171839
0.00117199
0.00427965
0.739559
0.000445612
0.0127028
0.423806
0.000184048
0.0182012
0.435153
0.000406613
0.581979
0.00148677
0.000458411
0.697828
0.0556673
0.00355261
0.00661178
0.000139677
0.0050155
0.00426115
0.725872
0.728742
0.651711
0.000233681
0.293799
0.00677478
0.00156572
0.63696
0.00487831
0.544144
0.00139138
0.0146677
0.000872412
0.0459223
0.00174926
0.00626365
0.00392689
5.53162e-05
0.00319834
0.0204226
0.674872
0.00194136
0.742642
0.422029
0.707779
0.556672
0.00152657
0.302079
0.270076
0.000326511
0.0406831
0.0656395
0.00113991
0.0258544
5.58519e-05
0.0058476
0.0150578
0.00635633
0.00373668
0.000648483
0.556951
0.00614862
0.678444
0.00960659
0.000479523
0.883924
0.00340692
0.00171837
0.864206
0.427314
0.499643
0.466022
0.0176436
0.173871
0.404576
0.0124206
0.595025
2.83474e-05
0.00174338
0.614892
0.585537
8.88153e-05
0.00930915
0.00104316
0.00254598
0.753217
0.0267807
0.0142989
0.675396
0.485873
0.0305408
0.0148766
0.00238638
0.000691163
0.00194101
0.00057152
0.000534323
0.00255406
0.000656228
0.385238
0.475546
0.0116038
0.486642
0.38207
0.340109
0.0023194
0.00103977
0.00205807
0.0052513
0.00205504
0.684408
0.000433861
0.232593
0.000624914
0.00849816
0.000966857
0.00754348
0.00764033
0.000158689
0.00141366
0.243453
0.032162
0.0881042
0.00121392
0.00180177
0.000660306
0.00423873
0.752345
0.0186654
0.469415
2.67988e-05
0.00421665
0.00127454
0.00162688
0.0173233
0.0450256
0.00546532
0.00530593
0.028972
0.254934
0.617001
0.569555
0.000175263
0.0223608
0.00114055
0.000316422
0.0159732
0.00572461
0.00197152
0.674292
0.0210048
0.00573685
0.0379468
0.0176472
0.000109315
0.0029473
0.726053
0.00490941
0.00492515
0.00809385
0.083748
0.0027283
0.00684747
0.4748
0.0121381
0.683223
0.635513
0.00100021
0.726658
0.00301755
0.000359187
0.255747
0.00112949
0.773824
0.00324727
0.0201637
0.00318029
0.00221252
0.00330061
0.000383969
0.00124722
0.000697745
0.000386477
0.000460686
0.00955982
0.530333
0.708472
0.000992723
0.000361533
0.620481
0.465512
0.524994
0.927511
0.640317
0.00215919
0.00837718
1.99122
0.000885583
0.0848233
0.0140043
0.371408
0.000788299
0.467939
0.0173403
0.428739
0.50849
0.0154681
0.610854
0.736134
0.0361391
0.0201258
0.757297
0.291653
0.433567
0.404677
0.473403
0.0398827
0.0255165
0.00561847
0.690065
0.00146803
0.00703131
0.628314
0.000841883
0.000399018
0.725766
0.794533
0.0328932
0.30055
0.742873
0.801997
0.0381566
0.068129
0.00235329
0.443022
0.36603
0.0131
0.00183786
0.011214
0.00100858
0.691629
0.00698696
0.0680364
0.00170134
0.000240718
0.0197125
0.00150888
0.377998
0.0133096
0.00949553
0.00442935
0.00780807
0.165957
0.239046
0.0316827
0.00394098
0.000605397
0.259162
0.342336
0.50119
0.67971
0.00266847
0.0435879
0.00263073
0.567192
0.441062
0.0190793
0.000483879
0.583079
0.00100979
0.572657
0.00805035
0.516325
0.692886
0.0013021
0.455762
0.00792041
0.000323999
0.00322677
4.25838e-05
0.757391
0.00197337
0.0362515
0.0388936
0.0114969
0.00509452
0.0036554
0.000987905
0.105292
0.00583587
0.0112469
0.506327
8.05613e-05
0.00750816
0.634677
0.446264
0.493695
0.00175038
0.411893
0.241953
0.0111322
0.820866
0.0220786
0.0397257
0.00939139
0.000970656
0.00290001
0.000959652
0.0172031
0.654273
0.00637836
0.0391969
0.524737
0.0204622
0.552933
0.000456412
0.00142364
0.0131352
0.764196
0.00495369
0.0144271
0.000265682
0.0125452
0.567407
0.137659
0.00405426
0.622778
0.00671992
0.000774821
0.00125156
0.000121486
0.0265125
0.451737
0.180638
0.000246137
0.443729
0.00425642
0.269822
0.0028973
0.00344123
0.00352046
0.00571351
0.00116519
0.000286222
0.000150758
0.454093
0.67959
0.0736895
0.000729649
0.0120819
0.691899
0.00510555
0.0025833
0.00122558
0.711407
0.00301672
0.571544
0.00502321
0.3458
0.081121
0.11425
0.0630947
0.605806
0.000190624
0.0072415
0.00375793
0.000942638
0.0128994
0.00124304
0.0057405
0.00169314
0.494623
0.000480891
0.000286175
0.519989
0.363933
0.316547
0.00157894
0.000889942
0.0284821
0.00110165
0.536924
0.0125762
0.219378
0.00062585
0.086468
0.0269641
0.662857
0.052991
0.243568
0.0081552
