0.175765
2.30299
0.0699927
0.38998
0.675928
0.132372
0.132667
0.481151
0.487674
0.0508117
2.89314
0.226849
0.267247
0.355472
0.0250356
0.707194
0.496054
0.357374
0.178705
0.148882
1.33747
0.100011
0.694763
0.173792
0.583803
0.189273
0.118415
0.457649
0.160287
0.416672
0.0356314
0.783177
0.606382
0.649594
0.458907
1.72999
0.15248
0.12619
1.16668
0.010875
0.291496
0.0264746
0.713972
0.0157947
0.267862
1.69164
0.571753
0.558075
0.350052
0.0376441
0.321783
0.870798
0.543534
0.792061
0.947918
0.764249
0.570354
0.354741
0.06756
0.580507
0.00237965
0.76654
0.731996
0.42826
0.0168657
0.183311
0.837257
0.570748
0.866447
0.437122
0.43247
0.119027
0.359674
0.160461
0.46684
0.101091
0.13422
0.00844609
0.0108374
0.579857
0.809045
0.734867
0.074602
0.289425
0.0401625
0.0497627
0.354385
0.325477
0.633233
0.0138017
0.256023
0.0657629
0.434468
0.19049
0.0085231
0.0826101
0.59784
0.648064
0.0626924
0.416131
0.0619738
0.110868
0.537482
0.186842
0.607944
0.0214042
0.197516
0.0100276
0.319303
0.189164
0.178467
0.0212746
0.484485
0.0824344
0.163193
0.110566
0.448464
0.0152401
0.0363948
0.148822
0.364019
1.15493
6.52041
0.799824
0.0238299
0.413408
0.59071
0.531256
0.0209411
0.772114
3.29483
0.502283
0.740254
0.0210925
0.818572
0.0567748
0.0644554
0.0420023
0.83418
0.996208
0.563156
0.258593
0.0605583
0.000624485
1.9652
0.0227748
0.0747723
0.141347
0.993802
0.07842
2.99147
0.766331
0.0500167
0.22692
0.283219
0.208163
0.0129515
0.231404
0.0171191
0.201108
0.750029
0.00249514
0.00538714
0.530554
0.0336735
0.0788318
0.278607
0.318375
0.156926
0.549978
0.0102816
0.0299656
1.32696
0.6887
0.734901
0.510179
0.352479
3.51196
0.477736
0.264058
6.0799
0.614445
0.0012327
0.367789
0.0287208
2.86262
0.0287777
0.0429538
0.765891
0.396613
0.101196
0.178169
0.100921
0.295845
0.0075109
1.4041
0.349634
0.00641399
0.136314
0.52575
0.248203
0.170727
0.202056
0.1312
0.188283
1.47605
0.631626
0.0556378
0.0933446
0.201337
0.00505409
0.552971
0.711682
1.29223
0.0133293
0.00392122
0.00471547
1.68217
0.0413087
0.634303
0.0469813
0.0295336
0.40244
0.75396
0.00813624
0.636939
0.0128227
0.489823
0.023627
0.559878
0.0764972
1.26482
0.0562136
0.00653453
0.740341
0.193498
0.0211241
0.657575
0.463229
3.59279
0.191676
0.493304
0.0460975
0.434433
0.259448
0.108879
0.459005
0.548094
0.0604691
0.193656
0.318746
0.582773
0.386395
0.688835
0.698975
0.606153
0.540339
0.0529933
0.146752
2.05251
0.0195126
0.423553
0.825629
0.350907
0.790037
0.448749
0.016893
0.392923
0.0296738
0.0607742
0.0598404
0.164024
0.182431
0.063116
0.675779
0.0369008
0.747049
0.365803
0.0307296
0.401112
0.0226451
0.0254559
1.1399
0.0989759
0.413653
0.123971
0.762232
0.09086
0.347226
0.515008
0.0474067
1.99109
0.0767626
0.441463
0.719642
0.156849
0.33115
0.940811
1.43592
0.130754
0.392463
0.00707672
0.0041832
0.0394194
0.0129616
0.00771612
0.365944
0.0310612
0.0552989
0.340401
0.903343
0.156796
0.109964
0.537328
0.00692075
0.283061
0.726767
0.00727968
0.177424
0.00733265
0.647244
0.0608041
0.249848
0.475552
0.650621
0.00343641
0.618135
1.98191
0.0473625
0.102172
0.071864
0.0132414
0.00617817
0.294436
0.0208556
1.18691
0.426709
0.0940975
0.112298
0.123251
0.113705
0.347398
0.0955202
0.0200372
0.278082
0.397079
0.10115
0.028917
0.0961199
0.689754
0.075537
0.302474
0.238984
0.0573717
0.0753489
1.19634
0.0111442
0.786436
0.699122
0.26352
3.00968
0.293794
0.63864
0.00259742
0.0863476
0.247343
1.20079
1.72086
0.0563862
0.0107989
0.577034
0.547608
0.059042
0.0233357
0.0113744
0.0136402
0.0330351
3.01219
0.00594265
2.7651
0.0221589
0.37112
0.0022042
0.652585
0.0145913
0.629711
1.57195
0.277557
0.00712295
0.240657
0.0115493
0.00897167
0.116779
1.87075
0.311145
0.835586
0.00905578
0.016382
1.75086
0.0254294
0.0158367
0.00428696
2.38755
0.418602
0.321446
0.0622644
0.739924
1.12795
0.0386973
0.00997833
0.714016
0.0811092
0.00442133
0.0367237
1.42448
1.9272
0.174753
0.443556
0.0267847
2.00891
1.64987
0.385035
0.00634506
0.659453
1.38828
0.014286
0.853506
0.198402
0.719023
4.64228
0.0424426
0.0188162
0.0111125
0.942123
0.788978
0.0554624
0.0441998
0.517645
0.0343298
3.3694
0.0032468
0.181048
0.0415607
0.122457
0.374232
0.120623
0.175155
1.44055
0.00324553
0.150282
0.49312
0.35245
0.0169149
0.00857084
0.876759
0.00951403
0.000878033
0.575522
0.72635
0.0265751
0.00374777
0.0367866
0.335843
0.0473285
0.0445211
0.613895
0.802996
0.723982
0.0093387
0.00555777
0.0364266
0.0114578
0.0115042
0.660896
0.0153495
0.968029
0.929816
0.00781305
0.011487
0.0249694
0.346637
0.694749
0.710863
0.0142494
0.133534
0.519343
0.0616281
0.0872301
0.00644292
0.739871
0.405423
0.639172
0.0344529
0.832215
0.360161
0.153656
0.203107
0.332195
2.50305
3.40348
1.79701
0.659748
0.722873
0.614699
0.75115
0.512457
0.5047
0.804909
0.29925
0.196909
0.0518809
0.0151486
0.220989
0.0268462
0.00714472
0.0167813
0.0991935
0.0578622
0.0140859
0.0941655
0.06795
3.0192
0.305444
0.00345614
0.251549
0.0459169
0.00684989
0.00623012
0.244223
0.47036
0.200403
0.026277
2.01099
0.384603
0.0762721
0.706907
0.0373621
0.102048
0.404943
0.119211
0.130687
0.0719104
0.683763
0.00583655
0.0140432
0.0427476
1.52742
0.0166669
0.0133229
0.00856032
0.406846
0.00114093
1.88522
0.0137718
1.71347
1.40724
0.00760921
1.05563
0.00510006
0.0126654
1.42815
0.537865
0.111265
0.00700684
0.677168
1.01932
1.47134
0.00462834
1.07448
0.569603
0.361124
0.0080873
0.661001
0.00689824
0.0160991
0.904218
0.781113
0.586432
0.0131219
0.00529118
0.806821
0.327141
0.552546
0.116263
0.34702
0.740341
0.248149
0.276615
0.706673
0.405248
0.0197069
3.29807
0.0427181
0.0100967
0.370135
0.738238
0.157938
0.773102
0.55137
0.830191
0.703634
0.0378594
0.663251
0.00286626
0.0225588
0.223655
0.334309
0.715561
0.324247
0.469927
0.49219
0.285481
0.880864
0.564557
0.257593
0.321353
0.0138036
0.262688
0.740686
0.474362
0.043592
0.165919
0.00526406
1.07402
0.209113
0.227289
0.193812
0.54918
2.50238
2.90785
0.523727
0.0422175
0.389683
0.116035
0.392482
0.355255
0.761695
0.461214
2.80001
0.125074
0.0331872
0.235555
0.3073
0.0139368
0.0325607
0.890928
0.193476
0.183286
0.0435205
0.768378
0.13493
0.704007
0.298838
0.179726
0.118708
0.665953
0.887051
0.0057571
0.0412622
0.0434595
0.474888
1.05889
0.349101
0.187076
0.0670793
0.0616668
0.0070009
0.0727389
0.950949
2.66255
0.816608
0.00742786
0.00637167
0.724022
0.102146
3.98582
0.721259
0.00886199
0.11026
0.00611935
0.682213
0.00170282
0.445532
0.0634033
0.00619782
0.0120148
0.0175948
0.00725686
0.0195524
0.894377
0.0909852
3.35677
0.335591
0.0222629
0.20807
2.66062
0.417607
0.0137238
0.415606
0.0930529
0.481452
0.441334
0.368085
0.00679038
3.72334
0.845366
0.787271
2.89314
0.0250312
0.525491
0.138773
0.00316826
0.0191437
1.58508
0.00984368
1.47121
2.29549
0.00768016
1.39816
0.621106
0.644098
0.506261
0.453798
0.907405
0.00412278
0.740953
0.763136
0.0384935
0.568933
1.26
0.0395213
0.0148881
0.482382
0.00426798
0.769091
0.0214505
1.00623
0.94748
0.239162
0.0175851
0.804154
4.99176
0.0296114
0.230007
0.106999
0.123295
0.0179999
0.889505
0.0133218
0.0721835
0.825272
0.0130117
0.0119048
0.409449
0.337552
0.00623266
0.0438814
0.086481
0.0948711
0.0956238
0.616574
0.783369
3.33444
0.221151
0.144591
0.0744163
0.165566
0.109303
0.0301064
0.0119433
0.0111274
0.000931362
0.00233368
0.423475
0.149655
0.0970643
0.663016
0.707428
1.26607
0.223456
0.345426
0.0236385
0.0874998
1.38837
0.53654
0.340691
0.360288
0.057136
0.461862
0.0112013
0.860781
0.000684131
0.088094
0.6645
0.163775
0.204115
0.787134
3.35799
1.52251
1.13808
0.0123269
0.217656
0.496346
0.0635421
0.588318
0.0377116
0.046508
0.785834
0.0142419
0.0245252
0.0193862
0.136611
0.0557877
0.0127165
0.736759
0.0432482
0.586917
0.824968
0.0140155
4.1363
0.317067
0.379011
1.79591
0.204999
0.317587
0.151735
1.38441
0.00437335
0.317833
0.463455
0.00490401
0.0483565
0.13263
0.131162
0.149734
0.028705
0.134569
0.0304624
0.468565
1.2387
0.00235271
0.0506521
1.65122
0.891798
2.4405
0.0140991
0.0626025
0.431494
2.52772
0.0073154
0.0503888
0.355214
0.0901697
0.0102296
0.735188
0.050503
0.0643065
0.00624927
0.169003
0.297361
0.0584007
0.779095
0.0182472
0.630547
0.0120361
0.0725478
0.0208434
0.00330571
0.00347772
0.0859368
0.00501521
0.0578307
0.0123547
0.519437
0.0286655
0.0269441
0.613162
0.595292
0.00285694
0.112101
0.582118
2.16258
0.00878174
0.00207287
0.00717586
0.155387
0.0127157
0.537353
0.372501
0.380073
1.00608
0.111424
0.0997876
0.120259
1.03849
0.277213
0.00948406
0.139736
0.756579
0.114622
0.854729
0.163281
0.030749
0.101906
0.150074
0.90688
0.657392
0.0248515
1.56227
0.0569706
0.111876
0.29876
0.113377
0.204506
0.0216879
0.0976137
0.048068
0.0540689
0.112707
0.0534122
0.157992
3.00572
1.03966
0.166801
2.25873
1.04144
0.596094
0.362928
0.108525
0.00124712
0.641617
0.534814
1.9864
0.120936
0.0100489
0.00612261
0.791185
0.130839
0.00269744
0.466238
1.72613
0.656408
0.0175591
0.581724
1.0649
0.638353
0.0580144
0.00483736
0.411782
0.799498
0.707717
0.350155
0.57455
0.120084
1.0512
0.0760515
0.000771185
0.683582
0.010636
0.00824039
0.00992559
0.516253
2.18955
0.0347849
0.199574
0.223975
0.929509
0.454377
0.175639
0.269539
0.548015
0.243167
0.0201844
0.252105
0.685852
0.113323
0.23393
0.0173372
0.0545069
0.862881
0.163361
0.344636
0.822757
0.632647
0.0558391
0.447655
0.626622
0.449241
0.218597
0.515518
0.172827
2.81168
0.0119818
0.147884
0.168312
0.10356
0.0215638
0.0279238
0.0194324
0.0231069
0.258816
0.131864
1.19377
0.00839084
0.6567
0.656745
0.628165
0.437239
0.68631
0.0243083
2.04933
1.3074
0.191837
0.306316
3.35773
1.54306
0.874769
0.206726
1.14537
0.341252
1.00123
0.697567
0.429874
0.257753
0.0044818
1.27037
0.592938
0.575176
0.10891
2.73721
1.00053
0.0125058
0.0293404
0.0263146
0.128194
0.292379
0.104918
0.958991
0.801121
0.887507
0.00272532
0.0485898
0.543291
0.191365
3.27536
0.0186344
0.0526159
0.618678
0.130091
2.41308
0.00429484
0.31186
0.387077
0.274092
0.128217
0.00367477
0.626037
0.456599
0.020597
4.7104
0.081753
0.114077
0.0371488
0.074761
0.32311
0.00289737
0.453916
0.763391
0.512505
2.27897
0.364354
2.06536
0.0239774
0.0294442
0.182429
0.0106372
0.00401045
0.0168747
0.797462
0.00974608
0.99112
0.00445161
0.0646058
0.00869077
0.815013
0.719573
0.0287922
0.727075
0.00376356
0.318951
0.757659
0.421759
0.0492521
0.207352
0.840243
0.0143672
0.122492
0.617003
0.775086
0.0177784
0.00354631
0.367062
0.305101
0.00186457
0.135738
0.222379
0.626373
1.20058
0.627332
0.0162417
0.0119695
0.556158
0.145325
0.288428
0.0196363
0.0858319
0.0285496
0.186517
0.0149094
0.0103846
1.14289
0.979364
0.39583
0.00468226
0.122576
0.174953
0.180449
0.29619
1.98285
2.18088
0.699341
0.433071
0.376917
0.0346122
0.0304549
0.680488
0.0704916
0.516574
0.0143673
0.00972082
0.00713172
1.75433
0.0164551
0.000743233
0.400252
0.0587193
0.012254
0.0514383
1.02217
0.00627827
0.288695
0.723195
0.924809
0.0496246
0.0109788
0.0155248
0.00366442
0.40893
0.0731216
0.0554183
0.00353026
0.0226216
0.0465308
0.0103859
0.00434983
2.63219
0.020562
0.00086713
0.00671746
0.488974
0.0163249
0.0509816
0.477713
0.478156
1.74105
0.0680972
0.00523644
0.0393332
0.0799331
0.00391264
0.737718
0.919666
0.803394
0.0268734
0.00328738
0.00263292
1.43966
0.118683
0.0545366
0.171581
0.436853
0.0786532
1.06344
1.00275
0.148137
1.73664
0.00625488
0.114521
0.583129
0.00693982
0.0244211
1.59067
1.24841
0.332524
0.00556847
0.0970908
0.00237633
0.0413187
1.97078
0.600147
0.212439
0.509031
0.0253695
0.848395
0.234147
0.12398
0.00704249
0.557343
0.149752
0.434401
0.012666
0.594676
0.0307413
0.424828
0.00396827
0.786716
0.00814497
0.0118018
0.00656104
0.0162912
0.0171879
2.40299
0.241922
3.07426
2.00731
0.166378
1.02102
0.00509094
0.0690012
0.55115
0.00460636
0.00382436
0.00280551
1.20751
0.791181
0.627309
0.00621517
0.00602428
0.738482
0.97383
0.176738
0.75067
0.541012
0.00770099
0.0111998
0.705006
3.24471
0.465812
1.29425
0.283416
0.413553
0.00570855
0.21176
0.624397
0.00957273
0.301522
0.753906
2.21434
0.484859
0.261067
0.00187148
0.0061731
2.49088
0.0158131
0.566026
0.00714903
0.0736423
0.336469
0.162808
1.55877
0.709335
0.169669
0.0211905
0.00523688
0.149309
0.638211
0.236572
0.0140314
0.28531
0.0337301
0.0076255
0.0147882
0.628849
0.00501527
1.20874
0.00557946
0.0228235
0.0225941
0.598819
0.772334
0.00583217
0.00706483
0.600141
0.00958017
0.0527639
0.444161
0.0688336
0.24836
0.192358
1.44699
0.722372
0.639178
0.130103
0.503631
0.127986
0.0109433
0.106538
0.242751
1.39904
0.826586
0.00892047
0.0120723
0.844743
0.0119367
0.0841538
0.0155898
0.17471
0.0050521
1.47301
0.154407
0.0029744
2.05156
0.994122
0.912457
0.395222
0.0160072
1.02945
0.0216612
0.925178
0.338244
0.42939
0.79908
0.161439
1.76466
0.68993
0.106517
0.023299
1.80078
0.324304
0.727745
0.159611
0.145767
0.686783
0.67264
0.051613
0.917934
0.652067
0.741843
0.00478595
1.11786
0.410304
0.592255
0.149982
0.100529
0.557109
0.012832
1.18921
0.0143363
0.00624872
0.0173726
0.59209
0.180068
1.85189
0.0324508
0.273405
0.382414
0.576525
0.940567
2.34437
0.736514
1.87596
0.154202
0.807785
0.00266348
0.00703846
0.0182584
0.00945373
0.176985
0.0815429
0.209646
1.22572
0.332182
1.27544
0.0145144
0.805212
0.6258
1.97429
0.932214
0.00570832
0.00816194
1.11183
0.0141483
0.00967181
0.0125776
0.00270824
0.340013
0.0122798
0.0766431
0.0806631
2.59688
0.801195
0.0104602
0.00958471
0.158689
0.0189825
0.300918
0.00520908
0.482177
0.0184959
0.44259
0.191567
1.17261
0.0861887
0.531249
0.278547
0.954229
0.365861
0.161444
0.120118
0.776192
0.0203586
0.0687035
0.0834829
0.944795
0.595243
1.42473
0.00799032
0.00154611
0.00346892
0.641819
0.00241879
0.106981
1.3069
0.640072
0.264855
1.24006
0.0042759
0.0329186
0.779394
0.704636
0.00920125
0.199134
0.00903772
0.447541
0.919273
0.00450582
0.0050432
0.11325
0.847045
0.863163
0.0140847
0.0858681
0.439657
1.19236
0.76085
0.482917
0.0112569
0.0100395
0.713362
0.131114
0.0912524
0.634395
0.122311
0.621734
0.21463
0.000825225
0.0898667
0.154817
0.0286605
0.0821199
0.0115377
0.00782455
0.00936141
2.35222
0.00290356
0.0442037
0.379727
0.00957822
0.731602
0.00703904
0.548133
1.67851
3.48765
0.00542418
0.0337761
0.369619
0.458286
1.11463
0.0144607
0.594308
0.703889
0.0137794
0.601759
0.0112922
0.00623513
0.0407843
1.80138
0.0074321
0.00989775
0.0153934
0.00590905
0.556109
0.582809
0.218994
0.196916
0.00514279
0.0907628
0.0243307
0.260764
0.125644
0.0315569
0.185838
1.76471
1.27275
0.250409
0.00511937
0.812508
0.195722
0.783561
0.0118527
0.0104384
0.683733
0.415012
0.318455
0.946293
0.028105
0.646912
0.572272
0.886398
4.59558
0.0637638
1.0518
0.509198
0.0330769
0.818232
0.0156264
0.707404
1.25168
0.00394187
2.64717
0.778605
0.00680444
0.738413
1.62597
0.00226741
0.896075
0.00984626
0.00835
0.00783916
0.926838
0.330402
1.55922
0.443554
0.793308
0.645404
0.521562
0.151726
0.158568
0.253233
3.69816
0.264415
0.440639
1.11313
0.601869
0.175368
0.756463
0.258884
0.757
0.427129
0.79495
0.607303
0.536262
0.935779
2.55804
0.0971291
0.252388
0.351027
0.418494
0.41481
0.120511
0.118697
0.455168
0.00678299
0.563924
0.526935
0.0899195
0.0182621
0.0282172
1.77669
0.0395703
0.0327422
1.13439
0.109396
0.267651
0.475568
0.0109518
0.643184
0.405371
0.277899
0.806439
0.0673111
0.0679216
0.572999
0.201218
0.0184346
0.00788075
0.732534
0.7521
0.709083
0.000408889
0.348804
0.39888
0.00434149
0.663479
0.0373973
1.47073
0.0173904
0.0221668
0.0151673
0.108195
0.00898333
0.0388286
0.0288681
0.00109452
0.0232894
0.126372
0.734857
0.00561222
0.763838
0.477666
1.22705
0.638012
0.00761739
0.328169
0.376473
0.0238428
0.371307
0.497062
0.0261137
0.0396322
0.010627
0.767728
0.278243
0.112727
0.00519962
0.0544269
1.8238
0.0314085
1.13489
0.0125479
0.00381715
1.26046
0.299346
0.724065
2.58766
2.19188
2.07094
0.72304
0.0272097
0.264385
0.807866
0.027519
1.24931
0.00431528
0.00963406
1.60125
0.66249
0.00516052
0.0101465
0.287999
0.366564
0.809195
0.583171
0.197823
0.740186
0.622344
0.0810194
0.067973
0.0685707
0.0017739
0.116503
0.0560879
0.112528
0.224215
0.0441268
0.524903
0.595017
0.676703
0.54088
0.426816
0.369678
0.00596712
0.00225772
0.00573877
0.00696575
0.0049707
1.41736
0.00437004
0.342086
0.25109
0.0276751
0.0387216
0.336971
1.45843
0.171393
0.387989
0.366212
0.397825
0.221991
0.00608128
0.00915119
0.041933
0.0352591
0.782605
0.0187526
0.534232
0.0159475
0.0108248
0.00340644
0.00329524
0.026982
0.0508096
0.0135677
0.0260943
0.424015
2.75529
1.01504
1.37032
0.000829781
0.0362298
0.0131878
0.00257823
0.0465576
0.0202759
0.0135629
0.721459
0.0741943
0.44463
0.830158
0.163814
0.0834425
0.0506078
0.731266
0.268481
1.18806
0.131113
0.417985
0.243209
0.019924
0.491953
0.982557
0.700895
0.983375
0.359518
1.60896
0.513204
0.21007
0.459257
0.0139924
0.878399
0.0180971
0.14085
0.0384813
0.0079554
0.022013
2.20745
0.0511973
0.111452
0.0769654
0.08307
1.67101
0.642103
0.734912
0.0111206
0.00797243
0.909234
0.523594
0.595734
1.17702
1.36194
0.00877683
0.0155177
2.67135
0.150972
0.0915984
0.116262
0.865821
0.0171806
0.69174
0.155828
0.441361
0.527762
0.715658
0.61583
0.746789
0.041025
0.233025
0.866572
0.447327
3.14943
0.495507
6.12027
0.0821881
0.030177
0.0133498
3.24823
0.00875623
0.0905188
3.99068
0.00450083
0.00448613
0.903294
4.44204
0.0419072
0.534753
1.21
0.955791
0.0408693
0.0911316
0.0148767
0.585393
0.376963
0.013982
0.00713862
0.0309116
0.00590392
1.19368
0.0104169
0.0942603
0.00570823
0.0207646
0.111609
0.0705967
0.79446
0.305269
0.151933
0.0144815
0.0106442
0.244369
0.297832
0.0718671
0.0174479
0.000923519
0.275621
0.367455
1.36121
1.07893
0.0302394
0.0995201
0.00967768
0.686964
0.515005
0.0197192
0.0262412
1.28982
0.0801835
0.609282
0.442454
0.553064
0.730918
0.0984502
3.50535
0.0173013
0.130845
0.010299
0.00913531
0.758407
0.0838173
0.0684291
0.311517
0.332531
0.151581
0.0127563
0.526361
0.540583
1.86956
0.0847361
0.56576
0.212161
0.349645
1.28567
0.468027
0.570531
0.069521
2.48216
0.95241
0.586876
0.932667
0.262703
0.649795
0.828985
0.0891937
0.107896
0.0894697
0.628733
0.756596
0.438056
0.466371
1.22125
0.0614846
0.672224
0.00833219
0.202257
0.937087
0.865735
0.0991858
0.0239661
0.0826812
0.0922524
2.12571
0.314105
0.0217702
0.879483
1.86078
0.461077
0.0133562
0.0734013
0.112809
0.649295
0.682878
0.0784439
0.662422
0.575553
2.96098
0.0264465
0.0110887
0.787395
0.0661132
0.166982
0.00779303
0.179482
0.479645
0.829549
0.181157
0.00397899
1.01482
0.709559
0.022233
0.0077348
0.00548133
0.744079
0.00563313
0.579765
0.0182108
0.430451
0.183131
0.153978
1.84906
0.696922
0.23911
0.0306577
0.0106506
0.036146
0.367075
0.190548
0.1872
0.0205643
0.582241
0.00137885
0.111991
0.533771
0.512941
0.426385
0.00986608
0.0337584
0.669398
0.183571
0.768713
0.276071
0.420851
0.0782301
0.3955
0.103009
1.92115
0.168569
0.256899
0.271908
