522.813, -12.293, -2.57282
546.698, 10.4819, 1.26789
503.534, 28.2938, -2.37193
525.168, 13.9296, 2.63926
505.189, 27.2927, 2.54021
534.851, -7.57286, -2.8123
496.271, -10.1609, -0.555894
514.618, 20.8921, 0.982034
554.326, 7.90408, 1.01228
501.844, 24.9372, 0.373075
502.794, -21.3388, 0.189316
518.027, 1.77483, -0.720515
535.447, 0.567016, -1.58942
500.043, 26.1678, -2.1923
506.462, -1.43513, 1.91032
502.489, -9.55663, 3.02464
541.394, 13.2369, 1.41727
520.861, -7.68962, 0.722735
508.012, -10.7302, -0.953359
505.057, -0.220265, -0.525971
526.19, 18.2297, -1.57476
534.224, 10.262, -1.64726
528.325, -13.2193, -1.38595
514.017, -0.93499, -0.989063
522.332, 10.4079, -2.16333
532.093, -7.34647, 1.24404
503.032, -17.0793, -1.29885
525.636, -9.321, 0.191571
518.458, -15.067, -2.61555
501.059, 18.1407, -1.31612
497.66, -12.6151, 0.896256
506.316, -20.2951, -3.05574
508.915, 21.208, -0.335586
533.06, 11.5799, 1.92607
542.033, -7.05112, 3.04319
520.118, -14.2548, -1.08298
505.227, -12.1838, -1.14263
498.787, -6.23047, 2.52373
534.551, 14.4278, -1.29543
499.429, -11.023, -0.842876
524.269, 13.4885, -2.00509
501.824, 26.8148, 0.348379
504.707, -13.467, -2.89094
504.282, 16.5339, 2.09115
497.68, -5.10086, -2.62128
558.115, -1.5625, -1.31713
511.791, 20.7493, -2.05099
528.741, -0.264201, -2.63261
497.532, -16.3286, 1.07312
529.45, 14.4045, -1.20207
518.468, 26.7254, 2.26977
510.32, -10.6817, -2.47345
535.387, 19.8134, -2.12032
525.81, 18.511, 0.204186
535.997, -1.41572, 2.59433
532.47, 11.4127, 1.51308
505.267, 21.8948, 0.986293
519.321, -3.37938, 2.41676
515.499, 14.6731, -2.10603
557.851, 2.12368, -3.00613
564.836, -4.06851, -1.53105
500.227, -25.9211, 0.174109
511.371, -28.1897, 3.14015
576.757, -2.23458, 0.55804
627.58, 46.0524, 1.02807
577.885, -1.75797, 2.93619
631.378, 54.5128, -0.26128
615.053, 37.7872, 2.25191
601.225, 24.326, 1.2143
608.153, 44.1527, 3.11479
615.469, 46.3437, -1.95421
627.165, 59.3985, 2.56771
608.031, 38.1619, 2.62471
628.839, 58.5791, -1.04543
614.2, 39.707, 2.80879
590.509, 14.3909, 0.462297
634.128, 44.6062, 1.56158
634.006, 44.4945, 2.82156
649.198, 23.7813, -0.143963
596.736, 75.02, 2.65069
647.889, 37.0137, -0.68839
639.923, 29.1558, -2.61993
613.805, 6.41033, -0.122737
612.945, 3.6422, -2.17683
642.408, -3.47006, 2.59021
635.028, 44.5509, 0.901537
655.624, -3.43582, -1.35805
603.696, 60.4697, 0.229096
577.213, 4.96371, -0.575123
533.729, 6.07811, -2.58357
591.76, 67.0155, 2.75479
595.159, 68.4276, -1.29497
639.685, 26.7736, 2.65441
629.83, 14.6676, 1.44698
610.939, 49.2869, 2.27201
590.591, 38.9957, 0.15087
590.281, 19.61, 2.92585
611.026, 32.6035, -0.969861
603.826, 61.1161, 1.71173
588.473, 27.377, 1.84838
603.714, 30.978, -2.21654
610.268, 41.5505, -1.79995
585.779, 38.5168, 2.50091
590.588, 66.4669, 0.855442
587.573, 24.127, -1.62847
610.734, 76.9362, -0.011319
610.599, 76.391, -0.336184
606.562, 50.0191, -1.9091
601.368, 59.4098, -2.11282
574.766, 78.4559, 0.899295
580.278, 48.7851, -2.39344
628.192, 65.9817, -1.581
637.944, -30.7876, -1.70274
631.006, -23.5746, -0.985519
650.024, -33.685, 3.09008
559.431, -61.0186, -1.34838
595.456, -28.6248, 2.8794
577.555, 5.7208, 2.67792
569.618, 27.3109, -1.02426
574.451, 28.9291, -3.04952
539.886, 67.7361, -0.57
568.861, -28.6348, -3.13874
571.226, -51.6123, 0.056836
564.543, 79.7941, 2.86507
569.685, 55.5708, 2.95493
572.33, 35.498, -0.980997
579.351, 63.4376, 2.34981
577.663, 2.44017, -1.67498
603.429, 63.149, -1.06669
594.058, 55.4403, 2.01215
621.913, 72.0259, 2.67628
594.945, 42.041, -1.74168
608.164, 20.7159, 2.51205
616.964, 70.1219, 3.07992
602.007, 52.6916, 2.04142
603.379, 52.0789, -2.0088
594.164, 78.5366, -2.31699
636.37, 28.7458, -0.136975
620.752, 29.9488, -1.71823
509.517, -17.476, 2.0319
524.92, -40.5656, -1.46281
523.587, -46.0799, -0.403338
576.362, 7.23603, 0.181897
576.17, 6.72981, -0.978049
575.936, 8.20775, 1.40718
574.843, 5.05296, -1.33264
576.608, 7.98297, 1.20177
624.006, 41.5221, -0.005903
615.62, 36.676, 1.62399
630.957, 51.2538, 2.41621
600.899, 23.4786, 0.052791
611.774, 31.7411, -0.761375
639.16, 42.4124, 0.84639
543.972, 79.4063, 0.634118
528.399, 71.5725, -2.48645
533.606, 62.8434, -0.166117
543.919, 56.3488, -2.54069
551.283, 66.3019, 1.94083
612.585, -53.4552, 2.07437
614.535, -56.159, -1.67223
624.004, -18.8644, 1.12088
640.481, -32.2901, -2.088
612.441, -15.6703, 0.104744
601.833, -6.87645, -0.598592
637.2, -31.1396, 1.47627
622.545, -39.8595, 0.870766
509.655, 20.6546, 2.55916
604.384, -61.1607, -1.91372
528.853, -2.13572, 3.08193
542.35, 7.98846, -1.2665
504.922, -6.24526, -0.12565
498.866, -8.25778, 2.57231
499.094, 4.90105, -1.96389
510.565, 15.8169, 2.67559
522.017, 35.4171, 2.97905
549.143, 73.2622, 2.15807
538.386, 73.8746, 0.758354
576.565, 76.7668, -0.534888
564.287, 75.0106, -1.72918
544.966, 39.7474, 1.92372
534.742, 70.4441, 1.63449
560.232, 31.0492, 2.1078
544.178, 67.8737, 1.38861
545.825, 76.722, -2.16664
569.536, 81.8907, 2.39424
528.789, -59.196, -2.09699
572.546, 6.6022, 0.480004
561.162, -57.1761, -2.46603
567.468, -27.5982, -2.94452
568.966, -42.1184, -2.66783
568.788, -45.0843, -1.29162
572.348, 7.56659, 2.01986
572.354, 7.22315, -1.66754
545.806, 37.1584, -0.963668
572.788, 5.98232, 3.0033
572.142, 7.51222, -0.482212
572.114, 7.3099, 2.28315
572.402, 6.04631, 0.389833
539.046, 71.719, -1.00066
534.278, 64.3155, 2.20155
511.815, 27.3197, 0.947554
518.749, 60.1317, -0.533423
635.536, 17.0789, -1.31156
599.86, 7.86707, 1.00017
572.55, 6.5916, -2.50879
572.571, 6.3598, -0.56073
495.23, 26.9624, 1.17784
503.281, 16.9324, 0.055561
500.49, 8.44337, -2.33601
517.61, 6.28838, -0.648607
498.292, 5.49219, -1.49353
538.38, 6.06658, -1.11591
493.52, 6.25827, -0.942564
553.748, 6.10391, -0.941329
500.902, 5.86542, 2.20867
542.563, -2.06156, -0.763981
525.558, -6.32634, 0.308703
501.887, -6.94515, 1.76257
493.747, -12.722, 2.13884
558.094, 4.56952, 2.92155
503.868, -2.52307, -1.41196
516.703, -0.127385, -2.622
498.706, -9.13232, -0.174565
572.694, 5.69276, 2.55632
572.918, 5.48819, -1.18197
572.377, 7.19085, -2.72946
572.6, 6.84317, 0.300639
573.065, 5.8879, -0.281024
572.573, 7.06097, 0.866212
572.967, 5.64419, 0.639894
578.432, 3.27122, -1.71095
575.935, 4.75447, 0.752428
572.868, 5.66069, 0.927153
634.895, -14.9885, 1.30091
624.099, 8.56485, 0.559826
647.666, 17.064, 0.91308
626.053, 27.8886, -3.12958
625.588, 37.7607, 1.67188
596.083, 21.2043, 2.25533
607.996, 34.3635, 0.516032
617.081, 49.4576, 0.294423
650.899, -18.6062, 2.41277
623.884, 15.5957, 2.46244
642.844, 43.5642, -0.229821
600.061, 32.3273, -1.97787
617.618, 18.8407, -0.546822
605.757, 13.3099, 2.69492
650.975, 31.3016, -2.41864
645.897, 38.3411, -1.67583
650.647, 22.8847, -1.47894
620.277, 15.7798, -2.67458
647.501, 22.5969, -0.697101
633.754, 18.1345, -2.68609
630.129, -34.3752, 0.710667
610.874, -24.3079, 1.18224
607.533, -47.5621, 1.85419
606.351, -48.9513, -2.48206
585.852, -63.7981, -0.390947
590.306, -51.3378, 2.66773
626.085, 40.4451, -0.178118
621.881, 53.9673, -1.3961
598.854, -62.3918, -0.028302
577.953, 4.69886, -1.48098
576.475, 2.82362, 0.209722
502.202, -21.371, -2.15949
531.218, -59.7252, -1.31895
577.433, 3.30873, -0.994253
577.467, 3.63464, 0.391006
523.21, -52.4196, -0.416619
539.45, -34.7854, -1.94101
534.652, -31.3064, -0.508109
531.965, -23.8542, -1.04804
650.35, -7.75362, -0.525417
619.807, -65.8805, 2.29174
617.607, -61.8585, -0.873659
612.019, -52.1268, 0.085274
607.686, -32.1586, -1.9243
626.133, -62.1089, -0.79004
595.932, -41.5644, -1.08713
600.545, -23.4438, 1.99272
629.221, -27.2991, 0.42441
620.398, -51.5118, 2.09749
612.244, -30.1389, 2.52109
602.372, -14.8596, 2.38428
644.833, -27.1472, 1.59366
510.451, -34.2636, -1.99772
540.04, -15.6732, 2.37479
518.505, -20.0147, 2.2409
505.364, -15.6012, -0.027514
566.931, -1.4625, 0.587911
509.622, 5.60327, 0.55897
517.242, 2.62456, 0.42213
575.691, -1.72942, -1.63024
578.486, -2.36994, -1.93218
577.922, -1.10088, -1.94096
581.009, -3.91246, 2.76201
577.533, -2.11476, -1.37321
577.207, -0.957845, 2.10308
576.673, -1.69951, -2.90959
576.169, -5.08793, -1.17594
577.265, -3.01706, 1.45173
577.499, -2.48607, 2.4886
576.394, -2.99827, -0.181332
576.112, -3.90757, 0.928422
577, -2.66025, 0.862971
576.608, -2.21342, -0.144839
575.762, -4.36124, 1.50211
575.8, -2.85588, 1.37036
574.694, -2.89726, -2.98969
575.023, -2.90425, 2.97489
575.332, -2.85573, 1.03766
593.624, 65.1631, -0.275485
591.753, 71.4464, 1.5962
590.276, 53.734, 0.279879
589.103, 57.3201, -0.739994
599.102, 73.5251, 1.80074
574.651, -2.95513, -1.26832
587.27, 32.7155, 2.46167
599.125, 57.42, -1.84758
573.866, -2.41834, 1.1216
573.717, -2.50774, 0.406001
532.54, -42.6271, 0.345109
545.879, -30.8976, -0.528388
540.283, -53.0565, -1.81154
558.59, -23.3045, 1.51853
581.915, -61.7815, -2.40407
572.798, -3.60341, 2.52878
572.927, -3.6572, -2.76123
573.345, -4.45585, -0.893259
631.702, -41.7521, 0.04701
612.084, -18.0523, -2.70918
647.575, -17.5832, -2.79447
562.145, -39.5732, -0.974097
565.214, -46.0491, 0.504886
559.894, -82.2598, -1.72167
546.755, -64.4935, -1.16829
541.492, -50.1731, -2.9408
536.15, -51.5446, 2.31821
608.019, -72.2557, -2.57326
598.511, -61.4795, 2.50746
598.036, -66.2281, -1.44417
632.571, 51.4538, -2.91111
608.699, 51.9051, -2.4596
615.268, 58.974, -0.911701
610.379, 48.9307, -1.43317
616.133, 56.5592, 2.97307
617.829, 59.7446, 1.98022
606.635, 41.9082, 0.378882
520.223, -27.2661, -2.72253
509.839, -36.782, 2.05706
528.922, -35.0968, -1.24961
514.216, -28.5127, 0.406527
502.311, -40.3552, -1.0657
572.811, -3.07404, -2.75423
640.371, 34.2419, -0.371944
589.928, 2.7269, -0.944265
627.277, -17.814, -0.985678
602.848, -15.7228, -2.69488
642.189, -10.5705, 1.12744
649.501, -21.9357, -0.930227
565.815, 58.9458, -2.37983
638.321, 25.5734, 1.96096
576.333, -3.76639, -1.76749
643.722, 22.139, 2.49996
577.346, -80.6715, 2.65131
627.063, 24.7629, 1.90519
629.504, 54.6549, -0.973928
606.403, 34.4283, 1.88888
626.939, 34.5289, -0.7096
576.675, -3.36973, 1.56848
628.721, 45.4278, -1.99831
626.946, 45.0241, 0.842417
576.803, -4.75029, -2.50014
577.471, -3.18395, 0.234354
579.573, -2.46697, -0.130094
576.957, -3.48962, -1.74686
576.61, -4.56038, -2.91108
578.439, -1.75256, -2.16806
577.741, -2.94542, -1.97349
576.875, -4.71157, -1.19454
576.8, -4.67977, -1.18575
576.784, -4.54633, 1.39107
576.542, -4.95088, 1.34961
576.502, -4.99291, 2.72405
507.338, -37.1712, -2.40069
544.619, -10.6085, -1.1125
573.586, -8.00499, -2.08167
574.496, -6.76808, -0.209261
573.172, -6.52094, -1.31733
572.882, -7.64525, 0.736412
574.27, -6.51347, -0.403698
574.086, -8.64849, 2.48829
573.865, -7.53606, -0.942877
573.733, -7.11152, 2.99052
573.939, -6.65653, 2.95577
574.69, -7.48875, 0.194579
573.904, -7.97483, 0.391938
573.079, -7.19063, 1.43204
574.417, -9.02274, -2.57858
573.985, -7.91285, -0.323896
574.36, -9.37042, 0.244924
572.299, -6.68793, -2.91163
574.643, -6.6385, 1.59649
561.657, 0.24146, -0.846139
572.042, -6.92208, 2.96608
550.803, 50.2427, 2.36007
571.544, 59.5402, 1.02497
565.99, -1.43449, 3.04487
560.991, -0.306894, 0.730543
561.017, -0.648193, 1.03845
568.153, -4.6865, 1.38824
561.178, -0.896036, 2.89758
569.342, -5.61327, -1.27476
568.847, -4.79107, 2.00593
570.756, -5.48333, 2.23717
563.309, -2.01284, 2.36954
562.034, -1.43574, 0.21145
566.261, -3.34084, -1.56223
569.49, -5.84232, 2.5062
569.085, -4.95276, 1.78076
568.774, -3.78317, -2.7003
567.512, -3.5694, -0.618566
564.054, -1.93983, -0.712699
562.89, -15.1287, -0.70044
560.522, 0.146625, 2.30032
565.952, -7.49747, -3.09615
569.548, -4.50968, 2.40155
560.113, -0.199189, 1.5038
567.806, -3.8462, -1.55864
563.096, -11.7931, -2.70269
564.208, -2.45584, 0.165772
565.488, -2.43419, -2.19788
561.697, -0.480315, 1.27212
568.056, -3.80785, -0.25685
567.016, -2.86366, -2.85165
560.118, 0.297859, -2.59114
565.186, -2.04645, -0.240607
565.497, -2.10032, 2.67483
561.906, -0.776628, 2.2995
562.105, -0.525715, 0.810995
560.224, 0.428264, 0.706038
564.038, -1.77108, -2.58649
560.35, -0.146727, 1.36935
559.467, 1.08543, -2.76323
564.399, -2.44069, 1.81945
565.065, -2.05338, -2.32256
559.575, 0.741279, 2.66067
561.861, -0.477787, 2.07721
562.644, -1.15444, 0.273443
564.593, -1.59766, -1.19474
563.493, -1.73572, 0.144581
562.534, -0.193157, -0.305627
562.234, -0.746434, 0.199809
561.678, -0.621738, 0.630168
559.742, 1.28641, -2.89259
560.094, 0.546787, 2.27673
561.361, -0.786498, -0.504149
563.105, -0.509763, -2.77705
561.728, -0.44567, 2.7762
560.326, 0.100621, 1.45393
561.682, -0.636814, -1.01648
561.356, -0.560911, 1.61958
561.785, -0.769513, -2.62799
559.92, 0.102029, -0.730111
559.755, 0.593613, -2.97821
559.812, 1.22962, 0.503177
561.513, -0.132646, 2.5266
559.614, 1.10669, 1.62778
559.913, 0.070711, 1.5867
561.245, 0.137334, 0.078874
560.261, 1.04139, 2.7454
559.736, 0.551888, -1.38614
553.818, -0.613309, -1.62951
552.85, -1.37777, -0.86678
560.167, 1.13974, 1.23137
559.758, 1.18138, 1.95823
553.494, -0.949525, -1.62292
553.98, -0.652256, 1.80732
575.714, -8.38641, -1.18992
572.185, -7.04043, -1.63147
565.476, -3.24956, -2.94413
566.69, -3.1547, -2.26633
562.284, -0.424449, 2.25508
565.097, -2.69487, -0.785719
567.561, -4.43995, -1.28294
567.252, -5.09333, 0.210565
564.361, -3.15857, 3.00818
563.148, -2.73396, 2.29197
566.186, -5.01238, -2.66675
564.11, -3.60599, -2.36841
571.732, -10.8021, 0.527124
562.913, -0.860069, 1.37525
567.203, -5.69774, -1.2273
572.695, -12.013, 1.1083
569.706, -8.31324, -1.10232
568.362, -7.29634, -2.29487
569.722, -8.1489, 1.18551
567.665, -5.85106, -0.578586
562.832, -2.04255, 0.112823
568.08, -5.68737, 0.06043
569.101, -7.44384, -2.77011
573.547, -11.8764, -2.50657
568.857, -6.37105, 1.0653
569.812, -8.48283, 1.22134
563.895, -3.09598, -1.27043
565.531, -4.14335, -1.55111
571.37, -9.08449, 1.82561
565.877, -4.49357, -0.701573
566.421, -4.82045, 1.92047
572.377, -10.5951, -2.49497
569.986, -8.30354, -0.906443
569.189, -7.35074, -0.163094
571.531, -10.0275, 0.550668
573.074, -10.6011, -0.986028
570.611, -8.0914, -1.16863
566.313, -4.33346, -1.04259
571.743, -10.523, 2.39034
570.247, -9.6802, -2.71871
567.467, -6.17753, 1.70164
573.414, -12.4269, -0.111841
567.131, -6.35815, -0.641519
566.874, -7.26729, -1.76163
561.902, -12.1431, 1.44714
564.137, -10.8467, 2.14906
561.951, -13.2437, -1.28822
572.805, -10.4197, 1.72549
571.304, -8.2391, -0.878717
565.901, -8.72287, -1.25106
565.432, -8.6795, -1.06902
565.166, -9.27087, -1.86441
560.856, -14.4877, 1.64078
566.24, -7.88254, 0.346495
560.362, -15.0441, 1.43098
558.978, -14.6518, -0.63874
562.058, -12.5595, -2.71996
561.941, -12.4825, -1.01768
559.557, -15.3385, -1.58474
562.434, -12.868, 0.938448
561.452, -13.5094, 0.892409
562.373, -12.414, -2.75752
559.593, -14.8537, 1.25162
563.603, -10.7223, -2.42187
564.121, -10.7656, -1.3097
559.804, -14.3429, 0.265539
560.252, -15.2182, 0.658591
564.171, -11.0928, 1.94034
562.117, -13.4166, 0.277921
559.288, -15.3304, 1.35401
560.887, -14.5853, -0.753956
561.607, -13.8027, -1.38756
558.837, -13.6504, -2.91021
562.83, -11.838, -2.04393
559.355, -14.9673, 1.48416
561.517, -13.5866, 2.94449
558.686, -13.7271, -2.49801
558.489, -14.2469, 1.58455
558.035, -12.4898, 0.461466
560.265, -12.6675, 2.59268
559.764, -13.4294, 0.541054
558.53, -14.5552, 2.72397
562.197, -12.2132, 2.7236
558.706, -13.368, -2.70912
558.209, -14.2948, -1.03555
558.799, -12.6161, 2.65186
555.326, -12.1024, 2.8018
558.505, -13.6494, 0.131539
560.935, -14.2606, 0.057268
558.764, -12.8767, 2.19156
559.918, -12.1721, 1.92475
559.52, -14.0384, 2.07607
557.249, -12.6452, 1.28373
561.965, -13.0733, 3.05671
555.451, -12.7343, 2.12167
560.179, -13.1253, -1.51789
554.546, -12.6394, 0.392657
558.921, -14.883, -1.57857
558.379, -13.828, -2.4801
560.78, -13.4007, 2.60901
556.856, -12.5608, -0.750955
557.369, -13.2444, 2.93407
560.357, -15.1308, 2.28939
559.165, -15.3253, -1.56228
565.33, -22.0362, -0.129315
571.131, -28.2896, -2.91205
574.941, -31.3324, 0.411188
560.765, -16.5323, -2.52646
561.26, -17.5299, -0.565948
560.255, -15.5004, -0.91862
573.944, -35.326, 2.24113
576.009, -38.5718, -2.10598
574.744, -37.223, -2.69659
576.647, -36.0876, -0.581553
574.962, -35.1427, -2.79562
567.76, -26.3976, 2.20943
563.895, -21.6903, 2.41828
562.482, -19.4617, -0.643001
562.135, -18.6644, -2.4849
573.067, -35.1282, 2.1846
569.424, -30.6314, -2.11156
569.963, -32.1937, -0.337794
568.307, -29.3199, -2.91856
573.387, -37.4565, -0.955686
574.573, -38.8015, -1.1286
563.565, -21.0004, -2.31449
563.002, -20.4037, 0.058084
565.079, -24.2313, -2.19245
564.903, -23.5087, 1.99835
565.724, -24.6936, -0.0677
568.042, -28.7721, 0.879884
563.473, -20.6252, 2.83351
573.884, -40.0118, 0.204077
566.315, -25.9783, 0.497758
569.07, -30.9481, -0.039448
568.593, -30.9313, 1.12337
567.831, -29.2656, -2.78073
570.037, -33.5007, -2.65764
566.864, -27.6731, -2.40986
569.554, -31.8222, 2.29591
569.336, -31.2757, -0.400906
563.923, -22.0836, 1.04584
572.138, -35.9704, 3.08292
566.632, -20.4166, -2.39871
571.035, -33.8625, 2.29825
571.316, -35.0274, 1.20102
574.057, -38.0179, 0.129694
571.394, -33.7595, 0.903397
567.136, -27.0552, 2.69765
568.558, -29.0628, -1.40188
569.786, -31.2825, -2.21124
568.934, -29.7817, 2.7488
565.971, -25.1891, 2.83863
570.041, -32.1005, -1.18485
572.605, -35.6344, 1.81306
566.611, -26.8885, -0.351308
572.609, -36.2892, 2.85405
567.01, -27.2771, 0.304747
574.297, -38.9265, 0.177732
568.371, -28.4092, 1.31988
572.901, -35.3505, 1.14478
570.006, -31.7163, 3.09055
573.703, -37.28, 1.90439
569.648, -31.0276, 1.02801
569.953, -32.0571, 2.99587
574.569, -38.136, -2.20899
571.47, -33.9574, -1.63044
569.739, -31.5498, 2.04224
572.815, -35.949, -2.00007
565.671, -28.8314, 2.92532
573.111, -37.473, -1.43029
569.221, -30.4841, -0.081192
567.775, -28.0886, 2.35208
572.573, -34.723, -2.2348
572.403, -34.4474, 2.07147
571.672, -33.8279, -0.120681
571.374, -33.3536, -0.739951
571.868, -33.478, -2.04279
573.621, -35.6797, -1.79795
573.004, -35.2242, 2.18932
572.902, -34.7578, -0.098983
575.32, -38.534, 2.0641
573.289, -34.9667, -2.80049
569.903, -31.0166, -2.14869
572.733, -33.9507, 2.30887
575.206, -38.5169, -3.02576
572.972, -34.1101, -1.80177
574.825, -35.6039, 0.225806
575.096, -35.994, 1.63674
574.188, -36.1815, 2.51147
573.001, -33.89, 2.00445
575.571, -38.571, -2.55413
575.264, -35.3508, 2.37853
574.998, -36.1194, -1.06182
573.724, -35.3249, 2.76706
575.144, -36.2495, -0.337723
574.059, -35.1436, -0.787742
576.086, -36.2707, 1.72186
575.043, -34.0616, 0.843448
573.422, -34.4255, -2.56594
573.771, -33.8588, -1.53156
574.071, -34.7737, 1.60018
575.922, -35.6972, 1.68117
576.015, -37.6063, 2.45892
573.436, -33.5378, -0.489411
576.75, -31.3845, 2.91658
574.716, -35.8345, 1.48731
576.064, -35.4926, -2.4065
574.684, -35.0835, -0.05903
576.416, -37.0745, -2.42062
574.622, -34.3744, -1.48191
575.86, -34.3537, -0.366716
574.456, -34.7948, -2.58899
576.291, -35.4803, 1.47172
575.208, -34.6724, 1.21727
575.723, -33.2652, -1.76119
575.512, -36.0779, -1.93479
576.552, -32.6886, -1.50729
575.476, -32.2246, -1.39936
575.552, -32.3105, -0.906128
574.15, -32.1374, -1.29377
575.739, -35.6375, 1.17589
576.117, -33.6172, -0.170431
573.631, -32.0986, -0.648212
576.458, -34.1596, 2.86865
576.81, -30.7725, 1.45749
576.643, -30.719, 1.48539
576.266, -29.5717, 2.91164
573.691, -32.1804, 3.09337
573.977, -30.87, -2.38785
576.758, -29.3843, -2.17069
574.512, -31.8615, 1.28581
573.254, -32.27, -0.089545
576.306, -32.0603, -2.22892
576.614, -31.085, -1.62725
575.432, -32.6525, 1.97548
577.187, -30.6193, 2.80635
577.44, -29.9679, 0.156325
575.364, -31.3709, 1.95948
575.597, -31.1958, 1.97156
576.156, -31.3442, -1.40134
575.182, -30.4709, 0.075737
577.526, -29.5308, 0.51073
583.971, -27.6058, 2.59312
576.359, -30.5064, 2.37447
586.434, -27.5486, 1.64331
583.61, -26.9782, -0.838407
587.418, -26.6278, -2.76443
583.653, -25.943, 0.109439
588.108, -26.0273, -0.436349
578.352, -28.8951, 0.794363
585.564, -27.0464, 2.60613
579.934, -27.4993, -1.18002
586.45, -26.8523, 1.21039
583.098, -26.0828, -2.94899
578.882, -28.3801, -0.895005
581.348, -27.4956, -0.85234
584.024, -29.582, -0.094096
583.27, -27.7992, -2.69698
597.967, -35.8063, 0.287017
584.499, -28.1265, -3.13627
584.208, -25.249, 2.89108
581.548, -26.5834, 2.09668
591.151, -32.6825, -0.308108
585.845, -24.6193, 2.56708
597.348, -34.9001, -3.01574
582.03, -27.1172, 2.82988
583.18, -25.0625, 1.69518
580.73, -26.5644, -2.74857
584.91, -25.7213, 2.44168
587.998, -24.5206, -1.79086
582.741, -25.9808, 1.84261
585.834, -26.601, -1.6672
641.853, -58.0631, -0.903276
643.818, -62.343, -0.549514
644.927, -57.9999, 0.344143
623.285, -45.9879, 1.59477
582.675, -24.7033, 2.25271
585.966, -24.2211, -3.07772
643.555, -70.361, 2.54634
607.433, -44.9024, 2.61443
586.167, -25.2243, -1.21352
623.941, -92.6041, -0.138591
586.945, -25.5629, 2.17524
587.744, -24.2062, -3.07522
610.04, -93.5574, -0.533313
625.628, -88.9707, 2.47877
586.061, -25.3517, 0.044386
585.954, -25.6075, -1.45315
587.695, -23.6445, 0.041933
615.188, -89.0599, 0.96913
615.23, -96.7453, -1.48686
575.461, -74.0451, 1.6545
562.522, -100.827, 2.30535
568.129, -93.2544, 1.63727
555.843, -99.43, -2.87242
563.199, -76.5874, -2.21436
576.954, -88.5291, -1.70301
576.326, -62.9181, -0.576909
569.53, -66.2027, 1.03926
560.612, -84.8401, 1.69934
559.683, -100.821, 2.73321
594.796, -89.8143, -2.47543
554.449, -63.1946, 0.280701
590.734, -94.7959, -0.08963
543.404, -62.2762, 1.62433
601.563, -105.564, -1.231
566.534, -68.7878, 0.184921
569.18, -81.3357, 1.51769
546.571, -85.259, 0.534096
587.295, -49.7901, -1.10767
566.011, -61.608, -2.05203
568.452, -97.1353, 3.0318
538.994, -80.9329, -2.78909
556.071, -59.8808, 1.99035
534.977, -85.3858, -0.599543
541.14, -77.3752, -2.32057
563.334, -39.7632, 2.28909
533.499, -46.8755, 2.31779
586.481, -30.1114, 1.83589
586.579, -31.5311, 2.04886
590.028, -29.187, -1.92039
587.045, -29.6279, 0.009902
593.711, -30.5168, 0.676581
603.578, -33.8734, 0.045941
591.825, -29.7187, 1.83425
592.488, -30.6134, 2.7752
595.136, -29.9184, 2.0654
607.099, -30.3078, 0.084732
591.149, -30.6798, 1.19248
600.704, -30.8776, -0.766953
606.927, -31.4878, -1.86217
607.235, -31.5142, -1.76814
595.477, -31.0836, 0.443794
597.665, -30.6131, 2.33697
599.995, -30.9935, 1.09923
595.422, -30.0159, 2.41579
596.233, -31.4171, -2.94898
604.181, -32.9352, -2.669
595.411, -30.8717, -2.5791
602.548, -30.4734, 0.873715
593.787, -30.6089, -1.86178
597.145, -30.3192, -0.949908
600.413, -29.9287, 1.7704
595.46, -30.5225, 0.197681
595.152, -29.4441, -2.51627
598.21, -29.7579, 2.63246
600.886, -28.3865, 1.20544
606.12, -28.9489, 1.95902
603.409, -29.8081, 1.32627
595.317, -30.1349, -2.42393
605.792, -30.2044, 0.570348
604.358, -29.5414, -1.59737
602.255, -29.4737, -2.3488
606.029, -29.2699, -0.758818
601.495, -30.2009, 0.706493
598.227, -29.5347, -0.718874
601.878, -30.067, 0.73032
602.394, -30.0278, -1.9793
599.946, -29.782, 2.85111
601.353, -29.6003, -2.24094
599.116, -29.5814, -1.99821
607.315, -29.316, 1.96872
602.111, -29.9936, 1.6063
604.668, -28.9249, -2.53935
599.511, -30.0935, -0.573172
607.367, -29.1615, 2.21385
606.127, -28.8868, 2.81335
600.263, -29.8121, -0.037358
603.828, -28.8582, 2.00087
605.318, -29.7586, 2.75783
604.754, -29.6887, -0.073469
656.923, 11.1085, 1.97599
650.448, 10.767, -2.11026
625.777, -6.84393, 2.39961
656.216, 25.6523, 2.67513
619.77, -9.9015, 1.45236
636.262, 30.7862, 2.60372
622.97, 14.3588, -3.00785
620.355, 7.07666, 0.547896
630.207, 23.8585, 1.12106
631.012, 29.5475, -1.86221
624.769, 32.9006, 0.993714
602.649, -29.7663, 1.23956
602.779, -29.7836, 2.46331
605.406, -29.2165, 1.53084
604.308, -29.0061, 2.26833
607.406, -28.9157, 2.7703
604.129, -29.1273, 2.10774
606.848, -29.0454, -1.06994
606.171, -29.4666, -2.59817
604.979, -29.7519, -2.62076
606.02, -29.6913, 2.35514
606.192, -29.4673, 2.74774
606.015, -29.9296, 1.04283
607.259, -28.5346, -1.47125
607.443, -29.3767, -2.28038
607.126, -29.2187, 1.37594
606.875, -29.3411, -2.65235
605.952, -29.3147, -1.92421
605.93, -28.9188, -0.670295
581.815, -37.5609, -2.76572
601.574, -30.576, 1.08073
593.219, -32.9389, -1.99327
584.509, -31.9087, 2.48363
598.509, -28.8614, -3.07029
602.909, -28.9349, -0.966924
593.888, -28.4368, 0.058382
587.481, -27.2674, 0.643382
582.373, -25.997, -0.209124
592.793, -28.1342, -1.89826
545.238, 17.0736, -1.15648
572.425, 3.09186, 1.71558
555.329, 25.9319, -0.025116
597.697, -15.5789, -2.64024
580.861, 40.4061, -1.59208
588.655, 26.6793, -1.2226
594.079, 34.4842, 2.79599
590.804, 38.2082, 2.04993
593.349, -26.6721, -0.807441
603.384, -29.0235, -0.670527
600.917, -28.9357, -2.65476
602.417, -28.4395, 2.22518
598.248, -27.4285, 1.25459
588.499, -25.1531, 1.64967
591.428, -27.1456, 2.33132
600.906, -28.8763, -2.79312
594.493, -27.6534, -0.718931
592.556, -25.9871, 1.5029
600.662, -28.1435, -1.29701
590.822, -26.5942, 2.49286
593.277, -27.4526, 2.71141
591.239, -26.6972, -1.6942
591.452, -26.2512, 0.276623
533.626, -15.4512, -0.354086
583.04, -23.156, -0.355266
582.611, -22.8488, 2.96791
596.522, -27.3758, -2.94511
518.348, -27.8056, -1.36021
582.041, -23.0416, 1.95122
591.359, -25.4603, 0.496827
533.811, -29.7679, 1.33321
588.6, -24.3636, 0.13101
586.848, -24.2846, 2.45649
592.613, -26.396, -0.446742
596.571, -27.4249, 2.92701
585.175, -22.8175, -1.5373
585.102, -22.8207, 2.71942
594.379, -27.1275, 2.84218
581.934, -20.6113, 1.89571
591.644, -24.7672, -2.6415
584.398, -21.8545, 1.99898
586.186, -23.3107, 0.28041
587.369, -22.9755, -0.352637
592.963, -26.3014, 0.879429
590.896, -25.4682, -2.32693
593.254, -26.2905, -0.601784
589.681, -24.1914, -2.71937
585.757, -22.3505, -0.230888
588.209, -23.3334, 1.15844
586.581, -23.1091, 3.09768
592.251, -25.7045, -0.563368
581.798, -21.5056, 1.88598
587.572, -23.6188, 1.57478
584.49, -21.4986, 0.607601
584, -22.1093, -1.35224
568.418, -1.14783, 0.725188
589.981, -24.5295, 0.155252
586.678, -22.8941, 1.38073
583.705, -21.4426, 2.06339
554.911, 8.90643, 2.68134
582.25, -21.2741, -0.301076
587.862, -23.2541, 0.873457
574.532, 37.1993, -1.09155
585.604, 13.5524, -1.77484
576.581, -3.77212, -0.93458
560.34, 29.7902, -2.34548
572.313, 22.807, 3.03342
586.425, -20.2445, -2.84667
585.652, -22.7404, -2.21603
585.459, -22.8486, 1.57461
585.813, -25.0913, 0.918625
529.909, 20.076, -0.388494
520.168, -30.3855, 1.95492
525.511, 20.6382, -0.228196
526.34, 9.45808, 1.98184
569.912, -14.078, 1.76711
507.891, -43.125, 3.1278
545.944, -40.0048, 2.56712
564.598, -16.1333, 1.71594
535.932, -18.393, 0.563599
523.548, -29.6943, -2.51071
544.676, 19.5967, 1.58552
554.165, -0.506219, -0.933952
517.031, -6.4371, -0.540533
557.511, -21.2198, 0.036411
532.596, -35.0003, 0.208994
510.579, -28.6538, 1.76111
635.644, 27.2549, 2.08444
586.14, -19.2421, 1.22692
588.335, -18.461, -1.35929
585.675, -18.9617, 1.3646
583.692, -21.2965, -3.02243
550.726, -83.0284, -2.3213
569.65, -84.5324, 0.554951
558.885, -57.1325, -0.986784
548.85, -73.0911, -0.081538
558.332, -82.0949, -1.47661
567.287, -78.1571, -1.15056
544.363, -85.145, 2.9159
543.687, -57.249, -1.97711
520.82, -68.629, 0.370024
583.767, -19.4178, 2.84813
582.926, -19.5651, -0.451374
581.774, -20.3432, -1.91407
582.613, -19.8741, 1.42405
532.866, -72.5497, 1.80802
575.534, -23.8954, 2.51667
577.13, -23.1796, -1.56274
576.466, -24.2677, 0.042945
576.165, -23.5556, -0.176
576.388, -25.5178, 0.568841
577.046, -27.3669, -1.54455
578.296, -26.069, 2.75896
577.092, -27.8628, 0.274754
577.391, -22.8565, 1.25899
579.12, -23.4463, 2.66602
576.286, -23.8616, 0.459787
577.884, -22.5102, 2.66454
569.98, -85.0191, 0.929926
572.251, -85.7585, -0.144162
579.94, -37.7921, 1.88083
605.854, -79.7117, 1.5247
605.724, -59.3966, -2.65741
592.105, -45.6463, -2.85432
585.097, -28.7951, -0.440859
577.522, -24.7755, -1.36619
575.35, -26.0166, -1.06428
576.261, -24.8873, -0.508883
576.512, -27.7285, -2.73737
577.688, -24.4716, -0.633734
579.498, -24.2315, 0.578556
578.25, -24.1628, -2.76601
574.931, -24.4394, -0.084933
577.106, -25.3328, -1.08827
575.208, -25.6613, -2.3821
577.438, -24.0095, -2.95336
576.818, -21.8379, 1.63237
576.3, -22.7845, 1.39969
577.165, -24.9372, 0.808051
576.758, -23.0424, -1.81611
576.213, -23.995, -2.82299
574.59, -23.5451, -0.605063
572.27, -19.2075, 0.266735
565.51, -6.41403, 1.37066
567.834, -10.3959, -2.28396
574.818, -23.1258, -3.09139
571.683, -18.3789, -1.9303
568.108, -14.4213, 0.154824
559.314, -3.26181, -1.47663
561.453, -5.93767, -2.91892
570.888, -18.7402, -3.02613
572.346, -20.5964, 1.42606
572.514, -20.4369, -1.58766
563.119, -6.96704, 2.30198
564.913, -10.3036, -2.70988
569.426, -16.4673, 0.303505
558.511, -0.966597, 1.59767
560.438, -3.19107, 1.3769
559.716, -2.27908, 2.63697
562.956, -7.37036, 2.81018
565.175, -9.82629, -0.03641
564.467, -9.45793, 2.05025
564.904, -9.81117, 2.1768
565.246, -9.93566, -2.56789
559.795, -1.81583, 0.510793
569.407, -17.4668, -0.903691
569.104, -15.3375, 1.67034
562.884, -5.06887, 0.486361
565.025, -10.2775, -1.84923
566.072, -11.4071, -1.84992
566.974, -11.5932, 2.61492
565.04, -8.02711, 1.98066
561.164, 0.283454, 0.420517
564.491, -4.82709, 2.6673
565.731, -20.2533, -1.43077
567.796, -17.9976, -1.44807
568.909, -18.1045, 1.99274
568.136, -18.704, -1.12235
567.336, -17.7177, 0.405193
561.994, -19.8303, 0.926176
567.042, -18.4734, 0.020808
562.968, -19.2913, -2.35901
565.884, -19.2427, -2.01102
563.614, -19.2567, -0.790657
562.726, -18.6132, 2.64117
565.618, -18.2495, -2.50868
565.733, -19.3167, 2.44978
562.196, -18.6146, -2.50832
564.443, -18.7537, -1.32077
565.397, -19.0418, -2.1608
562.967, -19.5418, -0.268094
562.774, -19.2247, -2.74894
562.386, -18.9198, -0.92099
562.667, -19.828, -2.82554
561.77, -17.9596, -2.92877
562.357, -19.4109, -1.04695
561.777, -17.584, -2.71774
562.884, -20.9323, 1.33202
563.474, -20.8341, 0.282255
562.569, -20.6047, -3.11378
610.347, -73.1942, 0.107737
563.448, -20.5155, -2.35795
562.365, -20.3796, -0.12154
563.304, -20.2464, -3.10931
563.057, -20.368, -0.942315
563.13, -20.6134, -1.36838
562.986, -8.93678, 0.164107
563.015, -9.392, 2.45855
562.766, -15.0924, 2.5717
562.003, -13.3595, -1.14266
561.753, -15.2045, 1.53355
563.115, -18.7598, 2.64518
561.534, -10.4612, 3.03864
560.589, -10.4486, -1.2958
562.218, -18.2078, 0.856951
561.701, -13.2827, -0.019517
561.584, -10.8395, -2.36807
562.278, -16.5027, -1.09006
561.929, -16.535, 2.66267
560.45, -9.97213, -0.543975
561.365, -15.4458, 2.55988
560.842, -15.3052, 0.376974
561.515, -16.0139, 2.30921
561.269, -11.26, -0.066317
561.552, -13.8371, -2.10438
561.066, -16.2858, 1.51892
560.329, -9.91807, 1.38692
561.709, -16.5002, -1.723
561.937, -16.3754, 1.31181
557.187, -16.6841, 1.23246
559.3, -16.5382, -0.791603
555.365, -17.075, 0.111306
560.092, -15.6147, 0.47552
518.083, -67.1231, 1.70168
523.184, -64.5134, -2.04721
516.354, -73.5984, 1.81938
530.019, -59.1225, 1.46674
535.867, -53.1036, 0.219755
558.573, -16.1647, 0.773613
555.799, -15.2743, -0.464574
558.471, -16.0048, -2.00073
556.163, -15.4632, 2.65441
557.516, -15.6756, 0.633523
556.849, -15.4177, -3.03288
557.283, -14.127, 1.7338
556.55, -15.6214, 2.78072
555.158, -15.3951, 1.58582
556.331, -15.6417, -0.330338
555.34, -15.6969, -1.37553
557.645, -16.2133, 0.152051
554.95, -14.9713, 0.086067
556.246, -15.4546, 2.09604
555.575, -14.7652, 3.08215
555.154, -15.092, -1.14646
556.549, -16.0687, -2.86456
555.312, -14.9712, 2.95841
554.917, -15.6673, 1.96217
555.627, -14.9092, -0.016394
555.136, -15.2054, -0.896671
521.016, -71.6432, 0.826544
555.479, -15.369, 0.01764
555.411, -15.5326, -1.19327
569.47, 41.3213, -1.0743
574.271, 47.2522, 0.092438
576.749, 47.4682, 2.60375
555.6, -14.6342, -2.89465
555.579, -14.9581, -2.35146
555.966, -13.7984, 0.89025
555.808, -14.7029, 3.0016
555.818, -14.5672, -0.364037
564.254, 6.8858, -0.105082
561.52, -18.0708, -3.12793
560.206, -17.0051, -1.93139
556.202, -15.5649, 2.28839
562.739, -16.9485, -2.75286
562.495, -16.577, 2.01405
559.31, -16.1521, 1.78436
561.305, -15.3948, 2.17315
562.247, -15.2825, -1.97645
561.229, -15.4487, -2.82965
558.191, -15.3225, 1.85744
562.987, -16.5091, -2.07131
561.506, -15.8339, -2.92071
557.734, -15.2744, 2.28787
561.867, -16.8105, 1.67912
558.007, -14.4728, -2.17247
562.141, -17.1683, 1.53586
557.703, -14.8231, 0.889459
557.665, -14.1732, -2.79196
557.929, -14.8017, -2.5142
557.93, -14.3266, 2.8004
557.942, -14.4374, 0.476684
557.894, -13.7138, 2.73594
557.911, -11.3179, 1.57094
557.869, -13.152, 2.61882
557.963, -11.4555, 0.352625
557.831, -13.0288, 2.99095
557.881, -12.9026, 1.93438
497.129, 32.5977, 2.06158
506.255, -6.6112, -2.87001
490.277, -5.41487, -0.63547
490.516, -7.4188, -1.6003
558.038, -11.426, -2.95595
558.201, -11.346, -2.24658
562.088, -11.5015, 0.067855
592.224, -41.2685, -0.294443
563.186, -11.633, 2.35936
563.332, -10.4281, -0.481271
563.123, -10.636, 2.49948
562.82, -10.869, 0.272157
561.714, -9.78944, -1.00222
562.051, -10.6432, -1.04916
561.456, -9.96171, -0.546214
563.714, -10.5591, -0.716998
563.356, -10.2322, 2.84207
561.099, -10.2648, 1.70365
562.43, -10.7272, -0.035854
562.228, -10.8088, -0.121987
593.653, 55.2789, -1.39179
562.917, -10.2463, 0.990373
563.989, -11.9896, -2.72746
564.163, -11.3529, -1.02355
522.587, -75.2551, -2.95897
526.61, -61.1637, 0.230259
525.638, -71.1081, -2.36226
528.552, -45.8516, 1.8536
563.127, -13.3877, 1.46953
564.3, -14.0809, -2.43805
565.106, -20.8312, 2.04759
564.58, -17.9546, 0.795201
563.673, -11.7257, 2.91158
565.155, -20.2277, 0.479801
564.303, -14.4152, 0.179032
564.509, -15.9058, 1.55537
564.622, -20.3101, 2.21986
564.39, -20.1685, -1.97036
537.234, -28.5594, -1.25056
564.328, -19.8577, 1.90517
564.357, -21.2474, -1.83339
565.351, -20.4372, 0.419735
563.775, -15.2083, -2.48692
564.682, -15.489, -2.68632
561.754, -16.6964, -1.62945
564.538, -16.3537, -2.7692
566.166, -19.7009, -0.66018
563.738, -16.3342, 0.552505
527.307, -76.3202, -0.666493
565.018, -18.7572, -1.76546
564.946, -18.7105, 0.496093
563.81, -16.7033, 2.96525
565.392, -19.7375, -0.209009
566.568, -19.7682, -1.84696
562.409, -10.4489, -2.83152
563.106, -13.4451, 2.03275
599.293, 11.116, -2.30404
640.936, -12.944, -0.198445
584.888, -10.8936, -0.850091
563.954, -9.26881, -2.90843
563.06, -8.81591, -0.677852
606.781, 47.7574, 3.07631
586.027, 17.8321, -1.90989
607.345, 15.123, 1.66584
630.574, 19.3208, 0.281781
632.818, 2.69676, -1.20348
564.397, -13.2522, 2.75615
564.607, -8.75997, -1.3799
564.711, -13.1554, -3.08854
563.065, -8.51653, 0.89237
565.519, -9.10245, -2.39872
563.391, -10.6018, 2.7247
564.226, -12.112, 0.120141
565.122, -10.3599, -0.399556
518.04, 24.527, -1.52502
510.261, 25.9318, 1.65902
504.396, 17.5054, -0.268812
501.446, -8.86106, -2.32826
531.475, -19.7599, -0.874515
494.174, -33.7321, -1.35631
501.407, -29.2286, -2.37968
523.795, -23.6349, -2.19566
563.496, -5.1893, -2.90362
563.287, -7.00807, -2.76716
563.517, -3.2946, -1.3388
563.552, -2.16997, 0.762518
563.764, -4.55794, -2.24717
563.611, -2.90965, -0.232883
587.468, 32.2248, 1.18932
589.142, 34.7861, 2.55691
524.433, -0.880313, -0.645269
591.144, 13.8573, 0.767707
615.581, 19.7875, 2.90045
613.613, 15.9949, -0.42359
629.376, 8.70904, 3.11551
562.347, -4.43072, -0.730991
562.815, -2.24654, -2.37934
563.065, -5.90939, -1.29026
504.004, 16.1055, 1.81243
519.846, 3.67355, 0.113037
562.686, -1.01573, -0.253931
486.846, 5.49061, 1.88247
563.19, -4.81762, -0.451963
562.706, -4.49187, -2.12439
563.203, -2.6949, 0.246683
564.043, -1.13854, 0.94932
562.741, -3.52161, -0.160369
562.225, -3.57221, 1.4195
562.582, -2.77158, -1.56557
564.577, -0.470354, 2.72854
562.214, -2.31713, -2.41316
562.355, -2.22498, 2.47719
564.868, 0.018496, 0.467466
562.772, -2.45075, -0.001199
564.216, 0.171838, -2.82916
566.264, 42.3647, 2.38696
549.619, 33.201, -2.99045
526.519, 62.9611, -2.22082
534.392, 21.6215, -0.113437
502.066, 47.0614, -2.89496
527.941, 64.6307, -1.1449
533.766, 49.1996, 1.45688
519.305, 61.7501, -1.86735
524.629, 47.5224, 0.843654
572.372, -0.047115, 0.282635
608.295, -51.6628, -2.21684
565.844, 1.90922, -0.574572
569.875, 1.22841, -1.59889
568.308, 0.857009, 0.788631
566.922, 1.8691, -0.888357
565.815, 1.61114, 0.302721
565.656, 0.931398, 1.0216
564.568, 0.048694, -0.582316
569.411, 1.39374, -2.42487
569.597, 0.929212, -1.43662
569.399, 1.0166, 2.13933
569.622, 1.10363, -0.238994
516.653, 63.91, 0.954111
567.545, 1.58431, -2.11715
570.83, 1.50887, -2.02679
562.662, 3.56167, -2.11843
562.433, 3.70364, -2.48872
562.246, 3.30231, -2.43475
563.565, 3.52635, 1.57183
562.244, 3.71982, 3.09116
562.928, 3.61623, -0.402367
563.686, 3.63055, -2.3988
562.86, 3.24408, 1.40226
562.417, 3.54343, 1.0407
563.161, 3.96792, -0.923615
563.808, 4.01284, 1.51505
562.828, 3.68622, -2.98983
564.785, 3.9986, 1.20872
562.723, 2.6116, 0.192696
529.602, 60.1907, 0.81963
525.319, 61.7031, -0.487076
562.646, 4.04838, -1.97407
563.612, 4.40966, 1.29608
562.641, 3.57229, 2.87282
564.137, 3.97739, 1.33052
495.183, -31.4317, -1.08453
495.666, -20.2061, 1.54221
498.682, -14.3481, 2.90232
568.904, -0.390694, -3.02432
565.104, 2.80814, -0.800982
568.1, 0.806389, -2.95847
568.994, 0.706854, -2.84167
569.151, 0.297081, 1.52452
564.209, 3.38134, -3.06772
565.189, 2.3349, -3.0341
567.739, 0.41105, -0.994403
568.297, -0.202212, -0.723893
583.855, -69.0632, -0.360408
558.297, -50.4847, -2.93476
558.012, -45.6342, -0.949951
565.581, 0.051426, -3.03643
568.005, -0.049794, 1.06505
565.799, -0.328148, -1.05594
565.378, 1.71322, 0.011347
569.408, -0.280775, -3.05477
570.451, -0.820949, -1.71844
565.984, 0.929852, -0.740475
567.854, -0.022856, -2.95527
566.094, -0.267909, -0.143277
568.469, -0.263488, 1.22931
567.815, 0.560613, 3.1278
571.333, -0.867791, 0.148895
567.89, -0.342802, -2.49981
567.156, 0.134276, -2.51361
571, -0.567937, 2.07811
569.691, -0.004365, -2.95111
566.845, 0.869359, -2.87487
567.52, 0.76129, -1.99533
568.337, 0.023422, -2.39288
569.209, -0.165339, 1.09936
571.333, 0.030434, 2.60726
568.974, -0.498078, -0.522426
571.24, 0.09309, -1.0034
571.926, -0.703289, 2.32581
573.556, -0.292016, 2.40166
570.224, -0.309799, -1.60109
572.039, -0.269844, -1.50345
569.519, -0.002042, -1.22605
570.319, -0.106559, -1.74583
573.623, -1.15468, -0.096697
571.509, -0.550484, -2.63409
572.533, -1.07105, 3.09285
571.314, -0.676915, 0.37106
570.222, 0.104644, -2.00022
571.477, -0.307984, -2.15072
571.103, -0.745896, 2.61382
571.638, -0.064572, -2.4732
571.974, -0.527557, -1.93991
573.28, -1.20307, 0.160388
575.498, -3.77231, -0.062684
575.801, -3.93665, 1.38653
572.536, -0.081595, 1.50492
576.533, -5.17414, 2.03395
576.081, -4.64305, -3.11061
574.565, -3.80052, 1.31602
574.075, -2.46135, 2.71616
575.178, -5.9755, -1.21063
572.21, -0.285376, 2.22937
573.292, -1.25799, -2.54758
575.521, -4.48221, -1.2322
574.274, -5.02554, 2.14361
575.795, -5.39499, 0.848645
573.588, -12.6065, -1.98787
569.044, -28.951, -1.78069
575.613, -4.29604, -1.23427
572.687, -7.91524, -2.97677
574.168, -3.42024, -0.362753
573.33, -8.7576, -1.82651
573.451, -15.6891, 1.62702
573.344, -8.39188, 2.69866
573.591, -9.45172, -0.307023
577.617, -5.78133, 2.36034
573.46, -4.5251, -0.68624
573.821, -7.85787, -0.091425
574.474, -18.1127, 2.16945
575.503, -5.8532, -0.610278
575.222, -4.53316, 3.09166
575.061, -5.78903, -0.178344
573.216, -27.0654, -0.125455
577.312, -4.39809, 2.38589
572.976, -10.0119, -0.585362
574.191, -4.45961, 2.36727
576.233, -5.6796, 3.11293
577.271, -4.67336, 1.03144
574.526, -4.45811, 2.38447
576.414, -5.9707, -0.005229
574.976, -3.71218, -0.125043
575.915, -3.83527, 2.46467
578.032, -3.90426, 1.20405
576.754, -3.62235, -1.42002
576.191, -2.91934, -2.74403
576.74, -3.65518, 1.51491
576.727, -4.22612, 0.790867
575.865, -6.05834, -0.682872
577.277, -4.86412, 1.55849
576.469, -5.03552, -0.684479
651.401, 27.437, -0.513848
576.647, -6.22854, -1.68705
577.597, -5.4439, 1.88139
576.273, -6.12508, 0.012061
577.522, -5.77747, -1.45252
584.73, -5.44929, 1.01085
581.076, -5.41462, 0.583813
582.505, -5.31449, 2.59836
580.843, -5.6105, 1.34854
581.189, -5.66937, -0.520993
584.462, -5.76657, 0.468417
583.988, -5.67516, -3.01264
582.03, -6.11608, 0.412775
585.388, -5.83129, -2.71778
584.052, -6.10376, 0.18914
583.423, -6.39105, -2.64182
586.834, -6.53787, -2.78876
585.469, -6.0864, 1.71637
580.012, -5.75449, -1.83684
580.805, -5.79016, -0.20426
586.456, -5.91316, -1.30118
583.874, -5.736, -1.87861
586.874, -5.86984, 2.77523
586.403, -5.50855, -1.01915
584.773, -5.35288, -2.29768
586.401, -4.89059, 0.427201
585.65, -5.29584, 0.29877
584.129, -5.36233, -0.754227
586.551, -5.09201, 1.24306
584.941, -5.80186, -0.034224
584.606, -5.95401, 1.79643
586.529, -6.00408, -2.45046
584.967, -5.80692, 0.106961
586.605, -5.67587, 0.68785
586.565, -6.26371, 1.32929
585.052, -5.58013, -0.823588
586.324, -6.26812, 1.21401
586.575, -4.25001, -0.271176
586.124, -4.45251, 0.883047
586.76, -5.53247, 2.84763
586.296, -7.00631, -2.27661
585.594, -9.88742, 2.97358
585.641, -13.4422, -0.070585
586.016, -9.0254, 1.06
586.415, -10.9897, 1.963
587.267, -14.2429, -2.13807
587.795, -11.2163, 1.53522
587.113, -9.21818, 0.939853
587.214, -12.1732, 3.12427
587.8, -12.7575, -0.047484
587.332, -12.0351, -0.155431
587.883, -12.2258, 2.53148
586.759, -9.08402, -1.59365
587.693, -12.2148, -0.843449
588.164, -13.7561, 2.72483
587.778, -12.0222, -2.74806
587.518, -11.836, 1.29965
587.571, -12.9587, -1.68828
588.362, -13.535, -2.31302
588.212, -13.128, 0.189717
586.884, -10.7098, -1.44073
587.963, -10.7856, 2.35681
588.055, -12.9193, 0.311134
587.709, -11.3518, -2.98248
587.446, -12.0459, -0.895124
587.813, -12.5226, -1.75381
588.203, -13.5317, 2.15285
586.971, -13.6901, -2.08233
584.098, -14.9799, 1.39985
580.23, -14.7641, -2.34316
584.895, -13.7811, -1.62602
579.99, -15.3897, -0.959144
576.794, -16.3068, -0.648341
578.973, -16.5496, 1.21656
584.87, -14.5241, -1.80383
581.858, -15.9788, 2.04894
580.594, -16.6215, -2.82831
581.531, -16.481, -2.32889
578.12, -17.8095, 0.663182
584.555, -15.0852, -1.55414
584.705, -14.8518, 0.015202
579.771, -17.0586, -1.9539
581.331, -15.816, 1.32725
580.489, -16.1385, 0.416034
584.018, -14.8071, 2.53545
580.472, -16.2717, 1.77313
578.07, -17.7989, 1.82768
582.081, -15.9817, 0.313905
581.028, -15.8124, 0.300162
582.173, -15.8343, 1.57704
579.239, -16.8767, 2.13831
578.99, -16.7391, 2.17183
579.261, -16.9427, -1.4953
577.801, -16.98, 2.07396
576.435, -17.9173, -2.98685
581.135, -16.0446, -2.89269
578.577, -16.9545, 2.81486
578.918, -16.5335, 0.813068
580.411, -16.1718, 0.159601
576.276, -17.6913, -1.2188
577.096, -17.4603, -1.62335
580.016, -16.1672, 1.19536
578.96, -17.0435, 0.810341
575.812, -17.8131, 1.68587
577.025, -17.8229, -0.94105
578.105, -17.318, -0.77247
576.443, -18.0612, 2.15901
577.493, -17.1141, -2.68246
575.664, -17.7123, -1.94189
577.583, -17.4604, 1.19709
575.491, -17.3657, 1.79017
576.149, -18.7759, -0.917803
575.833, -18.078, -2.0789
576.061, -18.3006, 0.539982
575.569, -17.1534, -0.384538
576.62, -17.5822, -1.62897
576.253, -17.8027, -0.807536
581.761, -36.1321, -2.44385
580.429, -30.2212, 3.06751
576.911, -21.4325, -2.77749
581.095, -33.8529, 1.55146
581.623, -34.029, -2.29016
580.101, -31.9107, -2.58417
578.325, -28.0374, -2.93029
578.397, -29.6841, 2.62274
578.036, -30.7675, -2.70335
577.146, -22.5738, -1.33647
576.708, -20.4117, 0.719545
577.533, -29.0563, -0.782813
576.72, -21.3711, -2.35759
578.879, -34.3491, -1.62288
577.773, -32.3898, -0.108215
575.813, -30.7694, 0.365049
572.382, -33.6797, -2.55446
569.311, -31.1923, -0.46261
566.645, -28.9536, -2.20082
577.579, -23.2873, -0.205461
573.926, -12.2806, -1.04565
572.357, -6.94117, 2.30258
572.596, -9.81732, 2.59952
574.944, -12.7947, -2.01236
575.033, -13.0061, 2.11471
576.036, -16.3295, -1.52461
575.568, -8.99051, -0.578402
576.182, -18.9109, -1.95364
575.388, -8.29331, 0.217908
576.022, -17.5976, 1.64478
576.612, -4.63573, 0.269414
576.585, -7.61813, 2.77881
575.974, -4.71333, -2.79389
576.636, -9.42529, 2.88667
574.917, -4.04388, 0.467607
578.456, -17.9691, 2.11785
579.936, -17.6541, 1.81945
575.491, -11.2166, -0.764394
581.128, -16.9279, -0.537591
586.913, -15.6378, -1.96569
585.857, -15.549, -1.82804
582.265, -15.7864, 0.192109
581.714, -16.0214, -0.357931
585.319, -14.8822, -2.37007
586.241, -14.8827, 0.593337
585.074, -14.7515, -0.409777
584.005, -15.5158, -2.88153
583.754, -15.0499, 2.72151
583.043, -15.7133, -3.06462
589.053, -13.6041, 0.955917
581.41, -16.1219, -0.09818
588.561, -14.0238, 0.743983
587.044, -14.397, -0.365428
584.017, -15.5228, 1.26693
584.052, -15.1872, -3.11557
586.009, -14.8157, -0.226147
585.507, -14.6375, -1.41634
588.196, -14.17, -2.41177
582.277, -15.8062, 2.43946
583.728, -15.0925, -2.20197
583.098, -15.6259, 0.744216
588.082, -13.8474, -0.498469
585.038, -15.0642, -0.334486
588.381, -13.6953, -0.455308
584.655, -14.6569, 3.08539
583.822, -15.1014, 0.564904
584.793, -15.0917, -3.13224
586.122, -14.0891, -2.77911
588.171, -13.9414, -1.04583
588.094, -12.9042, -2.8696
585.545, -14.2662, 3.10981
588.787, -13.4783, 1.98986
587.108, -13.4752, 1.25972
586.573, -14.1808, 2.90414
588.461, -13.366, -0.786963
586.889, -14.0717, 2.13523
588.754, -11.195, 1.62449
589.207, -10.6614, -2.8923
588.11, -10.6026, -1.03012
588.665, -11.1449, 0.956857
588.879, -11.1446, 2.94169
587.245, -10.8791, 3.03849
586.635, -8.4702, 0.3313
589.915, -10.9308, -2.90885
586.076, -4.13568, -0.768142
582.111, 4.58739, -2.48298
584.342, -1.92647, 2.02492
586.053, -5.87217, -1.61707
584.493, -4.44039, -2.36395
589.322, -10.9293, -1.04299
589.248, -11.3606, 2.47508
590.161, -10.9115, -2.87565
589.949, -10.855, -2.6559
590.224, -10.8444, 1.92961
592.922, -9.02177, -0.978278
594.348, -6.93526, 3.05706
595.104, -5.18485, -1.86829
601.173, 20.4561, 0.174011
607.729, 50.8525, 1.04686
593.407, -7.41297, -1.3277
610.729, 55.45, -0.372591
593.087, -7.97451, -1.95034
592.875, -7.39176, -0.250246
594.026, -5.63251, -0.520159
592.101, -8.78225, -0.351433
594.324, -5.36075, -2.81465
592.446, -7.22384, 1.05169
594.829, -4.99339, 0.203345
594.45, -6.91167, 2.43408
595.33, -4.3366, 2.22546
596.966, -10.1074, 0.910561
598.052, -10.4524, 0.125814
596.501, -10.0613, 1.65116
598.099, -10.917, -0.130902
644.229, -52.6867, 1.82841
600.954, -10.6458, 1.55035
598.716, -10.2197, -0.436056
598.092, -11.4963, -0.184892
637.422, -43.1653, -2.76398
596.918, -9.18238, -2.70883
652.462, -54.9771, -0.143864
647.951, -49.5918, 1.55439
624.545, -31.8077, 0.813224
655.72, -57.2437, 2.81142
615.364, -25.4321, -0.498235
634.369, -38.3323, -1.70418
648.499, -50.71, -1.93206
656.968, -59.0712, 2.58085
631.997, -37.7014, 1.8615
653.165, -57.0976, 0.848442
642.721, -49.69, -2.73143
598.729, -10.059, 1.79633
641.192, -67.3106, -2.83949
599.366, -9.10848, -0.412521
600.836, -7.93705, 0.258273
599.481, -8.99435, 1.03103
599.99, -7.88797, 3.10776
599.163, -9.60077, -2.73192
599.445, -9.15087, -2.54971
600.019, -7.93178, 0.035442
600.001, -6.70917, 0.823484
599.837, -8.48024, -2.68762
600.41, -7.6445, 1.3083
599.83, -6.51606, 1.06743
663.87, 5.75856, 1.45026
599.003, -6.56291, -0.083358
606.777, 73.466, -1.63778
600.15, 71.0937, -1.5975
605.774, 31.7783, 2.28897
601.863, 4.2794, 2.2148
676.879, 9.64967, 2.85503
662.434, 13.7473, -1.26948
599.959, -9.33598, 0.130755
600.069, -9.85939, -2.41641
600.154, -8.99201, 2.6923
598.935, -10.3018, -0.521042
597.489, -12.4176, 1.83352
600.049, -9.91599, -1.55668
596.975, -11.8714, -0.029352
596.871, -10.7735, -0.219679
600.24, -9.19672, -1.45664
598.478, -11.1749, 0.504641
598.263, -9.7773, -1.02511
597.958, -11.8544, -2.25195
601.241, -11.135, -1.02338
599.075, -10.7007, -1.31691
597.887, -10.7505, -1.998
620.939, -85.7917, -1.66149
596.278, -7.52279, -2.98414
624.983, -75.0383, -0.552659
598.266, -9.2988, -2.25965
597.925, -9.18877, 2.13393
595.724, -8.64542, 2.92392
595.955, -9.3937, -2.56899
597.699, -11.5275, 0.717157
597.449, -10.9776, 1.49728
598.7, -9.47929, 0.635969
591.718, -7.45434, 0.871395
596.619, -9.77904, -1.59175
592.959, -7.84193, 0.995892
591.846, -6.81322, 1.21263
598.618, -13.1682, 2.53905
627.839, -62.1421, 2.11358
639.198, -81.203, -0.849612
599.174, -13.9611, 2.99986
638.97, -75.7332, -0.926986
644.193, -76.0187, 3.11049
626.773, -53.3198, -0.757474
637.153, -68.6858, -0.025317
633.173, -60.3233, 0.973883
634.833, -63.7882, -2.41407
648.305, -72.26, 1.84832
641.392, -68.6354, -0.540013
644.276, -51.5416, -0.189771
646.718, -55.5811, 1.77755
635.929, -54.9899, -2.45628
622.717, -37.5045, -1.95996
632.687, -48.2673, 1.29611
641.04, -66.8059, 1.62451
622.584, -66.8979, -1.46624
642.598, -77.8946, 2.08848
595.039, -89.7322, 0.325086
605.884, -42.3943, 2.11508
601.806, -94.526, -1.08153
604.464, -54.3853, -1.26445
603.256, -14.9918, 2.43272
662.969, -58.535, -2.17607
603.746, -15.3509, 1.72958
602.354, -15.0335, 1.24246
646.868, -65.2733, 2.83558
638.873, -58.3668, 2.23419
635.162, -85.7954, -0.151398
602.844, -15.2043, 0.85641
623.932, -63.3077, -1.3861
671.107, -45.1756, 0.287493
618.326, -46.5077, 1.88554
632.296, -62.3952, -0.227588
639.69, -70.8381, 1.1387
601.661, -14.7589, -0.735112
600.845, -14.4404, 2.52575
598.668, -13.1859, -1.7916
599.369, -12.8391, 0.993524
598.876, -12.9915, -0.794179
598.617, -13.3733, -1.18954
601.91, -14.8401, -1.7531
600.467, -14.4832, 1.84196
601.715, -14.6946, -0.047074
598.888, -13.5613, 3.07407
521.735, -24.7943, 1.90455
562.044, -19.2003, 2.34995
576.234, 23.6185, -2.26539
542.466, -29.8776, -0.215647
582.574, -24.0778, 0.631493
569.12, -31.5258, 2.10709
568.93, -64.0896, 2.87296
541.625, -35.1197, -1.84421
567.686, -41.6042, 0.177315
630.919, 52.0006, -1.47596
573.823, -53.7568, -0.359972
630.347, 60.3808, -1.27955
598.617, -11.2784, -0.280685
598.079, -9.77518, -0.422422
598.445, -10.68, 0.944571
597.818, -12.1205, -0.47088
598.594, -10.4971, 2.12628
597.258, -7.35687, 0.98543
598.791, -11.4244, 2.182
599.278, -9.89212, 2.97201
598.712, -10.9695, -2.05316
599.144, -11.762, 0.57088
599.549, -10.6477, 2.54615
600.766, -9.28739, 1.9644
600.484, -9.57245, 2.31452
598.332, -11.7299, -0.699755
599.717, -11.3477, 1.09394
598.582, -12.5983, 2.58576
599.524, -11.7651, 0.188878
599.407, -12.0076, 1.35354
598.785, -11.3712, -0.5295
599.031, -9.39107, -0.812338
598.485, -12.3378, -2.96298
598.765, -13.0322, -2.88436
598.199, -8.50541, -2.98966
599.764, -10.2211, 0.518734
599.506, -9.77228, -0.22876
602.53, -7.92573, -0.645748
598.078, -10.2963, 0.926862
597.914, -7.26753, 1.71571
599.774, -10.1165, -2.47492
602.525, -8.2713, 1.48584
598.494, -10.4644, -0.131297
599.072, -10.7583, -0.576241
599.377, -9.39293, 2.68358
596.452, -5.63424, -0.979245
598.442, -7.61601, 0.565674
598.693, -8.31647, -2.7278
524.168, -8.0382, 2.57877
552.392, -24.5993, -0.98409
524.672, -38.3752, 1.16196
595.84, -3.36791, -0.638225
596.778, -4.8222, 1.5328
597.986, -7.09957, -2.97983
597.031, -4.29382, 1.55311
596.028, -4.39891, -1.86431
595.482, -3.35353, -2.09536
595.679, -3.61928, -1.41457
596.174, -2.69364, -2.27538
598.428, -2.38026, 3.06311
599.393, -2.89191, 0.23845
596.303, -5.08881, 1.64526
597.627, -4.53114, 1.78594
602.346, -0.630888, 1.23428
598.254, -4.82618, -0.700345
598.695, -2.61139, -1.74421
597.082, -3.4707, 1.35032
597.675, -2.30656, -2.12647
625.706, 8.56889, 2.93122
660.067, 21.5106, -2.24083
655.241, 13.674, 1.51982
640.456, 8.45661, -2.79275
636.552, 8.10782, -2.03164
658.191, -58.8648, -1.32946
659.264, 1.10517, -2.28663
638.479, -1.9659, 2.17469
645.107, -8.22407, -0.364502
674.28, 3.89338, 2.27458
673.124, 22.67, 2.48816
655.494, 42.7982, -0.277621
554.392, 15.019, 1.4888
597.942, 1.93537, 0.299415
636.76, 40.1202, -2.46538
557.252, 7.96931, 2.73471
656.844, 3.02563, -1.73794
598.741, -0.383814, -1.87854
661.559, 28.7913, 2.81764
622.558, 9.97956, -0.349245
615.666, 6.52526, -2.37049
625.635, 10.7549, 1.56585
571.302, 63.6863, -2.25473
671.729, 24.3468, 1.39261
677.222, 25.2012, -1.99062
661.907, 28.4704, -0.786628
654.793, 38.0605, 0.676694
643.188, 32.7881, -0.106092
664.22, 17.6495, -0.054304
681.681, -0.323215, -2.04967
599.676, -0.833685, 1.2775
626.85, -47.7076, -1.81415
596.566, -67.7773, 1.38072
610.444, -50.0335, -1.70187
598.624, -4.09983, -2.47657
598.938, -3.77854, 0.589793
598.133, -4.43163, 1.61283
647.3, -29.9875, 0.84993
671.39, -28.7919, -0.784023
626.831, -9.5994, 1.03988
654.409, -12.9134, 1.95907
601.906, -71.9858, 0.137852
591.814, -66.2296, 0.815656
526.997, 16.8869, 2.97995
531.169, 38.6837, -0.798019
600.17, -31.4216, 1.26478
610.418, -72.168, 1.87388
523.81, -1.23345, -1.18148
596.522, -5.84765, 1.37396
595.954, -5.63352, -1.86117
548.565, -6.95133, 0.152652
537.531, -8.63373, -0.52313
545.197, -10.5139, 0.856702
542.308, -9.33462, 1.56813
557.919, 5.46764, 0.746215
539.86, 0.318357, -0.521727
521.844, -8.39187, 0.64479
596.727, -6.56636, 2.64863
595.443, -4.12425, 0.725025
598.271, -3.13508, -0.154191
662.772, -10.3978, 1.50005
595.547, -4.71036, 2.69977
596.353, -6.06628, 1.2077
663.09, -9.35148, 0.317083
597.135, -3.99363, -2.40082
628.939, -6.98922, -0.992214
640.724, -8.14862, 1.02158
597.952, -2.88333, 1.72827
653.807, -10.2785, -0.464725
595.944, -4.43959, -0.143075
595.753, -6.84905, -0.895178
645.173, -8.67607, 0.28921
596.219, -4.99505, 0.905104
665.15, -11.9348, 0.652959
671.965, -12.0004, 0.311608
597.901, -2.76388, -1.62319
646.286, -8.86243, -0.751442
640.574, -8.38602, -0.032447
674, -12.0583, -2.02033
658.268, -10.7145, 0.689076
597.092, -6.22925, 2.78609
596.447, -5.33697, -0.234448
677.964, -13.141, 1.99921
674.758, -12.263, 0.427706
668.56, -12.0247, -2.44311
664.989, -11.4497, 1.66482
643.14, -8.48392, -0.219797
665.962, -10.8073, 0.647967
636.479, -7.8078, -2.76512
671.836, -12.4101, -2.32855
669.455, -12.0339, 2.20707
597.695, -3.52097, 2.97206
650.811, -9.21701, 0.702661
673.307, -12.0456, 1.31001
643.056, -9.01309, -2.00322
660.999, -10.3094, -3.1094
674.84, -12.1757, 1.48124
596.833, -6.36975, -1.21469
596.364, -5.38614, -0.144872
643.876, -9.07057, 1.13478
595.56, -4.3539, -2.20944
597.091, -2.45511, -1.65176
665.931, -10.794, -0.891748
662.552, -11.2907, 1.85107
665.387, -11.9863, -1.16147
647.23, -9.27869, -1.70352
647.882, -9.40536, -0.21667
671.475, -12.4771, -0.213431
670.019, -12.68, 1.8241
657.251, -10.2762, 2.90383
640.847, -8.26262, 1.59179
597.306, -6.03648, 2.47647
666.795, -11.2354, 1.03263
678.431, -12.2145, 2.46134
676.538, -12.2486, -1.79335
658.752, -10.6297, 2.02524
643.961, -8.94185, 1.24207
647.109, -8.91114, -0.617804
656.591, -10.6159, -1.61529
672.905, -13.1055, -2.27618
641.95, -8.74998, -0.905763
666.379, -11.3354, -0.911763
656.454, -10.1922, 3.01773
642.641, -8.72192, 0.447445
668.209, -11.3452, 2.33286
595.132, -6.87977, 1.75855
