0.177764
0.19289
0.197085
0.188504
0.189588
0.190624
0.188742
0.197894
0.189202
0.190793
0.190346
0.189273
0.190646
0.191266
0.190341
0.191331
0.189437
0.190565
0.192854
0.188625
0.195623
0.187788
0.190971
0.192617
0.190081
0.195245
0.190633
0.190254
0.193773
0.190365
0.189417
0.190354
0.18971
0.192455
0.189024
0.190388
0.190246
0.190319
0.199131
0.191006
0.189635
0.190082
0.190335
0.198716
0.190858
0.190118
0.19054
0.190067
0.197063
0.189383
0.190989
0.190658
0.189125
0.194333
0.189445
0.190913
0.190745
0.190422
0.190383
0.19239
0.19079
0.195337
0.189973
0.189774
0.191966
0.189066
0.19519
0.19014
0.189591
0.192006
0.189982
0.190079
0.189856
0.19068
0.192605
0.190413
0.191472
0.191432
0.189392
0.198356
0.190682
0.190442
0.190455
0.189709
0.196737
0.190554
0.190369
0.18992
0.189415
0.196821
0.190332
0.190506
0.189813
0.190328
0.191358
0.190313
0.189935
0.195201
0.189779
0.192519
0.190068
0.191021
0.195653
0.189008
0.18941
0.190978
0.190806
0.19412
0.189681
0.190186
0.193306
0.190195
0.189869
0.188254
0.188832
0.199713
0.192364
0.191058
0.19676
0.19126
0.200521
0.191404
0.191154
0.197933
0.191652
0.200952
0.191788
0.191112
0.199109
0.191188
0.200825
0.191089
0.191716
0.198024
0.191721
0.200799
0.191272
0.190548
0.198175
0.1903
0.199945
0.192788
0.191733
0.197894
0.19167
0.201023
0.19161
0.195829
0.198039
0.191349
0.19968
0.191289
0.190954
0.197941
0.19244
0.199953
0.192744
0.192418
0.197987
0.191017
0.201051
0.191764
0.191338
0.198658
0.190603
0.201859
0.192122
0.19085
0.195653
0.191741
0.194288
0.192
0.190039
0.197621
0.192137
0.192939
0.197642
0.19225
0.197447
0.191019
0.19511
0.196981
0.190717
0.1985
0.1913
0.193514
0.19866
0.192722
0.195586
0.192283
0.194361
0.198249
0.190794
0.197276
0.19158
0.195496
0.197052
0.193224
0.197719
0.19323
0.192964
0.199161
0.192441
0.198315
0.19087
0.193605
0.197976
0.192456
0.197083
0.191183
0.193753
0.197295
0.191781
0.198904
0.19143
0.195127
0.197301
0.191066
0.191822
0.196352
0.193039
0.19694
0.190814
0.191997
0.196875
0.192
0.199006
0.19165
0.191968
0.197728
0.192543
0.198544
0.190893
0.190798
0.197094
0.191681
0.197931
0.191284
0.192198
0.19874
0.192054
0.198506
0.191667
0.190669
0.198356
0.19274
0.203237
0.190831
0.19032
0.197198
0.191601
0.199052
0.192335
0.193035
0.197624
0.192849
0.196871
0.191435
0.191421
0.197014
0.190682
0.201066
0.192531
0.190272
0.197937
0.192168
0.199824
0.192381
0.19147
0.196939
0.191581
0.201167
0.190134
0.193374
0.197559
0.192336
0.201104
0.191769
0.191887
0.197868
0.191471
0.201427
0.191322
0.192262
0.19706
0.1919
0.195513
0.196368
0.190908
0.197011
0.190446
0.195613
0.197838
0.191363
0.196209
0.191534
0.195927
0.19911
0.19315
0.196649
0.190731
0.19495
0.19801
0.192914
0.197438
0.190482
0.195369
0.196754
0.189705
0.196832
0.192725
0.19603
0.19689
0.1908
0.197005
0.192072
0.194796
0.197895
0.191787
0.197998
0.192525
0.19564
0.19798
0.191438
0.198053
0.19271
0.19531
0.198773
0.192124
0.198644
0.192957
0.195232
0.197675
0.191494
0.198058
0.191968
0.195322
0.197757
0.19034
0.196757
0.19156
0.194705
0.196786
0.192851
0.192666
0.191695
0.194668
0.197309
0.191644
0.192438
0.198309
0.19523
0.198707
0.192028
0.191411
0.196501
0.194559
0.197264
0.19174
0.191255
0.196286
0.193614
0.198019
0.192089
0.191446
0.197319
0.195489
0.196677
0.192595
0.192769
0.198602
0.195844
0.197593
0.190823
0.190688
0.198652
0.195329
0.198637
0.192023
0.19139
0.196944
0.194386
0.197891
0.191532
0.191255
0.198385
0.193255
0.197342
0.19228
0.191382
0.198501
0.194227
0.198348
0.191548
0.191453
0.198973
0.194048
0.190224
0.191201
0.191755
0.197806
0.1955
0.191801
0.195574
0.192183
0.196523
0.196225
0.191667
0.197433
0.191116
0.196854
0.19524
0.19175
0.19636
0.191023
0.198021
0.192533
0.19207
0.19835
0.191113
0.196866
0.191322
0.194444
0.197558
0.192578
0.196345
0.191737
0.19315
0.197995
0.190969
0.197008
0.191931
0.195413
0.198541
0.191668
0.197473
0.191334
0.195597
0.197772
0.192397
0.196196
0.192297
0.194708
0.196488
0.191786
0.192448
0.195973
0.194979
0.198374
0.191094
0.191028
0.196889
0.19498
0.197875
0.192488
0.191465
0.197333
0.195105
0.196268
0.191098
0.191473
0.196809
0.194075
0.197191
0.191207
0.190842
0.197171
0.194803
0.196749
0.192429
0.191168
0.197725
0.194491
0.196415
0.192132
0.193203
0.197906
0.194897
0.196431
0.191598
0.190104
0.194941
0.194166
0.192667
0.190635
0.189512
0.192597
0.193377
0.190216
0.194139
0.189856
0.195713
0.192455
0.190597
0.193409
0.188925
0.194581
0.19203
0.189176
0.192609
0.189998
0.192427
0.194112
0.19075
0.193279
0.190392
0.190857
0.190601
0.194414
0.195398
0.190985
0.190002
0.192311
0.192267
0.19656
0.191855
0.19165
0.192619
0.194761
0.196747
0.190604
0.190845
0.193526
0.194862
0.196781
0.190962
0.190891
0.194662
0.193784
0.190151
0.189917
0.189645
0.194353
0.192183
0.190211
0.191978
0.189499
0.19613
0.192461
0.19072
0.192611
0.190903
0.196443
0.193172
0.190571
0.194293
0.190118
0.196159
0.193803
0.189719
0.191556
0.188971
0.192767
0.194114
0.189896
0.192573
0.188684
0.189312
0.194816
0.188881
0.193873
0.188852
0.190038
0.192646
0.192931
0.193581
0.189661
0.189536
0.193249
0.192608
0.191833
0.190183
0.188201
0.191001
0.191
0.189221
0.191143
0.190239
0.195073
0.192664
0.190147
0.19147
0.188476
0.194546
0.192542
0.189222
0.191939
0.189527
0.192146
0.192739
0.190027
0.192314
0.189349
0.188264
0.19454
0.187785
0.193763
0.190031
0.188894
0.197339
0.191845
0.194927
0.188808
0.189675
0.193963
0.192881
0.195062
0.191291
0.188947
0.19435
0.191855
0.191066
0.190018
0.188451
0.196329
0.194048
0.190931
0.192014
0.189573
0.195265
0.194213
0.189253
0.192845
0.191269
0.196424
0.193139
0.190418
0.194158
0.19126
0.196403
0.19396
0.189264
0.192803
0.191954
0.192536
0.191736
0.191452
0.193717
0.191423
0.190056
0.196558
0.190385
0.195937
0.190719
0.190517
0.195775
0.189341
0.196158
0.18959
0.191406
0.195368
0.189263
0.193077
0.189731
0.188191
0.194593
0.188966
0.189149
0.191818
0.190965
0.196397
0.192461
0.191057
0.192747
0.189437
0.195486
0.193491
0.189853
0.192376
0.190921
0.195553
0.193742
0.191457
0.193804
0.189793
0.194746
0.191384
0.191033
0.194068
0.189378
0.191982
0.191942
0.191602
0.194937
0.190165
0.19045
0.194616
0.189987
0.196515
0.189997
0.190879
0.196613
0.191521
0.195713
0.189575
0.190451
0.196148
0.190483
0.196248
0.190189
0.19106
0.195393
0.190746
0.19401
0.190047
0.19095
0.196632
0.190812
0.190532
0.193434
0.191149
0.198326
0.190117
0.191589
0.193841
0.189408
0.196461
0.192829
0.188748
0.192696
0.190321
0.194903
0.193321
0.190239
0.193485
0.190624
0.192227
0.193474
0.191689
0.192903
0.190869
0.190001
0.195546
0.190754
0.195189
0.190437
0.189715
0.195004
0.190245
0.197182
0.191867
0.191402
0.197359
0.190667
0.196235
0.190885
0.189815
0.195397
0.190863
0.193
0.189831
0.190065
0.19612
0.189322
0.190774
0.191554
0.190341
0.1992
0.190652
0.190627
0.19404
0.190649
0.196028
0.189557
0.190589
0.193446
0.191356
0.199318
0.189995
0.190344
0.194607
0.191041
0.19408
0.193101
0.190816
0.19399
0.19123
0.193191
0.191999
0.190206
0.192406
0.188835
0.190623
0.197634
0.190655
0.195171
0.19158
0.189589
0.19674
0.190021
0.196536
0.190067
0.190921
0.195785
0.190378
0.19534
0.190771
0.190278
0.194056
0.189293
0.192958
0.190443
0.190825
0.195296
0.190782
0.19017
0.190245
0.190349
0.197738
0.189497
0.19171
0.194208
0.191673
0.198546
0.19091
0.191472
0.19268
0.19059
0.198453
0.190873
0.190496
0.193238
0.190497
0.195892
0.191303
0.18987
0.1944
0.190566
0.190179
0.194919
0.190772
0.195249
0.189326
0.190279
0.196684
0.189801
0.196873
0.189629
0.190522
0.195522
0.190897
0.195417
0.191804
0.191579
0.196485
0.190492
0.192897
0.19149
0.190292
0.196236
0.191076
0.19848
0.191727
0.191774
0.201784
0.192116
0.192918
0.191631
0.192546
0.200711
0.191296
0.192465
0.196665
0.192343
0.206265
0.191975
0.19118
0.197358
0.192402
0.201289
0.192874
0.192558
0.198379
0.191596
0.200705
0.191373
0.192805
0.198358
0.190747
0.200314
0.192717
0.192459
0.1978
0.191374
0.200057
0.192575
0.192601
0.197896
0.192127
0.199263
0.192896
0.191497
0.197516
0.191755
0.200172
0.191831
0.192414
0.197985
0.191892
0.199342
0.192088
0.192712
0.197738
0.190687
0.200733
0.191922
0.19244
0.198241
0.191626
0.199831
0.191819
0.191889
0.196499
0.190944
0.193992
0.190543
0.190997
0.194754
0.190733
0.192231
0.192649
0.190226
0.196695
0.190365
0.192628
0.193461
0.190077
0.196373
0.188109
0.191462
0.19539
0.190616
0.193487
0.191094
0.191409
0.195912
0.19143
0.19172
0.191269
0.191193
0.197158
0.19114
0.190982
0.19367
0.190982
0.198464
0.189273
0.190003
0.193434
0.191053
0.199686
0.191543
0.191437
0.193215
0.191465
0.198016
0.19049
0.190303
0.192313
0.189998
0.196418
0.191619
0.191478
0.19198
0.190654
0.193733
0.192964
0.19109
0.196438
0.190824
0.193194
0.192368
0.190751
0.195583
0.190625
0.19363
0.193491
0.191965
0.195487
0.189924
0.192618
0.194303
0.189925
0.197422
0.190073
0.193685
0.191983
0.191508
0.192981
0.190846
0.189719
0.193185
0.19081
0.190841
0.193872
0.190054
0.199064
0.190014
0.191575
0.193799
0.190589
0.199676
0.190988
0.191114
0.194027
0.189118
0.199297
0.191105
0.191319
0.193726
0.191346
0.19349
0.190692
0.191658
0.194065
0.191883
0.192378
0.193932
0.190689
0.195268
0.190603
0.193325
0.194468
0.190905
0.195538
0.190494
0.192263
0.192398
0.189728
0.194881
0.190558
0.192175
0.193231
0.190108
0.195732
0.191201
0.192744
0.193752
0.190211
0.191957
0.190477
0.193122
0.193733
0.189515
0.19056
0.192516
0.193652
0.196158
0.1908
0.190433
0.192795
0.192075
0.195396
0.19071
0.188681
0.193215
0.19057
0.198766
0.189337
0.191721
0.193029
0.19087
0.194772
0.191078
0.190213
0.19305
0.191605
0.194128
0.19057
0.191401
0.19497
0.19092
0.192575
0.193905
0.1905
0.195504
0.190465
0.194325
0.19325
0.190872
0.194095
0.189366
0.192957
0.193845
0.189713
0.197054
0.191473
0.192903
0.19382
0.191075
0.193154
0.191095
0.193995
0.193187
0.189301
0.191051
0.190671
0.191664
0.193791
0.18942
0.189286
0.193981
0.193208
0.196114
0.190031
0.190944
0.194462
0.193136
0.194895
0.190952
0.191113
0.191637
0.192219
0.196565
0.190393
0.190669
0.193928
0.194151
0.197217
0.19025
0.190275
0.195423
0.19005
0.195452
0.191937
0.18949
0.193949
0.191098
0.191921
0.191406
0.190873
0.196621
0.191213
0.192943
0.189808
0.190118
0.196592
0.191021
0.193638
0.192664
0.190809
0.197297
0.189584
0.194688
0.194172
0.19064
0.195981
0.189498
0.194787
0.194539
0.190756
0.19627
0.190155
0.194381
0.194666
0.19151
0.192326
0.190637
0.194962
0.193097
0.190489
0.191553
0.192569
0.194695
0.195218
0.191323
0.191629
0.193762
0.19356
0.19494
0.190374
0.190308
0.193704
0.19547
0.196849
0.190056
0.191577
0.193715
0.194761
0.194721
0.191197
0.191053
0.192865
0.193535
0.197144
0.191086
0.189344
0.193542
0.193413
0.191112
0.191539
0.189681
0.195925
0.193919
0.191234
0.192592
0.191496
0.1977
0.194493
0.190826
0.194099
0.190936
0.19688
0.191025
0.191659
0.193182
0.189919
0.196272
0.190523
0.192488
0.19414
0.190882
0.192238
0.191257
0.192621
0.193112
0.192227
0.19288
0.189491
0.193211
0.195157
0.189969
0.190744
0.193323
0.193995
0.196178
0.19175
0.191099
0.193434
0.193303
0.195276
0.191218
0.191652
0.193498
0.193864
0.19503
0.189618
0.191958
0.194398
0.193689
0.194374
0.19035
0.191264
0.19272
0.193939
0.192368
0.191348
0.191363
0.19345
0.191571
0.191487
0.193269
0.189672
0.19719
0.193903
0.189858
0.193041
0.190079
0.194468
0.193687
0.191352
0.192043
0.18972
0.194652
0.193255
0.19039
0.193327
0.191221
0.190898
0.189948
0.193364
0.192847
0.190852
0.190222
0.192166
0.193522
0.195917
0.189849
0.190505
0.193679
0.194352
0.195835
0.189541
0.191456
0.1937
0.19232
0.19661
0.191141
0.190718
0.193733
0.192813
0.19154
0.190052
0.190718
0.193025
0.194548
0.19144
0.193856
0.190767
0.194643
0.192841
0.190025
0.193838
0.190461
0.196198
0.193692
0.191469
0.1935
0.190349
0.19568
0.192405
0.191032
0.193456
0.19077
0.193076
0.190995
0.190583
0.193764
0.190611
0.190707
0.194398
0.190736
0.196365
0.191884
0.190727
0.193994
0.190481
0.196428
0.189936
0.190817
0.194501
0.192464
0.196023
0.189895
0.189975
0.192508
0.19376
0.196681
0.190705
0.188725
0.192602
0.193504
0.191431
0.190304
0.190302
0.192696
0.194204
0.190326
0.193768
0.191397
0.196951
0.194781
0.191692
0.192398
0.190875
0.19732
0.193406
0.190768
0.193383
0.191399
0.196585
0.193254
0.189746
0.193904
0.19128
0.196767
0.192234
0.19029
0.193697
0.189561
0.193097
0.193757
0.191294
0.193658
0.189572
0.189608
0.196394
0.190315
0.195257
0.190459
0.190792
0.196409
0.190363
0.194097
0.189061
0.190407
0.196733
0.190357
0.195415
0.190808
0.19065
0.193276
0.19375
0.193333
0.190946
0.190936
0.194468
0.192868
0.191498
0.190119
0.189979
0.195672
0.193893
0.191128
0.193118
0.189723
0.19561
0.194204
0.191054
0.193487
0.19144
0.195673
0.193248
0.190403
0.193848
0.189972
0.197084
0.193553
0.190211
0.193214
0.191836
0.192269
0.192895
0.189956
0.194026
0.190313
0.190087
0.194871
0.19064
0.195069
0.189965
0.190118
0.195246
0.189902
0.19637
0.190959
0.19103
0.195479
0.189239
0.19639
0.188867
0.190386
0.19631
0.189384
0.191254
0.189894
0.190986
0.193008
0.189541
0.190883
0.191443
0.190118
0.196796
0.192961
0.188832
0.191851
0.189619
0.195994
0.194118
0.190433
0.192718
0.190621
0.195631
0.193322
0.191498
0.193644
0.190994
0.191753
0.193878
0.191277
0.192896
0.190261
0.190379
0.197866
0.19082
0.195912
0.19033
0.190199
0.195597
0.191426
0.195542
0.190409
0.191902
0.197761
0.189618
0.19582
0.1907
0.19164
0.195649
0.190094
0.196186
0.191524
0.191147
0.197387
0.19143
0.195892
0.190634
0.190347
0.195394
0.191309
0.192326
0.191424
0.189443
0.197505
0.191585
0.192185
0.190921
0.191484
0.195541
0.190515
0.19167
0.192456
0.191938
0.198217
0.190567
0.190022
0.194369
0.189987
0.199169
0.190884
0.189821
0.193902
0.190402
0.194619
0.193054
0.191027
0.194659
0.18976
0.196872
0.193374
0.191554
0.194489
0.188693
0.193452
0.192723
0.191508
0.194753
0.190482
0.191123
0.194129
0.190099
0.196045
0.191133
0.191739
0.197236
0.189197
0.194385
0.190469
0.190852
0.196498
0.191055
0.194029
0.190086
0.190047
0.197018
0.190587
0.192853
0.19085
0.189847
0.196311
0.190728
0.190108
0.193538
0.190373
0.198979
0.19041
0.189896
0.1943
0.190266
0.198514
0.190711
0.190521
0.192484
0.189441
0.198289
0.189982
0.189735
0.193853
0.190151
0.193447
0.191572
0.190688
0.193117
0.190274
0.190218
0.193102
0.189064
0.195582
0.189583
0.190152
0.196787
0.191192
0.196226
0.190948
0.189911
0.196792
0.191721
0.196011
0.1903
0.191554
0.195633
0.18982
0.195651
0.190894
0.191045
0.194817
0.189824
0.192351
0.191601
0.190503
0.195312
0.190613
0.19005
0.191669
0.1908
0.197971
0.190777
0.190698
0.193916
0.190397
0.198837
0.190836
0.190822
0.192101
0.191003
0.197742
0.190489
0.189923
0.194374
0.190945
0.19537
0.1892
0.189113
0.194113
0.190453
0.192398
0.192226
0.191645
0.19757
0.190869
0.192035
0.195559
0.190381
0.197355
0.189449
0.189901
0.196141
0.190285
0.196073
0.191027
0.190536
0.196064
0.190562
0.192244
0.191872
0.191062
0.19804
0.189298
0.19151
0.192226
0.191327
0.19683
0.19024
0.190913
0.194232
0.191519
0.200125
0.190754
0.191077
0.193721
0.189581
0.198966
0.19033
0.190907
0.193357
0.189677
0.196804
0.189475
0.189888
0.192885
0.190375
0.196372
0.189426
0.189035
0.193429
0.190675
0.191903
0.193156
0.191589
0.195098
0.190802
0.193625
0.192839
0.18985
0.191184
0.191233
0.191546
0.196012
0.190825
0.196284
0.190367
0.189919
0.196582
0.191103
0.192951
0.190133
0.190262
0.196498
0.189779
0.189504
0.191573
0.191199
0.198266
0.190718
0.19039
0.192819
0.190494
0.198964
0.190127
0.191802
0.19317
0.18918
0.198275
0.189001
0.191091
0.191987
0.190905
0.195353
0.190897
0.189176
0.194153
0.189186
0.194296
0.191871
0.18968
0.197053
0.189921
0.192723
0.193168
0.189065
0.197695
0.191672
0.192873
0.192967
0.190649
0.195471
0.190589
0.193109
0.192839
0.190514
0.192242
0.190363
0.189327
0.196392
0.191822
0.191032
0.191131
0.191686
0.198112
0.190372
0.190469
0.194916
0.189632
0.199209
0.190495
0.189459
0.192127
0.191238
0.19839
0.18915
0.190907
0.185191
0.1912
0.195656
0.190315
0.190693
0.194012
0.191652
0.196655
0.190951
0.190912
0.19452
0.190825
0.192431
0.192534
0.190982
0.195862
0.190188
0.192706
0.193849
0.190075
0.195519
0.190197
0.193826
0.19185
0.190081
0.190508
0.188943
0.192763
0.192821
0.189959
0.189246
0.192276
0.19276
0.194675
0.190842
0.191366
0.193653
0.189887
0.197593
0.191593
0.191304
0.193535
0.192017
0.199139
0.190693
0.191576
0.19354
0.1893
0.197976
0.189653
0.189973
0.191556
0.191284
0.194345
0.191413
0.188176
0.193567
0.188946
0.192057
0.193502
0.190993
0.196364
0.18902
0.193944
0.192346
0.188998
0.195577
0.189023
0.192846
0.193241
0.190202
0.190355
0.191152
0.191854
0.1922
0.188955
0.189521
0.192391
0.192371
0.195425
0.190597
0.19082
0.193219
0.193911
0.19678
0.191329
0.191081
0.192143
0.191285
0.199327
0.190821
0.190737
0.19328
0.191341
0.196113
0.191268
0.189926
0.193876
0.190084
0.194894
0.190452
0.191059
0.193954
0.190374
0.193187
0.193022
0.190325
0.195571
0.189991
0.192822
0.191977
0.190015
0.195873
0.191543
0.193104
0.192258
0.191107
0.193227
0.189304
0.191398
0.193116
0.191153
0.191465
0.191662
0.193097
0.193354
0.189589
0.191449
0.192235
0.193103
0.197089
0.191473
0.190234
0.192462
0.191981
0.19537
0.191738
0.19046
0.192434
0.193917
0.201461
0.190153
0.19088
0.192344
0.19032
0.193256
0.189737
0.190868
0.193653
0.190045
0.192511
0.190867
0.189218
0.195062
0.191306
0.192537
0.19268
0.188424
0.19591
0.190587
0.192588
0.192178
0.189829
0.192584
0.190625
0.191563
0.1923
0.190862
0.189749
0.191736
0.193212
0.196192
0.191418
0.190615
0.193984
0.192828
0.194825
0.190137
0.190137
0.191701
0.193726
0.19676
0.190519
0.190797
0.193067
0.191859
0.191582
0.191183
0.189962
0.192692
0.193561
0.190598
0.192652
0.190844
0.196429
0.195628
0.191385
0.195708
0.192397
0.195714
0.195297
0.19249
0.19827
0.191511
0.197084
0.190854
0.194704
0.196362
0.192114
0.197179
0.190959
0.194803
0.195283
0.192778
0.195934
0.192485
0.196105
0.197547
0.19127
0.194756
0.192602
0.194987
0.196109
0.191006
0.196264
0.191357
0.194434
0.197259
0.191976
0.196913
0.190955
0.194136
0.196063
0.19216
0.191589
0.192558
0.194996
0.196317
0.191693
0.192678
0.196029
0.195697
0.195952
0.191424
0.192684
0.1966
0.194904
0.197309
0.192842
0.191543
0.197582
0.194658
0.197291
0.192739
0.193002
0.196875
0.195652
0.197115
0.192052
0.191863
0.196086
0.196251
0.196095
0.19094
0.192491
0.196597
0.196832
0.195606
0.192039
0.191736
0.196513
0.19469
0.195486
0.1921
0.191371
0.196409
0.194606
0.196621
0.191832
0.191296
0.196037
0.195265
0.197584
0.191327
0.190647
0.197595
0.19397
0.192954
0.192995
0.192011
0.196262
0.192846
0.191572
0.196292
0.191501
0.19613
0.194788
0.192632
0.19743
0.191578
0.197719
0.19278
0.191706
0.197825
0.192123
0.195653
0.193099
0.192452
0.19721
0.191864
0.197959
0.19476
0.192231
0.197145
0.191551
0.195787
0.197581
0.192585
0.195182
0.191149
0.198358
0.19517
0.191871
0.196982
0.191733
0.197224
0.195675
0.192267
0.196114
0.189952
0.189496
0.194001
0.194251
0.196228
0.190444
0.191266
0.196226
0.193412
0.195892
0.191094
0.190575
0.19554
0.195139
0.195871
0.191407
0.191085
0.195798
0.19497
0.196168
0.191279
0.190844
0.19608
0.194554
0.196758
0.19089
0.191853
0.195484
0.193674
0.196322
0.191337
0.189255
0.194164
0.19433
0.191696
0.194381
0.191128
0.195289
0.193275
0.191749
0.195652
0.190926
0.195716
0.194323
0.191746
0.196565
0.191305
0.1977
0.195791
0.191243
0.197303
0.191692
0.196865
0.195623
0.19215
0.197846
0.190058
0.195676
0.192475
0.190149
0.194864
0.190326
0.195394
0.193789
0.189417
0.196018
0.191125
0.195774
0.192682
0.190312
0.194405
0.191003
0.191532
0.19767
0.190164
0.195234
0.190003
0.191761
0.19944
0.190032
0.195371
0.190888
0.190488
0.199674
0.190892
0.195983
0.191052
0.191382
0.195634
0.191634
0.195134
0.190216
0.188975
0.196125
0.194605
0.194478
0.190788
0.190319
0.196252
0.224291
0.195734
0.191867
0.190384
0.196738
0.193739
0.193345
0.190419
0.18899
0.194237
0.193411
0.188753
0.195154
0.190405
0.193858
0.195007
0.229614
0.190654
0.191628
0.196601
0.193591
0.195915
0.191659
0.191172
0.195757
0.194707
0.192201
0.196493
0.19002
0.193054
0.194191
0.189849
0.196339
0.18899
0.194257
0.194262
0.191206
0.194791
0.190477
0.193622
0.1932
0.189486
0.193867
0.18927
0.193848
0.193464
0.190497
0.19534
0.189435
0.190075
0.213645
0.189959
0.195746
0.19059
0.189571
0.19801
0.189591
0.195275
0.189416
0.189678
0.197394
0.188758
0.195252
0.189848
0.190052
0.197984
0.190118
0.19553
0.190436
0.19073
0.197576
0.189138
0.194096
0.189246
0.190214
0.197798
0.18995
0.189499
0.191368
0.190454
0.197845
0.189814
0.19005
0.194675
0.189981
0.194334
0.19273
0.190141
0.195202
0.189559
0.194232
0.19393
0.189435
0.194589
0.188802
0.195223
0.193917
0.189988
0.195126
0.190233
0.19577
0.192926
0.19039
0.195402
0.189957
0.189867
0.199252
0.190886
0.196012
0.190183
0.191115
0.199134
0.190782
0.194446
0.191583
0.190378
0.199234
0.189541
0.195226
0.190685
0.190826
0.197909
0.190002
0.1963
0.191048
0.189487
0.198711
0.190558
0.194564
0.191875
0.191369
0.199272
0.191491
0.197449
0.191594
0.19322
0.220929
0.192675
0.193469
0.191327
0.191663
0.198502
0.19217
0.196297
0.19302
0.1914
0.199625
0.190778
0.197083
0.192409
0.192791
0.198122
0.190931
0.190362
0.195404
0.191372
0.200847
0.190683
0.190195
0.197703
0.191822
0.198006
0.191578
0.191679
0.195985
0.191749
0.199837
0.191485
0.191822
0.195395
0.193074
0.200474
0.19001
0.191782
0.196972
0.191113
0.200405
0.190847
0.192391
0.196947
0.190975
0.199833
0.190719
0.192052
0.197165
0.189966
0.196501
0.208144
0.190693
0.19083
0.191055
0.190244
0.192942
0.191072
0.190453
0.190182
0.190142
0.191774
0.189269
0.194177
0.189851
0.190123
0.193098
0.22046
0.195651
0.191018
0.18883
0.191666
0.189439
0.194296
0.189049
0.18963
0.193214
0.188829
0.189867
0.188069
0.189293
0.19278
0.19002
0.19042
0.189202
0.192652
0.197066
0.190241
0.189338
0.189037
0.189915
0.198198
0.190379
0.18898
0.191063
0.18964
0.191689
0.188555
0.190279
0.190745
0.190068
0.192629
0.190098
0.18866
0.195246
0.190689
0.19008
0.193156
0.189528
0.195082
0.188032
0.188918
0.191826
0.190723
0.191016
0.188972
0.189564
0.190678
0.188823
0.191827
0.189382
0.189537
0.196981
0.189693
0.188887
0.189717
0.189921
0.196401
0.189308
0.189083
0.189882
0.19019
0.197808
0.189846
0.189875
0.191202
0.190178
0.193339
0.19073
0.191403
0.19523
0.191195
0.193687
0.18995
0.190877
0.194854
0.189603
0.192553
0.19123
0.190874
0.194923
0.19049
0.191311
0.192753
0.190449
0.194435
0.190842
0.19147
0.192007
0.188226
0.190652
0.189879
0.190444
0.195936
0.190902
0.189931
0.190379
0.189757
0.197708
0.191249
0.189978
0.190714
0.190209
0.196827
0.190904
0.190575
0.190808
0.191448
0.19802
0.190413
0.190502
0.190825
0.190974
0.193706
0.190187
0.19087
0.193025
0.190509
0.193242
0.191603
0.19114
0.194012
0.190276
0.191681
0.190267
0.191202
0.195723
0.190136
0.192572
0.190567
0.189562
0.191146
0.191472
0.191214
0.192569
0.190858
0.190845
0.189719
0.189307
0.197835
0.190274
0.190335
0.190624
0.190057
0.198518
0.190942
0.190663
0.190777
0.190107
0.197806
0.190154
0.190058
0.191083
0.191142
0.193541
0.188803
0.190858
0.190813
0.189282
0.191282
0.190244
0.191304
0.194762
0.190246
0.194295
0.191005
0.190978
0.194308
0.189924
0.192475
0.190222
0.190317
0.196009
0.190416
0.192513
0.189779
0.191282
0.189933
0.189592
0.19242
0.18935
0.190273
0.190622
0.191126
0.191164
0.196002
0.190579
0.190516
0.19045
0.19094
0.199436
0.190919
0.188819
0.190158
0.190306
0.19856
0.190133
0.189815
0.191352
0.189946
0.192447
0.190621
0.190671
0.194905
0.191892
0.193115
0.190663
0.189661
0.196942
0.18967
0.191961
0.190721
0.189413
0.196168
0.19123
0.192413
0.189853
0.189893
0.19055
0.190515
0.191518
0.191372
0.190015
0.191541
0.190537
0.192476
0.194442
0.190165
0.190596
0.189876
0.190615
0.198488
0.189869
0.189544
0.190563
0.189132
0.197535
0.190303
0.190205
0.190956
0.190299
0.19247
0.191757
0.191679
0.191177
0.190554
0.193907
0.190418
0.190199
0.19444
0.190549
0.192183
0.191057
0.190148
0.194241
0.191213
0.192193
0.189645
0.190543
0.194609
0.190889
0.190912
0.190682
0.189349
0.189916
0.190056
0.193436
0.191464
0.190164
0.189414
0.190317
0.19205
0.196411
0.19093
0.190098
0.191235
0.192792
0.195099
0.190358
0.191231
0.189034
0.193181
0.195775
0.190882
0.190472
0.189575
0.190916
0.193218
0.190579
0.19065
0.190919
0.190393
0.192365
0.190795
0.189304
0.196899
0.190034
0.193152
0.18967
0.190546
0.19533
0.188916
0.191146
0.190856
0.189084
0.190027
0.189738
0.192413
0.190598
0.190786
0.189228
0.190498
0.192983
0.194121
0.190281
0.189658
0.190331
0.194772
0.194646
0.190779
0.191065
0.190957
0.193699
0.194082
0.18979
0.190228
0.190591
0.192945
0.190567
0.189654
0.190822
0.193847
0.191591
0.192392
0.190715
0.190573
0.195961
0.189396
0.193593
0.188762
0.189879
0.196592
0.190496
0.191591
0.189524
0.191544
0.196082
0.189332
0.192842
0.190644
0.191413
0.189139
0.191719
0.191821
0.196576
0.190279
0.190267
0.191241
0.192997
0.195577
0.189896
0.191768
0.189996
0.190914
0.195655
0.19036
0.189265
0.190373
0.193175
0.189508
0.189638
0.191249
0.191723
0.19256
0.191279
0.190892
0.190546
0.196652
0.193368
0.189571
0.175319
0.191154
0.17507
0.175697
0.17505
0.174575
0.176628
0.174126
0.173992
0.175038
0.179048
0.174165
0.174766
0.177688
0.174876
0.174967
0.174446
0.17915
0.174763
0.174767
0.177164
0.187942
0.179361
0.17401
0.174471
0.177212
0.174892
0.173582
0.187284
0.174289
0.177399
0.175031
0.181327
0.177655
0.173517
0.178699
0.190733
0.180848
0.177343
0.173895
0.174798
0.175268
0.177921
0.175054
0.17513
0.180204
0.175051
0.174202
0.173998
0.177182
0.174677
0.175007
0.175968
0.180217
0.174184
0.174525
0.178735
0.174552
0.177273
0.175212
0.175684
0.176014
0.174453
0.174516
0.174133
0.176791
0.174549
0.17407
0.174992
0.186555
0.177999
0.175135
0.17788
0.174971
0.178679
0.179193
0.175069
0.175118
0.17347
0.176399
0.175059
0.191474
0.174563
0.174966
0.174644
0.198569
0.189124
0.176651
0.174621
0.178486
0.173147
0.179072
0.174479
0.174121
0.174117
0.174581
0.176771
0.174112
0.179328
0.180016
0.175343
0.174775
0.172659
0.17535
0.174915
0.174724
0.17436
0.191616
0.173123
0.175105
0.195542
0.174545
0.179501
0.180039
0.175189
0.174864
0.192394
0.178933
0.174068
0.179248
0.174812
0.17446
0.174006
0.173892
0.187058
0.175112
0.179306
0.177033
0.175113
0.174338
0.174489
0.174293
0.175057
0.175318
0.174442
0.176447
0.17366
0.177986
0.174594
0.17919
0.179941
0.19202
0.189026
0.192517
0.18975
0.195626
0.190046
0.191052
0.192818
0.189732
0.194779
0.189951
0.191161
0.192402
0.191684
0.190895
0.189519
0.189606
0.193135
0.189178
0.191194
0.189381
0.190285
0.197404
0.190278
0.190292
0.189686
0.190706
0.199245
0.190925
0.191644
0.191451
0.1885
0.195729
0.192966
0.189846
0.190385
0.18993
0.195544
0.191265
0.187884
0.190701
0.190575
0.190738
0.192516
0.190209
0.196227
0.190209
0.189302
0.19204
0.191017
0.195906
0.189349
0.188757
0.193391
0.189806
0.196271
0.189301
0.190761
0.192791
0.191528
0.191038
0.190029
0.190097
0.192552
0.187855
0.190399
0.190495
0.189642
0.199174
0.190113
0.190054
0.189778
0.19078
0.196537
0.189128
0.189754
0.189246
0.189575
0.195044
0.189696
0.190422
0.190811
0.189617
0.190611
0.191724
0.191211
0.191972
0.189311
0.190984
0.193438
0.189932
0.197657
0.19027
0.190051
0.19306
0.190294
0.194995
0.191021
0.188924
0.192005
0.190215
0.191332
0.191177
0.189205
0.193212
0.19106
0.189908
0.189834
0.189279
0.197789
0.18927
0.190949
0.188058
0.189014
0.197501
0.190597
0.190066
0.190351
0.189349
0.197896
0.189369
0.189507
0.189885
0.191025
0.192937
0.190418
0.189859
0.189459
0.19078
0.189978
0.190846
0.189497
0.196174
0.189449
0.189364
0.192994
0.191024
0.19536
0.189641
0.190765
0.191421
0.190908
0.193578
0.191617
0.190238
0.191879
0.190511
0.196325
0.190202
0.190883
0.192665
0.191222
0.190189
0.190148
0.189486
0.192926
0.190937
0.189977
0.19047
0.190893
0.198023
0.190761
0.189622
0.189732
0.1891
0.198058
0.189756
0.189195
0.190686
0.189646
0.197644
0.190859
0.189726
0.191017
0.190932
0.19714
0.189556
0.191154
0.189889
0.189291
0.193777
0.189888
0.188653
0.190079
0.190018
0.194435
0.191119
0.190507
0.189651
0.190429
0.192358
0.189476
0.190756
0.195394
0.190237
0.193159
0.191019
0.190907
0.195161
0.189429
0.191225
0.190666
0.189415
0.195852
0.188229
0.192102
0.190342
0.189873
0.196097
0.190213
0.191688
0.190263
0.19078
0.195803
0.190004
0.189059
0.192886
0.190224
0.190335
0.190879
0.190193
0.192982
0.190113
0.190541
0.190752
0.189804
0.197785
0.189357
0.189298
0.190926
0.188886
0.197419
0.189531
0.190276
0.189454
0.190185
0.197738
0.190731
0.19105
0.190623
0.19031
0.198855
0.189206
0.18999
0.188852
0.189619
0.193962
0.189155
0.190249
0.195627
0.190151
0.192139
0.190096
0.190468
0.194866
0.190301
0.193429
0.189729
0.19019
0.195993
0.189258
0.192202
0.190122
0.191065
0.1951
0.19003
0.193117
0.190857
0.190579
0.190604
0.190565
0.190106
0.196572
0.189812
0.190754
0.189505
0.190967
0.197212
0.190422
0.189339
0.188959
0.189648
0.197997
0.190353
0.191005
0.191119
0.18952
0.197608
0.190664
0.191017
0.190554
0.189482
0.193002
0.189995
0.188621
0.195272
0.189605
0.191079
0.191051
0.190898
0.195327
0.188325
0.192998
0.188388
0.189465
0.194579
0.191402
0.192699
0.189198
0.188759
0.189876
0.18949
0.192794
0.189569
0.189804
0.189981
0.190285
0.191155
0.19753
0.18977
0.191278
0.190628
0.188288
0.198104
0.188948
0.189707
0.190763
0.191277
0.192102
0.190807
0.190505
0.189182
0.189065
0.193753
0.191231
0.191321
0.19606
0.190572
0.193659
0.18957
0.189258
0.195507
0.188846
0.192907
0.191053
0.190871
0.19672
0.190457
0.193541
0.189008
0.188232
0.195893
0.189502
0.192457
0.188369
0.189092
0.190939
0.190725
0.193309
0.190694
0.189328
0.18953
0.189682
0.193326
0.191439
0.189519
0.190673
0.189554
0.191545
0.195622
0.191516
0.190437
0.191009
0.191358
0.194852
0.189575
0.189895
0.191686
0.190219
0.196598
0.189655
0.19028
0.189299
0.189989
0.19228
0.190255
0.19005
0.195111
0.188984
0.192921
0.188593
0.189558
0.195221
0.19027
0.192765
0.189777
0.19154
0.196162
0.190268
0.192241
0.1911
0.189446
0.191503
0.190481
0.192867
0.191979
0.190238
0.189788
0.190371
0.193617
0.193755
0.188277
0.188664
0.190847
0.193161
0.19508
0.191169
0.190775
0.190797
0.192995
0.196484
0.188745
0.191306
0.189292
0.192108
0.194968
0.190722
0.189135
0.189652
0.19299
0.194517
0.189271
0.189788
0.189908
0.19176
0.19648
0.1905
0.190633
0.190237
0.192885
0.191023
0.187729
0.190367
0.191094
0.193695
0.188548
0.188778
0.188947
0.191546
0.190867
0.19014
0.188722
0.189525
0.190533
0.189494
0.191338
0.190144
0.190862
0.194935
0.189986
0.191062
0.189759
0.190876
0.196039
0.188451
0.191955
0.190969
0.19076
0.195623
0.189147
0.19302
0.189689
0.190383
0.193465
0.189441
0.193087
0.189779
0.188845
0.195463
0.190999
0.191194
0.189773
0.189062
0.194331
0.190135
0.193724
0.187727
0.190519
0.194205
0.189009
0.19282
0.189703
0.190621
0.19417
0.190496
0.192013
0.189856
0.191885
0.196497
0.190192
0.192244
0.189518
0.18964
0.189692
0.190099
0.192891
0.189905
0.18921
0.190486
0.190195
0.192208
0.196049
0.190494
0.188648
0.190236
0.193557
0.195722
0.189902
0.189541
0.189833
0.191024
0.191833
0.190832
0.190507
0.190735
0.192533
0.189457
0.190104
0.19003
0.196307
0.193597
0.189122
0.190844
0.19041
0.19677
0.193718
0.188978
0.191015
0.190102
0.195207
0.191126
0.189621
0.189957
0.188975
0.189515
0.191208
0.193913
0.190934
0.18973
0.189299
0.189784
0.19136
0.195853
0.189592
0.189576
0.189456
0.192197
0.195362
0.189827
0.190342
0.189659
0.193776
0.191437
0.190732
0.19073
0.188821
0.192881
0.190128
0.189163
0.189076
0.193435
0.191495
0.191431
0.189969
0.19049
0.195053
0.192764
0.190496
0.19134
0.191601
0.191007
0.191974
0.187864
0.18963
0.190065
0.189379
0.190296
0.192658
0.194946
0.188975
0.188576
0.190816
0.189889
0.196174
0.189709
0.189745
0.189581
0.191307
0.191257
0.189751
0.190601
0.189527
0.192435
0.189773
0.189629
0.189969
0.19584
0.192624
0.187592
0.190946
0.189747
0.19477
0.192756
0.19101
0.18956
0.189592
0.189813
0.194366
0.190199
0.192093
0.189548
0.192137
0.190437
0.191091
0.195049
0.189748
0.188979
0.19158
0.192687
0.195358
0.190178
0.191232
0.190223
0.192741
0.190925
0.189384
0.190174
0.189447
0.19126
0.18782
0.18892
0.190468
0.19705
0.193015
0.1903
0.190013
0.189693
0.195955
0.192053
0.190972
0.191031
0.189964
0.190047
0.192413
0.19017
0.190933
0.18903
0.191243
0.192187
0.19037
0.196594
0.189906
0.190038
0.192249
0.19021
0.196607
0.191098
0.188742
0.190363
0.192579
0.190513
0.189422
0.190016
0.190416
0.191932
0.190458
0.190139
0.189498
0.195996
0.193052
0.190258
0.189944
0.189817
0.196071
0.192588
0.189532
0.190457
0.190514
0.189609
0.194304
0.191253
0.189579
0.190429
0.190955
0.192973
0.189554
0.196082
0.190293
0.189547
0.192017
0.190421
0.197017
0.191902
0.190066
0.191321
0.19005
0.196704
0.189479
0.190285
0.191052
0.193727
0.191132
0.201551
0.191026
0.191033
0.192616
0.190575
0.189161
0.190815
0.195391
0.191997
0.190982
0.189588
0.190296
0.195173
0.192118
0.189686
0.190886
0.190385
0.19445
0.192821
0.190803
0.189688
0.190134
0.190769
0.192981
0.190759
0.189787
0.189581
0.190685
0.193721
0.190949
0.195724
0.189582
0.191412
0.192713
0.189958
0.194973
0.190379
0.189799
0.191878
0.191352
0.191034
0.188605
0.191272
0.191259
0.190803
0.190944
0.190417
0.19054
0.192542
0.190396
0.191068
0.191015
0.190116
0.195577
0.192697
0.189155
0.189406
0.190649
0.195808
0.192653
0.19061
0.190848
0.189767
0.189845
0.193499
0.190994
0.18965
0.188997
0.190627
0.192248
0.190568
0.194859
0.190419
0.191352
0.193269
0.190191
0.193869
0.190431
0.191315
0.193091
0.190702
0.194662
0.191114
0.190267
0.193443
0.189544
0.190708
0.189773
0.190154
0.192998
0.188432
0.189184
0.190453
0.190249
0.197831
0.190415
0.188846
0.190025
0.189968
0.195351
0.191598
0.190717
0.190152
0.190451
0.195594
0.192191
0.190055
0.191584
0.191125
0.18914
0.19304
0.190599
0.189802
0.190239
0.19066
0.192154
0.189631
0.195359
0.190397
0.191078
0.192192
0.189982
0.193613
0.190171
0.19105
0.193848
0.190042
0.195363
0.189247
0.190747
0.193464
0.191069
0.191727
0.189984
0.190885
0.193195
0.189923
0.189689
0.190418
0.189971
0.198137
0.190545
0.189755
0.191399
0.190527
0.199037
0.191189
0.190946
0.189055
0.191202
0.19702
0.190892
0.189774
0.190981
0.190448
0.196942
0.190693
0.19078
0.191547
0.190261
0.189363
0.191423
0.190465
0.191319
0.189347
0.191078
0.191575
0.18964
0.193425
0.191077
0.191023
0.193901
0.189251
0.19369
0.19026
0.189565
0.193254
0.191162
0.194483
0.1892
0.19011
0.192971
0.19005
0.196175
0.19041
0.189964
0.193476
0.190077
0.191093
0.190129
0.190606
0.193204
0.190291
0.189437
0.190937
0.191263
0.19719
0.189895
0.189612
0.190049
0.190684
0.199123
0.189419
0.190489
0.190391
0.189624
0.196599
0.190735
0.190676
0.18948
0.191137
0.196585
0.189974
0.189725
0.191238
0.188928
0.193492
0.188717
0.190185
0.194659
0.189267
0.189401
0.190952
0.19003
0.193899
0.189527
0.191012
0.1915
0.190769
0.192007
0.189646
0.19092
0.191317
0.190657
0.191239
0.189322
0.190499
0.19216
0.189658
0.189183
0.191229
0.188928
0.197952
0.190291
0.190734
0.190752
0.189053
0.197046
0.189222
0.188843
0.190647
0.18816
0.194
0.190379
0.190124
0.191112
0.190251
0.193787
0.189344
0.188741
0.194599
0.19047
0.191865
0.189514
0.190089
0.193959
0.189558
0.190185
0.193807
0.190451
0.190387
0.190222
0.19012
0.192716
0.189733
0.189966
0.19168
0.190996
0.196704
0.190392
0.190814
0.190203
0.190182
0.197246
0.19024
0.191096
0.190826
0.189849
0.197684
0.190601
0.188982
0.189047
0.190466
0.19317
0.189906
0.190184
0.194561
0.191085
0.192377
0.190056
0.19007
0.19306
0.190356
0.192612
0.19065
0.191404
0.195419
0.189288
0.189981
0.192017
0.190004
0.189328
0.190475
0.189293
0.19219
0.190575
0.190075
0.188905
0.190409
0.196318
0.19053
0.190898
0.191491
0.191056
0.197464
0.190916
0.189501
0.189952
0.191711
0.193432
0.189954
0.190307
0.190208
0.190847
0.192716
0.191614
0.189827
0.194186
0.189109
0.192499
0.189038
0.190352
0.193318
0.191107
0.19227
0.189788
0.190787
0.189806
0.190599
0.1931
0.190269
0.190345
0.190634
0.190424
0.190827
0.198436
0.18953
0.188912
0.191211
0.191406
0.195261
0.189497
0.191033
0.190673
0.188973
0.19697
0.190617
0.189522
0.190795
0.189886
0.192569
0.188945
0.189154
0.193441
0.190258
0.192369
0.189905
0.191064
0.195128
0.1903
0.193617
0.189944
0.1903
0.19507
0.189365
0.192223
0.189815
0.191
0.191478
0.190827
0.192888
0.189961
0.190544
0.190951
0.189336
0.192859
0.194984
0.190164
0.189327
0.191052
0.190281
0.197315
0.1907
0.189423
0.19085
0.188349
0.197429
0.189282
0.189524
0.190272
0.190754
0.192977
0.189716
0.191173
0.194108
0.188653
0.19228
0.190925
0.190581
0.193855
0.189383
0.192221
0.188398
0.191079
0.193628
0.190076
0.193254
0.190165
0.188937
0.190803
0.188452
0.19306
0.192732
0.189978
0.189674
0.190209
0.191824
0.194152
0.190152
0.188959
0.189898
0.190741
0.195861
0.190459
0.19085
0.188552
0.189592
0.19292
0.189411
0.190897
0.194019
0.190297
0.191151
0.191165
0.188757
0.194186
0.188885
0.193381
0.19113
0.190926
0.194658
0.190832
0.19294
0.190316
0.188576
0.188941
0.189204
0.193361
0.188829
0.190333
0.191451
0.191106
0.192139
0.194142
0.18914
0.190797
0.188574
0.193043
0.193669
0.188664
0.188122
0.188757
0.190363
0.192953
0.188807
0.190061
0.194685
0.189306
0.190356
0.189337
0.190888
0.194893
0.189896
0.192944
0.189607
0.189304
0.193468
0.188384
0.19246
0.189993
0.188436
0.190116
0.19083
0.193185
0.19442
0.189143
0.188636
0.189535
0.192201
0.193733
0.189969
0.190378
0.190181
0.192987
0.194832
0.191146
0.189265
0.189866
0.192281
0.188674
0.190188
0.191219
0.198137
0.191022
0.19228
0.195699
0.192801
0.19551
0.190451
0.195106
0.197344
0.192097
0.197638
0.19059
0.195294
0.198067
0.190392
0.196312
0.190281
0.19518
0.197478
0.192729
0.196775
0.191353
0.192492
0.198449
0.190361
0.195926
0.191243
0.193953
0.196929
0.192577
0.19687
0.191523
0.196333
0.198453
0.192059
0.197815
0.191982
0.19449
0.19829
0.190922
0.191145
0.191715
0.195311
0.197222
0.191872
0.189486
0.196703
0.195958
0.197517
0.192099
0.192866
0.196001
0.194936
0.196667
0.192366
0.193478
0.194016
0.195113
0.197578
0.190379
0.19326
0.197697
0.194404
0.194631
0.191431
0.191665
0.198959
0.195685
0.195096
0.192745
0.190718
0.195428
0.196306
0.198189
0.191414
0.191626
0.198564
0.194609
0.196771
0.19198
0.191515
0.197748
0.195827
0.197041
0.191551
0.1922
0.197897
0.195507
0.197294
0.191612
0.191541
0.197925
0.195635
0.198513
0.190624
0.192492
0.197393
0.194054
0.198202
0.192584
0.19303
0.197594
0.194144
0.198132
0.191164
0.191574
0.197763
0.19463
0.198244
0.191733
0.19223
0.198442
0.193626
0.191932
0.192634
0.191986
0.198215
0.194549
0.191923
0.196263
0.191391
0.197941
0.193599
0.191393
0.198588
0.191255
0.196881
0.194277
0.191615
0.197513
0.192302
0.197991
0.195138
0.191356
0.197714
0.191362
0.195805
0.19318
0.192058
0.19804
0.191901
0.1965
0.194392
0.192872
0.197729
0.191284
0.196522
0.194704
0.192491
0.197815
0.191791
0.197886
0.19333
0.191228
0.197192
0.190322
0.198884
0.19483
0.191989
0.198799
0.192638
0.191203
0.195625
0.191198
0.195844
0.191229
0.192515
0.191175
0.192411
0.19549
0.190656
0.190014
0.193427
0.193472
0.195897
0.19132
0.191214
0.194667
0.190929
0.196202
0.189828
0.190393
0.190869
0.194325
0.192568
0.190977
0.189751
0.193818
0.193602
0.189988
0.19365
0.190664
0.194489
0.193599
0.189232
0.193799
0.191269
0.196273
0.193418
0.191002
0.194102
0.189858
0.196345
0.193109
0.190682
0.193788
0.190198
0.193994
0.195981
0.192025
0.193303
0.191123
0.192113
0.192402
0.189286
0.194111
0.189631
0.191178
0.19667
0.189637
0.194891
0.190079
0.189075
0.193335
0.192699
0.19646
0.189401
0.191062
0.193561
0.193264
0.192136
0.190779
0.191473
0.193081
0.19235
0.191657
0.191358
0.191686
0.194848
0.193893
0.191582
0.193823
0.189351
0.195561
0.192847
0.190034
0.19204
0.190896
0.195335
0.192321
0.189661
0.192543
0.189962
0.192112
0.194842
0.191641
0.191998
0.18939
0.188873
0.193101
0.190035
0.194232
0.19189
0.18926
0.196998
0.189283
0.196061
0.191178
0.189865
0.1957
0.190856
0.195476
0.191157
0.189895
0.195188
0.191153
0.195474
0.191089
0.190235
0.193547
0.193248
0.191426
0.190335
0.1907
0.192321
0.193065
0.190119
0.19381
0.191757
0.193898
0.193518
0.190796
0.194202
0.191236
0.19572
0.193781
0.189679
0.193525
0.191706
0.19547
0.192514
0.189483
0.192657
0.189723
0.19322
0.194414
0.190097
0.19143
0.190964
0.189735
0.196113
0.189982
0.196402
0.191508
0.188887
0.195806
0.18896
0.195523
0.191042
0.190624
0.194534
0.188513
0.194277
0.190576
0.190249
0.195353
0.191233
0.193014
0.190913
0.190616
0.195629
0.189834
0.190412
0.192595
0.189649
0.196152
0.192739
0.191106
0.193048
0.191405
0.195722
0.194015
0.190153
0.192093
0.191466
0.194725
0.192811
0.189658
0.192813
0.190734
0.192621
0.194202
0.189867
0.192645
0.190575
0.189069
0.195772
0.190534
0.194692
0.191325
0.190232
0.195719
0.189387
0.195933
0.189639
0.190102
0.194852
0.190754
0.194306
0.189223
0.188813
0.194954
0.190229
0.189758
0.190295
0.189741
0.196408
0.190291
0.190332
0.192194
0.190462
0.198735
0.189437
0.190096
0.192544
0.189314
0.195561
0.192332
0.190185
0.192834
0.190768
0.192451
0.194665
0.191202
0.205935
0.189932
0.192366
0.193916
0.190786
0.19383
0.19128
0.189782
0.195585
0.192285
0.195837
0.189201
0.192083
0.194552
0.189928
0.196454
0.191429
0.189683
0.198141
0.190216
0.194857
0.190215
0.190664
0.194974
0.191195
0.194542
0.189233
0.190416
0.196486
0.191062
0.190109
0.194975
0.191259
0.198163
0.190216
0.191559
0.193556
0.189873
0.198978
0.190023
0.190526
0.192231
0.189107
0.198005
0.192005
0.190859
0.192097
0.191188
0.199987
0.192029
0.190409
0.191374
0.190603
0.195508
0.190762
0.190249
0.193599
0.189609
0.190399
0.195527
0.189327
0.195385
0.190251
0.190673
0.195505
0.189886
0.194651
0.191338
0.191118
0.195391
0.191777
0.196055
0.191
0.19041
0.195195
0.189744
0.192015
0.190056
0.190534
0.19589
0.190684
0.191234
0.19206
0.190577
0.198831
0.191735
0.19139
0.194215
0.189362
0.19961
0.189777
0.189237
0.194671
0.189491
0.197975
0.189648
0.191486
0.191766
0.190046
0.193322
0.192182
0.191319
0.191705
0.191046
0.192078
0.190778
0.190627
0.196875
0.191645
0.1896
0.195231
0.190421
0.194958
0.190547
0.190298
0.195482
0.189927
0.197226
0.189576
0.18997
0.195803
0.19043
0.190549
0.189327
0.190748
0.195093
0.189838
0.191355
0.192573
0.190375
0.198354
0.190316
0.189567
0.192441
0.189825
0.197999
0.189064
0.191043
0.19355
0.189464
0.196629
0.189625
0.189852
0.194639
0.190044
0.191997
0.19152
0.191113
0.195665
0.191634
0.194099
0.192111
0.190843
0.196726
0.190374
0.19342
0.192259
0.190371
0.198002
0.190624
0.190758
0.195462
0.192511
0.19637
0.190181
0.191128
0.195391
0.190225
0.19045
0.190956
0.192067
0.196944
0.190763
0.191847
0.193368
0.190729
0.199035
0.190365
0.190213
0.191064
0.190695
0.199277
0.190231
0.189103
0.193465
0.190031
0.197815
0.190261
0.190602
0.194654
0.192286
0.196433
0.19112
0.190645
0.19227
0.188772
0.191732
0.192473
0.190212
0.195448
0.189934
0.19358
0.194195
0.190251
0.195116
0.189363
0.192316
0.19257
0.190342
0.191666
0.191057
0.193867
0.191408
0.190007
0.190917
0.193075
0.190215
0.198619
0.189024
0.190398
0.19422
0.189194
0.198637
0.191468
0.190953
0.19222
0.190497
0.200002
0.191516
0.190472
0.193555
0.188564
0.196115
0.190795
0.189435
0.192329
0.19101
0.194779
0.191895
0.190726
0.195852
0.189355
0.192002
0.192465
0.190847
0.196227
0.190328
0.194205
0.19262
0.189912
0.19617
0.190666
0.192507
0.193542
0.189131
0.192262
0.190615
0.193089
0.194093
0.189463
0.189852
0.190923
0.191978
0.196491
0.191181
0.19069
0.193257
0.189119
0.197307
0.189424
0.190758
0.193771
0.192001
0.196765
0.189854
0.190849
0.191662
0.189405
0.197573
0.188925
0.189963
0.192174
0.191071
0.19393
0.191964
0.190503
0.19407
0.190836
0.193834
0.192062
0.190425
0.195378
0.192214
0.194301
0.193657
0.189764
0.195733
0.190181
0.192893
0.192529
0.189715
0.193138
0.189848
0.192443
0.19419
0.188837
0.190858
0.193493
0.192918
0.196074
0.19102
0.190795
0.191583
0.192998
0.193168
0.18962
0.191783
0.193654
0.190351
0.198371
0.189918
0.190098
0.192623
0.189838
0.194949
0.191251
0.189344
0.194264
0.188283
0.194662
0.191958
0.190486
0.198021
0.190713
0.192949
0.193386
0.190981
0.195604
0.190199
0.192892
0.191711
0.188648
0.190228
0.190749
0.192544
0.194509
0.190511
0.19125
0.189648
0.192684
0.195094
0.190914
0.188822
0.192028
0.193413
0.1966
0.191672
0.19105
0.193372
0.19295
0.195595
0.191482
0.189151
0.194179
0.19404
0.195773
0.190778
0.189275
0.194824
0.190893
0.194383
0.189782
0.19034
0.194728
0.194775
0.193795
0.190074
0.191315
0.194036
0.191451
0.193402
0.193503
0.191048
0.195906
0.188922
0.192702
0.19352
0.191793
0.195098
0.190325
0.192572
0.192539
0.191901
0.195558
0.189881
0.192923
0.192472
0.190753
0.193784
0.189158
0.193135
0.195059
0.189478
0.191506
0.190661
0.194091
0.196707
0.18886
0.189408
0.194847
0.193978
0.196567
0.19057
0.191283
0.194609
0.19442
0.197186
0.192078
0.190034
0.193544
0.193924
0.195168
0.190654
0.191361
0.194168
0.194188
0.195698
0.189772
0.189188
0.194149
0.193208
0.193379
0.189703
0.190507
0.193261
0.194455
0.189544
0.191307
0.191186
0.193876
0.190513
0.19104
0.191499
0.191014
0.19492
0.192138
0.190013
0.194722
0.191404
0.197277
0.189148
0.191342
0.192704
0.191307
0.194922
0.190404
0.192691
0.192212
0.190163
0.191327
0.194004
0.194939
0.195678
0.190876
0.191102
0.193812
0.19251
0.196129
0.191674
0.191452
0.193232
0.194364
0.196927
0.190701
0.191019
0.194455
0.194674
0.195348
0.190332
0.191857
0.193259
0.192658
0.194098
0.190315
0.190738
0.194598
0.194322
0.191493
0.190687
0.190685
0.193658
0.193886
0.190202
0.193417
0.1905
0.194921
0.194244
0.190884
0.193544
0.191468
0.196642
0.1924
0.190606
0.193372
0.191776
0.19567
0.194606
0.19089
0.192772
0.190553
0.195841
0.191284
0.19006
0.193628
0.191283
0.193532
0.194567
0.189683
0.192669
0.18878
0.191569
0.192768
0.1921
0.196236
0.190048
0.190215
0.1931
0.193871
0.194361
0.190666
0.190809
0.193241
0.192755
0.196913
0.190345
0.191084
0.194492
0.192565
0.192936
0.190895
0.190183
0.19278
0.191882
0.190834
0.193695
0.190921
0.196124
0.193446
0.190488
0.19344
0.190981
0.195766
0.193071
0.191031
0.193941
0.191527
0.194796
0.193743
0.1911
0.193741
0.190675
0.196158
0.192747
0.190293
0.1925
0.190843
0.193517
0.193738
0.190825
0.193124
0.190621
0.190576
0.194589
0.191501
0.196255
0.191014
0.189318
0.193272
0.191865
0.196175
0.191093
0.190965
0.193523
0.191436
0.196649
0.191216
0.191148
0.192817
0.194351
0.193517
0.189656
0.189912
0.192931
0.192785
0.190628
0.191591
0.19018
0.197219
0.192707
0.192112
0.192378
0.190485
0.195547
0.192495
0.189686
0.194041
0.190671
0.197234
0.195463
0.188873
0.193063
0.190287
0.19174
0.192973
0.191593
0.193636
0.189405
0.191312
0.192249
0.188951
0.195032
0.189249
0.19096
0.194787
0.1907
0.195686
0.191324
0.192053
0.194863
0.190525
0.196626
0.189459
0.191075
0.194637
0.191917
0.195745
0.191793
0.191047
0.19401
0.194101
0.194432
0.191789
0.189312
0.1933
0.19488
0.192145
0.191807
0.190159
0.197226
0.194526
0.189688
0.192174
0.190036
0.192918
0.190252
0.187781
0.19118
0.189165
0.191125
0.195849
0.189299
0.192067
0.189737
0.190078
0.1925
0.189607
0.195455
0.190398
0.18949
0.194613
0.191283
0.19788
0.191124
0.190445
0.195774
0.189766
0.195376
0.189303
0.190066
0.195144
0.191223
0.195998
0.18889
0.189753
0.195171
0.190153
0.192952
0.188778
0.189113
0.196665
0.189147
0.189518
0.192284
0.188776
0.195143
0.191096
0.189389
0.193218
0.191055
0.196243
0.194042
0.189889
0.192026
0.188443
0.191322
0.192262
0.189568
0.19128
0.188828
0.189832
0.194915
0.191256
0.196705
0.190963
0.191787
0.197395
0.191382
0.197647
0.190436
0.190531
0.196914
0.191274
0.196385
0.189704
0.190534
0.195378
0.191018
0.196478
0.190674
0.191654
0.19791
0.188072
0.192127
0.189225
0.189966
0.226691
0.188941
0.192173
0.18996
0.190164
0.196502
0.191234
0.190111
0.191415
0.190243
0.199899
0.190726
0.191468
0.193232
0.191858
0.200222
0.191452
0.208102
0.193663
0.191914
0.201927
0.189102
0.190934
0.191916
0.191207
0.195304
0.191629
0.190291
0.192641
0.191085
0.193127
0.190987
0.19064
0.193414
0.190341
0.191847
0.194915
0.191055
0.196502
0.190101
0.189763
0.19379
0.19077
0.196274
0.18893
0.191194
0.196253
0.191108
0.195583
0.189422
0.190914
0.19432
0.189889
0.194102
0.188461
0.191155
0.196471
0.191032
0.191623
0.191838
0.190959
0.198688
0.191836
0.190426
0.192859
0.18984
0.19821
0.190143
0.189948
0.192389
0.192111
0.200499
0.20066
0.19004
0.192203
0.189788
0.197653
0.189254
0.189778
0.191203
0.190584
0.195342
0.189733
0.190827
0.191589
0.190772
0.190793
0.194342
0.221019
0.192996
0.189166
0.190376
0.193736
0.190181
0.195773
0.190488
0.189359
0.195137
0.19113
0.195599
0.190484
0.189642
0.196914
0.191041
0.196294
0.190194
0.191243
0.197814
0.190891
0.193346
0.190903
0.190377
0.196843
0.190888
0.191773
0.189885
0.189766
0.196736
0.189671
0.190891
0.1928
0.19157
0.199056
0.189868
0.189727
0.193165
0.189797
0.197641
0.188937
0.19023
0.194137
0.190469
0.197944
0.188784
0.191309
0.193194
0.189478
0.191574
0.189229
0.190261
0.196442
0.190465
0.193085
0.193435
0.189252
0.196023
0.190784
0.189196
0.195877
0.190405
0.196474
0.189717
0.191663
0.195265
0.189489
0.193511
0.19003
0.191018
0.196349
0.190386
0.190666
0.191902
0.18872
0.198097
0.189886
0.190416
0.191873
0.190896
0.199374
0.190493
0.19032
0.192581
0.191559
0.197387
0.190073
0.191227
0.193744
0.191434
0.196397
0.188883
0.1988
0.192652
0.190364
0.196025
0.190706
0.190367
0.19345
0.190305
0.192316
0.191644
0.190712
0.197316
0.189472
0.193793
0.192665
0.1912
0.195561
0.189665
0.192834
0.191604
0.190334
0.192874
0.189642
0.190162
0.193668
0.189929
0.189938
0.192923
0.18997
0.197363
0.189461
0.19047
0.192514
0.191087
0.197452
0.190842
0.192001
0.193169
0.190654
0.198973
0.189716
0.189671
0.193189
0.190628
0.195951
0.19164
0.190928
0.19321
0.190032
0.19354
0.191621
0.18971
0.194413
0.189846
0.192945
0.193035
0.190579
0.193769
0.191513
0.193311
0.193244
0.19085
0.196415
0.189972
0.192807
0.193332
0.191054
0.191648
0.190511
0.192199
0.191261
0.190216
0.190374
0.192657
0.190297
0.198348
0.191055
0.188884
0.191394
0.191383
0.198145
0.191297
0.190345
0.1927
0.189988
0.197106
0.189319
0.190333
0.193892
0.190584
0.194765
0.189957
0.18868
0.196702
0.190524
0.195037
0.191865
0.189764
0.196227
0.189487
0.192792
0.19267
0.189777
0.196404
0.191659
0.192655
0.193626
0.189991
0.196629
0.190799
0.192119
0.192594
0.190945
0.192504
0.190707
0.193294
0.193521
0.19008
0.189921
0.193283
0.19427
0.194764
0.189382
0.19018
0.193116
0.190643
0.197464
0.188863
0.190664
0.192957
0.191252
0.196819
0.18955
0.189256
0.193001
0.189764
0.193467
0.191358
0.189734
0.193362
0.192015
0.194394
0.190909
0.190678
0.195304
0.191348
0.190733
0.192314
0.190236
0.195464
0.190701
0.193924
0.192632
0.190394
0.192635
0.190814
0.194308
0.19414
0.189531
0.190568
0.191455
0.194059
0.195356
0.191052
0.190474
0.193033
0.191812
0.195144
0.189769
0.190964
0.192865
0.191078
0.195875
0.190248
0.19087
0.193481
0.191613
0.19412
0.189665
0.190094
0.191085
0.18969
0.193212
0.193544
0.190546
0.195045
0.189776
0.191959
0.193757
0.19106
0.195481
0.191166
0.192832
0.1934
0.192373
0.196669
0.189391
0.193133
0.192122
0.190674
0.191103
0.188848
0.192848
0.194299
0.191205
0.191727
0.193346
0.19358
0.19741
0.189389
0.189179
0.192056
0.193168
0.195141
0.188751
0.190797
0.194349
0.19182
0.196764
0.190986
0.190293
0.193293
0.192984
0.194084
0.191552
0.190371
0.193792
0.190799
0.192988
0.19112
0.190243
0.194938
0.191356
0.193537
0.192588
0.190231
0.195718
0.19136
0.192113
0.193692
0.19043
0.197273
0.190208
0.193933
0.191722
0.190277
0.192882
0.189967
0.192843
0.193577
0.190717
0.191302
0.19487
0.192855
0.196581
0.189882
0.190706
0.192895
0.192681
0.197248
0.190775
0.18956
0.194535
0.19235
0.195909
0.191295
0.191911
0.193252
0.193755
0.19096
0.191689
0.18937
0.193023
0.19372
0.189723
0.191724
0.191116
0.195499
0.19315
0.19108
0.19315
0.190659
0.195594
0.190963
0.191756
0.191368
0.189714
0.195795
0.190845
0.193448
0.194019
0.191261
0.192559
0.190968
0.194
0.193287
0.191215
0.190128
0.191764
0.193299
0.197239
0.190191
0.189822
0.191834
0.193251
0.194103
0.189888
0.190622
0.192426
0.193745
0.196385
0.191052
0.191497
0.193901
0.192269
0.195309
0.191748
0.189272
0.194461
0.192606
0.193416
0.190185
0.191563
0.193642
0.193838
0.19062
0.192792
0.190889
0.194336
0.192249
0.190983
0.193341
0.190323
0.195881
0.193789
0.191251
0.19314
0.190689
0.196107
0.193409
0.190117
0.193154
0.190923
0.195896
0.193979
0.190382
0.193975
0.18957
0.191619
0.190664
0.192471
0.193058
0.190101
0.191123
0.192255
0.193243
0.195772
0.192005
0.191215
0.192706
0.193178
0.19534
0.189948
0.191123
0.192732
0.194426
0.196449
0.190721
0.191545
0.193904
0.193057
0.19626
0.190271
0.189038
0.198174
0.194037
0.193048
0.190064
0.191987
0.193015
0.193326
0.190162
0.193792
0.190928
0.19586
0.192356
0.191455
0.193349
0.189651
0.197064
0.192714
0.190327
0.193889
0.191116
0.195618
0.193398
0.190424
0.192789
0.18974
0.196913
0.192891
0.190293
0.19272
0.191092
0.192211
0.192388
0.188791
0.192398
0.191921
0.190599
0.194758
0.190596
0.194643
0.189825
0.191344
0.193256
0.192445
0.197398
0.190803
0.191495
0.19209
0.191989
0.195896
0.189795
0.190678
0.193892
0.19619
0.195313
0.190617
0.189816
0.19264
0.193882
0.192951
0.189964
0.191662
0.193528
0.193346
0.191419
0.193915
0.190221
0.196407
0.192328
0.19059
0.192914
0.190137
0.196306
0.193799
0.190254
0.194075
0.190665
0.196029
0.194141
0.189289
0.192255
0.190126
0.191437
0.192866
0.190922
0.193329
0.191189
0.190344
0.194535
0.18927
0.194529
0.189462
0.190536
0.195973
0.190477
0.196366
0.191008
0.190534
0.195919
0.18908
0.195811
0.190977
0.190461
0.195107
0.190893
0.195479
0.189945
0.191092
0.19253
0.193379
0.192603
0.19136
0.191443
0.192995
0.192658
0.190848
0.193473
0.189489
0.192769
0.193855
0.190326
0.191552
0.190698
0.196335
0.19392
0.190183
0.193091
0.190373
0.19599
0.194387
0.189164
0.193012
0.190466
0.193212
0.194503
0.190838
0.19269
0.189936
0.191557
0.194543
0.18846
0.196997
0.191716
0.190877
0.194708
0.190404
0.194717
0.190417
0.189904
0.194256
0.191426
0.196505
0.189797
0.192054
0.195854
0.189448
0.193666
0.189675
0.189437
0.194594
0.191267
0.188903
0.194091
0.190048
0.195994
0.194613
0.189774
0.192932
0.190958
0.196198
0.191954
0.189936
0.193734
0.19023
0.195293
0.193073
0.190922
0.193572
0.189702
0.193221
0.192031
0.191606
0.192547
0.190531
0.191221
0.195088
0.189438
0.196297
0.191915
0.190802
0.196346
0.189955
0.196766
0.189238
0.190315
0.195977
0.190831
0.196358
0.190178
0.190518
0.195522
0.190386
0.192761
0.190868
0.189467
0.19562
0.190282
0.190339
0.191704
0.189886
0.197979
0.189938
0.190382
0.193755
0.190057
0.196213
0.194376
0.190618
0.191939
0.190096
0.194045
0.192965
0.1904
0.193012
0.189715
0.18985
0.191475
0.191717
0.193037
0.1911
0.190668
0.1949
0.191046
0.1952
0.19127
0.19103
0.194803
0.19006
0.195611
0.191576
0.190886
0.195499
0.191806
0.194851
0.189157
0.190436
0.194926
0.190487
0.193321
0.191368
0.190393
0.19554
0.190943
0.190806
0.19263
0.190295
0.19612
0.190684
0.191103
0.193997
0.189835
0.199448
0.189496
0.190939
0.193223
0.191168
0.198168
0.188597
0.190615
0.193851
0.189551
0.194232
0.192952
0.189989
0.193418
0.190926
0.189541
0.196333
0.1892
0.195591
0.190757
0.188541
0.195786
0.191004
0.195292
0.191317
0.189644
0.194507
0.190243
0.195841
0.190169
0.191168
0.19597
0.191511
0.192687
0.189408
0.190013
0.195586
0.190098
0.190334
0.193291
0.190471
0.198472
0.189967
0.189433
0.193146
0.190688
0.198146
0.189074
0.191551
0.192198
0.189087
0.199388
0.191137
0.189736
0.192418
0.190228
0.192674
0.189676
0.189609
0.196662
0.190386
0.189683
0.195424
0.189454
0.195604
0.190562
0.190597
0.194204
0.191874
0.196321
0.189434
0.189782
0.194576
0.191003
0.192121
0.190002
0.189674
0.196222
0.191051
0.189596
0.192602
0.189296
0.198529
0.189947
0.19024
0.19219
0.189888
0.197619
0.189477
0.191175
0.193235
0.18992
0.197789
0.190931
0.19163
0.193885
0.191262
0.196058
0.190519
0.190407
0.192577
0.190604
0.192982
0.190988
0.19119
0.195898
0.191155
0.191672
0.19169
0.189397
0.195439
0.190394
0.191789
0.195276
0.19073
0.196195
0.189492
0.189048
0.195328
0.189892
0.191665
0.18908
0.189782
0.196113
0.190512
0.191217
0.19191
0.19088
0.199324
0.190463
0.190419
0.192776
0.191104
0.199886
0.190068
0.190206
0.192774
0.189283
0.197589
0.190656
0.19045
0.192332
0.189198
0.193126
0.191226
0.191214
0.194787
0.189849
0.192685
0.192365
0.190369
0.19453
0.191631
0.193624
0.192253
0.19078
0.194975
0.190822
0.19311
0.191136
0.191235
0.197067
0.190715
0.188392
0.194503
0.190848
0.189342
0.191342
0.191215
0.199631
0.189416
0.191195
0.19279
0.189168
0.199336
0.189516
0.189258
0.192946
0.191118
0.198757
0.189726
0.190029
0.191904
0.191916
0.19491
0.189832
0.189156
0.193936
0.19024
0.1926
0.191832
0.191436
0.192118
0.189052
0.192609
0.193186
0.190717
0.194391
0.18866
0.190877
0.192966
0.189984
0.195367
0.189959
0.19315
0.193218
0.191258
0.193511
0.189906
0.191785
0.192566
0.189937
0.189861
0.191876
0.190542
0.196899
0.190594
0.189017
0.19387
0.189339
0.197224
0.189406
0.190975
0.191877
0.191114
0.193817
0.191248
0.191101
0.192615
0.190525
0.194087
0.192672
0.18884
0.195752
0.190845
0.193304
0.193049
0.1896
0.19537
0.18876
0.193863
0.193566
0.190778
0.195687
0.190717
0.192851
0.193168
0.190696
0.192341
0.189793
0.192172
0.193168
0.190308
0.189886
0.190588
0.193216
0.196301
0.19048
0.191058
0.191596
0.19209
0.198195
0.189626
0.191584
0.192726
0.190238
0.198762
0.189792
0.190775
0.19326
0.190686
0.194737
0.188778
0.190774
0.191498
0.190013
0.193843
0.191819
0.191027
0.195388
0.191104
0.192145
0.193354
0.201107
0.194952
0.190684
0.193581
0.19349
0.190445
0.196145
0.188602
0.19126
0.192223
0.191432
0.192303
0.191078
0.194639
0.192988
0.19122
0.191794
0.193966
0.196521
0.193129
0.191843
0.189665
0.190777
0.192341
0.195932
0.189799
0.191449
0.192703
0.191314
0.196629
0.190764
0.188344
0.192774
0.190283
0.195064
0.191556
0.191325
0.1907
0.190714
0.193235
0.19171
0.190987
0.1961
0.189033
0.191693
0.192027
0.18929
0.19631
0.190096
0.19378
0.192045
0.191109
0.194679
0.190751
0.192518
0.193955
0.190162
0.193948
0.190513
0.193526
0.192328
0.191626
0.191905
0.192627
0.192206
0.195969
0.190041
0.189992
0.192407
0.192701
0.195271
0.190479
0.190283
0.193369
0.193332
0.194851
0.189879
0.188929
0.193835
0.193806
0.19352
0.18983
0.189304
0.193039
0.190888
0.191916
0.191933
0.18939
0.195742
0.190786
0.192067
0.192317
0.191249
0.195251
0.190782
0.193698
0.192774
0.19062
0.195592
0.190126
0.193224
0.193928
0.189634
0.192473
0.189634
0.191756
0.194131
0.191066
0.190248
0.193077
0.194218
0.195176
0.190716
0.190558
0.193296
0.192448
0.196131
0.19024
0.189615
0.191732
0.19344
0.196882
0.190917
0.189971
0.192643
0.193376
0.193631
0.190442
0.191591
0.192497
0.19226
0.190562
0.191799
0.190998
0.196888
0.193486
0.19103
0.193465
0.189213
0.194869
0.190343
0.192459
0.192795
0.191792
0.195401
0.189453
0.193923
0.193161
0.190464
0.192809
0.188806
0.192938
0.192802
0.190826
0.190172
0.193577
0.193087
0.196689
0.189678
0.189919
0.192274
0.194322
0.196165
0.189947
0.189544
0.191351
0.191711
0.193143
0.1906
0.190641
0.192559
0.192792
0.189909
0.190561
0.19046
0.195106
0.193022
0.191629
0.194315
0.189313
0.195977
0.194436
0.190078
0.193728
0.190524
0.19294
0.194404
0.190085
0.192169
0.189238
0.192411
0.189926
0.194044
0.19366
0.190521
0.190966
0.194122
0.192738
0.195223
0.188183
0.190905
0.191958
0.194198
0.195984
0.190033
0.190314
0.192868
0.193147
0.196101
0.189453
0.190907
0.192058
0.19247
0.193113
0.190017
0.190291
0.191694
0.19073
0.189765
0.192938
0.190576
0.196112
0.193893
0.189519
0.1938
0.190416
0.196997
0.192244
0.190556
0.191335
0.191822
0.19556
0.193342
0.190255
0.19265
0.189662
0.19007
0.193017
0.189588
0.195039
0.189275
0.190779
0.193093
0.193151
0.194475
0.19017
0.192112
0.192737
0.191892
0.196272
0.191888
0.1914
0.191452
0.193068
0.194312
0.191455
0.190873
0.193918
0.194004
0.19411
0.190983
0.189589
0.19347
0.193978
0.190069
0.194105
0.190074
0.195317
0.195305
0.19027
0.193255
0.191317
0.195721
0.194012
0.189858
0.191801
0.191357
0.195058
0.193651
0.190532
0.191514
0.189433
0.194068
0.193853
0.190563
0.191956
0.190652
0.190181
0.193621
0.189813
0.196735
0.191303
0.192046
0.193192
0.190822
0.196082
0.191318
0.191063
0.194301
0.194531
0.196069
0.190329
0.191086
0.19256
0.193359
0.194513
0.191113
0.189965
0.193064
0.193975
0.191766
0.190551
0.191194
0.196524
0.192324
0.190542
0.193106
0.191614
0.195368
0.191812
0.190786
0.193549
0.192427
0.195864
0.195173
0.190626
0.19399
0.189827
0.193646
0.193985
0.191262
0.194214
0.190798
0.190076
0.195653
0.190506
0.196766
0.191707
0.191332
0.194312
0.190625
0.195798
0.190911
0.190152
0.195864
0.191488
0.194154
0.191394
0.190977
0.196521
0.189619
0.197159
0.191253
0.190606
0.196228
0.191246
0.192571
0.190107
0.189589
0.193615
0.192193
0.189809
0.19206
0.190531
0.1955
0.191261
0.191773
0.193435
0.190976
0.194431
0.192705
0.190953
0.192475
0.190984
0.19489
0.19372
0.191273
0.194114
0.189425
0.193129
0.193624
0.190719
0.193755
0.190543
0.19081
0.195714
0.190687
0.195899
0.190793
0.191082
0.195788
0.189466
0.195929
0.189286
0.191045
0.194879
0.191379
0.196031
0.190907
0.190498
0.196123
0.19066
0.193026
0.191197
0.190653
0.195933
0.190644
0.19392
0.191575
0.191198
0.194758
0.190663
0.189771
0.192251
0.189221
0.195796
0.192615
0.190217
0.193582
0.189543
0.196582
0.193904
0.19075
0.194154
0.190967
0.195596
0.193439
0.190769
0.192296
0.189664
0.192861
0.1941
0.189822
0.193126
0.18917
0.189751
0.195356
0.191599
0.196679
0.191188
0.191319
0.196744
0.191205
0.197344
0.190396
0.191551
0.196315
0.19026
0.193731
0.189616
0.189557
0.193923
0.189007
0.192313
0.190983
0.190395
0.196534
0.19119
0.193693
0.190285
0.189796
0.19437
0.189849
0.189566
0.19178
0.188662
0.196894
0.189297
0.188686
0.19197
0.189802
0.1974
0.188665
0.189296
0.191513
0.189264
0.192479
0.191045
0.189278
0.192349
0.189033
0.188619
0.193013
0.189284
0.196795
0.190643
0.191423
0.19688
0.190358
0.194523
0.189269
0.188932
0.194384
0.189203
0.193702
0.189345
0.189165
0.194509
0.188565
0.188949
0.189667
0.189786
0.198709
0.189203
0.188238
0.191751
0.189082
0.197307
0.189638
0.187795
0.192587
0.191466
0.200078
0.189524
0.190753
0.193934
0.190263
0.198743
0.190956
0.190118
0.191654
0.188542
0.192182
0.188926
0.188296
0.194618
0.18929
0.191475
0.196329
0.191132
0.196879
0.191131
0.191416
0.194581
0.189386
0.193341
0.191346
0.190746
0.197034
0.191385
0.210273
0.189538
0.190279
0.194538
0.188846
0.192743
0.188104
0.188468
0.194392
0.189218
0.190834
0.187927
0.189363
0.19455
0.187222
0.187692
0.19294
0.190198
0.198474
0.190285
0.191607
0.193019
0.191574
0.199309
0.192012
0.190732
0.193557
0.18969
0.19927
0.19053
0.189771
0.193426
0.19114
0.195957
0.188923
0.190863
0.193732
0.189045
0.192425
0.190698
0.189989
0.196385
0.189001
0.189447
0.195127
0.188848
0.195205
0.189809
0.189118
0.193561
0.188953
0.191217
0.190047
0.192541
0.207889
0.191321
0.194747
0.191099
0.190849
0.196908
0.190223
0.188258
0.190229
0.188977
0.197774
0.189857
0.187759
0.192004
0.189443
0.198622
0.188805
0.189642
0.192959
0.190633
0.195737
0.18928
0.187962
0.19251
0.190092
0.193854
0.194051
0.190723
0.196268
0.191061
0.194161
0.193116
0.190759
0.196821
0.189605
0.193119
0.191929
0.189061
0.193984
0.187813
0.189658
0.194096
0.18914
0.203353
0.188858
0.190104
0.192875
0.188587
0.18833
0.189305
0.189158
0.19847
0.190446
0.189875
0.193922
0.191048
0.199092
0.190157
0.190494
0.193358
0.191238
0.199438
0.221345
0.18736
0.191797
0.188073
0.197525
0.189544
0.189166
0.192923
0.189051
0.194672
0.189459
0.189627
0.191831
0.188937
0.191086
0.192508
0.190367
0.196099
0.189112
0.19386
0.19413
0.19085
0.196705
0.191882
0.194595
0.193023
0.191085
0.196001
0.190044
0.192422
0.192575
0.189509
0.193597
0.191179
0.193344
0.19678
0.190669
0.190996
0.192942
0.190775
0.198466
0.19089
0.190824
0.192011
0.189731
0.220458
0.188609
0.188072
0.192453
0.189468
0.198013
0.18971
0.189925
0.191917
0.189159
0.196782
0.189722
0.189154
0.191401
0.188441
0.194305
0.207707
0.189132
0.191685
0.188418
0.193547
0.192087
0.188587
0.195737
0.189592
0.193129
0.189116
0.189477
0.194696
0.190696
0.193662
0.189847
0.188618
0.194615
0.189037
0.191947
0.189368
0.1887
0.189186
0.188129
0.191406
0.194927
0.18912
0.189159
0.188809
0.189124
0.196129
0.189081
0.190396
0.190796
0.189622
0.213563
0.190379
0.189924
0.190095
0.190217
0.193435
0.189961
0.190121
0.190454
0.190215
0.193732
0.190898
0.189715
0.195037
0.189744
0.191296
0.195065
0.189565
0.19366
0.188362
0.191958
0.188413
0.188664
0.189924
0.188956
0.192416
0.190546
0.187171
0.187938
0.188716
0.191791
0.193437
0.188835
0.187367
0.188412
0.187916
0.196272
0.188541
0.18957
0.189389
0.189706
0.190881
0.189199
0.199089
0.196318
0.191082
0.194967
0.195598
0.192283
0.19693
0.19161
0.195087
0.197939
0.191001
0.195398
0.189692
0.195743
0.197349
0.190351
0.196162
0.191144
0.195872
0.22371
0.192169
0.197262
0.192718
0.193881
0.196805
0.191197
0.198263
0.1927
0.193959
0.195616
0.192337
0.196768
0.191831
0.193976
0.195029
0.190543
0.196459
0.19231
0.195478
0.196796
0.189597
0.196564
0.189849
0.195758
0.196312
0.19161
0.195263
0.191604
0.195248
0.196842
0.192153
0.192046
0.1963
0.205126
0.196997
0.19173
0.192317
0.19562
0.19531
0.195771
0.19152
0.190698
0.196366
0.193002
0.195924
0.191166
0.190207
0.194928
0.193333
0.196574
0.192218
0.191042
0.197377
0.1939
0.194886
0.191403
0.190195
0.19461
0.194454
0.1954
0.190919
0.191469
0.196005
0.193404
0.196328
0.192022
0.191152
0.19575
0.194729
0.192144
0.191224
0.190393
0.197047
0.19551
0.190671
0.19548
0.191905
0.196561
0.193872
0.192673
0.196094
0.192265
0.196885
0.191672
0.193609
0.196552
0.192702
0.195028
0.190809
0.194363
0.196809
0.191133
0.197047
0.190264
0.194349
0.197547
0.192521
0.197641
0.191134
0.194069
0.197048
0.192163
0.19554
0.19196
0.19394
0.196836
0.190995
0.196086
0.190412
0.194792
0.197136
0.191436
0.189675
0.195285
0.194553
0.1951
0.189788
0.190525
0.19567
0.197092
0.196738
0.190847
0.190237
0.196315
0.19394
0.196586
0.191562
0.192421
0.196618
0.195393
0.19696
0.192377
0.191589
0.195972
0.195836
0.194815
0.193012
0.192653
0.197072
0.192923
0.196589
0.191964
0.191709
0.19598
0.194697
0.19726
0.191732
0.192135
0.195327
0.194806
0.190656
0.195468
0.192787
0.196621
0.193083
0.18957
0.196039
0.190907
0.196748
0.192701
0.19028
0.197104
0.191436
0.196687
0.19278
0.19228
0.196628
0.191518
0.195897
0.196258
0.191739
0.196244
