0.261921
0.0050454
0.0231312
0.0839707
0.192398
0.431922
0.0248896
0.00022018
0.0246301
0.0890037
0.00113827
0.0688764
0.00383313
0.132598
1.32497
0.0884407
0.10937
0.0297113
0.110392
1.53837
0.482096
0.0126016
0.0436034
0.00532413
0.0585247
0.0129995
0.457756
0.0873801
0.0752108
0.0250251
0.179022
0.0418823
0.810071
0.123113
0.891786
0.88012
0.324574
0.284849
0.147682
0.0249691
0.437173
0.357417
0.817764
1.17588
2.83043
0.0567992
0.159589
0.0345258
0.0323681
0.276038
0.0999984
0.308491
0.064587
0.0334768
0.0342647
0.0764798
0.296417
0.0014926
1.07603
0.21017
0.00155242
0.0302393
0.0310035
0.292734
0.00960949
0.904355
0.0346731
0.126148
0.00316198
0.00781806
0.0149626
0.0375337
0.319015
0.0387243
0.00340887
0.27232
0.134248
0.00103969
0.00828279
0.289405
1.43274
0.0177036
0.0451158
0.204739
0.363
0.0289278
0.807877
0.00150725
0.00146448
0.267923
0.107532
2.01715
0.143684
0.0538732
0.0484176
0.277843
0.289796
0.818434
0.987059
0.323914
0.0116968
0.180723
0.110445
0.173641
0.063726
0.050803
0.0640216
0.154297
0.0420158
0.119501
0.0449758
0.523143
0.0803625
0.288418
0.094388
0.280824
0.500989
0.0340049
0.0839443
0.00198883
0.208754
1.95741
0.0209516
0.686036
0.811445
0.191442
0.0998201
0.0225028
0.197657
0.0355634
0.0323879
1.87657
0.267595
0.052482
0.104414
1.13325
0.481538
0.205345
0.00314484
0.00352364
0.719407
0.0359422
0.254209
0.0799099
0.0965452
1.00649
0.0915478
0.0467994
0.00647791
0.000921086
0.135811
0.0306096
0.113326
0.0556587
0.0568659
0.321591
0.00711309
0.206578
0.717545
0.192041
0.040067
1.17255
0.0884203
0.656217
0.550324
0.206904
0.00771025
0.904195
0.0456633
0.0297711
0.821846
0.0273042
0.186389
0.143936
0.0736384
0.134373
0.0939848
2.25444
0.0323412
1.00207
0.00353786
0.00749211
0.0135344
0.000232296
0.907137
0.0740404
1.0523
0.655143
0.0309543
1.29165
0.387239
0.18621
0.0585398
0.422603
0.0171001
0.0452804
0.00456568
0.519661
0.0747755
0.0639448
2.03158
0.036039
0.549531
0.0818798
0.0496364
0.112908
0.2517
0.324725
0.139973
0.0469448
1.75693
0.0366521
0.396268
0.485404
0.467637
0.384764
0.312073
1.25275
0.0294449
0.87833
0.0298391
0.523562
2.06442
0.189671
0.0369071
0.0241594
1.00913
0.902505
0.125496
0.05879
0.00219663
0.334275
0.0611892
0.0809425
0.203732
0.0586343
0.137239
0.238713
0.125632
0.0494015
0.0831982
0.0420418
0.413136
0.283518
0.221409
0.501946
0.798234
0.0591365
0.0217653
0.123838
0.180128
0.00155943
0.372278
0.00104885
0.000725585
0.0956324
0.00235505
0.0293253
0.00212044
0.103901
0.0152755
0.0364096
0.0138745
0.00865942
0.0357435
0.171928
0.152715
0.0682325
0.00340065
0.00643306
0.216847
0.00787479
0.132121
0.00389316
0.123932
0.00655332
0.389712
0.0529278
0.473789
0.287788
0.000873815
0.347272
0.332072
0.0499639
0.00603014
0.0593823
1.88849
0.0528141
0.792814
0.234763
0.0169632
0.115317
0.631077
1.56922
0.166063
0.616053
0.2218
0.00777777
0.252336
0.00225366
0.110938
0.293676
0.510205
0.060944
0.202931
1.43139
0.00469414
0.480158
0.00334999
1.16858
1.77949
0.144953
0.122927
0.0384021
0.2671
0.101626
0.792343
0.0330085
0.07747
0.0414019
0.0471288
0.184326
0.383716
0.086962
0.0570096
0.6099
0.190399
0.259808
0.0116305
0.0673844
0.11574
0.205503
0.00389194
0.00847248
0.288618
0.114185
0.144793
1.46862
2.37405
0.00188097
1.87481
0.429572
0.264568
0.00873197
0.160423
0.0732231
0.00561448
0.219905
0.878385
0.129364
0.0746794
0.0836646
0.0368676
0.212274
0.234147
0.0364634
2.19186
0.0335847
0.232894
0.4183
0.00141888
0.249516
0.738811
1.42674
0.297319
0.921376
0.0143238
1.22697
0.00170182
0.0828067
0.385049
0.396464
0.00754827
0.0888895
0.00392396
0.285099
0.199573
0.464795
0.0612757
0.000570609
0.0395035
0.505788
0.128207
0.161429
1.83081
0.153452
0.082474
0.649683
0.683402
0.494485
0.152231
0.00168002
1.34789
0.0942771
0.688089
0.840026
0.0477152
2.06705
0.011736
0.00217484
0.61466
0.583024
0.0646288
0.0367283
0.479144
0.288626
0.851088
0.011347
0.100356
0.13574
0.0593056
0.0886062
0.0159525
0.193313
1.28446
0.0530878
0.0476957
0.103654
0.0650227
1.18047
0.939696
0.277164
0.344516
0.00992498
0.0622897
1.49227
0.399617
0.121446
0.135088
0.34158
0.081958
0.223959
0.10103
0.0266761
0.54886
0.293486
0.730693
0.432601
0.0736726
0.346266
0.0132188
0.0379148
0.0102601
1.43993
0.600399
0.388665
0.408114
0.154489
0.078407
0.381201
0.556264
0.181825
0.164952
3.35767
0.00235936
0.0200037
1.04464
0.0500935
0.223318
0.364524
1.81892
0.00296902
0.0873946
0.936051
0.187073
0.0334709
0.505994
0.0193939
0.0690673
0.0221283
0.981148
0.0459136
0.414042
0.497586
0.112129
0.175672
0.00133382
0.587633
0.975933
0.045352
0.00200489
1.49834
0.104308
0.133024
0.409321
0.160289
0.0775384
0.014282
0.429731
0.0166616
0.00177559
0.836223
0.0168571
0.0865885
0.0361427
0.0663216
0.0493099
0.230938
0.00340343
0.114067
0.659579
0.161111
0.322264
0.00756519
0.0725898
0.128591
0.00935181
0.034138
0.00625787
0.334061
0.0145471
0.735818
0.151484
0.0621476
0.00522442
0.020125
0.0108354
2.79624
0.0342847
0.155016
0.0306054
0.106781
0.0107174
0.00522877
0.092434
0.0195668
0.00872635
0.0267951
0.425021
0.0190785
0.0450236
0.0954089
2.96392
1.05102
1.77548
0.000212293
0.0189053
0.240099
0.0397732
0.0777401
1.0475
0.116973
0.490684
0.0180472
0.00568113
0.361416
0.0196732
0.752855
0.575739
0.303848
1.48529
0.755208
0.0146541
0.0109916
0.00691536
0.205857
0.0255412
0.0488081
0.00145003
0.0184273
0.511594
0.00295373
0.0216789
0.00971196
0.0440453
1.41679
0.271377
0.106245
0.00411612
0.114662
0.256403
0.00483219
0.000734404
0.00446094
0.418044
0.00173798
0.0524331
1.1236
0.0285317
0.478214
0.00717295
0.5511
0.00181518
0.00839044
0.354974
0.131769
0.00250427
0.615366
0.631447
0.000887308
0.0325371
0.0105007
0.733369
0.00230233
0.00681667
0.167237
0.0210968
0.0945136
0.025286
0.00271629
0.000904548
0.00148146
0.00273447
0.00507873
0.58672
0.034412
0.0112714
0.00216432
0.0155233
0.00722006
0.00629502
0.00100341
0.124254
0.162375
0.00558893
0.0469244
0.0619166
0.00297166
0.0113777
1.96855
0.0203872
0.00132153
0.000827112
0.010027
0.0302506
0.0734025
0.027377
0.00496524
0.0458574
0.00757853
0.0028855
0.0333813
0.691307
0.380715
0.0218452
0.0178446
0.0123835
0.02961
0.0244345
0.0470596
0.00671045
0.0479431
0.0462406
0.127186
1.37309
0.0473507
0.0271241
0.0232668
0.00339668
0.0716733
0.190528
0.00149014
0.0344792
0.109654
0.476071
0.0515507
0.00579972
0.0155174
0.0230948
0.0197471
0.169454
0.00206992
0.60122
0.173325
0.431081
0.0599229
0.289172
0.0153803
0.0910253
0.0430523
0.574369
0.563963
0.534013
0.848671
0.00235033
0.0423473
0.0233794
0.0190187
1.51232
0.00770971
0.0447386
0.437497
0.0160942
0.0112671
0.0901891
0.741647
0.0963463
0.0400521
0.0227368
0.00735524
0.0345336
0.136232
0.0390131
0.159688
0.0855804
0.00663851
0.0312391
0.036759
0.0886051
0.372324
0.0962976
0.00967384
0.000343193
0.01863
0.304736
0.00151955
0.688504
0.0483634
0.191074
0.000743799
1.75606
0.56026
0.00491861
0.11345
0.188256
0.129045
0.0524573
0.00209127
0.963788
0.0767457
0.368641
0.00645105
0.00351843
0.864232
0.374339
0.35942
0.010381
0.00974624
1.1626
0.555193
0.731111
0.0374438
0.588194
0.0474454
0.0903926
0.411663
0.416536
1.29855
0.017492
0.11634
0.0735578
0.00584343
0.122151
0.314591
0.049168
0.241342
0.12418
0.380113
0.274426
0.0247675
0.0157065
1.22527
0.00773897
0.088018
0.0363607
0.529062
0.57877
0.627794
0.272593
0.0830744
0.0801796
0.00110169
0.601437
0.0356899
1.30588
0.245776
0.191288
0.107554
0.248712
0.134126
0.962647
0.0590016
0.256201
0.228833
0.0062956
0.0294262
1.23629
0.00658069
0.107557
0.180476
0.0282413
0.0246523
0.00502258
0.15135
0.0391826
0.0548226
0.0226338
0.148689
0.765317
0.00827278
0.314796
0.423551
0.116119
0.281401
0.468674
0.783855
0.0415344
0.836805
0.00404313
0.162657
0.0522594
0.00994767
0.202697
2.23702
2.7458
0.271919
0.0559492
0.63503
0.0145928
0.26351
0.0913952
0.256628
0.289222
0.400913
0.0193505
0.029516
0.0159904
0.241027
0.00330947
0.226104
0.341696
0.101909
0.0667468
0.182419
0.00349606
0.0294764
0.237987
0.00751621
0.0129769
0.0033826
0.0823974
0.417735
0.387322
0.0152301
0.196029
0.117175
0.0160455
1.1397
0.23722
0.314218
0.00135788
0.726931
0.0171413
0.84013
0.00688865
0.117989
0.0219164
0.363643
0.00365126
0.0293731
0.19361
1.05457
0.0557145
0.000404427
0.26261
0.064941
0.416912
0.285324
0.659127
0.81285
0.106415
0.00298492
1.24866
0.000230583
0.256725
0.360934
0.19599
0.0831706
0.0147081
1.49945
0.725665
0.685552
1.16284
0.684862
0.0252026
0.0587656
0.0713179
0.0305026
0.00552104
0.017786
0.12894
0.00124946
0.123696
0.0238236
0.329254
0.0135254
0.105037
0.0251843
0.143834
0.575885
0.225916
0.276208
0.00118787
0.00600255
0.00380081
0.00388932
0.137623
0.489261
1.33528
0.712877
0.201826
0.201999
0.0115913
0.0784557
0.204618
0.0104115
0.00823504
0.220742
0.00699258
0.235761
0.00648141
1.87706
0.587439
0.0029362
0.0207541
0.140363
0.108851
0.322197
0.0079772
0.00804055
0.0488932
0.358366
0.00383429
0.403317
0.0297034
0.21058
0.00254353
0.00501007
0.633757
0.190688
0.0198347
0.344686
0.37549
3.19548
0.148753
2.05721
0.23063
0.689576
0.00244734
0.024312
0.0349381
1.68787
0.342523
0.167506
0.00613589
0.00324226
0.155344
0.0623135
0.151533
0.31351
0.176533
1.01203
0.394556
2.00776
0.0174729
0.0279459
0.0735952
0.0927642
0.0137128
0.0897123
0.139245
0.496407
1.06966
0.0523048
1.07988
0.00470181
0.31751
0.800283
0.922672
0.0625418
0.363255
0.197457
0.534176
0.135641
0.222754
0.0042946
0.00515147
0.222665
0.0169918
0.294831
0.210774
0.00171924
0.476075
2.61835
0.0152456
0.00801703
0.0133367
0.175262
0.225588
0.341165
0.296463
1.0136
0.00675732
0.071537
0.231531
0.409564
0.0648712
0.913125
0.305234
0.417975
0.121345
0.128565
0.0156478
0.33302
0.069939
0.216949
0.00372135
0.358357
0.0545132
0.246848
0.04165
0.276725
1.88528
0.00351254
0.0944005
0.125798
0.104312
0.0626194
0.263941
0.0713659
0.112319
0.195444
0.0265402
0.0133566
0.0135966
1.17963
0.210602
0.129867
0.00683244
0.0342974
0.130229
0.253213
0.567625
2.15139
0.242746
0.0404073
0.00349153
0.042001
0.129658
0.0708052
0.0573844
0.829418
0.108674
0.500547
0.132668
0.226918
0.00029896
0.176789
0.00606304
0.00687599
0.566847
0.412314
0.0818259
0.0302859
0.504252
0.782633
0.480136
0.177827
0.158859
0.721204
0.00310848
0.0284062
0.00799468
0.00419623
0.0143254
0.0470876
0.422735
0.427997
0.000943199
0.00665593
0.197122
0.462379
0.0397791
2.14902
0.281947
0.0452353
0.113191
0.469143
0.438794
0.848828
0.00777878
0.126579
1.04791
0.00348012
0.021562
0.00955838
0.263358
0.452658
0.00544771
0.093269
0.0386958
0.0179998
0.0325084
0.00765668
0.242198
0.0424812
0.00924716
2.06196
0.00336648
0.431973
2.41194
0.490591
0.0239785
0.0423234
0.119575
0.00422073
0.104799
0.0109048
1.18054
0.042345
0.0350035
0.017216
0.104711
0.10414
0.132075
0.000804858
0.00872634
0.440563
0.0058993
0.476012
0.0030269
0.00361769
0.0888797
0.430306
0.00976849
0.289938
0.00492653
0.019438
0.192353
0.0409561
0.303737
0.12926
0.0281236
0.0756089
0.272279
0.011307
0.0245796
1.67978
0.006216
0.0230303
0.184843
0.0236408
0.00186558
0.00497283
0.0327711
0.00514252
0.0013328
0.366354
1.62961
0.744774
0.0444695
0.13888
0.00503819
0.0160898
0.150717
0.187038
0.0135841
0.225492
1.11194
0.26317
0.238773
0.0076529
1.17105
0.00865967
0.0464603
0.017516
0.108471
0.164194
0.0106852
1.42528
2.10289
0.264765
0.230663
0.00992676
0.0270947
0.0189883
0.198113
0.0111393
0.132492
0.55588
0.00793137
0.131054
0.917742
1.98795
3.02909
0.0495261
1.53523
0.0515812
0.275568
2.88301
0.0333981
0.755109
0.0362294
0.00792436
0.000261166
0.216576
0.515467
0.094187
0.0115413
0.644733
0.750578
0.0506702
0.251922
0.112091
0.00785972
0.118278
0.00427358
0.18088
0.221326
0.16194
0.0108616
0.154847
1.61704
0.00442562
0.0202131
0.0232398
0.0250355
0.343494
0.320259
0.175248
0.118577
0.0679646
0.0241625
0.00996416
0.000826563
0.247384
0.0558189
0.0499025
0.882398
0.030323
0.0511606
3.04545
0.0752763
0.00311026
0.422029
0.0169441
2.05236
1.12824
1.96775
1.84733
0.0162917
1.7472
0.0163963
0.00211697
1.63558
0.268721
0.001375
0.0536603
0.192013
0.627167
0.148899
0.144529
0.380199
0.121586
0.689136
0.216214
0.0844827
0.578162
0.27889
0.641098
0.0853218
0.330482
0.017103
0.46654
0.262036
0.477199
0.267402
0.116228
0.549759
0.28254
0.436532
2.12962
0.387744
0.213468
0.187454
0.200785
0.467324
0.0381763
0.138625
0.197136
0.871551
0.429615
0.902873
0.176832
0.287335
0.769337
3.23148
0.246619
0.0164718
0.384776
0.461288
0.103951
0.24447
0.502563
0.25942
0.00473622
0.675865
0.30423
0.285785
0.126229
0.149137
1.04138
0.00475696
1.52655
0.189051
0.203121
0.576633
0.110066
0.568402
0.00921214
0.0731823
0.0768437
0.495963
0.110136
2.82051
0.07349
0.0233377
0.480312
0.599597
0.00134038
0.200599
0.245604
0.118151
0.0108908
0.480807
0.00690308
0.0146054
0.00912822
0.00228781
0.578192
0.0672993
0.227715
0.00464206
0.0412737
1.77603
0.0334188
0.0245465
0.149151
0.122145
2.41615
1.83312
0.128615
0.197696
1.49536
0.748298
0.270364
2.05416
0.00464684
0.00172107
0.0793442
1.65614
0.184498
3.36506
0.0840065
0.157617
0.185918
0.00895663
1.73448
0.0476577
0.119301
0.74193
0.0436532
0.37899
0.298399
0.181975
0.0174971
0.258203
0.238206
0.547712
0.167089
0.166293
0.327651
0.0376065
0.457245
0.0337524
0.0841981
0.135608
0.298979
0.627158
0.0189393
0.00796158
3.00966
0.0240469
0.0218049
0.95004
0.147923
0.264023
0.198565
0.565006
0.794779
0.0721804
0.07939
0.106757
0.00511767
0.477419
0.233465
0.604123
0.255259
0.744326
0.0222556
0.00103864
0.106364
0.156036
0.693856
1.21359
0.402727
0.585004
0.0952661
0.189633
0.178206
0.467446
0.487956
0.00782032
0.157606
0.289597
0.727619
0.870097
0.0150698
2.01396
0.0304397
0.214717
0.0071558
1.63168
0.0263285
0.868067
0.246266
0.406055
0.7854
0.277585
0.580146
0.00250548
0.62895
0.0782018
0.288143
0.334819
0.0736064
0.548711
0.00798363
0.0850268
0.00540072
0.384913
0.218885
0.57473
0.391375
1.0087
0.403665
0.0972882
0.00396986
0.5853
1.23816
0.0179182
0.0465176
0.0800811
0.204675
0.100527
0.611714
0.0191867
0.572485
2.00137
0.207589
0.127184
0.301888
0.166486
0.194559
2.7561
0.12086
0.95711
0.010009
0.0896608
0.246162
0.749447
0.275934
0.611791
0.0277226
0.0148538
1.38942
0.284264
0.231273
0.00347136
0.0223681
0.174336
0.0609679
0.0214472
0.0611223
0.0484679
0.00328062
0.00277215
0.0726742
0.080201
0.0523944
0.0363538
0.0762496
0.194688
0.00317672
0.049261
0.00838928
0.0024182
0.00167625
0.0432467
0.360285
0.00289503
0.00524155
0.0239105
1.65513
0.557473
1.21863
0.113841
0.00374364
0.00510905
0.00338415
0.00589677
0.205653
0.00367584
0.00374929
0.15518
0.670876
0.0123207
1.10928
0.0584691
0.969647
0.169941
0.1771
0.317713
0.244389
0.316013
0.255311
0.325597
0.223643
0.718523
0.299503
0.312138
0.025006
0.128912
0.422971
0.00144898
0.115751
0.0101158
0.0248879
0.375594
0.929562
0.336023
0.0273771
0.142695
0.165706
0.0370084
0.0836155
0.126075
0.0230052
0.0426158
1.62069
0.00598011
0.115019
0.652912
0.00607592
0.0207292
0.123322
0.198349
0.0119123
0.0881225
0.0249741
0.282468
0.608056
2.66434
0.0675491
1.17621
0.0443122
0.092083
0.0864749
2.39881
0.30759
0.62757
0.563074
0.892746
0.0910313
1.64878
0.185719
0.0204451
0.0500018
0.0315358
0.0186247
0.0162071
0.171235
0.00300134
0.0232782
0.895414
0.00296239
0.434855
0.087324
0.154033
0.00522425
0.0973443
0.0640098
0.0702849
0.0552146
0.0672804
0.0159719
0.0267474
0.0329859
0.0121424
0.0283943
0.28216
0.0939239
0.0161101
0.242422
0.0323837
0.194388
0.0280994
0.0714246
1.80851
0.396439
0.144697
0.0252853
0.143198
0.000706873
0.0176711
0.00487019
0.470607
0.00408927
0.00325995
0.0693185
0.09159
0.544126
0.0196177
0.0400134
0.0595886
0.639461
0.113172
0.22055
0.199601
0.689441
0.002353
0.00551243
0.00395496
0.00626423
0.172303
0.0131006
0.0204794
0.0636119
0.647641
0.046088
2.83658
0.35717
0.0274284
1.80087
0.00589359
0.00475221
0.112003
2.91281
0.137746
0.0304579
0.0200652
0.430429
0.4793
2.40866
0.843874
0.0296203
2.50625
0.00171594
0.0311771
0.0114044
0.00346199
0.068332
0.18773
0.00074487
0.272433
0.0240156
0.0156628
0.070773
0.0543534
0.0157048
0.0162989
0.0151752
0.0459728
0.628554
0.0366457
0.197224
1.02085
0.296757
0.0385799
0.355983
0.063804
0.130919
0.0044322
2.91191
0.0319012
0.00681793
0.0448439
0.077359
0.0259967
0.103994
0.000745506
0.00424796
0.0499476
0.156143
0.0254705
1.4904
0.0202754
0.0451935
0.197498
0.0284537
0.0249157
0.0398414
0.0235554
0.000523022
0.212853
0.0711346
0.000560683
0.378655
0.148631
0.628492
0.0959288
0.147619
0.0125152
0.753951
0.113819
4.93527
0.239016
0.00403889
0.185598
0.00347621
0.00261176
0.00891253
0.168348
0.0517168
0.290805
0.269296
0.00592679
0.198643
0.618368
0.0448447
0.040201
0.00651598
0.00439874
2.72243
0.000828999
0.143506
0.0102687
0.0870562
0.128159
0.00496464
0.00624496
0.0014291
0.00112675
0.00773287
0.00180591
0.00538643
0.00156894
0.00168425
0.0149799
0.0112054
0.0250517
0.00374926
0.0122169
0.00498955
0.00879762
0.0137956
0.00400216
0.00580245
0.0056751
0.329597
0.0039875
0.00230856
0.00670218
0.0242289
0.00255494
0.0702248
0.0228103
0.0122984
0.193608
0.00616876
0.0208808
0.0054934
0.0133557
0.017446
0.170894
0.197364
0.00342669
0.00514785
0.00470475
0.147698
0.00282404
0.0189823
0.0322087
0.0129652
0.00453879
0.0249761
0.0064605
0.0046722
0.00515149
0.526772
1.85641
0.0638841
0.0130053
0.0593648
0.00304527
0.0911584
1.16382
0.00590384
0.723787
0.111375
0.0648945
0.0772848
0.0538418
0.17229
0.293917
0.107035
0.00906042
0.0107232
0.550597
0.295484
0.00760747
0.0184759
0.411527
0.00249953
0.404534
0.74057
0.0146041
0.0310486
0.0151
0.00633474
0.000670128
0.305346
0.000988677
0.183142
0.037315
0.0170121
0.0194918
0.0152466
0.0192117
0.00999293
0.29801
0.0834799
0.00151513
0.00478664
0.00336101
0.00168984
1.47784
0.00718885
0.0138533
0.187527
0.0097422
0.219445
0.19799
0.0015931
0.000580073
0.0697241
0.200792
0.0160296
0.00507233
3.242
0.0121793
0.00253572
0.0426948
0.0252839
0.0164772
0.0145538
0.00646358
0.0421529
0.01806
0.0961333
0.00852624
0.0553306
0.0529506
0.00565644
0.0557063
0.398066
0.36009
0.0408299
0.0991354
0.0213553
0.0142549
1.1324
0.0366138
0.0965622
0.0974454
0.00116621
0.0428346
0.215136
0.306271
0.0138236
0.00581472
0.0029485
0.0856897
0.00865674
0.127747
0.10404
1.30925
0.330008
0.0217743
0.0670654
0.000752009
0.00788431
0.388729
0.0929111
0.120413
0.136314
0.0183961
0.0533936
0.594414
0.078393
0.0474873
0.00709859
0.0100607
0.0134708
0.0675529
0.0055278
0.0289243
0.148944
0.151485
0.0123054
0.0938355
0.00196834
0.11762
0.289382
0.00196365
0.00111889
0.129569
0.337038
0.000965046
0.155382
0.072299
0.438463
0.0362457
0.0770091
0.0101727
0.00272414
0.0144729
0.334196
0.0990462
0.0754576
0.504324
0.0158808
0.158763
0.0349233
0.0214464
0.00632222
0.0024728
0.8311
0.0467977
0.0775009
0.224707
0.196112
0.151455
0.00284942
0.00367431
0.0143033
0.0161213
0.131349
0.234111
0.0926651
0.00378711
0.0825708
0.505286
0.0592225
0.171203
0.0105341
0.0480622
1.49198
0.787339
0.142804
0.0755494
0.576582
0.0415911
0.00265537
0.137827
0.00129039
0.00286252
0.09121
0.00834492
0.055512
0.161694
0.139188
0.00196743
0.00983332
0.1167
0.187383
0.111415
0.0693988
0.0136999
0.745975
0.0312915
0.01325
0.0410593
0.00552194
0.0177998
0.00199433
0.0159833
0.0255951
0.211653
0.0149475
0.0023451
0.13803
0.0258183
0.0353893
0.0119166
0.0337237
0.192405
0.17583
0.0154344
0.18996
1.70322
1.23695
0.107466
0.039978
0.0246874
0.0319963
0.378804
2.88141
0.161023
0.139642
0.0356162
0.0569309
0.00374836
0.307081
0.0945726
0.123362
0.0719581
0.0380964
0.443687
0.338887
0.0110506
0.0130463
0.381385
0.42722
0.594372
0.190873
1.49582
0.0321533
0.0124754
0.0418279
1.26302
0.448686
0.0136513
0.112019
0.0750936
0.00765219
0.0204826
0.533223
0.0417601
0.285133
1.59438
0.189173
1.02051
0.00913525
0.2086
3.73908
0.550831
0.158591
3.30042
0.0108676
0.121144
0.0454108
0.21374
0.936414
0.027117
0.0776433
0.0428519
0.737734
0.0941974
0.0277588
0.00724374
0.148205
0.32685
0.0522301
0.405973
0.00239872
0.00136828
0.0439265
0.00335595
0.183451
1.44168
0.0608137
0.935734
1.01444
0.00315484
0.0891897
0.087949
0.207063
0.0589991
0.0199449
0.0459474
0.0839097
0.00184948
1.33008
0.819109
0.18984
0.609996
0.0742404
0.277144
0.201622
0.227779
0.00711192
0.0951711
0.511141
0.00882993
0.34238
0.219441
0.0713778
0.160371
1.64682
0.740452
0.0491722
0.0628814
1.30197
0.02061
0.0382331
0.218031
0.222992
0.000819758
0.254672
0.0134844
0.0295853
0.0796846
0.00655872
0.0798436
0.0442946
0.168917
0.00900693
0.046173
0.00507896
0.0253496
0.00631029
0.543371
0.386842
0.0611195
0.0276557
0.035432
0.0498143
0.26504
0.0149077
0.00503545
0.55713
0.336189
0.00860784
0.248853
0.0102273
0.0067856
0.00319241
0.0523034
0.108341
0.0191734
0.00981406
0.0435243
0.00614326
0.108689
0.465121
0.275078
0.0178859
0.0337725
0.65588
0.0584318
0.0360298
0.0539902
0.00261266
0.00169389
0.00843846
0.105981
0.67754
0.0620642
0.00178612
0.0977968
0.00554393
0.171118
0.548429
0.182973
1.2391
0.0840675
0.0110561
0.0595749
0.0683289
0.545874
0.0293754
0.131251
0.0200709
0.0070519
0.0040537
0.199573
0.0553435
0.00503099
0.0317395
0.203559
0.0245905
0.00439781
0.00459552
0.0411121
0.341019
0.152119
0.00340777
0.0185467
0.18095
0.0391735
0.0781793
1.44187
0.0336305
0.123716
0.00904995
0.0113543
0.0461036
0.00507835
1.76021
0.430002
0.247191
0.00657709
0.0931276
0.221295
0.0034023
0.372699
0.00160061
0.198052
0.215245
0.00218643
0.477921
0.00256484
0.15284
0.0487778
1.36031
0.0124279
0.00730497
0.0126977
0.0184226
0.0368536
0.00504755
0.197918
0.177928
0.600695
0.108803
0.0569335
0.111406
0.294236
0.315064
1.66811
1.35199
0.0888081
0.0170763
0.0133828
0.00865184
0.196768
0.0138602
0.237278
0.152096
0.0137532
0.190714
0.0643438
0.291572
0.00308899
0.0937051
0.0122593
0.00516829
0.00408682
0.00867251
0.0373275
0.178675
0.0909538
0.0913931
0.284995
1.14732
0.0922638
0.400228
0.00778702
0.0156175
0.00182451
0.16292
0.070592
0.00327269
0.277359
0.0117629
0.0122814
0.0342991
0.0934885
0.0125074
0.0457296
0.418797
0.157538
0.00200975
0.0548056
0.183998
0.43446
0.207299
0.0338255
0.320167
0.237879
0.0333824
0.21901
0.034768
0.00825606
0.17748
0.106839
0.502034
0.0264183
0.40167
0.955186
0.0444661
0.38096
0.161247
3.55834
0.340866
0.162636
0.00406678
0.196859
0.50053
0.251586
0.110576
0.18135
0.335594
0.000332192
0.00907881
0.208038
0.104601
1.15777
0.019943
0.177052
0.256597
0.613864
0.365466
0.0052945
0.0318698
0.0878569
0.195838
0.312563
0.436743
0.0218627
0.0406893
0.0408417
0.0485449
0.172171
0.0666982
0.0419813
0.7741
0.0107526
0.00160316
0.00535
0.156236
0.028709
0.029643
0.820685
0.00499319
0.251293
0.00146431
0.205033
0.275073
0.129929
0.0304729
0.00289423
0.100901
0.332622
0.104405
0.132865
0.0134413
0.287714
0.037633
1.24837
0.0908836
0.0172379
0.440188
0.00316127
0.117091
0.0288903
0.0103445
0.0243976
0.303808
0.562464
0.0125516
0.198066
0.0850297
0.0627841
0.0846315
0.36871
0.606154
0.287259
0.00202729
0.184148
0.00985326
0.0765134
0.295459
0.262209
0.255418
0.163801
0.439292
0.00172088
0.00307613
0.0511005
0.0912219
0.38149
0.00480604
0.133313
0.00912263
0.0574726
0.152927
0.00900848
0.188491
0.1811
1.55377
0.203641
0.006262
0.00131939
0.118787
0.174876
0.00656967
0.0824438
0.212036
0.0474175
0.00074066
0.0123842
0.0668763
0.00352078
0.0862721
0.0208528
0.0920827
0.00534736
0.0300648
0.563542
0.770484
0.0119828
0.193729
0.142608
0.00711897
0.00141215
0.048035
0.173615
0.229992
0.366075
0.20276
0.0241103
0.00497029
0.00309444
0.0101997
0.00204915
0.230006
0.291036
0.0173898
0.0900123
0.0538411
0.245783
0.000702822
0.26623
0.105866
0.0455902
0.399403
0.0063444
0.0113164
0.155836
0.954757
0.00176221
0.551497
0.00626259
0.0122769
0.0111552
0.127801
2.6873
0.129283
0.00595428
1.38152
0.18524
0.141414
0.0110318
0.225517
0.00233455
0.289423
0.106702
0.00118447
0.172642
0.102783
0.129055
0.254499
0.00256602
0.0144846
0.00529836
0.0809149
0.535672
0.0965271
0.0139757
0.136885
0.180941
0.0175987
0.0458533
0.106834
0.551604
0.0498874
0.018138
0.658609
0.00598099
0.0127361
0.0115543
0.361814
0.620751
0.0414628
0.00800288
0.0473723
0.366191
0.127816
0.03004
0.0657797
0.029486
0.149107
0.00755914
0.110135
0.0246529
0.00209066
0.00092138
0.0368536
0.0150492
0.140908
0.243339
0.823838
0.496115
0.0240077
0.00193475
0.00858192
0.0124403
0.0232031
1.58927
0.0016738
0.00770345
0.470693
0.00579212
0.0135523
0.044593
0.530236
0.00576064
0.0132284
0.0917332
0.972435
0.0116809
0.0682367
0.0511102
0.0162877
0.0182624
1.84353
0.0560068
0.663036
0.316615
0.156558
0.0235894
1.74912
0.230442
0.0268957
0.504615
0.572471
0.0602324
0.804685
0.0526921
0.0136776
1.33248
0.0446415
0.00974932
0.000375499
0.211666
0.081121
0.172053
0.663682
2.38581
1.3076
0.583588
0.0440338
0.0756251
0.0640544
0.0537518
1.94744
1.27926
0.606875
0.0221177
0.29845
0.349357
0.166645
0.428905
0.189924
0.300791
0.00259674
0.0260062
0.0146083
0.0207576
0.234787
0.831837
0.00792311
0.432561
0.0453397
0.00904547
0.0127025
0.0636185
0.0356686
0.312386
3.28592
0.00463055
0.00328274
0.0587502
1.50076
0.353033
1.31143
0.0802816
0.0339037
0.598042
0.00178709
6.23735
0.130151
0.0307939
0.763608
0.509551
0.245567
0.00124619
0.0490348
0.00225259
0.152253
0.0756208
0.00515549
0.279805
0.048904
0.226142
0.0467193
0.014698
0.413836
0.133604
0.00210314
0.00334851
0.0054257
0.379318
0.0102249
0.0185389
0.00929031
0.0337938
0.19365
0.000828656
0.00586545
1.7644
0.00384016
0.417231
0.00356064
0.0053689
0.0451309
0.144264
0.0289907
0.0737585
0.00621833
1.41147
2.70095
0.208332
0.00769442
1.50008
0.00214168
0.00721553
0.00584525
0.00459618
0.0641396
0.746809
2.27911
0.0226205
0.0490915
2.15321
0.703607
0.00174244
1.17358
0.00513619
0.0332444
0.0693071
0.00304987
0.00340059
0.0261377
0.0217897
1.29842
0.0105123
0.00663492
0.0291056
0.318722
0.00441318
0.0278407
0.0115505
0.0305571
0.0283695
0.0478875
0.0892561
0.0172107
0.0206319
0.000475635
0.0057197
0.064049
1.15201
0.00587027
0.0150142
0.125815
0.00320094
0.417036
0.0084726
0.017494
0.101721
0.00685641
0.00524069
0.000745054
0.00733197
0.195993
0.0440806
0.769385
0.00213846
0.0800019
0.0147063
0.000806825
0.00182467
0.0343577
0.00111545
0.601015
0.00350914
0.00287303
2.25215
0.141954
0.00267791
0.185815
0.0171193
0.024956
0.0210084
0.0685422
0.0482936
0.0041041
0.0801433
0.412123
0.511286
0.00832364
0.00102527
0.00126108
0.200201
0.013059
0.0181914
0.250405
0.0905328
0.00108076
0.00107152
0.358699
0.00223776
0.00232216
0.01345
0.00405694
0.330787
0.338118
0.130597
0.157933
0.00534687
0.0165271
0.632727
0.00713667
0.0262598
0.00914946
0.00277171
0.000477635
0.0136782
0.023875
0.0305965
0.0325103
0.0033034
0.0112797
0.00490136
0.0210262
0.00875647
0.0626784
0.0128983
0.00780163
0.00176351
0.0120598
0.00681393
0.00392182
0.00359829
0.000535921
0.00505433
0.004692
0.044731
0.00318534
0.272818
0.00416714
0.0833525
0.0106935
0.00141253
0.0051113
0.0907917
0.00527386
0.182328
0.513708
0.418573
0.0503402
0.00835757
0.0458751
0.00663763
0.262844
0.019901
0.0437106
0.00831325
0.00439926
0.0100469
0.0183617
0.00164348
0.00980994
0.296604
0.0139182
0.0276322
0.0374047
0.0188763
0.0155337
0.0264449
0.0193112
0.0164932
0.0256728
0.0202146
0.019532
1.43011
0.0201296
0.0121632
0.0170686
0.0170775
0.0265051
0.0156183
0.0302853
0.000788963
0.0060027
0.0205031
0.0240839
0.0184045
0.0193663
0.024118
0.0190859
0.0149374
0.0180218
0.039476
0.0112739
0.0390671
0.0166673
0.0226144
0.0157758
0.0265037
0.0153999
0.0209886
0.0797622
0.0148606
0.0170332
1.34523
0.0206831
0.023705
0.0150224
0.0139228
0.013245
0.0169205
0.026913
0.0139301
0.0145145
0.0333597
0.0245978
0.0149287
0.0250998
0.0351291
0.0142483
0.0254047
0.0251759
0.0205709
0.020474
0.0134349
0.0223075
0.0132275
0.0268634
0.0270844
0.0116851
0.0147344
0.024413
0.0410054
0.019255
0.015775
0.01434
0.0299629
0.0220864
0.0233083
0.0230288
0.0244541
0.0233193
0.0206649
0.0136302
0.0155841
0.0367305
0.0212256
0.00658113
0.0164651
0.0246163
0.0222737
0.00226065
0.0213759
0.0126141
0.00881295
0.022408
0.0360926
0.0216239
0.0242505
0.0179079
0.0301786
0.010645
0.0191443
0.0110288
0.027651
0.0149517
0.0236074
0.0400457
0.0282244
0.0182655
0.0196107
0.0191224
0.000710807
0.0183574
1.09171
0.0158942
0.0228412
0.00433804
0.0225343
0.0210265
0.0212606
0.013348
0.00431392
0.0179658
0.00573434
0.0038714
0.0228714
0.00392574
0.034657
0.0222583
0.0170305
1.07065
0.0107388
0.0190158
0.00710086
0.0180682
0.0159118
0.0224924
0.0179229
0.0053549
0.00202831
0.0349498
0.00241782
0.0117673
0.00154108
0.00340354
0.00489392
0.0489951
0.0142611
0.0459074
0.00108918
0.0273711
1.31894
0.0380899
0.0276017
0.0372688
0.00682779
0.00984308
0.00430607
0.819484
0.236042
0.527804
0.542653
0.721863
0.0890642
0.112838
0.0230424
0.193403
0.0599666
0.0195909
0.0197721
0.955393
0.921533
0.000420322
0.261683
0.898228
0.321365
0.310832
0.163512
0.354473
0.080674
1.29008
0.87931
0.418818
0.137482
0.00771211
0.0879084
0.166898
0.00191971
0.0519602
0.425983
0.0563023
0.0725152
0.0505932
0.576119
0.0345365
0.432727
0.294893
0.205378
0.00330652
0.117286
0.171626
0.0209158
0.0284187
0.0226929
0.00538149
0.00173322
1.1964
1.65573
0.273392
0.0106675
0.013557
0.462452
0.000689359
0.00248564
0.00821633
0.01826
1.03883
0.564211
0.480268
0.300368
0.624906
0.206734
0.017786
1.12479
0.00870281
0.0084261
0.529245
0.00835184
0.0980542
0.0428433
0.167351
0.0395166
0.0123986
0.00684466
0.291882
0.0158879
0.01165
0.114802
0.1017
0.0639147
0.0293097
0.00208301
0.0326352
0.0154415
0.0413787
0.0478175
0.0412344
0.564432
0.246979
0.22204
0.437411
0.00661722
2.42339
0.0079571
0.0284869
0.0375707
0.116225
0.144816
0.0589831
0.00329281
0.311021
0.0266393
0.110558
0.0275324
0.0261159
0.118554
0.0280969
0.881144
0.0113207
0.0219828
0.00943673
0.0144867
0.0367315
0.47631
0.00880029
0.0913109
1.81196
0.19419
0.0342104
0.0311595
2.80494
0.222995
0.116675
0.00969945
0.00558507
0.0406887
0.0606892
0.0670961
0.28172
1.90814
0.0048505
0.0330588
0.0333253
0.174075
0.00580787
0.127364
0.335641
0.0361945
0.0169307
0.0525751
3.34242
0.272609
0.0634965
2.20222
0.00313771
0.259208
0.0587005
0.0156256
0.00547712
0.0385608
1.83815
0.166067
0.0585474
0.00219533
0.00937563
0.0982754
0.0952398
0.0555403
0.00433627
0.415922
0.0650434
0.677341
0.302979
0.186728
0.112689
0.00175184
0.334183
0.385567
0.0219237
0.0199046
0.805349
0.0358665
0.190273
0.00803015
0.0310997
0.0118906
0.0482252
0.0388777
0.410503
0.559968
0.0463005
0.226706
0.192514
0.199082
0.0279524
0.00756912
0.0161535
0.154775
0.022434
0.260386
0.227406
0.00298641
0.139984
0.180071
0.070036
0.0132277
0.00522654
0.0976034
0.00436316
0.0273498
0.566054
0.181957
0.911633
0.454024
0.130087
0.0624412
0.00488274
0.0149766
0.37249
0.107259
0.0164009
0.2595
0.010391
0.23156
0.00278344
0.0160333
0.23244
0.0646371
0.437806
0.0762081
0.00825479
0.0764292
0.00147505
0.0668276
0.0381613
0.0858853
2.40219
0.00698233
0.00446812
0.537446
0.0033602
0.00049552
0.00242293
0.00342982
0.103117
0.476763
0.141844
0.0770436
0.0337031
0.151846
0.00824107
1.16395
0.0354587
0.0660808
0.286001
0.00709256
0.610687
0.00840344
0.0438927
1.14023
0.0119525
0.222651
0.666019
0.281498
0.004802
0.0143839
0.0344781
0.106536
0.197913
0.189735
0.0214094
0.00194938
0.438019
0.0125977
0.290834
0.0197402
0.0110217
0.185162
0.0844071
0.742987
0.0500962
0.171631
2.52399
0.0532022
0.012157
0.0452812
0.0495125
0.0131426
1.42258
0.241253
0.298452
0.0684423
0.196006
0.318093
0.0844745
0.486424
1.98116
0.601224
1.56839
0.207558
0.106491
0.496751
0.128964
0.216082
3.04953
0.231749
0.0327644
0.469757
0.0523927
0.777108
0.0612322
0.110054
0.217922
0.223313
0.0337093
0.414234
0.0391856
0.0194041
0.0046317
0.021696
0.149407
0.00666364
0.126593
0.000991085
0.138597
1.19551
0.098733
0.13329
0.204951
0.00332309
0.00360801
0.00761126
0.0333099
0.247341
0.610698
0.0439351
0.00671722
0.0564267
0.00410804
0.00310752
0.0100904
0.00107693
0.00744879
0.00359643
0.0162969
0.0120481
0.186049
0.0100702
0.288226
0.151269
0.0282107
0.133887
0.603708
0.0147756
0.0190216
0.0383157
0.0980952
0.100398
0.104748
0.150844
0.730656
0.00124276
0.232267
0.0520811
0.0453599
0.0790406
0.19532
4.46788
0.0373829
0.372882
1.53355
0.160507
0.0821045
0.625415
0.0194956
0.0652062
0.293172
0.0247438
0.0926442
0.00801189
1.7175
0.143175
0.00593399
0.113196
0.127659
0.0338675
0.0236526
0.0235908
0.192341
0.840732
0.0204215
0.733651
0.0354927
0.124604
0.326248
0.0703675
0.0812386
0.0112681
0.167949
0.00665787
0.187747
0.0344011
0.0181569
0.0842282
0.0182779
0.0120121
0.423639
0.0152906
0.00266795
0.00476765
0.00221188
0.0126678
0.00108681
0.12586
0.00937432
0.153151
0.053879
0.48438
0.787618
0.0676482
0.302616
0.135249
0.219215
0.948587
0.134491
0.141894
0.138132
0.0649446
0.00155637
0.0104967
0.0703256
0.00592317
0.00178307
0.00987679
0.355524
0.0147075
0.00259807
0.100461
0.225828
0.00800272
0.00315437
0.0216128
0.0028053
0.301652
0.000668963
0.118098
0.125457
0.00489501
0.0277653
0.152191
0.274703
0.00367965
0.592211
0.00761124
0.0184194
0.0110311
0.0719738
0.198373
0.0916338
0.507556
0.152779
0.653262
0.00623537
0.123327
0.319158
0.0046968
0.592169
0.218546
0.0022435
0.132221
0.0096939
0.00718154
0.186304
0.0541646
0.0352631
0.00660727
0.00448453
0.953239
0.155263
0.279325
0.00104292
0.0499996
0.00265876
0.0027919
0.0561832
0.00232264
0.573298
0.0019506
0.0979389
0.430762
0.00189553
0.0312516
0.48607
1.33114
0.330012
0.0267511
0.51256
0.360087
0.282593
0.18232
0.153105
0.190871
1.37964
0.394627
0.0873976
0.218736
0.59687
0.00355001
0.17141
0.282107
0.692333
0.0395927
0.024508
2.45878
2.44147
0.929527
0.496531
0.00133147
0.574132
0.367069
0.0226358
0.100525
0.0058623
1.54403
0.152219
0.0308049
0.528894
0.0321695
0.26851
0.026547
0.0150551
1.34366
0.113273
1.64824
0.00189732
0.41169
0.0367411
1.30437
0.321146
0.126183
0.128094
3.16965
0.280513
0.207186
0.58896
0.744999
0.0106809
0.0042175
0.607784
0.0493406
0.205976
0.0862061
0.0251899
0.200019
0.615471
0.0662036
0.171911
0.138867
0.253069
1.30068
0.458518
0.0489507
0.729165
0.0238289
0.0358473
0.070887
0.00350661
0.0283035
0.14615
0.247573
0.013164
0.0924748
0.121934
0.471338
0.564041
0.344266
0.109171
0.197821
0.105831
0.874704
0.0415503
2.157
0.0500654
0.00791838
1.99854
0.00122789
0.231883
0.563628
0.546055
2.55896
0.368351
0.0389953
0.0786093
0.0738029
0.0204393
0.000660842
0.491687
0.00523221
0.582696
0.025679
0.0391545
0.0134151
0.00591501
0.0205391
0.00323259
0.0860094
0.00435104
0.0977654
0.75823
0.0103516
0.424872
0.012681
0.364048
0.666903
0.00807043
0.0436554
0.103796
0.190363
0.154534
0.110029
0.0720805
0.0844217
0.0161396
0.00168137
0.0469838
0.00150465
0.0430929
0.697364
0.00487665
0.075932
0.00548398
0.14187
0.165758
0.0302469
0.06653
0.0532018
0.0226491
0.017447
0.0227268
0.0324346
0.00726111
0.121487
0.0360491
0.00188419
0.012281
0.0819916
0.0214035
0.0879142
0.00830644
0.00133291
0.106108
0.0887154
0.113126
0.00106416
0.00792664
0.00198346
0.710763
0.00935589
0.00188402
0.0157793
0.0973744
0.0274953
0.149638
0.0960159
0.0137693
0.0410109
0.0509913
0.0607405
0.0117235
0.605396
0.064069
0.33447
0.0126783
1.71118
0.054653
0.00530081
0.014952
0.0100856
0.119774
0.00754505
0.402546
0.0155378
0.012269
1.88672
0.0119596
0.0103021
0.00774547
0.00562667
0.260401
0.0251294
0.0779656
0.155839
0.165162
0.0144138
0.0101666
0.0109042
0.228417
0.0158079
0.328192
0.010502
0.131835
0.00342045
0.00500098
0.0102637
0.000803074
0.0038767
0.0347411
0.00323776
0.0256917
0.0160709
0.0146354
0.0217945
0.0603601
0.00640292
0.0477328
0.00681786
0.00276235
0.00624182
0.00854845
0.00159821
0.00251859
0.0139494
0.00171099
0.00494198
0.0385527
0.00330359
0.0275385
0.0132607
0.023157
0.0526876
0.0798275
0.00970535
0.00944244
0.21703
0.0024841
0.0480918
0.294152
0.00625105
0.119373
5.68715e-05
0.00623286
0.0174748
0.117449
0.402788
0.629639
1.32843
0.0280149
0.00374687
0.0103445
0.182272
0.0740383
0.00488499
0.0056016
0.0375305
0.164169
0.00969317
0.0986964
0.116906
0.178521
0.00538594
0.00911095
0.146982
0.078703
0.00721108
0.140222
0.00325365
0.0699317
0.00845972
0.0050276
0.00307721
0.00790669
0.134532
0.102397
0.142609
0.675779
0.000168963
0.00944207
0.0016579
0.0205281
0.0113051
0.0939938
0.00525335
0.10623
0.02718
0.0824772
0.420691
1.0741
0.100917
1.58511
0.448334
0.708078
0.0356746
0.0295055
0.120751
0.165042
0.707839
1.27679
0.193248
0.726927
1.08258
0.465169
0.00552278
0.765615
0.160617
0.138214
0.173837
0.675597
0.0727228
0.0667701
0.0114874
0.0868414
0.257589
1.86159
0.0322076
0.0409942
0.0530078
0.0197674
0.831247
0.9549
0.235453
0.0897707
0.75696
1.02233
0.0132995
0.135869
0.231533
0.0012551
0.248868
0.0250718
0.00206061
0.000959271
0.00183137
0.0651005
0.0162559
0.0924299
0.00120946
0.0385755
0.00192986
0.106613
0.00131969
0.274348
0.0239986
0.00733866
0.128467
0.0047724
0.00450727
0.397318
0.00211521
0.0564817
0.00218342
0.00845027
0.0258107
0.0701519
0.178049
0.005146
0.0153285
0.604718
0.340383
0.00438192
1.08463
0.248112
0.101437
0.0186911
0.0556562
0.0293922
0.0512
0.297303
1.49511
0.195976
0.0263718
0.10745
0.0225258
0.00120368
0.00679542
0.00589374
0.0465877
0.435324
0.180657
0.135817
0.0173666
0.257355
0.00141948
0.00195605
0.0401632
2.04398
0.00585644
0.0283997
0.00504899
0.101966
0.0199797
0.00566879
0.551979
0.00419865
0.00675868
0.00327454
0.878287
1.49203
0.0455077
0.0371178
0.210177
0.0133896
0.00779114
0.00499968
0.0216218
0.00820158
0.0214781
0.107008
0.00855408
0.0127685
0.0221117
0.559407
0.499658
0.104352
0.024112
0.00895605
0.00445346
0.0181526
0.0674093
0.00736426
0.57541
0.101711
0.208257
0.0518459
0.791357
0.0646635
0.155399
0.19449
0.606052
0.328122
0.529968
0.00692448
0.00263903
1.35119
0.340247
0.0352907
2.09487
0.0341694
0.286833
0.0508041
0.00659386
0.509072
0.011801
0.714421
0.00455619
0.0654268
0.130833
0.0500005
0.258971
0.302465
0.228241
0.152106
0.236435
0.0162232
0.185664
0.132866
0.0402106
0.0322143
0.356251
0.105946
0.00376821
0.134138
0.0450478
0.728004
0.0144724
0.178865
0.329979
0.177651
1.15125
0.157229
0.0118427
0.159059
2.2332
0.0757637
0.224108
2.34128
0.0782871
0.0193709
0.190297
0.0348901
0.231574
0.0512134
0.00390261
0.798024
0.00578702
0.080746
0.779839
0.00541943
0.0123762
0.0122021
0.0648126
0.0849554
0.0250065
0.047872
0.106348
0.14471
0.225573
0.0671467
0.0192144
2.06094
0.512235
0.181713
0.286732
0.039295
0.0593557
0.239207
0.582443
0.0860023
0.430586
0.0859248
0.867665
0.422128
0.00892695
1.43461
0.0752308
1.57669
0.00987261
0.264629
0.00608046
0.106896
1.18684
0.914172
0.189562
0.120279
0.904565
0.00030646
0.0299416
0.0152214
0.0275915
0.19457
0.0670459
0.246433
0.0365764
1.36569
0.0469325
0.0043458
0.0200593
0.658647
0.000419324
0.00248629
0.0802903
1.84069
0.0689211
0.0487215
0.014794
0.00724792
0.00786733
0.00563292
0.0684161
0.00539735
0.0786146
0.0098522
0.0197299
0.344558
0.725966
0.766227
0.0540454
0.0868326
0.259462
0.210723
0.765899
0.00496651
0.809259
0.00499816
0.0241935
0.00508135
0.0397469
0.00227648
0.298449
0.747203
0.00257776
0.00325784
0.153559
0.793257
0.247215
1.81387
0.0257814
0.237309
0.0367689
0.406723
0.00186871
0.00423336
0.10523
0.0545184
0.652191
0.0307087
0.230974
0.395725
1.03562
0.00353121
0.337984
0.10225
0.000462312
0.0181944
0.0485031
0.120413
0.158129
0.00663573
0.0265407
0.041857
0.0602352
0.367022
0.144287
0.538807
0.0902351
0.0740894
0.582933
1.15191
0.0029952
0.00340798
0.129996
0.0327379
0.193377
0.95841
0.338662
0.0440108
0.382918
0.361436
0.0601452
0.375058
0.0943356
0.0448674
0.0227477
0.020375
0.255156
0.334063
0.00189694
1.17083
0.0615402
0.0513663
1.51362
1.70629
0.0339126
0.023296
0.0775957
1.7758
0.596947
0.00989072
1.39014
0.0324611
0.242426
1.10049
0.654136
0.109791
0.0990725
0.260921
0.602608
0.842864
0.0256226
0.43798
1.2797
0.431444
0.158203
0.125802
0.0086429
0.0634342
0.0212653
0.084866
0.0440859
0.13929
0.340843
0.0679808
0.791159
0.00671101
0.231939
0.254766
0.0485311
0.0808146
0.247192
0.246793
0.0554075
0.11044
0.203541
0.207899
0.363707
0.00454618
0.293216
0.00359848
0.112013
0.332882
0.0820398
0.127474
2.11972
0.00384679
0.114061
0.108124
0.0167459
0.0924036
0.361378
0.0442504
0.150209
0.646228
4.10201
0.00736988
0.148497
0.0092133
0.00076277
1.77652
0.0330093
1.36875
0.0387169
0.815965
0.0543335
0.025544
0.00278024
2.30606
0.291148
0.0232294
0.0440559
0.116678
0.15455
0.000813916
0.220332
0.0688678
0.126742
0.0311744
0.205577
0.107163
0.127628
0.149543
0.0273661
1.2846
1.04352
0.0165641
0.292396
0.0110353
0.0214984
0.4525
0.0174849
0.075272
0.795735
0.507074
0.023139
4.05946
0.207868
0.231087
0.00776088
1.67774
0.0348591
0.0214488
0.170436
0.0381981
0.263262
0.0213302
0.975523
0.677193
0.20037
1.27295
0.430594
0.0488142
0.409208
0.326016
0.00999347
1.00644
0.491898
0.492136
1.07768
0.0842361
0.40177
0.0182135
0.361391
0.21459
0.0647554
2.81071
0.593836
0.0698772
0.031508
0.0512604
0.464427
0.181171
0.00127503
0.000852817
0.00533564
0.23723
0.00605366
0.083928
0.00715003
0.00819245
0.0046037
0.0148659
0.128184
0.196263
0.121542
0.620509
0.00407144
0.213633
0.0229612
0.0266109
0.0103384
1.29316
0.0211437
0.329143
0.353513
0.0910141
0.792922
0.012422
0.0175793
0.0408049
0.162741
0.152359
0.286128
0.01897
0.641823
0.115124
0.0628119
0.0341898
0.0619981
0.131239
1.4676
0.0528476
0.408732
0.268973
0.463975
1.11383
0.41224
0.128989
0.317643
0.0259699
0.010972
0.141995
0.0192994
0.132001
0.245844
0.00389561
0.0242759
0.0242068
0.223557
0.0645458
0.208692
0.00515083
0.00129517
0.946188
0.00154866
0.566335
0.0303316
0.0871686
0.415441
0.347854
0.531363
0.00461794
1.65218
0.0109634
0.00198021
1.18377
0.210077
0.00328262
0.102303
0.00244052
0.160967
0.0585323
0.123997
0.361573
0.513871
0.0669104
0.109281
0.31369
0.0496486
0.275234
0.0141261
0.0172863
0.064558
0.0533698
0.879268
0.551624
0.0126284
0.109204
0.313216
0.0112725
0.637664
0.02076
0.503361
0.029406
0.00116681
3.37315
0.781858
0.140761
0.449515
0.205104
0.00677556
0.420775
0.863131
1.77828
0.00389441
0.307146
0.122151
0.10261
0.102415
1.29686
0.0546415
0.109198
0.289837
0.0309358
0.0167579
0.0102813
0.0416091
0.713849
0.110346
1.04384
0.0904207
0.503506
0.0623979
0.84097
0.0182629
0.187956
0.299978
0.00591418
0.64102
0.212533
0.228806
0.0502555
0.121516
0.00139008
0.0549135
0.131175
0.193499
0.248623
0.127085
0.027669
0.140597
0.240334
0.0617499
0.0438602
0.700902
0.305953
0.0450854
0.239022
3.83294
0.0105378
0.0402917
0.0148519
0.00953659
0.0161674
0.157836
0.024297
0.220782
0.0305051
0.0464298
0.195922
0.0213102
0.0457351
0.904878
0.305438
0.0328871
0.128391
0.119822
0.294224
0.000875119
0.0781632
0.144514
0.0444976
0.524708
0.246262
0.000365618
0.486132
0.0500567
0.0254456
0.394186
0.265001
0.929401
0.0954725
2.34564
2.36849
0.437266
0.0681647
0.00152629
1.97252
0.567834
0.0327332
0.227619
1.65814
0.50751
0.0135149
0.300232
0.503813
0.335394
0.0451631
0.192775
0.00577936
0.610705
0.424054
0.0533405
0.0120914
0.919364
0.140018
0.0966504
0.0684085
0.00711715
0.205013
0.13483
0.00969039
0.00388513
0.559799
0.226001
0.00245028
0.0662467
0.00323617
0.00530614
0.0768195
0.0704168
0.0399558
0.592934
0.152621
0.0992756
0.00325684
0.126564
0.119592
0.00595783
0.16431
0.00277512
1.41737
0.241147
0.014768
0.573747
0.116671
1.07423
0.119115
0.375685
0.400272
0.0163044
0.192838
1.58232
0.0964256
0.127393
1.36872
0.0687765
1.26491
1.80895
0.00968548
0.018921
0.0307627
0.326274
0.00616203
0.0188894
1.87224
0.000686211
0.267247
0.00620713
0.170013
0.0391895
0.363361
0.054835
0.0122935
0.00527683
0.499673
0.0549866
2.31753
0.0202827
0.0208924
1.35819
0.140451
0.435966
0.100713
0.0635331
0.117853
0.563339
1.06584
0.0679927
0.994773
0.0888408
0.150222
0.205541
0.322378
0.512193
0.0370317
0.0106588
0.00946455
1.39886
0.0493851
0.358364
0.0172166
0.0060797
0.484628
1.00718
0.013631
0.0622856
0.00821367
0.00299329
0.00208402
0.0456927
0.010328
0.0165158
0.00281647
0.659755
0.0121035
0.0181717
0.181476
0.0373581
0.0100282
0.0457424
0.356785
0.0472282
0.194716
0.00388013
0.0460089
0.813642
0.00510972
0.00693942
0.516833
0.00253329
0.00566471
0.0996233
0.0449572
0.862843
0.305061
2.75152
0.445943
0.220628
0.606882
0.0480159
0.0549982
0.125698
0.108836
0.00125568
0.00487751
0.135178
0.00774588
0.828351
0.124186
0.851732
0.0292281
0.0754087
0.130354
0.0186972
0.172404
0.0347078
0.159443
0.289291
0.0303983
0.166783
0.00514551
0.00397331
0.00455162
0.121411
0.531543
0.209921
0.017044
0.0477702
0.00838279
0.0585369
0.00192962
0.0674684
0.0051953
0.222355
0.0673783
0.626082
0.0547097
3.39402
0.0821113
0.196407
0.0264843
0.000411162
0.095379
0.00300185
0.00244378
1.82522
0.00443325
0.00794009
0.038931
0.000700651
0.0140892
0.00559874
0.177602
0.0240811
0.24492
0.001267
4.54349
0.0548673
0.30914
0.211085
0.00512075
0.497522
0.0128285
0.00198353
0.0186654
0.0455478
0.00634144
0.359583
0.00935233
0.00107071
0.715275
0.943837
0.0871728
0.0073064
0.0245228
0.422865
0.401343
0.167453
0.126171
0.494505
0.0100182
0.0759648
0.00514535
0.00587295
0.10607
0.0102771
0.0114587
0.0116386
0.0967632
0.0974849
0.168669
0.0026602
0.778659
0.0952587
0.0139529
0.0349049
0.802983
0.0338841
0.0237863
0.0208289
0.23634
0.597341
0.530298
0.0880043
0.173604
1.1004
0.164945
0.00379818
0.125019
0.166001
0.699842
0.874719
0.126518
0.00474915
0.0568336
0.0874943
0.0220955
0.273288
0.3201
0.529281
0.0225478
0.408474
0.630353
0.675458
0.0368651
0.522778
0.0712946
0.16026
0.118985
0.223589
0.0908244
0.0023188
0.312326
0.288836
0.149908
0.0596115
0.0492908
0.0265667
0.0423043
0.194561
0.241031
0.00370514
0.00703277
0.0312539
0.278694
0.00528562
0.0723343
0.0759258
0.587222
0.00490588
0.410279
0.00173885
0.0170673
0.262655
0.678747
0.0760235
0.00861642
0.260581
0.505778
0.506847
0.143245
0.272579
0.220965
0.00230838
0.0165335
0.0959882
0.0429695
0.00230655
0.969998
0.308082
0.00520194
0.00118563
0.0507172
0.141805
0.135326
0.0841154
0.27664
0.0226651
0.00256209
0.0051014
0.0341907
0.275014
0.113621
0.832284
0.0303641
0.600586
0.488062
0.212437
0.560811
0.168147
0.301394
0.537049
0.755726
0.204488
0.411673
0.237931
0.0358722
0.385655
0.223055
0.110286
0.00625622
0.020593
0.418477
2.58713
0.361702
0.0834385
3.69514
0.183266
0.0784571
0.352694
0.210508
1.28678
0.0271971
0.589073
0.118357
0.198414
2.55527
0.477925
0.00425081
0.836839
0.303918
0.490905
0.00940734
0.208778
0.00192491
0.00742492
0.748169
0.23932
0.0879401
0.00283014
2.14327
0.202041
0.248566
0.131012
0.133433
0.00104405
0.0476886
0.392247
2.31048
0.0515759
0.0175475
0.396303
0.0112238
0.217262
0.271758
0.0878877
0.0291249
0.0628521
0.130614
0.0743128
0.0916289
0.0985681
0.572219
0.117111
0.0542043
0.00441893
0.302003
0.0188606
0.122031
0.750332
0.983707
0.00676048
0.00688433
0.0161198
0.171208
0.373003
0.0648999
0.287206
0.597842
0.315443
0.00761969
0.0282584
0.00481676
0.0013026
0.0143927
0.134715
2.54898
0.0396411
0.0378298
0.00526709
0.211612
0.12172
0.611749
0.39738
0.00960467
0.853151
0.682595
0.715336
0.0259053
0.0227952
1.7031
1.02123
0.0119142
0.928585
0.0303349
0.113379
0.32124
0.00708251
0.586129
0.116655
0.0891232
3.15821
0.248444
3.01793
0.554025
0.0548612
0.0240048
0.22057
0.0237005
0.102087
0.505691
0.00137217
0.00248454
0.0232386
0.0586468
0.020493
0.144437
0.090316
0.254067
0.116915
0.0964683
0.0199073
0.00201474
0.0237799
0.301675
0.189857
0.190447
0.0030297
0.0957647
0.0123435
0.605061
0.00656034
0.161968
0.169086
0.112378
0.288992
0.0102394
0.0404103
0.00373792
0.171041
0.017243
0.047465
0.0447107
0.274397
0.0267267
0.00132225
0.0420819
0.00250213
0.0678677
0.486781
0.0614369
0.102523
0.138551
0.0633896
0.000240053
0.00393183
0.0127247
0.429908
0.00220419
0.0130838
0.0265472
0.404148
0.301402
0.00527349
0.00189887
0.528004
0.552622
0.00492671
0.0198114
0.0474198
0.533799
0.00806283
0.00209855
0.00501373
0.0077525
0.00398833
0.0107008
0.0969016
0.00568928
0.00692864
0.00131224
0.0464152
0.107726
0.0211445
0.0168515
0.0553924
1.78646
0.0837478
0.281264
0.194845
0.481027
0.121138
2.6378
0.630547
0.00305003
0.0289758
0.0107096
2.08723
0.188378
0.00997531
0.0344606
0.00249597
0.000772079
0.124408
0.0112644
0.0693619
0.0074666
0.00163072
0.0613369
0.00986319
0.00713945
0.171584
0.00535477
0.0319422
0.00451916
0.248549
0.0406407
0.434762
0.0550076
0.000893002
0.0149863
0.239201
0.00215226
0.227925
0.0100024
0.00730459
0.261959
0.019177
0.0649932
1.9834
0.0126084
0.0721508
0.0108391
0.00557563
0.0137934
0.0125276
0.0394959
0.00248513
0.100388
0.0484265
0.258255
0.939468
0.0131991
0.15984
0.0010483
0.0814227
0.0889908
0.848581
0.0426667
0.00944003
0.103219
0.55113
0.0205989
0.161139
2.77702
0.0121272
0.430844
0.164649
0.0273302
0.0148936
0.0156799
0.670019
0.695447
3.40206
0.00388869
0.0131758
0.000748755
0.0113725
0.0559102
0.0179197
0.137438
0.0413617
0.0182067
0.00102847
0.0228236
0.00120992
0.000327233
0.00690283
0.00010912
0.00684075
0.00224039
0.522757
0.00247492
0.943712
0.0159052
0.0155048
0.00452018
0.00644229
0.073025
0.0060624
1.1658
0.0364792
0.000638991
0.0099918
0.027332
0.0969355
0.00239259
0.00760969
0.0267592
0.0239872
0.371112
0.00109122
0.306157
0.180514
0.0021746
0.200634
0.00222252
0.014933
1.10029
0.409556
0.593001
0.0132913
0.000472627
0.10577
0.128808
0.0131106
0.026902
0.281781
0.000513233
0.107048
0.00751543
0.0495593
0.507127
0.529224
0.117485
0.224574
0.62286
0.173449
0.202562
0.0815576
0.307611
0.0760877
3.57929
1.11453
0.027572
0.0957241
0.00872678
0.149323
0.00361539
0.0208209
0.0993539
0.397982
1.49561
0.122363
0.0186845
0.113662
0.145555
0.260147
0.017794
1.96735
0.153244
0.00217804
0.0804869
0.0671076
0.148364
0.362948
0.0927096
0.00242176
0.299381
0.453373
0.122964
0.13913
0.292288
0.0422903
0.00645779
0.253414
0.00298486
0.00725131
0.334532
0.921521
0.431626
0.172822
0.00976653
0.222726
0.0234559
1.62961
0.580328
0.0774838
0.0322944
0.274895
0.101985
0.00706104
0.120898
0.104548
0.0941666
1.38092
0.199468
0.0743854
1.64335
0.182372
0.0080577
0.0158178
0.139967
0.829708
0.253663
0.00351889
1.79804
0.64864
0.178803
0.0547355
0.00578283
0.00975365
0.00141546
0.10274
0.839409
0.00236419
0.0949965
0.0741168
0.00719914
0.143781
0.00634082
0.27824
0.306273
0.0306661
0.332801
0.750898
0.323162
0.137367
0.191113
0.882033
0.0158595
0.116685
0.443052
0.0888001
0.0232681
0.0215784
0.0189319
0.00770655
1.52112
0.0227277
0.0985305
0.011157
0.00437211
0.6935
0.0130207
0.0709316
0.0384646
0.0588617
0.538592
0.558372
0.042002
0.076123
0.107674
0.117278
0.0412001
0.00214278
0.0158246
0.0180115
1.27115
0.0366823
0.00445896
0.00119859
0.538426
0.00496101
0.33177
0.08386
0.0101348
0.0301397
0.0213967
0.0161336
0.00931639
0.00075302
0.00771524
0.656717
0.149397
0.0385647
0.142031
0.338308
0.0088897
0.0414338
0.0836881
0.0855933
0.0111807
0.517545
0.0420579
0.365806
0.791047
0.0507928
0.820262
0.00579267
0.00292806
0.428077
0.00139639
0.711045
0.314503
0.0350684
2.35647
0.0110018
0.00382352
0.180482
0.128532
0.126363
0.0154013
0.171646
0.0592442
0.0416352
0.00971849
0.0618676
0.309094
0.230078
3.68561
0.0025648
0.00817814
0.0509521
0.0672948
0.462531
7.45308e-05
0.0378989
1.3853
0.0022454
0.0286355
0.127517
0.0111094
0.00473082
2.53396
0.0107864
0.347123
0.0264155
0.689919
0.00906874
0.0197194
0.00243549
0.813486
0.103857
3.35829
0.00602953
0.0150306
0.00735323
0.0400324
0.89691
0.40564
0.0275127
0.0102362
0.00163037
0.00885885
0.0349152
0.00186898
0.00279186
0.0472334
0.394549
1.39531
0.233538
0.0271714
0.0574292
0.0251407
0.016441
0.0364188
0.147756
0.0617649
0.00365238
0.337618
0.140137
0.271197
0.454304
0.00933044
0.00176295
0.0156895
0.0372209
0.408258
0.00170592
0.0921845
0.0544472
0.246149
0.5354
0.550568
0.0280525
0.0686309
0.0163507
0.0289829
0.00138107
0.226116
0.61864
0.000743273
0.0411503
0.308711
0.528986
0.407148
0.185787
0.437232
0.370645
0.00703409
0.00507227
0.528236
1.00886
0.0234645
0.621422
0.0168597
0.0938621
0.165924
0.0196148
0.549873
0.00678271
0.162048
0.668343
0.12779
0.0805841
0.127269
0.00339322
0.183817
0.0701206
0.0494686
0.0123918
0.367863
0.153422
0.00248062
0.162531
1.19996
0.00353388
0.0733607
1.68213
0.0162198
0.00867487
0.221993
0.0298886
0.220075
0.00846104
0.11997
1.60013
0.894791
0.136174
0.15888
0.00173026
0.316273
0.0763097
0.02956
0.00548597
0.016287
0.0280505
0.429083
0.0590794
0.544183
0.0355739
0.12083
0.00952928
0.219311
0.612877
0.258014
0.0201338
0.00723009
0.272321
0.113525
0.00429974
0.213944
0.679987
0.0289816
0.00682705
0.228969
0.0352083
0.160205
0.0796271
0.644073
0.57537
1.09127
1.29695
4.10645
0.00317745
0.23117
0.0529285
0.10881
0.0973397
0.0245524
0.01644
0.0349565
0.00571134
0.0375444
0.140849
0.0912646
1.60227
0.954402
0.990589
0.170523
0.134094
0.867409
0.182601
1.89542
0.068401
0.381301
0.0233958
0.10719
0.101788
0.132106
7.28461
0.150693
0.419492
0.71066
0.38038
0.144364
0.198895
0.00420996
0.798619
0.05831
2.07951
0.0983885
0.00159432
0.377905
0.147425
0.00120247
0.983089
0.0765638
0.00909535
1.74204
0.0527213
0.00904991
1.07845
0.728578
0.0236204
0.785831
0.00130166
0.197392
0.573919
0.194057
0.0385565
0.0554736
0.511288
0.0011034
0.0650618
0.112266
0.654544
0.0669366
2.00014
0.266485
0.270459
0.00483638
0.0333337
0.021878
0.0138972
0.00619816
0.0933643
0.501601
0.0011819
0.163959
0.161379
0.20171
0.135058
0.0480485
1.88898
0.0229954
0.407218
0.3128
0.0902713
0.185904
0.544445
0.236508
0.500192
0.760582
0.0419688
0.339142
0.00355774
3.73845
0.395526
0.885922
0.25851
0.0275519
0.171641
0.969801
0.249781
2.68754
0.207138
0.260586
0.119751
0.00287002
0.451666
0.048685
0.0828176
0.00316793
0.0135857
1.64479
0.19574
0.191167
0.00527748
3.93308
0.0181261
0.212272
0.296406
0.0646455
0.544505
0.141112
0.293215
0.341888
0.104475
0.00806761
0.72684
0.126804
0.0756875
0.217949
0.278198
0.144352
0.00326957
1.18318
0.0567862
0.247164
0.103692
0.104361
0.16056
0.305124
0.0149102
0.142691
0.0365383
0.0726534
1.67317
0.0875967
0.236105
0.0222353
0.089845
0.13636
0.0390534
0.0805724
0.144722
0.00139513
0.119778
0.0747104
0.0775637
0.0172347
0.550527
0.0336651
0.634681
0.0753745
0.988805
0.233106
0.0297731
0.0187161
0.00547764
0.135909
1.54354
0.360286
0.00182705
0.177873
0.227968
0.455665
0.100787
1.89112
0.0241117
0.0828359
0.270102
0.0131177
0.599498
0.033327
0.0172977
0.0883772
0.355511
0.134568
0.333679
1.33085
0.0721453
0.127802
0.0927105
0.00176791
0.0157644
0.00715851
0.219711
0.155388
0.114704
0.780066
0.0549915
1.77828
0.0644297
0.000565311
0.137292
0.000517359
0.536446
0.112318
0.190548
0.00394832
0.466775
0.00641977
0.041317
0.234423
0.290979
0.130128
0.167801
2.98487
0.916627
0.0252778
0.0280784
0.00895135
0.0142175
0.0884236
0.527896
0.00759718
0.191736
0.170262
0.0111695
0.0802579
0.279793
0.016054
0.014832
0.00352377
0.00888659
0.00963696
0.0207472
0.225839
0.0324575
0.0462677
0.00938207
0.0570581
0.00336648
0.00219915
0.00341649
0.0508252
2.59827
0.0447782
0.0590634
0.0310822
0.107228
0.00478179
0.0120649
0.0881054
0.000495599
0.0970184
0.116145
0.384282
0.0212109
0.0781689
0.0303284
0.0267093
0.0388387
0.715597
0.0108
0.0212703
0.476366
0.0222368
0.0052909
0.213461
0.0614875
0.285711
0.241368
0.0110927
0.0109946
0.0179237
0.101313
0.00516476
0.00632132
0.0220578
0.122573
0.00893174
0.233044
0.00965238
0.113163
0.0319097
0.0473851
0.0335303
0.100486
0.00521285
0.00348214
0.00649822
0.0452205
0.0466201
0.0673026
0.00852275
0.0670888
0.00355624
0.000639511
0.402263
0.00151891
0.00618094
0.0159205
0.49167
0.0725216
0.00301118
1.21093
0.424623
0.00558994
0.00108723
0.839748
0.0331789
0.0146382
1.83238
0.454931
0.341918
0.172091
0.162447
0.00846415
0.0215209
0.000407461
0.00772128
0.0026929
0.00960444
0.00434902
0.00276448
0.0011632
0.00685697
0.00115136
0.098217
0.0025659
0.00383989
0.00695529
0.0082816
0.0054038
0.0170475
1.65596
0.00362948
0.20963
0.0480289
0.00768359
0.00779499
0.0334561
0.0573865
0.0922983
0.0206787
0.030818
0.0206112
0.0327666
0.009112
0.00897633
0.125581
0.68122
0.0334846
0.181504
0.000875916
1.49386
0.22703
0.142987
0.0636535
0.18923
1.47289
0.0382037
0.083216
0.718848
0.433179
0.255656
0.0114232
1.2934
1.08794
0.191129
0.114825
0.00163062
0.0143044
0.420585
0.0382723
0.125296
0.185082
0.29552
0.288611
0.0418764
0.00724813
0.00994071
0.0808645
0.0312843
0.150572
0.309457
0.00122962
1.13753
1.38984
0.0438996
1.58374
0.17992
0.444507
0.072585
0.0972845
0.176679
0.0869282
0.719022
0.0174551
0.108095
0.0109274
1.97226
0.57698
0.525063
0.189953
0.0358709
0.157382
0.178723
0.0362451
0.246411
0.360882
0.0672303
0.12083
0.440677
0.0636584
0.30098
0.163538
0.036212
1.11558
0.353955
0.210606
0.0162165
0.045282
0.0677263
0.0133712
0.00202183
2.24992
0.0624122
0.64298
0.258587
0.0119833
0.110566
0.00639583
0.0564771
0.192202
0.316305
0.104049
0.00523528
0.0269509
0.0168626
0.920841
0.0119412
0.162179
0.0537862
0.128221
0.254032
1.37482
0.00278574
0.00251594
0.171985
0.034459
0.0624631
0.291906
0.0167181
0.0275696
1.05155
0.000756001
0.0249951
0.134944
0.16037
0.0285916
0.0713017
0.159016
0.316741
0.10346
0.950554
0.135058
0.153034
0.0856639
0.729418
0.187002
0.0535629
0.00236376
0.0904674
0.0190106
0.193398
0.666497
0.0226318
0.835543
0.0364123
0.0863808
0.0172187
0.0259859
0.21377
0.170728
0.00372334
0.851905
0.227301
0.916895
0.279879
0.823456
0.135068
0.0260963
0.238804
0.29129
0.0328004
0.0032481
0.392684
0.369625
0.0879971
0.105666
0.0654951
0.0206286
0.570558
0.208875
0.13858
0.320301
0.114269
0.0985842
0.157261
0.00117646
0.156547
0.00885919
0.127005
0.238469
0.367586
0.00290988
0.000944053
0.245887
0.00473529
0.337065
0.0558092
0.307416
0.178805
0.231923
0.148999
0.0415749
0.0271988
0.656181
0.00847978
0.0103381
0.197714
1.08183
0.0215361
0.0115685
0.0443077
0.399768
0.136687
0.0388903
0.136779
0.534646
0.113875
0.00776009
0.261902
0.203653
0.0130963
2.14246
0.375573
0.296936
0.0742123
0.108391
0.749419
0.181353
0.00210832
0.00472213
0.000618574
0.0116187
0.726678
0.0562284
0.418493
0.0681042
0.225953
0.0864654
0.126302
0.201864
0.228835
2.7648
1.20661
0.0313845
0.472345
0.150536
0.456445
0.068351
0.131956
0.0207823
0.0159116
0.724898
0.348088
1.19009
0.263375
0.119719
0.0765173
0.0982065
0.237792
0.228668
0.000510496
0.191103
0.109692
0.0656762
0.472753
0.440997
0.235173
1.21615
1.72562
0.244715
0.00404983
0.165594
0.833703
0.0194668
0.0277372
0.403566
0.537316
0.0751718
0.360262
0.0237059
0.0295206
0.00946743
0.0909858
0.10687
0.186189
0.0267377
0.0101701
0.0991471
0.0505741
0.252017
0.320866
0.0527174
0.0226074
0.40608
0.288397
0.202201
0.32859
0.149162
0.142776
1.14582
0.147362
0.206287
0.0347447
0.00261113
0.382456
0.07236
1.07858
0.0260496
0.000973731
1.75977
0.160059
0.0647493
0.286888
0.0065936
0.0523277
0.0650388
0.16773
0.0771007
0.115943
0.111154
0.0964122
0.516866
0.0405058
0.0364219
1.48279
1.1603
0.0158276
0.00049902
0.204821
0.00718066
0.22868
0.0547678
0.187448
0.186325
1.24484
0.237025
0.0433794
0.0435174
0.000995878
0.0134587
0.329758
0.577901
0.0456779
0.151956
0.0403859
0.29785
0.473082
0.492277
0.0565444
0.00783925
0.0465321
0.00818267
0.0163366
0.314755
0.0279061
0.301199
0.135416
0.00379969
0.185253
0.00229579
0.0033074
0.0371433
0.0552774
0.78404
0.0598943
0.0117678
0.15253
0.00328783
0.00131046
0.202723
0.968835
0.0104644
0.679704
0.0477663
0.150808
0.992664
0.00885234
0.318368
0.325747
0.0101781
0.21969
0.00344618
0.0462122
0.568772
1.81521
0.0239452
0.00134568
0.00619289
0.739219
0.00734172
0.00558287
0.0704516
0.220043
0.0428741
0.0119457
0.603441
0.244222
1.09297
0.820127
0.0044637
0.148624
0.372529
0.0303629
0.104023
0.114937
1.25543
0.0173542
0.0287265
0.0600194
0.176544
0.118326
0.0275228
0.00522771
0.0356773
0.152962
0.186306
0.0123593
0.0112544
0.223641
0.0297692
0.208596
0.499234
0.16001
0.188071
0.207494
0.193851
0.0160125
0.737481
0.663262
0.2207
0.273638
0.0923723
0.270196
0.390726
0.019938
0.0249019
0.245335
0.0015367
0.315305
0.00333242
0.0942905
0.430729
0.114473
0.00748282
0.00385961
0.0905088
0.0169841
0.0497373
0.175718
0.00895429
0.253161
0.00731486
0.117338
0.0106752
0.21354
0.00739364
0.437781
0.270903
2.40782
0.170667
0.0921316
0.0758239
0.503288
0.0142266
0.0587076
0.108916
0.614201
0.590029
0.102002
0.0282563
0.153243
0.0900882
0.0205175
0.0214052
0.110489
0.0349177
0.0160797
0.0667561
0.0627165
0.00170591
0.281385
2.35288
0.904249
0.0855657
0.129128
0.435751
0.219427
0.246825
0.4542
0.000989828
0.225355
0.00844926
0.0113657
0.0160043
0.0038298
0.00648294
0.43449
0.435027
0.0109587
0.00654079
0.110308
0.00804511
0.0088738
0.109591
0.00275415
0.296326
0.00187279
0.0377551
0.183005
0.0236809
0.126579
0.00197562
0.0199824
0.103627
0.387974
0.143818
0.561116
0.000280637
0.0663482
0.0371027
0.0113576
0.0660797
0.106016
0.0270629
0.367916
0.203635
0.154407
0.0204574
0.0257457
0.0246285
0.116006
0.041364
0.00240352
0.186452
0.174924
0.0616574
0.079947
0.00610467
0.0148399
1.2441
0.0311444
0.0723249
0.036044
0.451254
0.0274788
0.350693
0.00630093
0.485075
0.005034
0.00979662
0.00704578
0.722227
0.506614
0.000664875
0.0350408
0.505335
0.00165294
0.617341
0.561578
0.106635
0.558818
0.0213684
0.010276
0.214631
0.0212011
0.582097
0.0113193
0.292724
0.134819
0.220187
0.0555884
0.462637
0.166828
2.10866
0.301501
0.00507117
0.507259
0.816399
0.0816793
2.03129
0.0151332
0.959858
1.83571
0.0380227
0.0491182
0.256115
0.0273834
0.0977202
0.182118
0.539803
4.78425
0.0803449
0.00347769
0.459399
0.349392
0.492301
0.0728255
0.198727
0.021626
0.000585115
0.483249
0.127047
0.0265246
2.70007
0.0110832
1.31116
2.21012
0.500152
0.159826
0.522207
0.520505
0.298762
0.513381
0.226377
1.54134
0.0858442
1.18277
0.000845818
0.000452738
0.309952
0.684341
0.0414726
0.283961
0.0115283
0.248999
0.119405
0.0678737
0.132737
0.739145
0.0999792
0.360583
0.0322582
0.0024486
0.0551423
0.180872
1.00109
2.4666
0.0105728
0.0128832
0.0338993
0.0395469
0.5445
0.0298797
0.246218
0.070519
0.0426218
0.101028
0.151551
0.801811
0.447829
0.104503
0.106044
0.274316
0.409484
0.0248024
0.0148978
0.0455255
0.252922
0.186963
1.0058
0.325836
0.10424
0.238727
0.226513
0.271298
0.122344
0.288985
0.163424
0.151459
0.155241
0.0133274
0.0537921
0.373101
0.578927
0.0617147
0.00414801
0.0218162
0.119705
0.75363
0.00145941
0.00297229
0.0073473
0.0104941
0.0117149
0.102621
0.0152423
0.0330325
0.374543
0.00364709
0.0736642
0.905547
0.0240699
0.00402936
2.2239
0.300744
0.602792
0.908074
1.71488
0.0494827
0.00167721
0.00348982
0.0108885
0.807212
0.0605029
0.0283225
0.161997
0.00294846
0.0415175
0.00757222
0.00226508
0.0345241
2.64611
0.3528
0.0767996
0.00610742
0.179462
0.579272
0.0892668
0.150088
0.00151071
0.0181853
2.65937
0.321279
0.061476
0.0141091
0.0518783
0.354347
0.00414504
0.595671
0.202776
0.111329
0.0165427
0.801279
3.16404
0.00363892
0.0846078
0.0241774
0.00250545
0.201577
0.21813
0.0257951
0.0624534
0.0815746
0.122791
0.0404237
0.433785
0.0096392
0.020135
0.241566
0.149037
0.147144
0.0483975
0.052671
0.291005
0.141484
0.131385
0.00367654
0.39872
0.00340252
0.518048
0.0288265
0.0290478
0.0725375
0.00762266
0.0148871
0.0177708
0.0729728
0.00477222
0.727703
0.380474
0.295013
0.749132
0.488215
0.486651
0.220037
0.110209
0.00518986
0.00383743
1.24061
3.41964
0.335929
0.160396
0.259888
1.49064
0.0238542
0.185543
0.0391869
0.112192
0.909027
0.0496484
0.183603
0.0453753
0.108052
0.151494
0.198495
0.0764219
0.467191
0.0580258
0.0155071
0.0698077
0.683549
0.706278
0.733236
0.0172342
0.0297879
0.0532447
0.307557
0.165968
0.593113
0.146914
0.451743
0.336853
0.240223
0.342723
0.768982
0.138151
0.00733737
0.00219447
0.261028
0.0414292
0.26087
0.108442
0.12825
0.111143
4.35055e-05
0.155006
0.0134198
0.101672
0.00505332
0.0819936
0.108528
0.00067973
0.073948
0.316841
0.503729
0.00288128
0.225384
0.00704222
0.000420047
0.131533
0.931418
0.186872
0.034784
0.00185234
0.00654068
0.063596
0.193972
0.00947207
0.00556962
0.0290761
0.0466416
0.0152658
0.007415
0.0470505
0.34355
0.0187755
0.175074
0.00428865
0.0362071
0.188304
0.0236974
0.15967
0.121297
1.16482
0.0870928
0.168068
0.00817371
0.221639
0.0882645
0.0267446
0.182796
0.114213
0.000676477
0.0895896
0.00726226
0.0171082
0.0894478
0.585997
0.650241
0.0314932
0.0285239
0.141246
0.00383158
0.00188982
0.0638184
0.0739677
0.173164
0.00845065
0.00266878
1.57406
0.0108649
0.0104171
0.00724978
0.0206944
0.0498086
0.0772857
0.149667
0.0196351
0.00276802
0.0348135
0.0380554
0.136993
0.0279042
0.0525074
0.120399
0.12294
0.184122
0.00712276
0.0264149
0.0130721
0.00393509
0.177357
0.0447334
0.0581183
0.0988985
0.00230133
0.0125552
0.0595014
0.00905906
0.243856
0.361486
0.0137567
0.0049639
0.00131918
0.0933212
0.041108
0.0111746
1.65853
0.134756
0.0161637
0.0403441
3.13543
0.00245468
0.00705118
0.0145778
0.0638606
0.272507
0.0254681
0.000764932
0.00320414
0.00060431
0.1173
0.0208636
0.178357
0.536739
0.170654
0.163609
0.00548316
0.0154379
0.0106401
0.621062
0.0732314
0.0180115
0.013087
0.00474594
0.055044
0.00548881
0.00350013
0.00644249
0.00940592
0.0285913
0.283545
0.151786
0.00130059
0.0242976
0.01634
4.10752
0.0312433
0.00112672
0.0182083
0.0966869
0.0170533
0.643814
0.00659316
0.00758035
0.199117
0.00235921
0.0145409
0.024904
0.0018455
0.0875074
0.0062797
0.0189006
1.76341
0.357375
0.00458978
0.00404917
0.00762178
0.0363563
0.00831743
0.0223677
0.0253175
0.0018925
0.00274991
0.00120821
0.00245369
0.144701
0.47118
0.0149246
0.00556538
0.00388857
0.0123959
0.335327
0.0230192
0.0200027
0.0048749
0.029448
0.00162561
0.0078075
0.0113446
0.214803
0.244566
0.00632148
0.00221793
0.0149249
0.0631137
0.102399
0.0382671
0.0195756
0.158286
0.484112
0.0158747
0.0681397
0.0205404
0.0625656
0.0081062
0.0183424
0.0131131
0.0299221
0.309168
0.894484
0.0153287
0.0243168
0.338522
0.0160994
0.0557214
0.0231663
0.483293
0.492207
0.408572
0.00405891
0.121626
3.29878
0.0994944
0.0377494
2.97881e-05
0.843188
0.0438235
0.000313761
0.0291844
0.00447562
0.0127635
2.06605
0.402835
0.0222585
0.0688234
0.0266744
0.0229601
0.00779286
0.162541
0.332138
0.665744
0.214465
0.18593
0.0657299
0.0865223
0.00935116
0.00820199
0.0499045
0.068432
0.0841141
0.146074
0.00470253
0.0354642
0.158058
0.0191972
0.0101859
0.0664494
1.93046
0.188806
0.000888637
0.00508355
0.257471
0.309844
0.0342077
0.479115
0.00647524
0.307225
0.0679506
0.064711
0.0649256
1.04162
0.0144783
0.00663352
0.00238651
0.00718776
0.469275
0.612405
0.00824875
0.0388475
0.0964798
0.187346
0.406643
0.0115236
0.55476
0.0950429
1.75543
0.031033
0.00606835
0.017573
2.2102
1.35772
0.00600248
0.201454
0.379917
0.0187237
0.00762058
0.000328334
0.00510469
0.0206754
0.0720696
0.0573027
0.00265526
0.0692991
1.31747
0.0241494
0.338049
0.196681
0.150645
0.5752
0.335265
0.0055461
2.08197
0.00631268
0.112041
0.0981824
0.183577
0.0358539
0.088859
0.0356331
0.0546869
0.0154358
2.55167
0.148061
0.879015
0.134432
0.276544
0.0748968
0.494309
0.146573
0.00283365
0.178935
0.11533
0.0142972
0.236459
0.152855
0.0257062
1.10416
0.174685
0.00809927
0.0943749
0.0166437
0.011692
0.110472
0.00495298
0.340886
0.00527819
1.25667
0.163825
0.48792
0.0367761
0.0288503
0.291706
0.154211
0.584609
0.00127302
0.0565249
0.902399
0.15095
0.0096394
0.271397
0.364124
0.102181
0.131529
0.00320642
0.0107983
0.31952
0.137959
0.324856
0.0872947
0.0646718
0.0697715
0.00774076
1.32566
0.0130117
0.435865
0.00828234
0.128167
0.0542868
0.102012
1.63215
0.0138071
0.0351736
0.00407846
0.719526
1.31043
0.0264241
1.42412
0.0871155
0.282826
0.133369
0.00230466
1.16765
0.0901786
0.210655
0.156296
0.220608
1.70523
0.0298832
0.00359564
1.35242
0.147317
0.0367114
0.022868
1.41731
0.0173558
0.0596159
0.0498435
0.174065
0.167974
0.0718956
0.792585
0.0837657
0.354958
1.75213
1.89555
0.0536865
0.59362
0.080523
0.00825277
0.115303
0.0247303
0.039714
1.13629
0.0522166
0.129038
0.258681
0.139484
0.146445
0.0844096
0.708286
0.220007
0.101582
0.0179361
0.0783483
0.267086
0.02797
0.0208378
0.00474104
0.00874791
0.00842984
0.0693435
0.334402
0.257965
0.325774
0.0803516
0.0094824
0.207486
0.230772
0.050481
0.0853075
0.190052
0.531868
0.0194798
2.02218
0.385767
0.0469599
1.10795
0.580228
0.34945
0.390049
1.81267
1.01927
0.718519
0.319286
0.307962
2.78246
0.624482
0.00337707
0.0717687
0.00845498
0.480484
0.378861
0.96333
0.0050239
0.00424355
0.348119
0.00289688
0.0329575
0.193625
0.0225111
0.988821
0.116341
0.0878726
0.60412
0.0396962
1.94132
0.0046087
0.215076
0.141745
0.312857
0.459909
0.140698
0.0135846
0.00935421
0.0491156
0.446477
0.00177206
0.251611
0.0336405
0.200592
0.00479369
0.24798
0.832392
0.247184
0.0668449
0.0128898
3.19047
0.0590416
0.0116532
0.245008
0.888869
2.28509
0.0726328
0.0728522
0.0931329
0.230022
0.543851
0.262145
0.45012
0.713234
2.43499
0.118069
0.00185465
0.00442528
0.0311407
0.432725
0.0050677
0.559786
0.00690719
0.0382999
0.331524
0.000778649
0.0251244
0.143261
0.00285847
0.175549
0.0931839
0.33836
0.00333891
0.267288
0.10594
0.012931
1.09923
0.761939
0.0310851
0.0170285
1.11262
0.116659
0.162211
0.0953895
0.857564
0.376017
0.116459
0.0238232
0.308213
0.0128524
0.207379
0.334773
0.0177259
0.711956
0.441789
0.00378502
0.17984
0.726926
0.0687259
0.0415808
0.402819
0.127273
0.10241
0.861543
0.112822
0.107379
0.13853
0.136804
0.05197
0.102121
0.0175104
2.92801
0.05442
0.0884145
0.0843749
0.00511907
0.503508
0.324887
0.0133277
0.0811893
0.183503
0.679669
2.80199
0.00907963
0.000415705
0.0205532
0.112694
0.00607235
0.0133688
0.450579
0.0595701
2.01454
0.0795657
0.132616
0.257468
0.00956014
0.193642
0.177026
0.0537962
0.00475253
0.228432
3.0247
0.0122908
1.19056
0.0164574
0.0258427
0.344321
0.00117067
0.199606
0.000778909
0.00500056
1.83863
0.0304764
0.136122
0.228379
0.149452
0.110619
0.157875
0.159266
0.0389433
0.0145515
0.599162
0.220227
0.0472584
0.250344
0.063812
0.865512
0.109002
0.499104
0.118088
0.603436
0.00912774
3.21477
0.00612927
0.00381549
0.555083
0.0177959
0.244516
0.0218912
0.0159133
0.0567611
0.26396
0.0836704
0.0887591
0.00343271
0.0191925
0.0270711
0.0253442
0.00593506
0.0361487
0.0709677
0.00392452
0.0404893
0.00372352
0.246027
0.0119277
1.35061
0.151398
0.00417749
0.019039
0.316058
0.185016
0.0129871
0.0755528
0.00680209
0.015766
0.00189238
0.0377743
0.037683
0.0709654
0.0619745
0.0323093
0.368607
0.00958677
0.07363
0.310576
0.066965
0.0974302
0.127494
0.00126721
0.0278837
0.0290034
0.273748
0.0285798
0.0558752
0.00857193
0.0860708
0.0367033
0.815328
0.00495052
0.36089
0.025017
0.140136
0.18481
0.613857
2.40967
0.896663
0.559069
0.00336188
0.599806
0.458662
0.00490707
0.21314
0.484091
0.00557832
0.000633496
0.262405
0.395286
0.004435
0.133752
0.239065
0.193078
0.0291571
0.266823
0.0282486
0.174184
0.00263965
0.0225561
0.0215199
0.00398782
0.066794
0.305723
0.00232322
0.042597
0.179548
0.060672
0.00195897
0.0542212
0.204208
0.165763
4.41192
1.79167
0.0829962
0.00153489
0.195532
0.185141
1.58395
0.619444
0.547334
0.120026
0.312982
0.0265147
0.967512
0.00388915
0.239985
0.0513505
0.282728
1.01753
0.0688934
0.0160615
0.00273941
0.00495285
0.01087
0.0188113
0.0361665
0.002557
0.0574327
0.347879
0.359692
0.382648
0.18333
0.370628
0.0227033
0.0114526
0.0277705
0.0212985
0.168939
0.00603234
0.00141451
0.165645
0.140905
0.28625
0.0679781
0.321793
0.0387055
0.224573
0.49914
0.165079
0.00415057
0.0867014
0.177525
0.0734094
0.0114712
0.0785651
0.115246
2.91218
0.0329478
0.00903794
0.0181959
0.0280331
0.43711
0.165204
0.0561112
0.598791
0.292706
0.0152869
0.0432871
0.0863426
0.000516983
0.3229
0.186751
0.364471
0.0424255
0.0685034
0.00310766
0.60386
0.00363958
0.0542949
0.0920856
0.0330227
0.631775
0.0351441
0.0858266
0.16944
0.460913
0.704785
0.00398918
0.1466
0.0202389
0.660381
0.0101523
0.0779704
0.359063
0.0119669
